PdfType: replica
Format: lhagrid1
---
1.00000E-06 1.28121E-06 1.64152E-06 2.10317E-06 2.69463E-06 3.45242E-06 4.42329E-06 5.66715E-06 7.26076E-06 9.30241E-06 1.19180E-05 1.52689E-05 1.95617E-05 2.50609E-05 3.21053E-05 4.11287E-05 5.26863E-05 6.74889E-05 8.64459E-05 1.10720E-04 1.41800E-04 1.81585E-04 2.32503E-04 2.97652E-04 3.80981E-04 4.87518E-04 6.26039E-04 8.00452E-04 1.02297E-03 1.30657E-03 1.66759E-03 2.12729E-03 2.71054E-03 3.44865E-03 4.37927E-03 5.54908E-03 7.01192E-03 8.83064E-03 1.10763E-02 1.38266E-02 1.71641E-02 2.11717E-02 2.59364E-02 3.15062E-02 3.79623E-02 4.53425E-02 5.36750E-02 6.29705E-02 7.32221E-02 8.44039E-02 9.64793E-02 1.09332E-01 1.23067E-01 1.37507E-01 1.52639E-01 1.68416E-01 1.84794E-01 2.01731E-01 2.19016E-01 2.36948E-01 2.55242E-01 2.73927E-01 2.92954E-01 3.12340E-01 3.32036E-01 3.52019E-01 3.72282E-01 3.92772E-01 4.13533E-01 4.34326E-01 4.55495E-01 4.76836E-01 4.98342E-01 5.20006E-01 5.41818E-01 5.63773E-01 5.85861E-01 6.08077E-01 6.30459E-01 6.52800E-01 6.75387E-01 6.98063E-01 7.20830E-01 7.43683E-01 7.66623E-01 7.89636E-01 8.12791E-01 8.35940E-01 8.59175E-01 8.82485E-01 9.05866E-01 9.29311E-01 9.52817E-01 9.76387E-01 1.00000E+00 
1.14018E+00 1.22539E+00 1.32482E+00 1.44156E+00 1.57954E+00 1.74381E+00 1.94091E+00 2.12132E+00 2.17945E+00 2.49622E+00 2.89383E+00 3.39925E+00 4.05063E+00 4.90286E+00 6.03623E+00 7.57063E+00 9.68869E+00 1.26749E+01 1.69835E+01 2.33578E+01 3.30501E+01 4.82334E+01 7.28041E+01 1.13998E+02 1.85779E+02 3.16228E+02 
908 909 
-1.14113E-04 -6.22019E-05 
-1.16717E-04 -6.37445E-05 
-1.20230E-04 -6.71789E-05 
-1.23210E-04 -6.93433E-05 
-1.26402E-04 -7.17215E-05 
-1.29855E-04 -7.43687E-05 
-1.33635E-04 -7.73472E-05 
-1.36838E-04 -7.99218E-05 
-1.37827E-04 -8.07244E-05 
-1.42932E-04 -8.48963E-05 
-1.48806E-04 -8.97123E-05 
-1.55647E-04 -9.52730E-05 
-1.63698E-04 -1.01681E-04 
-1.75791E-04 -1.08910E-04 
-1.89107E-04 -1.17602E-04 
-2.04822E-04 -1.27463E-04 
-2.23399E-04 -1.38618E-04 
-2.45391E-04 -1.51204E-04 
-2.71511E-04 -1.65402E-04 
-3.02841E-04 -1.81553E-04 
-3.41663E-04 -2.00605E-04 
-3.94273E-04 -2.25613E-04 
-4.77131E-04 -2.64726E-04 
-6.13834E-04 -3.28529E-04 
-7.98299E-04 -4.10360E-04 
-9.87877E-04 -4.85993E-04 
-1.26043E-04 -6.61293E-05 
-1.28813E-04 -6.79191E-05 
-1.32733E-04 -7.18600E-05 
-1.35987E-04 -7.43243E-05 
-1.39483E-04 -7.70274E-05 
-1.43280E-04 -8.00301E-05 
-1.47456E-04 -8.33991E-05 
-1.51008E-04 -8.63025E-05 
-1.52108E-04 -8.72061E-05 
-1.57798E-04 -9.18892E-05 
-1.64370E-04 -9.72693E-05 
-1.72047E-04 -1.03449E-04 
-1.81095E-04 -1.10529E-04 
-1.94503E-04 -1.18301E-04 
-2.09335E-04 -1.27719E-04 
-2.26815E-04 -1.38354E-04 
-2.47439E-04 -1.50327E-04 
-2.71801E-04 -1.63768E-04 
-3.00661E-04 -1.78852E-04 
-3.35186E-04 -1.95923E-04 
-3.77853E-04 -2.15974E-04 
-4.35558E-04 -2.42238E-04 
-5.26351E-04 -2.83351E-04 
-6.76001E-04 -3.50414E-04 
-8.77415E-04 -4.36034E-04 
-1.08340E-03 -5.14323E-04 
-1.37577E-04 -7.16231E-05 
-1.40589E-04 -7.36436E-05 
-1.45071E-04 -7.80582E-05 
-1.48683E-04 -8.08108E-05 
-1.52572E-04 -8.38292E-05 
-1.56809E-04 -8.71789E-05 
-1.61483E-04 -9.09314E-05 
-1.65471E-04 -9.41592E-05 
-1.66707E-04 -9.51623E-05 
-1.73115E-04 -1.00351E-04 
-1.80530E-04 -1.06289E-04 
-1.89202E-04 -1.13080E-04 
-1.99423E-04 -1.20823E-04 
-2.14323E-04 -1.29091E-04 
-2.30876E-04 -1.39207E-04 
-2.50342E-04 -1.50583E-04 
-2.73252E-04 -1.63331E-04 
-3.00241E-04 -1.77575E-04 
-3.32118E-04 -1.93480E-04 
-3.70136E-04 -2.11392E-04 
-4.16979E-04 -2.32347E-04 
-4.80183E-04 -2.59761E-04 
-5.79510E-04 -3.02760E-04 
-7.43044E-04 -3.72937E-04 
-9.62566E-04 -4.62099E-04 
-1.18596E-03 -5.42658E-04 
-1.49280E-04 -7.84843E-05 
-1.52613E-04 -8.07104E-05 
-1.57802E-04 -8.55663E-05 
-1.61860E-04 -8.85876E-05 
-1.66237E-04 -9.19036E-05 
-1.71013E-04 -9.55850E-05 
-1.76293E-04 -9.97075E-05 
-1.80804E-04 -1.03250E-04 
-1.82204E-04 -1.04350E-04 
-1.89465E-04 -1.10032E-04 
-1.97874E-04 -1.16515E-04 
-2.07706E-04 -1.23901E-04 
-2.19281E-04 -1.32289E-04 
-2.35847E-04 -1.40993E-04 
-2.54327E-04 -1.51771E-04 
-2.76001E-04 -1.63843E-04 
-3.01437E-04 -1.77313E-04 
-3.31309E-04 -1.92293E-04 
-3.66479E-04 -2.08939E-04 
-4.08284E-04 -2.27594E-04 
-4.59632E-04 -2.49334E-04 
-5.28744E-04 -2.77757E-04 
-6.37225E-04 -3.22468E-04 
-8.15632E-04 -3.95514E-04 
-1.05447E-03 -4.87845E-04 
-1.29628E-03 -5.70174E-04 
-1.61724E-04 -8.64449E-05 
-1.65454E-04 -8.88475E-05 
-1.71485E-04 -9.41155E-05 
-1.76077E-04 -9.73819E-05 
-1.81033E-04 -1.00975E-04 
-1.86447E-04 -1.04969E-04 
-1.92439E-04 -1.09445E-04 
-1.97562E-04 -1.13290E-04 
-1.99153E-04 -1.14483E-04 
-2.07404E-04 -1.20642E-04 
-2.16956E-04 -1.27652E-04 
-2.28113E-04 -1.35615E-04 
-2.41223E-04 -1.44622E-04 
-2.59623E-04 -1.53694E-04 
-2.80233E-04 -1.65089E-04 
-3.04335E-04 -1.77804E-04 
-3.32533E-04 -1.91931E-04 
-3.65541E-04 -2.07568E-04 
-4.04271E-04 -2.24858E-04 
-4.50151E-04 -2.44139E-04 
-5.06322E-04 -2.66522E-04 
-5.81748E-04 -2.95778E-04 
-7.00012E-04 -3.41967E-04 
-8.94311E-04 -4.17531E-04 
-1.15370E-03 -5.12522E-04 
-1.41491E-03 -5.96000E-04 
-1.75429E-04 -9.52229E-05 
-1.79625E-04 -9.77723E-05 
-1.86624E-04 -1.03426E-04 
-1.91833E-04 -1.06912E-04 
-1.97456E-04 -1.10759E-04 
-2.03603E-04 -1.15047E-04 
-2.10409E-04 -1.19859E-04 
-2.16231E-04 -1.23993E-04 
-2.18039E-04 -1.25276E-04 
-2.27414E-04 -1.31892E-04 
-2.38259E-04 -1.39410E-04 
-2.50905E-04 -1.47924E-04 
-2.65730E-04 -1.57521E-04 
-2.86123E-04 -1.66885E-04 
-3.09063E-04 -1.78843E-04 
-3.35807E-04 -1.92137E-04 
-3.66997E-04 -2.06844E-04 
-4.03385E-04 -2.23046E-04 
-4.45935E-04 -2.40866E-04 
-4.96166E-04 -2.60634E-04 
-5.57469E-04 -2.83491E-04 
-6.39603E-04 -3.13366E-04 
-7.68281E-04 -3.60734E-04 
-9.79502E-04 -4.38355E-04 
-1.26067E-03 -5.35355E-04 
-1.54221E-03 -6.19236E-04 
-1.90827E-04 -1.04554E-04 
-1.95553E-04 -1.07221E-04 
-2.03637E-04 -1.13234E-04 
-2.09541E-04 -1.16913E-04 
-2.15914E-04 -1.20992E-04 
-2.22884E-04 -1.25553E-04 
-2.30605E-04 -1.30680E-04 
-2.37210E-04 -1.35090E-04 
-2.39261E-04 -1.36459E-04 
-2.49892E-04 -1.43512E-04 
-2.62176E-04 -1.51513E-04 
-2.76474E-04 -1.60549E-04 
-2.93192E-04 -1.70698E-04 
-3.15728E-04 -1.80265E-04 
-3.41192E-04 -1.92724E-04 
-3.70789E-04 -2.06521E-04 
-4.05194E-04 -2.21718E-04 
-4.45200E-04 -2.38373E-04 
-4.91819E-04 -2.56590E-04 
-5.46664E-04 -2.76683E-04 
-6.13391E-04 -2.99814E-04 
-7.02612E-04 -3.30052E-04 
-8.42320E-04 -3.78228E-04 
-1.07148E-03 -4.57327E-04 
-1.37563E-03 -5.55535E-04 
-1.67839E-03 -6.38937E-04 
-2.08257E-04 -1.14208E-04 
-2.13567E-04 -1.16962E-04 
-2.22855E-04 -1.23302E-04 
-2.29525E-04 -1.27147E-04 
-2.36728E-04 -1.31432E-04 
-2.44608E-04 -1.36244E-04 
-2.53340E-04 -1.41667E-04 
-2.60811E-04 -1.46336E-04 
-2.63131E-04 -1.47785E-04 
-2.75148E-04 -1.55250E-04 
-2.89017E-04 -1.63703E-04 
-3.05128E-04 -1.73224E-04 
-3.23918E-04 -1.83878E-04 
-3.48739E-04 -1.93545E-04 
-3.76916E-04 -2.06430E-04 
-4.09569E-04 -2.20641E-04 
-4.47407E-04 -2.36218E-04 
-4.91258E-04 -2.53196E-04 
-5.42182E-04 -2.71651E-04 
-6.01891E-04 -2.91878E-04 
-6.74316E-04 -3.15050E-04 
-7.70980E-04 -3.45347E-04 
-9.22313E-04 -3.93884E-04 
-1.17041E-03 -4.73752E-04 
-1.49868E-03 -5.72204E-04 
-1.82344E-03 -6.54097E-04 
-2.27973E-04 -1.23985E-04 
-2.33915E-04 -1.26797E-04 
-2.44527E-04 -1.33418E-04 
-2.52032E-04 -1.37399E-04 
-2.60139E-04 -1.41864E-04 
-2.69013E-04 -1.46901E-04 
-2.78852E-04 -1.52594E-04 
-2.87270E-04 -1.57502E-04 
-2.89884E-04 -1.59025E-04 
-3.03418E-04 -1.66869E-04 
-3.19019E-04 -1.75736E-04 
-3.37106E-04 -1.85694E-04 
-3.58146E-04 -1.96793E-04 
-3.85382E-04 -2.06438E-04 
-4.16459E-04 -2.19658E-04 
-4.52366E-04 -2.34174E-04 
-4.93845E-04 -2.50001E-04 
-5.41759E-04 -2.67145E-04 
-5.97213E-04 -2.85650E-04 
-6.62016E-04 -3.05786E-04 
-7.40391E-04 -3.28724E-04 
-8.44827E-04 -3.58722E-04 
-1.00834E-03 -4.07087E-04 
-1.27630E-03 -4.86878E-04 
-1.62977E-03 -5.84431E-04 
-1.97721E-03 -6.63626E-04 
-2.50154E-04 -1.33714E-04 
-2.56771E-04 -1.36552E-04 
-2.68837E-04 -1.43386E-04 
-2.77239E-04 -1.47467E-04 
-2.86323E-04 -1.52080E-04 
-2.96275E-04 -1.57312E-04 
-3.07316E-04 -1.63244E-04 
-3.16764E-04 -1.68363E-04 
-3.19697E-04 -1.69953E-04 
-3.34880E-04 -1.78133E-04 
-3.52360E-04 -1.87363E-04 
-3.72587E-04 -1.97694E-04 
-3.96055E-04 -2.09161E-04 
-4.25829E-04 -2.18639E-04 
-4.59986E-04 -2.32083E-04 
-4.99338E-04 -2.46773E-04 
-5.44659E-04 -2.62693E-04 
-5.96840E-04 -2.79815E-04 
-6.57032E-04 -2.98149E-04 
-7.27138E-04 -3.17930E-04 
-8.11686E-04 -3.40313E-04 
-9.24190E-04 -3.69593E-04 
-1.10040E-03 -4.17158E-04 
-1.38909E-03 -4.95868E-04 
-1.76870E-03 -5.91185E-04 
-2.13933E-03 -6.66320E-04 
-2.74931E-04 -1.43231E-04 
-2.82260E-04 -1.46059E-04 
-2.95919E-04 -1.53008E-04 
-3.05282E-04 -1.57149E-04 
-3.15414E-04 -1.61870E-04 
-3.26526E-04 -1.67257E-04 
-3.38863E-04 -1.73386E-04 
-3.49425E-04 -1.78683E-04 
-3.52703E-04 -1.80328E-04 
-3.69668E-04 -1.88787E-04 
-3.89177E-04 -1.98311E-04 
-4.11709E-04 -2.08934E-04 
-4.37784E-04 -2.20669E-04 
-4.70205E-04 -2.29807E-04 
-5.07616E-04 -2.43341E-04 
-5.50598E-04 -2.58044E-04 
-5.99948E-04 -2.73869E-04 
-6.56587E-04 -2.90747E-04 
-7.21705E-04 -3.08648E-04 
-7.97297E-04 -3.27765E-04 
-8.88209E-04 -3.49221E-04 
-1.00903E-03 -3.77297E-04 
-1.19837E-03 -4.23328E-04 
-1.50856E-03 -4.99781E-04 
-1.91513E-03 -5.91310E-04 
-2.30932E-03 -6.60836E-04 
-3.02401E-04 -1.52367E-04 
-3.10478E-04 -1.55141E-04 
-3.25882E-04 -1.62066E-04 
-3.36263E-04 -1.66216E-04 
-3.47514E-04 -1.70996E-04 
-3.59869E-04 -1.76487E-04 
-3.73600E-04 -1.82760E-04 
-3.85359E-04 -1.88188E-04 
-3.89009E-04 -1.89873E-04 
-4.07892E-04 -1.98537E-04 
-4.29582E-04 -2.08266E-04 
-4.54584E-04 -2.19074E-04 
-4.83443E-04 -2.30950E-04 
-5.18606E-04 -2.39547E-04 
-5.59437E-04 -2.53005E-04 
-6.06220E-04 -2.67530E-04 
-6.59775E-04 -2.83034E-04 
-7.21043E-04 -2.99407E-04 
-7.91247E-04 -3.16568E-04 
-8.72478E-04 -3.34662E-04 
-9.69902E-04 -3.54760E-04 
-1.09923E-03 -3.81070E-04 
-1.30209E-03 -4.24715E-04 
-1.63440E-03 -4.97546E-04 
-2.06857E-03 -5.83498E-04 
-2.48646E-03 -6.45663E-04 
-3.32645E-04 -1.60921E-04 
-3.41502E-04 -1.63590E-04 
-3.58815E-04 -1.70298E-04 
-3.70272E-04 -1.74394E-04 
-3.82710E-04 -1.79172E-04 
-3.96392E-04 -1.84702E-04 
-4.11613E-04 -1.91048E-04 
-4.24656E-04 -1.96547E-04 
-4.28704E-04 -1.98254E-04 
-4.49641E-04 -2.07023E-04 
-4.73663E-04 -2.16843E-04 
-5.01300E-04 -2.27702E-04 
-5.33117E-04 -2.39562E-04 
-5.71097E-04 -2.47379E-04 
-6.15503E-04 -2.60566E-04 
-6.66244E-04 -2.74683E-04 
-7.24157E-04 -2.89601E-04 
-7.90200E-04 -3.05159E-04 
-8.65621E-04 -3.21225E-04 
-9.52599E-04 -3.37882E-04 
-1.05663E-03 -3.56129E-04 
-1.19460E-03 -3.80029E-04 
-1.41124E-03 -4.20307E-04 
-1.76618E-03 -4.87939E-04 
-2.22835E-03 -5.66267E-04 
-2.66985E-03 -6.19106E-04 
-3.65741E-04 -1.68639E-04 
-3.75407E-04 -1.71142E-04 
-3.94803E-04 -1.77374E-04 
-4.07389E-04 -1.81341E-04 
-4.21082E-04 -1.86038E-04 
-4.36172E-04 -1.91526E-04 
-4.52982E-04 -1.97854E-04 
-4.67392E-04 -2.03347E-04 
-4.71865E-04 -2.05053E-04 
-4.94992E-04 -2.13804E-04 
-5.21495E-04 -2.23570E-04 
-5.51925E-04 -2.34314E-04 
-5.86865E-04 -2.45965E-04 
-6.27713E-04 -2.52725E-04 
-6.75832E-04 -2.65406E-04 
-7.30668E-04 -2.78846E-04 
-7.93068E-04 -2.92866E-04 
-8.63997E-04 -3.07252E-04 
-9.44725E-04 -3.21811E-04 
-1.03751E-03 -3.36559E-04 
-1.14819E-03 -3.52393E-04 
-1.29485E-03 -3.73153E-04 
-1.52541E-03 -4.08941E-04 
-1.90327E-03 -4.69570E-04 
-2.39361E-03 -5.37946E-04 
-2.85834E-03 -5.79264E-04 
-4.01771E-04 -1.75194E-04 
-4.12269E-04 -1.77455E-04 
-4.33929E-04 -1.82874E-04 
-4.47692E-04 -1.86620E-04 
-4.62704E-04 -1.91141E-04 
-4.79282E-04 -1.96484E-04 
-4.97774E-04 -2.02682E-04 
-5.13636E-04 -2.08073E-04 
-5.18560E-04 -2.09747E-04 
-5.44008E-04 -2.18326E-04 
-5.73133E-04 -2.27863E-04 
-6.06506E-04 -2.38288E-04 
-6.44722E-04 -2.49498E-04 
-6.88454E-04 -2.54885E-04 
-7.40402E-04 -2.66785E-04 
-7.99442E-04 -2.79233E-04 
-8.66423E-04 -2.91994E-04 
-9.42310E-04 -3.04796E-04 
-1.02838E-03 -3.17381E-04 
-1.12697E-03 -3.29684E-04 
-1.24426E-03 -3.42472E-04 
-1.39954E-03 -3.59267E-04 
-1.64404E-03 -3.89293E-04 
-2.04490E-03 -4.40861E-04 
-2.56325E-03 -4.96657E-04 
-3.05048E-03 -5.24025E-04 
-4.40821E-04 -1.80159E-04 
-4.52171E-04 -1.82090E-04 
-4.76273E-04 -1.86262E-04 
-4.91254E-04 -1.89679E-04 
-5.07643E-04 -1.93908E-04 
-5.25782E-04 -1.98982E-04 
-5.46047E-04 -2.04913E-04 
-5.63437E-04 -2.10084E-04 
-5.68836E-04 -2.11691E-04 
-5.96726E-04 -2.19910E-04 
-6.28605E-04 -2.29003E-04 
-6.65055E-04 -2.38868E-04 
-7.06679E-04 -2.49363E-04 
-7.53270E-04 -2.53017E-04 
-8.09133E-04 -2.63819E-04 
-8.72450E-04 -2.74911E-04 
-9.44064E-04 -2.86000E-04 
-1.02493E-03 -2.96750E-04 
-1.11632E-03 -3.06832E-04 
-1.22064E-03 -3.16089E-04 
-1.34439E-03 -3.25124E-04 
-1.50814E-03 -3.37030E-04 
-1.76641E-03 -3.59860E-04 
-2.19006E-03 -4.00044E-04 
-2.73589E-03 -4.40311E-04 
-3.24452E-03 -4.51058E-04 
-4.82977E-04 -1.82989E-04 
-4.95190E-04 -1.84482E-04 
-5.21902E-04 -1.86867E-04 
-5.38133E-04 -1.89826E-04 
-5.55947E-04 -1.93627E-04 
-5.75712E-04 -1.98283E-04 
-5.97826E-04 -2.03782E-04 
-6.16815E-04 -2.08593E-04 
-6.22710E-04 -2.10088E-04 
-6.53149E-04 -2.17724E-04 
-6.87893E-04 -2.26123E-04 
-7.27532E-04 -2.35143E-04 
-7.72665E-04 -2.44604E-04 
-8.22039E-04 -2.46124E-04 
-8.81865E-04 -2.55463E-04 
-9.49488E-04 -2.64785E-04 
-1.02573E-03 -2.73733E-04 
-1.11153E-03 -2.81905E-04 
-1.20814E-03 -2.88893E-04 
-1.31802E-03 -2.94436E-04 
-1.44800E-03 -2.98936E-04 
-1.61990E-03 -3.04931E-04 
-1.89157E-03 -3.18960E-04 
-2.33748E-03 -3.45154E-04 
-2.90983E-03 -3.66612E-04 
-3.43831E-03 -3.57824E-04 
-5.28317E-04 -1.82993E-04 
-5.41393E-04 -1.83925E-04 
-5.70860E-04 -1.83856E-04 
-5.88357E-04 -1.86210E-04 
-6.07629E-04 -1.89425E-04 
-6.29069E-04 -1.93487E-04 
-6.53097E-04 -1.98360E-04 
-6.73739E-04 -2.02647E-04 
-6.80147E-04 -2.03979E-04 
-7.13221E-04 -2.10772E-04 
-7.50915E-04 -2.18184E-04 
-7.93820E-04 -2.26031E-04 
-8.42528E-04 -2.34093E-04 
-8.94545E-04 -2.33038E-04 
-9.58334E-04 -2.40502E-04 
-1.03023E-03 -2.47587E-04 
-1.11104E-03 -2.53870E-04 
-1.20165E-03 -2.58876E-04 
-1.30329E-03 -2.62115E-04 
-1.41845E-03 -2.63209E-04 
-1.55429E-03 -2.62318E-04 
-1.73386E-03 -2.61278E-04 
-2.01831E-03 -2.64731E-04 
-2.48556E-03 -2.74034E-04 
-3.08297E-03 -2.73059E-04 
-3.62922E-03 -2.41590E-04 
-5.76891E-04 -1.79316E-04 
-5.90819E-04 -1.79544E-04 
-6.23143E-04 -1.76215E-04 
-6.41901E-04 -1.77798E-04 
-6.62645E-04 -1.80244E-04 
-6.85791E-04 -1.83513E-04 
-7.11772E-04 -1.87537E-04 
-7.34106E-04 -1.91110E-04 
-7.41038E-04 -1.92222E-04 
-7.76799E-04 -1.97873E-04 
-8.17492E-04 -2.03963E-04 
-8.63699E-04 -2.10266E-04 
-9.15998E-04 -2.16517E-04 
-9.70439E-04 -2.12409E-04 
-1.03813E-03 -2.17535E-04 
-1.11421E-03 -2.21862E-04 
-1.19943E-03 -2.24898E-04 
-1.29463E-03 -2.26092E-04 
-1.40100E-03 -2.24866E-04 
-1.52105E-03 -2.20714E-04 
-1.66223E-03 -2.13504E-04 
-1.84880E-03 -2.04207E-04 
-2.14513E-03 -1.95133E-04 
-2.63237E-03 -1.84345E-04 
-3.25275E-03 -1.56970E-04 
-3.81411E-03 -9.94565E-05 
-6.28703E-04 -1.70920E-04 
-6.43451E-04 -1.70279E-04 
-6.78670E-04 -1.62731E-04 
-6.98661E-04 -1.63358E-04 
-7.20867E-04 -1.64833E-04 
-7.45719E-04 -1.67082E-04 
-7.73665E-04 -1.70006E-04 
-7.97700E-04 -1.72650E-04 
-8.05160E-04 -1.73475E-04 
-8.43622E-04 -1.77648E-04 
-8.87315E-04 -1.82042E-04 
-9.36807E-04 -1.86386E-04 
-9.92650E-04 -1.90369E-04 
-1.04921E-03 -1.82698E-04 
-1.12068E-03 -1.84975E-04 
-1.20076E-03 -1.85971E-04 
-1.29015E-03 -1.85121E-04 
-1.38962E-03 -1.81798E-04 
-1.50029E-03 -1.75333E-04 
-1.62469E-03 -1.65077E-04 
-1.77051E-03 -1.50556E-04 
-1.96320E-03 -1.31690E-04 
-2.27016E-03 -1.07966E-04 
-2.77548E-03 -7.35898E-05 
-3.41610E-03 -1.55168E-05 
-3.98925E-03 7.15937E-05 
-6.83684E-04 -1.56553E-04 
-6.99200E-04 -1.54861E-04 
-7.37259E-04 -1.41970E-04 
-7.58422E-04 -1.41441E-04 
-7.82044E-04 -1.41721E-04 
-8.08570E-04 -1.42701E-04 
-8.38454E-04 -1.44245E-04 
-8.64170E-04 -1.45724E-04 
-8.72151E-04 -1.46190E-04 
-9.13274E-04 -1.48512E-04 
-9.59911E-04 -1.50797E-04 
-1.01260E-03 -1.52725E-04 
-1.07187E-03 -1.53937E-04 
-1.13013E-03 -1.42174E-04 
-1.20516E-03 -1.41041E-04 
-1.28897E-03 -1.38080E-04 
-1.38218E-03 -1.32653E-04 
-1.48547E-03 -1.24054E-04 
-1.59988E-03 -1.11523E-04 
-1.72790E-03 -9.42531E-05 
-1.87748E-03 -7.13714E-05 
-2.07515E-03 -4.15432E-05 
-2.39113E-03 -8.90135E-07 
-2.91203E-03 6.08592E-05 
-3.56933E-03 1.54240E-04 
-4.15022E-03 2.74651E-04 
-7.41655E-04 -1.34742E-04 
-7.57857E-04 -1.31793E-04 
-7.98572E-04 -1.12268E-04 
-8.20806E-04 -1.10373E-04 
-8.45760E-04 -1.09219E-04 
-8.73883E-04 -1.08660E-04 
-9.05629E-04 -1.08522E-04 
-9.32963E-04 -1.08578E-04 
-9.41445E-04 -1.08604E-04 
-9.85128E-04 -1.08671E-04 
-1.03458E-03 -1.08398E-04 
-1.09031E-03 -1.07415E-04 
-1.15279E-03 -1.05317E-04 
-1.21222E-03 -8.89176E-05 
-1.29050E-03 -8.37699E-05 
-1.37766E-03 -7.61783E-05 
-1.47420E-03 -6.54327E-05 
-1.58071E-03 -5.07534E-05 
-1.69812E-03 -3.12849E-05 
-1.82888E-03 -6.05292E-06 
-1.98111E-03 2.62773E-05 
-2.18232E-03 6.85233E-05 
-2.50527E-03 1.28526E-04 
-3.03853E-03 2.21691E-04 
-3.70808E-03 3.55256E-04 
-4.29180E-03 5.12758E-04 
-8.02289E-04 -1.03765E-04 
-8.19066E-04 -9.93361E-05 
-8.62075E-04 -7.17251E-05 
-8.85235E-04 -6.82461E-05 
-9.11385E-04 -6.54072E-05 
-9.40975E-04 -6.30238E-05 
-9.74450E-04 -6.08826E-05 
-1.00329E-03 -5.92394E-05 
-1.01224E-03 -5.87415E-05 
-1.05831E-03 -5.61217E-05 
-1.11036E-03 -5.28106E-05 
-1.16888E-03 -4.83915E-05 
-1.23426E-03 -4.24059E-05 
-1.29418E-03 -2.08332E-05 
-1.37530E-03 -1.10221E-05 
-1.46527E-03 1.91628E-06 
-1.56452E-03 1.87608E-05 
-1.67349E-03 4.03629E-05 
-1.79299E-03 6.76697E-05 
-1.92536E-03 1.01836E-04 
-2.07889E-03 1.44723E-04 
-2.28189E-03 2.00881E-04 
-2.60925E-03 2.82764E-04 
-3.15086E-03 4.11605E-04 
-3.82721E-03 5.90439E-04 
-4.40796E-03 7.88837E-04 
-8.65066E-04 -6.16468E-05 
-8.82265E-04 -5.54944E-05 
-9.26979E-04 -1.82023E-05 
-9.50863E-04 -1.29221E-05 
-9.78017E-04 -8.14403E-06 
-1.00888E-03 -3.64259E-06 
-1.04388E-03 8.36583E-07 
-1.07407E-03 4.46519E-06 
-1.08343E-03 5.57580E-06 
-1.13161E-03 1.13351E-05 
-1.18597E-03 1.81853E-05 
-1.24690E-03 2.65936E-05 
-1.31475E-03 3.70679E-05 
-1.37434E-03 6.43300E-05 
-1.45774E-03 7.94876E-05 
-1.54988E-03 9.85227E-05 
-1.65105E-03 1.22277E-04 
-1.76153E-03 1.51666E-04 
-1.88198E-03 1.87724E-04 
-2.01462E-03 2.31795E-04 
-2.16780E-03 2.86341E-04 
-2.37048E-03 3.57910E-04 
-2.69915E-03 4.64268E-04 
-3.24420E-03 6.33204E-04 
-3.92076E-03 8.62512E-04 
-4.49172E-03 1.10552E-03 
-9.29213E-04 -6.15031E-06 
-9.46638E-04 1.98328E-06 
-9.92166E-04 5.06569E-05 
-1.01651E-03 5.79454E-05 
-1.04441E-03 6.49128E-05 
-1.07629E-03 7.18262E-05 
-1.11254E-03 7.89815E-05 
-1.14383E-03 8.48880E-05 
-1.15354E-03 8.67019E-05 
-1.20347E-03 9.60641E-05 
-1.25970E-03 1.06969E-04 
-1.32256E-03 1.19935E-04 
-1.39232E-03 1.35516E-04 
-1.45060E-03 1.68938E-04 
-1.53558E-03 1.90151E-04 
-1.62907E-03 2.16053E-04 
-1.73117E-03 2.47541E-04 
-1.84201E-03 2.85583E-04 
-1.96204E-03 3.31292E-04 
-2.09335E-03 3.86211E-04 
-2.24424E-03 4.53470E-04 
-2.44410E-03 5.41909E-04 
-2.77032E-03 6.75346E-04 
-3.31288E-03 8.88860E-04 
-3.98182E-03 1.17385E-03 
-4.53509E-03 1.46496E-03 
-9.93640E-04 6.52112E-05 
-1.01104E-03 7.55945E-05 
-1.05612E-03 1.37392E-04 
-1.08060E-03 1.46876E-04 
-1.10891E-03 1.56267E-04 
-1.14145E-03 1.65876E-04 
-1.17858E-03 1.76040E-04 
-1.21068E-03 1.84514E-04 
-1.22064E-03 1.87121E-04 
-1.27183E-03 2.00550E-04 
-1.32940E-03 2.16029E-04 
-1.39357E-03 2.34123E-04 
-1.46453E-03 2.55435E-04 
-1.52033E-03 2.95412E-04 
-1.60604E-03 3.23401E-04 
-1.69987E-03 3.56947E-04 
-1.80173E-03 3.96983E-04 
-1.91153E-03 4.44518E-04 
-2.02953E-03 5.00732E-04 
-2.15760E-03 5.67371E-04 
-2.30394E-03 6.48311E-04 
-2.49801E-03 7.54980E-04 
-2.81737E-03 9.18024E-04 
-3.35039E-03 1.18055E-03 
-4.00247E-03 1.52628E-03 
-4.52899E-03 1.86860E-03 
-1.05782E-03 1.56701E-04 
-1.07487E-03 1.69647E-04 
-1.11771E-03 2.46499E-04 
-1.14191E-03 2.58370E-04 
-1.17023E-03 2.70436E-04 
-1.20300E-03 2.83050E-04 
-1.24055E-03 2.96589E-04 
-1.27307E-03 3.07956E-04 
-1.28316E-03 3.11458E-04 
-1.33503E-03 3.29478E-04 
-1.39325E-03 3.50121E-04 
-1.45798E-03 3.73998E-04 
-1.52926E-03 4.01753E-04 
-1.58117E-03 4.48685E-04 
-1.66656E-03 4.84287E-04 
-1.75949E-03 5.26367E-04 
-1.85965E-03 5.75881E-04 
-1.96673E-03 6.33856E-04 
-2.08072E-03 7.01520E-04 
-2.20324E-03 7.80830E-04 
-2.34226E-03 8.76497E-04 
-2.52697E-03 1.00290E-03 
-2.83405E-03 1.19841E-03 
-3.34890E-03 1.51504E-03 
-3.97286E-03 1.92725E-03 
-4.46167E-03 2.32418E-03 
-1.11775E-03 2.68372E-04 
-1.13408E-03 2.84109E-04 
-1.17239E-03 3.77287E-04 
-1.19584E-03 3.91615E-04 
-1.22365E-03 4.06483E-04 
-1.25612E-03 4.22281E-04 
-1.29352E-03 4.39427E-04 
-1.32597E-03 4.53900E-04 
-1.33605E-03 4.58365E-04 
-1.38784E-03 4.81330E-04 
-1.44589E-03 5.07540E-04 
-1.51023E-03 5.37646E-04 
-1.58078E-03 5.72326E-04 
-1.62729E-03 6.26250E-04 
-1.71114E-03 6.70035E-04 
-1.80174E-03 7.21227E-04 
-1.89856E-03 7.80778E-04 
-2.00103E-03 8.49707E-04 
-2.10885E-03 9.29270E-04 
-2.22335E-03 1.02163E-03 
-2.35213E-03 1.13239E-03 
-2.52367E-03 1.27914E-03 
-2.81263E-03 1.50869E-03 
-3.29989E-03 1.88241E-03 
-3.88372E-03 2.36418E-03 
-4.32377E-03 2.81659E-03 
-1.17187E-03 4.04430E-04 
-1.18701E-03 4.23204E-04 
-1.21782E-03 5.33831E-04 
-1.23995E-03 5.50666E-04 
-1.26667E-03 5.68448E-04 
-1.29823E-03 5.87607E-04 
-1.33480E-03 6.08598E-04 
-1.36663E-03 6.26400E-04 
-1.37652E-03 6.31900E-04 
-1.42736E-03 6.60189E-04 
-1.48427E-03 6.92404E-04 
-1.54713E-03 7.29225E-04 
-1.61573E-03 7.71355E-04 
-1.65513E-03 8.32233E-04 
-1.73598E-03 8.84824E-04 
-1.82258E-03 9.45744E-04 
-1.91414E-03 1.01591E-03 
-2.00978E-03 1.09631E-03 
-2.10892E-03 1.18819E-03 
-2.21252E-03 1.29391E-03 
-2.32764E-03 1.42005E-03 
-2.48158E-03 1.58772E-03 
-2.74556E-03 1.85288E-03 
-3.19417E-03 2.28688E-03 
-3.72382E-03 2.84139E-03 
-4.10224E-03 3.34995E-03 
-1.21685E-03 5.67689E-04 
-1.23025E-03 5.89711E-04 
-1.24978E-03 7.18304E-04 
-1.26998E-03 7.37623E-04 
-1.29496E-03 7.58368E-04 
-1.32488E-03 7.81004E-04 
-1.35986E-03 8.06021E-04 
-1.39042E-03 8.27333E-04 
-1.39993E-03 8.33926E-04 
-1.44881E-03 8.67861E-04 
-1.50345E-03 9.06455E-04 
-1.56358E-03 9.50408E-04 
-1.62881E-03 1.00043E-03 
-1.65919E-03 1.06800E-03 
-1.73538E-03 1.12992E-03 
-1.81606E-03 1.20105E-03 
-1.90015E-03 1.28224E-03 
-1.98646E-03 1.37439E-03 
-2.07407E-03 1.47873E-03 
-2.16352E-03 1.59780E-03 
-2.26120E-03 1.73920E-03 
-2.39256E-03 1.92786E-03 
-2.62382E-03 2.22958E-03 
-3.02124E-03 2.72611E-03 
-3.48090E-03 3.35530E-03 
-3.78361E-03 3.91929E-03 
-1.24849E-03 7.60634E-04 
-1.25951E-03 7.86058E-04 
-1.26313E-03 9.32245E-04 
-1.28070E-03 9.53947E-04 
-1.30320E-03 9.77631E-04 
-1.33071E-03 1.00379E-03 
-1.36322E-03 1.03295E-03 
-1.39179E-03 1.05790E-03 
-1.40069E-03 1.06563E-03 
-1.44648E-03 1.10546E-03 
-1.49757E-03 1.15073E-03 
-1.55354E-03 1.20214E-03 
-1.61381E-03 1.26038E-03 
-1.63311E-03 1.33411E-03 
-1.70275E-03 1.40574E-03 
-1.77531E-03 1.48738E-03 
-1.84943E-03 1.57975E-03 
-1.92359E-03 1.68365E-03 
-1.99650E-03 1.80023E-03 
-2.06825E-03 1.93219E-03 
-2.14429E-03 2.08823E-03 
-2.24760E-03 2.29733E-03 
-2.43751E-03 2.63573E-03 
-2.76968E-03 3.19579E-03 
-3.14179E-03 3.89996E-03 
-3.35356E-03 4.51702E-03 
-1.26155E-03 9.85454E-04 
-1.26945E-03 1.01436E-03 
-1.25154E-03 1.17658E-03 
-1.26577E-03 1.20049E-03 
-1.28501E-03 1.22702E-03 
-1.30923E-03 1.25669E-03 
-1.33834E-03 1.29004E-03 
-1.36410E-03 1.31871E-03 
-1.37215E-03 1.32761E-03 
-1.41358E-03 1.37351E-03 
-1.45971E-03 1.42565E-03 
-1.50992E-03 1.48474E-03 
-1.56343E-03 1.55142E-03 
-1.56946E-03 1.63048E-03 
-1.63038E-03 1.71202E-03 
-1.69236E-03 1.80422E-03 
-1.75371E-03 1.90765E-03 
-1.81257E-03 2.02292E-03 
-1.86728E-03 2.15108E-03 
-1.91739E-03 2.29498E-03 
-1.96724E-03 2.46445E-03 
-2.03649E-03 2.69273E-03 
-2.17547E-03 3.06690E-03 
-2.42673E-03 3.68998E-03 
-2.69191E-03 4.46750E-03 
-2.79632E-03 5.13335E-03 
-1.24953E-03 1.24249E-03 
-1.25347E-03 1.27486E-03 
-1.20751E-03 1.44993E-03 
-1.21767E-03 1.47581E-03 
-1.23284E-03 1.50502E-03 
-1.25289E-03 1.53812E-03 
-1.27759E-03 1.57564E-03 
-1.29971E-03 1.60807E-03 
-1.30664E-03 1.61815E-03 
-1.34237E-03 1.67018E-03 
-1.38200E-03 1.72930E-03 
-1.42472E-03 1.79614E-03 
-1.46951E-03 1.87128E-03 
-1.46004E-03 1.95450E-03 
-1.50987E-03 2.04589E-03 
-1.55857E-03 2.14838E-03 
-1.60410E-03 2.26232E-03 
-1.64428E-03 2.38811E-03 
-1.67705E-03 2.52664E-03 
-1.70138E-03 2.68088E-03 
-1.72023E-03 2.86181E-03 
-1.74909E-03 3.10707E-03 
-1.82689E-03 3.51476E-03 
-1.98032E-03 4.19825E-03 
-2.11787E-03 5.04484E-03 
-2.09798E-03 5.75285E-03 
-1.20467E-03 1.53072E-03 
-1.20375E-03 1.56642E-03 
-1.12237E-03 1.74926E-03 
-1.12780E-03 1.77683E-03 
-1.13814E-03 1.80855E-03 
-1.15314E-03 1.84497E-03 
-1.17244E-03 1.88661E-03 
-1.19005E-03 1.92277E-03 
-1.19559E-03 1.93403E-03 
-1.22420E-03 1.99221E-03 
-1.25573E-03 2.05830E-03 
-1.28912E-03 2.13282E-03 
-1.32312E-03 2.21624E-03 
-1.29594E-03 2.30213E-03 
-1.33212E-03 2.40301E-03 
-1.36462E-03 2.51514E-03 
-1.39108E-03 2.63859E-03 
-1.40899E-03 2.77351E-03 
-1.41590E-03 2.92058E-03 
-1.41014E-03 3.08288E-03 
-1.39306E-03 3.27252E-03 
-1.37494E-03 3.53156E-03 
-1.38074E-03 3.96902E-03 
-1.41836E-03 4.70795E-03 
-1.40647E-03 5.61645E-03 
-1.24507E-03 6.35750E-03 
-1.11797E-03 1.84660E-03 
-1.11128E-03 1.88543E-03 
-9.86547E-04 2.06878E-03 
-9.86690E-04 2.09783E-03 
-9.91543E-04 2.13192E-03 
-1.00071E-03 2.17158E-03 
-1.01367E-03 2.21732E-03 
-1.02592E-03 2.25720E-03 
-1.02982E-03 2.26964E-03 
-1.04992E-03 2.33393E-03 
-1.07173E-03 2.40688E-03 
-1.09392E-03 2.48889E-03 
-1.11497E-03 2.58022E-03 
-1.06804E-03 2.66702E-03 
-1.08786E-03 2.77669E-03 
-1.10111E-03 2.89737E-03 
-1.10513E-03 3.02884E-03 
-1.09709E-03 3.17092E-03 
-1.07417E-03 3.32404E-03 
-1.03403E-03 3.49136E-03 
-9.76095E-04 3.68611E-03 
-9.04423E-04 3.95464E-03 
-8.27136E-04 4.41648E-03 
-7.30316E-04 5.20324E-03 
-5.46717E-04 6.16327E-03 
-2.26955E-04 6.92565E-03 
-9.79189E-04 2.18423E-03 
-9.65867E-04 2.22596E-03 
-7.89625E-04 2.40032E-03 
-7.84162E-04 2.43080E-03 
-7.83064E-04 2.46728E-03 
-7.85775E-04 2.51025E-03 
-7.91615E-04 2.56018E-03 
-7.97770E-04 2.60384E-03 
-7.99772E-04 2.61747E-03 
-8.10069E-04 2.68789E-03 
-8.20572E-04 2.76759E-03 
-8.29695E-04 2.85679E-03 
-8.35645E-04 2.95551E-03 
-7.67190E-04 3.04122E-03 
-7.67869E-04 3.15863E-03 
-7.58756E-04 3.28637E-03 
-7.36912E-04 3.42383E-03 
-6.99240E-04 3.57048E-03 
-6.42581E-04 3.72649E-03 
-5.63879E-04 3.89506E-03 
-4.60377E-04 4.09048E-03 
-3.28730E-04 4.36317E-03 
-1.57274E-04 4.84229E-03 
9.28494E-05 5.66653E-03 
4.70447E-04 6.66444E-03 
9.64593E-04 7.43394E-03 
-7.77593E-04 2.53405E-03 
-7.56986E-04 2.57857E-03 
-5.21578E-04 2.73237E-03 
-5.10545E-04 2.76460E-03 
-5.03363E-04 2.80383E-03 
-4.99297E-04 2.85049E-03 
-4.97473E-04 2.90494E-03 
-4.96959E-04 2.95260E-03 
-4.96872E-04 2.96747E-03 
-4.96252E-04 3.04416E-03 
-4.94036E-04 3.13056E-03 
-4.88355E-04 3.22661E-03 
-4.77139E-04 3.33204E-03 
-3.85848E-04 3.41463E-03 
-3.64642E-04 3.53838E-03 
-3.30114E-04 3.67120E-03 
-2.79104E-04 3.81208E-03 
-2.08305E-04 3.96012E-03 
-1.14266E-04 4.11520E-03 
6.79439E-06 4.28054E-03 
1.60120E-04 4.47141E-03 
3.57611E-04 4.74188E-03 
6.33763E-04 5.22950E-03 
1.05540E-03 6.07806E-03 
1.64815E-03 7.09694E-03 
2.33087E-03 7.85702E-03 
-5.02885E-04 2.88370E-03 
-4.74734E-04 2.93128E-03 
-1.73875E-04 3.05146E-03 
-1.57810E-04 3.08636E-03 
-1.44868E-04 3.12927E-03 
-1.34108E-04 3.18049E-03 
-1.24442E-04 3.24023E-03 
-1.16929E-04 3.29238E-03 
-1.14625E-04 3.30860E-03 
-1.02261E-04 3.39198E-03 
-8.61426E-05 3.48517E-03 
-6.41179E-05 3.58776E-03 
-3.38517E-05 3.69913E-03 
8.09986E-05 3.77665E-03 
1.26715E-04 3.90497E-03 
1.89542E-04 4.04045E-03 
2.72787E-04 4.18167E-03 
3.79887E-04 4.32732E-03 
5.14515E-04 4.47702E-03 
6.81182E-04 4.63400E-03 
8.87891E-04 4.81438E-03 
1.15626E-03 5.07537E-03 
1.54659E-03 5.56118E-03 
2.15651E-03 6.41833E-03 
2.98349E-03 7.43833E-03 
3.86635E-03 8.17062E-03 
-1.47048E-04 3.21920E-03 
-1.11691E-04 3.27077E-03 
2.58450E-04 3.34381E-03 
2.78383E-04 3.38320E-03 
2.96204E-04 3.43150E-03 
3.13083E-04 3.48884E-03 
3.30348E-04 3.55522E-03 
3.44907E-04 3.61271E-03 
3.49483E-04 3.63051E-03 
3.74097E-04 3.72133E-03 
4.05036E-04 3.82158E-03 
4.44720E-04 3.93046E-03 
4.95717E-04 4.04690E-03 
6.34186E-04 4.11762E-03 
7.06874E-04 4.24833E-03 
8.00656E-04 4.38356E-03 
9.18892E-04 4.52146E-03 
1.06505E-03 4.66037E-03 
1.24292E-03 4.79965E-03 
1.45774E-03 4.94254E-03 
1.72052E-03 5.10590E-03 
2.06369E-03 5.34937E-03 
2.57615E-03 5.82179E-03 
3.38878E-03 6.66964E-03 
4.46591E-03 7.66853E-03 
5.55712E-03 8.35333E-03 
2.93039E-04 3.52750E-03 
3.34506E-04 3.58498E-03 
7.74159E-04 3.59832E-03 
7.96153E-04 3.64512E-03 
8.17425E-04 3.70149E-03 
8.39397E-04 3.76732E-03 
8.63650E-04 3.84232E-03 
8.85078E-04 3.90638E-03 
8.91921E-04 3.92605E-03 
9.29064E-04 4.02538E-03 
9.75573E-04 4.13309E-03 
1.03410E-03 4.24791E-03 
1.10740E-03 4.36832E-03 
1.26895E-03 4.43074E-03 
1.37097E-03 4.56111E-03 
1.49817E-03 4.69255E-03 
1.65386E-03 4.82281E-03 
1.84139E-03 4.94993E-03 
2.06460E-03 5.07308E-03 
2.32937E-03 5.19557E-03 
2.64996E-03 5.33482E-03 
3.07056E-03 5.55210E-03 
3.71112E-03 5.99853E-03 
4.73778E-03 6.81749E-03 
6.07692E-03 7.77130E-03 
7.38074E-03 8.38821E-03 
8.12606E-04 3.80064E-03 
8.58364E-04 3.86712E-03 
1.36324E-03 3.81077E-03 
1.38505E-03 3.86898E-03 
1.40803E-03 3.93698E-03 
1.43388E-03 4.01431E-03 
1.46442E-03 4.10035E-03 
1.49254E-03 4.17237E-03 
1.50165E-03 4.19425E-03 
1.55169E-03 4.30315E-03 
1.61467E-03 4.41847E-03 
1.69340E-03 4.53846E-03 
1.79073E-03 4.66113E-03 
1.97453E-03 4.71376E-03 
2.10834E-03 4.84015E-03 
2.27144E-03 4.96330E-03 
2.46690E-03 5.08066E-03 
2.69785E-03 5.19003E-03 
2.96801E-03 5.29054E-03 
3.28390E-03 5.38559E-03 
3.66313E-03 5.49301E-03 
4.16250E-03 5.67486E-03 
4.93499E-03 6.08187E-03 
6.18341E-03 6.85114E-03 
7.79185E-03 7.73476E-03 
9.30837E-03 8.26320E-03 
1.39616E-03 4.04031E-03 
1.44407E-03 4.11980E-03 
2.00493E-03 3.98780E-03 
2.02444E-03 4.06205E-03 
2.04767E-03 4.14557E-03 
2.07657E-03 4.23750E-03 
2.11322E-03 4.33678E-03 
2.14829E-03 4.41786E-03 
2.15982E-03 4.44216E-03 
2.22381E-03 4.56095E-03 
2.30487E-03 4.68309E-03 
2.40587E-03 4.80634E-03 
2.52963E-03 4.92828E-03 
2.73509E-03 4.96910E-03 
2.90364E-03 5.08640E-03 
3.10542E-03 5.19533E-03 
3.34313E-03 5.29314E-03 
3.61949E-03 5.37759E-03 
3.93799E-03 5.44784E-03 
4.30567E-03 5.50749E-03 
4.74366E-03 5.57466E-03 
5.32195E-03 5.71121E-03 
6.22805E-03 6.06467E-03 
7.70227E-03 6.76250E-03 
9.58258E-03 7.55010E-03 
1.13079E-02 7.96966E-03 
2.01782E-03 4.26163E-03 
2.06631E-03 4.35825E-03 
2.66948E-03 4.14933E-03 
2.68569E-03 4.24384E-03 
2.70895E-03 4.34605E-03 
2.74144E-03 4.45462E-03 
2.78544E-03 4.56806E-03 
2.82887E-03 4.65809E-03 
2.84329E-03 4.68466E-03 
2.92387E-03 4.81178E-03 
3.02616E-03 4.93789E-03 
3.15296E-03 5.06032E-03 
3.30687E-03 5.17633E-03 
3.53436E-03 5.20192E-03 
3.74157E-03 5.30285E-03 
3.98557E-03 5.38955E-03 
4.26852E-03 5.45930E-03 
4.59257E-03 5.50994E-03 
4.96083E-03 5.54089E-03 
5.38081E-03 5.55603E-03 
5.87719E-03 5.57362E-03 
6.53367E-03 5.65425E-03 
7.57334E-03 5.93925E-03 
9.27431E-03 6.54285E-03 
1.14252E-02 7.20784E-03 
1.33521E-02 7.49834E-03 
2.63979E-03 4.49106E-03 
2.68923E-03 4.60726E-03 
3.31773E-03 4.32511E-03 
3.33212E-03 4.44183E-03 
3.35769E-03 4.56336E-03 
3.39679E-03 4.68790E-03 
3.45182E-03 4.81350E-03 
3.50684E-03 4.91008E-03 
3.52515E-03 4.93805E-03 
3.62734E-03 5.06863E-03 
3.75620E-03 5.19253E-03 
3.91425E-03 5.30682E-03 
4.10370E-03 5.40858E-03 
4.35506E-03 5.41334E-03 
4.60581E-03 5.48796E-03 
4.89624E-03 5.54211E-03 
5.22777E-03 5.57328E-03 
5.60183E-03 5.57967E-03 
6.02103E-03 5.56108E-03 
6.49326E-03 5.52183E-03 
7.04685E-03 5.48007E-03 
7.77949E-03 5.49396E-03 
8.95044E-03 5.69528E-03 
1.08753E-02 6.18143E-03 
1.32906E-02 6.69730E-03 
1.54079E-02 6.83996E-03 
3.22979E-03 4.76302E-03 
3.28398E-03 4.89766E-03 
3.91995E-03 4.54900E-03 
3.93769E-03 4.68587E-03 
3.97148E-03 4.82318E-03 
4.02373E-03 4.95874E-03 
4.09681E-03 5.09021E-03 
4.16908E-03 5.18762E-03 
4.19297E-03 5.21520E-03 
4.32489E-03 5.33988E-03 
4.48842E-03 5.45110E-03 
4.68556E-03 5.54588E-03 
4.91794E-03 5.62135E-03 
5.19689E-03 5.59679E-03 
5.49722E-03 5.63226E-03 
5.83905E-03 5.64107E-03 
6.22291E-03 5.62116E-03 
6.64938E-03 5.57127E-03 
7.12047E-03 5.49185E-03 
7.64445E-03 5.38767E-03 
8.25339E-03 5.27649E-03 
9.05931E-03 5.21263E-03 
1.03582E-02 5.31451E-03 
1.25025E-02 5.65882E-03 
1.51743E-02 5.99828E-03 
1.74688E-02 5.97515E-03 
3.76411E-03 5.10445E-03 
3.83130E-03 5.25087E-03 
4.45798E-03 4.84400E-03 
4.48866E-03 4.99321E-03 
4.54070E-03 5.13715E-03 
4.61643E-03 5.27331E-03 
4.71797E-03 5.39914E-03 
4.81552E-03 5.48780E-03 
4.84730E-03 5.51210E-03 
5.01981E-03 5.61659E-03 
5.22831E-03 5.70022E-03 
5.47409E-03 5.76022E-03 
5.75795E-03 5.79406E-03 
6.06941E-03 5.72914E-03 
6.42539E-03 5.71063E-03 
6.82322E-03 5.65990E-03 
7.26239E-03 5.57559E-03 
7.74255E-03 5.45725E-03 
8.26509E-03 5.30605E-03 
8.83871E-03 5.12725E-03 
9.49937E-03 4.93777E-03 
1.03738E-02 4.78639E-03 
1.17951E-02 4.77387E-03 
1.41520E-02 4.95219E-03 
1.70690E-02 5.08889E-03 
1.95242E-02 4.88493E-03 
4.24399E-03 5.52120E-03 
4.33680E-03 5.66640E-03 
4.94010E-03 5.20951E-03 
4.99724E-03 5.35713E-03 
5.08104E-03 5.49278E-03 
5.19349E-03 5.61382E-03 
5.33636E-03 5.71765E-03 
5.46871E-03 5.78460E-03 
5.51110E-03 5.80179E-03 
5.73647E-03 5.86782E-03 
6.00107E-03 5.90567E-03 
6.30523E-03 5.91305E-03 
6.64875E-03 5.88810E-03 
6.99760E-03 5.77048E-03 
7.41388E-03 5.68287E-03 
7.87046E-03 5.55879E-03 
8.36576E-03 5.39781E-03 
8.89849E-03 5.20041E-03 
9.46947E-03 4.96860E-03 
1.00879E-02 4.70800E-03 
1.07940E-02 4.43412E-03 
1.17296E-02 4.18814E-03 
1.32654E-02 4.04842E-03 
1.58251E-02 4.03829E-03 
1.89726E-02 3.94846E-03 
2.15688E-02 3.55308E-03 
4.70183E-03 5.98679E-03 
4.83557E-03 6.11226E-03 
5.40439E-03 5.61262E-03 
5.50359E-03 5.73980E-03 
5.63411E-03 5.84789E-03 
5.79746E-03 5.93435E-03 
5.99481E-03 5.99677E-03 
6.17134E-03 6.02720E-03 
6.22692E-03 6.03300E-03 
6.51654E-03 6.04055E-03 
6.84683E-03 6.01349E-03 
7.21706E-03 5.95034E-03 
7.62589E-03 5.85012E-03 
8.01503E-03 5.66832E-03 
8.49291E-03 5.49865E-03 
9.00741E-03 5.29019E-03 
9.55591E-03 5.04357E-03 
1.01363E-02 4.76027E-03 
1.07488E-02 4.44313E-03 
1.14036E-02 4.09794E-03 
1.21452E-02 3.73801E-03 
1.31312E-02 3.39466E-03 
1.47700E-02 3.11891E-03 
1.75189E-02 2.90179E-03 
2.08781E-02 2.56675E-03 
2.35913E-02 1.97574E-03 
5.19700E-03 6.44036E-03 
5.38688E-03 6.52459E-03 
5.91211E-03 5.98893E-03 
6.06819E-03 6.07446E-03 
6.25906E-03 6.13412E-03 
6.48556E-03 6.16566E-03 
6.74809E-03 6.16712E-03 
6.97593E-03 6.14657E-03 
7.04659E-03 6.13689E-03 
7.40815E-03 6.06736E-03 
7.80963E-03 5.95851E-03 
8.24912E-03 5.80986E-03 
8.72414E-03 5.62149E-03 
9.15259E-03 5.36736E-03 
9.68830E-03 5.10741E-03 
1.02548E-02 4.80869E-03 
1.08485E-02 4.47293E-03 
1.14667E-02 4.10260E-03 
1.21093E-02 3.70125E-03 
1.27874E-02 3.27449E-03 
1.35506E-02 2.83260E-03 
1.45723E-02 2.39473E-03 
1.62985E-02 1.97974E-03 
1.92177E-02 1.54357E-03 
2.27640E-02 9.52346E-04 
2.55657E-02 1.69498E-04 
5.79861E-03 6.79267E-03 
6.05675E-03 6.81521E-03 
6.52996E-03 6.25177E-03 
6.75426E-03 6.27598E-03 
7.01514E-03 6.26849E-03 
7.31262E-03 6.22760E-03 
7.64626E-03 6.15199E-03 
7.92862E-03 6.06910E-03 
8.01508E-03 6.04079E-03 
8.45049E-03 5.88053E-03 
8.92264E-03 5.67847E-03 
9.42849E-03 5.43527E-03 
9.96445E-03 5.15220E-03 
1.04262E-02 4.82313E-03 
1.10101E-02 4.47141E-03 
1.16170E-02 4.08340E-03 
1.22426E-02 3.66189E-03 
1.28836E-02 3.21021E-03 
1.35402E-02 2.73240E-03 
1.42247E-02 2.23352E-03 
1.49916E-02 1.71993E-03 
1.60306E-02 1.19649E-03 
1.78241E-02 6.45858E-04 
2.08886E-02 -1.28157E-05 
2.45903E-02 -8.61193E-04 
2.74477E-02 -1.82336E-03 
6.57076E-03 6.95374E-03 
6.90319E-03 6.89818E-03 
7.31526E-03 6.31719E-03 
7.61308E-03 6.26472E-03 
7.94737E-03 6.17626E-03 
8.31728E-03 6.05080E-03 
8.72145E-03 5.88783E-03 
9.05649E-03 5.73596E-03 
9.15797E-03 5.68734E-03 
9.66214E-03 5.42971E-03 
1.01976E-02 5.13030E-03 
1.07602E-02 4.79099E-03 
1.13454E-02 4.41421E-03 
1.18292E-02 4.01403E-03 
1.24460E-02 3.57643E-03 
1.30765E-02 3.10733E-03 
1.37160E-02 2.61040E-03 
1.43610E-02 2.08967E-03 
1.50119E-02 1.54940E-03 
1.56826E-02 9.93656E-04 
1.64330E-02 4.24116E-04 
1.74682E-02 -1.70376E-04 
1.93049E-02 -8.46129E-04 
2.24831E-02 -1.72106E-03 
2.63021E-02 -2.81662E-03 
2.91787E-02 -3.93730E-03 
7.54661E-03 6.85317E-03 
7.95229E-03 6.71040E-03 
8.29410E-03 6.12470E-03 
8.66385E-03 5.98716E-03 
9.06808E-03 5.81106E-03 
9.50503E-03 5.59624E-03 
9.97242E-03 5.34309E-03 
1.03532E-02 5.12147E-03 
1.04675E-02 5.05253E-03 
1.10285E-02 4.69904E-03 
1.16135E-02 4.30624E-03 
1.22173E-02 3.87716E-03 
1.28347E-02 3.41534E-03 
1.33254E-02 2.95410E-03 
1.39558E-02 2.44340E-03 
1.45898E-02 1.90784E-03 
1.52224E-02 1.35179E-03 
1.58502E-02 7.79706E-04 
1.64743E-02 1.95762E-04 
1.71104E-02 -3.97327E-04 
1.78234E-02 -1.00318E-03 
1.88332E-02 -1.64990E-03 
2.06865E-02 -2.43385E-03 
2.39424E-02 -3.50859E-03 
2.78358E-02 -4.83009E-03 
3.06946E-02 -6.08155E-03 
8.75581E-03 6.45878E-03 
9.22750E-03 6.22463E-03 
9.48829E-03 5.64734E-03 
9.92252E-03 5.42122E-03 
1.03876E-02 5.15579E-03 
1.08808E-02 4.85182E-03 
1.13990E-02 4.51066E-03 
1.18150E-02 4.22236E-03 
1.19388E-02 4.13422E-03 
1.25403E-02 3.69160E-03 
1.31568E-02 3.21441E-03 
1.37826E-02 2.70672E-03 
1.44122E-02 2.17300E-03 
1.48923E-02 1.66433E-03 
1.55149E-02 1.09698E-03 
1.61308E-02 5.12875E-04 
1.67349E-02 -8.31822E-05 
1.73243E-02 -6.86600E-04 
1.79007E-02 -1.29358E-03 
1.84819E-02 -1.90310E-03 
1.91377E-02 -2.52448E-03 
2.01010E-02 -3.20329E-03 
2.19449E-02 -4.07589E-03 
2.52416E-02 -5.32921E-03 
2.91666E-02 -6.85048E-03 
3.19723E-02 -8.20303E-03 
1.01619E-02 5.77146E-03 
1.06875E-02 5.44848E-03 
1.08586E-02 4.89291E-03 
1.13452E-02 4.58094E-03 
1.18574E-02 4.23064E-03 
1.23919E-02 3.84379E-03 
1.29448E-02 3.42268E-03 
1.33826E-02 3.07516E-03 
1.35119E-02 2.97021E-03 
1.41341E-02 2.45102E-03 
1.47616E-02 1.90385E-03 
1.53884E-02 1.33368E-03 
1.60086E-02 7.45666E-04 
1.64601E-02 2.06276E-04 
1.70539E-02 -3.98006E-04 
1.76308E-02 -1.01009E-03 
1.81862E-02 -1.62504E-03 
1.87176E-02 -2.23837E-03 
1.92280E-02 -2.84696E-03 
1.97368E-02 -3.45170E-03 
2.03185E-02 -4.06775E-03 
2.12170E-02 -4.75777E-03 
2.30264E-02 -5.69627E-03 
2.63263E-02 -7.09998E-03 
3.02397E-02 -8.78742E-03 
3.29604E-02 -1.02089E-02 
1.17017E-02 4.81654E-03 
1.22666E-02 4.41148E-03 
1.23421E-02 3.88997E-03 
1.28672E-02 3.49896E-03 
1.34120E-02 3.07223E-03 
1.39722E-02 2.61248E-03 
1.45435E-02 2.12298E-03 
1.49901E-02 1.72617E-03 
1.51210E-02 1.60747E-03 
1.57451E-02 1.02723E-03 
1.63644E-02 4.27024E-04 
1.69728E-02 -1.87504E-04 
1.75642E-02 -8.10687E-04 
1.79716E-02 -1.36342E-03 
1.85177E-02 -1.98440E-03 
1.90374E-02 -2.60386E-03 
1.95267E-02 -3.21695E-03 
1.99837E-02 -3.81960E-03 
2.04128E-02 -4.40954E-03 
2.08352E-02 -4.98978E-03 
2.13291E-02 -5.58119E-03 
2.21473E-02 -6.26264E-03 
2.38991E-02 -7.24386E-03 
2.71657E-02 -8.76710E-03 
3.10261E-02 -1.05846E-02 
3.36338E-02 -1.20434E-02 
1.33004E-02 3.64714E-03 
1.38902E-02 3.16957E-03 
1.38698E-02 2.69153E-03 
1.44206E-02 2.23071E-03 
1.49845E-02 1.73795E-03 
1.55568E-02 1.21691E-03 
1.61323E-02 6.71719E-04 
1.65763E-02 2.36205E-04 
1.67055E-02 1.06970E-04 
1.73151E-02 -5.18318E-04 
1.79094E-02 -1.15451E-03 
1.84822E-02 -1.79544E-03 
1.90280E-02 -2.43518E-03 
1.93781E-02 -2.98485E-03 
1.98608E-02 -3.60338E-03 
2.03083E-02 -4.21097E-03 
2.07173E-02 -4.80316E-03 
2.10872E-02 -5.37650E-03 
2.14234E-02 -5.92981E-03 
2.17489E-02 -6.46826E-03 
2.21451E-02 -7.01821E-03 
2.28713E-02 -7.67341E-03 
2.45458E-02 -8.67497E-03 
2.77459E-02 -1.02861E-02 
3.15160E-02 -1.21969E-02 
3.39876E-02 -1.36637E-02 
1.49580E-02 2.33149E-03 
1.55598E-02 1.78874E-03 
1.54430E-02 1.35704E-03 
1.60042E-02 8.33835E-04 
1.65707E-02 2.83874E-04 
1.71371E-02 -2.88202E-04 
1.76982E-02 -8.77368E-04 
1.81252E-02 -1.34160E-03 
1.82484E-02 -1.47831E-03 
1.88235E-02 -2.13326E-03 
1.93734E-02 -2.78895E-03 
1.98925E-02 -3.43902E-03 
2.03754E-02 -4.07754E-03 
2.06551E-02 -4.60885E-03 
2.10599E-02 -5.20718E-03 
2.14220E-02 -5.78542E-03 
2.17393E-02 -6.33976E-03 
2.20122E-02 -6.86760E-03 
2.22471E-02 -7.36897E-03 
2.24689E-02 -7.85121E-03 
2.27611E-02 -8.34578E-03 
2.33870E-02 -8.95971E-03 
2.49686E-02 -9.96126E-03 
2.80740E-02 -1.16299E-02 
3.17228E-02 -1.35994E-02 
3.40412E-02 -1.50482E-02 
1.65581E-02 9.13682E-04 
1.71604E-02 3.14862E-04 
1.69545E-02 -6.93482E-05 
1.75156E-02 -6.45358E-04 
1.80741E-02 -1.24190E-03 
1.86243E-02 -1.85339E-03 
1.91605E-02 -2.47402E-03 
1.95623E-02 -2.95675E-03 
1.96772E-02 -3.09786E-03 
2.02064E-02 -3.76739E-03 
2.07007E-02 -4.42692E-03 
2.11547E-02 -5.07009E-03 
2.15640E-02 -5.69125E-03 
2.17661E-02 -6.19081E-03 
2.20837E-02 -6.75336E-03 
2.23523E-02 -7.28715E-03 
2.25708E-02 -7.78921E-03 
2.27408E-02 -8.25798E-03 
2.28700E-02 -8.69481E-03 
2.29844E-02 -9.10919E-03 
2.31696E-02 -9.53718E-03 
2.36902E-02 -1.00973E-02 
2.51664E-02 -1.10805E-02 
2.81530E-02 -1.27779E-02 
3.16540E-02 -1.47733E-02 
3.38064E-02 -1.61814E-02 
1.80422E-02 -5.37319E-04 
1.86308E-02 -1.18226E-03 
1.83436E-02 -1.52133E-03 
1.88934E-02 -2.14003E-03 
1.94340E-02 -2.77244E-03 
1.99596E-02 -3.41228E-03 
2.04637E-02 -4.05302E-03 
2.08353E-02 -4.54524E-03 
2.09404E-02 -4.68810E-03 
2.14170E-02 -5.35929E-03 
2.18489E-02 -6.00942E-03 
2.22315E-02 -6.63227E-03 
2.25610E-02 -7.22269E-03 
2.26821E-02 -7.67979E-03 
2.29075E-02 -8.19390E-03 
2.30784E-02 -8.67115E-03 
2.31949E-02 -9.10963E-03 
2.32600E-02 -9.50899E-03 
2.32826E-02 -9.87200E-03 
2.32900E-02 -1.02102E-02 
2.33687E-02 -1.05638E-02 
2.37826E-02 -1.10607E-02 
2.51451E-02 -1.20097E-02 
2.79941E-02 -1.37092E-02 
3.13268E-02 -1.57003E-02 
3.33063E-02 -1.70489E-02 
1.94850E-02 -2.02217E-03 
2.00596E-02 -2.70875E-03 
1.97037E-02 -3.00867E-03 
2.02363E-02 -3.66436E-03 
2.07497E-02 -4.32546E-03 
2.12377E-02 -4.98460E-03 
2.16942E-02 -5.63462E-03 
2.20224E-02 -6.12691E-03 
2.21139E-02 -6.26862E-03 
2.25199E-02 -6.92713E-03 
2.28729E-02 -7.55295E-03 
2.31689E-02 -8.14041E-03 
2.34051E-02 -8.68511E-03 
2.34353E-02 -9.08745E-03 
2.35592E-02 -9.53961E-03 
2.36250E-02 -9.94780E-03 
2.36343E-02 -1.03114E-02 
2.35911E-02 -1.06313E-02 
2.35056E-02 -1.09118E-02 
2.34058E-02 -1.11663E-02 
2.33783E-02 -1.14385E-02 
2.36845E-02 -1.18640E-02 
2.49262E-02 -1.27651E-02 
2.76210E-02 -1.44432E-02 
3.07677E-02 -1.64039E-02 
3.25684E-02 -1.76768E-02 
2.07724E-02 -3.47992E-03 
2.13198E-02 -4.19909E-03 
2.09025E-02 -4.46524E-03 
2.14071E-02 -5.14833E-03 
2.18845E-02 -5.82807E-03 
2.23286E-02 -6.49641E-03 
2.27338E-02 -7.14572E-03 
2.30171E-02 -7.63049E-03 
2.30945E-02 -7.76881E-03 
2.34279E-02 -8.40377E-03 
2.36993E-02 -8.99413E-03 
2.39063E-02 -9.53512E-03 
2.40476E-02 -1.00236E-02 
2.39876E-02 -1.03632E-02 
2.40095E-02 -1.07445E-02 
2.39708E-02 -1.10755E-02 
2.38743E-02 -1.13571E-02 
2.37251E-02 -1.15916E-02 
2.35347E-02 -1.17848E-02 
2.33317E-02 -1.19518E-02 
2.32024E-02 -1.21392E-02 
2.34034E-02 -1.24883E-02 
2.45215E-02 -1.33306E-02 
2.70510E-02 -1.49666E-02 
3.00002E-02 -1.68736E-02 
3.16217E-02 -1.80587E-02 
2.19292E-02 -4.89866E-03 
2.24384E-02 -5.64141E-03 
2.19652E-02 -5.87804E-03 
2.24308E-02 -6.57812E-03 
2.28630E-02 -7.26600E-03 
2.32552E-02 -7.93299E-03 
2.36013E-02 -8.57089E-03 
2.38339E-02 -9.03974E-03 
2.38957E-02 -9.17226E-03 
2.41505E-02 -9.77263E-03 
2.43365E-02 -1.03173E-02 
2.44519E-02 -1.08022E-02 
2.44965E-02 -1.12254E-02 
2.43463E-02 -1.14957E-02 
2.42662E-02 -1.17986E-02 
2.41238E-02 -1.20460E-02 
2.39234E-02 -1.22402E-02 
2.36715E-02 -1.23852E-02 
2.33804E-02 -1.24881E-02 
2.30796E-02 -1.25658E-02 
2.28538E-02 -1.26669E-02 
2.29538E-02 -1.29369E-02 
2.39473E-02 -1.37117E-02 
2.63033E-02 -1.52877E-02 
2.90470E-02 -1.71212E-02 
3.04913E-02 -1.82094E-02 
2.29486E-02 -6.25663E-03 
2.34275E-02 -7.02018E-03 
2.29153E-02 -7.23601E-03 
2.33438E-02 -7.94856E-03 
2.37315E-02 -8.63955E-03 
2.40688E-02 -9.29834E-03 
2.43492E-02 -9.91596E-03 
2.45242E-02 -1.03609E-02 
2.45682E-02 -1.04851E-02 
2.47326E-02 -1.10382E-02 
2.48211E-02 -1.15239E-02 
2.48342E-02 -1.19399E-02 
2.47737E-02 -1.22862E-02 
2.45283E-02 -1.24786E-02 
2.43433E-02 -1.26950E-02 
2.40967E-02 -1.28526E-02 
2.37940E-02 -1.29552E-02 
2.34430E-02 -1.30080E-02 
2.30565E-02 -1.30196E-02 
2.26641E-02 -1.30081E-02 
2.23488E-02 -1.30237E-02 
2.23534E-02 -1.32138E-02 
2.32238E-02 -1.39150E-02 
2.54019E-02 -1.54163E-02 
2.79361E-02 -1.71603E-02 
2.92082E-02 -1.81460E-02 
2.38161E-02 -7.53544E-03 
2.42398E-02 -8.30491E-03 
2.36845E-02 -8.49946E-03 
2.40558E-02 -9.20913E-03 
2.43775E-02 -9.88630E-03 
2.46440E-02 -1.05215E-02 
2.48505E-02 -1.11066E-02 
2.49667E-02 -1.15205E-02 
2.49932E-02 -1.16347E-02 
2.50715E-02 -1.21338E-02 
2.50700E-02 -1.25561E-02 
2.49891E-02 -1.29002E-02 
2.48321E-02 -1.31673E-02 
2.45003E-02 -1.32812E-02 
2.42184E-02 -1.34104E-02 
2.38756E-02 -1.34779E-02 
2.34790E-02 -1.34894E-02 
2.30373E-02 -1.34515E-02 
2.25644E-02 -1.33741E-02 
2.20895E-02 -1.32764E-02 
2.16936E-02 -1.32096E-02 
2.16101E-02 -1.33212E-02 
2.23605E-02 -1.39449E-02 
2.43583E-02 -1.53594E-02 
2.66812E-02 -1.70006E-02 
2.77878E-02 -1.78804E-02 
2.45054E-02 -8.70802E-03 
2.48888E-02 -9.48234E-03 
2.43140E-02 -9.66578E-03 
2.46393E-02 -1.03715E-02 
2.49061E-02 -1.10341E-02 
2.51072E-02 -1.16429E-02 
2.52381E-02 -1.21893E-02 
2.52899E-02 -1.25653E-02 
2.52969E-02 -1.26672E-02 
2.52794E-02 -1.31015E-02 
2.51781E-02 -1.34495E-02 
2.49943E-02 -1.37111E-02 
2.47331E-02 -1.38897E-02 
2.43099E-02 -1.39182E-02 
2.39289E-02 -1.39548E-02 
2.34910E-02 -1.39293E-02 
2.30040E-02 -1.38490E-02 
2.24777E-02 -1.37219E-02 
2.19259E-02 -1.35586E-02 
2.13775E-02 -1.33790E-02 
2.09102E-02 -1.32344E-02 
2.07471E-02 -1.32710E-02 
2.13827E-02 -1.38155E-02 
2.32013E-02 -1.51343E-02 
2.53152E-02 -1.66634E-02 
2.62654E-02 -1.74374E-02 
2.50583E-02 -9.77591E-03 
2.53769E-02 -1.05394E-02 
2.47654E-02 -1.07041E-02 
2.50194E-02 -1.13872E-02 
2.52096E-02 -1.20173E-02 
2.53306E-02 -1.25845E-02 
2.53782E-02 -1.30805E-02 
2.53638E-02 -1.34118E-02 
2.53511E-02 -1.34997E-02 
2.52387E-02 -1.38626E-02 
2.50424E-02 -1.41327E-02 
2.47655E-02 -1.43118E-02 
2.44134E-02 -1.44048E-02 
2.39129E-02 -1.43532E-02 
2.34471E-02 -1.43026E-02 
2.29276E-02 -1.41903E-02 
2.23636E-02 -1.40248E-02 
2.17654E-02 -1.38153E-02 
2.11473E-02 -1.35734E-02 
2.05376E-02 -1.33196E-02 
2.00106E-02 -1.31046E-02 
1.97780E-02 -1.30717E-02 
2.03057E-02 -1.35378E-02 
2.19485E-02 -1.47549E-02 
2.38582E-02 -1.61657E-02 
2.46629E-02 -1.68362E-02 
2.54133E-02 -1.07022E-02 
2.56674E-02 -1.14475E-02 
2.50351E-02 -1.15991E-02 
2.52322E-02 -1.22596E-02 
2.53582E-02 -1.28576E-02 
2.54081E-02 -1.33825E-02 
2.53778E-02 -1.38258E-02 
2.52994E-02 -1.41100E-02 
2.52675E-02 -1.41833E-02 
2.50610E-02 -1.44705E-02 
2.47674E-02 -1.46570E-02 
2.43927E-02 -1.47473E-02 
2.39454E-02 -1.47492E-02 
2.33659E-02 -1.46143E-02 
2.28167E-02 -1.44758E-02 
2.22200E-02 -1.42782E-02 
2.15857E-02 -1.40312E-02 
2.09244E-02 -1.37450E-02 
2.02502E-02 -1.34316E-02 
1.95901E-02 -1.31114E-02 
1.90145E-02 -1.28342E-02 
1.87228E-02 -1.27385E-02 
1.91506E-02 -1.31287E-02 
2.06235E-02 -1.42410E-02 
2.23363E-02 -1.55303E-02 
2.30074E-02 -1.61020E-02 
2.56294E-02 -1.15018E-02 
2.58144E-02 -1.22205E-02 
2.51506E-02 -1.23519E-02 
2.52656E-02 -1.29711E-02 
2.53027E-02 -1.35172E-02 
2.52618E-02 -1.39823E-02 
2.51403E-02 -1.43591E-02 
2.49922E-02 -1.45883E-02 
2.49401E-02 -1.46449E-02 
2.46400E-02 -1.48511E-02 
2.42583E-02 -1.49551E-02 
2.38009E-02 -1.49625E-02 
2.32760E-02 -1.48818E-02 
2.26345E-02 -1.46733E-02 
2.20192E-02 -1.44573E-02 
2.13621E-02 -1.41853E-02 
2.06736E-02 -1.38680E-02 
1.99645E-02 -1.35162E-02 
1.92486E-02 -1.31424E-02 
1.85520E-02 -1.27667E-02 
1.79408E-02 -1.24374E-02 
1.76013E-02 -1.22874E-02 
1.79389E-02 -1.26062E-02 
1.92498E-02 -1.36132E-02 
2.07754E-02 -1.47811E-02 
2.13262E-02 -1.52606E-02 
2.56573E-02 -1.21460E-02 
2.57620E-02 -1.28257E-02 
2.50658E-02 -1.29332E-02 
2.51064E-02 -1.35082E-02 
2.50752E-02 -1.40074E-02 
2.49610E-02 -1.44173E-02 
2.47607E-02 -1.47305E-02 
2.45506E-02 -1.49065E-02 
2.44804E-02 -1.49470E-02 
2.40917E-02 -1.50722E-02 
2.36209E-02 -1.50907E-02 
2.30795E-02 -1.50124E-02 
2.24780E-02 -1.48487E-02 
2.17771E-02 -1.45681E-02 
2.11008E-02 -1.42782E-02 
2.03905E-02 -1.39373E-02 
1.96568E-02 -1.35570E-02 
1.89104E-02 -1.31484E-02 
1.81644E-02 -1.27239E-02 
1.74430E-02 -1.23030E-02 
1.68079E-02 -1.19318E-02 
1.64318E-02 -1.17362E-02 
1.66888E-02 -1.19891E-02 
1.78470E-02 -1.28925E-02 
1.91965E-02 -1.39414E-02 
1.96403E-02 -1.43364E-02 
2.55442E-02 -1.26467E-02 
2.55707E-02 -1.32824E-02 
2.48487E-02 -1.33670E-02 
2.48089E-02 -1.38890E-02 
2.46849E-02 -1.43225E-02 
2.44749E-02 -1.46591E-02 
2.41839E-02 -1.48966E-02 
2.39068E-02 -1.50128E-02 
2.38179E-02 -1.50360E-02 
2.33465E-02 -1.50803E-02 
2.28017E-02 -1.50204E-02 
2.21921E-02 -1.48658E-02 
2.15290E-02 -1.46288E-02 
2.07838E-02 -1.42871E-02 
2.00635E-02 -1.39361E-02 
1.93173E-02 -1.35400E-02 
1.85551E-02 -1.31105E-02 
1.77871E-02 -1.26587E-02 
1.70257E-02 -1.21966E-02 
1.62932E-02 -1.17430E-02 
1.56467E-02 -1.13413E-02 
1.52456E-02 -1.11101E-02 
1.54332E-02 -1.13046E-02 
1.64508E-02 -1.21092E-02 
1.76383E-02 -1.30447E-02 
1.79898E-02 -1.33648E-02 
2.52786E-02 -1.30054E-02 
2.52164E-02 -1.35854E-02 
2.44515E-02 -1.36341E-02 
2.43200E-02 -1.40904E-02 
2.41149E-02 -1.44591E-02 
2.38345E-02 -1.47328E-02 
2.34746E-02 -1.49047E-02 
2.31404E-02 -1.49654E-02 
2.30342E-02 -1.49715E-02 
2.24807E-02 -1.49334E-02 
2.18606E-02 -1.47931E-02 
2.11860E-02 -1.45635E-02 
2.04683E-02 -1.42581E-02 
1.96870E-02 -1.38619E-02 
1.89323E-02 -1.34578E-02 
1.81605E-02 -1.30157E-02 
1.73810E-02 -1.25472E-02 
1.66030E-02 -1.20629E-02 
1.58378E-02 -1.15742E-02 
1.51057E-02 -1.10987E-02 
1.44589E-02 -1.06771E-02 
1.40431E-02 -1.04195E-02 
1.41711E-02 -1.05623E-02 
1.50586E-02 -1.12729E-02 
1.60964E-02 -1.21006E-02 
1.63682E-02 -1.23546E-02 
2.48821E-02 -1.32275E-02 
2.47274E-02 -1.37441E-02 
2.39265E-02 -1.37574E-02 
2.37119E-02 -1.41482E-02 
2.34223E-02 -1.44459E-02 
2.30537E-02 -1.46421E-02 
2.26074E-02 -1.47337E-02 
2.22156E-02 -1.47364E-02 
2.20941E-02 -1.47264E-02 
2.14744E-02 -1.46143E-02 
2.07965E-02 -1.44047E-02 
2.00723E-02 -1.41109E-02 
1.93141E-02 -1.37481E-02 
1.85088E-02 -1.33076E-02 
1.77324E-02 -1.28617E-02 
1.69479E-02 -1.23854E-02 
1.61638E-02 -1.18898E-02 
1.53881E-02 -1.13849E-02 
1.46309E-02 -1.08814E-02 
1.39102E-02 -1.03953E-02 
1.32734E-02 -9.96402E-03 
1.28526E-02 -9.68930E-03 
1.29314E-02 -9.78835E-03 
1.37012E-02 -1.04118E-02 
1.46037E-02 -1.11396E-02 
1.48087E-02 -1.13371E-02 
2.43605E-02 -1.33174E-02 
2.41212E-02 -1.37700E-02 
2.32855E-02 -1.37456E-02 
2.29830E-02 -1.40637E-02 
2.26049E-02 -1.42838E-02 
2.21537E-02 -1.44023E-02 
2.16317E-02 -1.44181E-02 
2.11844E-02 -1.43626E-02 
2.10476E-02 -1.43360E-02 
2.03607E-02 -1.41482E-02 
1.96278E-02 -1.38709E-02 
1.88634E-02 -1.35203E-02 
1.80790E-02 -1.31118E-02 
1.72648E-02 -1.26402E-02 
1.64824E-02 -1.21665E-02 
1.57000E-02 -1.16697E-02 
1.49250E-02 -1.11602E-02 
1.41642E-02 -1.06473E-02 
1.34262E-02 -1.01405E-02 
1.27272E-02 -9.65441E-03 
1.21096E-02 -9.22325E-03 
1.16928E-02 -8.94010E-03 
1.17321E-02 -9.00320E-03 
1.23969E-02 -9.54734E-03 
1.31785E-02 -1.01842E-02 
1.33287E-02 -1.03346E-02 
2.37470E-02 -1.32961E-02 
2.34169E-02 -1.36770E-02 
2.25346E-02 -1.36049E-02 
2.21397E-02 -1.38431E-02 
2.16756E-02 -1.39836E-02 
2.11469E-02 -1.40250E-02 
2.05613E-02 -1.39709E-02 
2.00746E-02 -1.38674E-02 
1.99265E-02 -1.38270E-02 
1.91881E-02 -1.35744E-02 
1.84105E-02 -1.32375E-02 
1.76126E-02 -1.28363E-02 
1.68088E-02 -1.23888E-02 
1.59938E-02 -1.18945E-02 
1.52158E-02 -1.14033E-02 
1.44462E-02 -1.08971E-02 
1.36906E-02 -1.03847E-02 
1.29544E-02 -9.87415E-03 
1.22446E-02 -9.37385E-03 
1.15753E-02 -8.89685E-03 
1.09843E-02 -8.47411E-03 
1.05788E-02 -8.19016E-03 
1.05875E-02 -8.22472E-03 
1.11598E-02 -8.69784E-03 
1.18344E-02 -9.25313E-03 
1.19407E-02 -9.36517E-03 
2.30347E-02 -1.31629E-02 
2.26218E-02 -1.34729E-02 
2.17034E-02 -1.33569E-02 
2.12239E-02 -1.35170E-02 
2.06818E-02 -1.35804E-02 
2.00845E-02 -1.35490E-02 
1.94316E-02 -1.34214E-02 
1.88924E-02 -1.32602E-02 
1.87306E-02 -1.32040E-02 
1.79435E-02 -1.28885E-02 
1.71408E-02 -1.25070E-02 
1.63322E-02 -1.20738E-02 
1.55269E-02 -1.16032E-02 
1.47227E-02 -1.10975E-02 
1.39584E-02 -1.05989E-02 
1.32098E-02 -1.00923E-02 
1.24814E-02 -9.58590E-03 
1.17772E-02 -9.08645E-03 
1.11026E-02 -8.60098E-03 
1.04694E-02 -8.14073E-03 
9.91090E-03 -7.73335E-03 
9.52269E-03 -7.45508E-03 
9.50869E-03 -7.46792E-03 
1.00002E-02 -7.87834E-03 
1.05813E-02 -8.36141E-03 
1.06531E-02 -8.44296E-03 
2.22593E-02 -1.29425E-02 
2.17568E-02 -1.31742E-02 
2.08012E-02 -1.30116E-02 
2.02461E-02 -1.30968E-02 
1.96295E-02 -1.30835E-02 
1.89616E-02 -1.29762E-02 
1.82505E-02 -1.27807E-02 
1.76770E-02 -1.25746E-02 
1.75068E-02 -1.25065E-02 
1.66854E-02 -1.21395E-02 
1.58605E-02 -1.17173E-02 
1.50452E-02 -1.12571E-02 
1.42459E-02 -1.07714E-02 
1.34621E-02 -1.02643E-02 
1.27226E-02 -9.76943E-03 
1.20054E-02 -9.27354E-03 
1.13133E-02 -8.78313E-03 
1.06488E-02 -8.30349E-03 
1.00155E-02 -7.84030E-03 
9.42343E-03 -7.40321E-03 
8.90170E-03 -7.01677E-03 
8.53527E-03 -6.74942E-03 
8.50542E-03 -6.74657E-03 
8.92713E-03 -7.10240E-03 
9.42724E-03 -7.52232E-03 
9.47270E-03 -7.58023E-03 
2.14376E-02 -1.26494E-02 
2.08552E-02 -1.28064E-02 
1.98595E-02 -1.25938E-02 
1.92235E-02 -1.25988E-02 
1.85340E-02 -1.25084E-02 
1.78020E-02 -1.23289E-02 
1.70410E-02 -1.20710E-02 
1.64427E-02 -1.18271E-02 
1.62672E-02 -1.17496E-02 
1.54289E-02 -1.13451E-02 
1.45967E-02 -1.08952E-02 
1.37807E-02 -1.04150E-02 
1.29940E-02 -9.92190E-03 
1.22384E-02 -9.42231E-03 
1.15320E-02 -8.94064E-03 
1.08541E-02 -8.46428E-03 
1.02047E-02 -7.99752E-03 
9.58484E-03 -7.54420E-03 
8.99684E-03 -7.10872E-03 
8.44880E-03 -6.69930E-03 
7.96630E-03 -6.33764E-03 
7.62460E-03 -6.08498E-03 
7.58442E-03 -6.07146E-03 
7.94642E-03 -6.38030E-03 
8.37681E-03 -6.74555E-03 
8.40242E-03 -6.78546E-03 
2.05739E-02 -1.22905E-02 
1.99130E-02 -1.23718E-02 
1.88832E-02 -1.21117E-02 
1.81789E-02 -1.20434E-02 
1.74230E-02 -1.18794E-02 
1.66368E-02 -1.16344E-02 
1.58370E-02 -1.13226E-02 
1.52170E-02 -1.10443E-02 
1.50365E-02 -1.09579E-02 
1.41857E-02 -1.05213E-02 
1.33546E-02 -1.00523E-02 
1.25557E-02 -9.56808E-03 
1.17962E-02 -9.08177E-03 
1.10766E-02 -8.59848E-03 
1.04091E-02 -8.13709E-03 
9.77452E-03 -7.68611E-03 
9.17117E-03 -7.24795E-03 
8.59820E-03 -6.82494E-03 
8.05689E-03 -6.42034E-03 
7.55375E-03 -6.04104E-03 
7.11109E-03 -5.70622E-03 
6.79547E-03 -5.47052E-03 
6.74915E-03 -5.45022E-03 
7.06023E-03 -5.71885E-03 
7.43086E-03 -6.03702E-03 
7.44166E-03 -6.06333E-03 
1.96871E-02 -1.18821E-02 
1.89494E-02 -1.18872E-02 
1.78854E-02 -1.15787E-02 
1.71199E-02 -1.14411E-02 
1.63127E-02 -1.12138E-02 
1.54837E-02 -1.09119E-02 
1.46528E-02 -1.05531E-02 
1.40194E-02 -1.02475E-02 
1.38364E-02 -1.01545E-02 
1.29802E-02 -9.69321E-03 
1.21598E-02 -9.21512E-03 
1.13848E-02 -8.73509E-03 
1.06608E-02 -8.26475E-03 
9.98607E-03 -7.80734E-03 
9.36411E-03 -7.37393E-03 
8.77656E-03 -6.95341E-03 
8.22092E-03 -6.54725E-03 
7.69558E-03 -6.15688E-03 
7.20086E-03 -5.78468E-03 
6.74196E-03 -5.43639E-03 
6.33831E-03 -5.12893E-03 
6.04878E-03 -4.91111E-03 
5.99925E-03 -4.88677E-03 
6.26684E-03 -5.12097E-03 
6.58615E-03 -5.39854E-03 
6.58573E-03 -5.41438E-03 
1.87954E-02 -1.14386E-02 
1.79899E-02 -1.13726E-02 
1.68934E-02 -1.10168E-02 
1.60716E-02 -1.08133E-02 
1.52233E-02 -1.05305E-02 
1.43627E-02 -1.01808E-02 
1.35141E-02 -9.78651E-03 
1.28756E-02 -9.46172E-03 
1.26921E-02 -9.36415E-03 
1.18421E-02 -8.88982E-03 
1.10421E-02 -8.41302E-03 
1.03016E-02 -7.94842E-03 
9.62066E-03 -7.50285E-03 
8.99314E-03 -7.07568E-03 
8.41776E-03 -6.67334E-03 
7.87771E-03 -6.28561E-03 
7.36926E-03 -5.91267E-03 
6.89002E-03 -5.55515E-03 
6.43961E-03 -5.21472E-03 
6.02226E-03 -4.89631E-03 
5.65502E-03 -4.61497E-03 
5.39007E-03 -4.41444E-03 
5.33903E-03 -4.38768E-03 
5.56956E-03 -4.59243E-03 
5.84489E-03 -4.83506E-03 
5.83563E-03 -4.84246E-03 
1.78988E-02 -1.09659E-02 
1.70315E-02 -1.08321E-02 
1.59097E-02 -1.04337E-02 
1.50413E-02 -1.01711E-02 
1.41555E-02 -9.83623E-03 
1.32729E-02 -9.44737E-03 
1.24171E-02 -9.02725E-03 
1.17810E-02 -8.69063E-03 
1.15997E-02 -8.59113E-03 
1.07694E-02 -8.11696E-03 
1.00033E-02 -7.65490E-03 
9.30586E-03 -7.21540E-03 
8.67123E-03 -6.79974E-03 
8.09237E-03 -6.40613E-03 
7.56432E-03 -6.03720E-03 
7.07125E-03 -5.68325E-03 
6.60837E-03 -5.34336E-03 
6.17268E-03 -5.01753E-03 
5.76342E-03 -4.70705E-03 
5.38417E-03 -4.41630E-03 
5.05002E-03 -4.15887E-03 
4.80740E-03 -3.97412E-03 
4.75543E-03 -3.94548E-03 
4.95348E-03 -4.12424E-03 
5.19014E-03 -4.33591E-03 
5.17319E-03 -4.33574E-03 
1.70073E-02 -1.04732E-02 
1.60887E-02 -1.02785E-02 
1.49468E-02 -9.84144E-03 
1.40387E-02 -9.52554E-03 
1.31280E-02 -9.14894E-03 
1.22333E-02 -8.72996E-03 
1.13788E-02 -8.29280E-03 
1.07543E-02 -7.95362E-03 
1.05782E-02 -7.85512E-03 
9.78038E-03 -7.39418E-03 
9.05632E-03 -6.95647E-03 
8.40632E-03 -6.54828E-03 
7.82190E-03 -6.16802E-03 
7.29415E-03 -5.81177E-03 
6.81369E-03 -5.47786E-03 
6.36539E-03 -5.15691E-03 
5.94438E-03 -4.84780E-03 
5.54772E-03 -4.55048E-03 
5.17472E-03 -4.26632E-03 
4.82864E-03 -3.99948E-03 
4.52308E-03 -3.76245E-03 
4.29955E-03 -3.59089E-03 
4.24628E-03 -3.55995E-03 
4.41541E-03 -3.71530E-03 
4.61765E-03 -3.89907E-03 
4.59333E-03 -3.89139E-03 
1.61295E-02 -9.96944E-03 
1.51669E-02 -9.71898E-03 
1.40127E-02 -9.24948E-03 
1.30755E-02 -8.88892E-03 
1.21483E-02 -8.47853E-03 
1.12531E-02 -8.04040E-03 
1.04108E-02 -7.59733E-03 
9.80598E-03 -7.26400E-03 
9.63713E-03 -7.16884E-03 
8.88239E-03 -6.73276E-03 
8.20910E-03 -6.32928E-03 
7.61153E-03 -5.95903E-03 
7.07949E-03 -5.61797E-03 
6.60126E-03 -5.29926E-03 
6.16540E-03 -4.99886E-03 
5.75757E-03 -4.70795E-03 
5.37309E-03 -4.42549E-03 
5.00966E-03 -4.15203E-03 
4.66703E-03 -3.88933E-03 
4.34846E-03 -3.64169E-03 
4.06640E-03 -3.42079E-03 
3.85816E-03 -3.25918E-03 
3.80251E-03 -3.22481E-03 
3.94514E-03 -3.35829E-03 
4.11601E-03 -3.51613E-03 
4.08400E-03 -3.50041E-03 
1.52697E-02 -9.46098E-03 
1.42717E-02 -9.16107E-03 
1.31120E-02 -8.66487E-03 
1.21565E-02 -8.26873E-03 
1.12245E-02 -7.83510E-03 
1.03395E-02 -7.38843E-03 
9.51985E-03 -6.95043E-03 
8.94142E-03 -6.63064E-03 
8.78203E-03 -6.54121E-03 
8.07925E-03 -6.14032E-03 
7.46424E-03 -5.78004E-03 
6.92407E-03 -5.45404E-03 
6.44372E-03 -5.15324E-03 
6.01176E-03 -4.87034E-03 
5.61521E-03 -4.59955E-03 
5.24143E-03 -4.33347E-03 
4.88672E-03 -4.07194E-03 
4.54974E-03 -3.81645E-03 
4.23096E-03 -3.56954E-03 
3.93387E-03 -3.33582E-03 
3.67004E-03 -3.12641E-03 
3.47316E-03 -2.97119E-03 
3.41360E-03 -2.93176E-03 
3.53123E-03 -3.04406E-03 
3.67276E-03 -3.17711E-03 
3.63247E-03 -3.15246E-03 
1.44312E-02 -8.95279E-03 
1.34069E-02 -8.61047E-03 
1.22493E-02 -8.09403E-03 
1.12842E-02 -7.67036E-03 
1.03573E-02 -7.22312E-03 
9.49459E-03 -6.77966E-03 
8.70983E-03 -6.35918E-03 
8.16550E-03 -6.06144E-03 
8.01696E-03 -5.97960E-03 
7.37201E-03 -5.62172E-03 
6.82015E-03 -5.31119E-03 
6.33960E-03 -5.03309E-03 
5.90908E-03 -4.77208E-03 
5.51759E-03 -4.52063E-03 
5.15325E-03 -4.27351E-03 
4.80601E-03 -4.02563E-03 
4.47355E-03 -3.77827E-03 
4.15581E-03 -3.53421E-03 
3.85422E-03 -3.29701E-03 
3.57268E-03 -3.07181E-03 
3.32205E-03 -2.86932E-03 
3.13277E-03 -2.71704E-03 
3.06766E-03 -2.67075E-03 
3.16110E-03 -2.76194E-03 
3.27468E-03 -2.87070E-03 
3.22550E-03 -2.83627E-03 
1.36128E-02 -8.44697E-03 
1.25716E-02 -8.06948E-03 
1.14246E-02 -7.54013E-03 
1.04615E-02 -7.09916E-03 
9.55001E-03 -6.64825E-03 
8.71895E-03 -6.21802E-03 
7.98025E-03 -5.82665E-03 
7.47737E-03 -5.55906E-03 
7.34195E-03 -5.48724E-03 
6.76245E-03 -5.18142E-03 
6.27366E-03 -4.92285E-03 
5.84874E-03 -4.69073E-03 
5.46438E-03 -4.46691E-03 
5.10819E-03 -4.24242E-03 
4.76814E-03 -4.01180E-03 
4.43826E-03 -3.77367E-03 
4.11929E-03 -3.53231E-03 
3.81309E-03 -3.29248E-03 
3.52219E-03 -3.05892E-03 
3.25081E-03 -2.83722E-03 
3.00906E-03 -2.63765E-03 
2.82428E-03 -2.48535E-03 
2.75220E-03 -2.43060E-03 
2.82197E-03 -2.50050E-03 
2.90861E-03 -2.58517E-03 
2.85035E-03 -2.54049E-03 
1.28107E-02 -7.94367E-03 
1.17611E-02 -7.53784E-03 
1.06320E-02 -7.00205E-03 
9.68246E-03 -6.55390E-03 
8.79934E-03 -6.11119E-03 
8.00945E-03 -5.70409E-03 
7.32506E-03 -5.35113E-03 
6.87021E-03 -5.12101E-03 
6.74918E-03 -5.06081E-03 
6.23886E-03 -4.81248E-03 
5.81433E-03 -4.60844E-03 
5.44126E-03 -4.41988E-03 
5.09396E-03 -4.22552E-03 
4.76228E-03 -4.01812E-03 
4.43703E-03 -3.79485E-03 
4.11620E-03 -3.55829E-03 
3.80323E-03 -3.31554E-03 
3.50217E-03 -3.07368E-03 
3.21681E-03 -2.83877E-03 
2.95157E-03 -2.61675E-03 
2.71571E-03 -2.41728E-03 
2.53347E-03 -2.26308E-03 
2.45363E-03 -2.19884E-03 
2.50021E-03 -2.24725E-03 
2.56091E-03 -2.30809E-03 
2.49404E-03 -2.25336E-03 
1.20210E-02 -7.44288E-03 
1.09754E-02 -7.01799E-03 
9.87351E-03 -6.48366E-03 
8.94764E-03 -6.03751E-03 
8.10233E-03 -5.61225E-03 
7.36284E-03 -5.23777E-03 
6.74086E-03 -4.93198E-03 
6.33939E-03 -4.74526E-03 
6.23407E-03 -4.69820E-03 
5.79548E-03 -4.51119E-03 
5.43170E-03 -4.35965E-03 
5.10359E-03 -4.20874E-03 
4.78373E-03 -4.03475E-03 
4.46526E-03 -3.83354E-03 
4.14341E-03 -3.60647E-03 
3.82158E-03 -3.36157E-03 
3.50695E-03 -3.10987E-03 
3.20567E-03 -2.86068E-03 
2.92224E-03 -2.62091E-03 
2.66090E-03 -2.39646E-03 
2.42970E-03 -2.19599E-03 
2.24952E-03 -2.03949E-03 
2.16222E-03 -1.96585E-03 
2.18671E-03 -1.99323E-03 
2.22311E-03 -2.03114E-03 
2.14918E-03 -1.96769E-03 
1.12286E-02 -6.93719E-03 
1.01985E-02 -6.50181E-03 
9.13586E-03 -5.97838E-03 
8.24568E-03 -5.54435E-03 
7.44720E-03 -5.14507E-03 
6.76733E-03 -4.81209E-03 
6.21520E-03 -4.56102E-03 
5.86877E-03 -4.42024E-03 
5.77924E-03 -4.38667E-03 
5.41127E-03 -4.26088E-03 
5.10396E-03 -4.15816E-03 
4.81249E-03 -4.03685E-03 
4.50782E-03 -3.87115E-03 
4.18956E-03 -3.66304E-03 
3.85982E-03 -3.42063E-03 
3.52830E-03 -3.15848E-03 
3.20634E-03 -2.89196E-03 
2.90170E-03 -2.63221E-03 
2.61901E-03 -2.38642E-03 
2.36177E-03 -2.15982E-03 
2.13627E-03 -1.95954E-03 
1.95967E-03 -1.80229E-03 
1.86659E-03 -1.72073E-03 
1.87088E-03 -1.72838E-03 
1.88537E-03 -1.74513E-03 
1.80716E-03 -1.67557E-03 
1.04110E-02 -6.41459E-03 
9.41162E-03 -5.97923E-03 
8.39942E-03 -5.47517E-03 
7.55704E-03 -5.06284E-03 
6.81753E-03 -4.69947E-03 
6.20524E-03 -4.41500E-03 
5.72699E-03 -4.22251E-03 
5.43842E-03 -4.13009E-03 
5.36508E-03 -4.11032E-03 
5.06553E-03 -4.04350E-03 
4.80765E-03 -3.98243E-03 
4.54054E-03 -3.87838E-03 
4.23776E-03 -3.70719E-03 
3.90689E-03 -3.47875E-03 
3.55906E-03 -3.21021E-03 
3.21123E-03 -2.92369E-03 
2.87882E-03 -2.63895E-03 
2.57082E-03 -2.36852E-03 
2.29107E-03 -2.11891E-03 
2.04129E-03 -1.89365E-03 
1.82531E-03 -1.69755E-03 
1.65604E-03 -1.54344E-03 
1.56056E-03 -1.45724E-03 
1.54787E-03 -1.44787E-03 
1.54411E-03 -1.44656E-03 
1.46571E-03 -1.37491E-03 
9.53301E-03 -5.85512E-03 
8.58268E-03 -5.43167E-03 
7.63666E-03 -4.95770E-03 
6.85676E-03 -4.57749E-03 
6.18647E-03 -4.25738E-03 
5.64933E-03 -4.02658E-03 
5.24852E-03 -3.89443E-03 
5.01710E-03 -3.84868E-03 
4.95952E-03 -3.84197E-03 
4.72373E-03 -3.82801E-03 
4.50591E-03 -3.79804E-03 
4.25215E-03 -3.69882E-03 
3.93920E-03 -3.50873E-03 
3.58555E-03 -3.24857E-03 
3.21215E-03 -2.94556E-03 
2.84549E-03 -2.63154E-03 
2.50448E-03 -2.33008E-03 
2.19788E-03 -2.05367E-03 
1.92734E-03 -1.80666E-03 
1.69184E-03 -1.58983E-03 
1.49203E-03 -1.40487E-03 
1.33609E-03 -1.26017E-03 
1.24341E-03 -1.17449E-03 
1.21848E-03 -1.15246E-03 
1.20154E-03 -1.13775E-03 
1.12820E-03 -1.06932E-03 
8.54124E-03 -5.22762E-03 
7.66342E-03 -4.83021E-03 
6.80251E-03 -4.39803E-03 
6.10038E-03 -4.05921E-03 
5.51128E-03 -3.78891E-03 
5.05567E-03 -3.61363E-03 
4.73292E-03 -3.53855E-03 
4.55645E-03 -3.53441E-03 
4.51342E-03 -3.53879E-03 
4.33474E-03 -3.56743E-03 
4.14842E-03 -3.55672E-03 
3.89918E-03 -3.45072E-03 
3.56958E-03 -3.23288E-03 
3.18956E-03 -2.93566E-03 
2.79212E-03 -2.59844E-03 
2.41224E-03 -2.26186E-03 
2.07157E-03 -1.95242E-03 
1.77699E-03 -1.68076E-03 
1.52658E-03 -1.44760E-03 
1.31557E-03 -1.24990E-03 
1.14096E-03 -1.08564E-03 
1.00605E-03 -9.58476E-04 
9.22745E-04 -8.80055E-04 
8.91806E-04 -8.51354E-04 
8.68057E-04 -8.29347E-04 
8.05465E-04 -7.70024E-04 
7.36891E-03 -4.49275E-03 
6.58989E-03 -4.13599E-03 
5.83773E-03 -3.75887E-03 
5.23048E-03 -3.46985E-03 
4.73303E-03 -3.25206E-03 
4.36195E-03 -3.12813E-03 
4.11243E-03 -3.09872E-03 
3.98459E-03 -3.12474E-03 
3.95422E-03 -3.13679E-03 
3.82264E-03 -3.19126E-03 
3.66090E-03 -3.18692E-03 
3.41669E-03 -3.06961E-03 
3.07749E-03 -2.82738E-03 
2.68369E-03 -2.50325E-03 
2.27979E-03 -2.14800E-03 
1.90666E-03 -1.80827E-03 
1.58589E-03 -1.51048E-03 
1.32095E-03 -1.26166E-03 
1.10561E-03 -1.05798E-03 
9.31275E-04 -8.92358E-04 
7.91528E-04 -7.59220E-04 
6.85359E-04 -6.57916E-04 
6.18140E-04 -5.93790E-04 
5.88115E-04 -5.65273E-04 
5.64341E-04 -5.42668E-04 
5.17234E-04 -4.97517E-04 
5.97800E-03 -3.62868E-03 
5.32455E-03 -3.32660E-03 
4.70121E-03 -3.01426E-03 
4.20261E-03 -2.77934E-03 
3.80184E-03 -2.61028E-03 
3.51058E-03 -2.52435E-03 
3.32257E-03 -2.51972E-03 
3.22978E-03 -2.55540E-03 
3.20779E-03 -2.56885E-03 
3.10690E-03 -2.62319E-03 
2.96559E-03 -2.61230E-03 
2.73772E-03 -2.48811E-03 
2.41768E-03 -2.24538E-03 
2.04990E-03 -1.93130E-03 
1.68184E-03 -1.59916E-03 
1.35379E-03 -1.29458E-03 
1.08397E-03 -1.04011E-03 
8.71680E-04 -8.38090E-04 
7.07331E-04 -6.80870E-04 
5.80085E-04 -5.58775E-04 
4.81771E-04 -4.64276E-04 
4.08753E-04 -3.94024E-04 
3.61964E-04 -3.48991E-04 
3.38675E-04 -3.26578E-04 
3.20307E-04 -3.08878E-04 
2.90266E-04 -2.79888E-04 
4.46126E-03 -2.69310E-03 
3.94755E-03 -2.45294E-03 
3.46290E-03 -2.20925E-03 
3.07608E-03 -2.02635E-03 
2.76790E-03 -1.89654E-03 
2.54364E-03 -1.83005E-03 
2.39659E-03 -1.82331E-03 
2.32089E-03 -1.84523E-03 
2.30221E-03 -1.85335E-03 
2.21278E-03 -1.88040E-03 
2.08751E-03 -1.85138E-03 
1.89490E-03 -1.73358E-03 
1.63621E-03 -1.52903E-03 
1.34871E-03 -1.27786E-03 
1.07045E-03 -1.02292E-03 
8.31374E-04 -7.98438E-04 
6.42501E-04 -6.18689E-04 
5.00072E-04 -4.82122E-04 
3.94363E-04 -3.80354E-04 
3.15668E-04 -3.04438E-04 
2.56856E-04 -2.47651E-04 
2.14154E-04 -2.06402E-04 
1.86776E-04 -1.79936E-04 
1.72448E-04 -1.66051E-04 
1.61373E-04 -1.55304E-04 
1.45259E-04 -1.39718E-04 
---
