PdfType: replica
Format: lhagrid1
---
1.00000E-06 1.28121E-06 1.64152E-06 2.10317E-06 2.69463E-06 3.45242E-06 4.42329E-06 5.66715E-06 7.26076E-06 9.30241E-06 1.19180E-05 1.52689E-05 1.95617E-05 2.50609E-05 3.21053E-05 4.11287E-05 5.26863E-05 6.74889E-05 8.64459E-05 1.10720E-04 1.41800E-04 1.81585E-04 2.32503E-04 2.97652E-04 3.80981E-04 4.87518E-04 6.26039E-04 8.00452E-04 1.02297E-03 1.30657E-03 1.66759E-03 2.12729E-03 2.71054E-03 3.44865E-03 4.37927E-03 5.54908E-03 7.01192E-03 8.83064E-03 1.10763E-02 1.38266E-02 1.71641E-02 2.11717E-02 2.59364E-02 3.15062E-02 3.79623E-02 4.53425E-02 5.36750E-02 6.29705E-02 7.32221E-02 8.44039E-02 9.64793E-02 1.09332E-01 1.23067E-01 1.37507E-01 1.52639E-01 1.68416E-01 1.84794E-01 2.01731E-01 2.19016E-01 2.36948E-01 2.55242E-01 2.73927E-01 2.92954E-01 3.12340E-01 3.32036E-01 3.52019E-01 3.72282E-01 3.92772E-01 4.13533E-01 4.34326E-01 4.55495E-01 4.76836E-01 4.98342E-01 5.20006E-01 5.41818E-01 5.63773E-01 5.85861E-01 6.08077E-01 6.30459E-01 6.52800E-01 6.75387E-01 6.98063E-01 7.20830E-01 7.43683E-01 7.66623E-01 7.89636E-01 8.12791E-01 8.35940E-01 8.59175E-01 8.82485E-01 9.05866E-01 9.29311E-01 9.52817E-01 9.76387E-01 1.00000E+00 
1.14018E+00 1.22539E+00 1.32482E+00 1.44156E+00 1.57954E+00 1.74381E+00 1.94091E+00 2.12132E+00 2.17945E+00 2.49622E+00 2.89383E+00 3.39925E+00 4.05063E+00 4.90286E+00 6.03623E+00 7.57063E+00 9.68869E+00 1.26749E+01 1.69835E+01 2.33578E+01 3.30501E+01 4.82334E+01 7.28041E+01 1.13998E+02 1.85779E+02 3.16228E+02 
908 909 
-9.49082E-05 -4.23244E-05 
-9.67693E-05 -4.32213E-05 
-9.84792E-05 -4.49685E-05 
-1.00445E-04 -4.62542E-05 
-1.02526E-04 -4.76600E-05 
-1.04747E-04 -4.92222E-05 
-1.07141E-04 -5.09833E-05 
-1.09142E-04 -5.25131E-05 
-1.09756E-04 -5.29920E-05 
-1.12892E-04 -5.54974E-05 
-1.16455E-04 -5.84283E-05 
-1.20571E-04 -6.18653E-05 
-1.25395E-04 -6.58943E-05 
-1.33056E-04 -7.07983E-05 
-1.41456E-04 -7.66397E-05 
-1.51432E-04 -8.33479E-05 
-1.63314E-04 -9.10328E-05 
-1.77498E-04 -9.98165E-05 
-1.94501E-04 -1.09855E-04 
-2.15109E-04 -1.21417E-04 
-2.40953E-04 -1.35196E-04 
-2.76462E-04 -1.53350E-04 
-3.33109E-04 -1.81643E-04 
-4.27299E-04 -2.27768E-04 
-5.54969E-04 -2.87587E-04 
-6.86918E-04 -3.44311E-04 
-1.04259E-04 -4.35811E-05 
-1.06157E-04 -4.46896E-05 
-1.07990E-04 -4.67906E-05 
-1.10059E-04 -4.83220E-05 
-1.12262E-04 -4.99869E-05 
-1.14627E-04 -5.18260E-05 
-1.17195E-04 -5.38862E-05 
-1.19357E-04 -5.56652E-05 
-1.20022E-04 -5.62201E-05 
-1.23442E-04 -5.91105E-05 
-1.27359E-04 -6.24658E-05 
-1.31916E-04 -6.63705E-05 
-1.37288E-04 -7.09129E-05 
-1.45764E-04 -7.62739E-05 
-1.55106E-04 -8.26915E-05 
-1.66201E-04 -9.00201E-05 
-1.79404E-04 -9.83688E-05 
-1.95145E-04 -1.07858E-04 
-2.13981E-04 -1.18643E-04 
-2.36760E-04 -1.30998E-04 
-2.65254E-04 -1.45647E-04 
-3.04312E-04 -1.64883E-04 
-3.66515E-04 -1.94833E-04 
-4.69805E-04 -2.43608E-04 
-6.09507E-04 -3.06604E-04 
-7.53333E-04 -3.65809E-04 
-1.12680E-04 -4.62585E-05 
-1.14680E-04 -4.75636E-05 
-1.16754E-04 -4.99854E-05 
-1.18996E-04 -5.17516E-05 
-1.21394E-04 -5.36652E-05 
-1.23981E-04 -5.57713E-05 
-1.26806E-04 -5.81215E-05 
-1.29195E-04 -6.01434E-05 
-1.29933E-04 -6.07727E-05 
-1.33738E-04 -6.40401E-05 
-1.38121E-04 -6.78127E-05 
-1.43242E-04 -7.21779E-05 
-1.49296E-04 -7.72258E-05 
-1.58729E-04 -8.30106E-05 
-1.69173E-04 -8.99846E-05 
-1.81560E-04 -9.79104E-05 
-1.96274E-04 -1.06895E-04 
-2.13777E-04 -1.17057E-04 
-2.34666E-04 -1.28548E-04 
-2.59855E-04 -1.41646E-04 
-2.91265E-04 -1.57110E-04 
-3.34190E-04 -1.77371E-04 
-4.02399E-04 -2.08932E-04 
-5.15480E-04 -2.60323E-04 
-6.68084E-04 -3.26404E-04 
-8.24586E-04 -3.87882E-04 
-1.20694E-04 -5.01632E-05 
-1.22867E-04 -5.16403E-05 
-1.25286E-04 -5.43536E-05 
-1.27777E-04 -5.63355E-05 
-1.30447E-04 -5.84796E-05 
-1.33337E-04 -6.08360E-05 
-1.36503E-04 -6.34608E-05 
-1.39190E-04 -6.57147E-05 
-1.40022E-04 -6.64153E-05 
-1.44318E-04 -7.00458E-05 
-1.49282E-04 -7.42227E-05 
-1.55092E-04 -7.90356E-05 
-1.61966E-04 -8.45753E-05 
-1.72495E-04 -9.07439E-05 
-1.84204E-04 -9.82473E-05 
-1.98058E-04 -1.06740E-04 
-2.14472E-04 -1.16325E-04 
-2.33941E-04 -1.27117E-04 
-2.57103E-04 -1.39263E-04 
-2.84939E-04 -1.53043E-04 
-3.19530E-04 -1.69249E-04 
-3.66647E-04 -1.90454E-04 
-4.41339E-04 -2.23541E-04 
-5.64958E-04 -2.77434E-04 
-7.31396E-04 -3.46411E-04 
-9.01397E-04 -4.09870E-04 
-1.28847E-04 -5.50188E-05 
-1.31261E-04 -5.66400E-05 
-1.34114E-04 -5.96246E-05 
-1.36927E-04 -6.18000E-05 
-1.39945E-04 -6.41541E-05 
-1.43215E-04 -6.67420E-05 
-1.46807E-04 -6.96244E-05 
-1.49859E-04 -7.20982E-05 
-1.50805E-04 -7.28668E-05 
-1.55696E-04 -7.68455E-05 
-1.61352E-04 -8.14124E-05 
-1.67975E-04 -8.66585E-05 
-1.75804E-04 -9.26743E-05 
-1.87564E-04 -9.91827E-05 
-2.00695E-04 -1.07185E-04 
-2.16187E-04 -1.16208E-04 
-2.34486E-04 -1.26353E-04 
-2.56120E-04 -1.37726E-04 
-2.81770E-04 -1.50467E-04 
-3.12486E-04 -1.64856E-04 
-3.50517E-04 -1.81719E-04 
-4.02153E-04 -2.03764E-04 
-4.83822E-04 -2.38244E-04 
-6.18766E-04 -2.94449E-04 
-8.00010E-04 -3.66033E-04 
-9.84337E-04 -4.31088E-04 
-1.37634E-04 -6.05314E-05 
-1.40348E-04 -6.22688E-05 
-1.43710E-04 -6.55159E-05 
-1.46912E-04 -6.78626E-05 
-1.50347E-04 -7.04065E-05 
-1.54071E-04 -7.32078E-05 
-1.58165E-04 -7.63319E-05 
-1.61648E-04 -7.90146E-05 
-1.62727E-04 -7.98480E-05 
-1.68311E-04 -8.41610E-05 
-1.74768E-04 -8.91044E-05 
-1.82323E-04 -9.47697E-05 
-1.91239E-04 -1.01245E-04 
-2.04356E-04 -1.08046E-04 
-2.19062E-04 -1.16513E-04 
-2.36359E-04 -1.26029E-04 
-2.56722E-04 -1.36686E-04 
-2.80714E-04 -1.48583E-04 
-3.09059E-04 -1.61850E-04 
-3.42880E-04 -1.76767E-04 
-3.84605E-04 -1.94183E-04 
-4.41081E-04 -2.16938E-04 
-5.30228E-04 -2.52633E-04 
-6.77311E-04 -3.10879E-04 
-8.74354E-04 -3.84675E-04 
-1.07382E-03 -4.50851E-04 
-1.47454E-04 -6.64282E-05 
-1.50520E-04 -6.82557E-05 
-1.54453E-04 -7.17676E-05 
-1.58106E-04 -7.42645E-05 
-1.62020E-04 -7.69796E-05 
-1.66266E-04 -7.99783E-05 
-1.70934E-04 -8.33303E-05 
-1.74907E-04 -8.62121E-05 
-1.76138E-04 -8.71078E-05 
-1.82508E-04 -9.17426E-05 
-1.89871E-04 -9.70502E-05 
-1.98474E-04 -1.03120E-04 
-2.08607E-04 -1.10038E-04 
-2.23198E-04 -1.17080E-04 
-2.39627E-04 -1.25974E-04 
-2.58889E-04 -1.35938E-04 
-2.81490E-04 -1.47054E-04 
-3.08029E-04 -1.59409E-04 
-3.39270E-04 -1.73124E-04 
-3.76411E-04 -1.88468E-04 
-4.22073E-04 -2.06316E-04 
-4.83703E-04 -2.29625E-04 
-5.80830E-04 -2.66308E-04 
-7.40871E-04 -3.26238E-04 
-9.54703E-04 -4.01743E-04 
-1.17009E-03 -4.68466E-04 
-1.58603E-04 -7.24785E-05 
-1.62064E-04 -7.43720E-05 
-1.66625E-04 -7.81602E-05 
-1.70782E-04 -8.07874E-05 
-1.75234E-04 -8.36567E-05 
-1.80063E-04 -8.68383E-05 
-1.85372E-04 -9.04056E-05 
-1.89892E-04 -9.34780E-05 
-1.91292E-04 -9.44335E-05 
-1.98539E-04 -9.93784E-05 
-2.06908E-04 -1.05037E-04 
-2.16675E-04 -1.11496E-04 
-2.28151E-04 -1.18836E-04 
-2.44327E-04 -1.26061E-04 
-2.62624E-04 -1.35338E-04 
-2.84008E-04 -1.45697E-04 
-3.09017E-04 -1.57209E-04 
-3.38282E-04 -1.69946E-04 
-3.72612E-04 -1.84013E-04 
-4.13282E-04 -1.99671E-04 
-4.63116E-04 -2.17806E-04 
-5.30204E-04 -2.41478E-04 
-6.35801E-04 -2.78869E-04 
-8.09610E-04 -3.40035E-04 
-1.04120E-03 -4.16630E-04 
-1.27325E-03 -4.83216E-04 
-1.71279E-04 -7.84995E-05 
-1.75171E-04 -8.04366E-05 
-1.80413E-04 -8.45180E-05 
-1.85124E-04 -8.72558E-05 
-1.90167E-04 -9.02627E-05 
-1.95635E-04 -9.36130E-05 
-2.01651E-04 -9.73832E-05 
-2.06772E-04 -1.00637E-04 
-2.08359E-04 -1.01650E-04 
-2.16571E-04 -1.06891E-04 
-2.26048E-04 -1.12886E-04 
-2.37091E-04 -1.19714E-04 
-2.50040E-04 -1.27448E-04 
-2.67907E-04 -1.34787E-04 
-2.88212E-04 -1.44395E-04 
-3.11872E-04 -1.55086E-04 
-3.39453E-04 -1.66918E-04 
-3.71621E-04 -1.79944E-04 
-4.09228E-04 -1.94251E-04 
-4.53624E-04 -2.10083E-04 
-5.07851E-04 -2.28334E-04 
-5.80687E-04 -2.52143E-04 
-6.95230E-04 -2.89901E-04 
-8.83594E-04 -3.51757E-04 
-1.13387E-03 -4.28693E-04 
-1.38325E-03 -4.94342E-04 
-1.85595E-04 -8.43520E-05 
-1.89949E-04 -8.63101E-05 
-1.95928E-04 -9.07032E-05 
-2.01239E-04 -9.35305E-05 
-2.06922E-04 -9.66568E-05 
-2.13087E-04 -1.00160E-04 
-2.19872E-04 -1.04118E-04 
-2.25650E-04 -1.07542E-04 
-2.27441E-04 -1.08608E-04 
-2.36706E-04 -1.14129E-04 
-2.47394E-04 -1.20437E-04 
-2.59829E-04 -1.27606E-04 
-2.74380E-04 -1.35698E-04 
-2.94040E-04 -1.43068E-04 
-3.16493E-04 -1.52941E-04 
-3.42579E-04 -1.63887E-04 
-3.72895E-04 -1.75944E-04 
-4.08137E-04 -1.89146E-04 
-4.49199E-04 -2.03556E-04 
-4.97511E-04 -2.19397E-04 
-5.56339E-04 -2.37561E-04 
-6.35193E-04 -2.61237E-04 
-7.59132E-04 -2.98953E-04 
-9.62798E-04 -3.60844E-04 
-1.23263E-03 -4.37231E-04 
-1.49992E-03 -5.01013E-04 
-2.01603E-04 -8.99292E-05 
-2.06445E-04 -9.18838E-05 
-2.13225E-04 -9.66042E-05 
-2.19180E-04 -9.94961E-05 
-2.25552E-04 -1.02720E-04 
-2.32469E-04 -1.06355E-04 
-2.40086E-04 -1.10482E-04 
-2.46578E-04 -1.14060E-04 
-2.48590E-04 -1.15175E-04 
-2.59001E-04 -1.20948E-04 
-2.71005E-04 -1.27538E-04 
-2.84953E-04 -1.35007E-04 
-3.01240E-04 -1.43406E-04 
-3.22789E-04 -1.50705E-04 
-3.47528E-04 -1.60762E-04 
-3.76190E-04 -1.71864E-04 
-4.09397E-04 -1.84031E-04 
-4.47878E-04 -1.97271E-04 
-4.92566E-04 -2.11619E-04 
-5.44970E-04 -2.27273E-04 
-6.08590E-04 -2.45107E-04 
-6.93710E-04 -2.68330E-04 
-8.27460E-04 -3.05520E-04 
-1.04712E-03 -3.66665E-04 
-1.33729E-03 -4.41460E-04 
-1.62298E-03 -5.02300E-04 
-2.19312E-04 -9.51417E-05 
-2.24667E-04 -9.70643E-05 
-2.32322E-04 -1.02120E-04 
-2.38964E-04 -1.05045E-04 
-2.46075E-04 -1.08337E-04 
-2.53801E-04 -1.12077E-04 
-2.62318E-04 -1.16344E-04 
-2.69582E-04 -1.20052E-04 
-2.71834E-04 -1.21209E-04 
-2.83487E-04 -1.27197E-04 
-2.96917E-04 -1.34022E-04 
-3.12503E-04 -1.41735E-04 
-3.30663E-04 -1.50371E-04 
-3.54194E-04 -1.57473E-04 
-3.81356E-04 -1.67610E-04 
-4.12738E-04 -1.78748E-04 
-4.48989E-04 -1.90882E-04 
-4.90867E-04 -2.03992E-04 
-5.39339E-04 -2.18081E-04 
-5.95994E-04 -2.33313E-04 
-6.64576E-04 -2.50532E-04 
-7.56180E-04 -2.72926E-04 
-9.00113E-04 -3.09020E-04 
-1.13640E-03 -3.68499E-04 
-1.44757E-03 -4.40479E-04 
-1.75201E-03 -4.97143E-04 
-2.38710E-04 -9.98999E-05 
-2.44600E-04 -1.01756E-04 
-2.53219E-04 -1.07139E-04 
-2.60594E-04 -1.10057E-04 
-2.68494E-04 -1.13379E-04 
-2.77088E-04 -1.17186E-04 
-2.86575E-04 -1.21553E-04 
-2.94673E-04 -1.25358E-04 
-2.97185E-04 -1.26545E-04 
-3.10182E-04 -1.32694E-04 
-3.25153E-04 -1.39689E-04 
-3.42505E-04 -1.47568E-04 
-3.62680E-04 -1.56348E-04 
-3.88279E-04 -1.63100E-04 
-4.17997E-04 -1.73188E-04 
-4.52239E-04 -1.84213E-04 
-4.91679E-04 -1.96141E-04 
-5.37098E-04 -2.08918E-04 
-5.89498E-04 -2.22511E-04 
-6.50544E-04 -2.37043E-04 
-7.24229E-04 -2.53313E-04 
-8.22498E-04 -2.74441E-04 
-9.76929E-04 -3.08768E-04 
-1.23036E-03 -3.65508E-04 
-1.56311E-03 -4.33253E-04 
-1.88650E-03 -4.84335E-04 
-2.59779E-04 -1.04095E-04 
-2.66227E-04 -1.05840E-04 
-2.75916E-04 -1.11525E-04 
-2.84066E-04 -1.14383E-04 
-2.92809E-04 -1.17683E-04 
-3.02334E-04 -1.21505E-04 
-3.12865E-04 -1.25916E-04 
-3.21862E-04 -1.29771E-04 
-3.24654E-04 -1.30974E-04 
-3.39101E-04 -1.37207E-04 
-3.55734E-04 -1.44285E-04 
-3.74984E-04 -1.52226E-04 
-3.97317E-04 -1.61027E-04 
-4.25061E-04 -1.67244E-04 
-4.57461E-04 -1.77125E-04 
-4.94694E-04 -1.87856E-04 
-5.37457E-04 -1.99368E-04 
-5.86547E-04 -2.11572E-04 
-6.42997E-04 -2.24391E-04 
-7.08546E-04 -2.37898E-04 
-7.87439E-04 -2.52830E-04 
-8.92506E-04 -2.72182E-04 
-1.05768E-03 -3.03967E-04 
-1.32869E-03 -3.56714E-04 
-1.68339E-03 -4.18588E-04 
-2.02575E-03 -4.62490E-04 
-2.82509E-04 -1.07582E-04 
-2.89535E-04 -1.09161E-04 
-3.00416E-04 -1.15093E-04 
-3.09388E-04 -1.17823E-04 
-3.19027E-04 -1.21034E-04 
-3.29549E-04 -1.24799E-04 
-3.41201E-04 -1.29179E-04 
-3.51166E-04 -1.33021E-04 
-3.54258E-04 -1.34221E-04 
-3.70266E-04 -1.40437E-04 
-3.88683E-04 -1.47481E-04 
-4.09965E-04 -1.55350E-04 
-4.34598E-04 -1.64017E-04 
-4.64548E-04 -1.69478E-04 
-4.99747E-04 -1.78961E-04 
-5.40091E-04 -1.89178E-04 
-5.86291E-04 -2.00026E-04 
-6.39160E-04 -2.11372E-04 
-6.99755E-04 -2.23091E-04 
-7.69883E-04 -2.35198E-04 
-8.54047E-04 -2.48344E-04 
-9.65986E-04 -2.65336E-04 
-1.14207E-03 -2.93680E-04 
-1.43093E-03 -3.40986E-04 
-1.80778E-03 -3.95109E-04 
-2.16893E-03 -4.30028E-04 
-3.06900E-04 -1.10160E-04 
-3.14524E-04 -1.11505E-04 
-3.26739E-04 -1.17592E-04 
-3.36576E-04 -1.20107E-04 
-3.47167E-04 -1.23142E-04 
-3.58753E-04 -1.26759E-04 
-3.71605E-04 -1.31009E-04 
-3.82607E-04 -1.34754E-04 
-3.86023E-04 -1.35925E-04 
-4.03701E-04 -1.41993E-04 
-4.24025E-04 -1.48854E-04 
-4.47471E-04 -1.56482E-04 
-4.74538E-04 -1.64823E-04 
-5.06738E-04 -1.69266E-04 
-5.44838E-04 -1.78123E-04 
-5.88391E-04 -1.87570E-04 
-6.38121E-04 -1.97462E-04 
-6.94849E-04 -2.07618E-04 
-7.59646E-04 -2.17860E-04 
-8.34385E-04 -2.28136E-04 
-9.23828E-04 -2.38984E-04 
-1.04264E-03 -2.52947E-04 
-1.22968E-03 -2.76820E-04 
-1.53652E-03 -3.17022E-04 
-1.93548E-03 -3.61246E-04 
-2.31496E-03 -3.85160E-04 
-3.32967E-04 -1.11556E-04 
-3.41205E-04 -1.12581E-04 
-3.54915E-04 -1.18685E-04 
-3.65660E-04 -1.20877E-04 
-3.77257E-04 -1.23624E-04 
-3.89973E-04 -1.26976E-04 
-4.04104E-04 -1.30970E-04 
-4.16213E-04 -1.34512E-04 
-4.19973E-04 -1.35623E-04 
-4.39431E-04 -1.41377E-04 
-4.61781E-04 -1.47869E-04 
-4.87512E-04 -1.55048E-04 
-5.17140E-04 -1.62829E-04 
-5.51603E-04 -1.65950E-04 
-5.92684E-04 -1.73914E-04 
-6.39521E-04 -1.82290E-04 
-6.92841E-04 -1.90886E-04 
-7.53468E-04 -1.99471E-04 
-8.22480E-04 -2.07806E-04 
-9.01808E-04 -2.15760E-04 
-9.96468E-04 -2.23733E-04 
-1.12207E-03 -2.33910E-04 
-1.31999E-03 -2.52138E-04 
-1.64471E-03 -2.83331E-04 
-2.06549E-03 -3.15222E-04 
-2.46255E-03 -3.25876E-04 
-3.60738E-04 -1.11405E-04 
-3.69602E-04 -1.12008E-04 
-3.84988E-04 -1.17928E-04 
-3.96677E-04 -1.19665E-04 
-4.09331E-04 -1.21985E-04 
-4.23240E-04 -1.24926E-04 
-4.38725E-04 -1.28506E-04 
-4.52006E-04 -1.31714E-04 
-4.56131E-04 -1.32723E-04 
-4.77471E-04 -1.37959E-04 
-5.01952E-04 -1.43858E-04 
-5.30080E-04 -1.50336E-04 
-5.62372E-04 -1.57280E-04 
-5.99080E-04 -1.58730E-04 
-6.43192E-04 -1.65490E-04 
-6.93352E-04 -1.72449E-04 
-7.50282E-04 -1.79362E-04 
-8.14800E-04 -1.85942E-04 
-8.87984E-04 -1.91882E-04 
-9.71810E-04 -1.96963E-04 
-1.07155E-03 -2.01411E-04 
-1.20375E-03 -2.06953E-04 
-1.41232E-03 -2.18205E-04 
-1.75460E-03 -2.38229E-04 
-2.19654E-03 -2.55039E-04 
-2.61010E-03 -2.49937E-04 
-3.90245E-04 -1.09236E-04 
-3.99741E-04 -1.09292E-04 
-4.17001E-04 -1.14750E-04 
-4.29665E-04 -1.15869E-04 
-4.43418E-04 -1.17595E-04 
-4.58575E-04 -1.19946E-04 
-4.75481E-04 -1.22919E-04 
-4.89992E-04 -1.25633E-04 
-4.94499E-04 -1.26492E-04 
-5.17808E-04 -1.30966E-04 
-5.44512E-04 -1.36001E-04 
-5.75121E-04 -1.41482E-04 
-6.10156E-04 -1.47265E-04 
-6.49041E-04 -1.46650E-04 
-6.96199E-04 -1.51852E-04 
-7.49676E-04 -1.56999E-04 
-8.10187E-04 -1.61789E-04 
-8.78529E-04 -1.65875E-04 
-9.55771E-04 -1.68875E-04 
-1.04392E-03 -1.70468E-04 
-1.14850E-03 -1.70671E-04 
-1.28699E-03 -1.70629E-04 
-1.50579E-03 -1.73412E-04 
-1.86500E-03 -1.79828E-04 
-2.32708E-03 -1.78480E-04 
-2.75566E-03 -1.54876E-04 
-4.21516E-04 -1.04448E-04 
-4.31638E-04 -1.03808E-04 
-4.50991E-04 -1.08428E-04 
-4.64646E-04 -1.08737E-04 
-4.79528E-04 -1.09667E-04 
-4.95977E-04 -1.11212E-04 
-5.14356E-04 -1.13350E-04 
-5.30141E-04 -1.15381E-04 
-5.35044E-04 -1.16032E-04 
-5.60388E-04 -1.19453E-04 
-5.89377E-04 -1.23308E-04 
-6.22523E-04 -1.27451E-04 
-6.60340E-04 -1.31700E-04 
-7.01278E-04 -1.28579E-04 
-7.51446E-04 -1.31825E-04 
-8.08182E-04 -1.34716E-04 
-8.72178E-04 -1.36893E-04 
-9.44207E-04 -1.37939E-04 
-1.02531E-03 -1.37396E-04 
-1.11752E-03 -1.34822E-04 
-1.22658E-03 -1.29985E-04 
-1.37089E-03 -1.23312E-04 
-1.59931E-03 -1.15958E-04 
-1.97449E-03 -1.06035E-04 
-2.45522E-03 -8.31043E-05 
-2.89687E-03 -3.80065E-05 
-4.54564E-04 -9.62902E-05 
-4.65297E-04 -9.47780E-05 
-4.86974E-04 -9.80619E-05 
-5.01618E-04 -9.73351E-05 
-5.17640E-04 -9.72303E-05 
-5.35403E-04 -9.77194E-05 
-5.55286E-04 -9.87515E-05 
-5.72371E-04 -9.98768E-05 
-5.77677E-04 -1.00253E-04 
-6.05091E-04 -1.02286E-04 
-6.36391E-04 -1.04601E-04 
-6.72084E-04 -1.07015E-04 
-7.12673E-04 -1.09312E-04 
-7.55469E-04 -1.03201E-04 
-8.08553E-04 -1.04046E-04 
-8.68423E-04 -1.04190E-04 
-9.35737E-04 -1.03208E-04 
-1.01123E-03 -1.00614E-04 
-1.09590E-03 -9.58617E-05 
-1.19179E-03 -8.83796E-05 
-1.30485E-03 -7.76370E-05 
-1.45436E-03 -6.31822E-05 
-1.69150E-03 -4.38449E-05 
-2.08127E-03 -1.45434E-05 
-2.57865E-03 3.37519E-05 
-3.03090E-03 1.03581E-04 
-4.89369E-04 -8.38378E-05 
-5.00677E-04 -8.12479E-05 
-5.24922E-04 -8.25450E-05 
-5.40527E-04 -8.05220E-05 
-5.57677E-04 -7.91089E-05 
-5.76748E-04 -7.82505E-05 
-5.98131E-04 -7.78679E-05 
-6.16516E-04 -7.78347E-05 
-6.22224E-04 -7.78595E-05 
-6.51698E-04 -7.81254E-05 
-6.85285E-04 -7.84936E-05 
-7.23480E-04 -7.87440E-05 
-7.66765E-04 -7.86222E-05 
-8.11141E-04 -6.90003E-05 
-8.66978E-04 -6.69546E-05 
-9.29776E-04 -6.38100E-05 
-1.00015E-03 -5.90743E-05 
-1.07878E-03 -5.21838E-05 
-1.16661E-03 -4.25019E-05 
-1.26568E-03 -2.93087E-05 
-1.38210E-03 -1.17238E-05 
-1.53598E-03 1.17606E-05 
-1.78067E-03 4.51095E-05 
-2.18320E-03 9.71431E-05 
-2.69459E-03 1.74945E-04 
-3.15437E-03 2.72970E-04 
-5.25864E-04 -6.59627E-05 
-5.37691E-04 -6.20566E-05 
-5.64748E-04 -6.05318E-05 
-5.81254E-04 -5.69179E-05 
-5.99480E-04 -5.38862E-05 
-6.19815E-04 -5.13520E-05 
-6.42656E-04 -4.92074E-05 
-6.62301E-04 -4.77328E-05 
-6.68401E-04 -4.73210E-05 
-6.99867E-04 -4.53983E-05 
-7.35654E-04 -4.33712E-05 
-7.76235E-04 -4.09814E-05 
-8.22065E-04 -3.79343E-05 
-8.67639E-04 -2.42473E-05 
-9.25981E-04 -1.87794E-05 
-9.91412E-04 -1.17596E-05 
-1.06449E-03 -2.62353E-06 
-1.14582E-03 9.27119E-06 
-1.23628E-03 2.46591E-05 
-1.33787E-03 4.44229E-05 
-1.45684E-03 6.98516E-05 
-1.61404E-03 1.03709E-04 
-1.86475E-03 1.53277E-04 
-2.27765E-03 2.31713E-04 
-2.79973E-03 3.43517E-04 
-3.26330E-03 4.73406E-04 
-5.63913E-04 -4.13007E-05 
-5.76175E-04 -3.58047E-05 
-6.06279E-04 -3.04012E-05 
-6.23580E-04 -2.48702E-05 
-6.42785E-04 -1.98767E-05 
-6.64287E-04 -1.53053E-05 
-6.88486E-04 -1.10175E-05 
-7.09308E-04 -7.79261E-06 
-7.15771E-04 -6.85157E-06 
-7.49092E-04 -2.28304E-06 
-7.86912E-04 2.62291E-06 
-8.29678E-04 8.16517E-06 
-8.77807E-04 1.46805E-05 
-9.24081E-04 3.30067E-05 
-9.84586E-04 4.24678E-05 
-1.05225E-03 5.39933E-05 
-1.12755E-03 6.82221E-05 
-1.21101E-03 8.58778E-05 
-1.30341E-03 1.07797E-04 
-1.40670E-03 1.35042E-04 
-1.52722E-03 1.69372E-04 
-1.68644E-03 2.15030E-04 
-1.94127E-03 2.83198E-04 
-2.36153E-03 3.92015E-04 
-2.89016E-03 5.42654E-04 
-3.35304E-03 7.08236E-04 
-6.03289E-04 -8.21458E-06 
-6.15868E-04 -8.18385E-07 
-6.49222E-04 9.78112E-06 
-6.67155E-04 1.75804E-05 
-6.87179E-04 2.49047E-05 
-7.09688E-04 3.19006E-05 
-7.35072E-04 3.87380E-05 
-7.56928E-04 4.40414E-05 
-7.63711E-04 4.56099E-05 
-7.98658E-04 5.33078E-05 
-8.38250E-04 6.16025E-05 
-8.82896E-04 7.08359E-05 
-9.32971E-04 8.13899E-05 
-9.79312E-04 1.04935E-04 
-1.04153E-03 1.18995E-04 
-1.11090E-03 1.35695E-04 
-1.18781E-03 1.55750E-04 
-1.27269E-03 1.79966E-04 
-1.36619E-03 2.09283E-04 
-1.47017E-03 2.44959E-04 
-1.59102E-03 2.89293E-04 
-1.75066E-03 3.48251E-04 
-2.00727E-03 4.37555E-04 
-2.43115E-03 5.81020E-04 
-2.96129E-03 7.75625E-04 
-3.41815E-03 9.80833E-04 
-6.43644E-04 3.52474E-05 
-6.56378E-04 4.48902E-05 
-6.93128E-04 6.23012E-05 
-7.11456E-04 7.27341E-05 
-7.32062E-04 8.27719E-05 
-7.55332E-04 9.25928E-05 
-7.81643E-04 1.02399E-04 
-8.04317E-04 1.10118E-04 
-8.11355E-04 1.12415E-04 
-8.47595E-04 1.23739E-04 
-8.88584E-04 1.35946E-04 
-9.34688E-04 1.49424E-04 
-9.86230E-04 1.64604E-04 
-1.03185E-03 1.93934E-04 
-1.09521E-03 2.13227E-04 
-1.16563E-03 2.35803E-04 
-1.24340E-03 2.62452E-04 
-1.32881E-03 2.94060E-04 
-1.42238E-03 3.31673E-04 
-1.52584E-03 3.76757E-04 
-1.64555E-03 4.32222E-04 
-1.80372E-03 5.06028E-04 
-2.05925E-03 6.19131E-04 
-2.48222E-03 8.01762E-04 
-3.00778E-03 1.04570E-03 
-3.45238E-03 1.29449E-03 
-6.85115E-04 9.23783E-05 
-6.97783E-04 1.04691E-04 
-7.38023E-04 1.31012E-04 
-7.56416E-04 1.44490E-04 
-7.77271E-04 1.57670E-04 
-8.00960E-04 1.70765E-04 
-8.27837E-04 1.84009E-04 
-8.51035E-04 1.94523E-04 
-8.58237E-04 1.97662E-04 
-8.95320E-04 2.13170E-04 
-9.37211E-04 2.29882E-04 
-9.84227E-04 2.48237E-04 
-1.03663E-03 2.68720E-04 
-1.08055E-03 3.04466E-04 
-1.14433E-03 3.29744E-04 
-1.21500E-03 3.59030E-04 
-1.29270E-03 3.93186E-04 
-1.37756E-03 4.33174E-04 
-1.46994E-03 4.80145E-04 
-1.57139E-03 5.35787E-04 
-1.68817E-03 6.03710E-04 
-1.84253E-03 6.94195E-04 
-2.09347E-03 8.34285E-04 
-2.50993E-03 1.06151E-03 
-3.02344E-03 1.36121E-03 
-3.44814E-03 1.65821E-03 
-7.25709E-04 1.64142E-04 
-7.38026E-04 1.79491E-04 
-7.81574E-04 2.16897E-04 
-7.99586E-04 2.33705E-04 
-8.20232E-04 2.50330E-04 
-8.43862E-04 2.67015E-04 
-8.70802E-04 2.84030E-04 
-8.94112E-04 2.97609E-04 
-9.01355E-04 3.01671E-04 
-9.38662E-04 3.21766E-04 
-9.80790E-04 3.43415E-04 
-1.02799E-03 3.67111E-04 
-1.08047E-03 3.93398E-04 
-1.12157E-03 4.35923E-04 
-1.18491E-03 4.67764E-04 
-1.25485E-03 5.04397E-04 
-1.33137E-03 5.46752E-04 
-1.41442E-03 5.95854E-04 
-1.50417E-03 6.52946E-04 
-1.60194E-03 7.19947E-04 
-1.71378E-03 8.01233E-04 
-1.86171E-03 9.09681E-04 
-2.10406E-03 1.07913E-03 
-2.50758E-03 1.35510E-03 
-3.00065E-03 1.71527E-03 
-3.39734E-03 2.06339E-03 
-7.65132E-04 2.54472E-04 
-7.76726E-04 2.73275E-04 
-8.23207E-04 3.24408E-04 
-8.40261E-04 3.44816E-04 
-8.60110E-04 3.65171E-04 
-8.83073E-04 3.85750E-04 
-9.09443E-04 4.06861E-04 
-9.32355E-04 4.23773E-04 
-9.39486E-04 4.28840E-04 
-9.76262E-04 4.53936E-04 
-1.01782E-03 4.80975E-04 
-1.06436E-03 5.10515E-04 
-1.11598E-03 5.43161E-04 
-1.15293E-03 5.92827E-04 
-1.21483E-03 6.31897E-04 
-1.28290E-03 6.76618E-04 
-1.35695E-03 7.27967E-04 
-1.43671E-03 7.87022E-04 
-1.52213E-03 8.55104E-04 
-1.61425E-03 9.34363E-04 
-1.71880E-03 1.03002E-03 
-1.85721E-03 1.15788E-03 
-2.08624E-03 1.35942E-03 
-2.46919E-03 1.68891E-03 
-2.93191E-03 2.11497E-03 
-3.29100E-03 2.51742E-03 
-8.02116E-04 3.66959E-04 
-8.12512E-04 3.89628E-04 
-8.61182E-04 4.57428E-04 
-8.76550E-04 4.81598E-04 
-8.94858E-04 5.05863E-04 
-9.16390E-04 5.30543E-04 
-9.41404E-04 5.55985E-04 
-9.63290E-04 5.76435E-04 
-9.70122E-04 5.82572E-04 
-1.00545E-03 6.13003E-04 
-1.04548E-03 6.45824E-04 
-1.09033E-03 6.81658E-04 
-1.14002E-03 7.21178E-04 
-1.17128E-03 7.78206E-04 
-1.23057E-03 8.25163E-04 
-1.29545E-03 8.78692E-04 
-1.36553E-03 9.39806E-04 
-1.44031E-03 1.00960E-03 
-1.51943E-03 1.08947E-03 
-1.60364E-03 1.18177E-03 
-1.69819E-03 1.29266E-03 
-1.82351E-03 1.44120E-03 
-2.03372E-03 1.67738E-03 
-2.38723E-03 2.06501E-03 
-2.80814E-03 2.56201E-03 
-3.11881E-03 3.02133E-03 
-8.34982E-04 5.05639E-04 
-8.43582E-04 5.32548E-04 
-8.93181E-04 6.20156E-04 
-9.05962E-04 6.48090E-04 
-9.21817E-04 6.76300E-04 
-9.40992E-04 7.05147E-04 
-9.63704E-04 7.35030E-04 
-9.83818E-04 7.59137E-04 
-9.90129E-04 7.66383E-04 
-1.02294E-03 8.02386E-04 
-1.06032E-03 8.41296E-04 
-1.10230E-03 8.83811E-04 
-1.14881E-03 9.30668E-04 
-1.17268E-03 9.95102E-04 
-1.22801E-03 1.05058E-03 
-1.28819E-03 1.11360E-03 
-1.35258E-03 1.18518E-03 
-1.42040E-03 1.26643E-03 
-1.49100E-03 1.35873E-03 
-1.56471E-03 1.46469E-03 
-1.64616E-03 1.59144E-03 
-1.75433E-03 1.76166E-03 
-1.93940E-03 2.03472E-03 
-2.25323E-03 2.48469E-03 
-2.61922E-03 3.05702E-03 
-2.86929E-03 3.57482E-03 
-8.61558E-04 6.75212E-04 
-8.67615E-04 7.06672E-04 
-9.16164E-04 8.17278E-04 
-9.25272E-04 8.48776E-04 
-9.37586E-04 8.80773E-04 
-9.53311E-04 9.13685E-04 
-9.72618E-04 9.47970E-04 
-9.90096E-04 9.75755E-04 
-9.95632E-04 9.84126E-04 
-1.02469E-03 1.02583E-03 
-1.05816E-03 1.07105E-03 
-1.09595E-03 1.12057E-03 
-1.13787E-03 1.17517E-03 
-1.15242E-03 1.24685E-03 
-1.20227E-03 1.31144E-03 
-1.25603E-03 1.38459E-03 
-1.31277E-03 1.46727E-03 
-1.37139E-03 1.56053E-03 
-1.43088E-03 1.66574E-03 
-1.49113E-03 1.78571E-03 
-1.55596E-03 1.92864E-03 
-1.64232E-03 2.12116E-03 
-1.79496E-03 2.43291E-03 
-2.05730E-03 2.94881E-03 
-2.35337E-03 3.59998E-03 
-2.52921E-03 4.17668E-03 
-8.78881E-04 8.80077E-04 
-8.81490E-04 9.16277E-04 
-9.26047E-04 1.05275E-03 
-9.30234E-04 1.08734E-03 
-9.37769E-04 1.12272E-03 
-9.48816E-04 1.15938E-03 
-9.63493E-04 1.19785E-03 
-9.77386E-04 1.22921E-03 
-9.81868E-04 1.23869E-03 
-1.00583E-03 1.28608E-03 
-1.03400E-03 1.33774E-03 
-1.06617E-03 1.39449E-03 
-1.10198E-03 1.45717E-03 
-1.10514E-03 1.53564E-03 
-1.14783E-03 1.60986E-03 
-1.19323E-03 1.69364E-03 
-1.24010E-03 1.78786E-03 
-1.28699E-03 1.89345E-03 
-1.33249E-03 2.01173E-03 
-1.37595E-03 2.14565E-03 
-1.42021E-03 2.30456E-03 
-1.47954E-03 2.51936E-03 
-1.59157E-03 2.87075E-03 
-1.78913E-03 3.45501E-03 
-1.99853E-03 4.18690E-03 
-2.08522E-03 4.82108E-03 
-8.83195E-04 1.12481E-03 
-8.81287E-04 1.16578E-03 
-9.17663E-04 1.33025E-03 
-9.15552E-04 1.36715E-03 
-9.16963E-04 1.40527E-03 
-9.22011E-04 1.44516E-03 
-9.30759E-04 1.48742E-03 
-9.40065E-04 1.52215E-03 
-9.43201E-04 1.53269E-03 
-9.60658E-04 1.58565E-03 
-9.82086E-04 1.64377E-03 
-1.00711E-03 1.70791E-03 
-1.03516E-03 1.77893E-03 
-1.02474E-03 1.86344E-03 
-1.05839E-03 1.94768E-03 
-1.09328E-03 2.04241E-03 
-1.12780E-03 2.14837E-03 
-1.16011E-03 2.26628E-03 
-1.18837E-03 2.39733E-03 
-1.21134E-03 2.54460E-03 
-1.23063E-03 2.71861E-03 
-1.25712E-03 2.95487E-03 
-1.31936E-03 3.34580E-03 
-1.43722E-03 3.99928E-03 
-1.54134E-03 4.81173E-03 
-1.52272E-03 5.49978E-03 
-8.69680E-04 1.41334E-03 
-8.62040E-04 1.45891E-03 
-8.84483E-04 1.65213E-03 
-8.74651E-04 1.69030E-03 
-8.68570E-04 1.73027E-03 
-8.66300E-04 1.77267E-03 
-8.67825E-04 1.81820E-03 
-8.71553E-04 1.85601E-03 
-8.73051E-04 1.86755E-03 
-8.82601E-04 1.92590E-03 
-8.95819E-04 1.99044E-03 
-9.12121E-04 2.06207E-03 
-9.30712E-04 2.14158E-03 
-9.04451E-04 2.23105E-03 
-9.27018E-04 2.32552E-03 
-9.48993E-04 2.43128E-03 
-9.68384E-04 2.54878E-03 
-9.82946E-04 2.67851E-03 
-9.90349E-04 2.82142E-03 
-9.88697E-04 2.98070E-03 
-9.78177E-04 3.16807E-03 
-9.65438E-04 3.42388E-03 
-9.67775E-04 3.85280E-03 
-9.89462E-04 4.57425E-03 
-9.67932E-04 5.46433E-03 
-8.26759E-04 6.19989E-03 
-8.32226E-04 1.74899E-03 
-8.17527E-04 1.79879E-03 
-8.18374E-04 2.01941E-03 
-7.99472E-04 2.05756E-03 
-7.84628E-04 2.09834E-03 
-7.73823E-04 2.14245E-03 
-7.66943E-04 2.19067E-03 
-7.64176E-04 2.23127E-03 
-7.63765E-04 2.24375E-03 
-7.64082E-04 2.30727E-03 
-7.67668E-04 2.37821E-03 
-7.73672E-04 2.45737E-03 
-7.81003E-04 2.54545E-03 
-7.36614E-04 2.63839E-03 
-7.45827E-04 2.74308E-03 
-7.52215E-04 2.85953E-03 
-7.53366E-04 2.98789E-03 
-7.46606E-04 3.12828E-03 
-7.29123E-04 3.28135E-03 
-6.98301E-04 3.45034E-03 
-6.52652E-04 3.64822E-03 
-5.93699E-04 3.92033E-03 
-5.25012E-04 4.38387E-03 
-4.32403E-04 5.16937E-03 
-2.63077E-04 6.13081E-03 
1.88557E-05 6.90433E-03 
-7.63259E-04 2.13287E-03 
-7.40152E-04 2.18634E-03 
-7.09566E-04 2.42991E-03 
-6.80519E-04 2.46670E-03 
-6.55921E-04 2.50724E-03 
-6.35640E-04 2.55232E-03 
-6.19421E-04 2.60273E-03 
-6.09415E-04 2.64589E-03 
-6.06871E-04 2.65925E-03 
-5.96809E-04 2.72784E-03 
-5.89445E-04 2.80516E-03 
-5.83599E-04 2.89185E-03 
-5.77822E-04 2.98840E-03 
-5.13063E-04 3.08294E-03 
-5.06421E-04 3.19739E-03 
-4.94242E-04 3.32368E-03 
-4.73686E-04 3.46148E-03 
-4.41653E-04 3.61047E-03 
-3.94855E-04 3.77094E-03 
-3.29925E-04 3.94613E-03 
-2.43449E-04 4.15028E-03 
-1.30827E-04 4.43378E-03 
2.08048E-05 4.92627E-03 
2.47178E-04 5.76845E-03 
5.87794E-04 6.79074E-03 
1.02911E-03 7.58890E-03 
-6.53611E-04 2.56347E-03 
-6.20852E-04 2.61997E-03 
-5.46670E-04 2.87792E-03 
-5.06918E-04 2.91221E-03 
-4.72067E-04 2.95173E-03 
-4.41821E-04 2.99730E-03 
-4.15727E-04 3.04968E-03 
-3.97994E-04 3.09534E-03 
-3.93156E-04 3.10958E-03 
-3.71821E-04 3.18329E-03 
-3.52332E-04 3.26703E-03 
-3.33112E-04 3.36119E-03 
-3.12292E-04 3.46589E-03 
-2.25021E-04 3.55966E-03 
-1.99736E-04 3.68288E-03 
-1.65655E-04 3.81735E-03 
-1.19530E-04 3.96220E-03 
-5.78692E-05 4.11658E-03 
2.30538E-05 4.28039E-03 
1.27369E-04 4.45681E-03 
2.60666E-04 4.66136E-03 
4.34750E-04 4.94940E-03 
6.81875E-04 5.46245E-03 
1.06256E-03 6.34985E-03 
1.59892E-03 7.41757E-03 
2.21814E-03 8.22297E-03 
-4.92599E-04 3.03561E-03 
-4.49221E-04 3.09456E-03 
-3.17066E-04 3.35334E-03 
-2.66842E-04 3.38458E-03 
-2.21959E-04 3.42287E-03 
-1.81888E-04 3.46897E-03 
-1.45901E-04 3.52355E-03 
-1.20271E-04 3.57194E-03 
-1.13060E-04 3.58714E-03 
-7.98389E-05 3.66626E-03 
-4.71834E-05 3.75652E-03 
-1.30481E-05 3.85790E-03 
2.48977E-05 3.97004E-03 
1.36682E-04 4.06018E-03 
1.83758E-04 4.19033E-03 
2.43479E-04 4.33028E-03 
3.19451E-04 4.47855E-03 
4.15483E-04 4.63371E-03 
5.35661E-04 4.79521E-03 
6.84860E-04 4.96623E-03 
8.71092E-04 5.16350E-03 
1.11453E-03 5.44710E-03 
1.47000E-03 5.96924E-03 
2.02617E-03 6.88575E-03 
2.78300E-03 7.97799E-03 
3.59780E-03 8.76901E-03 
-2.68413E-04 3.53965E-03 
-2.13920E-04 3.60079E-03 
-7.73131E-06 3.84126E-03 
5.16844E-05 3.86990E-03 
1.05470E-04 3.90768E-03 
1.54479E-04 3.95518E-03 
1.99800E-04 4.01283E-03 
2.33170E-04 4.06456E-03 
2.42760E-04 4.08087E-03 
2.88239E-04 4.16589E-03 
3.35057E-04 4.26272E-03 
3.85768E-04 4.37074E-03 
4.43183E-04 4.48896E-03 
5.81318E-04 4.57201E-03 
6.53769E-04 4.70614E-03 
7.43313E-04 4.84753E-03 
8.53815E-04 4.99405E-03 
9.89278E-04 5.14369E-03 
1.15403E-03 5.29550E-03 
1.35362E-03 5.45267E-03 
1.59875E-03 5.63311E-03 
1.91919E-03 5.90107E-03 
2.39566E-03 6.41765E-03 
3.14837E-03 7.34210E-03 
4.14976E-03 8.43220E-03 
5.17601E-03 9.18324E-03 
3.11351E-05 4.06131E-03 
9.66012E-05 4.12491E-03 
3.93479E-04 4.32251E-03 
4.59605E-04 4.35049E-03 
5.20192E-04 4.38972E-03 
5.76514E-04 4.44045E-03 
6.30106E-04 4.50273E-03 
6.70825E-04 4.55871E-03 
6.82754E-04 4.57634E-03 
7.40796E-04 4.66784E-03 
8.02910E-04 4.77097E-03 
8.72164E-04 4.88438E-03 
9.51813E-04 5.00636E-03 
1.11798E-03 5.07820E-03 
1.21990E-03 5.21188E-03 
1.34391E-03 5.34902E-03 
1.49397E-03 5.48685E-03 
1.67410E-03 5.62285E-03 
1.88869E-03 5.75577E-03 
2.14392E-03 5.88890E-03 
2.45337E-03 6.04120E-03 
2.85773E-03 6.28031E-03 
3.46706E-03 6.77352E-03 
4.43635E-03 7.67974E-03 
5.70461E-03 8.73554E-03 
6.95523E-03 9.41768E-03 
4.17221E-04 4.58207E-03 
4.92812E-04 4.64918E-03 
8.95825E-04 4.77511E-03 
9.65052E-04 4.80603E-03 
1.02952E-03 4.84998E-03 
1.09101E-03 4.90671E-03 
1.15156E-03 4.97571E-03 
1.19922E-03 5.03701E-03 
1.21348E-03 5.05615E-03 
1.28462E-03 5.15441E-03 
1.36360E-03 5.26286E-03 
1.45391E-03 5.37935E-03 
1.55916E-03 5.50138E-03 
1.75491E-03 5.55710E-03 
1.89095E-03 5.68412E-03 
2.05446E-03 5.80944E-03 
2.24928E-03 5.92975E-03 
2.47922E-03 6.04219E-03 
2.74855E-03 6.14536E-03 
3.06392E-03 6.24276E-03 
3.44209E-03 6.35427E-03 
3.93594E-03 6.54977E-03 
4.68834E-03 6.99919E-03 
5.89206E-03 7.85657E-03 
7.44622E-03 8.84121E-03 
8.92994E-03 9.42352E-03 
8.99090E-04 5.08153E-03 
9.83385E-04 5.15395E-03 
1.50449E-03 5.17746E-03 
1.57249E-03 5.21653E-03 
1.63755E-03 5.26955E-03 
1.70203E-03 5.33561E-03 
1.76850E-03 5.41348E-03 
1.82305E-03 5.48088E-03 
1.83974E-03 5.50162E-03 
1.92525E-03 5.60603E-03 
2.02349E-03 5.71754E-03 
2.13825E-03 5.83317E-03 
2.27330E-03 5.94968E-03 
2.50012E-03 5.98351E-03 
2.67546E-03 6.09562E-03 
2.88380E-03 6.19954E-03 
3.12856E-03 6.29166E-03 
3.41309E-03 6.36899E-03 
3.74127E-03 6.43022E-03 
4.12014E-03 6.47923E-03 
4.56987E-03 6.53658E-03 
5.15689E-03 6.67289E-03 
6.06021E-03 7.05630E-03 
7.51302E-03 7.83082E-03 
9.36775E-03 8.70418E-03 
1.10882E-02 9.15530E-03 
1.47821E-03 5.53623E-03 
1.56956E-03 5.61622E-03 
2.21361E-03 5.50906E-03 
2.27615E-03 5.56230E-03 
2.33899E-03 5.62897E-03 
2.40501E-03 5.70737E-03 
2.47726E-03 5.79547E-03 
2.53947E-03 5.86883E-03 
2.55893E-03 5.89094E-03 
2.66124E-03 5.99919E-03 
2.78223E-03 6.10951E-03 
2.92578E-03 6.21821E-03 
3.09553E-03 6.32149E-03 
3.35466E-03 6.32691E-03 
3.57464E-03 6.41392E-03 
3.83282E-03 6.48521E-03 
4.13195E-03 6.53719E-03 
4.47458E-03 6.56706E-03 
4.86401E-03 6.57388E-03 
5.30757E-03 6.56204E-03 
5.82910E-03 6.55249E-03 
6.50977E-03 6.61472E-03 
7.56764E-03 6.90998E-03 
9.27807E-03 7.56665E-03 
1.14402E-02 8.28839E-03 
1.33933E-02 8.57963E-03 
2.15460E-03 5.92980E-03 
2.25190E-03 6.01938E-03 
3.01480E-03 5.75929E-03 
3.06898E-03 5.83237E-03 
3.12831E-03 5.91633E-03 
3.19612E-03 6.00863E-03 
3.27582E-03 6.10646E-03 
3.34781E-03 6.18402E-03 
3.37080E-03 6.20677E-03 
3.49412E-03 6.31403E-03 
3.64296E-03 6.41631E-03 
3.82092E-03 6.50947E-03 
4.03116E-03 6.58941E-03 
4.32382E-03 6.55906E-03 
4.59387E-03 6.60889E-03 
4.90654E-03 6.63493E-03 
5.26356E-03 6.63396E-03 
5.66646E-03 6.60372E-03 
6.11773E-03 6.54397E-03 
6.62494E-03 6.45971E-03 
7.21590E-03 6.37183E-03 
7.98772E-03 6.34657E-03 
9.19999E-03 6.53254E-03 
1.11714E-02 7.03685E-03 
1.36413E-02 7.56800E-03 
1.58165E-02 7.67443E-03 
2.91901E-03 6.24880E-03 
3.02255E-03 6.34860E-03 
3.88851E-03 5.92452E-03 
3.93411E-03 6.02087E-03 
3.99138E-03 6.12312E-03 
4.06392E-03 6.22797E-03 
4.15522E-03 6.33195E-03 
4.24086E-03 6.40953E-03 
4.26861E-03 6.43147E-03 
4.41918E-03 6.52965E-03 
4.60249E-03 6.61402E-03 
4.82147E-03 6.68035E-03 
5.07843E-03 6.72468E-03 
5.40544E-03 6.65075E-03 
5.73034E-03 6.65025E-03 
6.10089E-03 6.61801E-03 
6.51752E-03 6.55160E-03 
6.98052E-03 6.44967E-03 
7.49148E-03 6.31292E-03 
8.05821E-03 6.14706E-03 
8.71280E-03 5.97234E-03 
9.56929E-03 5.84936E-03 
1.09306E-02 5.90815E-03 
1.31588E-02 6.22913E-03 
1.59279E-02 6.53573E-03 
1.83071E-02 6.43915E-03 
3.75779E-03 6.48705E-03 
3.87022E-03 6.59504E-03 
4.81117E-03 6.01033E-03 
4.85196E-03 6.12924E-03 
4.91236E-03 6.24654E-03 
4.99591E-03 6.35838E-03 
5.10588E-03 6.46089E-03 
5.21099E-03 6.53137E-03 
5.24522E-03 6.55024E-03 
5.43128E-03 6.62765E-03 
5.65697E-03 6.68124E-03 
5.92415E-03 6.70716E-03 
6.23390E-03 6.70206E-03 
6.59553E-03 6.57673E-03 
6.97873E-03 6.51257E-03 
7.40863E-03 6.40972E-03 
7.88417E-03 6.26686E-03 
8.40431E-03 6.08389E-03 
8.96967E-03 5.86264E-03 
9.58846E-03 5.60947E-03 
1.02974E-02 5.34331E-03 
1.12281E-02 5.11664E-03 
1.27280E-02 5.03507E-03 
1.52014E-02 5.14753E-03 
1.82523E-02 5.20297E-03 
2.08103E-02 4.89330E-03 
4.65551E-03 6.64437E-03 
4.78249E-03 6.75458E-03 
5.75916E-03 6.02840E-03 
5.80361E-03 6.16334E-03 
5.87644E-03 6.28696E-03 
5.98077E-03 6.39517E-03 
6.11929E-03 6.48408E-03 
6.25132E-03 6.53730E-03 
6.29416E-03 6.55004E-03 
6.52530E-03 6.59166E-03 
6.80183E-03 6.59916E-03 
7.12413E-03 6.56959E-03 
7.49174E-03 6.50071E-03 
7.88726E-03 6.31675E-03 
8.33005E-03 6.17678E-03 
8.81812E-03 5.99294E-03 
9.34887E-03 5.76540E-03 
9.91991E-03 5.49545E-03 
1.05310E-02 5.18615E-03 
1.11910E-02 4.84434E-03 
1.19415E-02 4.48684E-03 
1.29324E-02 4.15556E-03 
1.45554E-02 3.92625E-03 
1.72551E-02 3.81258E-03 
2.05623E-02 3.59949E-03 
2.32682E-02 3.07557E-03 
5.59796E-03 6.72284E-03 
5.74824E-03 6.82458E-03 
6.71311E-03 5.99060E-03 
6.77427E-03 6.12841E-03 
6.87255E-03 6.24371E-03 
7.01028E-03 6.33261E-03 
7.18915E-03 6.39163E-03 
7.35648E-03 6.41485E-03 
7.41023E-03 6.41774E-03 
7.69633E-03 6.40616E-03 
8.03150E-03 6.35102E-03 
8.41443E-03 6.25076E-03 
8.84287E-03 6.10464E-03 
9.27000E-03 5.85627E-03 
9.77065E-03 5.63085E-03 
1.03124E-02 5.35899E-03 
1.08911E-02 5.04245E-03 
1.15033E-02 4.68400E-03 
1.21481E-02 4.28786E-03 
1.28352E-02 3.86103E-03 
1.36115E-02 3.41737E-03 
1.46451E-02 2.98593E-03 
1.63711E-02 2.60799E-03 
1.92716E-02 2.25925E-03 
2.28021E-02 1.77052E-03 
2.56202E-02 1.04007E-03 
6.57143E-03 6.71811E-03 
6.75667E-03 6.79657E-03 
7.65857E-03 5.90040E-03 
7.75338E-03 6.02206E-03 
7.89298E-03 6.10961E-03 
8.07849E-03 6.15982E-03 
8.31035E-03 6.17009E-03 
8.52137E-03 6.14934E-03 
8.58822E-03 6.13843E-03 
8.93811E-03 6.05584E-03 
9.33791E-03 5.92226E-03 
9.78441E-03 5.73788E-03 
1.02736E-02 5.50377E-03 
1.07282E-02 5.18766E-03 
1.12812E-02 4.87124E-03 
1.18683E-02 4.50889E-03 
1.24842E-02 4.10397E-03 
1.31243E-02 3.66063E-03 
1.37875E-02 3.18402E-03 
1.44848E-02 2.68090E-03 
1.52686E-02 2.16130E-03 
1.63249E-02 1.63945E-03 
1.81303E-02 1.11851E-03 
2.11998E-02 5.34952E-04 
2.49143E-02 -2.26005E-04 
2.78059E-02 -1.14699E-03 
7.57060E-03 6.62402E-03 
7.80372E-03 6.66073E-03 
8.59333E-03 5.75350E-03 
8.74032E-03 5.83546E-03 
8.93765E-03 5.87259E-03 
9.18499E-03 5.86278E-03 
9.48126E-03 5.80468E-03 
9.74288E-03 5.72618E-03 
9.82453E-03 5.69770E-03 
1.02442E-02 5.52784E-03 
1.07112E-02 5.30262E-03 
1.12205E-02 5.02419E-03 
1.17664E-02 4.69555E-03 
1.22418E-02 4.31154E-03 
1.28377E-02 3.90369E-03 
1.34580E-02 3.45372E-03 
1.40965E-02 2.96644E-03 
1.47482E-02 2.44712E-03 
1.54121E-02 1.90146E-03 
1.61006E-02 1.33554E-03 
1.68720E-02 7.54717E-04 
1.79294E-02 1.56843E-04 
1.97876E-02 -4.95363E-04 
2.29898E-02 -1.30466E-03 
2.68442E-02 -2.32452E-03 
2.97689E-02 -3.41310E-03 
8.59242E-03 6.42839E-03 
8.88595E-03 6.40412E-03 
9.52295E-03 5.53590E-03 
9.73955E-03 5.55351E-03 
1.00090E-02 5.51769E-03 
1.03294E-02 5.42775E-03 
1.06980E-02 5.28391E-03 
1.10141E-02 5.13627E-03 
1.11113E-02 5.08723E-03 
1.16022E-02 4.81810E-03 
1.21342E-02 4.49302E-03 
1.27006E-02 4.11612E-03 
1.32943E-02 3.69223E-03 
1.37815E-02 3.24420E-03 
1.44067E-02 2.75054E-03 
1.50445E-02 2.22175E-03 
1.56882E-02 1.66370E-03 
1.63329E-02 1.08241E-03 
1.69781E-02 4.83748E-04 
1.76383E-02 -1.27484E-04 
1.83771E-02 -7.51202E-04 
1.94138E-02 -1.40690E-03 
2.12972E-02 -2.17316E-03 
2.45928E-02 -3.19040E-03 
2.85405E-02 -4.44628E-03 
3.14591E-02 -5.67384E-03 
9.67386E-03 6.11484E-03 
1.00378E-02 6.00973E-03 
1.04913E-02 5.22272E-03 
1.07912E-02 5.15168E-03 
1.11429E-02 5.02156E-03 
1.15431E-02 4.83341E-03 
1.19873E-02 4.58916E-03 
1.23581E-02 4.36345E-03 
1.24706E-02 4.29165E-03 
1.30291E-02 3.91531E-03 
1.36188E-02 3.48653E-03 
1.42321E-02 3.01128E-03 
1.48608E-02 2.49603E-03 
1.53481E-02 1.99078E-03 
1.59857E-02 1.42138E-03 
1.66226E-02 8.26592E-04 
1.72523E-02 2.12992E-04 
1.78701E-02 -4.13121E-04 
1.84767E-02 -1.04623E-03 
1.90886E-02 -1.68328E-03 
1.97752E-02 -2.33004E-03 
2.07702E-02 -3.02399E-03 
2.26520E-02 -3.88505E-03 
2.60031E-02 -5.08920E-03 
2.99997E-02 -6.55504E-03 
3.28759E-02 -7.89201E-03 
1.08215E-02 5.66024E-03 
1.12616E-02 5.45826E-03 
1.15167E-02 4.78296E-03 
1.19071E-02 4.60410E-03 
1.23448E-02 4.36420E-03 
1.28248E-02 4.06612E-03 
1.33413E-02 3.71360E-03 
1.37620E-02 3.40634E-03 
1.38880E-02 3.31120E-03 
1.45036E-02 2.82738E-03 
1.51381E-02 2.29870E-03 
1.57826E-02 1.73262E-03 
1.64288E-02 1.13682E-03 
1.69024E-02 5.85622E-04 
1.75324E-02 -4.35911E-05 
1.81481E-02 -6.86392E-04 
1.87433E-02 -1.33603E-03 
1.93142E-02 -1.98642E-03 
1.98629E-02 -2.63283E-03 
2.04082E-02 -3.27438E-03 
2.10246E-02 -3.92305E-03 
2.19588E-02 -4.63417E-03 
2.38134E-02 -5.56759E-03 
2.71820E-02 -6.93142E-03 
3.11838E-02 -8.57464E-03 
3.39849E-02 -9.98907E-03 
1.20376E-02 5.03480E-03 
1.25542E-02 4.72492E-03 
1.26104E-02 4.17925E-03 
1.30923E-02 3.88031E-03 
1.36136E-02 3.52231E-03 
1.41679E-02 3.10992E-03 
1.47482E-02 2.64856E-03 
1.52106E-02 2.26182E-03 
1.53474E-02 2.14432E-03 
1.60060E-02 1.56007E-03 
1.66685E-02 9.42057E-04 
1.73261E-02 2.98795E-04 
1.79704E-02 -3.61350E-04 
1.84156E-02 -9.43939E-04 
1.90174E-02 -1.61306E-03 
1.95912E-02 -2.28275E-03 
2.01318E-02 -2.94658E-03 
2.06367E-02 -3.59911E-03 
2.11094E-02 -4.23683E-03 
2.15715E-02 -4.86136E-03 
2.21020E-02 -5.49098E-03 
2.29583E-02 -6.19834E-03 
2.47619E-02 -7.18079E-03 
2.81112E-02 -8.67456E-03 
3.20764E-02 -1.04602E-02 
3.47731E-02 -1.19204E-02 
1.33207E-02 4.22078E-03 
1.39090E-02 3.79892E-03 
1.37812E-02 3.38681E-03 
1.43491E-02 2.96410E-03 
1.49460E-02 2.48795E-03 
1.55641E-02 1.96465E-03 
1.61956E-02 1.40107E-03 
1.66882E-02 9.42037E-04 
1.68324E-02 8.04602E-04 
1.75158E-02 1.33331E-04 
1.81870E-02 -5.57893E-04 
1.88370E-02 -1.25995E-03 
1.94582E-02 -1.96426E-03 
1.98599E-02 -2.56141E-03 
2.04124E-02 -3.24800E-03 
2.09241E-02 -3.92174E-03 
2.13911E-02 -4.57694E-03 
2.18125E-02 -5.20925E-03 
2.21938E-02 -5.81672E-03 
2.25585E-02 -6.40365E-03 
2.29903E-02 -6.99456E-03 
2.37545E-02 -7.67839E-03 
2.54859E-02 -8.68671E-03 
2.87821E-02 -1.02794E-02 
3.26726E-02 -1.21715E-02 
3.52404E-02 -1.36474E-02 
1.47331E-02 3.22218E-03 
1.53835E-02 2.68799E-03 
1.50926E-02 2.39835E-03 
1.57310E-02 1.85375E-03 
1.63847E-02 1.26470E-03 
1.70454E-02 6.39020E-04 
1.77048E-02 -1.51086E-05 
1.82090E-02 -5.35457E-04 
1.83549E-02 -6.89321E-04 
1.90365E-02 -1.42932E-03 
1.96895E-02 -2.17321E-03 
2.03060E-02 -2.91191E-03 
2.08793E-02 -3.63722E-03 
2.12197E-02 -4.23027E-03 
2.17010E-02 -4.91047E-03 
2.21305E-02 -5.56481E-03 
2.25062E-02 -6.18878E-03 
2.28287E-02 -6.77942E-03 
2.31052E-02 -7.33656E-03 
2.33617E-02 -7.86731E-03 
2.36849E-02 -8.40209E-03 
2.43463E-02 -9.04474E-03 
2.59880E-02 -1.00572E-02 
2.92017E-02 -1.17183E-02 
3.29849E-02 -1.36819E-02 
3.54047E-02 -1.51463E-02 
1.61990E-02 2.03090E-03 
1.68971E-02 1.39177E-03 
1.64755E-02 1.20601E-03 
1.71667E-02 5.50815E-04 
1.78585E-02 -1.37118E-04 
1.85423E-02 -8.48739E-04 
1.92096E-02 -1.57494E-03 
1.97095E-02 -2.14114E-03 
1.98525E-02 -2.30675E-03 
2.05101E-02 -3.09234E-03 
2.11231E-02 -3.86482E-03 
2.16847E-02 -4.61559E-03 
2.21899E-02 -5.33739E-03 
2.24554E-02 -5.90735E-03 
2.28479E-02 -6.55766E-03 
2.31797E-02 -7.17018E-03 
2.34504E-02 -7.74190E-03 
2.36625E-02 -8.27147E-03 
2.38250E-02 -8.76062E-03 
2.39659E-02 -9.21920E-03 
2.41743E-02 -9.68311E-03 
2.47253E-02 -1.02694E-02 
2.62630E-02 -1.12658E-02 
2.93680E-02 -1.29656E-02 
3.30151E-02 -1.49669E-02 
3.52722E-02 -1.63953E-02 
1.76769E-02 6.86732E-04 
1.84000E-02 -4.32918E-05 
1.78817E-02 -1.50904E-04 
1.86016E-02 -8.98178E-04 
1.93085E-02 -1.66482E-03 
1.99937E-02 -2.44110E-03 
2.06486E-02 -3.21736E-03 
2.11295E-02 -3.81208E-03 
2.12653E-02 -3.98434E-03 
2.18792E-02 -4.79113E-03 
2.24335E-02 -5.56787E-03 
2.29229E-02 -6.30687E-03 
2.33439E-02 -7.00209E-03 
2.35245E-02 -7.53165E-03 
2.38153E-02 -8.13114E-03 
2.40384E-02 -8.68247E-03 
2.41954E-02 -9.18432E-03 
2.42905E-02 -9.63712E-03 
2.43345E-02 -1.00445E-02 
2.43571E-02 -1.04190E-02 
2.44491E-02 -1.08012E-02 
2.48866E-02 -1.13194E-02 
2.63101E-02 -1.22823E-02 
2.92850E-02 -1.39923E-02 
3.27729E-02 -1.59994E-02 
3.48584E-02 -1.73713E-02 
1.92344E-02 -8.09869E-04 
1.99721E-02 -1.61882E-03 
1.93923E-02 -1.67574E-03 
2.01210E-02 -2.49839E-03 
2.08196E-02 -3.32531E-03 
2.14796E-02 -4.14584E-03 
2.20934E-02 -4.95001E-03 
2.25323E-02 -5.55518E-03 
2.26543E-02 -5.72869E-03 
2.31940E-02 -6.53071E-03 
2.36614E-02 -7.28583E-03 
2.40530E-02 -7.98779E-03 
2.43673E-02 -8.63225E-03 
2.44471E-02 -9.10270E-03 
2.46198E-02 -9.63042E-03 
2.47214E-02 -1.01017E-02 
2.47549E-02 -1.05170E-02 
2.47263E-02 -1.08786E-02 
2.46476E-02 -1.11921E-02 
2.45497E-02 -1.14721E-02 
2.45243E-02 -1.17636E-02 
2.48461E-02 -1.22038E-02 
2.61469E-02 -1.31179E-02 
2.89729E-02 -1.48130E-02 
3.22814E-02 -1.67976E-02 
3.41877E-02 -1.80955E-02 
2.07366E-02 -2.39045E-03 
2.14630E-02 -3.25921E-03 
2.08494E-02 -3.29226E-03 
2.15600E-02 -4.16666E-03 
2.22262E-02 -5.02978E-03 
2.28404E-02 -5.87074E-03 
2.33959E-02 -6.67969E-03 
2.37819E-02 -7.27809E-03 
2.38872E-02 -7.44792E-03 
2.43391E-02 -8.22217E-03 
2.47072E-02 -8.93367E-03 
2.49904E-02 -9.57806E-03 
2.51896E-02 -1.01531E-02 
2.51644E-02 -1.05510E-02 
2.52146E-02 -1.09922E-02 
2.51918E-02 -1.13706E-02 
2.51009E-02 -1.16887E-02 
2.49492E-02 -1.19504E-02 
2.47502E-02 -1.21631E-02 
2.45357E-02 -1.23436E-02 
2.43972E-02 -1.25401E-02 
2.46057E-02 -1.28967E-02 
2.57799E-02 -1.37500E-02 
2.84438E-02 -1.54075E-02 
3.15589E-02 -1.73446E-02 
3.32848E-02 -1.85554E-02 
2.21780E-02 -4.01767E-03 
2.28701E-02 -4.92650E-03 
2.22431E-02 -4.95718E-03 
2.29099E-02 -5.85897E-03 
2.35208E-02 -6.73434E-03 
2.40686E-02 -7.57247E-03 
2.45472E-02 -8.36375E-03 
2.48668E-02 -8.93867E-03 
2.49516E-02 -9.10010E-03 
2.53009E-02 -9.82541E-03 
2.55586E-02 -1.04744E-02 
2.57252E-02 -1.10443E-02 
2.58030E-02 -1.15350E-02 
2.56702E-02 -1.18498E-02 
2.55954E-02 -1.21932E-02 
2.54478E-02 -1.24696E-02 
2.52340E-02 -1.26832E-02 
2.49626E-02 -1.28399E-02 
2.46482E-02 -1.29484E-02 
2.43231E-02 -1.30274E-02 
2.40777E-02 -1.31275E-02 
2.41777E-02 -1.33977E-02 
2.52242E-02 -1.41809E-02 
2.77161E-02 -1.57816E-02 
3.06277E-02 -1.76496E-02 
3.21749E-02 -1.87638E-02 
2.35192E-02 -5.64067E-03 
2.41745E-02 -6.57597E-03 
2.35604E-02 -6.62502E-03 
2.41734E-02 -7.53701E-03 
2.47193E-02 -8.40803E-03 
2.51886E-02 -9.22607E-03 
2.55755E-02 -9.98158E-03 
2.58164E-02 -1.05187E-02 
2.58771E-02 -1.06675E-02 
2.61060E-02 -1.13236E-02 
2.62365E-02 -1.18906E-02 
2.62722E-02 -1.23684E-02 
2.62182E-02 -1.27595E-02 
2.59712E-02 -1.29800E-02 
2.57683E-02 -1.32160E-02 
2.54959E-02 -1.33834E-02 
2.51618E-02 -1.34880E-02 
2.47757E-02 -1.35373E-02 
2.43528E-02 -1.35413E-02 
2.39252E-02 -1.35199E-02 
2.35816E-02 -1.35255E-02 
2.35800E-02 -1.37093E-02 
2.45003E-02 -1.44164E-02 
2.68145E-02 -1.59444E-02 
2.95174E-02 -1.77261E-02 
3.08909E-02 -1.87379E-02 
2.47171E-02 -7.21407E-03 
2.53014E-02 -8.15200E-03 
2.47004E-02 -8.22708E-03 
2.52292E-02 -9.12306E-03 
2.56794E-02 -9.96285E-03 
2.60466E-02 -1.07365E-02 
2.63278E-02 -1.14363E-02 
2.64855E-02 -1.19235E-02 
2.65216E-02 -1.20566E-02 
2.66317E-02 -1.26319E-02 
2.66411E-02 -1.31088E-02 
2.65542E-02 -1.34890E-02 
2.63777E-02 -1.37770E-02 
2.60263E-02 -1.39021E-02 
2.57053E-02 -1.40301E-02 
2.53184E-02 -1.40891E-02 
2.48748E-02 -1.40867E-02 
2.43851E-02 -1.40316E-02 
2.38650E-02 -1.39351E-02 
2.33465E-02 -1.38180E-02 
2.29157E-02 -1.37337E-02 
2.28214E-02 -1.38339E-02 
2.36193E-02 -1.44613E-02 
2.57528E-02 -1.59038E-02 
2.82445E-02 -1.75852E-02 
2.94515E-02 -1.84919E-02 
2.57202E-02 -8.68593E-03 
2.62426E-02 -9.61764E-03 
2.56789E-02 -9.73198E-03 
2.61293E-02 -1.06028E-02 
2.64908E-02 -1.14040E-02 
2.67582E-02 -1.21251E-02 
2.69298E-02 -1.27588E-02 
2.69974E-02 -1.31865E-02 
2.70067E-02 -1.33011E-02 
2.69873E-02 -1.37821E-02 
2.68661E-02 -1.41566E-02 
2.66484E-02 -1.44282E-02 
2.63433E-02 -1.46039E-02 
2.58834E-02 -1.46270E-02 
2.54447E-02 -1.46432E-02 
2.49471E-02 -1.45927E-02 
2.44005E-02 -1.44847E-02 
2.38161E-02 -1.43289E-02 
2.32094E-02 -1.41372E-02 
2.26114E-02 -1.39310E-02 
2.21050E-02 -1.37635E-02 
2.19283E-02 -1.37850E-02 
2.26098E-02 -1.43319E-02 
2.45636E-02 -1.56799E-02 
2.68460E-02 -1.72515E-02 
2.78964E-02 -1.80538E-02 
2.65552E-02 -1.00386E-02 
2.69860E-02 -1.09427E-02 
2.64374E-02 -1.10877E-02 
2.67789E-02 -1.19086E-02 
2.70263E-02 -1.26481E-02 
2.71773E-02 -1.32975E-02 
2.72308E-02 -1.38506E-02 
2.72068E-02 -1.42109E-02 
2.71894E-02 -1.43050E-02 
2.70433E-02 -1.46848E-02 
2.67991E-02 -1.49540E-02 
2.64641E-02 -1.51187E-02 
2.60475E-02 -1.51874E-02 
2.54965E-02 -1.51155E-02 
2.49585E-02 -1.50284E-02 
2.43679E-02 -1.48776E-02 
2.37354E-02 -1.46736E-02 
2.30726E-02 -1.44268E-02 
2.23949E-02 -1.41500E-02 
2.17324E-02 -1.38647E-02 
2.11645E-02 -1.36234E-02 
2.09172E-02 -1.35735E-02 
2.14904E-02 -1.40417E-02 
2.32680E-02 -1.52893E-02 
2.53462E-02 -1.67451E-02 
2.62515E-02 -1.74462E-02 
2.71467E-02 -1.12215E-02 
2.74840E-02 -1.20865E-02 
2.69602E-02 -1.22637E-02 
2.72074E-02 -1.30318E-02 
2.73544E-02 -1.37080E-02 
2.73994E-02 -1.42841E-02 
2.73424E-02 -1.47545E-02 
2.72312E-02 -1.50454E-02 
2.71880E-02 -1.51185E-02 
2.69192E-02 -1.53942E-02 
2.65527E-02 -1.55544E-02 
2.60989E-02 -1.56080E-02 
2.55701E-02 -1.55667E-02 
2.49284E-02 -1.53985E-02 
2.42963E-02 -1.52105E-02 
2.36206E-02 -1.49641E-02 
2.29123E-02 -1.46707E-02 
2.21828E-02 -1.43416E-02 
2.14471E-02 -1.39894E-02 
2.07337E-02 -1.36352E-02 
2.01174E-02 -1.33304E-02 
1.98117E-02 -1.32174E-02 
2.02856E-02 -1.36104E-02 
2.18934E-02 -1.47551E-02 
2.37751E-02 -1.60925E-02 
2.45484E-02 -1.66981E-02 
2.75519E-02 -1.22419E-02 
2.77906E-02 -1.30570E-02 
2.72713E-02 -1.32527E-02 
2.73981E-02 -1.39468E-02 
2.74195E-02 -1.45387E-02 
2.73399E-02 -1.50235E-02 
2.71613E-02 -1.53979E-02 
2.69592E-02 -1.56125E-02 
2.68902E-02 -1.56632E-02 
2.65032E-02 -1.58319E-02 
2.60285E-02 -1.58874E-02 
2.54763E-02 -1.58397E-02 
2.48578E-02 -1.57009E-02 
2.41464E-02 -1.54492E-02 
2.34419E-02 -1.51744E-02 
2.27020E-02 -1.48469E-02 
2.19377E-02 -1.44788E-02 
2.11603E-02 -1.40813E-02 
2.03839E-02 -1.36675E-02 
1.96356E-02 -1.32578E-02 
1.89859E-02 -1.29016E-02 
1.86347E-02 -1.27356E-02 
1.90199E-02 -1.30590E-02 
2.04668E-02 -1.41012E-02 
2.21625E-02 -1.53211E-02 
2.28179E-02 -1.58388E-02 
2.77172E-02 -1.30662E-02 
2.78457E-02 -1.38174E-02 
2.73202E-02 -1.40198E-02 
2.73372E-02 -1.46373E-02 
2.72584E-02 -1.51513E-02 
2.70765E-02 -1.55520E-02 
2.67931E-02 -1.58357E-02 
2.65117E-02 -1.59783E-02 
2.64197E-02 -1.60076E-02 
2.59240E-02 -1.60728E-02 
2.53443E-02 -1.60238E-02 
2.46960E-02 -1.58753E-02 
2.39926E-02 -1.56419E-02 
2.32167E-02 -1.53106E-02 
2.24485E-02 -1.49560E-02 
2.16548E-02 -1.45562E-02 
2.08464E-02 -1.41235E-02 
2.00340E-02 -1.36692E-02 
1.92306E-02 -1.32058E-02 
1.84612E-02 -1.27529E-02 
1.77914E-02 -1.23572E-02 
1.74071E-02 -1.21484E-02 
1.77145E-02 -1.24090E-02 
1.90104E-02 -1.33514E-02 
2.05321E-02 -1.44570E-02 
2.10839E-02 -1.48957E-02 
2.76938E-02 -1.37056E-02 
2.77161E-02 -1.43879E-02 
2.71820E-02 -1.45894E-02 
2.70862E-02 -1.51228E-02 
2.68843E-02 -1.55412E-02 
2.65796E-02 -1.58407E-02 
2.61829E-02 -1.60242E-02 
2.58197E-02 -1.60902E-02 
2.57052E-02 -1.60977E-02 
2.51117E-02 -1.60632E-02 
2.44472E-02 -1.59213E-02 
2.37238E-02 -1.56854E-02 
2.29549E-02 -1.53713E-02 
2.21327E-02 -1.49742E-02 
2.13218E-02 -1.45564E-02 
2.04950E-02 -1.41014E-02 
1.96622E-02 -1.36210E-02 
1.88329E-02 -1.31260E-02 
1.80193E-02 -1.26284E-02 
1.72441E-02 -1.21465E-02 
1.65681E-02 -1.17244E-02 
1.61634E-02 -1.14841E-02 
1.64050E-02 -1.16904E-02 
1.75632E-02 -1.25388E-02 
1.89260E-02 -1.35370E-02 
1.93894E-02 -1.39072E-02 
2.74742E-02 -1.41645E-02 
2.73810E-02 -1.47661E-02 
2.68105E-02 -1.49445E-02 
2.65928E-02 -1.53820E-02 
2.62843E-02 -1.57084E-02 
2.58884E-02 -1.59209E-02 
2.54057E-02 -1.60179E-02 
2.49744E-02 -1.60144E-02 
2.48397E-02 -1.60011E-02 
2.41527E-02 -1.58686E-02 
2.34057E-02 -1.56348E-02 
2.26138E-02 -1.53165E-02 
2.17899E-02 -1.49298E-02 
2.09324E-02 -1.44764E-02 
2.00911E-02 -1.40064E-02 
1.92441E-02 -1.35080E-02 
1.84003E-02 -1.29925E-02 
1.75677E-02 -1.24699E-02 
1.67571E-02 -1.19509E-02 
1.59890E-02 -1.14527E-02 
1.53189E-02 -1.10161E-02 
1.49051E-02 -1.07546E-02 
1.50918E-02 -1.09146E-02 
1.61238E-02 -1.16751E-02 
1.73411E-02 -1.25728E-02 
1.77295E-02 -1.28842E-02 
2.70848E-02 -1.44503E-02 
2.68743E-02 -1.49643E-02 
2.62670E-02 -1.51124E-02 
2.59406E-02 -1.54570E-02 
2.55256E-02 -1.56873E-02 
2.50229E-02 -1.58002E-02 
2.44390E-02 -1.57983E-02 
2.39418E-02 -1.57251E-02 
2.37899E-02 -1.56926E-02 
2.30302E-02 -1.54747E-02 
2.22227E-02 -1.51642E-02 
2.13816E-02 -1.47779E-02 
2.05204E-02 -1.43331E-02 
1.96420E-02 -1.38360E-02 
1.87860E-02 -1.33283E-02 
1.79342E-02 -1.28010E-02 
1.70939E-02 -1.22647E-02 
1.62720E-02 -1.17284E-02 
1.54776E-02 -1.12015E-02 
1.47287E-02 -1.06994E-02 
1.40757E-02 -1.02598E-02 
1.36633E-02 -9.98751E-03 
1.38062E-02 -1.01101E-02 
1.47255E-02 -1.07909E-02 
1.58127E-02 -1.15975E-02 
1.61397E-02 -1.18605E-02 
2.65362E-02 -1.45708E-02 
2.62197E-02 -1.49983E-02 
2.55698E-02 -1.51067E-02 
2.51334E-02 -1.53532E-02 
2.46111E-02 -1.54834E-02 
2.40111E-02 -1.54996E-02 
2.33411E-02 -1.54063E-02 
2.27826E-02 -1.52655E-02 
2.26142E-02 -1.52142E-02 
2.17838E-02 -1.49121E-02 
2.09216E-02 -1.45296E-02 
2.00439E-02 -1.40861E-02 
1.91628E-02 -1.35981E-02 
1.82815E-02 -1.30733E-02 
1.74287E-02 -1.25444E-02 
1.65889E-02 -1.20045E-02 
1.57677E-02 -1.14628E-02 
1.49705E-02 -1.09269E-02 
1.42046E-02 -1.04052E-02 
1.34859E-02 -9.91114E-03 
1.28599E-02 -9.47918E-03 
1.24584E-02 -9.20567E-03 
1.25681E-02 -9.29976E-03 
1.33885E-02 -9.91004E-03 
1.43610E-02 -1.06357E-02 
1.46391E-02 -1.08605E-02 
2.58690E-02 -1.45522E-02 
2.54421E-02 -1.48864E-02 
2.47312E-02 -1.49384E-02 
2.41830E-02 -1.50819E-02 
2.35596E-02 -1.51125E-02 
2.28712E-02 -1.50353E-02 
2.21309E-02 -1.48600E-02 
2.15307E-02 -1.46646E-02 
2.13507E-02 -1.45978E-02 
2.04691E-02 -1.42260E-02 
1.95655E-02 -1.37827E-02 
1.86605E-02 -1.32908E-02 
1.77683E-02 -1.27693E-02 
1.68941E-02 -1.22276E-02 
1.60569E-02 -1.16902E-02 
1.52414E-02 -1.11508E-02 
1.44511E-02 -1.06163E-02 
1.36892E-02 -1.00928E-02 
1.29615E-02 -9.58711E-03 
1.22816E-02 -9.11116E-03 
1.16904E-02 -8.69591E-03 
1.13075E-02 -8.42949E-03 
1.13935E-02 -8.50340E-03 
1.21284E-02 -9.05283E-03 
1.30014E-02 -9.70820E-03 
1.32417E-02 -9.90412E-03 
2.50794E-02 -1.43968E-02 
2.45533E-02 -1.46404E-02 
2.37883E-02 -1.46352E-02 
2.31403E-02 -1.46801E-02 
2.24273E-02 -1.46167E-02 
2.16627E-02 -1.44532E-02 
2.08506E-02 -1.41944E-02 
2.01964E-02 -1.39358E-02 
2.00026E-02 -1.38521E-02 
1.90751E-02 -1.34151E-02 
1.81531E-02 -1.29294E-02 
1.72469E-02 -1.24112E-02 
1.63644E-02 -1.18747E-02 
1.55108E-02 -1.13297E-02 
1.47002E-02 -1.07962E-02 
1.39185E-02 -1.02681E-02 
1.31676E-02 -9.75127E-03 
1.24492E-02 -9.25009E-03 
1.17672E-02 -8.76973E-03 
1.11328E-02 -8.32017E-03 
1.05824E-02 -7.92908E-03 
1.02242E-02 -7.67672E-03 
1.02949E-02 -7.73807E-03 
1.09572E-02 -8.23626E-03 
1.17448E-02 -8.83196E-03 
1.19568E-02 -9.00721E-03 
2.42100E-02 -1.41343E-02 
2.35792E-02 -1.42809E-02 
2.27560E-02 -1.42120E-02 
2.20206E-02 -1.41643E-02 
2.12244E-02 -1.40092E-02 
2.03839E-02 -1.37585E-02 
1.95120E-02 -1.34243E-02 
1.88248E-02 -1.31180E-02 
1.86234E-02 -1.30222E-02 
1.76673E-02 -1.25344E-02 
1.67320E-02 -1.20128E-02 
1.58303E-02 -1.14756E-02 
1.49669E-02 -1.09347E-02 
1.41455E-02 -1.03989E-02 
1.33739E-02 -9.88238E-03 
1.26376E-02 -9.37842E-03 
1.19362E-02 -8.89051E-03 
1.12695E-02 -8.42131E-03 
1.06395E-02 -7.97437E-03 
1.00556E-02 -7.55798E-03 
9.55010E-03 -7.19687E-03 
9.22118E-03 -6.96406E-03 
9.28364E-03 -7.01949E-03 
9.88511E-03 -7.47575E-03 
1.06006E-02 -8.02193E-03 
1.07922E-02 -8.18342E-03 
2.32820E-02 -1.37833E-02 
2.25588E-02 -1.38383E-02 
2.16724E-02 -1.36992E-02 
2.08462E-02 -1.35552E-02 
1.99709E-02 -1.33104E-02 
1.90635E-02 -1.29785E-02 
1.81426E-02 -1.25770E-02 
1.74340E-02 -1.22321E-02 
1.72287E-02 -1.21270E-02 
1.62643E-02 -1.16054E-02 
1.53330E-02 -1.10636E-02 
1.44441E-02 -1.05173E-02 
1.36081E-02 -9.98240E-03 
1.28284E-02 -9.46683E-03 
1.21056E-02 -8.97863E-03 
1.14234E-02 -8.50903E-03 
1.07783E-02 -8.05876E-03 
1.01684E-02 -7.62867E-03 
9.59418E-03 -7.22088E-03 
9.06343E-03 -6.84223E-03 
8.60501E-03 -6.51484E-03 
8.30792E-03 -6.30533E-03 
8.36779E-03 -6.36026E-03 
8.91907E-03 -6.78317E-03 
9.57414E-03 -7.28912E-03 
9.75143E-03 -7.44225E-03 
2.23024E-02 -1.33533E-02 
2.14904E-02 -1.33170E-02 
2.05462E-02 -1.31087E-02 
1.96450E-02 -1.28780E-02 
1.86994E-02 -1.25490E-02 
1.77376E-02 -1.21450E-02 
1.67812E-02 -1.16872E-02 
1.60559E-02 -1.13088E-02 
1.58474E-02 -1.11956E-02 
1.48813E-02 -1.06482E-02 
1.39648E-02 -1.00978E-02 
1.31088E-02 -9.56145E-03 
1.23172E-02 -9.04921E-03 
1.15887E-02 -8.56503E-03 
1.09214E-02 -8.11387E-03 
1.02979E-02 -7.68563E-03 
9.71256E-03 -7.27864E-03 
9.16151E-03 -6.89193E-03 
8.64412E-03 -6.52637E-03 
8.16668E-03 -6.18759E-03 
7.75512E-03 -5.89550E-03 
7.49058E-03 -5.71118E-03 
7.55184E-03 -5.76958E-03 
8.06204E-03 -6.16663E-03 
8.66678E-03 -6.64044E-03 
8.83383E-03 -6.78892E-03 
2.12943E-02 -1.28641E-02 
2.03965E-02 -1.27371E-02 
1.93943E-02 -1.24578E-02 
1.84276E-02 -1.21462E-02 
1.74298E-02 -1.17460E-02 
1.64273E-02 -1.12807E-02 
1.54455E-02 -1.07759E-02 
1.47134E-02 -1.03732E-02 
1.45047E-02 -1.02547E-02 
1.35463E-02 -9.69201E-03 
1.26567E-02 -9.14632E-03 
1.18429E-02 -8.63095E-03 
1.11058E-02 -8.15329E-03 
1.04394E-02 -7.71241E-03 
9.83513E-03 -7.30753E-03 
9.27439E-03 -6.92670E-03 
8.75036E-03 -6.56676E-03 
8.25832E-03 -6.22565E-03 
7.79676E-03 -5.90335E-03 
7.37088E-03 -5.60453E-03 
7.00423E-03 -5.34740E-03 
6.77123E-03 -5.18840E-03 
6.83627E-03 -5.25277E-03 
7.31281E-03 -5.63012E-03 
7.87534E-03 -6.07835E-03 
8.03445E-03 -6.22419E-03 
2.02793E-02 -1.23334E-02 
1.93068E-02 -1.21225E-02 
1.82489E-02 -1.17731E-02 
1.72238E-02 -1.13861E-02 
1.61862E-02 -1.09245E-02 
1.51566E-02 -1.04096E-02 
1.41652E-02 -9.87177E-03 
1.34365E-02 -9.45490E-03 
1.32302E-02 -9.33389E-03 
1.22937E-02 -8.77083E-03 
1.14434E-02 -8.24347E-03 
1.06847E-02 -7.76350E-03 
1.00118E-02 -7.33189E-03 
9.41106E-03 -6.94090E-03 
8.87146E-03 -6.58662E-03 
8.37386E-03 -6.25599E-03 
7.90995E-03 -5.94415E-03 
7.47426E-03 -5.64811E-03 
7.06482E-03 -5.36733E-03 
6.68622E-03 -5.10598E-03 
6.36024E-03 -4.88110E-03 
6.15583E-03 -4.74556E-03 
6.22534E-03 -4.81675E-03 
6.67407E-03 -5.17913E-03 
7.20087E-03 -5.60684E-03 
7.35264E-03 -5.75038E-03 
1.92583E-02 -1.17683E-02 
1.82188E-02 -1.14781E-02 
1.71142E-02 -1.10639E-02 
1.60424E-02 -1.06104E-02 
1.49702E-02 -1.00927E-02 
1.39254E-02 -9.53899E-03 
1.29371E-02 -8.98061E-03 
1.22215E-02 -8.55944E-03 
1.20209E-02 -8.43927E-03 
1.11233E-02 -7.89290E-03 
1.03289E-02 -7.40132E-03 
9.63704E-03 -6.97019E-03 
9.03366E-03 -6.59292E-03 
8.50184E-03 -6.25756E-03 
8.02818E-03 -5.95747E-03 
7.59290E-03 -5.67832E-03 
7.18652E-03 -5.41387E-03 
6.80312E-03 -5.16059E-03 
6.44077E-03 -4.91787E-03 
6.10394E-03 -4.68992E-03 
5.81324E-03 -4.49313E-03 
5.63332E-03 -4.37780E-03 
5.70648E-03 -4.45516E-03 
6.13099E-03 -4.80542E-03 
6.62599E-03 -5.21555E-03 
6.76932E-03 -5.35547E-03 
1.82438E-02 -1.11804E-02 
1.71496E-02 -1.08192E-02 
1.60052E-02 -1.03455E-02 
1.48955E-02 -9.83291E-03 
1.38038E-02 -9.27187E-03 
1.27557E-02 -8.69100E-03 
1.17817E-02 -8.12386E-03 
1.10907E-02 -7.71042E-03 
1.08995E-02 -7.59487E-03 
1.00571E-02 -7.08254E-03 
9.33050E-03 -6.64068E-03 
8.71269E-03 -6.26865E-03 
8.18518E-03 -5.95447E-03 
7.72630E-03 -5.68084E-03 
7.31908E-03 -5.43737E-03 
6.94310E-03 -5.20860E-03 
6.58887E-03 -4.98797E-03 
6.25102E-03 -4.77229E-03 
5.92829E-03 -4.56161E-03 
5.62559E-03 -4.36066E-03 
5.36301E-03 -4.18584E-03 
5.20190E-03 -4.08577E-03 
5.27638E-03 -4.16706E-03 
5.67855E-03 -4.50633E-03 
6.14387E-03 -4.90005E-03 
6.27630E-03 -5.03358E-03 
1.72460E-02 -1.05806E-02 
1.61058E-02 -1.01549E-02 
1.49318E-02 -9.62934E-03 
1.37969E-02 -9.06843E-03 
1.26959E-02 -8.47415E-03 
1.16588E-02 -7.87990E-03 
1.07128E-02 -7.31853E-03 
1.00569E-02 -6.92430E-03 
9.87808E-03 -6.81670E-03 
9.10552E-03 -6.35488E-03 
8.45942E-03 -5.97760E-03 
7.92430E-03 -5.67581E-03 
7.47741E-03 -5.43199E-03 
7.09131E-03 -5.22247E-03 
6.74733E-03 -5.03455E-03 
6.42491E-03 -4.85222E-03 
6.11512E-03 -4.66921E-03 
5.81400E-03 -4.48363E-03 
5.52168E-03 -4.29688E-03 
5.24407E-03 -4.11483E-03 
5.00126E-03 -3.95439E-03 
4.85222E-03 -3.86332E-03 
4.92437E-03 -3.94489E-03 
5.30417E-03 -4.27250E-03 
5.73998E-03 -4.64904E-03 
5.85791E-03 -4.77220E-03 
1.62705E-02 -9.97663E-03 
1.50944E-02 -9.49412E-03 
1.39001E-02 -8.92437E-03 
1.27525E-02 -8.32626E-03 
1.16562E-02 -7.71169E-03 
1.06432E-02 -7.11762E-03 
9.73893E-03 -6.57684E-03 
9.12783E-03 -6.21300E-03 
8.96439E-03 -6.11682E-03 
8.27514E-03 -5.72140E-03 
7.72172E-03 -5.42329E-03 
7.27834E-03 -5.20303E-03 
6.91405E-03 -5.03427E-03 
6.59867E-03 -4.88910E-03 
6.31190E-03 -4.75271E-03 
6.03441E-03 -4.60977E-03 
5.75903E-03 -4.45561E-03 
5.48398E-03 -4.29042E-03 
5.21141E-03 -4.11771E-03 
4.94875E-03 -3.94503E-03 
4.71656E-03 -3.79027E-03 
4.57213E-03 -3.70099E-03 
4.63723E-03 -3.77799E-03 
4.99292E-03 -4.09148E-03 
5.39756E-03 -4.44829E-03 
5.49662E-03 -4.55620E-03 
1.53213E-02 -9.37473E-03 
1.41200E-02 -8.84392E-03 
1.29156E-02 -8.23861E-03 
1.17659E-02 -7.61343E-03 
1.06864E-02 -6.99072E-03 
9.71231E-03 -6.41181E-03 
8.86551E-03 -5.90819E-03 
8.31011E-03 -5.58712E-03 
8.16447E-03 -5.50545E-03 
7.56954E-03 -5.19056E-03 
7.11894E-03 -4.98454E-03 
6.77399E-03 -4.85495E-03 
6.49320E-03 -4.76449E-03 
6.24352E-03 -4.68088E-03 
6.00540E-03 -4.58912E-03 
5.76215E-03 -4.47605E-03 
5.50936E-03 -4.33971E-03 
5.24827E-03 -4.18338E-03 
4.98378E-03 -4.01341E-03 
4.72528E-03 -3.83957E-03 
4.49418E-03 -3.68114E-03 
4.34654E-03 -3.58585E-03 
4.39913E-03 -3.65252E-03 
4.72741E-03 -3.94785E-03 
5.09770E-03 -4.28078E-03 
5.17316E-03 -4.36806E-03 
1.43981E-02 -8.77820E-03 
1.31823E-02 -8.20783E-03 
1.19790E-02 -7.57668E-03 
1.08408E-02 -6.93684E-03 
9.79052E-03 -6.31868E-03 
8.86766E-03 -5.76840E-03 
8.09320E-03 -5.31791E-03 
7.60436E-03 -5.05189E-03 
7.47994E-03 -4.98848E-03 
6.99270E-03 -4.76996E-03 
6.65054E-03 -4.66535E-03 
6.40456E-03 -4.63040E-03 
6.20627E-03 -4.61910E-03 
6.01760E-03 -4.59351E-03 
5.81789E-03 -4.53726E-03 
5.59527E-03 -4.44137E-03 
5.35063E-03 -4.30897E-03 
5.08968E-03 -4.14794E-03 
4.82073E-03 -3.96827E-03 
4.55541E-03 -3.78224E-03 
4.31607E-03 -3.61068E-03 
4.15761E-03 -3.50156E-03 
4.19185E-03 -3.55161E-03 
4.48823E-03 -3.82342E-03 
4.81982E-03 -4.12707E-03 
4.86710E-03 -4.18838E-03 
1.34972E-02 -8.18810E-03 
1.22770E-02 -7.58658E-03 
1.10846E-02 -6.93861E-03 
9.97147E-03 -6.29654E-03 
8.96571E-03 -5.69753E-03 
8.10654E-03 -5.18945E-03 
7.41660E-03 -4.80623E-03 
7.00470E-03 -4.60707E-03 
6.90397E-03 -4.56501E-03 
6.53435E-03 -4.45583E-03 
6.30806E-03 -4.46260E-03 
6.16226E-03 -4.52598E-03 
6.03958E-03 -4.58944E-03 
5.90021E-03 -4.61183E-03 
5.72558E-03 -4.57832E-03 
5.50942E-03 -4.48538E-03 
5.25844E-03 -4.34218E-03 
4.98398E-03 -4.16247E-03 
4.69853E-03 -3.96064E-03 
4.41618E-03 -3.75181E-03 
4.16022E-03 -3.55832E-03 
3.98414E-03 -3.42812E-03 
3.99432E-03 -3.45524E-03 
4.25340E-03 -3.69717E-03 
4.54113E-03 -3.96523E-03 
4.55633E-03 -3.99580E-03 
1.26157E-02 -7.60607E-03 
1.14048E-02 -6.98458E-03 
1.02355E-02 -6.33045E-03 
9.15926E-03 -5.69768E-03 
8.20962E-03 -5.12989E-03 
7.42614E-03 -4.67707E-03 
6.83248E-03 -4.37440E-03 
6.50640E-03 -4.25229E-03 
6.43182E-03 -4.23444E-03 
6.18829E-03 -4.24548E-03 
6.08016E-03 -4.36871E-03 
6.03178E-03 -4.52970E-03 
5.97625E-03 -4.66071E-03 
5.87268E-03 -4.71833E-03 
5.70613E-03 -4.69085E-03 
5.47854E-03 -4.58286E-03 
5.20494E-03 -4.41214E-03 
4.90329E-03 -4.19941E-03 
4.59030E-03 -3.96373E-03 
4.28240E-03 -3.72296E-03 
4.00336E-03 -3.50052E-03 
3.80464E-03 -3.34363E-03 
3.78606E-03 -3.34236E-03 
4.00254E-03 -3.54798E-03 
4.24157E-03 -3.77428E-03 
4.22246E-03 -3.77094E-03 
1.17381E-02 -7.02569E-03 
1.05498E-02 -6.39498E-03 
9.41828E-03 -5.74710E-03 
8.39270E-03 -5.13616E-03 
7.51015E-03 -4.61092E-03 
6.81400E-03 -4.22548E-03 
6.32730E-03 -4.01503E-03 
6.09180E-03 -3.97651E-03 
6.04447E-03 -3.98450E-03 
5.93110E-03 -4.12211E-03 
5.94184E-03 -4.36416E-03 
5.98584E-03 -4.61881E-03 
5.98472E-03 -4.80532E-03 
5.89951E-03 -4.88081E-03 
5.72179E-03 -4.83958E-03 
5.46419E-03 -4.69711E-03 
5.15217E-03 -4.48202E-03 
4.81098E-03 -4.22292E-03 
4.46163E-03 -3.94363E-03 
4.12239E-03 -3.66431E-03 
3.81676E-03 -3.40868E-03 
3.59296E-03 -3.22199E-03 
3.54257E-03 -3.18841E-03 
3.71159E-03 -3.35165E-03 
3.89775E-03 -3.53064E-03 
3.84429E-03 -3.49236E-03 
1.08420E-02 -6.43671E-03 
9.69334E-03 -5.80999E-03 
8.61343E-03 -5.18010E-03 
7.65223E-03 -4.60320E-03 
6.85042E-03 -4.13283E-03 
6.25110E-03 -3.82433E-03 
5.87718E-03 -3.71276E-03 
5.73688E-03 -3.76264E-03 
5.71775E-03 -3.79754E-03 
5.73521E-03 -4.06319E-03 
5.86035E-03 -4.42020E-03 
5.98494E-03 -4.75724E-03 
6.02186E-03 -4.98250E-03 
5.93486E-03 -5.05473E-03 
5.72505E-03 -4.97749E-03 
5.41861E-03 -4.78020E-03 
5.05351E-03 -4.50466E-03 
4.66345E-03 -4.18854E-03 
4.27324E-03 -3.86002E-03 
3.90173E-03 -3.54028E-03 
3.57068E-03 -3.25189E-03 
3.32345E-03 -3.03635E-03 
3.24107E-03 -2.96943E-03 
3.35963E-03 -3.08594E-03 
3.49081E-03 -3.21406E-03 
3.40623E-03 -3.14321E-03 
9.89199E-03 -5.82150E-03 
8.80354E-03 -5.21424E-03 
7.79357E-03 -4.61681E-03 
6.91278E-03 -4.08705E-03 
6.20250E-03 -3.68080E-03 
5.70729E-03 -3.45521E-03 
5.44870E-03 -3.44416E-03 
5.40171E-03 -3.58014E-03 
5.41000E-03 -3.64092E-03 
5.55157E-03 -4.02680E-03 
5.77882E-03 -4.48541E-03 
5.96836E-03 -4.88739E-03 
6.02335E-03 -5.12931E-03 
5.91314E-03 -5.17456E-03 
5.64945E-03 -5.03732E-03 
5.27779E-03 -4.76669E-03 
4.85048E-03 -4.41970E-03 
4.40919E-03 -4.04269E-03 
3.98100E-03 -3.66665E-03 
3.58351E-03 -3.31195E-03 
3.23494E-03 -2.99807E-03 
2.97161E-03 -2.76046E-03 
2.86141E-03 -2.66356E-03 
2.92975E-03 -2.73226E-03 
3.00733E-03 -2.80946E-03 
2.89915E-03 -2.71280E-03 
8.83427E-03 -5.15224E-03 
7.83229E-03 -4.58343E-03 
6.91369E-03 -4.03468E-03 
6.12949E-03 -3.56436E-03 
5.52163E-03 -3.22953E-03 
5.13336E-03 -3.08656E-03 
4.98437E-03 -3.16726E-03 
5.02174E-03 -3.37763E-03 
5.05397E-03 -3.46005E-03 
5.30092E-03 -3.94315E-03 
5.60805E-03 -4.47655E-03 
5.83918E-03 -4.91557E-03 
5.89020E-03 -5.14762E-03 
5.73660E-03 -5.14166E-03 
5.40492E-03 -4.92670E-03 
4.96130E-03 -4.57313E-03 
4.47399E-03 -4.15471E-03 
3.99114E-03 -3.72497E-03 
3.53965E-03 -3.31515E-03 
3.13323E-03 -2.94197E-03 
2.78421E-03 -2.61939E-03 
2.51960E-03 -2.37426E-03 
2.39167E-03 -2.25685E-03 
2.41511E-03 -2.28183E-03 
2.44564E-03 -2.31335E-03 
2.32631E-03 -2.20285E-03 
7.60150E-03 -4.39369E-03 
6.71567E-03 -3.88460E-03 
5.91445E-03 -3.40334E-03 
5.24407E-03 -3.00427E-03 
4.74548E-03 -2.74278E-03 
4.45833E-03 -2.67147E-03 
4.39880E-03 -2.81818E-03 
4.49759E-03 -3.07466E-03 
4.54630E-03 -3.16946E-03 
4.85832E-03 -3.70055E-03 
5.20465E-03 -4.25866E-03 
5.44548E-03 -4.69346E-03 
5.47167E-03 -4.88657E-03 
5.26596E-03 -4.81408E-03 
4.87187E-03 -4.52188E-03 
4.37433E-03 -4.09982E-03 
3.85348E-03 -3.63423E-03 
3.36033E-03 -3.18186E-03 
2.91801E-03 -2.77031E-03 
2.53373E-03 -2.40978E-03 
2.21209E-03 -2.10659E-03 
1.96921E-03 -1.87717E-03 
1.84036E-03 -1.75580E-03 
1.83083E-03 -1.74798E-03 
1.82722E-03 -1.74570E-03 
1.71350E-03 -1.63805E-03 
6.15539E-03 -3.52715E-03 
5.41602E-03 -3.09954E-03 
4.75407E-03 -2.70184E-03 
4.21021E-03 -2.38177E-03 
3.81922E-03 -2.18720E-03 
3.61341E-03 -2.16211E-03 
3.60539E-03 -2.32883E-03 
3.72287E-03 -2.58127E-03 
3.77374E-03 -2.67176E-03 
4.07871E-03 -3.16561E-03 
4.39729E-03 -3.66669E-03 
4.59940E-03 -4.03477E-03 
4.58535E-03 -4.16118E-03 
4.34686E-03 -4.03204E-03 
3.93653E-03 -3.70249E-03 
3.44631E-03 -3.26965E-03 
2.95719E-03 -2.82060E-03 
2.51485E-03 -2.40647E-03 
2.13472E-03 -2.04672E-03 
1.81649E-03 -1.74369E-03 
1.55750E-03 -1.49621E-03 
1.36386E-03 -1.31084E-03 
1.25521E-03 -1.20686E-03 
1.23064E-03 -1.18357E-03 
1.21108E-03 -1.16504E-03 
1.12034E-03 -1.07796E-03 
4.58990E-03 -2.60761E-03 
4.01284E-03 -2.27409E-03 
3.50059E-03 -1.96821E-03 
3.08370E-03 -1.72639E-03 
2.78818E-03 -1.58476E-03 
2.63440E-03 -1.57348E-03 
2.62883E-03 -1.70590E-03 
2.71493E-03 -1.89811E-03 
2.75180E-03 -1.96600E-03 
2.96803E-03 -2.32900E-03 
3.18139E-03 -2.68200E-03 
3.29509E-03 -2.92009E-03 
3.23944E-03 -2.96699E-03 
3.01504E-03 -2.82008E-03 
2.67012E-03 -2.53047E-03 
2.28120E-03 -2.17930E-03 
1.91049E-03 -1.83386E-03 
1.58881E-03 -1.52926E-03 
1.32254E-03 -1.27486E-03 
1.10669E-03 -1.06761E-03 
9.35309E-04 -9.02587E-04 
8.08666E-04 -7.80462E-04 
7.35691E-04 -7.10023E-04 
7.13550E-04 -6.88596E-04 
6.95073E-04 -6.70676E-04 
6.36762E-04 -6.14306E-04 
---
