PdfType: replica
Format: lhagrid1
---
1.00000E-06 1.28121E-06 1.64152E-06 2.10317E-06 2.69463E-06 3.45242E-06 4.42329E-06 5.66715E-06 7.26076E-06 9.30241E-06 1.19180E-05 1.52689E-05 1.95617E-05 2.50609E-05 3.21053E-05 4.11287E-05 5.26863E-05 6.74889E-05 8.64459E-05 1.10720E-04 1.41800E-04 1.81585E-04 2.32503E-04 2.97652E-04 3.80981E-04 4.87518E-04 6.26039E-04 8.00452E-04 1.02297E-03 1.30657E-03 1.66759E-03 2.12729E-03 2.71054E-03 3.44865E-03 4.37927E-03 5.54908E-03 7.01192E-03 8.83064E-03 1.10763E-02 1.38266E-02 1.71641E-02 2.11717E-02 2.59364E-02 3.15062E-02 3.79623E-02 4.53425E-02 5.36750E-02 6.29705E-02 7.32221E-02 8.44039E-02 9.64793E-02 1.09332E-01 1.23067E-01 1.37507E-01 1.52639E-01 1.68416E-01 1.84794E-01 2.01731E-01 2.19016E-01 2.36948E-01 2.55242E-01 2.73927E-01 2.92954E-01 3.12340E-01 3.32036E-01 3.52019E-01 3.72282E-01 3.92772E-01 4.13533E-01 4.34326E-01 4.55495E-01 4.76836E-01 4.98342E-01 5.20006E-01 5.41818E-01 5.63773E-01 5.85861E-01 6.08077E-01 6.30459E-01 6.52800E-01 6.75387E-01 6.98063E-01 7.20830E-01 7.43683E-01 7.66623E-01 7.89636E-01 8.12791E-01 8.35940E-01 8.59175E-01 8.82485E-01 9.05866E-01 9.29311E-01 9.52817E-01 9.76387E-01 1.00000E+00 
1.14018E+00 1.22539E+00 1.32482E+00 1.44156E+00 1.57954E+00 1.74381E+00 1.94091E+00 2.12132E+00 2.17945E+00 2.49622E+00 2.89383E+00 3.39925E+00 4.05063E+00 4.90286E+00 6.03623E+00 7.57063E+00 9.68869E+00 1.26749E+01 1.69835E+01 2.33578E+01 3.30501E+01 4.82334E+01 7.28041E+01 1.13998E+02 1.85779E+02 3.16228E+02 
908 909 
-5.99326E-04 -1.53463E-04 
-6.05808E-04 -1.55400E-04 
-6.13029E-04 -1.59458E-04 
-6.17726E-04 -1.61747E-04 
-6.22519E-04 -1.64267E-04 
-6.27459E-04 -1.67082E-04 
-6.32613E-04 -1.70265E-04 
-6.36804E-04 -1.73032E-04 
-6.38070E-04 -1.73897E-04 
-6.44427E-04 -1.78415E-04 
-6.51447E-04 -1.83668E-04 
-6.59351E-04 -1.89775E-04 
-6.68405E-04 -1.96860E-04 
-6.82327E-04 -2.04839E-04 
-6.96235E-04 -2.14540E-04 
-7.12623E-04 -2.25615E-04 
-7.32041E-04 -2.38225E-04 
-7.55198E-04 -2.52554E-04 
-7.83145E-04 -2.68873E-04 
-8.17873E-04 -2.87745E-04 
-8.64466E-04 -3.10801E-04 
-9.37897E-04 -3.43238E-04 
-1.07541E-03 -3.98487E-04 
-1.32097E-03 -4.92723E-04 
-1.63897E-03 -6.12551E-04 
-1.92539E-03 -7.18109E-04 
-6.33021E-04 -1.58357E-04 
-6.39808E-04 -1.60495E-04 
-6.47567E-04 -1.65086E-04 
-6.52610E-04 -1.67629E-04 
-6.57781E-04 -1.70430E-04 
-6.63141E-04 -1.73560E-04 
-6.68771E-04 -1.77100E-04 
-6.73379E-04 -1.80173E-04 
-6.74777E-04 -1.81133E-04 
-6.81826E-04 -1.86137E-04 
-6.89668E-04 -1.91938E-04 
-6.98551E-04 -1.98655E-04 
-7.08770E-04 -2.06412E-04 
-7.24212E-04 -2.14912E-04 
-7.39878E-04 -2.25349E-04 
-7.58315E-04 -2.37218E-04 
-7.80116E-04 -2.50671E-04 
-8.06045E-04 -2.65889E-04 
-8.37222E-04 -2.83135E-04 
-8.75772E-04 -3.02981E-04 
-9.27133E-04 -3.27115E-04 
-1.00736E-03 -3.60968E-04 
-1.15648E-03 -4.18590E-04 
-1.42189E-03 -5.16813E-04 
-1.76547E-03 -6.41319E-04 
-2.07516E-03 -7.50160E-04 
-6.66835E-04 -1.64507E-04 
-6.73997E-04 -1.66822E-04 
-6.82468E-04 -1.71900E-04 
-6.87934E-04 -1.74678E-04 
-6.93566E-04 -1.77744E-04 
-6.99438E-04 -1.81177E-04 
-7.05644E-04 -1.85060E-04 
-7.10754E-04 -1.88430E-04 
-7.12309E-04 -1.89482E-04 
-7.20181E-04 -1.94961E-04 
-7.28992E-04 -2.01295E-04 
-7.39018E-04 -2.08607E-04 
-7.50587E-04 -2.17018E-04 
-7.67730E-04 -2.25979E-04 
-7.85369E-04 -2.37117E-04 
-8.06090E-04 -2.49733E-04 
-8.30533E-04 -2.63976E-04 
-8.59511E-04 -2.80016E-04 
-8.94219E-04 -2.98110E-04 
-9.36919E-04 -3.18831E-04 
-9.93418E-04 -3.43926E-04 
-1.08091E-03 -3.79055E-04 
-1.24237E-03 -4.38885E-04 
-1.52883E-03 -5.40864E-04 
-1.89946E-03 -6.69692E-04 
-2.23368E-03 -7.81330E-04 
-7.01295E-04 -1.71666E-04 
-7.08907E-04 -1.74122E-04 
-7.18251E-04 -1.79641E-04 
-7.24223E-04 -1.82627E-04 
-7.30405E-04 -1.85934E-04 
-7.36884E-04 -1.89645E-04 
-7.43771E-04 -1.93849E-04 
-7.49469E-04 -1.97499E-04 
-7.51208E-04 -1.98639E-04 
-7.60042E-04 -2.04571E-04 
-7.69973E-04 -2.11417E-04 
-7.81312E-04 -2.19298E-04 
-7.94417E-04 -2.28333E-04 
-8.13441E-04 -2.37684E-04 
-8.33269E-04 -2.49471E-04 
-8.56511E-04 -2.62779E-04 
-8.83851E-04 -2.77743E-04 
-9.16156E-04 -2.94522E-04 
-9.54692E-04 -3.13363E-04 
-1.00186E-03 -3.34840E-04 
-1.06387E-03 -3.60751E-04 
-1.15910E-03 -3.96982E-04 
-1.33365E-03 -4.58787E-04 
-1.64238E-03 -5.64180E-04 
-2.04159E-03 -6.96835E-04 
-2.40155E-03 -8.10656E-04 
-7.36941E-04 -1.79502E-04 
-7.45075E-04 -1.82058E-04 
-7.55436E-04 -1.87977E-04 
-7.61997E-04 -1.91136E-04 
-7.68815E-04 -1.94652E-04 
-7.75994E-04 -1.98613E-04 
-7.83665E-04 -2.03112E-04 
-7.90039E-04 -2.07023E-04 
-7.91989E-04 -2.08245E-04 
-8.01919E-04 -2.14602E-04 
-8.13124E-04 -2.21931E-04 
-8.25943E-04 -2.30350E-04 
-8.40772E-04 -2.39973E-04 
-8.61845E-04 -2.49629E-04 
-8.84076E-04 -2.62008E-04 
-9.10071E-04 -2.75937E-04 
-9.40558E-04 -2.91540E-04 
-9.76458E-04 -3.08962E-04 
-1.01911E-03 -3.28434E-04 
-1.07107E-03 -3.50527E-04 
-1.13892E-03 -3.77083E-04 
-1.24236E-03 -4.14199E-04 
-1.43076E-03 -4.77681E-04 
-1.76301E-03 -5.86030E-04 
-2.19230E-03 -7.21865E-04 
-2.57921E-03 -8.37124E-04 
-7.74255E-04 -1.87659E-04 
-7.82974E-04 -1.90271E-04 
-7.94484E-04 -1.96552E-04 
-8.01708E-04 -1.99848E-04 
-8.09245E-04 -2.03538E-04 
-8.17214E-04 -2.07717E-04 
-8.25768E-04 -2.12482E-04 
-8.32901E-04 -2.16632E-04 
-8.35088E-04 -2.17929E-04 
-8.46247E-04 -2.24681E-04 
-8.58873E-04 -2.32460E-04 
-8.73339E-04 -2.41380E-04 
-8.90075E-04 -2.51547E-04 
-9.13356E-04 -2.61415E-04 
-9.38196E-04 -2.74317E-04 
-9.67167E-04 -2.88787E-04 
-1.00104E-03 -3.04936E-04 
-1.04080E-03 -3.22888E-04 
-1.08784E-03 -3.42855E-04 
-1.14487E-03 -3.65401E-04 
-1.21892E-03 -3.92403E-04 
-1.33100E-03 -4.30149E-04 
-1.53399E-03 -4.94936E-04 
-1.89100E-03 -6.05661E-04 
-2.35187E-03 -7.43874E-04 
-2.76686E-03 -8.59690E-04 
-8.13617E-04 -1.95790E-04 
-8.22975E-04 -1.98412E-04 
-8.35756E-04 -2.05019E-04 
-8.43713E-04 -2.08411E-04 
-8.52043E-04 -2.12240E-04 
-8.60886E-04 -2.16604E-04 
-8.70415E-04 -2.21602E-04 
-8.78388E-04 -2.25968E-04 
-8.80836E-04 -2.27333E-04 
-8.93352E-04 -2.34445E-04 
-9.07544E-04 -2.42637E-04 
-9.23819E-04 -2.52015E-04 
-9.42642E-04 -2.62674E-04 
-9.68275E-04 -2.72650E-04 
-9.95922E-04 -2.85996E-04 
-1.02809E-03 -3.00917E-04 
-1.06558E-03 -3.17501E-04 
-1.10943E-03 -3.35853E-04 
-1.16112E-03 -3.56160E-04 
-1.22351E-03 -3.78970E-04 
-1.30406E-03 -4.06189E-04 
-1.42521E-03 -4.44264E-04 
-1.64350E-03 -5.09910E-04 
-2.02650E-03 -6.22298E-04 
-2.52038E-03 -7.61924E-04 
-2.96449E-03 -8.77268E-04 
-8.55302E-04 -2.03574E-04 
-8.65342E-04 -2.06160E-04 
-8.79512E-04 -2.13050E-04 
-8.88261E-04 -2.16497E-04 
-8.97452E-04 -2.20426E-04 
-9.07246E-04 -2.24940E-04 
-9.17838E-04 -2.30138E-04 
-9.26727E-04 -2.34693E-04 
-9.29460E-04 -2.36119E-04 
-9.43457E-04 -2.43553E-04 
-9.59355E-04 -2.52113E-04 
-9.77598E-04 -2.61898E-04 
-9.98684E-04 -2.72988E-04 
-1.02680E-03 -2.82953E-04 
-1.05744E-03 -2.96652E-04 
-1.09300E-03 -3.11916E-04 
-1.13434E-03 -3.28810E-04 
-1.18252E-03 -3.47410E-04 
-1.23911E-03 -3.67877E-04 
-1.30711E-03 -3.90735E-04 
-1.39445E-03 -4.17905E-04 
-1.52505E-03 -4.55958E-04 
-1.75932E-03 -5.21935E-04 
-2.16946E-03 -6.35138E-04 
-2.69771E-03 -7.75034E-04 
-3.17186E-03 -8.88725E-04 
-8.99476E-04 -2.10724E-04 
-9.10231E-04 -2.13226E-04 
-9.25909E-04 -2.20343E-04 
-9.35505E-04 -2.23799E-04 
-9.45618E-04 -2.27788E-04 
-9.56433E-04 -2.32412E-04 
-9.68171E-04 -2.37773E-04 
-9.78049E-04 -2.42486E-04 
-9.81090E-04 -2.43965E-04 
-9.96687E-04 -2.51674E-04 
-1.01443E-03 -2.60551E-04 
-1.03479E-03 -2.70680E-04 
-1.05832E-03 -2.82127E-04 
-1.08903E-03 -2.91943E-04 
-1.12285E-03 -3.05890E-04 
-1.16201E-03 -3.21372E-04 
-1.20738E-03 -3.38427E-04 
-1.26011E-03 -3.57101E-04 
-1.32181E-03 -3.77518E-04 
-1.39566E-03 -4.00176E-04 
-1.49004E-03 -4.26991E-04 
-1.63045E-03 -4.64618E-04 
-1.88133E-03 -5.30305E-04 
-2.31968E-03 -6.43327E-04 
-2.88354E-03 -7.82163E-04 
-3.38850E-03 -8.92855E-04 
-9.46213E-04 -2.16972E-04 
-9.57706E-04 -2.19339E-04 
-9.75018E-04 -2.26605E-04 
-9.85506E-04 -2.30021E-04 
-9.96596E-04 -2.34024E-04 
-1.00850E-03 -2.38716E-04 
-1.02146E-03 -2.44194E-04 
-1.03240E-03 -2.49031E-04 
-1.03577E-03 -2.50551E-04 
-1.05308E-03 -2.58480E-04 
-1.07280E-03 -2.67610E-04 
-1.09544E-03 -2.78008E-04 
-1.12157E-03 -2.89721E-04 
-1.15499E-03 -2.99228E-04 
-1.19216E-03 -3.13298E-04 
-1.23509E-03 -3.28852E-04 
-1.28470E-03 -3.45897E-04 
-1.34217E-03 -3.64439E-04 
-1.40919E-03 -3.84566E-04 
-1.48908E-03 -4.06735E-04 
-1.59073E-03 -4.32844E-04 
-1.74125E-03 -4.69579E-04 
-2.00929E-03 -5.34262E-04 
-2.47684E-03 -6.45943E-04 
-3.07738E-03 -7.82189E-04 
-3.61375E-03 -8.88357E-04 
-9.95514E-04 -2.22063E-04 
-1.00776E-03 -2.24242E-04 
-1.02684E-03 -2.31545E-04 
-1.03826E-03 -2.34865E-04 
-1.05038E-03 -2.38830E-04 
-1.06343E-03 -2.43538E-04 
-1.07769E-03 -2.49083E-04 
-1.08976E-03 -2.54000E-04 
-1.09348E-03 -2.55547E-04 
-1.11262E-03 -2.63629E-04 
-1.13445E-03 -2.72932E-04 
-1.15952E-03 -2.83505E-04 
-1.18841E-03 -2.95372E-04 
-1.22462E-03 -3.04386E-04 
-1.26530E-03 -3.18433E-04 
-1.31217E-03 -3.33887E-04 
-1.36620E-03 -3.50718E-04 
-1.42859E-03 -3.68892E-04 
-1.50109E-03 -3.88448E-04 
-1.58720E-03 -4.09800E-04 
-1.69629E-03 -4.34802E-04 
-1.85717E-03 -4.70113E-04 
-2.14284E-03 -5.32969E-04 
-2.64042E-03 -6.41977E-04 
-3.27854E-03 -7.73883E-04 
-3.84671E-03 -8.73817E-04 
-1.04732E-03 -2.25736E-04 
-1.06033E-03 -2.27666E-04 
-1.08133E-03 -2.34847E-04 
-1.09371E-03 -2.38011E-04 
-1.10689E-03 -2.41877E-04 
-1.12115E-03 -2.46541E-04 
-1.13678E-03 -2.52088E-04 
-1.15004E-03 -2.57034E-04 
-1.15414E-03 -2.58592E-04 
-1.17523E-03 -2.66742E-04 
-1.19930E-03 -2.76121E-04 
-1.22693E-03 -2.86754E-04 
-1.25875E-03 -2.98639E-04 
-1.29782E-03 -3.06945E-04 
-1.34215E-03 -3.20796E-04 
-1.39311E-03 -3.35949E-04 
-1.45171E-03 -3.52331E-04 
-1.51917E-03 -3.69862E-04 
-1.59730E-03 -3.88528E-04 
-1.68975E-03 -4.08684E-04 
-1.80641E-03 -4.32125E-04 
-1.97782E-03 -4.65409E-04 
-2.28151E-03 -5.25499E-04 
-2.80979E-03 -6.30310E-04 
-3.48616E-03 -7.55893E-04 
-4.08625E-03 -8.47684E-04 
-1.10154E-03 -2.27701E-04 
-1.11530E-03 -2.29315E-04 
-1.13838E-03 -2.36160E-04 
-1.15174E-03 -2.39094E-04 
-1.16603E-03 -2.42792E-04 
-1.18155E-03 -2.47340E-04 
-1.19862E-03 -2.52814E-04 
-1.21314E-03 -2.57722E-04 
-1.21763E-03 -2.59272E-04 
-1.24077E-03 -2.67387E-04 
-1.26721E-03 -2.76721E-04 
-1.29754E-03 -2.87274E-04 
-1.33244E-03 -2.99013E-04 
-1.37440E-03 -3.06365E-04 
-1.42252E-03 -3.19819E-04 
-1.47771E-03 -3.34436E-04 
-1.54099E-03 -3.50098E-04 
-1.61364E-03 -3.66669E-04 
-1.69751E-03 -3.84078E-04 
-1.79637E-03 -4.02614E-04 
-1.92067E-03 -4.23978E-04 
-2.10272E-03 -4.54553E-04 
-2.42466E-03 -5.10815E-04 
-2.98412E-03 -6.09702E-04 
-3.69914E-03 -7.26726E-04 
-4.33099E-03 -8.08260E-04 
-1.15804E-03 -2.27623E-04 
-1.17254E-03 -2.28847E-04 
-1.19787E-03 -2.35067E-04 
-1.21223E-03 -2.37691E-04 
-1.22766E-03 -2.41138E-04 
-1.24448E-03 -2.45485E-04 
-1.26306E-03 -2.50792E-04 
-1.27889E-03 -2.55586E-04 
-1.28380E-03 -2.57103E-04 
-1.30909E-03 -2.65056E-04 
-1.33800E-03 -2.74201E-04 
-1.37118E-03 -2.84505E-04 
-1.40928E-03 -2.95904E-04 
-1.45415E-03 -3.02020E-04 
-1.50616E-03 -3.14843E-04 
-1.56567E-03 -3.28655E-04 
-1.63375E-03 -3.43284E-04 
-1.71167E-03 -3.58537E-04 
-1.80132E-03 -3.74275E-04 
-1.90662E-03 -3.90709E-04 
-2.03855E-03 -4.09421E-04 
-2.23122E-03 -4.36523E-04 
-2.57152E-03 -4.87762E-04 
-3.16241E-03 -5.78777E-04 
-3.91615E-03 -6.84741E-04 
-4.57928E-03 -7.53687E-04 
-1.21666E-03 -2.25102E-04 
-1.23189E-03 -2.25851E-04 
-1.25964E-03 -2.31071E-04 
-1.27501E-03 -2.33292E-04 
-1.29159E-03 -2.36394E-04 
-1.30975E-03 -2.40439E-04 
-1.32989E-03 -2.45471E-04 
-1.34710E-03 -2.50056E-04 
-1.35243E-03 -2.51511E-04 
-1.37997E-03 -2.59153E-04 
-1.41147E-03 -2.67935E-04 
-1.44759E-03 -2.77791E-04 
-1.48901E-03 -2.88621E-04 
-1.53677E-03 -2.93183E-04 
-1.59274E-03 -3.05110E-04 
-1.65666E-03 -3.17809E-04 
-1.72958E-03 -3.31050E-04 
-1.81279E-03 -3.44576E-04 
-1.90822E-03 -3.58178E-04 
-2.01992E-03 -3.71973E-04 
-2.15938E-03 -3.87394E-04 
-2.36257E-03 -4.10175E-04 
-2.72116E-03 -4.55053E-04 
-3.34343E-03 -5.36017E-04 
-4.13560E-03 -6.28137E-04 
-4.82912E-03 -6.81946E-04 
-1.27723E-03 -2.19653E-04 
-1.29314E-03 -2.19834E-04 
-1.32349E-03 -2.23576E-04 
-1.33985E-03 -2.25290E-04 
-1.35761E-03 -2.27938E-04 
-1.37714E-03 -2.31565E-04 
-1.39888E-03 -2.36192E-04 
-1.41750E-03 -2.40458E-04 
-1.42328E-03 -2.41817E-04 
-1.45314E-03 -2.48971E-04 
-1.48732E-03 -2.57187E-04 
-1.52647E-03 -2.66364E-04 
-1.57132E-03 -2.76361E-04 
-1.62188E-03 -2.79016E-04 
-1.68186E-03 -2.89743E-04 
-1.75021E-03 -3.00980E-04 
-1.82799E-03 -3.12436E-04 
-1.91647E-03 -3.23781E-04 
-2.01760E-03 -3.34728E-04 
-2.13556E-03 -3.45291E-04 
-2.28236E-03 -3.56714E-04 
-2.49581E-03 -3.74236E-04 
-2.87242E-03 -4.11271E-04 
-3.52572E-03 -4.79759E-04 
-4.35559E-03 -5.54958E-04 
-5.07819E-03 -5.90862E-04 
-1.33953E-03 -2.10691E-04 
-1.35608E-03 -2.10201E-04 
-1.38919E-03 -2.11865E-04 
-1.40652E-03 -2.12958E-04 
-1.42544E-03 -2.15031E-04 
-1.44636E-03 -2.18106E-04 
-1.46973E-03 -2.22180E-04 
-1.48980E-03 -2.26000E-04 
-1.49604E-03 -2.27224E-04 
-1.52828E-03 -2.33685E-04 
-1.56519E-03 -2.41104E-04 
-1.60745E-03 -2.49336E-04 
-1.65577E-03 -2.58201E-04 
-1.70902E-03 -2.58557E-04 
-1.77300E-03 -2.67745E-04 
-1.84577E-03 -2.77133E-04 
-1.92834E-03 -2.86357E-04 
-2.02199E-03 -2.95017E-04 
-2.12868E-03 -3.02737E-04 
-2.25267E-03 -3.09417E-04 
-2.40649E-03 -3.16070E-04 
-2.62981E-03 -3.27308E-04 
-3.02392E-03 -3.54867E-04 
-3.70752E-03 -4.08198E-04 
-4.57387E-03 -4.63103E-04 
-5.32372E-03 -4.78118E-04 
-1.40332E-03 -1.97516E-04 
-1.42043E-03 -1.96245E-04 
-1.45643E-03 -1.95092E-04 
-1.47470E-03 -1.95439E-04 
-1.49475E-03 -1.96802E-04 
-1.51705E-03 -1.99176E-04 
-1.54206E-03 -2.02530E-04 
-1.56360E-03 -2.05760E-04 
-1.57030E-03 -2.06804E-04 
-1.60495E-03 -2.12341E-04 
-1.64463E-03 -2.18699E-04 
-1.69003E-03 -2.25689E-04 
-1.74183E-03 -2.33085E-04 
-1.79756E-03 -2.30720E-04 
-1.86551E-03 -2.37994E-04 
-1.94261E-03 -2.45100E-04 
-2.02986E-03 -2.51603E-04 
-2.12850E-03 -2.57022E-04 
-2.24049E-03 -2.60892E-04 
-2.37017E-03 -2.62981E-04 
-2.53056E-03 -2.64028E-04 
-2.76317E-03 -2.67870E-04 
-3.17402E-03 -2.84165E-04 
-3.88674E-03 -3.19402E-04 
-4.78776E-03 -3.50335E-04 
-5.56250E-03 -3.41275E-04 
-1.46827E-03 -1.79302E-04 
-1.48586E-03 -1.77130E-04 
-1.52485E-03 -1.72265E-04 
-1.54397E-03 -1.71735E-04 
-1.56511E-03 -1.72242E-04 
-1.58876E-03 -1.73752E-04 
-1.61540E-03 -1.76201E-04 
-1.63840E-03 -1.78681E-04 
-1.64555E-03 -1.79494E-04 
-1.68262E-03 -1.83851E-04 
-1.72507E-03 -1.88854E-04 
-1.77358E-03 -1.94273E-04 
-1.82883E-03 -1.99831E-04 
-1.88676E-03 -1.94291E-04 
-1.95856E-03 -1.99238E-04 
-2.03984E-03 -2.03590E-04 
-2.13156E-03 -2.06836E-04 
-2.23493E-03 -2.08412E-04 
-2.35186E-03 -2.07755E-04 
-2.48676E-03 -2.04490E-04 
-2.65314E-03 -1.99035E-04 
-2.89426E-03 -1.94281E-04 
-3.32074E-03 -1.97377E-04 
-4.06092E-03 -2.11322E-04 
-4.99417E-03 -2.14314E-04 
-5.79080E-03 -1.77806E-04 
-1.53398E-03 -1.55083E-04 
-1.55193E-03 -1.51888E-04 
-1.59394E-03 -1.42242E-04 
-1.61382E-03 -1.40700E-04 
-1.63597E-03 -1.40198E-04 
-1.66090E-03 -1.40669E-04 
-1.68912E-03 -1.42011E-04 
-1.71355E-03 -1.43566E-04 
-1.72116E-03 -1.44095E-04 
-1.76059E-03 -1.46990E-04 
-1.80575E-03 -1.50321E-04 
-1.85730E-03 -1.53808E-04 
-1.91590E-03 -1.57125E-04 
-1.97567E-03 -1.47937E-04 
-2.05113E-03 -1.50109E-04 
-2.13636E-03 -1.51193E-04 
-2.23227E-03 -1.50601E-04 
-2.33998E-03 -1.47683E-04 
-2.46136E-03 -1.41775E-04 
-2.60088E-03 -1.32343E-04 
-2.77246E-03 -1.19432E-04 
-3.02108E-03 -1.04808E-04 
-3.46177E-03 -9.26227E-05 
-4.22716E-03 -8.18274E-05 
-5.18946E-03 -5.26273E-05 
-6.00430E-03 1.48563E-05 
-1.59996E-03 -1.23751E-04 
-1.61813E-03 -1.19407E-04 
-1.66306E-03 -1.03723E-04 
-1.68357E-03 -1.01035E-04 
-1.70663E-03 -9.93675E-05 
-1.73275E-03 -9.86145E-05 
-1.76246E-03 -9.86378E-05 
-1.78825E-03 -9.90827E-05 
-1.79629E-03 -9.92689E-05 
-1.83799E-03 -1.00401E-04 
-1.88574E-03 -1.01717E-04 
-1.94020E-03 -1.02887E-04 
-2.00196E-03 -1.03534E-04 
-2.06310E-03 -9.02079E-05 
-2.14197E-03 -8.91195E-05 
-2.23082E-03 -8.63841E-05 
-2.33051E-03 -8.13302E-05 
-2.44206E-03 -7.32227E-05 
-2.56727E-03 -6.12935E-05 
-2.71064E-03 -4.48356E-05 
-2.88646E-03 -2.34672E-05 
-3.14133E-03 2.37331E-06 
-3.59440E-03 3.20558E-05 
-4.38211E-03 7.12777E-05 
-5.36946E-03 1.37177E-04 
-6.19804E-03 2.39285E-04 
-1.66553E-03 -8.40516E-05 
-1.68375E-03 -7.84318E-05 
-1.73140E-03 -5.52640E-05 
-1.75236E-03 -5.13009E-05 
-1.77617E-03 -4.83118E-05 
-1.80334E-03 -4.61492E-05 
-1.83441E-03 -4.46343E-05 
-1.86146E-03 -4.37747E-05 
-1.86990E-03 -4.35574E-05 
-1.91371E-03 -4.26104E-05 
-1.96388E-03 -4.15515E-05 
-2.02102E-03 -3.99967E-05 
-2.08570E-03 -3.75174E-05 
-2.14761E-03 -1.95627E-05 
-2.22953E-03 -1.46970E-05 
-2.32158E-03 -7.55076E-06 
-2.42453E-03 2.62838E-06 
-2.53929E-03 1.66615E-05 
-2.66756E-03 3.54220E-05 
-2.81382E-03 5.98009E-05 
-2.99271E-03 9.06676E-05 
-3.25228E-03 1.29126E-04 
-3.71544E-03 1.78637E-04 
-4.52188E-03 2.50183E-04 
-5.52937E-03 3.57503E-04 
-6.36640E-03 4.97946E-04 
-1.72988E-03 -3.45840E-05 
-1.74794E-03 -2.75667E-05 
-1.79789E-03 4.72539E-06 
-1.81910E-03 1.00768E-05 
-1.84346E-03 1.45351E-05 
-1.87150E-03 1.82903E-05 
-1.90374E-03 2.15642E-05 
-1.93190E-03 2.39259E-05 
-1.94070E-03 2.46087E-05 
-1.98638E-03 2.79601E-05 
-2.03871E-03 3.17686E-05 
-2.09823E-03 3.64719E-05 
-2.16546E-03 4.25526E-05 
-2.22743E-03 6.56174E-05 
-2.31195E-03 7.48110E-05 
-2.40667E-03 8.69948E-05 
-2.51222E-03 1.03000E-04 
-2.62941E-03 1.23732E-04 
-2.75979E-03 1.50166E-04 
-2.90780E-03 1.83389E-04 
-3.08835E-03 2.24819E-04 
-3.35078E-03 2.77335E-04 
-3.82127E-03 3.49100E-04 
-4.64203E-03 4.57041E-04 
-5.66371E-03 6.10666E-04 
-6.50299E-03 7.93155E-04 
-1.79195E-03 2.61888E-05 
-1.80960E-03 3.47183E-05 
-1.86122E-03 7.79495E-05 
-1.88240E-03 8.47815E-05 
-1.90706E-03 9.08406E-05 
-1.93573E-03 9.63613E-05 
-1.96890E-03 1.01609E-04 
-1.99796E-03 1.05669E-04 
-2.00706E-03 1.06880E-04 
-2.05432E-03 1.12965E-04 
-2.10846E-03 1.19905E-04 
-2.16997E-03 1.28193E-04 
-2.23930E-03 1.38366E-04 
-2.30046E-03 1.66996E-04 
-2.38703E-03 1.81100E-04 
-2.48376E-03 1.98983E-04 
-2.59112E-03 2.21549E-04 
-2.70978E-03 2.49781E-04 
-2.84114E-03 2.84755E-04 
-2.98955E-03 3.27760E-04 
-3.17010E-03 3.80827E-04 
-3.43319E-03 4.48854E-04 
-3.90771E-03 5.45355E-04 
-4.73751E-03 6.93887E-04 
-5.76633E-03 8.98789E-04 
-6.60068E-03 1.12695E-03 
-1.85043E-03 9.99240E-05 
-1.86740E-03 1.10070E-04 
-1.91969E-03 1.66194E-04 
-1.94054E-03 1.74568E-04 
-1.96521E-03 1.82336E-04 
-1.99420E-03 1.89777E-04 
-2.02799E-03 1.97202E-04 
-2.05771E-03 2.03151E-04 
-2.06703E-03 2.04951E-04 
-2.11548E-03 2.14095E-04 
-2.17100E-03 2.24552E-04 
-2.23400E-03 2.36869E-04 
-2.30486E-03 2.51637E-04 
-2.36421E-03 2.86245E-04 
-2.45216E-03 3.05874E-04 
-2.55010E-03 3.30148E-04 
-2.65834E-03 3.60040E-04 
-2.77735E-03 3.96596E-04 
-2.90836E-03 4.40986E-04 
-3.05557E-03 4.94708E-04 
-3.23418E-03 5.60469E-04 
-3.49539E-03 6.45445E-04 
-3.97004E-03 7.69178E-04 
-4.80261E-03 9.62551E-04 
-5.83031E-03 1.22369E-03 
-6.65152E-03 1.50095E-03 
-1.90369E-03 1.88372E-04 
-1.91965E-03 2.00223E-04 
-1.97124E-03 2.71271E-04 
-1.99140E-03 2.81211E-04 
-2.01573E-03 2.90765E-04 
-2.04469E-03 3.00257E-04 
-2.07872E-03 3.10044E-04 
-2.10880E-03 3.18062E-04 
-2.11824E-03 3.20510E-04 
-2.16740E-03 3.33035E-04 
-2.22378E-03 3.47393E-04 
-2.28769E-03 3.64188E-04 
-2.35940E-03 3.84065E-04 
-2.41577E-03 4.24999E-04 
-2.50431E-03 4.50800E-04 
-2.60252E-03 4.82189E-04 
-2.71052E-03 5.20192E-04 
-2.82858E-03 5.65909E-04 
-2.95769E-03 6.20588E-04 
-3.10188E-03 6.85938E-04 
-3.27633E-03 7.65404E-04 
-3.53270E-03 8.68711E-04 
-4.00295E-03 1.02213E-03 
-4.83098E-03 1.26455E-03 
-5.84800E-03 1.58677E-03 
-6.64674E-03 1.91624E-03 
-1.95039E-03 2.95102E-04 
-1.96498E-03 3.08762E-04 
-2.01392E-03 3.97020E-04 
-2.03297E-03 4.08529E-04 
-2.05653E-03 4.19937E-04 
-2.08503E-03 4.31616E-04 
-2.11887E-03 4.43969E-04 
-2.14893E-03 4.54261E-04 
-2.15839E-03 4.57426E-04 
-2.20772E-03 4.73704E-04 
-2.26432E-03 4.92417E-04 
-2.32843E-03 5.14225E-04 
-2.40020E-03 5.39826E-04 
-2.45221E-03 5.87458E-04 
-2.54041E-03 6.20223E-04 
-2.63778E-03 6.59605E-04 
-2.74424E-03 7.06666E-04 
-2.85977E-03 7.62539E-04 
-2.98514E-03 8.28533E-04 
-3.12412E-03 9.06567E-04 
-3.29174E-03 1.00090E-03 
-3.53976E-03 1.12413E-03 
-4.00019E-03 1.31007E-03 
-4.81496E-03 1.60647E-03 
-5.80992E-03 1.99537E-03 
-6.57513E-03 2.38054E-03 
-1.98667E-03 4.18613E-04 
-1.99952E-03 4.34115E-04 
-2.04331E-03 5.41174E-04 
-2.06082E-03 5.54157E-04 
-2.08318E-03 5.67392E-04 
-2.11077E-03 5.81297E-04 
-2.14392E-03 5.96319E-04 
-2.17357E-03 6.09011E-04 
-2.18291E-03 6.12936E-04 
-2.23176E-03 6.33218E-04 
-2.28788E-03 6.56611E-04 
-2.35139E-03 6.83824E-04 
-2.42230E-03 7.15601E-04 
-2.46854E-03 7.69987E-04 
-2.55536E-03 8.10328E-04 
-2.65066E-03 8.58356E-04 
-2.75411E-03 9.15145E-04 
-2.86543E-03 9.81832E-04 
-2.98508E-03 1.05976E-03 
-3.11654E-03 1.15105E-03 
-3.27456E-03 1.26082E-03 
-3.51051E-03 1.40476E-03 
-3.95528E-03 1.62486E-03 
-4.74727E-03 1.97817E-03 
-5.70800E-03 2.43682E-03 
-6.42850E-03 2.87878E-03 
-2.01046E-03 5.62166E-04 
-2.02117E-03 5.79561E-04 
-2.05656E-03 7.06916E-04 
-2.07208E-03 7.21259E-04 
-2.09277E-03 7.36290E-04 
-2.11895E-03 7.52471E-04 
-2.15088E-03 7.70296E-04 
-2.17966E-03 7.85544E-04 
-2.18876E-03 7.90283E-04 
-2.23644E-03 8.14888E-04 
-2.29130E-03 8.43364E-04 
-2.35331E-03 8.76467E-04 
-2.42236E-03 9.14981E-04 
-2.46123E-03 9.76159E-04 
-2.54548E-03 1.02483E-03 
-2.63731E-03 1.08229E-03 
-2.73609E-03 1.14960E-03 
-2.84124E-03 1.22787E-03 
-2.95289E-03 1.31843E-03 
-3.07417E-03 1.42360E-03 
-3.21937E-03 1.54942E-03 
-3.43898E-03 1.71492E-03 
-3.86138E-03 1.97096E-03 
-4.61968E-03 2.38447E-03 
-5.53224E-03 2.91625E-03 
-6.19522E-03 3.41609E-03 
-2.01842E-03 7.27304E-04 
-2.02659E-03 7.46645E-04 
-2.04945E-03 8.95196E-04 
-2.06253E-03 9.10757E-04 
-2.08108E-03 9.27535E-04 
-2.10534E-03 9.46039E-04 
-2.13549E-03 9.66804E-04 
-2.16294E-03 9.84777E-04 
-2.17165E-03 9.90390E-04 
-2.21742E-03 1.01966E-03 
-2.27017E-03 1.05366E-03 
-2.32973E-03 1.09317E-03 
-2.39581E-03 1.13902E-03 
-2.42559E-03 1.20689E-03 
-2.50597E-03 1.26467E-03 
-2.59274E-03 1.33236E-03 
-2.68497E-03 1.41094E-03 
-2.78175E-03 1.50146E-03 
-2.88286E-03 1.60523E-03 
-2.99099E-03 1.72471E-03 
-3.11981E-03 1.86690E-03 
-3.31833E-03 2.05447E-03 
-3.71087E-03 2.34777E-03 
-4.42326E-03 2.82409E-03 
-5.27217E-03 3.43143E-03 
-5.86370E-03 3.98912E-03 
-2.00667E-03 9.15299E-04 
-2.01191E-03 9.36664E-04 
-2.01716E-03 1.10642E-03 
-2.02739E-03 1.12305E-03 
-2.04335E-03 1.14154E-03 
-2.06521E-03 1.16244E-03 
-2.09304E-03 1.18632E-03 
-2.11869E-03 1.20722E-03 
-2.12686E-03 1.21378E-03 
-2.16995E-03 1.24812E-03 
-2.21971E-03 1.28813E-03 
-2.27579E-03 1.33464E-03 
-2.33770E-03 1.38845E-03 
-2.35659E-03 1.46276E-03 
-2.43161E-03 1.53047E-03 
-2.51155E-03 1.60916E-03 
-2.59514E-03 1.69970E-03 
-2.68110E-03 1.80302E-03 
-2.76883E-03 1.92034E-03 
-2.86053E-03 2.05427E-03 
-2.96903E-03 2.21280E-03 
-3.14124E-03 2.42248E-03 
-3.49563E-03 2.75375E-03 
-4.14857E-03 3.29457E-03 
-4.91683E-03 3.97865E-03 
-5.42192E-03 4.59273E-03 
-1.97077E-03 1.12737E-03 
-1.97271E-03 1.15090E-03 
-1.95419E-03 1.34064E-03 
-1.96123E-03 1.35825E-03 
-1.97423E-03 1.37849E-03 
-1.99324E-03 1.40193E-03 
-2.01823E-03 1.42919E-03 
-2.04162E-03 1.45330E-03 
-2.04911E-03 1.46089E-03 
-2.08876E-03 1.50080E-03 
-2.13461E-03 1.54744E-03 
-2.18612E-03 1.60161E-03 
-2.24258E-03 1.66411E-03 
-2.24867E-03 1.74444E-03 
-2.31669E-03 1.82291E-03 
-2.38781E-03 1.91332E-03 
-2.46038E-03 2.01639E-03 
-2.53278E-03 2.13286E-03 
-2.60394E-03 2.26383E-03 
-2.67556E-03 2.41199E-03 
-2.75942E-03 2.58639E-03 
-2.89956E-03 2.81764E-03 
-3.20663E-03 3.18680E-03 
-3.78518E-03 3.79271E-03 
-4.45415E-03 4.55322E-03 
-4.85666E-03 5.22068E-03 
-1.90589E-03 1.36353E-03 
-1.90424E-03 1.38945E-03 
-1.85474E-03 1.59628E-03 
-1.85839E-03 1.61490E-03 
-1.86817E-03 1.63703E-03 
-1.88399E-03 1.66329E-03 
-1.90572E-03 1.69433E-03 
-1.92644E-03 1.72204E-03 
-1.93311E-03 1.73080E-03 
-1.96858E-03 1.77692E-03 
-2.00961E-03 1.83090E-03 
-2.05543E-03 1.89349E-03 
-2.10506E-03 1.96542E-03 
-2.09646E-03 2.05117E-03 
-2.15563E-03 2.14118E-03 
-2.21570E-03 2.24391E-03 
-2.27464E-03 2.35985E-03 
-2.33042E-03 2.48950E-03 
-2.38155E-03 2.63376E-03 
-2.42913E-03 2.79541E-03 
-2.48369E-03 2.98454E-03 
-2.58559E-03 3.23602E-03 
-2.83553E-03 3.64189E-03 
-3.32362E-03 4.31180E-03 
-3.87344E-03 5.14629E-03 
-4.15665E-03 5.86200E-03 
-1.80686E-03 1.62342E-03 
-1.80144E-03 1.65213E-03 
-1.71276E-03 1.87114E-03 
-1.71303E-03 1.89099E-03 
-1.71949E-03 1.91539E-03 
-1.73193E-03 1.94499E-03 
-1.75008E-03 1.98043E-03 
-1.76778E-03 2.01226E-03 
-1.77352E-03 2.02235E-03 
-1.80411E-03 2.07553E-03 
-1.83939E-03 2.13772E-03 
-1.87833E-03 2.20959E-03 
-1.91967E-03 2.29174E-03 
-1.89448E-03 2.38212E-03 
-1.94274E-03 2.48433E-03 
-1.98926E-03 2.59974E-03 
-2.03163E-03 2.72856E-03 
-2.06742E-03 2.87098E-03 
-2.09472E-03 3.02763E-03 
-2.11398E-03 3.20135E-03 
-2.13425E-03 3.40328E-03 
-2.19137E-03 3.67270E-03 
-2.37369E-03 4.11280E-03 
-2.75417E-03 4.84372E-03 
-3.16389E-03 5.74734E-03 
-3.31062E-03 6.50387E-03 
-1.66849E-03 1.90581E-03 
-1.65924E-03 1.93794E-03 
-1.52243E-03 2.16186E-03 
-1.51956E-03 2.18350E-03 
-1.52282E-03 2.21087E-03 
-1.53187E-03 2.24461E-03 
-1.54625E-03 2.28535E-03 
-1.56066E-03 2.32206E-03 
-1.56536E-03 2.33369E-03 
-1.59042E-03 2.39498E-03 
-1.61901E-03 2.46640E-03 
-1.64980E-03 2.54848E-03 
-1.68123E-03 2.64163E-03 
-1.63765E-03 2.73563E-03 
-1.67264E-03 2.85047E-03 
-1.70278E-03 2.97858E-03 
-1.72531E-03 3.11981E-03 
-1.73742E-03 3.27395E-03 
-1.73676E-03 3.44137E-03 
-1.72313E-03 3.62488E-03 
-1.70387E-03 3.83674E-03 
-1.70934E-03 4.12063E-03 
-1.81310E-03 4.59090E-03 
-2.06806E-03 5.37754E-03 
-2.31601E-03 6.34259E-03 
-2.30907E-03 7.12992E-03 
-1.48557E-03 2.20921E-03 
-1.47258E-03 2.24568E-03 
-1.27823E-03 2.46467E-03 
-1.27274E-03 2.48911E-03 
-1.27317E-03 2.52058E-03 
-1.27899E-03 2.55967E-03 
-1.28953E-03 2.60696E-03 
-1.30043E-03 2.64951E-03 
-1.30400E-03 2.66297E-03 
-1.32287E-03 2.73366E-03 
-1.34375E-03 2.81546E-03 
-1.36498E-03 2.90870E-03 
-1.38467E-03 3.01350E-03 
-1.32091E-03 3.10989E-03 
-1.33990E-03 3.23739E-03 
-1.35046E-03 3.37768E-03 
-1.34947E-03 3.53015E-03 
-1.33380E-03 3.69419E-03 
-1.30071E-03 3.86982E-03 
-1.24933E-03 4.05983E-03 
-1.18505E-03 4.27757E-03 
-1.13181E-03 4.57116E-03 
-1.14566E-03 5.06578E-03 
-1.25653E-03 5.90024E-03 
-1.32057E-03 6.91588E-03 
-1.14300E-03 7.72125E-03 
-1.25367E-03 2.53107E-03 
-1.23719E-03 2.57321E-03 
-9.76053E-04 2.77485E-03 
-9.68766E-04 2.80369E-03 
-9.66940E-04 2.84089E-03 
-9.69835E-04 2.88697E-03 
-9.76560E-04 2.94242E-03 
-9.83728E-04 2.99199E-03 
-9.86060E-04 3.00760E-03 
-9.98001E-04 3.08912E-03 
-1.00998E-03 3.18247E-03 
-1.01999E-03 3.28767E-03 
-1.02580E-03 3.40450E-03 
-9.40201E-04 3.50170E-03 
-9.40019E-04 3.64126E-03 
-9.27338E-04 3.79241E-03 
-8.98747E-04 3.95405E-03 
-8.50839E-04 4.12510E-03 
-7.80580E-04 4.30521E-03 
-6.86407E-04 4.49718E-03 
-5.71571E-04 4.71546E-03 
-4.52551E-04 5.01244E-03 
-3.65129E-04 5.52352E-03 
-3.13302E-04 6.39492E-03 
-1.71556E-04 7.44677E-03 
1.92524E-04 8.25453E-03 
-9.69364E-04 2.86863E-03 
-9.49736E-04 2.91814E-03 
-6.13495E-04 3.08776E-03 
-6.05457E-04 3.12320E-03 
-6.02100E-04 3.16830E-03 
-6.02439E-04 3.22345E-03 
-6.05322E-04 3.28894E-03 
-6.08461E-04 3.34683E-03 
-6.09419E-04 3.36495E-03 
-6.13458E-04 3.45873E-03 
-6.15030E-04 3.56462E-03 
-6.11779E-04 3.68221E-03 
-6.01129E-04 3.81087E-03 
-4.92075E-04 3.90693E-03 
-4.69015E-04 4.05703E-03 
-4.28938E-04 4.21664E-03 
-3.68228E-04 4.38415E-03 
-2.83305E-04 4.55802E-03 
-1.70912E-04 4.73755E-03 
-2.88550E-05 4.92555E-03 
1.41989E-04 5.13754E-03 
3.33632E-04 5.42998E-03 
5.33371E-04 5.94747E-03 
7.66087E-04 6.84172E-03 
1.13458E-03 7.91168E-03 
1.69941E-03 8.70336E-03 
-6.30769E-04 3.21900E-03 
-6.08356E-04 3.27796E-03 
-1.90576E-04 3.39931E-03 
-1.82914E-04 3.44415E-03 
-1.78726E-04 3.49975E-03 
-1.76750E-04 3.56631E-03 
-1.75542E-04 3.64386E-03 
-1.74108E-04 3.71134E-03 
-1.73475E-04 3.73228E-03 
-1.68208E-04 3.83948E-03 
-1.57360E-04 3.95838E-03 
-1.38237E-04 4.08812E-03 
-1.07965E-04 4.22752E-03 
2.61396E-05 4.31992E-03 
7.63875E-05 4.47775E-03 
1.48532E-04 4.64205E-03 
2.46281E-04 4.81069E-03 
3.73254E-04 4.98167E-03 
5.32810E-04 5.15401E-03 
7.27721E-04 5.33059E-03 
9.59686E-04 5.52798E-03 
1.23026E-03 5.80632E-03 
1.55264E-03 6.31793E-03 
1.98336E-03 7.21763E-03 
2.59785E-03 8.28389E-03 
3.37528E-03 9.03849E-03 
-2.37988E-04 3.57953E-03 
-2.12976E-04 3.65020E-03 
2.89826E-04 3.70656E-03 
2.96154E-04 3.76398E-03 
3.00756E-04 3.83290E-03 
3.05201E-04 3.91320E-03 
3.11240E-04 4.00460E-03 
3.18225E-04 4.08262E-03 
3.20802E-04 4.10660E-03 
3.37470E-04 4.22768E-03 
3.63486E-04 4.35917E-03 
4.01835E-04 4.49964E-03 
4.55619E-04 4.64741E-03 
6.16407E-04 4.73291E-03 
6.98777E-04 4.89406E-03 
8.08141E-04 5.05759E-03 
9.48145E-04 5.22089E-03 
1.12229E-03 5.38162E-03 
1.33390E-03 5.53858E-03 
1.58623E-03 5.69481E-03 
1.88378E-03 5.86788E-03 
2.23867E-03 6.12103E-03 
2.69277E-03 6.61238E-03 
3.33682E-03 7.49691E-03 
4.21393E-03 8.53422E-03 
5.21257E-03 9.22869E-03 
2.06831E-04 3.94810E-03 
2.34691E-04 4.03262E-03 
8.22021E-04 4.00820E-03 
8.26587E-04 4.08141E-03 
8.31831E-04 4.16622E-03 
8.39636E-04 4.26214E-03 
8.52059E-04 4.36847E-03 
8.66241E-04 4.45732E-03 
8.71315E-04 4.48430E-03 
9.02439E-04 4.61851E-03 
9.47327E-04 4.76072E-03 
1.00916E-03 4.90896E-03 
1.09117E-03 5.06098E-03 
1.28037E-03 5.13543E-03 
1.40036E-03 5.29359E-03 
1.55245E-03 5.44900E-03 
1.74003E-03 5.59872E-03 
1.96632E-03 5.74014E-03 
2.23442E-03 5.87202E-03 
2.54803E-03 5.99764E-03 
2.91460E-03 6.13552E-03 
3.35786E-03 6.35122E-03 
3.95098E-03 6.80613E-03 
4.82112E-03 7.65204E-03 
5.97399E-03 8.63216E-03 
7.19853E-03 9.24222E-03 
6.99574E-04 4.32296E-03 
7.31292E-04 4.42288E-03 
1.39784E-03 4.30451E-03 
1.40119E-03 4.39612E-03 
1.40836E-03 4.49856E-03 
1.42153E-03 4.61090E-03 
1.44304E-03 4.73196E-03 
1.46695E-03 4.83074E-03 
1.47533E-03 4.86035E-03 
1.52516E-03 5.00513E-03 
1.59372E-03 5.15428E-03 
1.68428E-03 5.30525E-03 
1.80001E-03 5.45533E-03 
2.01951E-03 5.51350E-03 
2.18299E-03 5.66030E-03 
2.38339E-03 5.79836E-03 
2.62367E-03 5.92451E-03 
2.90653E-03 6.03610E-03 
3.23472E-03 6.13200E-03 
3.61230E-03 6.21586E-03 
4.04988E-03 6.30699E-03 
4.58377E-03 6.47229E-03 
5.32084E-03 6.87338E-03 
6.42646E-03 7.65503E-03 
7.86382E-03 8.54769E-03 
9.31431E-03 9.04888E-03 
1.23575E-03 4.70287E-03 
1.27346E-03 4.81857E-03 
2.00877E-03 4.59711E-03 
2.01289E-03 4.70842E-03 
2.02475E-03 4.82869E-03 
2.04676E-03 4.95649E-03 
2.08149E-03 5.09015E-03 
2.11872E-03 5.19641E-03 
2.13152E-03 5.22779E-03 
2.20564E-03 5.37827E-03 
2.30387E-03 5.52816E-03 
2.42934E-03 5.67449E-03 
2.58501E-03 5.81415E-03 
2.83679E-03 5.84965E-03 
3.04976E-03 5.97473E-03 
3.30386E-03 6.08443E-03 
3.60138E-03 6.17559E-03 
3.94437E-03 6.24572E-03 
4.33504E-03 6.29399E-03 
4.77776E-03 6.32455E-03 
5.28653E-03 6.35730E-03 
5.91116E-03 6.45924E-03 
6.79445E-03 6.78857E-03 
8.14123E-03 7.47894E-03 
9.86710E-03 8.25280E-03 
1.15388E-02 8.62153E-03 
1.80750E-03 5.08328E-03 
1.85474E-03 5.21323E-03 
2.64295E-03 4.88544E-03 
2.65165E-03 5.01552E-03 
2.67268E-03 5.15146E-03 
2.70863E-03 5.29128E-03 
2.76218E-03 5.43287E-03 
2.81734E-03 5.54216E-03 
2.83593E-03 5.57390E-03 
2.94105E-03 5.72251E-03 
3.07571E-03 5.86441E-03 
3.24274E-03 5.99634E-03 
3.44466E-03 6.11502E-03 
3.73053E-03 6.12052E-03 
3.99829E-03 6.21206E-03 
4.31038E-03 6.28136E-03 
4.66827E-03 6.32552E-03 
5.07315E-03 6.34244E-03 
5.52660E-03 6.33181E-03 
6.03328E-03 6.29833E-03 
6.61078E-03 6.26223E-03 
7.32326E-03 6.28909E-03 
8.35103E-03 6.52967E-03 
9.93893E-03 7.10218E-03 
1.19503E-02 7.72709E-03 
1.38322E-02 7.94287E-03 
2.41327E-03 5.46057E-03 
2.47521E-03 5.60085E-03 
3.29634E-03 5.16915E-03 
3.31545E-03 5.31435E-03 
3.35203E-03 5.46095E-03 
3.40874E-03 5.60656E-03 
3.48818E-03 5.74864E-03 
3.56685E-03 5.85447E-03 
3.59287E-03 5.88453E-03 
3.73672E-03 6.02101E-03 
3.91528E-03 6.14375E-03 
4.13084E-03 6.24938E-03 
4.38525E-03 6.33470E-03 
4.70685E-03 6.30202E-03 
5.03386E-03 6.34721E-03 
5.40707E-03 6.36354E-03 
5.82695E-03 6.34861E-03 
6.29370E-03 6.30095E-03 
6.80824E-03 6.22096E-03 
7.37551E-03 6.11396E-03 
8.01697E-03 6.00007E-03 
8.81184E-03 5.94175E-03 
9.97936E-03 6.07789E-03 
1.18044E-02 6.50690E-03 
1.40935E-02 6.95430E-03 
1.61703E-02 6.99982E-03 
3.05154E-03 5.82546E-03 
3.13490E-03 5.96935E-03 
3.96584E-03 5.44226E-03 
4.00311E-03 5.59564E-03 
4.06327E-03 5.74478E-03 
4.14889E-03 5.88692E-03 
4.26236E-03 6.01927E-03 
4.37068E-03 6.11316E-03 
4.40588E-03 6.13899E-03 
4.59651E-03 6.25073E-03 
4.82632E-03 6.34117E-03 
5.09682E-03 6.40716E-03 
5.40898E-03 6.44581E-03 
5.76725E-03 6.36658E-03 
6.15621E-03 6.35272E-03 
6.59159E-03 6.30414E-03 
7.07272E-03 6.21921E-03 
7.59879E-03 6.09730E-03 
8.17000E-03 5.93964E-03 
8.79171E-03 5.75214E-03 
9.48949E-03 5.55433E-03 
1.03582E-02 5.40364E-03 
1.16569E-02 5.42244E-03 
1.37097E-02 5.68527E-03 
1.62626E-02 5.93051E-03 
1.85137E-02 5.79362E-03 
3.72593E-03 6.16437E-03 
3.83870E-03 6.30231E-03 
4.65488E-03 5.69350E-03 
4.71958E-03 5.84491E-03 
4.81255E-03 5.98547E-03 
4.93604E-03 6.11224E-03 
5.09208E-03 6.22233E-03 
5.23625E-03 6.29428E-03 
5.28237E-03 6.31293E-03 
5.52744E-03 6.38572E-03 
5.81500E-03 6.42972E-03 
6.14562E-03 6.44223E-03 
6.51920E-03 6.42096E-03 
6.91399E-03 6.28727E-03 
7.36530E-03 6.20285E-03 
7.86137E-03 6.07914E-03 
8.40036E-03 5.91548E-03 
8.98041E-03 5.71224E-03 
9.60111E-03 5.47156E-03 
1.02684E-02 5.19985E-03 
1.10121E-02 4.91544E-03 
1.19434E-02 4.66873E-03 
1.33613E-02 4.56092E-03 
1.56276E-02 4.63898E-03 
1.84249E-02 4.66256E-03 
2.08258E-02 4.33688E-03 
4.44545E-03 6.45869E-03 
4.59626E-03 6.57865E-03 
5.37341E-03 5.90546E-03 
5.47556E-03 6.04196E-03 
5.61089E-03 6.16044E-03 
5.78120E-03 6.25796E-03 
5.98792E-03 6.33175E-03 
6.17353E-03 6.37093E-03 
6.23209E-03 6.37925E-03 
6.53796E-03 6.39838E-03 
6.88811E-03 6.38183E-03 
7.28198E-03 6.32767E-03 
7.71831E-03 6.23448E-03 
8.14796E-03 6.03964E-03 
8.65924E-03 5.87543E-03 
9.21162E-03 5.66911E-03 
9.80212E-03 5.42112E-03 
1.04280E-02 5.13293E-03 
1.10882E-02 4.80759E-03 
1.17894E-02 4.45181E-03 
1.25664E-02 4.08205E-03 
1.35464E-02 3.73965E-03 
1.50682E-02 3.50025E-03 
1.75297E-02 3.38009E-03 
2.05472E-02 3.16871E-03 
2.30701E-02 2.65408E-03 
5.22330E-03 6.68443E-03 
5.42062E-03 6.77252E-03 
6.13610E-03 6.05432E-03 
6.28550E-03 6.16100E-03 
6.47213E-03 6.24242E-03 
6.69716E-03 6.29584E-03 
6.96128E-03 6.31886E-03 
7.19262E-03 6.31446E-03 
7.26470E-03 6.30938E-03 
7.63552E-03 6.26081E-03 
8.05056E-03 6.17093E-03 
8.50804E-03 6.03878E-03 
9.00549E-03 5.86405E-03 
9.46637E-03 5.60343E-03 
1.00321E-02 5.35350E-03 
1.06332E-02 5.06072E-03 
1.12659E-02 4.72670E-03 
1.19264E-02 4.35400E-03 
1.26135E-02 3.94653E-03 
1.33349E-02 3.51101E-03 
1.41300E-02 3.06132E-03 
1.51427E-02 2.62780E-03 
1.67506E-02 2.25650E-03 
1.93847E-02 1.93059E-03 
2.25940E-02 1.47788E-03 
2.52085E-02 7.80493E-04 
6.07128E-03 6.80892E-03 
6.32278E-03 6.85098E-03 
6.95686E-03 6.10846E-03 
7.16235E-03 6.17007E-03 
7.40789E-03 6.19957E-03 
7.69384E-03 6.19471E-03 
8.02004E-03 6.15363E-03 
8.29962E-03 6.09610E-03 
8.38576E-03 6.07495E-03 
8.82288E-03 5.94696E-03 
9.30210E-03 5.77374E-03 
9.82039E-03 5.55553E-03 
1.03741E-02 5.29325E-03 
1.08604E-02 4.96512E-03 
1.14717E-02 4.62774E-03 
1.21111E-02 4.24899E-03 
1.27736E-02 3.83168E-03 
1.34551E-02 3.37938E-03 
1.41542E-02 2.89667E-03 
1.48797E-02 2.39001E-03 
1.56763E-02 1.86993E-03 
1.67040E-02 1.35402E-03 
1.83777E-02 8.55402E-04 
2.11579E-02 3.22690E-04 
2.45266E-02 -3.70256E-04 
2.72006E-02 -1.23804E-03 
7.00230E-03 6.80129E-03 
7.31363E-03 6.78352E-03 
7.85016E-03 6.03660E-03 
8.11838E-03 6.03848E-03 
8.42795E-03 6.00238E-03 
8.77832E-03 5.92673E-03 
9.16838E-03 5.81042E-03 
9.49634E-03 5.69217E-03 
9.59639E-03 5.65294E-03 
1.00977E-02 5.43707E-03 
1.06369E-02 5.17422E-03 
1.12097E-02 4.86590E-03 
1.18113E-02 4.51435E-03 
1.23150E-02 4.12038E-03 
1.29600E-02 3.69836E-03 
1.36240E-02 3.23875E-03 
1.43016E-02 2.74543E-03 
1.49881E-02 2.22283E-03 
1.56825E-02 1.67599E-03 
1.63949E-02 1.11072E-03 
1.71752E-02 5.33554E-04 
1.81990E-02 -5.21871E-05 
1.99161E-02 -6.68847E-04 
2.28131E-02 -1.40280E-03 
2.63054E-02 -2.32739E-03 
2.90055E-02 -3.34753E-03 
8.02066E-03 6.63374E-03 
8.39491E-03 6.54490E-03 
8.82295E-03 5.81176E-03 
9.15756E-03 5.74184E-03 
9.53308E-03 5.62945E-03 
9.94799E-03 5.47382E-03 
1.04002E-02 5.27481E-03 
1.07739E-02 5.09134E-03 
1.08869E-02 5.03290E-03 
1.14465E-02 4.72530E-03 
1.20377E-02 4.37131E-03 
1.26551E-02 3.97379E-03 
1.32930E-02 3.53626E-03 
1.38038E-02 3.08190E-03 
1.44679E-02 2.58299E-03 
1.51409E-02 2.05235E-03 
1.58169E-02 1.49478E-03 
1.64912E-02 9.15357E-04 
1.71632E-02 3.19273E-04 
1.78449E-02 -2.88669E-04 
1.85910E-02 -9.06521E-04 
1.95920E-02 -1.54625E-03 
2.13295E-02 -2.26703E-03 
2.43111E-02 -3.18951E-03 
2.78891E-02 -4.32915E-03 
3.05824E-02 -5.47846E-03 
9.15829E-03 6.28670E-03 
9.59558E-03 6.11657E-03 
9.90634E-03 5.41165E-03 
1.03076E-02 5.25949E-03 
1.07476E-02 5.06200E-03 
1.12238E-02 4.81943E-03 
1.17331E-02 4.53269E-03 
1.21475E-02 4.28151E-03 
1.22718E-02 4.20340E-03 
1.28805E-02 3.80326E-03 
1.35127E-02 3.35982E-03 
1.41620E-02 2.87727E-03 
1.48220E-02 2.36032E-03 
1.53277E-02 1.85354E-03 
1.59944E-02 1.28854E-03 
1.66591E-02 6.99597E-04 
1.73158E-02 9.21646E-05 
1.79599E-02 -5.28300E-04 
1.85917E-02 -1.15674E-03 
1.92248E-02 -1.78975E-03 
1.99192E-02 -2.43048E-03 
2.08791E-02 -3.10701E-03 
2.26143E-02 -3.91614E-03 
2.56496E-02 -5.01159E-03 
2.92766E-02 -6.34673E-03 
3.19323E-02 -7.60059E-03 
1.04075E-02 5.74469E-03 
1.09048E-02 5.48712E-03 
1.10943E-02 4.82197E-03 
1.15587E-02 4.58144E-03 
1.20578E-02 4.29462E-03 
1.25882E-02 3.96289E-03 
1.31457E-02 3.58833E-03 
1.35927E-02 3.27086E-03 
1.37257E-02 3.17372E-03 
1.43706E-02 2.68568E-03 
1.50292E-02 2.15989E-03 
1.56947E-02 1.60172E-03 
1.63601E-02 1.01691E-03 
1.68468E-02 4.69403E-04 
1.74983E-02 -1.46618E-04 
1.81365E-02 -7.77338E-04 
1.87557E-02 -1.41692E-03 
1.93519E-02 -2.05984E-03 
1.99262E-02 -2.70152E-03 
2.04943E-02 -3.34025E-03 
2.11209E-02 -3.98464E-03 
2.20226E-02 -4.67907E-03 
2.37336E-02 -5.55748E-03 
2.67904E-02 -6.80419E-03 
3.04295E-02 -8.30860E-03 
3.30186E-02 -9.63922E-03 
1.17506E-02 4.99436E-03 
1.23015E-02 4.64692E-03 
1.23694E-02 4.03110E-03 
1.28906E-02 3.70025E-03 
1.34410E-02 3.32419E-03 
1.40162E-02 2.90549E-03 
1.46113E-02 2.44740E-03 
1.50820E-02 2.06838E-03 
1.52209E-02 1.95383E-03 
1.58878E-02 1.38700E-03 
1.65575E-02 7.90155E-04 
1.72228E-02 1.69662E-04 
1.78765E-02 -4.67956E-04 
1.83307E-02 -1.04200E-03 
1.89491E-02 -1.69134E-03 
1.95430E-02 -2.34511E-03 
2.01073E-02 -2.99738E-03 
2.06387E-02 -3.64291E-03 
2.11395E-02 -4.27786E-03 
2.16275E-02 -4.90253E-03 
2.21718E-02 -5.53115E-03 
2.29996E-02 -6.22426E-03 
2.46650E-02 -7.15143E-03 
2.77115E-02 -8.52453E-03 
3.13259E-02 -1.01687E-02 
3.38217E-02 -1.15474E-02 
1.31629E-02 4.04007E-03 
1.37590E-02 3.60467E-03 
1.37092E-02 3.04517E-03 
1.42793E-02 2.62635E-03 
1.48721E-02 2.16526E-03 
1.54821E-02 1.66564E-03 
1.61034E-02 1.13189E-03 
1.65880E-02 6.98658E-04 
1.67298E-02 5.69047E-04 
1.74038E-02 -6.41991E-05 
1.80686E-02 -7.17854E-04 
1.87169E-02 -1.38475E-03 
1.93414E-02 -2.05782E-03 
1.97494E-02 -2.64266E-03 
2.03173E-02 -3.30609E-03 
2.08499E-02 -3.96302E-03 
2.13428E-02 -4.60784E-03 
2.17940E-02 -5.23585E-03 
2.22071E-02 -5.84429E-03 
2.26019E-02 -6.43567E-03 
2.30516E-02 -7.02989E-03 
2.37921E-02 -7.70300E-03 
2.53926E-02 -8.65786E-03 
2.83981E-02 -1.01302E-02 
3.19532E-02 -1.18822E-02 
3.43320E-02 -1.32809E-02 
1.46845E-02 2.90759E-03 
1.53159E-02 2.38665E-03 
1.51508E-02 1.88480E-03 
1.57565E-02 1.38137E-03 
1.63761E-02 8.40627E-04 
1.70035E-02 2.67585E-04 
1.76324E-02 -3.32168E-04 
1.81158E-02 -8.10744E-04 
1.82562E-02 -9.52601E-04 
1.89158E-02 -1.63757E-03 
1.95544E-02 -2.33147E-03 
2.01645E-02 -3.02668E-03 
2.07396E-02 -3.71601E-03 
2.10855E-02 -4.29463E-03 
2.15846E-02 -4.95195E-03 
2.20389E-02 -5.59178E-03 
2.24450E-02 -6.20909E-03 
2.28021E-02 -6.80009E-03 
2.31153E-02 -7.36331E-03 
2.34063E-02 -7.90362E-03 
2.37517E-02 -8.44645E-03 
2.43942E-02 -9.08238E-03 
2.59129E-02 -1.00445E-02 
2.88499E-02 -1.15882E-02 
3.23147E-02 -1.34160E-02 
3.45574E-02 -1.48080E-02 
1.62240E-02 1.60862E-03 
1.68792E-02 1.00918E-03 
1.66070E-02 5.66566E-04 
1.72366E-02 -1.30840E-05 
1.78708E-02 -6.23335E-04 
1.85029E-02 -1.25795E-03 
1.91261E-02 -1.91031E-03 
1.95978E-02 -2.42286E-03 
1.97335E-02 -2.57350E-03 
2.03633E-02 -3.29282E-03 
2.09598E-02 -4.00843E-03 
2.15160E-02 -4.71258E-03 
2.20261E-02 -5.39827E-03 
2.22982E-02 -5.95364E-03 
2.27144E-02 -6.58507E-03 
2.30772E-02 -7.18830E-03 
2.33847E-02 -7.75927E-03 
2.36372E-02 -8.29530E-03 
2.38415E-02 -8.79643E-03 
2.40211E-02 -9.26997E-03 
2.42555E-02 -9.74657E-03 
2.47920E-02 -1.03300E-02 
2.62145E-02 -1.12798E-02 
2.90576E-02 -1.28668E-02 
3.24037E-02 -1.47381E-02 
3.44946E-02 -1.60989E-02 
1.77296E-02 1.97505E-04 
1.83914E-02 -4.69675E-04 
1.80200E-02 -8.54055E-04 
1.86586E-02 -1.49819E-03 
1.92933E-02 -2.16496E-03 
1.99171E-02 -2.84722E-03 
2.05225E-02 -3.53743E-03 
2.09734E-02 -4.07205E-03 
2.11019E-02 -4.22790E-03 
2.16896E-02 -4.96416E-03 
2.22315E-02 -5.68343E-03 
2.27215E-02 -6.37809E-03 
2.31547E-02 -7.04163E-03 
2.33449E-02 -7.55844E-03 
2.36677E-02 -8.14622E-03 
2.39299E-02 -8.69579E-03 
2.41308E-02 -9.20429E-03 
2.42724E-02 -9.67042E-03 
2.43630E-02 -1.00959E-02 
2.44280E-02 -1.04904E-02 
2.45487E-02 -1.08894E-02 
2.49751E-02 -1.14080E-02 
2.62908E-02 -1.23278E-02 
2.90182E-02 -1.39305E-02 
3.22219E-02 -1.58138E-02 
3.41505E-02 -1.71222E-02 
1.92668E-02 -1.32135E-03 
1.99309E-02 -2.04912E-03 
1.94716E-02 -2.37886E-03 
2.01089E-02 -3.07887E-03 
2.07303E-02 -3.79175E-03 
2.13280E-02 -4.50904E-03 
2.18948E-02 -5.22239E-03 
2.23079E-02 -5.76646E-03 
2.24240E-02 -5.92366E-03 
2.29458E-02 -6.65771E-03 
2.34107E-02 -7.36072E-03 
2.38137E-02 -8.02566E-03 
2.41509E-02 -8.64692E-03 
2.42448E-02 -9.10829E-03 
2.44601E-02 -9.63404E-03 
2.46097E-02 -1.01128E-02 
2.46945E-02 -1.05430E-02 
2.47182E-02 -1.09251E-02 
2.46902E-02 -1.12624E-02 
2.46376E-02 -1.15670E-02 
2.46427E-02 -1.18785E-02 
2.49557E-02 -1.23217E-02 
2.61551E-02 -1.31959E-02 
2.87473E-02 -1.47890E-02 
3.17871E-02 -1.66560E-02 
3.35446E-02 -1.78934E-02 
2.07038E-02 -2.87682E-03 
2.13517E-02 -3.65225E-03 
2.08111E-02 -3.93062E-03 
2.14309E-02 -4.67265E-03 
2.20243E-02 -5.41697E-03 
2.25840E-02 -6.15430E-03 
2.31029E-02 -6.87571E-03 
2.34722E-02 -7.41761E-03 
2.35744E-02 -7.57275E-03 
2.40224E-02 -8.28814E-03 
2.44024E-02 -8.95828E-03 
2.47108E-02 -9.57717E-03 
2.49459E-02 -1.01406E-02 
2.49405E-02 -1.05345E-02 
2.50441E-02 -1.09850E-02 
2.50784E-02 -1.13808E-02 
2.50457E-02 -1.17222E-02 
2.49513E-02 -1.20111E-02 
2.48062E-02 -1.22527E-02 
2.46384E-02 -1.24612E-02 
2.45309E-02 -1.26798E-02 
2.47320E-02 -1.30410E-02 
2.58102E-02 -1.38568E-02 
2.82525E-02 -1.54173E-02 
3.11129E-02 -1.72421E-02 
3.26963E-02 -1.83944E-02 
2.20433E-02 -4.43717E-03 
2.26586E-02 -5.24690E-03 
2.20419E-02 -5.47633E-03 
2.26278E-02 -6.24548E-03 
2.31789E-02 -7.00607E-03 
2.36873E-02 -7.74812E-03 
2.41456E-02 -8.46215E-03 
2.44617E-02 -8.98985E-03 
2.45473E-02 -9.13948E-03 
2.49108E-02 -9.82031E-03 
2.51977E-02 -1.04427E-02 
2.54053E-02 -1.10016E-02 
2.55329E-02 -1.14943E-02 
2.54259E-02 -1.18110E-02 
2.54153E-02 -1.21755E-02 
2.53331E-02 -1.24791E-02 
2.51834E-02 -1.27239E-02 
2.49730E-02 -1.29136E-02 
2.47143E-02 -1.30550E-02 
2.44361E-02 -1.31643E-02 
2.42213E-02 -1.32876E-02 
2.43141E-02 -1.35629E-02 
2.52687E-02 -1.43104E-02 
2.75499E-02 -1.58182E-02 
3.02191E-02 -1.75785E-02 
3.16288E-02 -1.86351E-02 
2.32565E-02 -5.96031E-03 
2.38427E-02 -6.79695E-03 
2.31668E-02 -6.98485E-03 
2.37164E-02 -7.77227E-03 
2.42218E-02 -8.53989E-03 
2.46720E-02 -9.27574E-03 
2.50593E-02 -9.96959E-03 
2.53125E-02 -1.04722E-02 
2.53785E-02 -1.06130E-02 
2.56423E-02 -1.12427E-02 
2.58208E-02 -1.18004E-02 
2.59139E-02 -1.22834E-02 
2.59235E-02 -1.26907E-02 
2.57086E-02 -1.29197E-02 
2.55795E-02 -1.31882E-02 
2.53793E-02 -1.33918E-02 
2.51139E-02 -1.35344E-02 
2.47910E-02 -1.36213E-02 
2.44242E-02 -1.36609E-02 
2.40426E-02 -1.36709E-02 
2.37281E-02 -1.36997E-02 
2.37186E-02 -1.38884E-02 
2.45503E-02 -1.45607E-02 
2.66633E-02 -1.59991E-02 
2.91345E-02 -1.76768E-02 
3.03745E-02 -1.86311E-02 
2.43118E-02 -7.41063E-03 
2.48396E-02 -8.25548E-03 
2.41015E-02 -8.40108E-03 
2.45903E-02 -9.18750E-03 
2.50243E-02 -9.94132E-03 
2.53965E-02 -1.06518E-02 
2.57014E-02 -1.13095E-02 
2.58882E-02 -1.17773E-02 
2.59344E-02 -1.19068E-02 
2.61005E-02 -1.24756E-02 
2.61763E-02 -1.29618E-02 
2.61623E-02 -1.33635E-02 
2.60619E-02 -1.36817E-02 
2.57480E-02 -1.38216E-02 
2.55086E-02 -1.39923E-02 
2.51991E-02 -1.40952E-02 
2.48268E-02 -1.41360E-02 
2.44011E-02 -1.41218E-02 
2.39363E-02 -1.40624E-02 
2.34618E-02 -1.39769E-02 
2.30577E-02 -1.39148E-02 
2.29543E-02 -1.40189E-02 
2.36662E-02 -1.46119E-02 
2.56068E-02 -1.59675E-02 
2.78760E-02 -1.75476E-02 
2.89527E-02 -1.83963E-02 
2.51692E-02 -8.74683E-03 
2.56508E-02 -9.59531E-03 
2.48760E-02 -9.70920E-03 
2.53129E-02 -1.04904E-02 
2.56844E-02 -1.12269E-02 
2.59822E-02 -1.19065E-02 
2.62013E-02 -1.25197E-02 
2.63150E-02 -1.29441E-02 
2.63390E-02 -1.30595E-02 
2.63962E-02 -1.35547E-02 
2.63586E-02 -1.39567E-02 
2.62278E-02 -1.42653E-02 
2.60094E-02 -1.44841E-02 
2.55919E-02 -1.45279E-02 
2.52406E-02 -1.45954E-02 
2.48236E-02 -1.45949E-02 
2.43494E-02 -1.45340E-02 
2.38282E-02 -1.44209E-02 
2.32748E-02 -1.42666E-02 
2.27181E-02 -1.40910E-02 
2.22355E-02 -1.39442E-02 
2.20480E-02 -1.39681E-02 
2.26456E-02 -1.44805E-02 
2.44137E-02 -1.57436E-02 
2.64819E-02 -1.72160E-02 
2.74046E-02 -1.79594E-02 
2.58637E-02 -9.96090E-03 
2.62718E-02 -1.07945E-02 
2.54449E-02 -1.08701E-02 
2.58017E-02 -1.16245E-02 
2.60864E-02 -1.23229E-02 
2.62930E-02 -1.29540E-02 
2.64168E-02 -1.35088E-02 
2.64547E-02 -1.38817E-02 
2.64563E-02 -1.39812E-02 
2.64049E-02 -1.43946E-02 
2.62589E-02 -1.47080E-02 
2.60219E-02 -1.49235E-02 
2.56999E-02 -1.50461E-02 
2.51949E-02 -1.49999E-02 
2.47476E-02 -1.49706E-02 
2.42387E-02 -1.48741E-02 
2.36780E-02 -1.47193E-02 
2.30765E-02 -1.45159E-02 
2.24492E-02 -1.42758E-02 
2.18247E-02 -1.40195E-02 
2.12774E-02 -1.37970E-02 
2.10175E-02 -1.37477E-02 
2.15083E-02 -1.41809E-02 
2.31069E-02 -1.53454E-02 
2.49781E-02 -1.67034E-02 
2.57584E-02 -1.73448E-02 
2.63284E-02 -1.10101E-02 
2.66616E-02 -1.18192E-02 
2.58017E-02 -1.18637E-02 
2.60917E-02 -1.25896E-02 
2.63015E-02 -1.32485E-02 
2.64255E-02 -1.38292E-02 
2.64592E-02 -1.43223E-02 
2.64236E-02 -1.46407E-02 
2.64031E-02 -1.47232E-02 
2.62444E-02 -1.50502E-02 
2.59880E-02 -1.52693E-02 
2.56407E-02 -1.53854E-02 
2.52120E-02 -1.54067E-02 
2.46191E-02 -1.52685E-02 
2.40789E-02 -1.51427E-02 
2.34842E-02 -1.49530E-02 
2.28456E-02 -1.47097E-02 
2.21746E-02 -1.44233E-02 
2.14858E-02 -1.41063E-02 
2.08068E-02 -1.37792E-02 
2.02080E-02 -1.34910E-02 
1.98878E-02 -1.33768E-02 
2.02810E-02 -1.37344E-02 
2.17156E-02 -1.47973E-02 
2.33971E-02 -1.60382E-02 
2.40478E-02 -1.65832E-02 
2.66237E-02 -1.19071E-02 
2.68765E-02 -1.26817E-02 
2.59749E-02 -1.26897E-02 
2.61711E-02 -1.33663E-02 
2.62796E-02 -1.39643E-02 
2.63000E-02 -1.44753E-02 
2.62297E-02 -1.48917E-02 
2.61147E-02 -1.51470E-02 
2.60713E-02 -1.52106E-02 
2.58060E-02 -1.54456E-02 
2.54496E-02 -1.55718E-02 
2.50090E-02 -1.55953E-02 
2.44933E-02 -1.55254E-02 
2.38321E-02 -1.53068E-02 
2.32185E-02 -1.50967E-02 
2.25574E-02 -1.48267E-02 
2.18598E-02 -1.45082E-02 
2.11371E-02 -1.41522E-02 
2.04038E-02 -1.37716E-02 
1.96863E-02 -1.33866E-02 
1.90510E-02 -1.30448E-02 
1.86838E-02 -1.28760E-02 
1.89899E-02 -1.31637E-02 
2.02690E-02 -1.41253E-02 
2.17708E-02 -1.52498E-02 
2.23062E-02 -1.57062E-02 
2.66999E-02 -1.26225E-02 
2.68602E-02 -1.33486E-02 
2.59185E-02 -1.33183E-02 
2.60286E-02 -1.39414E-02 
2.60567E-02 -1.44828E-02 
2.59916E-02 -1.49285E-02 
2.58305E-02 -1.52708E-02 
2.56445E-02 -1.54650E-02 
2.55803E-02 -1.55102E-02 
2.52147E-02 -1.56537E-02 
2.47586E-02 -1.56845E-02 
2.42245E-02 -1.56137E-02 
2.36244E-02 -1.54534E-02 
2.28994E-02 -1.51576E-02 
2.22196E-02 -1.48686E-02 
2.15013E-02 -1.45259E-02 
2.07558E-02 -1.41414E-02 
1.99941E-02 -1.37267E-02 
1.92299E-02 -1.32943E-02 
1.84878E-02 -1.28638E-02 
1.78296E-02 -1.24805E-02 
1.74281E-02 -1.22674E-02 
1.76579E-02 -1.24921E-02 
1.87915E-02 -1.33550E-02 
2.01252E-02 -1.43664E-02 
2.05597E-02 -1.47433E-02 
2.66085E-02 -1.31695E-02 
2.66780E-02 -1.38412E-02 
2.57056E-02 -1.37756E-02 
2.57230E-02 -1.43355E-02 
2.56454E-02 -1.48003E-02 
2.54717E-02 -1.51615E-02 
2.52077E-02 -1.54173E-02 
2.49458E-02 -1.55437E-02 
2.48605E-02 -1.55693E-02 
2.44018E-02 -1.56221E-02 
2.38628E-02 -1.55661E-02 
2.32536E-02 -1.54120E-02 
2.25864E-02 -1.51729E-02 
2.18150E-02 -1.48131E-02 
2.10887E-02 -1.44604E-02 
2.03331E-02 -1.40610E-02 
1.95589E-02 -1.36268E-02 
1.87762E-02 -1.31692E-02 
1.79980E-02 -1.27003E-02 
1.72469E-02 -1.22387E-02 
1.65802E-02 -1.18271E-02 
1.61574E-02 -1.15814E-02 
1.63232E-02 -1.17518E-02 
1.73240E-02 -1.25218E-02 
1.85044E-02 -1.34268E-02 
1.88533E-02 -1.37349E-02 
2.63406E-02 -1.35519E-02 
2.63085E-02 -1.41565E-02 
2.52898E-02 -1.40438E-02 
2.52024E-02 -1.45268E-02 
2.50313E-02 -1.49154E-02 
2.47755E-02 -1.52027E-02 
2.44319E-02 -1.53824E-02 
2.41053E-02 -1.54459E-02 
2.40005E-02 -1.54524E-02 
2.34503E-02 -1.54135E-02 
2.28287E-02 -1.52699E-02 
2.21492E-02 -1.50355E-02 
2.14240E-02 -1.47245E-02 
2.06168E-02 -1.43096E-02 
1.98555E-02 -1.39032E-02 
1.90752E-02 -1.34584E-02 
1.82854E-02 -1.29869E-02 
1.74955E-02 -1.24992E-02 
1.67167E-02 -1.20067E-02 
1.59698E-02 -1.15267E-02 
1.53069E-02 -1.10990E-02 
1.48743E-02 -1.08313E-02 
1.49871E-02 -1.09555E-02 
1.58665E-02 -1.16387E-02 
1.69067E-02 -1.24442E-02 
1.71835E-02 -1.26933E-02 
2.59215E-02 -1.37772E-02 
2.57838E-02 -1.43062E-02 
2.47279E-02 -1.41488E-02 
2.45449E-02 -1.45545E-02 
2.42770E-02 -1.48603E-02 
2.39213E-02 -1.50587E-02 
2.34805E-02 -1.51478E-02 
2.30892E-02 -1.51462E-02 
2.29673E-02 -1.51346E-02 
2.23437E-02 -1.50143E-02 
2.16593E-02 -1.47959E-02 
2.09273E-02 -1.44942E-02 
2.01608E-02 -1.41247E-02 
1.93320E-02 -1.36671E-02 
1.85510E-02 -1.32208E-02 
1.77610E-02 -1.27448E-02 
1.69704E-02 -1.22500E-02 
1.61872E-02 -1.17462E-02 
1.54214E-02 -1.12437E-02 
1.46909E-02 -1.07580E-02 
1.40434E-02 -1.03259E-02 
1.36118E-02 -1.00466E-02 
1.36826E-02 -1.01336E-02 
1.44539E-02 -1.07381E-02 
1.53689E-02 -1.14531E-02 
1.55870E-02 -1.16538E-02 
2.53598E-02 -1.38520E-02 
2.51252E-02 -1.43046E-02 
2.40350E-02 -1.41015E-02 
2.37516E-02 -1.44224E-02 
2.33832E-02 -1.46388E-02 
2.29340E-02 -1.47485E-02 
2.24084E-02 -1.47520E-02 
2.19556E-02 -1.46860E-02 
2.18169E-02 -1.46563E-02 
2.11204E-02 -1.44542E-02 
2.03780E-02 -1.41648E-02 
1.96052E-02 -1.38054E-02 
1.88144E-02 -1.33916E-02 
1.79817E-02 -1.29073E-02 
1.71988E-02 -1.24373E-02 
1.64160E-02 -1.19460E-02 
1.56402E-02 -1.14432E-02 
1.48779E-02 -1.09376E-02 
1.41374E-02 -1.04380E-02 
1.34348E-02 -9.95867E-03 
1.28126E-02 -9.53282E-03 
1.23914E-02 -9.25151E-03 
1.24306E-02 -9.31004E-03 
1.31071E-02 -9.84484E-03 
1.39119E-02 -1.04793E-02 
1.40834E-02 -1.06414E-02 
2.46931E-02 -1.38002E-02 
2.43553E-02 -1.41683E-02 
2.32199E-02 -1.39107E-02 
2.28319E-02 -1.41394E-02 
2.23663E-02 -1.42645E-02 
2.18301E-02 -1.42868E-02 
2.12332E-02 -1.42121E-02 
2.07370E-02 -1.40933E-02 
2.05861E-02 -1.40485E-02 
1.98350E-02 -1.37779E-02 
1.90473E-02 -1.34278E-02 
1.82430E-02 -1.30196E-02 
1.74367E-02 -1.25709E-02 
1.66104E-02 -1.20707E-02 
1.58379E-02 -1.15897E-02 
1.50748E-02 -1.10962E-02 
1.43256E-02 -1.05980E-02 
1.35949E-02 -1.01022E-02 
1.28895E-02 -9.61653E-03 
1.22232E-02 -9.15336E-03 
1.16341E-02 -8.74272E-03 
1.12309E-02 -8.46752E-03 
1.12476E-02 -8.50561E-03 
1.18421E-02 -8.97979E-03 
1.25512E-02 -9.54395E-03 
1.26867E-02 -9.67628E-03 
2.39161E-02 -1.36232E-02 
2.34841E-02 -1.39077E-02 
2.23157E-02 -1.36007E-02 
2.18321E-02 -1.37394E-02 
2.12786E-02 -1.37766E-02 
2.06657E-02 -1.37169E-02 
1.99956E-02 -1.35618E-02 
1.94437E-02 -1.33816E-02 
1.92784E-02 -1.33203E-02 
1.84780E-02 -1.29855E-02 
1.76677E-02 -1.25929E-02 
1.68578E-02 -1.21574E-02 
1.60569E-02 -1.16926E-02 
1.52504E-02 -1.11901E-02 
1.44997E-02 -1.07102E-02 
1.37657E-02 -1.02253E-02 
1.30517E-02 -9.74193E-03 
1.23607E-02 -9.26575E-03 
1.16977E-02 -8.80287E-03 
1.10742E-02 -8.36384E-03 
1.05238E-02 -7.97547E-03 
1.01443E-02 -7.71290E-03 
1.01463E-02 -7.73758E-03 
1.06708E-02 -8.16006E-03 
1.12974E-02 -8.66371E-03 
1.14059E-02 -8.77394E-03 
2.30683E-02 -1.33482E-02 
2.25357E-02 -1.35419E-02 
2.13345E-02 -1.31841E-02 
2.07654E-02 -1.32367E-02 
2.01290E-02 -1.31874E-02 
1.94391E-02 -1.30441E-02 
1.87072E-02 -1.28163E-02 
1.81202E-02 -1.25896E-02 
1.79467E-02 -1.25165E-02 
1.71143E-02 -1.21320E-02 
1.62872E-02 -1.17039E-02 
1.54782E-02 -1.12492E-02 
1.46925E-02 -1.07790E-02 
1.39175E-02 -1.02866E-02 
1.32009E-02 -9.82091E-03 
1.25074E-02 -9.35690E-03 
1.18383E-02 -8.89919E-03 
1.11948E-02 -8.45170E-03 
1.05801E-02 -8.01911E-03 
1.00038E-02 -7.61037E-03 
9.49575E-03 -7.24942E-03 
9.14382E-03 -7.00427E-03 
9.13748E-03 -7.02140E-03 
9.60269E-03 -7.40050E-03 
1.01590E-02 -7.85280E-03 
1.02475E-02 -7.94707E-03 
2.21690E-02 -1.29923E-02 
2.15465E-02 -1.30992E-02 
2.03108E-02 -1.26885E-02 
1.96521E-02 -1.26506E-02 
1.89362E-02 -1.25160E-02 
1.81782E-02 -1.22952E-02 
1.73954E-02 -1.20027E-02 
1.67852E-02 -1.17391E-02 
1.66072E-02 -1.16571E-02 
1.57638E-02 -1.12404E-02 
1.49381E-02 -1.07934E-02 
1.41390E-02 -1.03299E-02 
1.33771E-02 -9.86478E-03 
1.26429E-02 -9.39336E-03 
1.19699E-02 -8.95277E-03 
1.13252E-02 -8.51932E-03 
1.07073E-02 -8.09516E-03 
1.01157E-02 -7.68263E-03 
9.55226E-03 -7.28515E-03 
9.02507E-03 -6.91034E-03 
8.56067E-03 -6.57964E-03 
8.23806E-03 -6.35475E-03 
8.22798E-03 -6.36869E-03 
8.64335E-03 -6.71179E-03 
9.13995E-03 -7.12084E-03 
9.21359E-03 -7.20364E-03 
2.12244E-02 -1.25641E-02 
2.05148E-02 -1.25840E-02 
1.92518E-02 -1.21244E-02 
1.85182E-02 -1.20046E-02 
1.77315E-02 -1.17903E-02 
1.69182E-02 -1.15012E-02 
1.60988E-02 -1.11560E-02 
1.54710E-02 -1.08615E-02 
1.52896E-02 -1.07721E-02 
1.44432E-02 -1.03326E-02 
1.36305E-02 -9.87900E-03 
1.28618E-02 -9.42608E-03 
1.21408E-02 -8.98283E-03 
1.14563E-02 -8.54287E-03 
1.08331E-02 -8.13534E-03 
1.02411E-02 -7.73844E-03 
9.67679E-03 -7.35231E-03 
9.13811E-03 -6.97776E-03 
8.62593E-03 -6.61724E-03 
8.14701E-03 -6.27731E-03 
7.72510E-03 -5.97733E-03 
7.43152E-03 -5.77346E-03 
7.42054E-03 -5.78701E-03 
7.79382E-03 -6.10020E-03 
8.23939E-03 -6.47271E-03 
8.30143E-03 -6.54682E-03 
2.02557E-02 -1.20821E-02 
1.94618E-02 -1.20155E-02 
1.81731E-02 -1.15078E-02 
1.73737E-02 -1.13119E-02 
1.65343E-02 -1.10308E-02 
1.56802E-02 -1.06853E-02 
1.48355E-02 -1.02979E-02 
1.42012E-02 -9.98276E-03 
1.40197E-02 -9.88915E-03 
1.31811E-02 -9.43879E-03 
1.23947E-02 -8.99284E-03 
1.16659E-02 -8.56189E-03 
1.09958E-02 -8.15200E-03 
1.03705E-02 -7.75426E-03 
9.80372E-03 -7.38778E-03 
9.26721E-03 -7.03198E-03 
8.75671E-03 -6.68603E-03 
8.26975E-03 -6.35011E-03 
7.80657E-03 -6.02607E-03 
7.37302E-03 -5.71976E-03 
6.99056E-03 -5.44889E-03 
6.72398E-03 -5.26500E-03 
6.71329E-03 -5.27931E-03 
7.05041E-03 -5.56718E-03 
7.45167E-03 -5.90825E-03 
7.50363E-03 -5.97482E-03 
1.92835E-02 -1.15632E-02 
1.84162E-02 -1.14167E-02 
1.71047E-02 -1.08637E-02 
1.62471E-02 -1.05976E-02 
1.53682E-02 -1.02606E-02 
1.44879E-02 -9.87142E-03 
1.36353E-02 -9.45748E-03 
1.30058E-02 -9.13308E-03 
1.28270E-02 -9.03830E-03 
1.20119E-02 -8.59328E-03 
1.12645E-02 -8.16918E-03 
1.05886E-02 -7.77435E-03 
9.97805E-03 -7.40832E-03 
9.41423E-03 -7.05762E-03 
8.90385E-03 -6.73471E-03 
8.42154E-03 -6.42088E-03 
7.96208E-03 -6.11426E-03 
7.52272E-03 -5.81467E-03 
7.10354E-03 -5.52381E-03 
6.70995E-03 -5.24726E-03 
6.36175E-03 -5.00163E-03 
6.11827E-03 -4.83474E-03 
6.10745E-03 -4.84942E-03 
6.41286E-03 -5.11519E-03 
6.77500E-03 -5.42851E-03 
6.81693E-03 -5.48722E-03 
1.83084E-02 -1.10140E-02 
1.73756E-02 -1.07926E-02 
1.60504E-02 -1.02010E-02 
1.51469E-02 -9.87431E-03 
1.42353E-02 -9.48815E-03 
1.33425E-02 -9.06806E-03 
1.24964E-02 -8.64187E-03 
1.18826E-02 -8.31939E-03 
1.17102E-02 -8.22713E-03 
1.09362E-02 -7.80546E-03 
1.02445E-02 -7.42066E-03 
9.63209E-03 -7.07440E-03 
9.08496E-03 -6.75868E-03 
8.58337E-03 -6.45818E-03 
8.12851E-03 -6.17990E-03 
7.69742E-03 -5.90681E-03 
7.28446E-03 -5.63652E-03 
6.88699E-03 -5.36896E-03 
6.50543E-03 -5.10619E-03 
6.14524E-03 -4.85399E-03 
5.82508E-03 -4.62837E-03 
5.59984E-03 -4.47424E-03 
5.58710E-03 -4.48748E-03 
5.86308E-03 -4.73249E-03 
6.18895E-03 -5.01973E-03 
6.21949E-03 -5.06890E-03 
1.73424E-02 -1.04459E-02 
1.63566E-02 -1.01582E-02 
1.50247E-02 -9.53434E-03 
1.40853E-02 -9.15580E-03 
1.31571E-02 -8.73475E-03 
1.22656E-02 -8.29722E-03 
1.14386E-02 -7.87239E-03 
1.08529E-02 -7.56485E-03 
1.06908E-02 -7.47911E-03 
9.97444E-03 -7.09847E-03 
9.34943E-03 -6.76605E-03 
8.80601E-03 -6.47656E-03 
8.32587E-03 -6.21695E-03 
7.88733E-03 -5.96922E-03 
7.48575E-03 -5.73486E-03 
7.10043E-03 -5.49856E-03 
6.72665E-03 -5.25867E-03 
6.36285E-03 -5.01614E-03 
6.01045E-03 -4.77407E-03 
5.67542E-03 -4.53894E-03 
5.37577E-03 -4.32658E-03 
5.16278E-03 -4.17974E-03 
5.14522E-03 -4.18852E-03 
5.39269E-03 -4.41275E-03 
5.68372E-03 -4.67421E-03 
5.70072E-03 -4.71126E-03 
1.63952E-02 -9.86939E-03 
1.53656E-02 -9.52262E-03 
1.40368E-02 -8.87490E-03 
1.30752E-02 -8.45647E-03 
1.21426E-02 -8.01246E-03 
1.12679E-02 -7.57305E-03 
1.04753E-02 -7.16560E-03 
9.92869E-03 -6.88511E-03 
9.77981E-03 -6.80927E-03 
9.13503E-03 -6.48556E-03 
8.58741E-03 -6.21826E-03 
8.11835E-03 -5.99325E-03 
7.70613E-03 -5.79283E-03 
7.32638E-03 -5.59577E-03 
6.97157E-03 -5.40046E-03 
6.62373E-03 -5.19392E-03 
6.27960E-03 -4.97597E-03 
5.93962E-03 -4.74952E-03 
5.60673E-03 -4.51928E-03 
5.28782E-03 -4.29280E-03 
5.00064E-03 -4.08617E-03 
4.79350E-03 -3.94049E-03 
4.76749E-03 -3.94096E-03 
4.98602E-03 -4.14309E-03 
5.24229E-03 -4.37774E-03 
5.24311E-03 -4.39956E-03 
1.54722E-02 -9.29201E-03 
1.44096E-02 -8.89469E-03 
1.30926E-02 -8.23131E-03 
1.21225E-02 -7.78546E-03 
1.12008E-02 -7.33306E-03 
1.03575E-02 -6.90693E-03 
9.61357E-03 -6.53263E-03 
9.11557E-03 -6.29036E-03 
8.98280E-03 -6.22774E-03 
8.42120E-03 -5.97496E-03 
7.95962E-03 -5.78371E-03 
7.56925E-03 -5.62941E-03 
7.22175E-03 -5.48718E-03 
6.89375E-03 -5.33551E-03 
6.57600E-03 -5.17094E-03 
6.25449E-03 -4.98408E-03 
5.92872E-03 -4.77750E-03 
5.60159E-03 -4.55670E-03 
5.27802E-03 -4.32850E-03 
4.96607E-03 -4.10185E-03 
4.68343E-03 -3.89327E-03 
4.47587E-03 -3.74253E-03 
4.43748E-03 -3.73045E-03 
4.62568E-03 -3.90816E-03 
4.84628E-03 -4.11401E-03 
4.82829E-03 -4.11744E-03 
1.45773E-02 -8.72001E-03 
1.34931E-02 -8.28141E-03 
1.21971E-02 -7.61122E-03 
1.12304E-02 -7.14945E-03 
1.03328E-02 -6.70227E-03 
9.53655E-03 -6.30548E-03 
8.85701E-03 -5.98107E-03 
8.41757E-03 -5.78855E-03 
8.30284E-03 -5.74178E-03 
7.83198E-03 -5.57053E-03 
7.46128E-03 -5.46262E-03 
7.14980E-03 -5.38122E-03 
6.86132E-03 -5.29317E-03 
6.57425E-03 -5.17759E-03 
6.28111E-03 -5.03228E-03 
5.97323E-03 -4.85294E-03 
5.65358E-03 -4.64581E-03 
5.32807E-03 -4.41959E-03 
5.00386E-03 -4.18356E-03 
4.69029E-03 -3.94821E-03 
4.40507E-03 -3.73055E-03 
4.19153E-03 -3.56909E-03 
4.13707E-03 -3.54032E-03 
4.29302E-03 -3.69076E-03 
4.47652E-03 -3.86529E-03 
4.43766E-03 -3.84762E-03 
1.37099E-02 -8.15663E-03 
1.26153E-02 -7.68625E-03 
1.13507E-02 -7.01887E-03 
1.04016E-02 -6.55461E-03 
9.54140E-03 -6.12635E-03 
8.80480E-03 -5.77284E-03 
8.20354E-03 -5.51349E-03 
7.83162E-03 -5.38109E-03 
7.73755E-03 -5.35314E-03 
7.36568E-03 -5.27394E-03 
7.08406E-03 -5.25080E-03 
6.84351E-03 -5.23697E-03 
6.60517E-03 -5.19528E-03 
6.34811E-03 -5.10527E-03 
6.06570E-03 -4.96570E-03 
5.75664E-03 -4.77935E-03 
5.42962E-03 -4.55823E-03 
5.09435E-03 -4.31513E-03 
4.76031E-03 -4.06192E-03 
4.43789E-03 -3.81047E-03 
4.14454E-03 -3.57799E-03 
3.92090E-03 -3.40143E-03 
3.84750E-03 -3.35257E-03 
3.96929E-03 -3.47287E-03 
4.11436E-03 -3.61361E-03 
4.05361E-03 -3.57321E-03 
1.28663E-02 -7.60297E-03 
1.17719E-02 -7.10985E-03 
1.05473E-02 -6.45401E-03 
9.62995E-03 -6.00030E-03 
8.82257E-03 -5.60592E-03 
8.15748E-03 -5.30889E-03 
7.64462E-03 -5.12674E-03 
7.34753E-03 -5.06319E-03 
7.27544E-03 -5.05592E-03 
7.00521E-03 -5.07404E-03 
6.81074E-03 -5.13557E-03 
6.63205E-03 -5.18183E-03 
6.42756E-03 -5.17163E-03 
6.18195E-03 -5.08929E-03 
5.89397E-03 -4.93890E-03 
5.57000E-03 -4.73115E-03 
5.22407E-03 -4.48387E-03 
4.86993E-03 -4.21422E-03 
4.51933E-03 -3.93663E-03 
4.18338E-03 -3.66399E-03 
3.87879E-03 -3.41326E-03 
3.64305E-03 -3.21923E-03 
3.54925E-03 -3.14822E-03 
3.63552E-03 -3.23600E-03 
3.74135E-03 -3.34106E-03 
3.65925E-03 -3.27781E-03 
1.20432E-02 -7.06052E-03 
1.09629E-02 -6.55595E-03 
9.78863E-03 -5.92128E-03 
8.91465E-03 -5.48960E-03 
8.17108E-03 -5.14063E-03 
7.58784E-03 -4.91147E-03 
7.17183E-03 -4.81637E-03 
6.95440E-03 -4.82758E-03 
6.90528E-03 -4.84230E-03 
6.73636E-03 -4.95917E-03 
6.62011E-03 -5.09828E-03 
6.48895E-03 -5.19115E-03 
6.30028E-03 -5.19446E-03 
6.04667E-03 -5.10005E-03 
5.73476E-03 -4.91999E-03 
5.38066E-03 -4.67501E-03 
5.00505E-03 -4.39010E-03 
4.62538E-03 -4.08655E-03 
4.25468E-03 -3.78050E-03 
3.90391E-03 -3.48497E-03 
3.58829E-03 -3.21586E-03 
3.34136E-03 -3.00493E-03 
3.22786E-03 -2.91191E-03 
3.27877E-03 -2.96632E-03 
3.34617E-03 -3.03539E-03 
3.24543E-03 -2.95142E-03 
1.12253E-02 -6.52303E-03 
1.01717E-02 -6.01740E-03 
9.06031E-03 -5.41462E-03 
8.24252E-03 -5.01650E-03 
7.57220E-03 -4.72264E-03 
7.07976E-03 -4.57061E-03 
6.76681E-03 -4.56945E-03 
6.62867E-03 -4.65637E-03 
6.60180E-03 -4.69274E-03 
6.52792E-03 -4.90342E-03 
6.47829E-03 -5.10892E-03 
6.37738E-03 -5.23086E-03 
6.18240E-03 -5.22493E-03 
5.89877E-03 -5.09545E-03 
5.54488E-03 -4.86643E-03 
5.14788E-03 -4.57026E-03 
4.73542E-03 -4.23950E-03 
4.32759E-03 -3.89864E-03 
3.93750E-03 -3.56424E-03 
3.57488E-03 -3.24838E-03 
3.25237E-03 -2.96475E-03 
2.99851E-03 -2.74090E-03 
2.86859E-03 -2.62863E-03 
2.88611E-03 -2.65069E-03 
2.91767E-03 -2.68534E-03 
2.80325E-03 -2.58515E-03 
1.03900E-02 -5.98045E-03 
9.37895E-03 -5.48564E-03 
8.34126E-03 -4.92390E-03 
7.59120E-03 -4.56910E-03 
7.00483E-03 -4.33934E-03 
6.60866E-03 -4.26945E-03 
6.39905E-03 -4.36263E-03 
6.33920E-03 -4.52382E-03 
6.33367E-03 -4.58079E-03 
6.34505E-03 -4.87507E-03 
6.34574E-03 -5.12983E-03 
6.25214E-03 -5.25693E-03 
6.02729E-03 -5.21652E-03 
5.69224E-03 -5.02870E-03 
5.28065E-03 -4.73320E-03 
4.83187E-03 -4.37545E-03 
4.38008E-03 -3.99525E-03 
3.94698E-03 -3.61917E-03 
3.54407E-03 -3.26249E-03 
3.17794E-03 -2.93439E-03 
2.85734E-03 -2.64494E-03 
2.60469E-03 -2.41620E-03 
2.46468E-03 -2.29064E-03 
2.45336E-03 -2.28404E-03 
2.45418E-03 -2.28845E-03 
2.33345E-03 -2.17914E-03 
9.50179E-03 -5.41547E-03 
8.55141E-03 -4.94429E-03 
7.60162E-03 -4.43386E-03 
6.93139E-03 -4.13090E-03 
6.43515E-03 -3.96901E-03 
6.13714E-03 -3.98079E-03 
6.02718E-03 -4.16251E-03 
6.03833E-03 -4.38919E-03 
6.05169E-03 -4.46380E-03 
6.13332E-03 -4.82403E-03 
6.16361E-03 -5.10470E-03 
6.05540E-03 -5.21186E-03 
5.77922E-03 -5.11241E-03 
5.37612E-03 -4.84681E-03 
4.89619E-03 -4.47202E-03 
4.39406E-03 -4.04945E-03 
3.90904E-03 -3.62477E-03 
3.46170E-03 -3.22391E-03 
3.05940E-03 -2.85818E-03 
2.70388E-03 -2.53201E-03 
2.39869E-03 -2.25043E-03 
2.15908E-03 -2.02880E-03 
2.01839E-03 -1.89919E-03 
1.98563E-03 -1.87067E-03 
1.96354E-03 -1.85197E-03 
1.84588E-03 -1.74285E-03 
8.50685E-03 -4.80082E-03 
7.63919E-03 -4.36755E-03 
6.79293E-03 -3.91826E-03 
6.21226E-03 -3.67174E-03 
5.80998E-03 -3.57635E-03 
5.60592E-03 -3.66056E-03 
5.58371E-03 -3.91385E-03 
5.65332E-03 -4.18923E-03 
5.68127E-03 -4.27597E-03 
5.81235E-03 -4.67528E-03 
5.85120E-03 -4.95486E-03 
5.70989E-03 -5.01820E-03 
5.37016E-03 -4.84276E-03 
4.89364E-03 -4.49033E-03 
4.34986E-03 -4.03798E-03 
3.80653E-03 -3.56104E-03 
3.30620E-03 -3.10899E-03 
2.86530E-03 -2.70381E-03 
2.48458E-03 -2.35022E-03 
2.15924E-03 -2.04604E-03 
1.88675E-03 -1.79021E-03 
1.67473E-03 -1.59074E-03 
1.54512E-03 -1.46897E-03 
1.50094E-03 -1.42812E-03 
1.46612E-03 -1.39602E-03 
1.36180E-03 -1.29756E-03 
7.33761E-03 -4.10178E-03 
6.57601E-03 -3.72048E-03 
5.85120E-03 -3.34175E-03 
5.36752E-03 -3.15155E-03 
5.05588E-03 -3.11167E-03 
4.93107E-03 -3.24534E-03 
4.97125E-03 -3.53604E-03 
5.07675E-03 -3.83000E-03 
5.11289E-03 -3.92011E-03 
5.26404E-03 -4.31812E-03 
5.29122E-03 -4.56610E-03 
5.11234E-03 -4.57218E-03 
4.71875E-03 -4.32358E-03 
4.18995E-03 -3.90075E-03 
3.61310E-03 -3.39873E-03 
3.06396E-03 -2.90140E-03 
2.58330E-03 -2.45665E-03 
2.18057E-03 -2.07930E-03 
1.84863E-03 -1.76591E-03 
1.57596E-03 -1.50723E-03 
1.35428E-03 -1.29630E-03 
1.18428E-03 -1.13430E-03 
1.07769E-03 -1.03273E-03 
1.03337E-03 -9.90680E-04 
9.96900E-04 -9.56069E-04 
9.14873E-04 -8.77684E-04 
5.95447E-03 -3.29886E-03 
5.32126E-03 -2.98208E-03 
4.72992E-03 -2.67812E-03 
4.34335E-03 -2.53646E-03 
4.10787E-03 -2.52894E-03 
4.03242E-03 -2.67208E-03 
4.09448E-03 -2.94724E-03 
4.19956E-03 -3.21313E-03 
4.23318E-03 -3.29280E-03 
4.36229E-03 -3.63203E-03 
4.36057E-03 -3.81646E-03 
4.15722E-03 -3.76643E-03 
3.75479E-03 -3.48100E-03 
3.23884E-03 -3.04756E-03 
2.69912E-03 -2.56361E-03 
2.20824E-03 -2.10949E-03 
1.79960E-03 -1.72507E-03 
1.47448E-03 -1.41627E-03 
1.21935E-03 -1.17258E-03 
1.01852E-03 -9.80105E-04 
8.60543E-04 -8.28405E-04 
7.41673E-04 -7.14129E-04 
6.66261E-04 -6.41594E-04 
6.31337E-04 -6.07998E-04 
6.02340E-04 -5.80079E-04 
5.47010E-04 -5.26778E-04 
4.44744E-03 -2.44236E-03 
3.95210E-03 -2.19511E-03 
3.49597E-03 -1.96368E-03 
3.19696E-03 -1.85693E-03 
3.01556E-03 -1.85421E-03 
2.95337E-03 -1.96343E-03 
2.98973E-03 -2.16614E-03 
3.05545E-03 -2.35628E-03 
3.07576E-03 -2.41201E-03 
3.14173E-03 -2.63798E-03 
3.09840E-03 -2.73364E-03 
2.89953E-03 -2.64639E-03 
2.55746E-03 -2.38685E-03 
2.14380E-03 -2.02932E-03 
1.72979E-03 -1.65173E-03 
1.36899E-03 -1.31391E-03 
1.08157E-03 -1.04096E-03 
8.62827E-04 -8.31603E-04 
6.98293E-04 -6.73428E-04 
5.73501E-04 -5.53169E-04 
4.78183E-04 -4.61196E-04 
4.07779E-04 -3.93215E-04 
3.63093E-04 -3.50028E-04 
3.41446E-04 -3.29053E-04 
3.23580E-04 -3.11721E-04 
2.92107E-04 -2.81287E-04 
---
