PdfType: replica
Format: lhagrid1
---
1.00000E-06 1.28121E-06 1.64152E-06 2.10317E-06 2.69463E-06 3.45242E-06 4.42329E-06 5.66715E-06 7.26076E-06 9.30241E-06 1.19180E-05 1.52689E-05 1.95617E-05 2.50609E-05 3.21053E-05 4.11287E-05 5.26863E-05 6.74889E-05 8.64459E-05 1.10720E-04 1.41800E-04 1.81585E-04 2.32503E-04 2.97652E-04 3.80981E-04 4.87518E-04 6.26039E-04 8.00452E-04 1.02297E-03 1.30657E-03 1.66759E-03 2.12729E-03 2.71054E-03 3.44865E-03 4.37927E-03 5.54908E-03 7.01192E-03 8.83064E-03 1.10763E-02 1.38266E-02 1.71641E-02 2.11717E-02 2.59364E-02 3.15062E-02 3.79623E-02 4.53425E-02 5.36750E-02 6.29705E-02 7.32221E-02 8.44039E-02 9.64793E-02 1.09332E-01 1.23067E-01 1.37507E-01 1.52639E-01 1.68416E-01 1.84794E-01 2.01731E-01 2.19016E-01 2.36948E-01 2.55242E-01 2.73927E-01 2.92954E-01 3.12340E-01 3.32036E-01 3.52019E-01 3.72282E-01 3.92772E-01 4.13533E-01 4.34326E-01 4.55495E-01 4.76836E-01 4.98342E-01 5.20006E-01 5.41818E-01 5.63773E-01 5.85861E-01 6.08077E-01 6.30459E-01 6.52800E-01 6.75387E-01 6.98063E-01 7.20830E-01 7.43683E-01 7.66623E-01 7.89636E-01 8.12791E-01 8.35940E-01 8.59175E-01 8.82485E-01 9.05866E-01 9.29311E-01 9.52817E-01 9.76387E-01 1.00000E+00 
1.14018E+00 1.22539E+00 1.32482E+00 1.44156E+00 1.57954E+00 1.74381E+00 1.94091E+00 2.12132E+00 2.17945E+00 2.49622E+00 2.89383E+00 3.39925E+00 4.05063E+00 4.90286E+00 6.03623E+00 7.57063E+00 9.68869E+00 1.26749E+01 1.69835E+01 2.33578E+01 3.30501E+01 4.82334E+01 7.28041E+01 1.13998E+02 1.85779E+02 3.16228E+02 
908 909 
-5.98205E-06 -1.14815E-05 
-6.47649E-06 -1.19729E-05 
-7.02653E-06 -1.28142E-05 
-7.72836E-06 -1.34914E-05 
-8.49732E-06 -1.42226E-05 
-9.34483E-06 -1.50206E-05 
-1.02859E-05 -1.58998E-05 
-1.10903E-05 -1.66460E-05 
-1.13398E-05 -1.68763E-05 
-1.26304E-05 -1.80585E-05 
-1.41178E-05 -1.93981E-05 
-1.58480E-05 -2.09203E-05 
-1.78764E-05 -2.26514E-05 
-2.08051E-05 -2.46362E-05 
-2.41932E-05 -2.69730E-05 
-2.81710E-05 -2.96020E-05 
-3.28462E-05 -3.25546E-05 
-3.83464E-05 -3.58642E-05 
-4.48297E-05 -3.95704E-05 
-5.25203E-05 -4.37346E-05 
-6.18477E-05 -4.85048E-05 
-7.39466E-05 -5.43407E-05 
-9.18421E-05 -6.25055E-05 
-1.20249E-04 -7.48033E-05 
-1.58966E-04 -9.05532E-05 
-2.00537E-04 -1.06052E-04 
-7.59475E-06 -1.28857E-05 
-8.15803E-06 -1.34373E-05 
-8.81551E-06 -1.43934E-05 
-9.61272E-06 -1.51529E-05 
-1.04834E-05 -1.59744E-05 
-1.14407E-05 -1.68723E-05 
-1.25021E-05 -1.78623E-05 
-1.34085E-05 -1.87026E-05 
-1.36895E-05 -1.89619E-05 
-1.51428E-05 -2.02921E-05 
-1.68169E-05 -2.17966E-05 
-1.87632E-05 -2.35019E-05 
-2.10430E-05 -2.54346E-05 
-2.42986E-05 -2.76068E-05 
-2.80638E-05 -3.01732E-05 
-3.24752E-05 -3.30497E-05 
-3.76486E-05 -3.62674E-05 
-4.37209E-05 -3.98590E-05 
-5.08606E-05 -4.38627E-05 
-5.93078E-05 -4.83397E-05 
-6.95246E-05 -5.34423E-05 
-8.27405E-05 -5.96518E-05 
-1.02239E-04 -6.82932E-05 
-1.33121E-04 -8.12398E-05 
-1.75099E-04 -9.77176E-05 
-2.20001E-04 -1.13794E-04 
-9.38501E-06 -1.44831E-05 
-1.00201E-05 -1.51084E-05 
-1.08033E-05 -1.61909E-05 
-1.17023E-05 -1.70485E-05 
-1.26824E-05 -1.79771E-05 
-1.37590E-05 -1.89923E-05 
-1.49520E-05 -2.01115E-05 
-1.59708E-05 -2.10607E-05 
-1.62867E-05 -2.13535E-05 
-1.79205E-05 -2.28532E-05 
-1.98026E-05 -2.45450E-05 
-2.19905E-05 -2.64559E-05 
-2.45517E-05 -2.86132E-05 
-2.81668E-05 -3.09885E-05 
-3.23486E-05 -3.38043E-05 
-3.72378E-05 -3.69478E-05 
-4.29590E-05 -4.04492E-05 
-4.96581E-05 -4.43399E-05 
-5.75147E-05 -4.86565E-05 
-6.67845E-05 -5.34594E-05 
-7.79640E-05 -5.89050E-05 
-9.23827E-05 -6.54964E-05 
-1.13598E-04 -7.46196E-05 
-1.47120E-04 -8.82109E-05 
-1.92565E-04 -1.05388E-04 
-2.40994E-04 -1.21983E-04 
-1.13206E-05 -1.63648E-05 
-1.20350E-05 -1.70762E-05 
-1.29630E-05 -1.82990E-05 
-1.39755E-05 -1.92692E-05 
-1.50781E-05 -2.03202E-05 
-1.62887E-05 -2.14690E-05 
-1.76303E-05 -2.27346E-05 
-1.87763E-05 -2.38067E-05 
-1.91317E-05 -2.41370E-05 
-2.09702E-05 -2.58265E-05 
-2.30885E-05 -2.77265E-05 
-2.55501E-05 -2.98645E-05 
-2.84296E-05 -3.22676E-05 
-3.24427E-05 -3.48598E-05 
-3.70871E-05 -3.79429E-05 
-4.25053E-05 -4.13707E-05 
-4.88304E-05 -4.51720E-05 
-5.62178E-05 -4.93762E-05 
-6.48581E-05 -5.40179E-05 
-7.50234E-05 -5.91559E-05 
-8.72458E-05 -6.49501E-05 
-1.02962E-04 -7.19237E-05 
-1.26022E-04 -8.15198E-05 
-1.62371E-04 -9.57252E-05 
-2.11511E-04 -1.13540E-04 
-2.63671E-04 -1.30568E-04 
-1.34026E-05 -1.86100E-05 
-1.42079E-05 -1.94186E-05 
-1.53012E-05 -2.07979E-05 
-1.64435E-05 -2.18939E-05 
-1.76864E-05 -2.30815E-05 
-1.90507E-05 -2.43793E-05 
-2.05629E-05 -2.58075E-05 
-2.18550E-05 -2.70156E-05 
-2.22557E-05 -2.73875E-05 
-2.43289E-05 -2.92861E-05 
-2.67174E-05 -3.14143E-05 
-2.94913E-05 -3.37996E-05 
-3.27324E-05 -3.64687E-05 
-3.71867E-05 -3.92897E-05 
-4.23457E-05 -4.26564E-05 
-4.83499E-05 -4.63837E-05 
-5.53410E-05 -5.04988E-05 
-6.34839E-05 -5.50286E-05 
-7.29806E-05 -6.00045E-05 
-8.41194E-05 -6.54833E-05 
-9.74706E-05 -7.16266E-05 
-1.14584E-04 -7.89754E-05 
-1.39628E-04 -8.90203E-05 
-1.79007E-04 -1.03783E-04 
-2.32084E-04 -1.22139E-04 
-2.88184E-04 -1.39486E-04 
-1.56605E-05 -2.12879E-05 
-1.65718E-05 -2.22037E-05 
-1.78530E-05 -2.37580E-05 
-1.91455E-05 -2.49922E-05 
-2.05508E-05 -2.63297E-05 
-2.20930E-05 -2.77911E-05 
-2.38023E-05 -2.93978E-05 
-2.52628E-05 -3.07548E-05 
-2.57158E-05 -3.11720E-05 
-2.80590E-05 -3.32987E-05 
-3.07572E-05 -3.56744E-05 
-3.38877E-05 -3.83265E-05 
-3.75393E-05 -4.12808E-05 
-4.24826E-05 -4.43409E-05 
-4.82136E-05 -4.80058E-05 
-5.48659E-05 -5.20465E-05 
-6.25903E-05 -5.64874E-05 
-7.15611E-05 -6.13523E-05 
-8.19913E-05 -6.66689E-05 
-9.41865E-05 -7.24905E-05 
-1.08757E-04 -7.89790E-05 
-1.27375E-04 -8.66879E-05 
-1.54547E-04 -9.71430E-05 
-1.97167E-04 -1.12379E-04 
-2.54430E-04 -1.31148E-04 
-3.14676E-04 -1.48668E-04 
-1.81469E-05 -2.44606E-05 
-1.91825E-05 -2.54933E-05 
-2.06771E-05 -2.72428E-05 
-2.21438E-05 -2.86268E-05 
-2.37372E-05 -3.01275E-05 
-2.54851E-05 -3.17668E-05 
-2.74220E-05 -3.35675E-05 
-2.90768E-05 -3.50861E-05 
-2.95899E-05 -3.55525E-05 
-3.22432E-05 -3.79258E-05 
-3.52958E-05 -4.05682E-05 
-3.88321E-05 -4.35062E-05 
-4.29489E-05 -4.67641E-05 
-4.84327E-05 -5.00719E-05 
-5.47976E-05 -5.40489E-05 
-6.21651E-05 -5.84151E-05 
-7.06945E-05 -6.31921E-05 
-8.05699E-05 -6.83994E-05 
-9.20151E-05 -7.40602E-05 
-1.05353E-04 -8.02230E-05 
-1.21235E-04 -8.70477E-05 
-1.41468E-04 -9.50942E-05 
-1.70916E-04 -1.05906E-04 
-2.16992E-04 -1.21506E-04 
-2.78689E-04 -1.40522E-04 
-3.43278E-04 -1.58041E-04 
-2.09330E-05 -2.81869E-05 
-2.21136E-05 -2.93460E-05 
-2.38508E-05 -3.13124E-05 
-2.55188E-05 -3.28576E-05 
-2.73293E-05 -3.45345E-05 
-2.93143E-05 -3.63662E-05 
-3.15132E-05 -3.83766E-05 
-3.33909E-05 -4.00698E-05 
-3.39729E-05 -4.05892E-05 
-3.69811E-05 -4.32280E-05 
-4.04374E-05 -4.61560E-05 
-4.44340E-05 -4.93986E-05 
-4.90754E-05 -5.29780E-05 
-5.51550E-05 -5.65408E-05 
-6.22202E-05 -6.08423E-05 
-7.03738E-05 -6.55450E-05 
-7.97843E-05 -7.06664E-05 
-9.06447E-05 -7.62212E-05 
-1.03190E-04 -8.22266E-05 
-1.17760E-04 -8.87253E-05 
-1.35051E-04 -9.58721E-05 
-1.57007E-04 -1.04225E-04 
-1.88882E-04 -1.15326E-04 
-2.38625E-04 -1.31151E-04 
-3.04991E-04 -1.50215E-04 
-3.74106E-04 -1.67525E-04 
-2.41043E-05 -3.25259E-05 
-2.54526E-05 -3.38211E-05 
-2.74667E-05 -3.60267E-05 
-2.93658E-05 -3.77447E-05 
-3.14253E-05 -3.96111E-05 
-3.36821E-05 -4.16502E-05 
-3.61806E-05 -4.38865E-05 
-3.83130E-05 -4.57672E-05 
-3.89737E-05 -4.63437E-05 
-4.23858E-05 -4.92669E-05 
-4.62998E-05 -5.24996E-05 
-5.08160E-05 -5.60653E-05 
-5.60466E-05 -5.99836E-05 
-6.27805E-05 -6.38065E-05 
-7.06161E-05 -6.84443E-05 
-7.96311E-05 -7.34929E-05 
-9.00024E-05 -7.89652E-05 
-1.01932E-04 -8.48699E-05 
-1.15665E-04 -9.12173E-05 
-1.31559E-04 -9.80423E-05 
-1.50355E-04 -1.05491E-04 
-1.74147E-04 -1.14112E-04 
-2.08594E-04 -1.25416E-04 
-2.62206E-04 -1.41301E-04 
-3.33465E-04 -1.60175E-04 
-4.07265E-04 -1.77035E-04 
-2.77577E-05 -3.75398E-05 
-2.92988E-05 -3.89811E-05 
-3.16291E-05 -4.14484E-05 
-3.37917E-05 -4.33512E-05 
-3.61352E-05 -4.54209E-05 
-3.87015E-05 -4.76828E-05 
-4.15411E-05 -5.01617E-05 
-4.39627E-05 -5.22437E-05 
-4.47126E-05 -5.28811E-05 
-4.85823E-05 -5.61080E-05 
-5.30128E-05 -5.96645E-05 
-5.81127E-05 -6.35714E-05 
-6.40020E-05 -6.78450E-05 
-7.14518E-05 -7.19316E-05 
-8.01321E-05 -7.69160E-05 
-9.00873E-05 -8.23184E-05 
-1.01503E-04 -8.81457E-05 
-1.14589E-04 -9.43998E-05 
-1.29600E-04 -1.01083E-04 
-1.46911E-04 -1.08220E-04 
-1.67311E-04 -1.15946E-04 
-1.93048E-04 -1.24784E-04 
-2.30207E-04 -1.36190E-04 
-2.87879E-04 -1.51936E-04 
-3.64228E-04 -1.70340E-04 
-4.42848E-04 -1.86472E-04 
-3.20007E-05 -4.32968E-05 
-3.37610E-05 -4.48952E-05 
-3.64536E-05 -4.76459E-05 
-3.89145E-05 -4.97458E-05 
-4.15796E-05 -5.20333E-05 
-4.44966E-05 -5.45340E-05 
-4.77221E-05 -5.72728E-05 
-5.04707E-05 -5.95698E-05 
-5.13214E-05 -6.02724E-05 
-5.57067E-05 -6.38225E-05 
-6.07174E-05 -6.77216E-05 
-6.64702E-05 -7.19872E-05 
-7.30928E-05 -7.66315E-05 
-8.13231E-05 -8.09826E-05 
-9.09261E-05 -8.63228E-05 
-1.01904E-04 -9.20848E-05 
-1.14450E-04 -9.82688E-05 
-1.28782E-04 -1.04868E-04 
-1.45165E-04 -1.11876E-04 
-1.63988E-04 -1.19306E-04 
-1.86089E-04 -1.27275E-04 
-2.13878E-04 -1.36272E-04 
-2.53882E-04 -1.47657E-04 
-3.15784E-04 -1.63031E-04 
-3.97394E-04 -1.80640E-04 
-4.80935E-04 -1.95725E-04 
-3.69501E-05 -4.98736E-05 
-3.89583E-05 -5.16409E-05 
-4.20660E-05 -5.46946E-05 
-4.48628E-05 -5.70046E-05 
-4.78902E-05 -5.95250E-05 
-5.12024E-05 -6.22813E-05 
-5.48627E-05 -6.52977E-05 
-5.79792E-05 -6.78238E-05 
-5.89433E-05 -6.85956E-05 
-6.39073E-05 -7.24883E-05 
-6.95671E-05 -7.67484E-05 
-7.60472E-05 -8.13893E-05 
-8.34827E-05 -8.64182E-05 
-9.25608E-05 -9.10320E-05 
-1.03168E-04 -9.67350E-05 
-1.15255E-04 -1.02860E-04 
-1.29022E-04 -1.09399E-04 
-1.44694E-04 -1.16337E-04 
-1.62541E-04 -1.23654E-04 
-1.82972E-04 -1.31350E-04 
-2.06871E-04 -1.39521E-04 
-2.36814E-04 -1.48605E-04 
-2.79786E-04 -1.59825E-04 
-3.46065E-04 -1.74554E-04 
-4.33072E-04 -1.90990E-04 
-5.21594E-04 -2.04664E-04 
-4.27336E-05 -5.73560E-05 
-4.50200E-05 -5.93052E-05 
-4.86038E-05 -6.26781E-05 
-5.17767E-05 -6.52119E-05 
-5.52104E-05 -6.79807E-05 
-5.89661E-05 -7.10097E-05 
-6.31142E-05 -7.43217E-05 
-6.66431E-05 -7.70911E-05 
-6.77340E-05 -7.79362E-05 
-7.33450E-05 -8.21903E-05 
-7.97281E-05 -8.68288E-05 
-8.70153E-05 -9.18600E-05 
-9.53487E-05 -9.72854E-05 
-1.05345E-04 -1.02156E-04 
-1.17042E-04 -1.08227E-04 
-1.30328E-04 -1.14716E-04 
-1.45409E-04 -1.21605E-04 
-1.62514E-04 -1.28867E-04 
-1.81923E-04 -1.36472E-04 
-2.04056E-04 -1.44402E-04 
-2.29847E-04 -1.52725E-04 
-2.62042E-04 -1.61810E-04 
-3.08089E-04 -1.72697E-04 
-3.78868E-04 -1.86461E-04 
-4.71363E-04 -2.01290E-04 
-5.64883E-04 -2.13139E-04 
-4.94909E-05 -6.58398E-05 
-5.20880E-05 -6.79853E-05 
-5.62175E-05 -7.16882E-05 
-5.98096E-05 -7.44597E-05 
-6.36971E-05 -7.74931E-05 
-6.79487E-05 -8.08122E-05 
-7.26422E-05 -8.44377E-05 
-7.66316E-05 -8.74639E-05 
-7.78641E-05 -8.83862E-05 
-8.41960E-05 -9.30198E-05 
-9.13821E-05 -9.80526E-05 
-9.95618E-05 -1.03487E-04 
-1.08883E-04 -1.09318E-04 
-1.19869E-04 -1.14437E-04 
-1.32746E-04 -1.20878E-04 
-1.47324E-04 -1.27727E-04 
-1.63814E-04 -1.34955E-04 
-1.82450E-04 -1.42525E-04 
-2.03516E-04 -1.50389E-04 
-2.27446E-04 -1.58512E-04 
-2.55221E-04 -1.66926E-04 
-2.89757E-04 -1.75911E-04 
-3.38971E-04 -1.86266E-04 
-4.14335E-04 -1.98697E-04 
-5.12361E-04 -2.11419E-04 
-6.10839E-04 -2.20974E-04 
-5.73768E-05 -7.54309E-05 
-6.03195E-05 -7.77885E-05 
-6.50739E-05 -8.18244E-05 
-6.91313E-05 -8.48480E-05 
-7.35240E-05 -8.81621E-05 
-7.83282E-05 -9.17885E-05 
-8.36294E-05 -9.57450E-05 
-8.81316E-05 -9.90412E-05 
-8.95215E-05 -1.00044E-04 
-9.66539E-05 -1.05074E-04 
-1.04729E-04 -1.10515E-04 
-1.13892E-04 -1.16363E-04 
-1.24297E-04 -1.22606E-04 
-1.36346E-04 -1.27958E-04 
-1.50496E-04 -1.34769E-04 
-1.66461E-04 -1.41970E-04 
-1.84458E-04 -1.49523E-04 
-2.04722E-04 -1.57374E-04 
-2.27542E-04 -1.65461E-04 
-2.53361E-04 -1.73727E-04 
-2.83207E-04 -1.82161E-04 
-3.20164E-04 -1.90926E-04 
-3.72617E-04 -2.00518E-04 
-4.52612E-04 -2.11190E-04 
-5.56151E-04 -2.21232E-04 
-6.59485E-04 -2.27964E-04 
-6.65642E-05 -8.62442E-05 
-6.98899E-05 -8.88311E-05 
-7.53586E-05 -9.31922E-05 
-7.99312E-05 -9.64824E-05 
-8.48845E-05 -1.00093E-04 
-9.03027E-05 -1.04044E-04 
-9.62791E-05 -1.08348E-04 
-1.01350E-04 -1.11926E-04 
-1.02915E-04 -1.13014E-04 
-1.10933E-04 -1.18454E-04 
-1.19988E-04 -1.24314E-04 
-1.30230E-04 -1.30583E-04 
-1.41819E-04 -1.37239E-04 
-1.55007E-04 -1.42807E-04 
-1.70525E-04 -1.49981E-04 
-1.87977E-04 -1.57523E-04 
-2.07580E-04 -1.65378E-04 
-2.29572E-04 -1.73479E-04 
-2.54240E-04 -1.81745E-04 
-2.82037E-04 -1.90092E-04 
-3.14034E-04 -1.98458E-04 
-3.53481E-04 -2.06866E-04 
-4.09219E-04 -2.15429E-04 
-4.93842E-04 -2.23849E-04 
-6.02807E-04 -2.30558E-04 
-7.10820E-04 -2.33873E-04 
-7.72479E-05 -9.84017E-05 
-8.09967E-05 -1.01237E-04 
-8.72803E-05 -1.05900E-04 
-9.24213E-05 -1.09472E-04 
-9.79948E-05 -1.13396E-04 
-1.04093E-04 -1.17686E-04 
-1.10817E-04 -1.22353E-04 
-1.16518E-04 -1.26224E-04 
-1.18275E-04 -1.27399E-04 
-1.27271E-04 -1.33261E-04 
-1.37402E-04 -1.39549E-04 
-1.48826E-04 -1.46242E-04 
-1.61702E-04 -1.53310E-04 
-1.76105E-04 -1.59067E-04 
-1.93089E-04 -1.66596E-04 
-2.12128E-04 -1.74459E-04 
-2.33438E-04 -1.82588E-04 
-2.57255E-04 -1.90898E-04 
-2.83864E-04 -1.99287E-04 
-3.13725E-04 -2.07643E-04 
-3.47944E-04 -2.15842E-04 
-3.89934E-04 -2.23730E-04 
-4.48974E-04 -2.30956E-04 
-5.38165E-04 -2.36561E-04 
-6.52383E-04 -2.39195E-04 
-7.64816E-04 -2.38431E-04 
-8.96484E-05 -1.12030E-04 
-9.38637E-05 -1.15134E-04 
-1.01074E-04 -1.20058E-04 
-1.06840E-04 -1.23925E-04 
-1.13098E-04 -1.28177E-04 
-1.19948E-04 -1.32823E-04 
-1.27497E-04 -1.37867E-04 
-1.33892E-04 -1.42040E-04 
-1.35862E-04 -1.43304E-04 
-1.45930E-04 -1.49598E-04 
-1.57240E-04 -1.56318E-04 
-1.69951E-04 -1.63434E-04 
-1.84224E-04 -1.70906E-04 
-1.99914E-04 -1.76823E-04 
-2.18467E-04 -1.84691E-04 
-2.39195E-04 -1.92850E-04 
-2.62312E-04 -2.01216E-04 
-2.88050E-04 -2.09684E-04 
-3.16690E-04 -2.18131E-04 
-3.48691E-04 -2.26410E-04 
-3.85197E-04 -2.34323E-04 
-4.29766E-04 -2.41506E-04 
-4.92088E-04 -2.47041E-04 
-5.85716E-04 -2.49188E-04 
-7.04918E-04 -2.46908E-04 
-8.21409E-04 -2.41327E-04 
-1.04016E-04 -1.27257E-04 
-1.08744E-04 -1.30653E-04 
-1.17006E-04 -1.35770E-04 
-1.23457E-04 -1.39948E-04 
-1.30467E-04 -1.44543E-04 
-1.38143E-04 -1.49559E-04 
-1.46601E-04 -1.54991E-04 
-1.53758E-04 -1.59474E-04 
-1.55961E-04 -1.60830E-04 
-1.67204E-04 -1.67561E-04 
-1.79799E-04 -1.74714E-04 
-1.93905E-04 -1.82248E-04 
-2.09685E-04 -1.90113E-04 
-2.26737E-04 -1.96150E-04 
-2.46960E-04 -2.04337E-04 
-2.69478E-04 -2.12760E-04 
-2.94502E-04 -2.21317E-04 
-3.22256E-04 -2.29882E-04 
-3.53010E-04 -2.38307E-04 
-3.87223E-04 -2.46407E-04 
-4.26063E-04 -2.53899E-04 
-4.73225E-04 -2.60163E-04 
-5.38767E-04 -2.63603E-04 
-6.36619E-04 -2.61562E-04 
-7.60419E-04 -2.53425E-04 
-8.80495E-04 -2.42212E-04 
-1.20634E-04 -1.44208E-04 
-1.25925E-04 -1.47921E-04 
-1.35373E-04 -1.53131E-04 
-1.42573E-04 -1.57635E-04 
-1.50407E-04 -1.62588E-04 
-1.58990E-04 -1.67986E-04 
-1.68442E-04 -1.73818E-04 
-1.76432E-04 -1.78617E-04 
-1.78889E-04 -1.80065E-04 
-1.91414E-04 -1.87237E-04 
-2.05402E-04 -1.94821E-04 
-2.21017E-04 -2.02763E-04 
-2.38416E-04 -2.11003E-04 
-2.56896E-04 -2.17119E-04 
-2.78893E-04 -2.25596E-04 
-3.03305E-04 -2.34242E-04 
-3.30333E-04 -2.42932E-04 
-3.60190E-04 -2.51520E-04 
-3.93136E-04 -2.59829E-04 
-4.29620E-04 -2.67633E-04 
-4.70829E-04 -2.74547E-04 
-5.20572E-04 -2.79647E-04 
-5.89219E-04 -2.80535E-04 
-6.90986E-04 -2.73482E-04 
-8.18865E-04 -2.58435E-04 
-9.41922E-04 -2.40696E-04 
-1.39823E-04 -1.63000E-04 
-1.45731E-04 -1.67059E-04 
-1.56512E-04 -1.72222E-04 
-1.64527E-04 -1.77069E-04 
-1.73260E-04 -1.82395E-04 
-1.82832E-04 -1.88189E-04 
-1.93369E-04 -1.94431E-04 
-2.02266E-04 -1.99550E-04 
-2.05000E-04 -2.01092E-04 
-2.18913E-04 -2.08705E-04 
-2.34408E-04 -2.16713E-04 
-2.51643E-04 -2.25050E-04 
-2.70774E-04 -2.33642E-04 
-2.90746E-04 -2.39788E-04 
-3.14620E-04 -2.48520E-04 
-3.41024E-04 -2.57336E-04 
-3.70150E-04 -2.66091E-04 
-4.02196E-04 -2.74613E-04 
-4.37402E-04 -2.82697E-04 
-4.76205E-04 -2.90066E-04 
-5.19799E-04 -2.96222E-04 
-5.72079E-04 -2.99882E-04 
-6.43656E-04 -2.97701E-04 
-7.48914E-04 -2.84711E-04 
-8.80195E-04 -2.61582E-04 
-1.00548E-03 -2.36341E-04 
-1.61945E-04 -1.83734E-04 
-1.68525E-04 -1.88171E-04 
-1.80794E-04 -1.93098E-04 
-1.89691E-04 -1.98307E-04 
-1.99400E-04 -2.04025E-04 
-2.10046E-04 -2.10229E-04 
-2.21761E-04 -2.16890E-04 
-2.31640E-04 -2.22334E-04 
-2.34673E-04 -2.23970E-04 
-2.50085E-04 -2.32024E-04 
-2.67198E-04 -2.40446E-04 
-2.86167E-04 -2.49160E-04 
-3.07142E-04 -2.58076E-04 
-3.28659E-04 -2.64199E-04 
-3.54513E-04 -2.73140E-04 
-3.83008E-04 -2.82064E-04 
-4.14322E-04 -2.90800E-04 
-4.48631E-04 -2.99151E-04 
-4.86157E-04 -3.06880E-04 
-5.27310E-04 -3.13657E-04 
-5.73284E-04 -3.18849E-04 
-6.28022E-04 -3.20754E-04 
-7.02283E-04 -3.14923E-04 
-8.10472E-04 -2.94966E-04 
-9.44297E-04 -2.62465E-04 
-1.07089E-03 -2.28667E-04 
-1.87401E-04 -2.06490E-04 
-1.94714E-04 -2.11342E-04 
-2.08629E-04 -2.15788E-04 
-2.18477E-04 -2.21384E-04 
-2.29239E-04 -2.27513E-04 
-2.41047E-04 -2.34143E-04 
-2.54032E-04 -2.41235E-04 
-2.64969E-04 -2.47009E-04 
-2.68323E-04 -2.48741E-04 
-2.85343E-04 -2.57233E-04 
-3.04186E-04 -2.66060E-04 
-3.25001E-04 -2.75129E-04 
-3.47928E-04 -2.84336E-04 
-3.71037E-04 -2.90376E-04 
-3.98971E-04 -2.99472E-04 
-4.29652E-04 -3.08425E-04 
-4.63236E-04 -3.17042E-04 
-4.99878E-04 -3.25097E-04 
-5.39767E-04 -3.32320E-04 
-5.83287E-04 -3.38321E-04 
-6.31608E-04 -3.42315E-04 
-6.88682E-04 -3.42113E-04 
-7.65297E-04 -3.31983E-04 
-8.75706E-04 -3.03918E-04 
-1.01101E-03 -2.60631E-04 
-1.13779E-03 -2.17146E-04 
-2.16637E-04 -2.31318E-04 
-2.24747E-04 -2.36630E-04 
-2.40465E-04 -2.40282E-04 
-2.51330E-04 -2.46296E-04 
-2.63223E-04 -2.52863E-04 
-2.76278E-04 -2.59942E-04 
-2.90625E-04 -2.67480E-04 
-3.02696E-04 -2.73590E-04 
-3.06394E-04 -2.75418E-04 
-3.25131E-04 -2.84348E-04 
-3.45814E-04 -2.93567E-04 
-3.68583E-04 -3.02967E-04 
-3.93569E-04 -3.12425E-04 
-4.18302E-04 -3.18322E-04 
-4.48415E-04 -3.27502E-04 
-4.81372E-04 -3.36391E-04 
-5.17304E-04 -3.44767E-04 
-5.56335E-04 -3.52378E-04 
-5.98619E-04 -3.58917E-04 
-6.44500E-04 -3.63932E-04 
-6.95107E-04 -3.66462E-04 
-7.54347E-04 -3.63757E-04 
-8.32890E-04 -3.48610E-04 
-9.44623E-04 -3.11182E-04 
-1.08010E-03 -2.55577E-04 
-1.20573E-03 -2.01209E-04 
-2.50142E-04 -2.58228E-04 
-2.59116E-04 -2.64052E-04 
-2.76779E-04 -2.66526E-04 
-2.88726E-04 -2.73000E-04 
-3.01827E-04 -2.80042E-04 
-3.16212E-04 -2.87598E-04 
-3.32013E-04 -2.95603E-04 
-3.45289E-04 -3.02061E-04 
-3.49353E-04 -3.03986E-04 
-3.69914E-04 -3.13354E-04 
-3.92543E-04 -3.22953E-04 
-4.17373E-04 -3.32655E-04 
-4.44519E-04 -3.42318E-04 
-4.70896E-04 -3.48009E-04 
-5.03286E-04 -3.57185E-04 
-5.38604E-04 -3.65893E-04 
-5.76953E-04 -3.73883E-04 
-6.18418E-04 -3.80874E-04 
-6.63111E-04 -3.86522E-04 
-7.11324E-04 -3.90308E-04 
-7.64123E-04 -3.91071E-04 
-8.25300E-04 -3.85423E-04 
-9.05232E-04 -3.64469E-04 
-1.01719E-03 -3.16313E-04 
-1.15125E-03 -2.46742E-04 
-1.27418E-03 -1.80239E-04 
-2.88443E-04 -2.87181E-04 
-2.98349E-04 -2.93580E-04 
-3.18074E-04 -2.94414E-04 
-3.31166E-04 -3.01406E-04 
-3.45545E-04 -3.08973E-04 
-3.61342E-04 -3.17047E-04 
-3.78683E-04 -3.25549E-04 
-3.93237E-04 -3.32369E-04 
-3.97689E-04 -3.34395E-04 
-4.20175E-04 -3.44206E-04 
-4.44856E-04 -3.54170E-04 
-4.71848E-04 -3.64140E-04 
-5.01253E-04 -3.73952E-04 
-5.29281E-04 -3.79371E-04 
-5.64042E-04 -3.88434E-04 
-6.01804E-04 -3.96817E-04 
-6.42629E-04 -4.04243E-04 
-6.86560E-04 -4.10404E-04 
-7.33655E-04 -4.14920E-04 
-7.84144E-04 -4.17196E-04 
-8.39000E-04 -4.15853E-04 
-9.01822E-04 -4.06774E-04 
-9.82478E-04 -3.79149E-04 
-1.09333E-03 -3.18794E-04 
-1.22409E-03 -2.33510E-04 
-1.34247E-03 -1.53585E-04 
-3.32821E-04 -3.18573E-04 
-3.43749E-04 -3.25635E-04 
-3.65640E-04 -3.24254E-04 
-3.79951E-04 -3.31853E-04 
-3.95698E-04 -3.40022E-04 
-4.13007E-04 -3.48678E-04 
-4.32000E-04 -3.57728E-04 
-4.47922E-04 -3.64936E-04 
-4.52788E-04 -3.67069E-04 
-4.77333E-04 -3.77336E-04 
-5.04201E-04 -3.87655E-04 
-5.33494E-04 -3.97854E-04 
-5.65293E-04 -4.07744E-04 
-5.94989E-04 -4.12819E-04 
-6.32255E-04 -4.21622E-04 
-6.72575E-04 -4.29492E-04 
-7.15967E-04 -4.36126E-04 
-7.62418E-04 -4.41187E-04 
-8.11924E-04 -4.44260E-04 
-8.64633E-04 -4.44674E-04 
-9.21394E-04 -4.40801E-04 
-9.85509E-04 -4.27687E-04 
-1.06607E-03 -3.92336E-04 
-1.17414E-03 -3.17987E-04 
-1.29927E-03 -2.14879E-04 
-1.41083E-03 -1.19997E-04 
-3.82489E-04 -3.51262E-04 
-3.94500E-04 -3.59070E-04 
-4.18516E-04 -3.54904E-04 
-4.34080E-04 -3.63206E-04 
-4.51238E-04 -3.72059E-04 
-4.70110E-04 -3.81361E-04 
-4.90811E-04 -3.91002E-04 
-5.08150E-04 -3.98620E-04 
-5.13444E-04 -4.00863E-04 
-5.40118E-04 -4.11588E-04 
-5.69244E-04 -4.22231E-04 
-6.00905E-04 -4.32598E-04 
-6.35158E-04 -4.42473E-04 
-6.66474E-04 -4.47137E-04 
-7.06302E-04 -4.55501E-04 
-7.49212E-04 -4.62640E-04 
-7.95170E-04 -4.68228E-04 
-8.44100E-04 -4.71905E-04 
-8.95923E-04 -4.73223E-04 
-9.50693E-04 -4.71433E-04 
-1.00909E-03 -4.64638E-04 
-1.07402E-03 -4.46965E-04 
-1.15350E-03 -4.03007E-04 
-1.25692E-03 -3.13230E-04 
-1.37385E-03 -1.90690E-04 
-1.47621E-03 -7.98109E-05 
-4.38693E-04 -3.85487E-04 
-4.51869E-04 -3.94153E-04 
-4.77893E-04 -3.86562E-04 
-4.94759E-04 -3.95704E-04 
-5.13391E-04 -4.05354E-04 
-5.33902E-04 -4.15393E-04 
-5.56397E-04 -4.25691E-04 
-5.75223E-04 -4.33747E-04 
-5.80968E-04 -4.36105E-04 
-6.09877E-04 -4.47289E-04 
-6.41372E-04 -4.58219E-04 
-6.75510E-04 -4.68672E-04 
-7.12322E-04 -4.78405E-04 
-7.45224E-04 -4.82581E-04 
-7.87712E-04 -4.90270E-04 
-8.33280E-04 -4.96398E-04 
-8.81831E-04 -5.00617E-04 
-9.33216E-04 -5.02550E-04 
-9.87270E-04 -5.01724E-04 
-1.04393E-03 -4.97310E-04 
-1.10368E-03 -4.87119E-04 
-1.16886E-03 -4.64259E-04 
-1.24608E-03 -4.10652E-04 
-1.34259E-03 -3.03756E-04 
-1.44828E-03 -1.59913E-04 
-1.53861E-03 -3.18485E-05 
-5.02011E-04 -4.20934E-04 
-5.16443E-04 -4.30588E-04 
-5.44204E-04 -4.18933E-04 
-5.62424E-04 -4.29084E-04 
-5.82598E-04 -4.39671E-04 
-6.04831E-04 -4.50553E-04 
-6.29215E-04 -4.61576E-04 
-6.49608E-04 -4.70097E-04 
-6.55828E-04 -4.72575E-04 
-6.87093E-04 -4.84201E-04 
-7.21081E-04 -4.95351E-04 
-7.57820E-04 -5.05769E-04 
-7.97307E-04 -5.15185E-04 
-8.31758E-04 -5.18779E-04 
-8.77007E-04 -5.25489E-04 
-9.25296E-04 -5.30251E-04 
-9.76451E-04 -5.32706E-04 
-1.03024E-03 -5.32469E-04 
-1.08640E-03 -5.29047E-04 
-1.14474E-03 -5.21536E-04 
-1.20546E-03 -5.07432E-04 
-1.27023E-03 -4.78719E-04 
-1.34381E-03 -4.14393E-04 
-1.43078E-03 -2.88685E-04 
-1.52167E-03 -1.21730E-04 
-1.59677E-03 2.45657E-05 
-5.72987E-04 -4.57219E-04 
-5.88782E-04 -4.68007E-04 
-6.17800E-04 -4.51719E-04 
-6.37437E-04 -4.63078E-04 
-6.59239E-04 -4.74758E-04 
-6.83294E-04 -4.86592E-04 
-7.09683E-04 -4.98402E-04 
-7.31743E-04 -5.07401E-04 
-7.38467E-04 -5.09994E-04 
-7.72236E-04 -5.22012E-04 
-8.08867E-04 -5.33265E-04 
-8.48354E-04 -5.43466E-04 
-8.90652E-04 -5.52318E-04 
-9.26615E-04 -5.55210E-04 
-9.74731E-04 -5.60547E-04 
-1.02580E-03 -5.63501E-04 
-1.07955E-03 -5.63713E-04 
-1.13566E-03 -5.60801E-04 
-1.19376E-03 -5.54265E-04 
-1.25348E-03 -5.43130E-04 
-1.31473E-03 -5.24555E-04 
-1.37829E-03 -4.89303E-04 
-1.44659E-03 -4.13189E-04 
-1.52095E-03 -2.67033E-04 
-1.59299E-03 -7.53046E-05 
-1.64924E-03 9.00475E-05 
-6.52222E-04 -4.93958E-04 
-6.69514E-04 -5.06035E-04 
-6.99038E-04 -4.84692E-04 
-7.20192E-04 -4.97477E-04 
-7.43740E-04 -5.10410E-04 
-7.69761E-04 -5.23296E-04 
-7.98314E-04 -5.35925E-04 
-8.22171E-04 -5.45380E-04 
-8.29440E-04 -5.48075E-04 
-8.65907E-04 -5.60370E-04 
-9.05376E-04 -5.71529E-04 
-9.47798E-04 -5.81239E-04 
-9.93074E-04 -5.89179E-04 
-1.03052E-03 -5.91206E-04 
-1.08162E-03 -5.94660E-04 
-1.13551E-03 -5.95255E-04 
-1.19183E-03 -5.92643E-04 
-1.25014E-03 -5.86461E-04 
-1.30994E-03 -5.76220E-04 
-1.37068E-03 -5.60877E-04 
-1.43190E-03 -5.37240E-04 
-1.49329E-03 -4.94750E-04 
-1.55441E-03 -4.05805E-04 
-1.61261E-03 -2.37669E-04 
-1.66113E-03 -1.97217E-05 
-1.69443E-03 1.65222E-04 
-7.39941E-04 -5.30596E-04 
-7.58905E-04 -5.44106E-04 
-7.87846E-04 -5.17577E-04 
-8.10666E-04 -5.31995E-04 
-8.36140E-04 -5.46311E-04 
-8.64324E-04 -5.60296E-04 
-8.95259E-04 -5.73710E-04 
-9.21092E-04 -5.83536E-04 
-9.28958E-04 -5.86299E-04 
-9.68374E-04 -5.98648E-04 
-1.01093E-03 -6.09399E-04 
-1.05651E-03 -6.18215E-04 
-1.10496E-03 -6.24763E-04 
-1.14389E-03 -6.25697E-04 
-1.19807E-03 -6.26630E-04 
-1.25481E-03 -6.24194E-04 
-1.31361E-03 -6.18077E-04 
-1.37393E-03 -6.07952E-04 
-1.43512E-03 -5.93356E-04 
-1.49643E-03 -5.73194E-04 
-1.55694E-03 -5.43906E-04 
-1.61502E-03 -4.93526E-04 
-1.66676E-03 -3.90836E-04 
-1.70474E-03 -1.99475E-04 
-1.72451E-03 4.56871E-05 
-1.73037E-03 2.50279E-04 
-8.36327E-04 -5.66627E-04 
-8.57200E-04 -5.81672E-04 
-8.84074E-04 -5.50260E-04 
-9.08804E-04 -5.66462E-04 
-9.36473E-04 -5.82211E-04 
-9.67116E-04 -5.97244E-04 
-1.00074E-03 -6.11288E-04 
-1.02879E-03 -6.21298E-04 
-1.03733E-03 -6.24063E-04 
-1.08003E-03 -6.36086E-04 
-1.12598E-03 -6.45945E-04 
-1.17501E-03 -6.53294E-04 
-1.22687E-03 -6.57801E-04 
-1.26729E-03 -6.57323E-04 
-1.32465E-03 -6.54946E-04 
-1.38421E-03 -6.48682E-04 
-1.44536E-03 -6.38273E-04 
-1.50742E-03 -6.23456E-04 
-1.56957E-03 -6.03814E-04 
-1.63086E-03 -5.78213E-04 
-1.68983E-03 -5.42711E-04 
-1.74329E-03 -4.83872E-04 
-1.78309E-03 -3.66719E-04 
-1.79629E-03 -1.51283E-04 
-1.78145E-03 1.21511E-04 
-1.75495E-03 3.45218E-04 
-9.41310E-04 -6.01537E-04 
-9.64428E-04 -6.18127E-04 
-9.87316E-04 -5.82741E-04 
-1.01434E-03 -6.00748E-04 
-1.04461E-03 -6.17829E-04 
-1.07813E-03 -6.33687E-04 
-1.11488E-03 -6.48021E-04 
-1.14548E-03 -6.57874E-04 
-1.15478E-03 -6.60528E-04 
-1.20120E-03 -6.71624E-04 
-1.25094E-03 -6.79887E-04 
-1.30375E-03 -6.84980E-04 
-1.35927E-03 -6.86597E-04 
-1.40124E-03 -6.84272E-04 
-1.46183E-03 -6.77641E-04 
-1.52412E-03 -6.66626E-04 
-1.58738E-03 -6.51053E-04 
-1.65078E-03 -6.30746E-04 
-1.71335E-03 -6.05358E-04 
-1.77388E-03 -5.73728E-04 
-1.83032E-03 -5.31533E-04 
-1.87760E-03 -4.63817E-04 
-1.90260E-03 -3.31785E-04 
-1.88589E-03 -9.20031E-05 
-1.82999E-03 2.08034E-04 
-1.76584E-03 4.49570E-04 
-1.05476E-03 -6.34882E-04 
-1.08059E-03 -6.52863E-04 
-1.09713E-03 -6.15183E-04 
-1.12702E-03 -6.34791E-04 
-1.16049E-03 -6.52856E-04 
-1.19749E-03 -6.69055E-04 
-1.23794E-03 -6.83068E-04 
-1.27152E-03 -6.92212E-04 
-1.28171E-03 -6.94583E-04 
-1.33239E-03 -7.03860E-04 
-1.38641E-03 -7.09547E-04 
-1.44338E-03 -7.11339E-04 
-1.50283E-03 -7.08986E-04 
-1.54643E-03 -7.04233E-04 
-1.61021E-03 -6.92253E-04 
-1.67504E-03 -6.75459E-04 
-1.74005E-03 -6.53789E-04 
-1.80425E-03 -6.27182E-04 
-1.86652E-03 -5.95383E-04 
-1.92537E-03 -5.57219E-04 
-1.97808E-03 -5.07984E-04 
-2.01738E-03 -4.31194E-04 
-2.02432E-03 -2.84278E-04 
-1.97200E-03 -2.06288E-05 
-1.86798E-03 3.05264E-04 
-1.76052E-03 5.62447E-04 
-1.17634E-03 -6.66209E-04 
-1.20554E-03 -6.85167E-04 
-1.21299E-03 -6.47783E-04 
-1.24657E-03 -6.68431E-04 
-1.28405E-03 -6.86768E-04 
-1.32533E-03 -7.02456E-04 
-1.37024E-03 -7.15176E-04 
-1.40734E-03 -7.22790E-04 
-1.41856E-03 -7.24627E-04 
-1.47417E-03 -7.30844E-04 
-1.53299E-03 -7.32656E-04 
-1.59451E-03 -7.29829E-04 
-1.65812E-03 -7.22202E-04 
-1.70344E-03 -7.14282E-04 
-1.77026E-03 -6.95748E-04 
-1.83727E-03 -6.72094E-04 
-1.90346E-03 -6.43401E-04 
-1.96771E-03 -6.09747E-04 
-2.02873E-03 -5.70987E-04 
-2.08477E-03 -5.25948E-04 
-2.13233E-03 -4.69548E-04 
-2.16162E-03 -3.83812E-04 
-2.14689E-03 -2.22579E-04 
-2.05273E-03 6.34563E-05 
-1.89303E-03 4.12536E-04 
-1.73638E-03 6.82111E-04 
-1.30526E-03 -6.94848E-04 
-1.33868E-03 -7.14006E-04 
-1.33408E-03 -6.80470E-04 
-1.37246E-03 -7.01110E-04 
-1.41503E-03 -7.18527E-04 
-1.46157E-03 -7.32394E-04 
-1.51185E-03 -7.42417E-04 
-1.55310E-03 -7.47367E-04 
-1.56552E-03 -7.48335E-04 
-1.62676E-03 -7.49873E-04 
-1.69092E-03 -7.46192E-04 
-1.75732E-03 -7.37174E-04 
-1.82522E-03 -7.22785E-04 
-1.87235E-03 -7.10810E-04 
-1.94184E-03 -6.84486E-04 
-2.01045E-03 -6.52931E-04 
-2.07701E-03 -6.16391E-04 
-2.14031E-03 -5.75103E-04 
-2.19890E-03 -5.29045E-04 
-2.25075E-03 -4.77048E-04 
-2.29151E-03 -4.13676E-04 
-2.30849E-03 -3.19554E-04 
-2.26817E-03 -1.45300E-04 
-2.12551E-03 1.60393E-04 
-1.90217E-03 5.28458E-04 
-1.69040E-03 8.05962E-04 
-1.44112E-03 -7.20013E-04 
-1.47986E-03 -7.38117E-04 
-1.46028E-03 -7.12844E-04 
-1.50488E-03 -7.31808E-04 
-1.55382E-03 -7.46534E-04 
-1.60682E-03 -7.56736E-04 
-1.66348E-03 -7.62179E-04 
-1.70956E-03 -7.63009E-04 
-1.72336E-03 -7.62683E-04 
-1.79092E-03 -7.57556E-04 
-1.86086E-03 -7.46487E-04 
-1.93234E-03 -7.29515E-04 
-2.00444E-03 -7.06776E-04 
-2.05339E-03 -6.89742E-04 
-2.12491E-03 -6.54477E-04 
-2.19421E-03 -6.14136E-04 
-2.26004E-03 -5.69148E-04 
-2.32106E-03 -5.19918E-04 
-2.37575E-03 -4.66543E-04 
-2.42178E-03 -4.07865E-04 
-2.45387E-03 -3.38116E-04 
-2.45603E-03 -2.36698E-04 
-2.38590E-03 -5.15819E-05 
-2.18777E-03 2.69607E-04 
-1.89267E-03 6.50747E-04 
-1.61997E-03 9.30452E-04 
-1.58377E-03 -7.40324E-04 
-1.62912E-03 -7.55559E-04 
-1.59209E-03 -7.43540E-04 
-1.64453E-03 -7.58469E-04 
-1.70132E-03 -7.68112E-04 
-1.76201E-03 -7.72270E-04 
-1.82608E-03 -7.70807E-04 
-1.87760E-03 -7.65777E-04 
-1.89293E-03 -7.63663E-04 
-1.96736E-03 -7.49613E-04 
-2.04330E-03 -7.29103E-04 
-2.11976E-03 -7.02365E-04 
-2.19567E-03 -6.69744E-04 
-2.24630E-03 -6.46615E-04 
-2.31880E-03 -6.01509E-04 
-2.38751E-03 -5.51819E-04 
-2.45111E-03 -4.98157E-04 
-2.50822E-03 -4.41089E-04 
-2.55722E-03 -3.80821E-04 
-2.59556E-03 -3.16195E-04 
-2.61690E-03 -2.41160E-04 
-2.60155E-03 -1.34146E-04 
-2.49725E-03 5.86935E-05 
-2.23656E-03 3.89618E-04 
-1.86166E-03 7.76093E-04 
-1.52264E-03 1.05102E-03 
-1.73319E-03 -7.53481E-04 
-1.78657E-03 -7.63465E-04 
-1.73055E-03 -7.69743E-04 
-1.79258E-03 -7.77616E-04 
-1.85868E-03 -7.79239E-04 
-1.92824E-03 -7.74540E-04 
-2.00058E-03 -7.63532E-04 
-2.05798E-03 -7.50744E-04 
-2.07494E-03 -7.46313E-04 
-2.15643E-03 -7.21006E-04 
-2.23822E-03 -6.89046E-04 
-2.31914E-03 -6.50897E-04 
-2.39799E-03 -6.07127E-04 
-2.44994E-03 -5.76964E-04 
-2.52191E-03 -5.21569E-04 
-2.58831E-03 -4.62465E-04 
-2.64781E-03 -4.00436E-04 
-2.69902E-03 -3.36180E-04 
-2.74029E-03 -2.69986E-04 
-2.76884E-03 -2.00679E-04 
-2.77722E-03 -1.21991E-04 
-2.74162E-03 -1.17400E-05 
-2.59878E-03 1.84652E-04 
-2.26860E-03 5.17902E-04 
-1.80632E-03 9.00160E-04 
-1.39631E-03 1.16221E-03 
-1.89045E-03 -7.55934E-04 
-1.95326E-03 -7.57804E-04 
-1.87819E-03 -7.86735E-04 
-1.95140E-03 -7.84043E-04 
-2.02803E-03 -7.74361E-04 
-2.10729E-03 -7.57793E-04 
-2.18834E-03 -7.34537E-04 
-2.25171E-03 -7.12135E-04 
-2.27028E-03 -7.04886E-04 
-2.35850E-03 -6.66195E-04 
-2.44538E-03 -6.21115E-04 
-2.52964E-03 -5.70348E-04 
-2.61000E-03 -5.14688E-04 
-2.66255E-03 -4.76813E-04 
-2.73195E-03 -4.11338E-04 
-2.79385E-03 -3.43432E-04 
-2.84696E-03 -2.74013E-04 
-2.88996E-03 -2.03867E-04 
-2.92124E-03 -1.33322E-04 
-2.93778E-03 -6.11719E-05 
-2.93096E-03 1.89853E-05 
-2.87242E-03 1.29475E-04 
-2.68690E-03 3.24255E-04 
-2.28077E-03 6.50864E-04 
-1.72443E-03 1.01774E-03 
-1.23980E-03 1.25798E-03 
-2.05744E-03 -7.42653E-04 
-2.13078E-03 -7.33271E-04 
-2.03858E-03 -7.87714E-04 
-2.12410E-03 -7.70776E-04 
-2.21193E-03 -7.46497E-04 
-2.30113E-03 -7.15188E-04 
-2.39070E-03 -6.77261E-04 
-2.45959E-03 -6.43690E-04 
-2.47958E-03 -6.33221E-04 
-2.57344E-03 -5.79570E-04 
-2.66392E-03 -5.20346E-04 
-2.74968E-03 -4.56476E-04 
-2.82943E-03 -3.88952E-04 
-2.88146E-03 -3.43123E-04 
-2.94571E-03 -2.68598E-04 
-3.00047E-03 -1.93297E-04 
-3.04458E-03 -1.18211E-04 
-3.07685E-03 -4.41575E-05 
-3.09574E-03 2.85504E-05 
-3.09803E-03 1.01172E-04 
-3.07382E-03 1.80121E-04 
-2.98983E-03 2.87294E-04 
-2.75785E-03 4.74433E-04 
-2.27013E-03 7.84112E-04 
-1.61419E-03 1.12318E-03 
-1.05260E-03 1.33219E-03 
-2.23572E-03 -7.07343E-04 
-2.32010E-03 -6.83747E-04 
-2.21503E-03 -7.64103E-04 
-2.31309E-03 -7.29672E-04 
-2.41187E-03 -6.88079E-04 
-2.51027E-03 -6.39862E-04 
-2.60719E-03 -5.85649E-04 
-2.68044E-03 -5.40039E-04 
-2.70149E-03 -5.26156E-04 
-2.79893E-03 -4.56996E-04 
-2.89064E-03 -3.83669E-04 
-2.97529E-03 -3.07281E-04 
-3.05164E-03 -2.28969E-04 
-3.10156E-03 -1.75604E-04 
-3.15766E-03 -9.40257E-05 
-3.20238E-03 -1.36138E-05 
-3.23472E-03 6.46407E-05 
-3.25370E-03 1.39961E-04 
-3.25790E-03 2.12107E-04 
-3.24393E-03 2.82402E-04 
-3.20049E-03 3.57118E-04 
-3.08907E-03 4.57058E-04 
-2.80777E-03 6.29988E-04 
-2.23441E-03 9.11694E-04 
-1.47559E-03 1.21004E-03 
-8.36715E-04 1.37866E-03 
-2.42852E-03 -6.42600E-04 
-2.52362E-03 -6.02345E-04 
-2.41215E-03 -7.06222E-04 
-2.52184E-03 -6.51911E-04 
-2.63016E-03 -5.91249E-04 
-2.73593E-03 -5.24991E-04 
-2.83799E-03 -4.53967E-04 
-2.91366E-03 -3.96307E-04 
-2.93516E-03 -3.79071E-04 
-3.03317E-03 -2.95057E-04 
-3.12288E-03 -2.08846E-04 
-3.20307E-03 -1.21655E-04 
-3.27265E-03 -3.46848E-05 
-3.31842E-03 2.51022E-05 
-3.36308E-03 1.10858E-04 
-3.39465E-03 1.93341E-04 
-3.41240E-03 2.71639E-04 
-3.41559E-03 3.45090E-04 
-3.40297E-03 4.13579E-04 
-3.37096E-03 4.78488E-04 
-3.30678E-03 5.45766E-04 
-3.16638E-03 6.34382E-04 
-2.83364E-03 7.86246E-04 
-2.17189E-03 1.02856E-03 
-1.30853E-03 1.27318E-03 
-5.93539E-04 1.39272E-03 
-2.63756E-03 -5.41207E-04 
-2.74193E-03 -4.82896E-04 
-2.63244E-03 -6.04822E-04 
-2.75138E-03 -5.29730E-04 
-2.86648E-03 -4.49755E-04 
-2.97654E-03 -3.65839E-04 
-3.08038E-03 -2.78964E-04 
-3.15575E-03 -2.10362E-04 
-3.17689E-03 -1.90153E-04 
-3.27153E-03 -9.34067E-05 
-3.35527E-03 3.11238E-06 
-3.42709E-03 9.81679E-05 
-3.48614E-03 1.90588E-04 
-3.52538E-03 2.54909E-04 
-3.55523E-03 3.41193E-04 
-3.57064E-03 4.22097E-04 
-3.57121E-03 4.96865E-04 
-3.55645E-03 5.65014E-04 
-3.52531E-03 6.26597E-04 
-3.47396E-03 6.83029E-04 
-3.38811E-03 7.39720E-04 
-3.21793E-03 8.13032E-04 
-2.83279E-03 9.37134E-04 
-2.08184E-03 1.12901E-03 
-1.11478E-03 1.30775E-03 
-3.26825E-04 1.37074E-03 
-2.86347E-03 -3.97265E-04 
-2.97443E-03 -3.20915E-04 
-2.87643E-03 -4.52734E-04 
-3.00077E-03 -3.57807E-04 
-3.11857E-03 -2.60063E-04 
-3.22865E-03 -1.60570E-04 
-3.32993E-03 -6.04012E-05 
-3.40161E-03 1.68865E-05 
-3.42140E-03 3.93693E-05 
-3.50806E-03 1.45298E-04 
-3.58137E-03 2.48300E-04 
-3.64061E-03 3.47218E-04 
-3.68525E-03 4.41007E-04 
-3.71538E-03 5.07294E-04 
-3.72728E-03 5.89958E-04 
-3.72388E-03 6.65307E-04 
-3.70510E-03 7.32807E-04 
-3.67075E-03 7.92202E-04 
-3.61993E-03 8.43731E-04 
-3.54857E-03 8.88796E-04 
-3.44075E-03 9.32034E-04 
-3.24077E-03 9.86421E-04 
-2.80349E-03 1.07660E-03 
-1.96456E-03 1.20796E-03 
-8.96996E-04 1.31015E-03 
-4.10439E-05 1.31070E-03 
-3.10474E-03 -2.07957E-04 
-3.21844E-03 -1.15143E-04 
-3.14155E-03 -2.46795E-04 
-3.26613E-03 -1.34890E-04 
-3.38141E-03 -2.26912E-05 
-3.48634E-03 8.86812E-05 
-3.57999E-03 1.98143E-04 
-3.64421E-03 2.80862E-04 
-3.66157E-03 3.04647E-04 
-3.73526E-03 4.15050E-04 
-3.79356E-03 5.19764E-04 
-3.83607E-03 6.17811E-04 
-3.86264E-03 7.08361E-04 
-3.88107E-03 7.73552E-04 
-3.87239E-03 8.48307E-04 
-3.84810E-03 9.14143E-04 
-3.80846E-03 9.70791E-04 
-3.75355E-03 1.01825E-03 
-3.68259E-03 1.05693E-03 
-3.59121E-03 1.08817E-03 
-3.46182E-03 1.11557E-03 
-3.23284E-03 1.14800E-03 
-2.74494E-03 1.19900E-03 
-1.82126E-03 1.26128E-03 
-6.58776E-04 1.27831E-03 
2.58573E-04 1.21245E-03 
-3.35645E-03 2.62454E-05 
-3.46815E-03 1.32350E-04 
-3.42112E-03 1.16177E-05 
-3.53993E-03 1.35832E-04 
-3.64686E-03 2.57570E-04 
-3.74104E-03 3.75740E-04 
-3.82179E-03 4.89328E-04 
-3.87469E-03 5.73473E-04 
-3.88855E-03 5.97395E-04 
-3.94447E-03 7.06778E-04 
-3.98347E-03 8.07884E-04 
-4.00557E-03 8.99994E-04 
-4.01096E-03 9.82564E-04 
-4.01539E-03 1.04336E-03 
-3.98425E-03 1.10614E-03 
-3.93781E-03 1.15886E-03 
-3.87659E-03 1.20153E-03 
-3.80093E-03 1.23439E-03 
-3.71012E-03 1.25802E-03 
-3.59943E-03 1.27357E-03 
-3.44955E-03 1.28340E-03 
-3.19317E-03 1.29161E-03 
-2.65740E-03 1.29930E-03 
-1.65415E-03 1.28591E-03 
-4.04464E-04 1.21167E-03 
5.66298E-04 1.07751E-03 
-3.61104E-03 3.00550E-04 
-3.71553E-03 4.15446E-04 
-3.70518E-03 3.15789E-04 
-3.81189E-03 4.46286E-04 
-3.90452E-03 5.71524E-04 
-3.98245E-03 6.90517E-04 
-4.04527E-03 8.02393E-04 
-4.08335E-03 8.83590E-04 
-4.09274E-03 9.06396E-04 
-4.12665E-03 1.00900E-03 
-4.14280E-03 1.10113E-03 
-4.14158E-03 1.18237E-03 
-4.12358E-03 1.25252E-03 
-4.11215E-03 1.30566E-03 
-4.05765E-03 1.35300E-03 
-3.98869E-03 1.38966E-03 
-3.90607E-03 1.41593E-03 
-3.81030E-03 1.43227E-03 
-3.70067E-03 1.43936E-03 
-3.57206E-03 1.43810E-03 
-3.40344E-03 1.42936E-03 
-3.12198E-03 1.41195E-03 
-2.54219E-03 1.37360E-03 
-1.46631E-03 1.28020E-03 
-1.39039E-04 1.11133E-03 
8.76075E-04 9.09120E-04 
-3.85894E-03 6.05230E-04 
-3.95097E-03 7.23646E-04 
-3.98143E-03 6.53546E-04 
-4.06999E-03 7.83678E-04 
-4.14281E-03 9.05978E-04 
-4.19957E-03 1.01963E-03 
-4.24014E-03 1.12396E-03 
-4.26047E-03 1.19796E-03 
-4.26461E-03 1.21845E-03 
-4.27323E-03 1.30888E-03 
-4.26397E-03 1.38716E-03 
-4.23758E-03 1.45324E-03 
-4.19501E-03 1.50723E-03 
-4.16651E-03 1.54982E-03 
-4.08874E-03 1.57913E-03 
-3.99787E-03 1.59768E-03 
-3.89490E-03 1.60600E-03 
-3.78043E-03 1.60475E-03 
-3.65371E-03 1.59465E-03 
-3.50915E-03 1.57621E-03 
-3.32405E-03 1.54868E-03 
-3.02045E-03 1.50516E-03 
-2.40146E-03 1.41946E-03 
-1.26138E-03 1.24409E-03 
1.32340E-04 9.80047E-04 
1.18200E-03 7.12024E-04 
-4.08668E-03 9.26118E-04 
-4.16167E-03 1.04252E-03 
-4.23393E-03 1.00770E-03 
-4.29941E-03 1.13087E-03 
-4.34813E-03 1.24404E-03 
-4.38008E-03 1.34661E-03 
-4.39545E-03 1.43815E-03 
-4.39618E-03 1.50123E-03 
-4.39459E-03 1.51838E-03 
-4.37613E-03 1.59212E-03 
-4.34034E-03 1.65267E-03 
-4.28832E-03 1.70032E-03 
-4.22127E-03 1.73552E-03 
-4.17537E-03 1.76532E-03 
-4.07557E-03 1.77513E-03 
-3.96443E-03 1.77461E-03 
-3.84304E-03 1.76450E-03 
-3.71206E-03 1.74556E-03 
-3.57060E-03 1.71848E-03 
-3.41260E-03 1.68334E-03 
-3.21378E-03 1.63760E-03 
-2.89154E-03 1.56851E-03 
-2.23907E-03 1.43580E-03 
-1.04467E-03 1.17929E-03 
4.03007E-04 8.22694E-04 
1.47691E-03 4.93236E-04 
-4.28705E-03 1.25132E-03 
-4.34097E-03 1.36056E-03 
-4.45339E-03 1.36431E-03 
-4.49173E-03 1.47467E-03 
-4.51298E-03 1.57333E-03 
-4.51740E-03 1.65994E-03 
-4.50548E-03 1.73433E-03 
-4.48544E-03 1.78350E-03 
-4.47786E-03 1.79650E-03 
-4.43142E-03 1.85004E-03 
-4.36888E-03 1.88998E-03 
-4.29156E-03 1.91692E-03 
-4.20092E-03 1.93162E-03 
-4.13780E-03 1.94699E-03 
-4.01782E-03 1.93672E-03 
-3.88854E-03 1.91696E-03 
-3.75110E-03 1.88861E-03 
-3.60611E-03 1.85250E-03 
-3.45253E-03 1.80922E-03 
-3.28378E-03 1.75833E-03 
-3.07412E-03 1.69540E-03 
-2.73683E-03 1.60173E-03 
-2.05677E-03 1.42314E-03 
-8.18160E-04 1.08757E-03 
6.70859E-04 6.42390E-04 
1.75885E-03 2.56678E-04 
-4.44485E-03 1.56220E-03 
-4.47528E-03 1.65990E-03 
-4.62355E-03 1.70221E-03 
-4.63278E-03 1.79513E-03 
-4.62521E-03 1.87523E-03 
-4.60138E-03 1.94241E-03 
-4.56202E-03 1.99675E-03 
-4.52147E-03 2.03014E-03 
-4.50802E-03 2.03850E-03 
-4.43455E-03 2.06991E-03 
-4.34668E-03 2.08790E-03 
-4.24593E-03 2.09334E-03 
-4.13388E-03 2.08723E-03 
-4.05471E-03 2.08752E-03 
-3.91741E-03 2.05780E-03 
-3.77297E-03 2.01977E-03 
-3.62252E-03 1.97440E-03 
-3.46657E-03 1.92253E-03 
-3.30388E-03 1.86461E-03 
-3.12737E-03 1.79961E-03 
-2.91000E-03 1.72121E-03 
-2.56162E-03 1.60488E-03 
-1.86052E-03 1.38317E-03 
-5.88848E-04 9.73359E-04 
9.28044E-04 4.46568E-04 
2.01994E-03 1.15729E-05 
-4.55286E-03 1.84656E-03 
-4.55861E-03 1.92936E-03 
-4.73643E-03 2.00762E-03 
-4.71607E-03 2.07986E-03 
-4.67977E-03 2.13870E-03 
-4.62829E-03 2.18428E-03 
-4.56257E-03 2.21692E-03 
-4.50263E-03 2.23361E-03 
-4.48369E-03 2.23712E-03 
-4.38524E-03 2.24571E-03 
-4.27445E-03 2.24155E-03 
-4.15295E-03 2.22575E-03 
-4.02239E-03 2.19949E-03 
-3.92891E-03 2.18477E-03 
-3.77759E-03 2.13705E-03 
-3.62132E-03 2.08241E-03 
-3.46113E-03 2.02183E-03 
-3.29742E-03 1.95613E-03 
-3.12870E-03 1.88553E-03 
-2.94743E-03 1.80842E-03 
-2.72546E-03 1.71661E-03 
-2.36995E-03 1.58003E-03 
-1.65445E-03 1.31882E-03 
-3.61021E-04 8.41068E-04 
1.17033E-03 2.41166E-04 
2.25635E-03 -2.35407E-04 
-4.60492E-03 2.09214E-03 
-4.58599E-03 2.15788E-03 
-4.78574E-03 2.26739E-03 
-4.73687E-03 2.31730E-03 
-4.67338E-03 2.35373E-03 
-4.59622E-03 2.37706E-03 
-4.50647E-03 2.38778E-03 
-4.42913E-03 2.38788E-03 
-4.40532E-03 2.38662E-03 
-4.28496E-03 2.37300E-03 
-4.15452E-03 2.34771E-03 
-4.01568E-03 2.31203E-03 
-3.87010E-03 2.26725E-03 
-3.76455E-03 2.23832E-03 
-3.60285E-03 2.17476E-03 
-3.43827E-03 2.10576E-03 
-3.27173E-03 2.03230E-03 
-3.10347E-03 1.95506E-03 
-2.93176E-03 1.87407E-03 
-2.74865E-03 1.78711E-03 
-2.52512E-03 1.68422E-03 
-2.16635E-03 1.53015E-03 
-1.44312E-03 1.23388E-03 
-1.39252E-04 6.95881E-04 
1.39337E-03 3.27433E-05 
2.46428E-03 -4.77124E-04 
-4.60111E-03 2.28971E-03 
-4.55857E-03 2.33747E-03 
-4.77208E-03 2.47225E-03 
-4.69677E-03 2.49964E-03 
-4.60847E-03 2.51391E-03 
-4.50827E-03 2.51561E-03 
-4.39738E-03 2.50544E-03 
-4.30504E-03 2.48996E-03 
-4.27706E-03 2.48426E-03 
-4.13831E-03 2.45021E-03 
-3.99186E-03 2.40582E-03 
-3.83937E-03 2.35246E-03 
-3.68244E-03 2.29152E-03 
-3.56731E-03 2.24981E-03 
-3.39887E-03 2.17307E-03 
-3.22946E-03 2.09236E-03 
-3.05987E-03 2.00860E-03 
-2.89015E-03 1.92237E-03 
-2.71832E-03 1.83343E-03 
-2.53610E-03 1.73899E-03 
-2.31381E-03 1.62744E-03 
-1.95550E-03 1.45892E-03 
-1.23106E-03 1.13265E-03 
7.21041E-05 5.43148E-04 
1.59327E-03 -1.72357E-04 
2.64055E-03 -7.06963E-04 
-4.53773E-03 2.43468E-03 
-4.47358E-03 2.46442E-03 
-4.69254E-03 2.61742E-03 
-4.59412E-03 2.62321E-03 
-4.48465E-03 2.61664E-03 
-4.36533E-03 2.59839E-03 
-4.23738E-03 2.56931E-03 
-4.13326E-03 2.53996E-03 
-4.10206E-03 2.53033E-03 
-3.94938E-03 2.47844E-03 
-3.79129E-03 2.41768E-03 
-3.62938E-03 2.34947E-03 
-3.46514E-03 2.27523E-03 
-3.34328E-03 2.22262E-03 
-3.17179E-03 2.13564E-03 
-3.00099E-03 2.04608E-03 
-2.83150E-03 1.95476E-03 
-2.66318E-03 1.86213E-03 
-2.49387E-03 1.76769E-03 
-2.31499E-03 1.66812E-03 
-2.09651E-03 1.55037E-03 
-1.74213E-03 1.37055E-03 
-1.02276E-03 1.01972E-03 
2.68981E-04 3.88231E-04 
1.76662E-03 -3.68161E-04 
2.78259E-03 -9.18949E-04 
-4.42068E-03 2.52445E-03 
-4.33823E-03 2.53757E-03 
-4.55572E-03 2.70199E-03 
-4.43870E-03 2.68861E-03 
-4.31250E-03 2.66373E-03 
-4.17833E-03 2.62817E-03 
-4.03745E-03 2.58288E-03 
-3.92466E-03 2.54182E-03 
-3.89115E-03 2.52891E-03 
-3.72879E-03 2.46226E-03 
-3.56317E-03 2.38826E-03 
-3.39577E-03 2.30835E-03 
-3.22793E-03 2.22389E-03 
-3.10207E-03 2.16255E-03 
-2.93083E-03 2.06833E-03 
-2.76165E-03 1.97277E-03 
-2.59499E-03 1.87657E-03 
-2.43054E-03 1.78004E-03 
-2.26595E-03 1.68246E-03 
-2.09247E-03 1.58001E-03 
-1.87995E-03 1.45841E-03 
-1.53257E-03 1.27051E-03 
-8.24014E-04 9.00949E-04 
4.46399E-04 2.37662E-04 
1.90971E-03 -5.47664E-04 
2.88800E-03 -1.10630E-03 
-4.25797E-03 2.56335E-03 
-4.15984E-03 2.56100E-03 
-4.36906E-03 2.73017E-03 
-4.23685E-03 2.69976E-03 
-4.09743E-03 2.65903E-03 
-3.95202E-03 2.60884E-03 
-3.80187E-03 2.55017E-03 
-3.68323E-03 2.49965E-03 
-3.64823E-03 2.48412E-03 
-3.48005E-03 2.40595E-03 
-3.31062E-03 2.32192E-03 
-3.14126E-03 2.23344E-03 
-2.97315E-03 2.14179E-03 
-2.84581E-03 2.07387E-03 
-2.67772E-03 1.97524E-03 
-2.51280E-03 1.87630E-03 
-2.35135E-03 1.77767E-03 
-2.19290E-03 1.67949E-03 
-2.03494E-03 1.58084E-03 
-1.86864E-03 1.47749E-03 
-1.66400E-03 1.35415E-03 
-1.32643E-03 1.16110E-03 
-6.34196E-04 7.78312E-04 
6.05357E-04 9.29080E-05 
2.02394E-03 -7.10073E-04 
2.95847E-03 -1.26885E-03 
-4.05522E-03 2.55467E-03 
-3.94455E-03 2.53901E-03 
-4.13982E-03 2.70686E-03 
-3.99650E-03 2.66240E-03 
-3.84798E-03 2.60884E-03 
-3.69548E-03 2.54711E-03 
-3.54020E-03 2.47824E-03 
-3.41887E-03 2.42074E-03 
-3.38328E-03 2.40332E-03 
-3.21340E-03 2.31697E-03 
-3.04399E-03 2.22615E-03 
-2.87618E-03 2.13218E-03 
-2.71097E-03 2.03627E-03 
-2.58457E-03 1.96395E-03 
-2.42215E-03 1.86350E-03 
-2.26369E-03 1.76358E-03 
-2.10936E-03 1.66469E-03 
-1.95853E-03 1.56684E-03 
-1.80862E-03 1.46893E-03 
-1.65079E-03 1.36640E-03 
-1.45547E-03 1.24321E-03 
-1.13002E-03 1.04786E-03 
-4.58851E-04 6.57430E-04 
7.41572E-04 -4.01916E-05 
2.10675E-03 -8.49630E-04 
2.99308E-03 -1.40144E-03 
-3.82127E-03 2.50405E-03 
-3.70094E-03 2.47713E-03 
-3.87844E-03 2.63888E-03 
-3.72809E-03 2.58350E-03 
-3.57454E-03 2.52035E-03 
-3.41892E-03 2.45038E-03 
-3.26225E-03 2.37453E-03 
-3.14086E-03 2.31242E-03 
-3.10541E-03 2.29377E-03 
-2.93712E-03 2.20236E-03 
-2.77072E-03 2.10771E-03 
-2.60718E-03 2.01105E-03 
-2.44730E-03 1.91347E-03 
-2.32380E-03 1.83874E-03 
-2.16896E-03 1.73869E-03 
-2.01861E-03 1.63980E-03 
-1.87279E-03 1.54245E-03 
-1.73078E-03 1.44655E-03 
-1.58992E-03 1.35083E-03 
-1.44148E-03 1.25052E-03 
-1.25654E-03 1.12908E-03 
-9.45110E-04 9.33971E-04 
-2.99179E-04 5.41141E-04 
8.54806E-04 -1.59357E-04 
2.15909E-03 -9.64867E-04 
2.99373E-03 -1.50345E-03 
-3.56781E-03 2.42079E-03 
-3.44135E-03 2.38494E-03 
-3.59872E-03 2.53660E-03 
-3.44510E-03 2.47312E-03 
-3.28992E-03 2.40318E-03 
-3.13413E-03 2.32768E-03 
-2.97859E-03 2.24744E-03 
-2.85897E-03 2.18269E-03 
-2.82417E-03 2.16339E-03 
-2.65983E-03 2.06961E-03 
-2.49862E-03 1.97370E-03 
-2.34131E-03 1.87674E-03 
-2.18849E-03 1.77967E-03 
-2.06936E-03 1.70426E-03 
-1.92335E-03 1.60639E-03 
-1.78218E-03 1.51012E-03 
-1.64574E-03 1.41572E-03 
-1.51323E-03 1.32300E-03 
-1.38199E-03 1.23058E-03 
-1.24345E-03 1.13354E-03 
-1.06958E-03 1.01511E-03 
-7.73638E-04 8.22477E-04 
-1.56395E-04 4.32067E-04 
9.45038E-04 -2.62659E-04 
2.18242E-03 -1.05483E-03 
2.96300E-03 -1.57485E-03 
-3.30216E-03 2.31202E-03 
-3.17100E-03 2.26895E-03 
-3.30576E-03 2.40765E-03 
-3.15108E-03 2.33869E-03 
-2.99671E-03 2.26454E-03 
-2.84340E-03 2.18597E-03 
-2.69187E-03 2.10386E-03 
-2.57619E-03 2.03841E-03 
-2.54267E-03 2.01902E-03 
-2.38506E-03 1.92541E-03 
-2.23144E-03 1.83053E-03 
-2.08235E-03 1.73529E-03 
-1.93820E-03 1.64048E-03 
-1.82472E-03 1.56571E-03 
-1.68847E-03 1.47131E-03 
-1.55715E-03 1.37876E-03 
-1.43059E-03 1.28825E-03 
-1.30793E-03 1.19952E-03 
-1.18653E-03 1.11113E-03 
-1.05810E-03 1.01809E-03 
-8.95674E-04 9.03633E-04 
-6.16289E-04 7.15351E-04 
-3.05682E-05 3.31686E-04 
1.01326E-03 -3.49459E-04 
2.17898E-03 -1.11995E-03 
2.90406E-03 -1.61702E-03 
-3.03147E-03 2.18577E-03 
-2.89915E-03 2.13742E-03 
-3.01230E-03 2.26161E-03 
-2.85964E-03 2.18936E-03 
-2.70834E-03 2.11306E-03 
-2.55920E-03 2.03346E-03 
-2.41282E-03 1.95124E-03 
-2.30181E-03 1.88630E-03 
-2.26976E-03 1.86715E-03 
-2.11977E-03 1.77526E-03 
-1.97472E-03 1.68298E-03 
-1.83481E-03 1.59099E-03 
-1.70020E-03 1.49987E-03 
-1.59326E-03 1.42700E-03 
-1.46727E-03 1.33713E-03 
-1.34612E-03 1.24915E-03 
-1.22958E-03 1.16322E-03 
-1.11677E-03 1.07901E-03 
-1.00514E-03 9.95093E-04 
-8.86726E-04 9.06498E-04 
-7.35824E-04 7.96694E-04 
-4.73677E-04 6.14311E-04 
7.84136E-05 2.41155E-04 
1.06087E-03 -4.19586E-04 
2.15166E-03 -1.16133E-03 
2.82082E-03 -1.63203E-03 
-2.76364E-03 2.04728E-03 
-2.63159E-03 1.99606E-03 
-2.72293E-03 2.10537E-03 
-2.57449E-03 2.03266E-03 
-2.42865E-03 1.95675E-03 
-2.28593E-03 1.87842E-03 
-2.14674E-03 1.79820E-03 
-2.04175E-03 1.73523E-03 
-2.01152E-03 1.71670E-03 
-1.87047E-03 1.62806E-03 
-1.73461E-03 1.53931E-03 
-1.60407E-03 1.45107E-03 
-1.47895E-03 1.36394E-03 
-1.37860E-03 1.29322E-03 
-1.26256E-03 1.20801E-03 
-1.15121E-03 1.12471E-03 
-1.04428E-03 1.04342E-03 
-9.40897E-04 9.63798E-04 
-8.38599E-04 8.84403E-04 
-7.29824E-04 8.00369E-04 
-5.90239E-04 6.95591E-04 
-3.45640E-04 5.20296E-04 
1.71395E-04 1.60801E-04 
1.08990E-03 -4.73789E-04 
2.10389E-03 -1.18100E-03 
2.71761E-03 -1.62290E-03 
-2.50360E-03 1.90530E-03 
-2.37408E-03 1.85254E-03 
-2.44470E-03 1.94622E-03 
-2.30129E-03 1.87371E-03 
-2.16157E-03 1.79919E-03 
-2.02583E-03 1.72303E-03 
-1.89444E-03 1.64567E-03 
-1.79595E-03 1.58535E-03 
-1.76768E-03 1.56767E-03 
-1.63627E-03 1.48333E-03 
-1.51030E-03 1.39919E-03 
-1.38966E-03 1.31570E-03 
-1.27426E-03 1.23330E-03 
-1.18073E-03 1.16535E-03 
-1.07438E-03 1.08510E-03 
-9.72462E-04 1.00662E-03 
-8.74674E-04 9.29991E-04 
-7.80195E-04 8.54896E-04 
-6.86689E-04 7.79938E-04 
-5.87038E-04 7.00424E-04 
-4.58402E-04 6.00856E-04 
-2.31381E-04 4.33540E-04 
2.49782E-04 9.02640E-05 
1.10288E-03 -5.13522E-04 
2.03943E-03 -1.18173E-03 
2.59892E-03 -1.59325E-03 
-2.25506E-03 1.76217E-03 
-2.12858E-03 1.70888E-03 
-2.18063E-03 1.78814E-03 
-2.04465E-03 1.71839E-03 
-1.91301E-03 1.64720E-03 
-1.78572E-03 1.57462E-03 
-1.66300E-03 1.50117E-03 
-1.57127E-03 1.44401E-03 
-1.54498E-03 1.42728E-03 
-1.42292E-03 1.34748E-03 
-1.30619E-03 1.26798E-03 
-1.19479E-03 1.18921E-03 
-1.08849E-03 1.11147E-03 
-1.00137E-03 1.04627E-03 
-9.03889E-04 9.70627E-04 
-8.10553E-04 8.96591E-04 
-7.21077E-04 8.24248E-04 
-6.34689E-04 7.53303E-04 
-5.49211E-04 6.82440E-04 
-4.57995E-04 6.07193E-04 
-3.39760E-04 5.12810E-04 
-1.30048E-04 3.54057E-04 
3.15080E-04 2.89217E-05 
1.10250E-03 -5.40576E-04 
1.96230E-03 -1.16664E-03 
2.46954E-03 -1.54709E-03 
-2.02416E-03 1.62571E-03 
-1.90167E-03 1.57285E-03 
-1.93633E-03 1.63794E-03 
-1.80721E-03 1.57072E-03 
-1.68315E-03 1.50291E-03 
-1.56389E-03 1.43431E-03 
-1.44977E-03 1.36531E-03 
-1.36491E-03 1.31181E-03 
-1.34065E-03 1.29615E-03 
-1.22816E-03 1.22144E-03 
-1.12064E-03 1.14669E-03 
-1.01798E-03 1.07235E-03 
-9.20041E-04 9.98810E-04 
-8.38903E-04 9.36085E-04 
-7.49506E-04 8.64584E-04 
-6.63920E-04 7.94473E-04 
-5.81919E-04 7.25894E-04 
-5.02813E-04 6.58611E-04 
-4.24594E-04 5.91407E-04 
-3.41115E-04 5.20087E-04 
-2.32691E-04 4.30758E-04 
-3.98732E-05 2.80938E-04 
3.69474E-04 -2.46526E-05 
1.09176E-03 -5.57359E-04 
1.87634E-03 -1.13926E-03 
2.33367E-03 -1.48858E-03 
-1.81278E-03 1.49795E-03 
-1.69533E-03 1.44702E-03 
-1.71491E-03 1.49974E-03 
-1.59273E-03 1.43555E-03 
-1.47630E-03 1.37120E-03 
-1.36553E-03 1.30677E-03 
-1.25980E-03 1.24206E-03 
-1.18131E-03 1.19191E-03 
-1.15887E-03 1.17722E-03 
-1.05482E-03 1.10696E-03 
-9.55467E-04 1.03650E-03 
-8.60687E-04 9.66250E-04 
-7.70190E-04 8.96467E-04 
-6.94269E-04 8.35825E-04 
-6.11812E-04 7.67766E-04 
-5.32884E-04 7.00901E-04 
-4.57328E-04 6.35441E-04 
-3.84544E-04 5.71222E-04 
-3.12706E-04 5.07152E-04 
-2.36162E-04 4.39330E-04 
-1.36817E-04 3.54794E-04 
3.98522E-05 2.13981E-04 
4.14510E-04 -7.14069E-05 
1.07377E-03 -5.66247E-04 
1.78636E-03 -1.10356E-03 
2.19705E-03 -1.42261E-03 
-1.61557E-03 1.37638E-03 
-1.50357E-03 1.32775E-03 
-1.51068E-03 1.36953E-03 
-1.39685E-03 1.30977E-03 
-1.28864E-03 1.25009E-03 
-1.18602E-03 1.19060E-03 
-1.08805E-03 1.13050E-03 
-1.01529E-03 1.08348E-03 
-9.94509E-04 1.06967E-03 
-8.98427E-04 1.00358E-03 
-8.06621E-04 9.36915E-04 
-7.18706E-04 8.69840E-04 
-6.34543E-04 8.02785E-04 
-5.63063E-04 7.43455E-04 
-4.86522E-04 6.77930E-04 
-4.13298E-04 6.13499E-04 
-3.43316E-04 5.50450E-04 
-2.76064E-04 4.88692E-04 
-2.09901E-04 4.27257E-04 
-1.39673E-04 3.62558E-04 
-4.88540E-05 2.82606E-04 
1.12227E-04 1.50879E-04 
4.53064E-04 -1.13769E-04 
1.05106E-03 -5.69940E-04 
1.69441E-03 -1.06247E-03 
2.06121E-03 -1.35209E-03 
-1.43557E-03 1.26408E-03 
-1.33013E-03 1.21918E-03 
-1.32678E-03 1.25191E-03 
-1.22093E-03 1.19705E-03 
-1.12087E-03 1.14220E-03 
-1.02601E-03 1.08682E-03 
-9.35770E-04 1.03066E-03 
-8.68723E-04 9.86612E-04 
-8.49535E-04 9.73637E-04 
-7.60372E-04 9.11037E-04 
-6.74578E-04 8.47054E-04 
-5.92053E-04 7.82127E-04 
-5.12874E-04 7.16881E-04 
-4.44881E-04 6.58225E-04 
-3.73164E-04 5.94472E-04 
-3.04623E-04 5.31744E-04 
-2.39275E-04 4.70433E-04 
-1.76734E-04 4.10566E-04 
-1.15538E-04 3.51305E-04 
-5.10038E-05 2.89377E-04 
3.18813E-05 2.13777E-04 
1.78142E-04 9.10329E-05 
4.86656E-04 -1.52930E-04 
1.02638E-03 -5.70800E-04 
1.60451E-03 -1.01963E-03 
1.93077E-03 -1.28130E-03 
-1.27291E-03 1.16237E-03 
-1.17310E-03 1.12046E-03 
-1.16154E-03 1.14557E-03 
-1.06387E-03 1.09546E-03 
-9.71440E-04 1.04510E-03 
-8.83916E-04 9.94244E-04 
-8.00344E-04 9.42201E-04 
-7.37867E-04 9.00682E-04 
-7.19949E-04 8.88331E-04 
-6.36320E-04 8.28028E-04 
-5.55496E-04 7.65717E-04 
-4.77464E-04 7.02001E-04 
-4.02357E-04 6.37608E-04 
-3.37074E-04 5.78800E-04 
-2.69115E-04 5.15818E-04 
-2.04352E-04 4.53987E-04 
-1.42910E-04 3.93809E-04 
-8.44722E-05 3.35369E-04 
-2.77283E-05 2.77939E-04 
3.15632E-05 2.18542E-04 
1.06989E-04 1.47132E-04 
2.39182E-04 3.32213E-05 
5.17075E-04 -1.90430E-04 
1.00196E-03 -5.71047E-04 
1.51932E-03 -9.77925E-04 
1.80841E-03 -1.21338E-03 
-1.12755E-03 1.07154E-03 
-1.03266E-03 1.03240E-03 
-1.01345E-03 1.05059E-03 
-9.23201E-04 1.00530E-03 
-8.38256E-04 9.59698E-04 
-7.57394E-04 9.12633E-04 
-6.79717E-04 8.63391E-04 
-6.21520E-04 8.23693E-04 
-6.04722E-04 8.11777E-04 
-5.25861E-04 7.53113E-04 
-4.48785E-04 6.91512E-04 
-3.73681E-04 6.27715E-04 
-3.01113E-04 5.62888E-04 
-2.37474E-04 5.03039E-04 
-1.72281E-04 4.40030E-04 
-1.10486E-04 3.78462E-04 
-5.22820E-05 3.18916E-04 
2.57495E-06 2.61550E-04 
5.52674E-05 2.05729E-04 
1.09645E-04 1.48744E-04 
1.77978E-04 8.14544E-05 
2.96827E-04 -2.37870E-05 
5.45947E-04 -2.27757E-04 
9.79781E-04 -5.72725E-04 
1.44106E-03 -9.39952E-04 
1.69628E-03 -1.15103E-03 
-9.98663E-04 9.91940E-04 
-9.09098E-04 9.56192E-04 
-8.83704E-04 9.68416E-04 
-7.99547E-04 9.26602E-04 
-7.20383E-04 8.84138E-04 
-6.44922E-04 8.39941E-04 
-5.71996E-04 7.92966E-04 
-5.16625E-04 7.54166E-04 
-5.00534E-04 7.42373E-04 
-4.24492E-04 6.83562E-04 
-3.49546E-04 6.21040E-04 
-2.76266E-04 5.56028E-04 
-2.05395E-04 4.89910E-04 
-1.42815E-04 4.28401E-04 
-7.97753E-05 3.64783E-04 
-2.04739E-05 3.03067E-04 
3.48296E-05 2.43910E-04 
8.63281E-05 1.87515E-04 
1.35108E-04 1.33311E-04 
1.84678E-04 7.88150E-05 
2.46115E-04 1.57222E-05 
3.52256E-04 -8.09727E-05 
5.74510E-04 -2.66064E-04 
9.61261E-04 -5.77403E-04 
1.37126E-03 -9.07650E-04 
1.59581E-03 -1.09624E-03 
-8.82009E-04 9.20168E-04 
-7.99440E-04 8.89347E-04 
-7.70449E-04 8.97932E-04 
-6.92101E-04 8.59802E-04 
-6.17605E-04 8.19728E-04 
-5.45318E-04 7.76379E-04 
-4.74966E-04 7.29486E-04 
-4.21427E-04 6.90491E-04 
-4.05746E-04 6.78506E-04 
-3.30987E-04 6.18102E-04 
-2.56929E-04 5.53471E-04 
-1.84193E-04 4.85987E-04 
-1.13874E-04 4.17449E-04 
-5.15367E-05 3.53478E-04 
1.01233E-05 2.88536E-04 
6.74157E-05 2.26262E-04 
1.20066E-04 1.67343E-04 
1.68283E-04 1.11961E-04 
2.13116E-04 5.95511E-05 
2.57809E-04 7.79423E-06 
3.12395E-04 -5.08856E-05 
4.06368E-04 -1.39097E-04 
6.03657E-04 -3.06215E-04 
9.47358E-04 -5.86219E-04 
1.31086E-03 -8.82370E-04 
1.50766E-03 -1.05029E-03 
-7.76311E-04 8.55385E-04 
-6.99860E-04 8.28872E-04 
-6.68437E-04 8.34727E-04 
-5.95700E-04 8.00295E-04 
-5.24945E-04 7.62063E-04 
-4.55356E-04 7.19169E-04 
-3.86245E-04 6.71058E-04 
-3.32858E-04 6.30161E-04 
-3.17237E-04 6.17606E-04 
-2.42666E-04 5.54312E-04 
-1.67980E-04 4.85994E-04 
-9.43618E-05 4.14592E-04 
-2.34574E-05 3.42504E-04 
3.92098E-05 2.75514E-04 
9.97716E-05 2.09026E-04 
1.55100E-04 1.46229E-04 
2.04986E-04 8.77624E-05 
2.49692E-04 3.37504E-05 
2.90285E-04 -1.64183E-05 
3.29815E-04 -6.49610E-05 
3.77416E-04 -1.18836E-04 
4.59639E-04 -1.98533E-04 
6.33805E-04 -3.48618E-04 
9.38432E-04 -5.99729E-04 
1.26004E-03 -8.64740E-04 
1.43179E-03 -1.01368E-03 
-6.79781E-04 7.96432E-04 
-6.08014E-04 7.73150E-04 
-5.73787E-04 7.76009E-04 
-5.06435E-04 7.44938E-04 
-4.40021E-04 7.08782E-04 
-3.72254E-04 6.65391E-04 
-3.03390E-04 6.15110E-04 
-2.49053E-04 5.71357E-04 
-2.33042E-04 5.57833E-04 
-1.56437E-04 4.89570E-04 
-7.96909E-05 4.16063E-04 
-4.30770E-06 3.39744E-04 
6.77340E-05 2.63464E-04 
1.30903E-04 1.93201E-04 
1.90504E-04 1.25031E-04 
2.43837E-04 6.18056E-05 
2.90692E-04 4.15994E-06 
3.31464E-04 -4.79260E-05 
3.67319E-04 -9.51958E-05 
4.01211E-04 -1.39854E-04 
4.41535E-04 -1.88373E-04 
5.12293E-04 -2.59420E-04 
6.65059E-04 -3.93387E-04 
9.34423E-04 -6.18065E-04 
1.21848E-03 -8.54831E-04 
1.36754E-03 -9.86295E-04 
-5.92528E-04 7.43545E-04 
-5.25519E-04 7.23737E-04 
-4.89284E-04 7.24061E-04 
-4.24708E-04 6.94103E-04 
-3.59585E-04 6.57419E-04 
-2.92725E-04 6.12742E-04 
-2.22977E-04 5.59054E-04 
-1.67159E-04 5.11655E-04 
-1.50597E-04 4.96929E-04 
-7.04399E-05 4.21970E-04 
1.00737E-05 3.41451E-04 
8.83903E-05 2.58974E-04 
1.62156E-04 1.77838E-04 
2.25990E-04 1.04116E-04 
2.84436E-04 3.44884E-05 
3.35214E-04 -2.85462E-05 
3.78310E-04 -8.45413E-05 
4.14354E-04 -1.33767E-04 
4.44684E-04 -1.77176E-04 
4.72228E-04 -2.17035E-04 
5.04793E-04 -2.59455E-04 
5.64211E-04 -3.21577E-04 
6.97105E-04 -4.40233E-04 
9.34693E-04 -6.40801E-04 
1.18510E-03 -8.51991E-04 
1.31348E-03 -9.67221E-04 
-5.14897E-04 6.96956E-04 
-4.52181E-04 6.80216E-04 
-4.12908E-04 6.77143E-04 
-3.49076E-04 6.46444E-04 
-2.84183E-04 6.08165E-04 
-2.16128E-04 5.60118E-04 
-1.44687E-04 5.02128E-04 
-8.62846E-05 4.49958E-04 
-6.87549E-05 4.33603E-04 
1.58639E-05 3.50858E-04 
1.00896E-04 2.62416E-04 
1.82899E-04 1.72890E-04 
2.58991E-04 8.62704E-05 
3.23695E-04 8.89323E-06 
3.80766E-04 -6.19042E-05 
4.28415E-04 -1.24051E-04 
4.66983E-04 -1.77461E-04 
4.97426E-04 -2.22757E-04 
5.21357E-04 -2.61212E-04 
5.41786E-04 -2.95258E-04 
5.66081E-04 -3.30778E-04 
6.14276E-04 -3.83689E-04 
7.28816E-04 -4.87867E-04 
9.38044E-04 -6.66661E-04 
1.15855E-03 -8.54889E-04 
1.26810E-03 -9.55028E-04 
-4.44868E-04 6.54908E-04 
-3.85483E-04 6.40644E-04 
-3.44809E-04 6.35726E-04 
-2.80675E-04 6.03419E-04 
-2.14028E-04 5.61533E-04 
-1.42716E-04 5.07942E-04 
-6.58760E-05 4.41988E-04 
-3.59570E-06 3.83640E-04 
1.49840E-05 3.65519E-04 
1.05273E-04 2.73579E-04 
1.96101E-04 1.75735E-04 
2.82701E-04 7.81252E-05 
3.61293E-04 -1.42454E-05 
4.26346E-04 -9.47916E-05 
4.81194E-04 -1.65861E-04 
5.24636E-04 -2.25925E-04 
5.57470E-04 -2.75377E-04 
5.81102E-04 -3.15330E-04 
5.97498E-04 -3.47466E-04 
6.09825E-04 -3.74460E-04 
6.25142E-04 -4.02087E-04 
6.61991E-04 -4.45294E-04 
7.59262E-04 -5.35508E-04 
9.42782E-04 -6.94317E-04 
1.13628E-03 -8.61555E-04 
1.22829E-03 -9.47319E-04 
-3.81783E-04 6.16638E-04 
-3.24313E-04 6.03697E-04 
-2.82688E-04 5.97253E-04 
-2.18876E-04 5.63810E-04 
-1.49456E-04 5.17425E-04 
-7.37879E-05 4.57184E-04 
9.78129E-06 3.81765E-04 
7.86583E-05 3.14493E-04 
9.92941E-05 2.93608E-04 
1.98330E-04 1.89335E-04 
2.96181E-04 8.07251E-05 
3.87869E-04 -2.56122E-05 
4.68623E-04 -1.23447E-04 
5.33214E-04 -2.06320E-04 
5.84701E-04 -2.76406E-04 
6.22576E-04 -3.32848E-04 
6.48235E-04 -3.76679E-04 
6.63671E-04 -4.09651E-04 
6.71297E-04 -4.33957E-04 
6.74505E-04 -4.52595E-04 
6.80153E-04 -4.71328E-04 
7.05554E-04 -5.04352E-04 
7.86585E-04 -5.81080E-04 
9.46828E-04 -7.21539E-04 
1.11590E-03 -8.69543E-04 
1.19155E-03 -9.41553E-04 
-3.23761E-04 5.80460E-04 
-2.67384E-04 5.68153E-04 
-2.23650E-04 5.59028E-04 
-1.60134E-04 5.24315E-04 
-8.72672E-05 4.72642E-04 
-4.96262E-06 4.03538E-04 
8.62707E-05 3.17596E-04 
1.62099E-04 2.40846E-04 
1.84815E-04 2.17109E-04 
2.94391E-04 9.85384E-05 
4.00806E-04 -2.24700E-05 
4.97636E-04 -1.37638E-04 
5.80117E-04 -2.40504E-04 
6.43130E-04 -3.24527E-04 
6.89782E-04 -3.92012E-04 
7.20455E-04 -4.42986E-04 
7.37335E-04 -4.79328E-04 
7.43115E-04 -5.03562E-04 
7.40723E-04 -5.18484E-04 
7.33833E-04 -5.27475E-04 
7.29178E-04 -5.36355E-04 
7.43043E-04 -5.58738E-04 
8.08704E-04 -6.22345E-04 
9.47675E-04 -7.45755E-04 
1.09444E-03 -8.75898E-04 
1.15471E-03 -9.34626E-04 
-2.70720E-04 5.45741E-04 
-2.13541E-04 5.32451E-04 
-1.66560E-04 5.19695E-04 
-1.01619E-04 4.82168E-04 
-2.40684E-05 4.23939E-04 
6.55131E-05 3.45112E-04 
1.65462E-04 2.47425E-04 
2.48750E-04 1.60563E-04 
2.73751E-04 1.33725E-04 
3.93933E-04 5.53477E-07 
5.08987E-04 -1.33057E-04 
6.10736E-04 -2.56868E-04 
6.93887E-04 -3.63667E-04 
7.53949E-04 -4.47323E-04 
7.94058E-04 -5.10266E-04 
8.15686E-04 -5.53642E-04 
8.22051E-04 -5.80436E-04 
8.16681E-04 -5.94104E-04 
8.03092E-04 -5.98124E-04 
7.85255E-04 -5.96283E-04 
7.69811E-04 -5.94490E-04 
7.72145E-04 -6.05873E-04 
8.23207E-04 -6.56665E-04 
9.42526E-04 -7.64014E-04 
1.06866E-03 -8.77318E-04 
1.11444E-03 -9.23178E-04 
-2.24093E-04 5.13478E-04 
-1.64058E-04 4.97339E-04 
-1.12174E-04 4.79417E-04 
-4.45471E-05 4.37946E-04 
3.89402E-05 3.71927E-04 
1.36478E-04 2.82605E-04 
2.46410E-04 1.71838E-04 
3.37235E-04 7.46866E-05 
3.64466E-04 4.47729E-05 
4.95225E-04 -1.03100E-04 
6.18602E-04 -2.49095E-04 
7.24737E-04 -3.80999E-04 
8.07360E-04 -4.90379E-04 
8.62552E-04 -5.71526E-04 
8.93994E-04 -6.27505E-04 
9.04584E-04 -6.60941E-04 
8.98723E-04 -6.76104E-04 
8.80852E-04 -6.77478E-04 
8.55101E-04 -6.69261E-04 
8.25732E-04 -6.55651E-04 
7.99282E-04 -6.42630E-04 
7.90282E-04 -6.42859E-04 
8.27488E-04 -6.81147E-04 
9.28452E-04 -7.73159E-04 
1.03530E-03 -8.70365E-04 
1.06746E-03 -9.03805E-04 
-1.84533E-04 4.83742E-04 
-1.20715E-04 4.63922E-04 
-6.25841E-05 4.39598E-04 
9.73254E-06 3.92314E-04 
9.79109E-05 3.19598E-04 
2.04023E-04 2.19175E-04 
3.24808E-04 9.44765E-05 
4.25413E-04 -1.50985E-05 
4.55335E-04 -4.85258E-05 
5.96548E-04 -2.10981E-04 
7.27292E-04 -3.68361E-04 
8.36520E-04 -5.06897E-04 
9.16652E-04 -6.16655E-04 
9.64782E-04 -6.92786E-04 
9.85303E-04 -7.39173E-04 
9.82729E-04 -7.60134E-04 
9.62969E-04 -7.61575E-04 
9.31493E-04 -7.49139E-04 
8.92982E-04 -7.27706E-04 
8.51910E-04 -7.01803E-04 
8.14643E-04 -6.77411E-04 
7.94815E-04 -6.66658E-04 
8.18989E-04 -6.92865E-04 
9.02683E-04 -7.70103E-04 
9.91372E-04 -8.51787E-04 
1.01090E-03 -8.73414E-04 
-1.52170E-04 4.56132E-04 
-8.41673E-05 4.32182E-04 
-2.02521E-05 4.01791E-04 
5.81644E-05 3.47400E-04 
1.52132E-04 2.67018E-04 
2.65828E-04 1.56468E-04 
3.95995E-04 1.92939E-05 
5.05307E-04 -1.01632E-04 
5.37994E-04 -1.38614E-04 
6.92021E-04 -3.17651E-04 
8.30701E-04 -4.86673E-04 
9.41811E-04 -6.30320E-04 
1.01726E-03 -7.37882E-04 
1.05558E-03 -8.05839E-04 
1.06257E-03 -8.39558E-04 
1.04480E-03 -8.45533E-04 
1.00978E-03 -8.31427E-04 
9.64002E-04 -8.04056E-04 
9.12637E-04 -7.68923E-04 
8.60239E-04 -7.30756E-04 
8.12861E-04 -6.95387E-04 
7.83112E-04 -6.74250E-04 
7.95226E-04 -6.88988E-04 
8.62596E-04 -7.51921E-04 
9.34125E-04 -8.18581E-04 
9.42224E-04 -8.29242E-04 
-1.26943E-04 4.30119E-04 
-5.47925E-05 4.01853E-04 
1.49790E-05 3.65157E-04 
9.85145E-05 3.04530E-04 
1.97841E-04 2.17018E-04 
3.19075E-04 9.65901E-05 
4.58623E-04 -5.27935E-05 
5.75756E-04 -1.83964E-04 
6.10767E-04 -2.23997E-04 
7.75222E-04 -4.16929E-04 
9.21361E-04 -5.96573E-04 
1.03253E-03 -7.42947E-04 
1.10086E-03 -8.45319E-04 
1.12693E-03 -9.02087E-04 
1.11822E-03 -9.20400E-04 
1.08382E-03 -9.09415E-04 
1.03297E-03 -8.78703E-04 
9.73100E-04 -8.36187E-04 
9.09715E-04 -7.87823E-04 
8.47241E-04 -7.38332E-04 
7.91234E-04 -6.93196E-04 
7.53087E-04 -6.62938E-04 
7.54501E-04 -6.67240E-04 
8.06665E-04 -7.16537E-04 
8.62230E-04 -7.68897E-04 
8.60497E-04 -7.69888E-04 
-1.08430E-04 4.05018E-04 
-3.30205E-05 3.72847E-04 
4.27281E-05 3.29514E-04 
1.30083E-04 2.63758E-04 
2.33470E-04 1.70400E-04 
3.61824E-04 4.07578E-05 
5.11568E-04 -1.21143E-04 
6.34977E-04 -2.60657E-04 
6.71781E-04 -3.03094E-04 
8.43699E-04 -5.06355E-04 
9.92408E-04 -6.91169E-04 
1.10059E-03 -8.36516E-04 
1.15915E-03 -9.30285E-04 
1.17081E-03 -9.72978E-04 
1.14500E-03 -9.73827E-04 
1.09339E-03 -9.44729E-04 
1.02711E-03 -8.97332E-04 
9.54407E-04 -8.40515E-04 
8.80818E-04 -7.80411E-04 
8.10409E-04 -7.21476E-04 
7.48011E-04 -6.68596E-04 
7.03576E-04 -6.31116E-04 
6.96006E-04 -6.26425E-04 
7.34245E-04 -6.62968E-04 
7.75224E-04 -7.01989E-04 
7.65600E-04 -6.95003E-04 
-9.70255E-05 3.81206E-04 
-1.88095E-05 3.44941E-04 
6.17777E-05 2.95592E-04 
1.51923E-04 2.25506E-04 
2.58304E-04 1.27396E-04 
3.90003E-04 -7.56096E-06 
5.46360E-04 -1.77969E-04 
6.75908E-04 -3.25059E-04 
7.13847E-04 -3.69078E-04 
8.87570E-04 -5.76245E-04 
1.03513E-03 -7.61543E-04 
1.13694E-03 -9.01477E-04 
1.18333E-03 -9.83283E-04 
1.17908E-03 -1.00957E-03 
1.13572E-03 -9.91778E-04 
1.06764E-03 -9.44716E-04 
9.87715E-04 -8.81940E-04 
9.04702E-04 -8.13010E-04 
8.23893E-04 -7.43896E-04 
7.48688E-04 -6.78472E-04 
6.82952E-04 -6.20761E-04 
6.34958E-04 -5.78651E-04 
6.20576E-04 -5.66923E-04 
6.46539E-04 -5.92008E-04 
6.74698E-04 -6.19088E-04 
6.59499E-04 -6.06259E-04 
-8.97366E-05 3.56565E-04 
-1.09440E-05 3.17370E-04 
7.28239E-05 2.62899E-04 
1.65660E-04 1.88278E-04 
2.72424E-04 8.79114E-05 
4.02542E-04 -4.72991E-05 
5.58510E-04 -2.18863E-04 
6.88479E-04 -3.67336E-04 
7.26560E-04 -4.11734E-04 
8.99038E-04 -6.18545E-04 
1.04043E-03 -7.98101E-04 
1.13179E-03 -9.27341E-04 
1.16414E-03 -9.94187E-04 
1.14381E-03 -1.00294E-03 
1.08438E-03 -9.67236E-04 
1.00257E-03 -9.04382E-04 
9.12566E-04 -8.29414E-04 
8.23310E-04 -7.52177E-04 
7.39475E-04 -6.78093E-04 
6.63523E-04 -6.10144E-04 
5.98159E-04 -5.51265E-04 
5.49810E-04 -5.07672E-04 
5.31177E-04 -4.91320E-04 
5.46938E-04 -5.06726E-04 
5.64468E-04 -5.23746E-04 
5.46250E-04 -5.07514E-04 
-8.35347E-05 3.29588E-04 
-6.94490E-06 2.88900E-04 
7.67285E-05 2.31529E-04 
1.70416E-04 1.53662E-04 
2.75363E-04 5.31022E-05 
3.99212E-04 -7.75519E-05 
5.47325E-04 -2.42421E-04 
6.69279E-04 -3.83379E-04 
7.04979E-04 -4.25463E-04 
8.67362E-04 -6.21918E-04 
9.98820E-04 -7.90480E-04 
1.07736E-03 -9.05277E-04 
1.09518E-03 -9.55476E-04 
1.06058E-03 -9.47550E-04 
9.88844E-04 -8.96994E-04 
8.98322E-04 -8.22893E-04 
8.03807E-04 -7.41019E-04 
7.13829E-04 -6.60863E-04 
6.32094E-04 -5.86902E-04 
5.59966E-04 -5.21028E-04 
4.98924E-04 -4.64986E-04 
4.53534E-04 -4.23253E-04 
4.33374E-04 -4.04926E-04 
4.41358E-04 -4.12846E-04 
4.50781E-04 -4.22087E-04 
4.32072E-04 -4.04935E-04 
-7.47805E-05 2.98528E-04 
-3.87600E-06 2.58370E-04 
7.57562E-05 2.00936E-04 
1.65726E-04 1.23656E-04 
2.65821E-04 2.57114E-05 
3.79377E-04 -9.61689E-05 
5.12216E-04 -2.46464E-04 
6.20767E-04 -3.73914E-04 
6.52315E-04 -4.11712E-04 
7.95772E-04 -5.87890E-04 
9.09785E-04 -7.36687E-04 
9.72907E-04 -8.33112E-04 
9.77213E-04 -8.66537E-04 
9.32150E-04 -8.44901E-04 
8.54012E-04 -7.84857E-04 
7.61695E-04 -7.06140E-04 
6.69541E-04 -6.24130E-04 
5.85030E-04 -5.47270E-04 
5.10664E-04 -4.78805E-04 
4.46706E-04 -4.19497E-04 
3.93517E-04 -3.69972E-04 
3.53962E-04 -3.33085E-04 
3.34786E-04 -3.15285E-04 
3.37535E-04 -3.18097E-04 
3.41457E-04 -3.21995E-04 
3.24396E-04 -3.06074E-04 
-6.24530E-05 2.63808E-04 
-2.51702E-08 2.25906E-04 
7.20619E-05 1.71009E-04 
1.55299E-04 9.67927E-05 
2.44371E-04 7.29988E-06 
3.43803E-04 -1.01743E-04 
4.56739E-04 -2.32286E-04 
5.48901E-04 -3.42556E-04 
5.75574E-04 -3.75110E-04 
6.94662E-04 -5.24486E-04 
7.84705E-04 -6.45983E-04 
8.29153E-04 -7.19815E-04 
8.21467E-04 -7.37193E-04 
7.70865E-04 -7.06236E-04 
6.93346E-04 -6.43443E-04 
6.06746E-04 -5.67561E-04 
5.23756E-04 -4.92310E-04 
4.50251E-04 -4.24467E-04 
3.87510E-04 -3.65981E-04 
3.34887E-04 -3.16641E-04 
2.91891E-04 -2.76194E-04 
2.60028E-04 -2.46176E-04 
2.43697E-04 -2.30811E-04 
2.43522E-04 -2.30728E-04 
2.44290E-04 -2.31525E-04 
2.30287E-04 -2.18303E-04 
-4.76480E-05 2.26886E-04 
5.68392E-06 1.91500E-04 
6.74320E-05 1.41586E-04 
1.40636E-04 7.35917E-05 
2.16842E-04 -5.42695E-06 
2.97951E-04 -9.71724E-05 
3.86531E-04 -2.03038E-04 
4.61475E-04 -2.94668E-04 
4.82743E-04 -3.21269E-04 
5.75288E-04 -4.40783E-04 
6.40084E-04 -5.32898E-04 
6.65072E-04 -5.82776E-04 
6.47678E-04 -5.86014E-04 
5.96712E-04 -5.50752E-04 
5.26436E-04 -4.91876E-04 
4.51951E-04 -4.25411E-04 
3.83251E-04 -3.62315E-04 
3.24353E-04 -3.07398E-04 
2.75490E-04 -2.61450E-04 
2.35460E-04 -2.23628E-04 
2.03314E-04 -1.93172E-04 
1.79632E-04 -1.70704E-04 
1.67071E-04 -1.58782E-04 
1.65744E-04 -1.57526E-04 
1.65151E-04 -1.56959E-04 
1.54735E-04 -1.47049E-04 
---
