PdfType: replica
Format: lhagrid1
---
1.00000E-06 1.28121E-06 1.64152E-06 2.10317E-06 2.69463E-06 3.45242E-06 4.42329E-06 5.66715E-06 7.26076E-06 9.30241E-06 1.19180E-05 1.52689E-05 1.95617E-05 2.50609E-05 3.21053E-05 4.11287E-05 5.26863E-05 6.74889E-05 8.64459E-05 1.10720E-04 1.41800E-04 1.81585E-04 2.32503E-04 2.97652E-04 3.80981E-04 4.87518E-04 6.26039E-04 8.00452E-04 1.02297E-03 1.30657E-03 1.66759E-03 2.12729E-03 2.71054E-03 3.44865E-03 4.37927E-03 5.54908E-03 7.01192E-03 8.83064E-03 1.10763E-02 1.38266E-02 1.71641E-02 2.11717E-02 2.59364E-02 3.15062E-02 3.79623E-02 4.53425E-02 5.36750E-02 6.29705E-02 7.32221E-02 8.44039E-02 9.64793E-02 1.09332E-01 1.23067E-01 1.37507E-01 1.52639E-01 1.68416E-01 1.84794E-01 2.01731E-01 2.19016E-01 2.36948E-01 2.55242E-01 2.73927E-01 2.92954E-01 3.12340E-01 3.32036E-01 3.52019E-01 3.72282E-01 3.92772E-01 4.13533E-01 4.34326E-01 4.55495E-01 4.76836E-01 4.98342E-01 5.20006E-01 5.41818E-01 5.63773E-01 5.85861E-01 6.08077E-01 6.30459E-01 6.52800E-01 6.75387E-01 6.98063E-01 7.20830E-01 7.43683E-01 7.66623E-01 7.89636E-01 8.12791E-01 8.35940E-01 8.59175E-01 8.82485E-01 9.05866E-01 9.29311E-01 9.52817E-01 9.76387E-01 1.00000E+00 
1.14018E+00 1.22539E+00 1.32482E+00 1.44156E+00 1.57954E+00 1.74381E+00 1.94091E+00 2.12132E+00 2.17945E+00 2.49622E+00 2.89383E+00 3.39925E+00 4.05063E+00 4.90286E+00 6.03623E+00 7.57063E+00 9.68869E+00 1.26749E+01 1.69835E+01 2.33578E+01 3.30501E+01 4.82334E+01 7.28041E+01 1.13998E+02 1.85779E+02 3.16228E+02 
908 909 
-3.87623E-04 -4.66591E-05 
-3.63219E-04 -4.75107E-05 
-3.41250E-04 -4.91493E-05 
-3.20568E-04 -5.02143E-05 
-3.02099E-04 -5.13653E-05 
-2.85942E-04 -5.26226E-05 
-2.72152E-04 -5.40086E-05 
-2.63116E-04 -5.51845E-05 
-2.60741E-04 -5.55474E-05 
-2.51068E-04 -5.74072E-05 
-2.44039E-04 -5.95079E-05 
-2.39530E-04 -6.18840E-05 
-2.37388E-04 -6.45702E-05 
-2.38306E-04 -6.74863E-05 
-2.41019E-04 -7.09731E-05 
-2.45729E-04 -7.48809E-05 
-2.52357E-04 -7.92508E-05 
-2.60891E-04 -8.41275E-05 
-2.71425E-04 -8.95694E-05 
-2.84270E-04 -9.56861E-05 
-3.00339E-04 -1.02782E-04 
-3.22425E-04 -1.11835E-04 
-3.57778E-04 -1.25447E-04 
-4.16019E-04 -1.46992E-04 
-4.92581E-04 -1.74318E-04 
-5.67850E-04 -1.99633E-04 
-4.03647E-04 -4.90591E-05 
-3.78528E-04 -4.99620E-05 
-3.56005E-04 -5.17582E-05 
-3.34762E-04 -5.29015E-05 
-3.15813E-04 -5.41423E-05 
-2.99263E-04 -5.55028E-05 
-2.85171E-04 -5.70070E-05 
-2.75966E-04 -5.82857E-05 
-2.73553E-04 -5.86805E-05 
-2.63768E-04 -6.07053E-05 
-2.56746E-04 -6.29924E-05 
-2.52362E-04 -6.55766E-05 
-2.50464E-04 -6.84927E-05 
-2.51775E-04 -7.15960E-05 
-2.55008E-04 -7.53365E-05 
-2.60361E-04 -7.95171E-05 
-2.67758E-04 -8.41771E-05 
-2.77194E-04 -8.93586E-05 
-2.88774E-04 -9.51173E-05 
-3.02832E-04 -1.01562E-04 
-3.20346E-04 -1.09004E-04 
-3.44315E-04 -1.18461E-04 
-3.82536E-04 -1.32644E-04 
-4.45367E-04 -1.55036E-04 
-5.27873E-04 -1.83299E-04 
-6.08859E-04 -2.09244E-04 
-4.19637E-04 -5.15648E-05 
-3.93883E-04 -5.25294E-05 
-3.70910E-04 -5.44900E-05 
-3.49179E-04 -5.57249E-05 
-3.29820E-04 -5.70699E-05 
-3.12941E-04 -5.85489E-05 
-2.98610E-04 -6.01875E-05 
-2.89283E-04 -6.15818E-05 
-2.86845E-04 -6.20124E-05 
-2.77010E-04 -6.42208E-05 
-2.70054E-04 -6.67130E-05 
-2.65854E-04 -6.95240E-05 
-2.64262E-04 -7.26876E-05 
-2.66021E-04 -7.59840E-05 
-2.69836E-04 -7.99910E-05 
-2.75897E-04 -8.44553E-05 
-2.84133E-04 -8.94139E-05 
-2.94545E-04 -9.49057E-05 
-3.07251E-04 -1.00982E-04 
-3.22608E-04 -1.07751E-04 
-3.41662E-04 -1.15531E-04 
-3.67629E-04 -1.25376E-04 
-4.08884E-04 -1.40101E-04 
-4.76565E-04 -1.63286E-04 
-5.65331E-04 -1.92391E-04 
-6.52307E-04 -2.18834E-04 
-4.35358E-04 -5.42345E-05 
-4.09078E-04 -5.52692E-05 
-3.85786E-04 -5.74019E-05 
-3.63669E-04 -5.87394E-05 
-3.43994E-04 -6.02006E-05 
-3.26877E-04 -6.18111E-05 
-3.12390E-04 -6.35979E-05 
-3.03003E-04 -6.51192E-05 
-3.00558E-04 -6.55890E-05 
-2.90754E-04 -6.79972E-05 
-2.83941E-04 -7.07110E-05 
-2.80001E-04 -7.37647E-05 
-2.78787E-04 -7.71909E-05 
-2.81059E-04 -8.06829E-05 
-2.85528E-04 -8.49657E-05 
-2.92371E-04 -8.97213E-05 
-3.01523E-04 -9.49831E-05 
-3.12992E-04 -1.00786E-04 
-3.26908E-04 -1.07177E-04 
-3.43654E-04 -1.14260E-04 
-3.64349E-04 -1.22360E-04 
-3.92434E-04 -1.32566E-04 
-4.36901E-04 -1.47786E-04 
-5.09706E-04 -1.71675E-04 
-6.05066E-04 -2.01482E-04 
-6.98305E-04 -2.28253E-04 
-4.50803E-04 -5.71189E-05 
-4.24112E-04 -5.82295E-05 
-4.00629E-04 -6.05426E-05 
-3.78231E-04 -6.19911E-05 
-3.58340E-04 -6.35782E-05 
-3.41078E-04 -6.53312E-05 
-3.26524E-04 -6.72784E-05 
-3.17142E-04 -6.89364E-05 
-3.14709E-04 -6.94483E-05 
-3.05022E-04 -7.20705E-05 
-2.98436E-04 -7.50198E-05 
-2.94836E-04 -7.83297E-05 
-2.94081E-04 -8.20306E-05 
-2.96934E-04 -8.57171E-05 
-3.02134E-04 -9.02820E-05 
-3.09838E-04 -9.53326E-05 
-3.19986E-04 -1.00898E-04 
-3.32597E-04 -1.07008E-04 
-3.47812E-04 -1.13705E-04 
-3.66042E-04 -1.21086E-04 
-3.88478E-04 -1.29482E-04 
-4.18807E-04 -1.40009E-04 
-4.66669E-04 -1.55654E-04 
-5.44882E-04 -1.80123E-04 
-6.47172E-04 -2.10447E-04 
-7.46940E-04 -2.37338E-04 
-4.66107E-04 -6.02599E-05 
-4.39105E-04 -6.14505E-05 
-4.15549E-04 -6.39516E-05 
-3.92964E-04 -6.55174E-05 
-3.72946E-04 -6.72383E-05 
-3.55626E-04 -6.91429E-05 
-3.41088E-04 -7.12605E-05 
-3.31773E-04 -7.30637E-05 
-3.29369E-04 -7.36203E-05 
-3.19883E-04 -7.64686E-05 
-3.13604E-04 -7.96655E-05 
-3.10425E-04 -8.32425E-05 
-3.10209E-04 -8.72276E-05 
-3.13713E-04 -9.11036E-05 
-3.19722E-04 -9.59537E-05 
-3.28368E-04 -1.01299E-04 
-3.39597E-04 -1.07165E-04 
-3.53437E-04 -1.13574E-04 
-3.70043E-04 -1.20561E-04 
-3.89850E-04 -1.28219E-04 
-4.14131E-04 -1.36877E-04 
-4.46829E-04 -1.47673E-04 
-4.98271E-04 -1.63655E-04 
-5.82178E-04 -1.88543E-04 
-6.91729E-04 -2.19154E-04 
-7.98275E-04 -2.45914E-04 
-4.81478E-04 -6.36913E-05 
-4.54243E-04 -6.49643E-05 
-4.30712E-04 -6.76587E-05 
-4.08018E-04 -6.93464E-05 
-3.87948E-04 -7.12074E-05 
-3.70642E-04 -7.32714E-05 
-3.56191E-04 -7.55683E-05 
-3.46998E-04 -7.75239E-05 
-3.44639E-04 -7.81272E-05 
-3.35430E-04 -8.12120E-05 
-3.29536E-04 -8.46664E-05 
-3.26855E-04 -8.85192E-05 
-3.27258E-04 -9.27952E-05 
-3.31478E-04 -9.68518E-05 
-3.38376E-04 -1.01987E-04 
-3.48045E-04 -1.07625E-04 
-3.60441E-04 -1.13783E-04 
-3.75599E-04 -1.20477E-04 
-3.93686E-04 -1.27734E-04 
-4.15166E-04 -1.35639E-04 
-4.41395E-04 -1.44518E-04 
-4.76584E-04 -1.55521E-04 
-5.31788E-04 -1.71728E-04 
-6.21666E-04 -1.96838E-04 
-7.38795E-04 -2.27456E-04 
-8.52343E-04 -2.53795E-04 
-4.97149E-04 -6.74399E-05 
-4.69736E-04 -6.87966E-05 
-4.46309E-04 -7.16859E-05 
-4.23562E-04 -7.34988E-05 
-4.03499E-04 -7.55050E-05 
-3.86265E-04 -7.77349E-05 
-3.71961E-04 -8.02187E-05 
-3.62937E-04 -8.23331E-05 
-3.60637E-04 -8.29851E-05 
-3.51773E-04 -8.63153E-05 
-3.46334E-04 -9.00351E-05 
-3.44226E-04 -9.41702E-05 
-3.45325E-04 -9.87411E-05 
-3.50324E-04 -1.02965E-04 
-3.58188E-04 -1.08383E-04 
-3.68963E-04 -1.14306E-04 
-3.82611E-04 -1.20744E-04 
-3.99174E-04 -1.27706E-04 
-4.18834E-04 -1.35206E-04 
-4.42082E-04 -1.43322E-04 
-4.70357E-04 -1.52370E-04 
-5.08157E-04 -1.63504E-04 
-5.67295E-04 -1.79803E-04 
-6.63406E-04 -2.04899E-04 
-7.88403E-04 -2.35199E-04 
-9.09144E-04 -2.60782E-04 
-5.13348E-04 -7.15276E-05 
-4.85788E-04 -7.29685E-05 
-4.62530E-04 -7.60484E-05 
-4.39770E-04 -7.79889E-05 
-4.19755E-04 -8.01445E-05 
-4.02639E-04 -8.25462E-05 
-3.88529E-04 -8.52238E-05 
-3.79714E-04 -8.75025E-05 
-3.77485E-04 -8.82049E-05 
-3.69026E-04 -9.17879E-05 
-3.64108E-04 -9.57794E-05 
-3.62643E-04 -1.00201E-04 
-3.64513E-04 -1.05068E-04 
-3.70350E-04 -1.09443E-04 
-3.79258E-04 -1.15137E-04 
-3.91220E-04 -1.21334E-04 
-4.06204E-04 -1.28037E-04 
-4.24261E-04 -1.35241E-04 
-4.45583E-04 -1.42953E-04 
-4.70689E-04 -1.51236E-04 
-5.01106E-04 -1.60395E-04 
-5.41627E-04 -1.71569E-04 
-6.04860E-04 -1.87804E-04 
-7.07445E-04 -2.12610E-04 
-8.40565E-04 -2.42212E-04 
-9.68644E-04 -2.66661E-04 
-5.30276E-04 -7.59729E-05 
-5.02587E-04 -7.74982E-05 
-4.79550E-04 -8.07560E-05 
-4.56803E-04 -8.28259E-05 
-4.36865E-04 -8.51350E-05 
-4.19900E-04 -8.77139E-05 
-4.06024E-04 -9.05915E-05 
-3.97452E-04 -9.30395E-05 
-3.95304E-04 -9.37936E-05 
-3.87306E-04 -9.76355E-05 
-3.82969E-04 -1.01903E-04 
-3.82214E-04 -1.06613E-04 
-3.84929E-04 -1.11775E-04 
-3.91660E-04 -1.16278E-04 
-4.01687E-04 -1.22239E-04 
-4.14915E-04 -1.28697E-04 
-4.31320E-04 -1.35643E-04 
-4.50956E-04 -1.43062E-04 
-4.74027E-04 -1.50946E-04 
-5.01078E-04 -1.59343E-04 
-5.33726E-04 -1.68543E-04 
-5.77070E-04 -1.79655E-04 
-6.44541E-04 -1.95644E-04 
-7.53810E-04 -2.19841E-04 
-8.95261E-04 -2.48312E-04 
-1.03077E-03 -2.71198E-04 
-5.48106E-04 -8.07926E-05 
-5.20288E-04 -8.24027E-05 
-4.97521E-04 -8.58146E-05 
-4.74801E-04 -8.80159E-05 
-4.54961E-04 -9.04822E-05 
-4.38174E-04 -9.32434E-05 
-4.24565E-04 -9.63267E-05 
-4.16266E-04 -9.89484E-05 
-4.14210E-04 -9.97554E-05 
-4.06722E-04 -1.03861E-04 
-4.03025E-04 -1.08408E-04 
-4.03047E-04 -1.13406E-04 
-4.06679E-04 -1.18857E-04 
-4.14356E-04 -1.23463E-04 
-4.25576E-04 -1.29680E-04 
-4.40150E-04 -1.36379E-04 
-4.58056E-04 -1.43542E-04 
-4.79356E-04 -1.51140E-04 
-5.04259E-04 -1.59150E-04 
-5.33335E-04 -1.67602E-04 
-5.68294E-04 -1.76763E-04 
-6.14551E-04 -1.87693E-04 
-6.86383E-04 -2.03229E-04 
-8.02505E-04 -2.26451E-04 
-9.52443E-04 -2.53296E-04 
-1.09543E-03 -2.74142E-04 
-5.66977E-04 -8.60035E-05 
-5.39024E-04 -8.76991E-05 
-5.16573E-04 -9.12274E-05 
-4.93889E-04 -9.35620E-05 
-4.74162E-04 -9.61896E-05 
-4.57575E-04 -9.91383E-05 
-4.44263E-04 -1.02433E-04 
-4.36265E-04 -1.05232E-04 
-4.34310E-04 -1.06093E-04 
-4.27382E-04 -1.10466E-04 
-4.24384E-04 -1.15293E-04 
-4.25249E-04 -1.20575E-04 
-4.29870E-04 -1.26308E-04 
-4.38540E-04 -1.30986E-04 
-4.51027E-04 -1.37442E-04 
-4.67024E-04 -1.44362E-04 
-4.86512E-04 -1.51711E-04 
-5.09554E-04 -1.59446E-04 
-5.36366E-04 -1.67528E-04 
-5.67544E-04 -1.75966E-04 
-6.04884E-04 -1.84996E-04 
-6.54127E-04 -1.95609E-04 
-7.30416E-04 -2.10456E-04 
-8.53519E-04 -2.32285E-04 
-1.01203E-03 -2.56946E-04 
-1.16245E-03 -2.75219E-04 
-5.86995E-04 -9.16223E-05 
-5.58898E-04 -9.34054E-05 
-5.36814E-04 -9.69945E-05 
-5.14171E-04 -9.94652E-05 
-4.94569E-04 -1.02259E-04 
-4.78204E-04 -1.05400E-04 
-4.65219E-04 -1.08911E-04 
-4.57552E-04 -1.11891E-04 
-4.55707E-04 -1.12807E-04 
-4.49389E-04 -1.17450E-04 
-4.47148E-04 -1.22555E-04 
-4.48921E-04 -1.28117E-04 
-4.54604E-04 -1.34120E-04 
-4.64311E-04 -1.38833E-04 
-4.78137E-04 -1.45511E-04 
-4.95632E-04 -1.52623E-04 
-5.16778E-04 -1.60122E-04 
-5.41638E-04 -1.67946E-04 
-5.70432E-04 -1.76038E-04 
-6.03775E-04 -1.84384E-04 
-6.43556E-04 -1.93180E-04 
-6.95841E-04 -2.03324E-04 
-7.76652E-04 -2.17212E-04 
-9.06807E-04 -2.37176E-04 
-1.07391E-03 -2.59022E-04 
-1.23164E-03 -2.74132E-04 
-6.08245E-04 -9.76666E-05 
-5.79994E-04 -9.95403E-05 
-5.58333E-04 -1.03113E-04 
-5.35736E-04 -1.05724E-04 
-5.16274E-04 -1.08688E-04 
-5.00152E-04 -1.12029E-04 
-4.87525E-04 -1.15761E-04 
-4.80219E-04 -1.18925E-04 
-4.78493E-04 -1.19896E-04 
-4.72838E-04 -1.24810E-04 
-4.71415E-04 -1.30190E-04 
-4.74163E-04 -1.36023E-04 
-4.80980E-04 -1.42282E-04 
-4.91765E-04 -1.46989E-04 
-5.06999E-04 -1.53867E-04 
-5.26065E-04 -1.61140E-04 
-5.48942E-04 -1.68745E-04 
-5.75690E-04 -1.76603E-04 
-6.06529E-04 -1.84635E-04 
-6.42093E-04 -1.92800E-04 
-6.84358E-04 -2.01246E-04 
-7.39719E-04 -2.10749E-04 
-8.25083E-04 -2.23377E-04 
-9.62298E-04 -2.40941E-04 
-1.13792E-03 -2.59267E-04 
-1.30275E-03 -2.70563E-04 
-6.30795E-04 -1.04154E-04 
-6.02382E-04 -1.06124E-04 
-5.81206E-04 -1.09578E-04 
-5.58663E-04 -1.12334E-04 
-5.39357E-04 -1.15476E-04 
-5.23505E-04 -1.19022E-04 
-5.11270E-04 -1.22981E-04 
-5.04356E-04 -1.26332E-04 
-5.02761E-04 -1.27359E-04 
-4.97823E-04 -1.32542E-04 
-4.97279E-04 -1.38193E-04 
-5.01072E-04 -1.44286E-04 
-5.09097E-04 -1.50783E-04 
-5.20992E-04 -1.55438E-04 
-5.37704E-04 -1.62490E-04 
-5.58411E-04 -1.69888E-04 
-5.83086E-04 -1.77550E-04 
-6.11785E-04 -1.85379E-04 
-6.44724E-04 -1.93271E-04 
-6.82550E-04 -2.01156E-04 
-7.27326E-04 -2.09124E-04 
-7.85773E-04 -2.17795E-04 
-8.75676E-04 -2.28822E-04 
-1.01989E-03 -2.43384E-04 
-1.20384E-03 -2.57403E-04 
-1.37547E-03 -2.64171E-04 
-6.54706E-04 -1.11104E-04 
-6.26126E-04 -1.13178E-04 
-6.05504E-04 -1.16378E-04 
-5.83025E-04 -1.19288E-04 
-5.63895E-04 -1.22616E-04 
-5.48342E-04 -1.26375E-04 
-5.36537E-04 -1.30567E-04 
-5.30051E-04 -1.34107E-04 
-5.28597E-04 -1.35190E-04 
-5.24433E-04 -1.40643E-04 
-5.24834E-04 -1.46557E-04 
-5.29740E-04 -1.52896E-04 
-5.39046E-04 -1.59609E-04 
-5.52079E-04 -1.64163E-04 
-5.70335E-04 -1.71359E-04 
-5.92747E-04 -1.78840E-04 
-6.19283E-04 -1.86505E-04 
-6.49987E-04 -1.94233E-04 
-6.85069E-04 -2.01897E-04 
-7.25185E-04 -2.09391E-04 
-7.72479E-04 -2.16738E-04 
-8.33994E-04 -2.24366E-04 
-9.28374E-04 -2.33411E-04 
-1.07943E-03 -2.44301E-04 
-1.27142E-03 -2.53137E-04 
-1.44941E-03 -2.54598E-04 
-6.80036E-04 -1.18532E-04 
-6.51288E-04 -1.20722E-04 
-6.31292E-04 -1.23500E-04 
-6.08893E-04 -1.26575E-04 
-5.89963E-04 -1.30100E-04 
-5.74741E-04 -1.34081E-04 
-5.63408E-04 -1.38514E-04 
-5.57387E-04 -1.42246E-04 
-5.56086E-04 -1.43385E-04 
-5.52757E-04 -1.49106E-04 
-5.54168E-04 -1.55275E-04 
-5.60259E-04 -1.61844E-04 
-5.70915E-04 -1.68750E-04 
-5.85106E-04 -1.73149E-04 
-6.04968E-04 -1.80455E-04 
-6.29147E-04 -1.87973E-04 
-6.57598E-04 -1.95577E-04 
-6.90352E-04 -2.03125E-04 
-7.27606E-04 -2.10462E-04 
-7.70023E-04 -2.17444E-04 
-8.19820E-04 -2.24013E-04 
-8.84350E-04 -2.30363E-04 
-9.83088E-04 -2.37006E-04 
-1.14074E-03 -2.43473E-04 
-1.34034E-03 -2.46160E-04 
-1.52411E-03 -2.41470E-04 
-7.06848E-04 -1.26455E-04 
-6.77936E-04 -1.28778E-04 
-6.58638E-04 -1.30923E-04 
-6.36335E-04 -1.34178E-04 
-6.17633E-04 -1.37916E-04 
-6.02779E-04 -1.42132E-04 
-5.91963E-04 -1.46813E-04 
-5.86448E-04 -1.50741E-04 
-5.85312E-04 -1.51938E-04 
-5.82881E-04 -1.57925E-04 
-5.85369E-04 -1.64341E-04 
-5.92712E-04 -1.71122E-04 
-6.04788E-04 -1.78193E-04 
-6.20145E-04 -1.82382E-04 
-6.41672E-04 -1.89762E-04 
-6.67673E-04 -1.97263E-04 
-6.98085E-04 -2.04737E-04 
-7.32922E-04 -2.12016E-04 
-7.72364E-04 -2.18918E-04 
-8.17071E-04 -2.25255E-04 
-8.69330E-04 -2.30873E-04 
-9.36785E-04 -2.35689E-04 
-1.03970E-03 -2.39462E-04 
-1.20358E-03 -2.40679E-04 
-1.41021E-03 -2.36153E-04 
-1.59904E-03 -2.24403E-04 
-7.35212E-04 -1.34886E-04 
-7.06143E-04 -1.37365E-04 
-6.87608E-04 -1.38620E-04 
-6.65423E-04 -1.42078E-04 
-6.46979E-04 -1.46048E-04 
-6.32534E-04 -1.50516E-04 
-6.22283E-04 -1.55459E-04 
-6.17314E-04 -1.59589E-04 
-6.16357E-04 -1.60844E-04 
-6.14886E-04 -1.67097E-04 
-6.18518E-04 -1.73750E-04 
-6.27181E-04 -1.80726E-04 
-6.40741E-04 -1.87934E-04 
-6.57261E-04 -1.91856E-04 
-6.80508E-04 -1.99268E-04 
-7.08377E-04 -2.06693E-04 
-7.40786E-04 -2.13959E-04 
-7.77725E-04 -2.20873E-04 
-8.19352E-04 -2.27219E-04 
-8.66320E-04 -2.32765E-04 
-9.20969E-04 -2.37247E-04 
-9.91217E-04 -2.40248E-04 
-1.09805E-03 -2.40638E-04 
-1.26767E-03 -2.35692E-04 
-1.48055E-03 -2.22795E-04 
-1.67356E-03 -2.03014E-04 
-7.65209E-04 -1.43836E-04 
-7.35995E-04 -1.46501E-04 
-7.18271E-04 -1.46560E-04 
-6.96227E-04 -1.50251E-04 
-6.78075E-04 -1.54481E-04 
-6.64080E-04 -1.59223E-04 
-6.54443E-04 -1.64444E-04 
-6.50063E-04 -1.68784E-04 
-6.49296E-04 -1.70099E-04 
-6.48849E-04 -1.76621E-04 
-6.53690E-04 -1.83505E-04 
-6.63736E-04 -1.90658E-04 
-6.78841E-04 -1.97972E-04 
-6.96506E-04 -2.01572E-04 
-7.21521E-04 -2.08971E-04 
-7.51297E-04 -2.16254E-04 
-7.85728E-04 -2.23226E-04 
-8.24773E-04 -2.29666E-04 
-8.68563E-04 -2.35326E-04 
-9.17735E-04 -2.39923E-04 
-9.74673E-04 -2.43066E-04 
-1.04753E-03 -2.43948E-04 
-1.15794E-03 -2.40396E-04 
-1.33265E-03 -2.28288E-04 
-1.55083E-03 -2.05764E-04 
-1.74693E-03 -1.76924E-04 
-7.96933E-04 -1.53313E-04 
-7.67587E-04 -1.56206E-04 
-7.50697E-04 -1.54710E-04 
-7.28818E-04 -1.58676E-04 
-7.10992E-04 -1.63201E-04 
-6.97491E-04 -1.68248E-04 
-6.88517E-04 -1.73770E-04 
-6.84768E-04 -1.78333E-04 
-6.84205E-04 -1.79710E-04 
-6.84843E-04 -1.86508E-04 
-6.90955E-04 -1.93618E-04 
-7.02443E-04 -2.00931E-04 
-7.19146E-04 -2.08322E-04 
-7.37924E-04 -2.11547E-04 
-7.64748E-04 -2.18881E-04 
-7.96462E-04 -2.25950E-04 
-8.32926E-04 -2.32533E-04 
-8.74066E-04 -2.38380E-04 
-9.19975E-04 -2.43211E-04 
-9.71268E-04 -2.46687E-04 
-1.03036E-03 -2.48273E-04 
-1.10559E-03 -2.46709E-04 
-1.21913E-03 -2.38606E-04 
-1.39812E-03 -2.18253E-04 
-1.62041E-03 -1.84749E-04 
-1.81832E-03 -1.45772E-04 
-8.30481E-04 -1.63324E-04 
-8.01018E-04 -1.66496E-04 
-7.84946E-04 -1.63036E-04 
-7.63256E-04 -1.67331E-04 
-7.45790E-04 -1.72199E-04 
-7.32826E-04 -1.77591E-04 
-7.24567E-04 -1.83447E-04 
-7.21490E-04 -1.88251E-04 
-7.21142E-04 -1.89695E-04 
-7.22926E-04 -1.96780E-04 
-7.30367E-04 -2.04115E-04 
-7.43352E-04 -2.11573E-04 
-7.61699E-04 -2.19011E-04 
-7.81538E-04 -2.21817E-04 
-8.10209E-04 -2.29027E-04 
-8.43879E-04 -2.35800E-04 
-8.82374E-04 -2.41886E-04 
-9.25578E-04 -2.47009E-04 
-9.73540E-04 -2.50856E-04 
-1.02684E-03 -2.53025E-04 
-1.08790E-03 -2.52822E-04 
-1.16522E-03 -2.48460E-04 
-1.28135E-03 -2.35151E-04 
-1.46360E-03 -2.05386E-04 
-1.68856E-03 -1.59463E-04 
-1.88675E-03 -1.09232E-04 
-8.65958E-04 -1.73877E-04 
-8.36396E-04 -1.77396E-04 
-8.21066E-04 -1.71513E-04 
-7.99590E-04 -1.76209E-04 
-7.82521E-04 -1.81484E-04 
-7.70138E-04 -1.87274E-04 
-7.62641E-04 -1.93505E-04 
-7.60277E-04 -1.98575E-04 
-7.60157E-04 -2.00091E-04 
-7.63144E-04 -2.07484E-04 
-7.71969E-04 -2.15048E-04 
-7.86500E-04 -2.22638E-04 
-8.06531E-04 -2.30092E-04 
-8.27362E-04 -2.32441E-04 
-8.57908E-04 -2.39461E-04 
-8.93545E-04 -2.45844E-04 
-9.34054E-04 -2.51315E-04 
-9.79271E-04 -2.55569E-04 
-1.02919E-03 -2.58259E-04 
-1.08436E-03 -2.58923E-04 
-1.14716E-03 -2.56681E-04 
-1.22620E-03 -2.49148E-04 
-1.34426E-03 -2.29933E-04 
-1.52855E-03 -1.89510E-04 
-1.75445E-03 -1.29650E-04 
-1.95117E-03 -6.70242E-05 
-9.03467E-04 -1.84986E-04 
-8.73826E-04 -1.88936E-04 
-8.59086E-04 -1.80136E-04 
-8.37850E-04 -1.85324E-04 
-8.21214E-04 -1.91085E-04 
-8.09456E-04 -1.97341E-04 
-8.02772E-04 -2.04002E-04 
-8.01161E-04 -2.09371E-04 
-8.01281E-04 -2.10968E-04 
-8.05527E-04 -2.18694E-04 
-8.15787E-04 -2.26496E-04 
-8.31909E-04 -2.34208E-04 
-8.53658E-04 -2.41647E-04 
-8.75393E-04 -2.43513E-04 
-9.07837E-04 -2.50265E-04 
-9.45440E-04 -2.56150E-04 
-9.87933E-04 -2.60869E-04 
-1.03509E-03 -2.64092E-04 
-1.08686E-03 -2.65440E-04 
-1.14370E-03 -2.64382E-04 
-1.20798E-03 -2.59837E-04 
-1.28832E-03 -2.48738E-04 
-1.40749E-03 -2.22876E-04 
-1.59236E-03 -1.70479E-04 
-1.81716E-03 -9.50988E-05 
-2.01035E-03 -1.89335E-05 
-9.43102E-04 -1.96676E-04 
-9.13408E-04 -2.01161E-04 
-8.99002E-04 -1.88931E-04 
-8.78035E-04 -1.94724E-04 
-8.61872E-04 -2.01072E-04 
-8.50786E-04 -2.07878E-04 
-8.44967E-04 -2.15037E-04 
-8.44150E-04 -2.20746E-04 
-8.44522E-04 -2.22434E-04 
-8.50083E-04 -2.30529E-04 
-8.61831E-04 -2.38581E-04 
-8.79586E-04 -2.46403E-04 
-9.03082E-04 -2.53792E-04 
-9.25615E-04 -2.55163E-04 
-9.59977E-04 -2.61550E-04 
-9.99536E-04 -2.66811E-04 
-1.04396E-03 -2.70623E-04 
-1.09297E-03 -2.72633E-04 
-1.14643E-03 -2.72432E-04 
-1.20473E-03 -2.69421E-04 
-1.27018E-03 -2.62295E-04 
-1.35128E-03 -2.47215E-04 
-1.47063E-03 -2.13930E-04 
-1.65434E-03 -1.48184E-04 
-1.87567E-03 -5.56592E-05 
-2.06300E-03 3.51692E-05 
-9.84940E-04 -2.08997E-04 
-9.55226E-04 -2.14141E-04 
-9.40769E-04 -1.97973E-04 
-9.20107E-04 -2.04513E-04 
-9.04463E-04 -2.11568E-04 
-8.94103E-04 -2.19026E-04 
-8.89206E-04 -2.26765E-04 
-8.89229E-04 -2.32862E-04 
-8.89866E-04 -2.34652E-04 
-8.96802E-04 -2.43157E-04 
-9.10092E-04 -2.51472E-04 
-9.29523E-04 -2.59388E-04 
-9.54795E-04 -2.66683E-04 
-9.78005E-04 -2.67562E-04 
-1.01430E-03 -2.73466E-04 
-1.05580E-03 -2.77951E-04 
-1.10210E-03 -2.80674E-04 
-1.15284E-03 -2.81265E-04 
-1.20780E-03 -2.79289E-04 
-1.26731E-03 -2.74076E-04 
-1.33354E-03 -2.64074E-04 
-1.41483E-03 -2.44586E-04 
-1.53323E-03 -2.03075E-04 
-1.71376E-03 -1.22566E-04 
-1.92884E-03 -1.12565E-05 
-2.10766E-03 9.53054E-05 
-1.02974E-03 -2.22235E-04 
-1.00005E-03 -2.28199E-04 
-9.84978E-04 -2.07566E-04 
-9.64676E-04 -2.15032E-04 
-9.49620E-04 -2.22951E-04 
-9.40063E-04 -2.31192E-04 
-9.36173E-04 -2.39614E-04 
-9.37102E-04 -2.46160E-04 
-9.38024E-04 -2.48067E-04 
-9.46430E-04 -2.57028E-04 
-9.61349E-04 -2.65617E-04 
-9.82533E-04 -2.73604E-04 
-1.00964E-03 -2.80741E-04 
-1.03340E-03 -2.81136E-04 
-1.07168E-03 -2.86395E-04 
-1.11511E-03 -2.89903E-04 
-1.16323E-03 -2.91304E-04 
-1.21559E-03 -2.90214E-04 
-1.27187E-03 -2.86177E-04 
-1.33229E-03 -2.78454E-04 
-1.39887E-03 -2.65219E-04 
-1.47963E-03 -2.40806E-04 
-1.59575E-03 -1.90104E-04 
-1.77064E-03 -9.31410E-05 
-1.97614E-03 3.88971E-05 
-2.14327E-03 1.62436E-04 
-1.07612E-03 -2.36111E-04 
-1.04653E-03 -2.43050E-04 
-1.03010E-03 -2.17666E-04 
-1.01022E-03 -2.26234E-04 
-9.95824E-04 -2.35163E-04 
-9.87144E-04 -2.44304E-04 
-9.84334E-04 -2.53497E-04 
-9.86224E-04 -2.60538E-04 
-9.87446E-04 -2.62571E-04 
-9.97386E-04 -2.72013E-04 
-1.01399E-03 -2.80865E-04 
-1.03696E-03 -2.88872E-04 
-1.06592E-03 -2.95766E-04 
-1.09009E-03 -2.95712E-04 
-1.13033E-03 -3.00141E-04 
-1.17564E-03 -3.02460E-04 
-1.22545E-03 -3.02305E-04 
-1.27923E-03 -2.99290E-04 
-1.33656E-03 -2.92944E-04 
-1.39751E-03 -2.82462E-04 
-1.46394E-03 -2.65727E-04 
-1.54338E-03 -2.36022E-04 
-1.65576E-03 -1.75452E-04 
-1.82237E-03 -6.08750E-05 
-2.01480E-03 9.31188E-05 
-2.16707E-03 2.34209E-04 
-1.12477E-03 -2.51018E-04 
-1.09537E-03 -2.59117E-04 
-1.07660E-03 -2.28803E-04 
-1.05725E-03 -2.38678E-04 
-1.04362E-03 -2.48786E-04 
-1.03593E-03 -2.58957E-04 
-1.03432E-03 -2.69011E-04 
-1.03726E-03 -2.76589E-04 
-1.03881E-03 -2.78757E-04 
-1.05040E-03 -2.88689E-04 
-1.06879E-03 -2.97764E-04 
-1.09363E-03 -3.05706E-04 
-1.12450E-03 -3.12230E-04 
-1.14894E-03 -3.11757E-04 
-1.19117E-03 -3.15106E-04 
-1.23830E-03 -3.15956E-04 
-1.28970E-03 -3.13947E-04 
-1.34470E-03 -3.08698E-04 
-1.40278E-03 -2.99736E-04 
-1.46388E-03 -2.86191E-04 
-1.52959E-03 -2.65636E-04 
-1.60681E-03 -2.30206E-04 
-1.71374E-03 -1.58979E-04 
-1.86900E-03 -2.54412E-05 
-2.04428E-03 1.51915E-04 
-2.17801E-03 3.11191E-04 
-1.17562E-03 -2.67229E-04 
-1.14654E-03 -2.76678E-04 
-1.12419E-03 -2.41519E-04 
-1.10552E-03 -2.52909E-04 
-1.09282E-03 -2.64357E-04 
-1.08629E-03 -2.75672E-04 
-1.08604E-03 -2.86654E-04 
-1.09015E-03 -2.94788E-04 
-1.09206E-03 -2.97090E-04 
-1.10546E-03 -3.07477E-04 
-1.12578E-03 -3.16687E-04 
-1.15261E-03 -3.24423E-04 
-1.18546E-03 -3.30385E-04 
-1.21006E-03 -3.29518E-04 
-1.25429E-03 -3.31467E-04 
-1.30321E-03 -3.30506E-04 
-1.35604E-03 -3.26287E-04 
-1.41204E-03 -3.18453E-04 
-1.47054E-03 -3.06536E-04 
-1.53132E-03 -2.89610E-04 
-1.59566E-03 -2.64918E-04 
-1.66964E-03 -2.23354E-04 
-1.76923E-03 -1.40732E-04 
-1.90964E-03 1.29944E-05 
-2.06322E-03 2.14911E-04 
-2.17438E-03 3.92739E-04 
-1.22860E-03 -2.85106E-04 
-1.20003E-03 -2.96091E-04 
-1.17256E-03 -2.56535E-04 
-1.15480E-03 -2.69628E-04 
-1.14325E-03 -2.82548E-04 
-1.13810E-03 -2.95082E-04 
-1.13943E-03 -3.07009E-04 
-1.14489E-03 -3.15672E-04 
-1.14720E-03 -3.18095E-04 
-1.16263E-03 -3.28832E-04 
-1.18505E-03 -3.38008E-04 
-1.21403E-03 -3.45314E-04 
-1.24898E-03 -3.50441E-04 
-1.27364E-03 -3.49184E-04 
-1.31990E-03 -3.49327E-04 
-1.37052E-03 -3.46135E-04 
-1.42464E-03 -3.39292E-04 
-1.48136E-03 -3.28473E-04 
-1.53989E-03 -3.13236E-04 
-1.59983E-03 -2.92602E-04 
-1.66208E-03 -2.63470E-04 
-1.73169E-03 -2.15401E-04 
-1.82176E-03 -1.20737E-04 
-1.94343E-03 5.42204E-05 
-2.07025E-03 2.81594E-04 
-2.15445E-03 4.77998E-04 
-1.28367E-03 -3.05145E-04 
-1.25587E-03 -3.17821E-04 
-1.22146E-03 -2.74787E-04 
-1.20491E-03 -2.89723E-04 
-1.19484E-03 -3.04186E-04 
-1.19139E-03 -3.17941E-04 
-1.19461E-03 -3.30746E-04 
-1.20162E-03 -3.39843E-04 
-1.20441E-03 -3.42350E-04 
-1.22214E-03 -3.53225E-04 
-1.24693E-03 -3.62090E-04 
-1.27825E-03 -3.68628E-04 
-1.31544E-03 -3.72534E-04 
-1.34012E-03 -3.70847E-04 
-1.38842E-03 -3.68675E-04 
-1.44067E-03 -3.62745E-04 
-1.49586E-03 -3.52790E-04 
-1.55298E-03 -3.38539E-04 
-1.61109E-03 -3.19588E-04 
-1.66959E-03 -2.94917E-04 
-1.72894E-03 -2.61061E-04 
-1.79289E-03 -2.06172E-04 
-1.87104E-03 -9.89330E-05 
-1.96960E-03 9.80622E-05 
-2.06403E-03 3.51423E-04 
-2.11650E-03 5.66022E-04 
-1.34064E-03 -3.27860E-04 
-1.31397E-03 -3.42318E-04 
-1.27052E-03 -2.97322E-04 
-1.25562E-03 -3.14135E-04 
-1.24745E-03 -3.30098E-04 
-1.24612E-03 -3.44953E-04 
-1.25162E-03 -3.58440E-04 
-1.26049E-03 -3.67769E-04 
-1.26383E-03 -3.70295E-04 
-1.28423E-03 -3.80946E-04 
-1.31169E-03 -3.89071E-04 
-1.34560E-03 -3.94361E-04 
-1.38521E-03 -3.96527E-04 
-1.40990E-03 -3.94304E-04 
-1.46024E-03 -3.89200E-04 
-1.51397E-03 -3.79941E-04 
-1.56998E-03 -3.66330E-04 
-1.62711E-03 -3.48167E-04 
-1.68428E-03 -3.25107E-04 
-1.74065E-03 -2.96095E-04 
-1.79620E-03 -2.57292E-04 
-1.85307E-03 -1.95376E-04 
-1.91666E-03 -7.52441E-05 
-1.98733E-03 1.44182E-04 
-2.04331E-03 4.23474E-04 
-2.05905E-03 6.55322E-04 
-1.39944E-03 -3.53839E-04 
-1.37439E-03 -3.70058E-04 
-1.31957E-03 -3.25301E-04 
-1.30691E-03 -3.43869E-04 
-1.30120E-03 -3.61117E-04 
-1.30253E-03 -3.76773E-04 
-1.31083E-03 -3.90564E-04 
-1.32192E-03 -3.99782E-04 
-1.32591E-03 -4.02218E-04 
-1.34944E-03 -4.12090E-04 
-1.37994E-03 -4.18861E-04 
-1.41673E-03 -4.22247E-04 
-1.45894E-03 -4.21993E-04 
-1.48371E-03 -4.19035E-04 
-1.53603E-03 -4.10271E-04 
-1.59107E-03 -3.97012E-04 
-1.64756E-03 -3.79150E-04 
-1.70423E-03 -3.56580E-04 
-1.75983E-03 -3.29029E-04 
-1.81330E-03 -2.95418E-04 
-1.86403E-03 -2.51526E-04 
-1.91229E-03 -1.82511E-04 
-1.95843E-03 -4.94321E-05 
-1.99601E-03 1.92322E-04 
-2.00703E-03 4.96802E-04 
-1.98082E-03 7.44320E-04 
-1.46010E-03 -3.83621E-04 
-1.43727E-03 -4.01414E-04 
-1.36869E-03 -3.59834E-04 
-1.35900E-03 -3.79796E-04 
-1.35649E-03 -3.97878E-04 
-1.36115E-03 -4.13795E-04 
-1.37287E-03 -4.27272E-04 
-1.38663E-03 -4.35857E-04 
-1.39140E-03 -4.38044E-04 
-1.41857E-03 -4.46343E-04 
-1.45254E-03 -4.50928E-04 
-1.49252E-03 -4.51557E-04 
-1.53751E-03 -4.48040E-04 
-1.56249E-03 -4.44025E-04 
-1.61668E-03 -4.30779E-04 
-1.67273E-03 -4.12790E-04 
-1.72927E-03 -3.90061E-04 
-1.78489E-03 -3.62602E-04 
-1.83820E-03 -3.30227E-04 
-1.88789E-03 -2.91840E-04 
-1.93268E-03 -2.42835E-04 
-1.97067E-03 -1.66835E-04 
-1.99623E-03 -2.11010E-05 
-1.99520E-03 2.42236E-04 
-1.95438E-03 5.70310E-04 
-1.88089E-03 8.31182E-04 
-1.52293E-03 -4.17622E-04 
-1.50309E-03 -4.36570E-04 
-1.41839E-03 -4.01832E-04 
-1.41263E-03 -4.22516E-04 
-1.41419E-03 -4.40667E-04 
-1.42301E-03 -4.56003E-04 
-1.43889E-03 -4.68259E-04 
-1.45583E-03 -4.75474E-04 
-1.46151E-03 -4.77192E-04 
-1.49290E-03 -4.82854E-04 
-1.53080E-03 -4.84178E-04 
-1.57426E-03 -4.80994E-04 
-1.62219E-03 -4.73199E-04 
-1.64755E-03 -4.67665E-04 
-1.70336E-03 -4.49044E-04 
-1.76003E-03 -4.25565E-04 
-1.81605E-03 -3.97369E-04 
-1.86989E-03 -3.64592E-04 
-1.92005E-03 -3.27147E-04 
-1.96496E-03 -2.83926E-04 
-2.00259E-03 -2.29936E-04 
-2.02850E-03 -1.47293E-04 
-2.03018E-03 1.03922E-05 
-1.98461E-03 2.93812E-04 
-1.88478E-03 6.42903E-04 
-1.75862E-03 9.14005E-04 
-1.58858E-03 -4.55909E-04 
-1.57266E-03 -4.75291E-04 
-1.46983E-03 -4.51667E-04 
-1.46911E-03 -4.72008E-04 
-1.47578E-03 -4.89087E-04 
-1.48969E-03 -5.02641E-04 
-1.51056E-03 -5.12438E-04 
-1.53122E-03 -5.17311E-04 
-1.53796E-03 -5.18277E-04 
-1.57417E-03 -5.19956E-04 
-1.61640E-03 -5.16709E-04 
-1.66358E-03 -5.08471E-04 
-1.71449E-03 -4.95253E-04 
-1.74045E-03 -4.87585E-04 
-1.79748E-03 -4.62683E-04 
-1.85418E-03 -4.32995E-04 
-1.90893E-03 -3.98809E-04 
-1.96012E-03 -3.60401E-04 
-2.00612E-03 -3.17787E-04 
-2.04512E-03 -2.69846E-04 
-2.07426E-03 -2.11208E-04 
-2.08620E-03 -1.22547E-04 
-2.06052E-03 4.58677E-05 
-1.96432E-03 3.46941E-04 
-1.79816E-03 7.13314E-04 
-1.61411E-03 9.90635E-04 
-1.65783E-03 -4.97810E-04 
-1.64689E-03 -5.16547E-04 
-1.52454E-03 -5.08671E-04 
-1.53012E-03 -5.27158E-04 
-1.54302E-03 -5.41612E-04 
-1.56301E-03 -5.51812E-04 
-1.58970E-03 -5.57581E-04 
-1.61462E-03 -5.58919E-04 
-1.62256E-03 -5.58788E-04 
-1.66410E-03 -5.54889E-04 
-1.71097E-03 -5.45577E-04 
-1.76196E-03 -5.30919E-04 
-1.81573E-03 -5.11070E-04 
-1.84250E-03 -5.00517E-04 
-1.90012E-03 -4.68509E-04 
-1.95603E-03 -4.32014E-04 
-2.00856E-03 -3.91478E-04 
-2.05603E-03 -3.47319E-04 
-2.09672E-03 -2.99649E-04 
-2.12858E-03 -2.47332E-04 
-2.14783E-03 -1.84634E-04 
-2.14382E-03 -9.09240E-05 
-2.08724E-03 8.63939E-05 
-1.93422E-03 4.01619E-04 
-1.69447E-03 7.80240E-04 
-1.44763E-03 1.05884E-03 
-1.73227E-03 -5.41920E-04 
-1.72750E-03 -5.58536E-04 
-1.58524E-03 -5.71015E-04 
-1.59844E-03 -5.85675E-04 
-1.61874E-03 -5.95539E-04 
-1.64577E-03 -6.00457E-04 
-1.67904E-03 -6.00335E-04 
-1.70865E-03 -5.96758E-04 
-1.71789E-03 -5.95139E-04 
-1.76512E-03 -5.83892E-04 
-1.81674E-03 -5.66917E-04 
-1.87140E-03 -5.44442E-04 
-1.92764E-03 -5.16792E-04 
-1.95538E-03 -5.02503E-04 
-2.01267E-03 -4.62745E-04 
-2.06673E-03 -4.19066E-04 
-2.11585E-03 -3.72069E-04 
-2.15833E-03 -3.22302E-04 
-2.19240E-03 -2.69963E-04 
-2.21577E-03 -2.13886E-04 
-2.22366E-03 -1.48007E-04 
-2.20175E-03 -5.05896E-05 
-2.11072E-03 1.33144E-04 
-1.89475E-03 4.57859E-04 
-1.57445E-03 8.42335E-04 
-1.26045E-03 1.11638E-03 
-1.81416E-03 -5.85712E-04 
-1.81669E-03 -5.98271E-04 
-1.65549E-03 -6.35129E-04 
-1.67758E-03 -6.43579E-04 
-1.70630E-03 -6.46556E-04 
-1.74118E-03 -6.44003E-04 
-1.78159E-03 -6.35940E-04 
-1.81617E-03 -6.25977E-04 
-1.82676E-03 -6.22461E-04 
-1.87973E-03 -6.02054E-04 
-1.93586E-03 -5.75860E-04 
-1.99370E-03 -5.44287E-04 
-2.05170E-03 -5.07845E-04 
-2.08042E-03 -4.88946E-04 
-2.13613E-03 -4.41103E-04 
-2.18698E-03 -3.90200E-04 
-2.23125E-03 -3.36977E-04 
-2.26727E-03 -2.82093E-04 
-2.29328E-03 -2.25802E-04 
-2.30675E-03 -1.66895E-04 
-2.30182E-03 -9.90259E-05 
-2.26006E-03 3.58768E-07 
-2.13118E-03 1.87317E-04 
-1.84641E-03 5.15635E-04 
-1.43914E-03 8.98194E-04 
-1.05437E-03 1.16103E-03 
-1.90587E-03 -6.25236E-04 
-1.91683E-03 -6.31556E-04 
-1.73930E-03 -6.95609E-04 
-1.77130E-03 -6.95154E-04 
-1.80921E-03 -6.88740E-04 
-1.85241E-03 -6.76423E-04 
-1.90016E-03 -6.58355E-04 
-1.93965E-03 -6.40578E-04 
-1.95155E-03 -6.34778E-04 
-2.00989E-03 -6.03558E-04 
-2.06987E-03 -5.66820E-04 
-2.12998E-03 -5.25166E-04 
-2.18860E-03 -4.79288E-04 
-2.21812E-03 -4.54983E-04 
-2.27066E-03 -3.99166E-04 
-2.31664E-03 -3.41441E-04 
-2.35440E-03 -2.82658E-04 
-2.38235E-03 -2.23549E-04 
-2.39876E-03 -1.64390E-04 
-2.40092E-03 -1.03913E-04 
-2.38176E-03 -3.55577E-05 
-2.31837E-03 6.36625E-05 
-2.14847E-03 2.49949E-04 
-1.78959E-03 5.74772E-04 
-1.28977E-03 9.46342E-04 
-8.31591E-04 1.19066E-03 
-2.00871E-03 -6.50387E-04 
-2.02912E-03 -6.50034E-04 
-1.84100E-03 -7.44714E-04 
-1.88391E-03 -7.33204E-04 
-1.93130E-03 -7.14888E-04 
-1.98275E-03 -6.90577E-04 
-2.03749E-03 -6.60647E-04 
-2.08146E-03 -6.33857E-04 
-2.09450E-03 -6.25458E-04 
-2.15726E-03 -5.82163E-04 
-2.21990E-03 -5.34004E-04 
-2.28085E-03 -4.81772E-04 
-2.33849E-03 -4.26326E-04 
-2.36835E-03 -3.96026E-04 
-2.41578E-03 -3.32896E-04 
-2.45496E-03 -2.69277E-04 
-2.48437E-03 -2.06083E-04 
-2.50253E-03 -1.44070E-04 
-2.50780E-03 -8.34971E-05 
-2.49727E-03 -2.30212E-05 
-2.46260E-03 4.40339E-05 
-2.37601E-03 1.40607E-04 
-2.16233E-03 3.21683E-04 
-1.72478E-03 6.34811E-04 
-1.12796E-03 9.85219E-04 
-5.94937E-04 1.20329E-03 
-2.14572E-03 -7.23097E-04 
-2.17989E-03 -6.91317E-04 
-1.96762E-03 -7.75917E-04 
-2.01782E-03 -7.46486E-04 
-2.07529E-03 -7.16289E-04 
-2.13478E-03 -6.78845E-04 
-2.19556E-03 -6.35629E-04 
-2.24304E-03 -5.98982E-04 
-2.25693E-03 -5.87788E-04 
-2.32252E-03 -5.31762E-04 
-2.38600E-03 -4.71948E-04 
-2.44583E-03 -4.09291E-04 
-2.50046E-03 -3.44789E-04 
-2.52986E-03 -3.08233E-04 
-2.56995E-03 -2.39062E-04 
-2.60022E-03 -1.71028E-04 
-2.61931E-03 -1.05056E-04 
-2.62595E-03 -4.18735E-05 
-2.61859E-03 1.83278E-05 
-2.59412E-03 7.69704E-05 
-2.54285E-03 1.40715E-04 
-2.43177E-03 2.31877E-04 
-2.17204E-03 4.02654E-04 
-1.65214E-03 6.94966E-04 
-9.55177E-04 1.01320E-03 
-3.47084E-04 1.19712E-03 
-2.01762E-03 1.18188E-04 
-2.12644E-03 -3.04848E-04 
-2.12630E-03 -8.10042E-04 
-2.18913E-03 -7.51042E-04 
-2.24307E-03 -6.84986E-04 
-2.30816E-03 -6.33014E-04 
-2.37386E-03 -5.76907E-04 
-2.42350E-03 -5.30299E-04 
-2.43778E-03 -5.16293E-04 
-2.50392E-03 -4.47735E-04 
-2.56588E-03 -3.76903E-04 
-2.62217E-03 -3.04813E-04 
-2.67135E-03 -2.32542E-04 
-2.69916E-03 -1.89949E-04 
-2.72957E-03 -1.16650E-04 
-2.74878E-03 -4.62274E-05 
-2.75568E-03 2.04440E-05 
-2.74921E-03 8.27231E-05 
-2.72796E-03 1.40524E-04 
-2.68861E-03 1.95345E-04 
-2.62001E-03 2.53666E-04 
-2.48366E-03 3.36519E-04 
-2.17648E-03 4.91618E-04 
-1.57217E-03 7.53542E-04 
-7.73978E-04 1.02839E-03 
-9.23668E-05 1.17067E-03 
-2.11053E-03 3.22136E-04 
-2.24800E-03 -1.80408E-04 
-2.30747E-03 -7.80764E-04 
-2.37801E-03 -7.01420E-04 
-2.43521E-03 -6.15563E-04 
-2.50415E-03 -5.48936E-04 
-2.57187E-03 -4.79490E-04 
-2.62161E-03 -4.23379E-04 
-2.63569E-03 -4.06758E-04 
-2.69956E-03 -3.26807E-04 
-2.75714E-03 -2.46414E-04 
-2.80707E-03 -1.66639E-04 
-2.84812E-03 -8.85774E-05 
-2.87288E-03 -4.06585E-05 
-2.89119E-03 3.43394E-05 
-2.89724E-03 1.04708E-04 
-2.89017E-03 1.69685E-04 
-2.86917E-03 2.28766E-04 
-2.83298E-03 2.82003E-04 
-2.77804E-03 3.30947E-04 
-2.69166E-03 3.81703E-04 
-2.52959E-03 4.53295E-04 
-2.17415E-03 5.87153E-04 
-1.48438E-03 8.08842E-04 
-5.85234E-04 1.02907E-03 
1.67227E-04 1.12266E-03 
-2.20798E-03 5.86369E-04 
-2.37778E-03 -8.54376E-06 
-2.51697E-03 -7.08180E-04 
-2.59244E-03 -6.08205E-04 
-2.64944E-03 -5.02559E-04 
-2.71922E-03 -4.22280E-04 
-2.78592E-03 -3.40861E-04 
-2.83337E-03 -2.76512E-04 
-2.84656E-03 -2.57676E-04 
-2.90486E-03 -1.68431E-04 
-2.95487E-03 -8.08188E-05 
-2.99544E-03 4.12466E-06 
-3.02557E-03 8.53540E-05 
-3.04558E-03 1.37353E-04 
-3.04956E-03 2.11225E-04 
-3.04057E-03 2.78816E-04 
-3.01805E-03 3.39531E-04 
-2.98145E-03 3.93043E-04 
-2.92964E-03 4.39562E-04 
-2.85879E-03 4.80648E-04 
-2.75459E-03 5.21811E-04 
-2.56688E-03 5.79309E-04 
-2.16325E-03 6.86501E-04 
-1.38857E-03 8.58416E-04 
-3.90732E-04 1.01350E-03 
4.28430E-04 1.05235E-03 
-2.30566E-03 9.15197E-04 
-2.51164E-03 2.14097E-04 
-2.75228E-03 -5.88245E-04 
-2.82908E-03 -4.68605E-04 
-2.88162E-03 -3.44333E-04 
-2.94865E-03 -2.52488E-04 
-3.01084E-03 -1.61460E-04 
-3.05333E-03 -9.08394E-05 
-3.06486E-03 -7.03867E-05 
-3.11407E-03 2.52034E-05 
-3.15321E-03 1.16969E-04 
-3.18141E-03 2.03970E-04 
-3.19796E-03 2.85280E-04 
-3.21139E-03 3.39640E-04 
-3.19910E-03 4.09362E-04 
-3.17357E-03 4.71362E-04 
-3.13453E-03 5.25249E-04 
-3.08166E-03 5.70904E-04 
-3.01394E-03 6.08694E-04 
-2.92726E-03 6.40130E-04 
-2.80560E-03 6.69884E-04 
-2.59283E-03 7.10703E-04 
-2.14193E-03 7.86170E-04 
-1.28440E-03 8.99504E-04 
-1.91949E-04 9.80100E-04 
6.88501E-04 9.59398E-04 
-2.39723E-03 1.30889E-03 
-2.64363E-03 4.87660E-04 
-3.00844E-03 -4.20649E-04 
-3.08237E-03 -2.83494E-04 
-3.12561E-03 -1.42790E-04 
-3.18597E-03 -4.23762E-05 
-3.23993E-03 5.51006E-05 
-3.27471E-03 1.29481E-04 
-3.28379E-03 1.50808E-04 
-3.32037E-03 2.49181E-04 
-3.34547E-03 3.41556E-04 
-3.35852E-03 4.27157E-04 
-3.35911E-03 5.05236E-04 
-3.36412E-03 5.59885E-04 
-3.33409E-03 6.22463E-04 
-3.29098E-03 6.76169E-04 
-3.23480E-03 7.20843E-04 
-3.16545E-03 7.56585E-04 
-3.08199E-03 7.83903E-04 
-2.97996E-03 8.04184E-04 
-2.84157E-03 8.21023E-04 
-2.60478E-03 8.42945E-04 
-2.10840E-03 8.82238E-04 
-1.17161E-03 9.29338E-04 
9.59686E-06 9.27731E-04 
9.44800E-04 8.44159E-04 
-2.47422E-03 1.76369E-03 
-2.76549E-03 8.09372E-04 
-3.27785E-03 -2.08395E-04 
-3.34451E-03 -5.69871E-05 
-3.37337E-03 9.70414E-05 
-3.42312E-03 2.02300E-04 
-3.46524E-03 3.02467E-04 
-3.48969E-03 3.77719E-04 
-3.49560E-03 3.99082E-04 
-3.51632E-03 4.96301E-04 
-3.52458E-03 5.85507E-04 
-3.52013E-03 6.66141E-04 
-3.50288E-03 7.37680E-04 
-3.49777E-03 7.90331E-04 
-3.44909E-03 8.42996E-04 
-3.38792E-03 8.85989E-04 
-3.31451E-03 9.19393E-04 
-3.22896E-03 9.43519E-04 
-3.13035E-03 9.58986E-04 
-3.01379E-03 9.66970E-04 
-2.85978E-03 9.69761E-04 
-2.60049E-03 9.71035E-04 
-2.06123E-03 9.70525E-04 
-1.05022E-03 9.45272E-04 
2.12264E-04 8.55768E-04 
1.19474E-03 7.07657E-04 
-2.52814E-03 2.27073E-03 
-2.86786E-03 1.17308E-03 
-3.55133E-03 4.21294E-05 
-3.60648E-03 2.03656E-04 
-3.61597E-03 3.67254E-04 
-3.65146E-03 4.73212E-04 
-3.67850E-03 5.72016E-04 
-3.69032E-03 6.45097E-04 
-3.69243E-03 6.65624E-04 
-3.69458E-03 7.57678E-04 
-3.68376E-03 8.39976E-04 
-3.66005E-03 9.12221E-04 
-3.62367E-03 9.74139E-04 
-3.60701E-03 1.02245E-03 
-3.53939E-03 1.06284E-03 
-3.46025E-03 1.09313E-03 
-3.37005E-03 1.11365E-03 
-3.26903E-03 1.12490E-03 
-3.15624E-03 1.12757E-03 
-3.02636E-03 1.12253E-03 
-2.85815E-03 1.11056E-03 
-2.57825E-03 1.08998E-03 
-1.99949E-03 1.04703E-03 
-9.20668E-04 9.45150E-04 
4.14146E-04 7.64363E-04 
1.43568E-03 5.51781E-04 
-2.55089E-03 2.81669E-03 
-2.94145E-03 1.56908E-03 
-3.81911E-03 3.21270E-04 
-3.85896E-03 4.88309E-04 
-3.84444E-03 6.57459E-04 
-3.86249E-03 7.59976E-04 
-3.87175E-03 8.53474E-04 
-3.86910E-03 9.21477E-04 
-3.86691E-03 9.40344E-04 
-3.84842E-03 1.02350E-03 
-3.81696E-03 1.09551E-03 
-3.77289E-03 1.15636E-03 
-3.71674E-03 1.20604E-03 
-3.68745E-03 1.24781E-03 
-3.60119E-03 1.27410E-03 
-3.50472E-03 1.29024E-03 
-3.39866E-03 1.29679E-03 
-3.28331E-03 1.29440E-03 
-3.15766E-03 1.28377E-03 
-3.01593E-03 1.26540E-03 
-2.83517E-03 1.23839E-03 
-2.53694E-03 1.19533E-03 
-1.92274E-03 1.10841E-03 
-7.83705E-04 9.27631E-04 
6.13246E-04 6.54605E-04 
1.66505E-03 3.79324E-04 
-2.53070E-03 3.38130E-03 
-2.97379E-03 1.98446E-03 
-4.06896E-03 6.16610E-04 
-4.09083E-03 7.84252E-04 
-4.04847E-03 9.54886E-04 
-4.04684E-03 1.05011E-03 
-4.03655E-03 1.13473E-03 
-4.01829E-03 1.19508E-03 
-4.01153E-03 1.21157E-03 
-3.97130E-03 1.28262E-03 
-3.91855E-03 1.34155E-03 
-3.85390E-03 1.38862E-03 
-3.77814E-03 1.42408E-03 
-3.73564E-03 1.45743E-03 
-3.63174E-03 1.46848E-03 
-3.51916E-03 1.46969E-03 
-3.39866E-03 1.46180E-03 
-3.27054E-03 1.44556E-03 
-3.13369E-03 1.42166E-03 
-2.98183E-03 1.39014E-03 
-2.79046E-03 1.34831E-03 
-2.47651E-03 1.28285E-03 
-1.83165E-03 1.15180E-03 
-6.41264E-04 8.92341E-04 
8.06434E-04 5.29006E-04 
1.87934E-03 1.94695E-04 
-2.46591E-03 3.94823E-03 
-2.95791E-03 2.40929E-03 
-4.29527E-03 9.19098E-04 
-4.29734E-03 1.08255E-03 
-4.22369E-03 1.25091E-03 
-4.20062E-03 1.33554E-03 
-4.16947E-03 1.40827E-03 
-4.13480E-03 1.45880E-03 
-4.12325E-03 1.47231E-03 
-4.06062E-03 1.52864E-03 
-3.98633E-03 1.57225E-03 
-3.90125E-03 1.60371E-03 
-3.80637E-03 1.62349E-03 
-3.75035E-03 1.64680E-03 
-3.63004E-03 1.64195E-03 
-3.50281E-03 1.62786E-03 
-3.36943E-03 1.60541E-03 
-3.23022E-03 1.57544E-03 
-3.08389E-03 1.53856E-03 
-2.92368E-03 1.49430E-03 
-2.72364E-03 1.43810E-03 
-2.39662E-03 1.35063E-03 
-1.72602E-03 1.17589E-03 
-4.93334E-04 8.39049E-04 
9.93601E-04 3.88543E-04 
2.07853E-03 -4.10759E-07 
-2.35113E-03 4.48447E-03 
-2.88086E-03 2.82532E-03 
-4.48484E-03 1.21429E-03 
-4.46751E-03 1.36869E-03 
-4.36061E-03 1.53130E-03 
-4.31565E-03 1.60282E-03 
-4.26361E-03 1.66151E-03 
-4.21265E-03 1.70071E-03 
-4.19639E-03 1.71083E-03 
-4.11187E-03 1.75071E-03 
-4.01686E-03 1.77770E-03 
-3.91245E-03 1.79259E-03 
-3.79980E-03 1.79608E-03 
-3.73058E-03 1.80833E-03 
-3.59575E-03 1.78768E-03 
-3.45581E-03 1.75862E-03 
-3.31157E-03 1.72215E-03 
-3.16327E-03 1.67915E-03 
-3.00944E-03 1.63009E-03 
-2.84285E-03 1.57398E-03 
-2.63627E-03 1.50435E-03 
-2.29914E-03 1.39601E-03 
-1.60835E-03 1.17951E-03 
-3.43461E-04 7.69208E-04 
1.17032E-03 2.37579E-04 
2.25808E-03 -1.99894E-04 
-2.21206E-03 4.96127E-03 
-2.74090E-03 3.21677E-03 
-4.63036E-03 1.49361E-03 
-4.59619E-03 1.63420E-03 
-4.45537E-03 1.78779E-03 
-4.38892E-03 1.84441E-03 
-4.31669E-03 1.88757E-03 
-4.25008E-03 1.91443E-03 
-4.22932E-03 1.92089E-03 
-4.12404E-03 1.94327E-03 
-4.00969E-03 1.95293E-03 
-3.88752E-03 1.95090E-03 
-3.75885E-03 1.93804E-03 
-3.67713E-03 1.93861E-03 
-3.52989E-03 1.90274E-03 
-3.37941E-03 1.85948E-03 
-3.22644E-03 1.80989E-03 
-3.07113E-03 1.75487E-03 
-2.91182E-03 1.69473E-03 
-2.74085E-03 1.62790E-03 
-2.52989E-03 1.54606E-03 
-2.18567E-03 1.41842E-03 
-1.48042E-03 1.16294E-03 
-1.93660E-04 6.84545E-04 
1.33452E-03 7.93663E-05 
2.41619E-03 -3.99723E-04 
-2.02843E-03 5.35270E-03 
-2.53091E-03 3.56901E-03 
-4.72561E-03 1.74806E-03 
-4.67868E-03 1.87023E-03 
-4.50435E-03 2.01183E-03 
-4.41783E-03 2.05265E-03 
-4.32699E-03 2.07971E-03 
-4.24596E-03 2.09381E-03 
-4.22105E-03 2.09652E-03 
-4.09683E-03 2.10113E-03 
-3.96506E-03 2.09352E-03 
-3.82717E-03 2.07491E-03 
-3.68459E-03 2.04626E-03 
-3.59144E-03 2.03503E-03 
-3.43415E-03 1.98502E-03 
-3.27544E-03 1.92875E-03 
-3.11598E-03 1.86732E-03 
-2.95583E-03 1.80160E-03 
-2.79309E-03 1.73172E-03 
-2.61972E-03 1.65555E-03 
-2.40654E-03 1.56299E-03 
-2.05832E-03 1.41801E-03 
-1.34444E-03 1.12715E-03 
-4.63211E-05 5.87477E-04 
1.48386E-03 -8.22327E-05 
2.55090E-03 -5.95361E-04 
-1.86237E-03 5.60846E-03 
-2.24467E-03 3.86481E-03 
-4.76520E-03 1.97145E-03 
-4.71415E-03 2.06997E-03 
-4.50796E-03 2.19659E-03 
-4.40325E-03 2.22152E-03 
-4.29576E-03 2.23270E-03 
-4.20176E-03 2.23424E-03 
-4.17314E-03 2.23327E-03 
-4.03204E-03 2.22061E-03 
-3.88500E-03 2.19649E-03 
-3.73361E-03 2.16225E-03 
-3.57939E-03 2.11895E-03 
-3.47611E-03 2.09628E-03 
-3.31118E-03 2.03362E-03 
-3.14658E-03 1.96588E-03 
-2.98290E-03 1.89418E-03 
-2.82003E-03 1.81933E-03 
-2.65588E-03 1.74126E-03 
-2.48207E-03 1.65729E-03 
-2.26878E-03 1.55568E-03 
-1.91961E-03 1.39568E-03 
-1.20300E-03 1.07374E-03 
9.60270E-05 4.80751E-04 
1.61610E-03 -2.43370E-04 
2.66048E-03 -7.82546E-04 
-1.72787E-03 5.69890E-03 
-1.88904E-03 4.08413E-03 
-4.73973E-03 2.15988E-03 
-4.69597E-03 2.22954E-03 
-4.46212E-03 2.33784E-03 
-4.34263E-03 2.34744E-03 
-4.22169E-03 2.34364E-03 
-4.11706E-03 2.33324E-03 
-4.08538E-03 2.32878E-03 
-3.93040E-03 2.29989E-03 
-3.77096E-03 2.26053E-03 
-3.60886E-03 2.21212E-03 
-3.44569E-03 2.15570E-03 
-3.33401E-03 2.12237E-03 
-3.16404E-03 2.04886E-03 
-2.99600E-03 1.97144E-03 
-2.83037E-03 1.89124E-03 
-2.66690E-03 1.80899E-03 
-2.50331E-03 1.72443E-03 
-2.33095E-03 1.63433E-03 
-2.11961E-03 1.52551E-03 
-1.77249E-03 1.35304E-03 
-1.05894E-03 1.00487E-03 
2.30740E-04 3.67403E-04 
1.72907E-03 -4.00242E-04 
2.74337E-03 -9.57306E-04 
-1.68572E-03 5.57693E-03 
-1.46053E-03 4.21091E-03 
-4.64602E-03 2.31158E-03 
-4.62674E-03 2.34668E-03 
-4.37145E-03 2.43327E-03 
-4.24133E-03 2.42890E-03 
-4.11050E-03 2.41165E-03 
-3.99762E-03 2.39031E-03 
-3.96354E-03 2.38265E-03 
-3.79769E-03 2.33904E-03 
-3.62869E-03 2.28615E-03 
-3.45860E-03 2.22538E-03 
-3.28909E-03 2.15775E-03 
-3.17082E-03 2.11488E-03 
-2.99826E-03 2.03255E-03 
-2.82909E-03 1.94746E-03 
-2.66365E-03 1.86070E-03 
-2.50154E-03 1.77291E-03 
-2.34032E-03 1.68363E-03 
-2.17113E-03 1.58917E-03 
-1.96363E-03 1.47507E-03 
-1.62138E-03 1.29295E-03 
-9.16406E-04 9.23951E-04 
3.54300E-04 2.51739E-04 
1.82029E-03 -5.47859E-04 
2.79821E-03 -1.11465E-03 
-1.86037E-03 5.18810E-03 
-9.75782E-04 4.22296E-03 
-4.47587E-03 2.43056E-03 
-4.50503E-03 2.42360E-03 
-4.23683E-03 2.48325E-03 
-4.10054E-03 2.46635E-03 
-3.96353E-03 2.43745E-03 
-3.84486E-03 2.40631E-03 
-3.80904E-03 2.39578E-03 
-3.63522E-03 2.33916E-03 
-3.45932E-03 2.27461E-03 
-3.28377E-03 2.20347E-03 
-3.11038E-03 2.12663E-03 
-2.98726E-03 2.07555E-03 
-2.81442E-03 1.98644E-03 
-2.64627E-03 1.89564E-03 
-2.48304E-03 1.80421E-03 
-2.32415E-03 1.71268E-03 
-2.16700E-03 1.62040E-03 
-2.00263E-03 1.52328E-03 
-1.80078E-03 1.40576E-03 
-1.46615E-03 1.21670E-03 
-7.75153E-04 8.32086E-04 
4.67156E-04 1.34476E-04 
1.89042E-03 -6.86029E-04 
2.82578E-03 -1.25486E-03 
-2.32720E-03 4.49668E-03 
-4.48484E-04 4.09872E-03 
-4.22059E-03 2.51799E-03 
-4.32729E-03 2.46171E-03 
-4.05828E-03 2.48849E-03 
-3.92206E-03 2.46104E-03 
-3.78390E-03 2.42280E-03 
-3.66273E-03 2.38330E-03 
-3.62606E-03 2.37031E-03 
-3.44801E-03 2.30268E-03 
-3.26847E-03 2.22861E-03 
-3.09040E-03 2.14930E-03 
-2.91579E-03 2.06542E-03 
-2.78987E-03 2.00768E-03 
-2.61901E-03 1.91394E-03 
-2.45396E-03 1.81948E-03 
-2.29478E-03 1.72531E-03 
-2.14078E-03 1.63186E-03 
-1.98921E-03 1.53831E-03 
-1.83107E-03 1.44020E-03 
-1.63646E-03 1.32115E-03 
-1.31190E-03 1.12798E-03 
-6.39753E-04 7.33285E-04 
5.65759E-04 2.01029E-05 
1.93742E-03 -8.10071E-04 
2.82545E-03 -1.37362E-03 
-3.28760E-03 3.44174E-03 
1.05841E-04 3.81216E-03 
-3.86849E-03 2.57889E-03 
-4.09383E-03 2.46474E-03 
-3.83975E-03 2.45120E-03 
-3.71085E-03 2.41562E-03 
-3.57721E-03 2.37075E-03 
-3.45693E-03 2.32441E-03 
-3.42023E-03 2.30938E-03 
-3.24140E-03 2.23276E-03 
-3.06104E-03 2.15136E-03 
-2.88294E-03 2.06610E-03 
-2.70942E-03 1.97740E-03 
-2.58251E-03 1.91463E-03 
-2.41562E-03 1.81832E-03 
-2.25545E-03 1.72217E-03 
-2.10196E-03 1.62710E-03 
-1.95429E-03 1.53345E-03 
-1.80961E-03 1.44023E-03 
-1.65894E-03 1.34271E-03 
-1.47297E-03 1.22391E-03 
-1.16069E-03 1.02935E-03 
-5.11848E-04 6.29962E-04 
6.49240E-04 -8.93143E-05 
1.96140E-03 -9.18508E-04 
2.79813E-03 -1.47009E-03 
-4.96132E-03 1.99463E-03 
6.17626E-04 3.33216E-03 
-3.41428E-03 2.61829E-03 
-3.80438E-03 2.43892E-03 
-3.58649E-03 2.37575E-03 
-3.47323E-03 2.33443E-03 
-3.34983E-03 2.28554E-03 
-3.23374E-03 2.23374E-03 
-3.19784E-03 2.21705E-03 
-3.02139E-03 2.13337E-03 
-2.84268E-03 2.04677E-03 
-2.66669E-03 1.95775E-03 
-2.49617E-03 1.86636E-03 
-2.36987E-03 1.80025E-03 
-2.20857E-03 1.70336E-03 
-2.05477E-03 1.60735E-03 
-1.90830E-03 1.51311E-03 
-1.76814E-03 1.42084E-03 
-1.63140E-03 1.32943E-03 
-1.48922E-03 1.23395E-03 
-1.31303E-03 1.11704E-03 
-1.01494E-03 9.23664E-04 
-3.93305E-04 5.24714E-04 
7.16735E-04 -1.91643E-04 
1.96277E-03 -1.00994E-03 
2.74523E-03 -1.54365E-03 
-7.63748E-03 1.15636E-04 
1.03651E-03 2.62565E-03 
-2.84817E-03 2.63985E-03 
-3.45304E-03 2.38932E-03 
-3.29424E-03 2.26533E-03 
-3.20594E-03 2.22086E-03 
-3.10026E-03 2.17100E-03 
-2.99288E-03 2.11530E-03 
-2.95889E-03 2.09735E-03 
-2.78919E-03 2.00866E-03 
-2.61544E-03 1.91902E-03 
-2.44420E-03 1.82840E-03 
-2.27888E-03 1.73632E-03 
-2.15495E-03 1.66845E-03 
-2.00080E-03 1.57270E-03 
-1.85474E-03 1.47848E-03 
-1.71645E-03 1.38654E-03 
-1.58482E-03 1.29704E-03 
-1.45690E-03 1.20872E-03 
-1.32400E-03 1.11654E-03 
-1.15856E-03 1.00300E-03 
-8.76289E-04 8.13176E-04 
-2.85265E-04 4.19475E-04 
7.67999E-04 -2.85578E-04 
1.94238E-03 -1.08394E-03 
2.66841E-03 -1.59463E-03 
-1.17116E-02 -2.17887E-03 
1.24968E-03 1.65716E-03 
-2.17667E-03 2.64746E-03 
-3.04679E-03 2.32178E-03 
-2.97122E-03 2.12417E-03 
-2.91735E-03 2.07967E-03 
-2.83669E-03 2.03193E-03 
-2.74199E-03 1.97347E-03 
-2.71081E-03 1.95456E-03 
-2.55108E-03 1.86224E-03 
-2.38453E-03 1.77134E-03 
-2.21990E-03 1.68108E-03 
-2.06144E-03 1.59033E-03 
-1.94144E-03 1.52247E-03 
-1.79577E-03 1.42967E-03 
-1.65858E-03 1.33883E-03 
-1.52942E-03 1.25065E-03 
-1.40711E-03 1.16518E-03 
-1.28867E-03 1.08112E-03 
-1.16566E-03 9.93344E-04 
-1.01166E-03 8.84467E-04 
-7.46508E-04 7.00322E-04 
-1.88875E-04 3.16256E-04 
8.03007E-04 -3.69891E-04 
1.90155E-03 -1.14031E-03 
2.56997E-03 -1.62375E-03 
-1.75272E-02 -4.84749E-03 
1.11803E-03 3.94527E-04 
-1.41931E-03 2.64109E-03 
-2.58795E-03 2.24206E-03 
-2.61785E-03 1.95711E-03 
-2.60780E-03 1.91671E-03 
-2.56139E-03 1.87534E-03 
-2.48497E-03 1.81588E-03 
-2.45791E-03 1.79638E-03 
-2.31265E-03 1.70212E-03 
-2.15584E-03 1.61141E-03 
-1.99936E-03 1.52278E-03 
-1.84887E-03 1.43452E-03 
-1.73373E-03 1.36765E-03 
-1.59725E-03 1.27885E-03 
-1.46953E-03 1.19241E-03 
-1.35002E-03 1.10894E-03 
-1.23745E-03 1.02841E-03 
-1.12883E-03 9.49446E-04 
-1.01605E-03 8.66927E-04 
-8.73959E-04 7.63758E-04 
-6.26861E-04 5.87131E-04 
-1.04772E-04 2.16578E-04 
8.22210E-04 -4.43967E-04 
1.84200E-03 -1.17958E-03 
2.45250E-03 -1.63243E-03 
-2.55050E-02 -7.76443E-03 
4.61991E-04 -1.18874E-03 
-6.28368E-04 2.62090E-03 
-2.09445E-03 2.15391E-03 
-2.23873E-03 1.76486E-03 
-2.27774E-03 1.73260E-03 
-2.27410E-03 1.70161E-03 
-2.22153E-03 1.64246E-03 
-2.19991E-03 1.62267E-03 
-2.07380E-03 1.52788E-03 
-1.92972E-03 1.43915E-03 
-1.78347E-03 1.35409E-03 
-1.64241E-03 1.27010E-03 
-1.53338E-03 1.20579E-03 
-1.40689E-03 1.12236E-03 
-1.28926E-03 1.04150E-03 
-1.17987E-03 9.63754E-04 
-1.07737E-03 8.89019E-04 
-9.78815E-04 8.15887E-04 
-8.76431E-04 7.39329E-04 
-7.46503E-04 6.42732E-04 
-5.18111E-04 4.75178E-04 
-3.31353E-05 1.21489E-04 
8.26463E-04 -5.07713E-04 
1.76577E-03 -1.20282E-03 
2.31881E-03 -1.62259E-03 
-3.58473E-02 -1.06635E-02 
-9.22766E-04 -3.09671E-03 
1.07698E-04 2.58387E-03 
-1.60137E-03 2.06319E-03 
-1.84691E-03 1.55224E-03 
-1.93361E-03 1.53329E-03 
-1.98105E-03 1.51807E-03 
-1.95845E-03 1.46089E-03 
-1.94368E-03 1.44108E-03 
-1.84124E-03 1.34677E-03 
-1.71200E-03 1.26103E-03 
-1.57711E-03 1.18066E-03 
-1.44626E-03 1.10210E-03 
-1.34403E-03 1.04137E-03 
-1.22779E-03 9.64119E-04 
-1.12042E-03 8.89554E-04 
-1.02122E-03 8.18144E-04 
-9.28783E-04 7.49725E-04 
-8.40226E-04 6.82888E-04 
-7.48167E-04 6.12743E-04 
-6.30401E-04 5.23326E-04 
-4.21005E-04 3.66066E-04 
2.59600E-05 3.19792E-05 
8.16856E-04 -5.61221E-04 
1.67527E-03 -1.21141E-03 
2.17212E-03 -1.59654E-03 
-4.82530E-02 -1.31516E-02 
-3.20541E-03 -5.29915E-03 
6.55872E-04 2.53290E-03 
-1.16493E-03 1.97617E-03 
-1.45791E-03 1.32005E-03 
-1.57612E-03 1.31924E-03 
-1.67948E-03 1.32615E-03 
-1.69302E-03 1.27309E-03 
-1.68670E-03 1.25366E-03 
-1.61378E-03 1.16128E-03 
-1.50266E-03 1.07974E-03 
-1.38073E-03 1.00504E-03 
-1.26089E-03 9.32729E-04 
-1.16621E-03 8.76442E-04 
-1.06054E-03 8.06057E-04 
-9.63564E-04 7.38337E-04 
-8.74558E-04 6.73703E-04 
-7.92094E-04 6.11959E-04 
-7.13376E-04 5.51711E-04 
-6.31451E-04 4.88264E-04 
-5.25703E-04 4.06449E-04 
-3.35359E-04 2.60424E-04 
7.31609E-05 -5.18534E-05 
7.94838E-04 -6.05325E-04 
1.57279E-03 -1.20725E-03 
2.01522E-03 -1.55687E-03 
-6.12747E-02 -1.46151E-02 
-6.34167E-03 -7.69404E-03 
8.40855E-04 2.47846E-03 
-8.69142E-04 1.90341E-03 
-1.10526E-03 1.07511E-03 
-1.21929E-03 1.09570E-03 
-1.37743E-03 1.13115E-03 
-1.43194E-03 1.08419E-03 
-1.43545E-03 1.06544E-03 
-1.39690E-03 9.75810E-04 
-1.30642E-03 8.99355E-04 
-1.19875E-03 8.31372E-04 
-1.09046E-03 7.66179E-04 
-1.00366E-03 7.15068E-04 
-9.08348E-04 6.51947E-04 
-8.21462E-04 5.91356E-04 
-7.42280E-04 5.33685E-04 
-6.69369E-04 4.78716E-04 
-6.00032E-04 4.25098E-04 
-5.27768E-04 3.68381E-04 
-4.33579E-04 2.94302E-04 
-2.61862E-04 1.60025E-04 
1.08737E-04 -1.29071E-04 
7.62355E-04 -6.40566E-04 
1.46213E-03 -1.19257E-03 
1.85304E-03 -1.50694E-03 
-7.22569E-02 -1.43060E-02 
-9.96539E-03 -1.01881E-02 
4.90358E-04 2.43049E-03 
-8.21280E-04 1.85953E-03 
-8.24048E-04 8.17132E-04 
-8.68528E-04 8.59893E-04 
-1.07116E-03 9.32520E-04 
-1.17015E-03 8.94633E-04 
-1.18492E-03 8.76999E-04 
-1.18695E-03 7.91564E-04 
-1.12076E-03 7.21091E-04 
-1.02886E-03 6.60287E-04 
-9.32647E-04 6.02507E-04 
-8.54106E-04 5.56925E-04 
-7.69052E-04 5.01199E-04 
-6.92033E-04 4.47818E-04 
-6.22373E-04 3.97142E-04 
-5.58648E-04 3.48937E-04 
-4.98286E-04 3.01912E-04 
-4.35264E-04 2.51894E-04 
-3.52234E-04 1.85625E-04 
-1.98799E-04 6.35218E-05 
1.34244E-04 -2.01190E-04 
7.20646E-04 -6.68729E-04 
1.34409E-03 -1.16941E-03 
1.68593E-03 -1.44881E-03 
-7.57235E-02 -1.12614E-02 
-1.30098E-02 -1.25854E-02 
-5.28906E-04 2.41247E-03 
-1.14522E-03 1.87226E-03 
-6.74083E-04 5.59827E-04 
-5.47174E-04 6.15555E-04 
-7.69307E-04 7.31953E-04 
-9.13280E-04 7.06617E-04 
-9.40435E-04 6.90766E-04 
-9.88333E-04 6.11136E-04 
-9.49343E-04 5.47309E-04 
-8.74263E-04 4.94204E-04 
-7.90268E-04 4.44238E-04 
-7.20005E-04 4.04616E-04 
-6.44799E-04 3.56414E-04 
-5.77111E-04 3.10210E-04 
-5.16351E-04 2.66376E-04 
-4.61171E-04 2.24724E-04 
-4.09136E-04 1.84051E-04 
-3.54711E-04 1.40498E-04 
-2.82191E-04 8.18763E-05 
-1.46297E-04 -2.80018E-05 
1.50365E-04 -2.67874E-04 
6.71802E-04 -6.90802E-04 
1.22226E-03 -1.14021E-03 
1.51834E-03 -1.38586E-03 
-6.38454E-02 -4.43849E-03 
-1.33323E-02 -1.46739E-02 
-2.21647E-03 2.43215E-03 
-1.94283E-03 1.97838E-03 
-7.15929E-04 3.17149E-04 
-2.83359E-04 3.64212E-04 
-4.78906E-04 5.30729E-04 
-6.60959E-04 5.22029E-04 
-7.00530E-04 5.08657E-04 
-7.98215E-04 4.36434E-04 
-7.90241E-04 3.79954E-04 
-7.33957E-04 3.35016E-04 
-6.62868E-04 2.93078E-04 
-6.01062E-04 2.59523E-04 
-5.35176E-04 2.18565E-04 
-4.76205E-04 1.79250E-04 
-4.23725E-04 1.41977E-04 
-3.76437E-04 1.06565E-04 
-3.32058E-04 7.19099E-05 
-2.85544E-04 3.44867E-05 
-2.22808E-04 -1.67808E-05 
-1.03549E-04 -1.14611E-04 
1.58278E-04 -3.29676E-04 
6.17646E-04 -7.08182E-04 
1.09910E-03 -1.10726E-03 
1.35297E-03 -1.32082E-03 
-2.62431E-02 7.21658E-03 
-7.82514E-03 -1.63104E-02 
-4.35259E-03 2.45834E-03 
-3.25639E-03 2.22495E-03 
-1.00865E-03 1.19377E-04 
-1.14265E-04 1.12859E-04 
-2.12600E-04 3.29033E-04 
-4.17982E-04 3.40566E-04 
-4.68998E-04 3.30518E-04 
-6.19099E-04 2.68636E-04 
-6.45732E-04 2.20791E-04 
-6.09459E-04 1.84247E-04 
-5.51136E-04 1.50152E-04 
-4.97443E-04 1.22538E-04 
-4.40164E-04 8.84703E-05 
-3.89133E-04 5.56167E-05 
-3.44112E-04 2.44157E-05 
-3.03906E-04 -5.25493E-06 
-2.66392E-04 -3.43806E-05 
-2.27011E-04 -6.61386E-05 
-1.73242E-04 -1.10479E-04 
-6.95584E-05 -1.96655E-04 
1.59311E-04 -3.87391E-04 
5.60064E-04 -7.22434E-04 
9.77005E-04 -1.07292E-03 
1.19239E-03 -1.25643E-03 
5.04819E-02 2.50786E-02 
7.38733E-03 -1.74649E-02 
-6.51110E-03 2.36404E-03 
-4.99616E-03 2.65760E-03 
-1.58159E-03 6.49517E-06 
-8.42366E-05 -1.29309E-04 
1.06371E-05 1.28056E-04 
-1.89081E-04 1.62798E-04 
-2.48072E-04 1.56833E-04 
-4.47972E-04 1.07201E-04 
-5.12428E-04 6.84551E-05 
-4.98227E-04 4.06890E-05 
-4.53308E-04 1.46629E-05 
-4.07787E-04 -6.87371E-06 
-3.58601E-04 -3.42455E-05 
-3.14834E-04 -6.09652E-05 
-2.76536E-04 -8.65052E-05 
-2.42650E-04 -1.10894E-04 
-2.11236E-04 -1.34975E-04 
-1.78216E-04 -1.61556E-04 
-1.32569E-04 -1.99462E-04 
-4.33026E-05 -2.74536E-04 
1.54748E-04 -4.41800E-04 
5.00786E-04 -7.35009E-04 
8.58109E-04 -1.03929E-03 
1.03881E-03 -1.19508E-03 
1.81199E-01 5.09802E-02 
3.69409E-02 -1.81838E-02 
-8.18767E-03 1.84626E-03 
-6.87576E-03 3.29659E-03 
-2.39760E-03 3.49426E-05 
-2.39190E-04 -3.43880E-04 
1.66891E-04 -7.02984E-05 
1.68269E-05 -1.11851E-05 
-4.42128E-05 -1.21928E-05 
-2.86332E-04 -4.62432E-05 
-3.91557E-04 -7.42604E-05 
-4.01258E-04 -9.30105E-05 
-3.69957E-04 -1.11345E-04 
-3.32222E-04 -1.27294E-04 
-2.90180E-04 -1.48774E-04 
-2.52719E-04 -1.70115E-04 
-2.20227E-04 -1.90688E-04 
-1.91793E-04 -2.10441E-04 
-1.65657E-04 -2.30079E-04 
-1.38191E-04 -2.52056E-04 
-9.97923E-05 -2.84103E-04 
-2.37056E-05 -3.48775E-04 
1.45864E-04 -4.93752E-04 
4.41419E-04 -7.47313E-04 
7.44274E-04 -1.00833E-03 
8.94096E-04 -1.13891E-03 
3.82048E-01 8.80353E-02 
8.49957E-02 -1.84707E-02 
-9.35493E-03 3.56329E-04 
-8.36949E-03 4.09498E-03 
-3.29288E-03 2.64839E-04 
-6.12911E-04 -5.06014E-04 
2.23637E-04 -2.60657E-04 
1.87800E-04 -1.80732E-04 
1.34720E-04 -1.76514E-04 
-1.33948E-04 -1.92709E-04 
-2.81722E-04 -2.08739E-04 
-3.17050E-04 -2.18247E-04 
-2.99458E-04 -2.29197E-04 
-2.69140E-04 -2.39837E-04 
-2.33523E-04 -2.55882E-04 
-2.01576E-04 -2.72378E-04 
-1.74071E-04 -2.88572E-04 
-1.50286E-04 -3.04285E-04 
-1.28647E-04 -3.20065E-04 
-1.05962E-04 -3.38012E-04 
-7.39453E-05 -3.64803E-04 
-9.76265E-06 -4.19872E-04 
1.33801E-04 -5.44007E-04 
3.83338E-04 -7.60561E-04 
6.37028E-04 -9.81648E-04 
7.59696E-04 -1.08966E-03 
6.78465E-01 1.41731E-01 
1.53227E-01 -1.80214E-02 
-1.11869E-02 -2.92084E-03 
-8.83035E-03 4.89125E-03 
-3.93232E-03 7.55961E-04 
-1.21094E-03 -5.83676E-04 
1.44310E-04 -4.37700E-04 
3.07144E-04 -3.45553E-04 
2.76785E-04 -3.36231E-04 
9.40941E-06 -3.32606E-04 
-1.80884E-04 -3.35525E-04 
-2.44158E-04 -3.35486E-04 
-2.40973E-04 -3.39111E-04 
-2.17956E-04 -3.44581E-04 
-1.87940E-04 -3.55771E-04 
-1.60503E-04 -3.68146E-04 
-1.37041E-04 -3.80653E-04 
-1.17045E-04 -3.92972E-04 
-9.91113E-05 -4.05497E-04 
-8.04404E-05 -4.19994E-04 
-5.39518E-05 -4.42152E-04 
-3.83445E-07 -4.88487E-04 
1.19727E-04 -5.93422E-04 
3.27832E-04 -7.75947E-04 
5.37687E-04 -9.60728E-04 
6.36788E-04 -1.04881E-03 
1.11428E+00 2.20562E-01 
2.41992E-01 -1.54458E-02 
-1.73477E-02 -9.02288E-03 
-7.63145E-03 5.36183E-03 
-3.73522E-03 1.54574E-03 
-1.98566E-03 -5.35981E-04 
-1.09557E-04 -5.90364E-04 
3.54622E-04 -5.03089E-04 
3.67006E-04 -4.89832E-04 
1.42088E-04 -4.66448E-04 
-8.80134E-05 -4.55105E-04 
-1.81010E-04 -4.45223E-04 
-1.92744E-04 -4.41868E-04 
-1.76675E-04 -4.42705E-04 
-1.51479E-04 -4.49692E-04 
-1.27805E-04 -4.58511E-04 
-1.07656E-04 -4.67893E-04 
-9.07421E-05 -4.77374E-04 
-7.58367E-05 -4.87185E-04 
-6.05056E-05 -4.98767E-04 
-3.87616E-05 -5.16886E-04 
5.43571E-06 -5.55373E-04 
1.04621E-04 -6.42849E-04 
2.75830E-04 -7.94497E-04 
4.47037E-04 -9.46699E-04 
5.25927E-04 -1.01744E-03 
1.76375E+00 3.34409E-01 
3.51576E-01 -7.59460E-03 
-3.53593E-02 -1.88743E-02 
-4.70933E-03 4.99051E-03 
-1.89055E-03 2.61369E-03 
-2.79741E-03 -3.21629E-04 
-5.71942E-04 -7.01822E-04 
3.04905E-04 -6.47238E-04 
3.85747E-04 -6.32967E-04 
2.60179E-04 -5.92567E-04 
-4.08576E-06 -5.66252E-04 
-1.28484E-04 -5.46212E-04 
-1.55275E-04 -5.36291E-04 
-1.45357E-04 -5.33234E-04 
-1.23898E-04 -5.36904E-04 
-1.02975E-04 -5.42997E-04 
-8.52230E-05 -5.50016E-04 
-7.05994E-05 -5.57321E-04 
-5.80166E-05 -5.65005E-04 
-4.53464E-05 -5.74229E-04 
-2.75599E-05 -5.88934E-04 
8.55210E-06 -6.20543E-04 
8.94786E-05 -6.92524E-04 
2.28559E-04 -8.16828E-04 
3.66445E-04 -9.40492E-04 
4.28399E-04 -9.96494E-04 
2.77219E+00 4.95182E-01 
4.90641E-01 1.11707E-02 
-7.82021E-02 -3.31616E-02 
-1.03281E-03 3.08870E-03 
2.66141E-03 3.88042E-03 
-3.40817E-03 9.83214E-05 
-1.27238E-03 -7.54537E-04 
1.30630E-04 -7.73567E-04 
3.11579E-04 -7.63031E-04 
3.62156E-04 -7.12787E-04 
7.37515E-05 -6.71622E-04 
-8.33052E-05 -6.41555E-04 
-1.25820E-04 -6.25413E-04 
-1.21931E-04 -6.18752E-04 
-1.03498E-04 -6.19652E-04 
-8.45051E-05 -6.23640E-04 
-6.83924E-05 -6.28881E-04 
-5.53739E-05 -6.34558E-04 
-4.45026E-05 -6.40615E-04 
-3.39148E-05 -6.47954E-04 
-1.94139E-05 -6.59782E-04 
9.72926E-06 -6.85374E-04 
7.47407E-05 -7.43639E-04 
1.85879E-04 -8.43799E-04 
2.95078E-04 -9.42540E-04 
3.42871E-04 -9.86070E-04 
4.35036E+00 7.06902E-01 
6.83260E-01 4.86782E-02 
-1.63812E-01 -5.13692E-02 
3.84488E-04 -1.09328E-03 
1.10448E-02 5.13942E-03 
-3.43147E-03 7.36945E-04 
-2.21315E-03 -7.22264E-04 
-1.98384E-04 -8.67609E-04 
1.18667E-04 -8.68909E-04 
4.42867E-04 -8.24926E-04 
1.46267E-04 -7.71667E-04 
-4.42274E-05 -7.32042E-04 
-1.03247E-04 -7.09895E-04 
-1.05109E-04 -6.99926E-04 
-8.89593E-05 -6.98568E-04 
-7.11508E-05 -7.00983E-04 
-5.60267E-05 -7.04949E-04 
-4.40522E-05 -7.09453E-04 
-3.43912E-05 -7.14298E-04 
-2.53940E-05 -7.20163E-04 
-1.35714E-05 -7.29612E-04 
9.68447E-06 -7.50050E-04 
6.11235E-05 -7.96454E-04 
1.48503E-04 -8.75799E-04 
2.33561E-04 -9.53294E-04 
2.69794E-04 -9.86527E-04 
6.77947E+00 9.61176E-01 
9.86318E-01 1.13442E-01 
-3.13172E-01 -7.14579E-02 
-6.21175E-03 -8.14160E-03 
2.42418E-02 6.07541E-03 
-2.33386E-03 1.56235E-03 
-3.35697E-03 -5.88472E-04 
-7.03065E-04 -9.16809E-04 
-2.13966E-04 -9.39451E-04 
4.96271E-04 -9.25061E-04 
2.13904E-04 -8.66110E-04 
-1.02056E-05 -8.18275E-04 
-8.64445E-05 -7.90486E-04 
-9.38917E-05 -7.77455E-04 
-7.93856E-05 -7.74290E-04 
-6.20681E-05 -7.75664E-04 
-4.73025E-05 -7.78871E-04 
-3.58396E-05 -7.82659E-04 
-2.69325E-05 -7.86691E-04 
-1.90912E-05 -7.91459E-04 
-9.40657E-06 -7.98984E-04 
8.95267E-06 -8.15083E-04 
4.89995E-05 -8.51404E-04 
1.16504E-04 -9.13120E-04 
1.81580E-04 -9.72819E-04 
2.08537E-04 -9.97705E-04 
1.03683E+01 1.22790E+00 
1.49836E+00 2.11542E-01 
-5.45341E-01 -8.95147E-02 
-2.97091E-02 -1.81390E-02 
4.27297E-02 6.29174E-03 
5.22828E-04 2.48351E-03 
-4.61960E-03 -3.43563E-04 
-1.39252E-03 -9.07932E-04 
-6.98681E-04 -9.63701E-04 
5.18615E-04 -1.00983E-03 
2.77699E-04 -9.54373E-04 
2.04963E-05 -9.00233E-04 
-7.41132E-05 -8.67147E-04 
-8.70912E-05 -8.51571E-04 
-7.36839E-05 -8.47249E-04 
-5.63003E-05 -8.48168E-04 
-4.13966E-05 -8.51134E-04 
-3.00174E-05 -8.54643E-04 
-2.14898E-05 -8.58236E-04 
-1.44435E-05 -8.62247E-04 
-6.43160E-06 -8.68260E-04 
7.92128E-06 -8.80774E-04 
3.85706E-05 -9.08685E-04 
8.97449E-05 -9.55753E-04 
1.38580E-04 -1.00083E-03 
1.58233E-04 -1.01909E-03 
1.53554E+01 1.45266E+00 
2.36242E+00 3.41913E-01 
-8.70205E-01 -1.00087E-01 
-8.14114E-02 -3.02986E-02 
6.60858E-02 5.39235E-03 
5.79563E-03 3.34227E-03 
-5.86437E-03 6.73845E-06 
-2.26040E-03 -8.24188E-04 
-1.33915E-03 -9.24740E-04 
5.06441E-04 -1.07168E-03 
3.39428E-04 -1.03467E-03 
5.05379E-05 -9.78282E-04 
-6.36600E-05 -9.40803E-04 
-8.27354E-05 -9.22869E-04 
-7.04036E-05 -9.17717E-04 
-5.26840E-05 -9.18672E-04 
-3.73516E-05 -9.21884E-04 
-2.58091E-05 -9.25517E-04 
-1.74412E-05 -9.28990E-04 
-1.09496E-05 -9.32535E-04 
-4.24899E-06 -9.37393E-04 
6.86579E-06 -9.47003E-04 
2.98979E-05 -9.68036E-04 
6.79087E-05 -1.00318E-03 
1.03797E-04 -1.03650E-03 
1.17811E-04 -1.04959E-03 
2.17718E+01 1.56558E+00 
3.74576E+00 4.91340E-01 
-1.27966E+00 -9.73963E-02 
-1.73081E-01 -4.27153E-02 
9.26326E-02 3.12425E-03 
1.40221E-02 3.91099E-03 
-6.90463E-03 4.35086E-04 
-3.27253E-03 -6.52255E-04 
-2.11755E-03 -8.07171E-04 
4.61227E-04 -1.10094E-03 
4.03858E-04 -1.10439E-03 
8.45465E-05 -1.05182E-03 
-5.14831E-05 -1.01079E-03 
-7.78653E-05 -9.90556E-04 
-6.71693E-05 -9.84897E-04 
-4.95337E-05 -9.86260E-04 
-3.40154E-05 -9.90102E-04 
-2.23927E-05 -9.94220E-04 
-1.41687E-05 -9.97875E-04 
-8.13314E-06 -1.00121E-03 
-2.49324E-06 -1.00523E-03 
6.02513E-06 -1.01255E-03 
2.29967E-05 -1.02808E-03 
5.06194E-05 -1.05375E-03 
7.64086E-05 -1.07781E-03 
8.61643E-05 -1.08697E-03 
2.93432E+01 1.49729E+00 
5.80275E+00 6.32152E-01 
-1.74291E+00 -7.71800E-02 
-3.14211E-01 -5.24379E-02 
1.19466E-01 -4.91960E-04 
2.54728E-02 3.91972E-03 
-7.51978E-03 8.82367E-04 
-4.37077E-03 -3.79981E-04 
-2.99867E-03 -5.92087E-04 
3.87754E-04 -1.08163E-03 
4.77885E-04 -1.15725E-03 
1.30051E-04 -1.11774E-03 
-3.11591E-05 -1.07434E-03 
-6.78429E-05 -1.05155E-03 
-6.09015E-05 -1.04534E-03 
-4.47117E-05 -1.04742E-03 
-2.99120E-05 -1.05225E-03 
-1.87903E-05 -1.05717E-03 
-1.10392E-05 -1.06126E-03 
-5.58224E-06 -1.06462E-03 
-9.08376E-07 -1.06807E-03 
5.49932E-06 -1.07362E-03 
1.77106E-05 -1.08486E-03 
3.72880E-05 -1.10315E-03 
5.53554E-05 -1.12009E-03 
6.19567E-05 -1.12633E-03 
3.73344E+01 1.20876E+00 
8.57812E+00 7.25571E-01 
-2.20072E+00 -3.94468E-02 
-5.05705E-01 -5.58342E-02 
1.42432E-01 -4.97792E-03 
3.97810E-02 3.11883E-03 
-7.48473E-03 1.25317E-03 
-5.44069E-03 -1.72990E-05 
-3.89794E-03 -2.77619E-04 
3.03216E-04 -9.96239E-04 
5.71553E-04 -1.18092E-03 
1.96741E-04 -1.16619E-03 
5.55189E-06 -1.12176E-03 
-4.61874E-05 -1.09580E-03 
-4.69505E-05 -1.08870E-03 
-3.51521E-05 -1.09160E-03 
-2.31129E-05 -1.09776E-03 
-1.38401E-05 -1.10379E-03 
-7.37663E-06 -1.10859E-03 
-2.92488E-06 -1.11219E-03 
6.83761E-07 -1.11534E-03 
5.30626E-06 -1.11959E-03 
1.38329E-05 -1.12760E-03 
2.73473E-05 -1.14033E-03 
3.96839E-05 -1.15198E-03 
4.40156E-05 -1.15611E-03 
4.47850E+01 7.14057E-01 
1.19823E+01 7.33201E-01 
-2.58415E+00 1.06486E-02 
-7.38585E-01 -4.98576E-02 
1.57466E-01 -9.47865E-03 
5.60204E-02 1.37646E-03 
-6.64223E-03 1.44270E-03 
-6.35074E-03 4.13415E-04 
-4.70969E-03 1.27978E-04 
2.40035E-04 -8.28808E-04 
7.02024E-04 -1.15673E-03 
2.99748E-04 -1.17897E-03 
7.11722E-05 -1.13432E-03 
-3.36761E-06 -1.10359E-03 
-1.83244E-05 -1.09437E-03 
-1.60755E-05 -1.09736E-03 
-1.05669E-05 -1.10448E-03 
-5.66461E-06 -1.11151E-03 
-2.06677E-06 -1.11699E-03 
4.77661E-07 -1.12087E-03 
2.62521E-06 -1.12383E-03 
5.55933E-06 -1.12714E-03 
1.11867E-05 -1.13275E-03 
2.01863E-05 -1.14141E-03 
2.83453E-05 -1.14921E-03 
3.10689E-05 -1.15184E-03 
5.06244E+01 8.75742E-02 
1.57214E+01 6.30594E-01 
-2.82571E+00 6.31183E-02 
-9.90298E-01 -3.33296E-02 
1.61345E-01 -1.28847E-02 
7.25027E-02 -1.21527E-03 
-4.96924E-03 1.37006E-03 
-6.95821E-03 8.74192E-04 
-5.31099E-03 6.00537E-04 
2.33197E-04 -5.60956E-04 
8.87691E-04 -1.05688E-03 
4.57271E-04 -1.12424E-03 
1.82434E-04 -1.07649E-03 
7.39177E-05 -1.03604E-03 
3.44130E-05 -1.02046E-03 
1.88525E-05 -1.02053E-03 
1.17950E-05 -1.02666E-03 
8.19837E-06 -1.03346E-03 
6.28668E-06 -1.03889E-03 
5.36833E-06 -1.04267E-03 
5.26646E-06 -1.04532E-03 
6.34152E-06 -1.04785E-03 
9.57375E-06 -1.05169E-03 
1.52253E-05 -1.05742E-03 
2.03918E-05 -1.06250E-03 
2.19921E-05 -1.06411E-03 
5.40184E+01 -5.55584E-01 
1.93426E+01 4.22403E-01 
-2.88490E+00 1.06522E-01 
-1.22747E+00 -8.17525E-03 
1.53069E-01 -1.42783E-02 
8.70186E-02 -4.26337E-03 
-2.63134E-03 1.01734E-03 
-7.14933E-03 1.30962E-03 
-5.59248E-03 1.09195E-03 
3.13459E-04 -1.93909E-04 
1.13619E-03 -8.50818E-04 
6.79648E-04 -9.58734E-04 
3.51668E-04 -8.98029E-04 
1.96779E-04 -8.36348E-04 
1.20067E-04 -8.04318E-04 
7.58858E-05 -7.93673E-04 
4.80362E-05 -7.93182E-04 
3.01898E-05 -7.95965E-04 
1.90557E-05 -7.98965E-04 
1.24537E-05 -8.01245E-04 
8.91752E-06 -8.02871E-04 
7.69877E-06 -8.04420E-04 
8.77417E-06 -8.06813E-04 
1.18973E-05 -8.10429E-04 
1.49319E-05 -8.13605E-04 
1.57489E-05 -8.14518E-04 
5.46267E+01 -1.10129E+00 
2.23299E+01 1.45284E-01 
-2.76232E+00 1.32550E-01 
-1.41403E+00 2.04871E-02 
1.34477E-01 -1.33927E-02 
9.73356E-02 -7.11448E-03 
1.38716E-06 4.67935E-04 
-6.88320E-03 1.63913E-03 
-5.49968E-03 1.51311E-03 
4.74890E-04 2.31179E-04 
1.42344E-03 -5.32562E-04 
9.51025E-04 -6.57200E-04 
5.70844E-04 -5.66368E-04 
3.61758E-04 -4.65928E-04 
2.37247E-04 -4.00813E-04 
1.54613E-04 -3.65409E-04 
9.81093E-05 -3.47605E-04 
6.03869E-05 -3.38876E-04 
3.63344E-05 -3.34569E-04 
2.18155E-05 -3.32409E-04 
1.36302E-05 -3.31394E-04 
9.61839E-06 -3.31240E-04 
8.62609E-06 -3.32144E-04 
9.78098E-06 -3.34111E-04 
1.12887E-05 -3.35930E-04 
1.15528E-05 -3.36351E-04 
5.26782E+01 -1.47699E+00 
2.42524E+01 -1.43491E-01 
-2.49800E+00 1.39358E-01 
-1.52145E+00 4.60427E-02 
1.09725E-01 -1.08352E-02 
1.01821E-01 -9.06337E-03 
2.43391E-03 -1.04379E-04 
-6.22917E-03 1.77385E-03 
-5.07069E-03 1.74689E-03 
6.68187E-04 6.00484E-04 
1.67894E-03 -1.69962E-04 
1.21048E-03 -2.72438E-04 
7.93145E-04 -1.36453E-04 
5.34350E-04 1.44075E-05 
3.61932E-04 1.25270E-04 
2.39085E-04 1.97486E-04 
1.51993E-04 2.42448E-04 
9.28354E-05 2.69815E-04 
5.47848E-05 2.86129E-04 
3.16851E-05 2.95589E-04 
1.85116E-05 3.00840E-04 
1.16342E-05 3.03444E-04 
8.77901E-06 3.04176E-04 
8.42447E-06 3.03582E-04 
8.85342E-06 3.02763E-04 
8.73234E-06 3.02703E-04 
4.88120E+01 -1.66823E+00 
2.49060E+01 -3.91137E-01 
-2.15454E+00 1.31292E-01 
-1.53827E+00 6.33772E-02 
8.37727E-02 -7.77063E-03 
1.00037E-01 -9.70029E-03 
4.23056E-03 -5.21422E-04 
-5.35236E-03 1.65984E-03 
-4.43153E-03 1.70043E-03 
8.05464E-04 7.69952E-04 
1.80517E-03 9.85261E-05 
1.36380E-03 4.30222E-05 
9.38694E-04 2.13632E-04 
6.51535E-04 3.98282E-04 
4.47215E-04 5.40516E-04 
2.96935E-04 6.39131E-04 
1.88806E-04 7.04304E-04 
1.14858E-04 7.45814E-04 
6.71668E-05 7.71316E-04 
3.81821E-05 7.86382E-04 
2.16010E-05 7.94880E-04 
1.27815E-05 7.99335E-04 
8.68951E-06 8.01248E-04 
7.36046E-06 8.01584E-04 
7.10699E-06 8.01419E-04 
6.75116E-06 8.01587E-04 
4.38269E+01 -1.70611E+00 
2.43441E+01 -5.67983E-01 
-1.79388E+00 1.15443E-01 
-1.47223E+00 7.10460E-02 
6.05560E-02 -5.21795E-03 
9.28542E-02 -9.13369E-03 
5.18026E-03 -7.03530E-04 
-4.43565E-03 1.33878E-03 
-3.73618E-03 1.39668E-03 
8.12719E-04 6.80644E-04 
1.73907E-03 1.71885E-04 
1.34571E-03 1.57522E-04 
9.44033E-04 3.13850E-04 
6.61377E-04 4.75677E-04 
4.55526E-04 6.01724E-04 
3.02654E-04 6.91028E-04 
1.92396E-04 7.51395E-04 
1.16913E-04 7.90637E-04 
6.81797E-05 8.15135E-04 
3.85339E-05 8.29770E-04 
2.15475E-05 8.38102E-04 
1.24427E-05 8.42551E-04 
8.04873E-06 8.44618E-04 
6.33702E-06 8.45260E-04 
5.76207E-06 8.45378E-04 
5.30956E-06 8.45631E-04 
---
