PdfType: replica
Format: lhagrid1
---
1.00000E-06 1.28121E-06 1.64152E-06 2.10317E-06 2.69463E-06 3.45242E-06 4.42329E-06 5.66715E-06 7.26076E-06 9.30241E-06 1.19180E-05 1.52689E-05 1.95617E-05 2.50609E-05 3.21053E-05 4.11287E-05 5.26863E-05 6.74889E-05 8.64459E-05 1.10720E-04 1.41800E-04 1.81585E-04 2.32503E-04 2.97652E-04 3.80981E-04 4.87518E-04 6.26039E-04 8.00452E-04 1.02297E-03 1.30657E-03 1.66759E-03 2.12729E-03 2.71054E-03 3.44865E-03 4.37927E-03 5.54908E-03 7.01192E-03 8.83064E-03 1.10763E-02 1.38266E-02 1.71641E-02 2.11717E-02 2.59364E-02 3.15062E-02 3.79623E-02 4.53425E-02 5.36750E-02 6.29705E-02 7.32221E-02 8.44039E-02 9.64793E-02 1.09332E-01 1.23067E-01 1.37507E-01 1.52639E-01 1.68416E-01 1.84794E-01 2.01731E-01 2.19016E-01 2.36948E-01 2.55242E-01 2.73927E-01 2.92954E-01 3.12340E-01 3.32036E-01 3.52019E-01 3.72282E-01 3.92772E-01 4.13533E-01 4.34326E-01 4.55495E-01 4.76836E-01 4.98342E-01 5.20006E-01 5.41818E-01 5.63773E-01 5.85861E-01 6.08077E-01 6.30459E-01 6.52800E-01 6.75387E-01 6.98063E-01 7.20830E-01 7.43683E-01 7.66623E-01 7.89636E-01 8.12791E-01 8.35940E-01 8.59175E-01 8.82485E-01 9.05866E-01 9.29311E-01 9.52817E-01 9.76387E-01 1.00000E+00 
1.14018E+00 1.22539E+00 1.32482E+00 1.44156E+00 1.57954E+00 1.74381E+00 1.94091E+00 2.12132E+00 2.17945E+00 2.49622E+00 2.89383E+00 3.39925E+00 4.05063E+00 4.90286E+00 6.03623E+00 7.57063E+00 9.68869E+00 1.26749E+01 1.69835E+01 2.33578E+01 3.30501E+01 4.82334E+01 7.28041E+01 1.13998E+02 1.85779E+02 3.16228E+02 
908 909 
5.66207E-04 -3.87097E-05 
4.73871E-04 -3.94722E-05 
3.87774E-04 -4.06984E-05 
3.08574E-04 -4.16178E-05 
2.36476E-04 -4.26069E-05 
1.71735E-04 -4.36818E-05 
1.14430E-04 -4.48607E-05 
7.51409E-05 -4.58568E-05 
6.44694E-05 -4.61635E-05 
1.85198E-05 -4.77317E-05 
-1.97447E-05 -4.94976E-05 
-5.10569E-05 -5.14913E-05 
-7.62967E-05 -5.37440E-05 
-9.71814E-05 -5.62726E-05 
-1.13768E-04 -5.92386E-05 
-1.27365E-04 -6.25656E-05 
-1.38946E-04 -6.62925E-05 
-1.49415E-04 -7.04628E-05 
-1.59621E-04 -7.51346E-05 
-1.70465E-04 -8.04165E-05 
-1.83321E-04 -8.66034E-05 
-2.01374E-04 -9.46204E-05 
-2.32151E-04 -1.06887E-04 
-2.84836E-04 -1.26452E-04 
-3.53404E-04 -1.51182E-04 
-4.17700E-04 -1.73915E-04 
5.62715E-04 -4.15024E-05 
4.69821E-04 -4.23362E-05 
3.83148E-04 -4.37124E-05 
3.03431E-04 -4.47256E-05 
2.30843E-04 -4.58184E-05 
1.65636E-04 -4.70087E-05 
1.07886E-04 -4.83163E-05 
6.82653E-05 -4.94219E-05 
5.74985E-05 -4.97624E-05 
1.11023E-05 -5.15030E-05 
-2.76027E-05 -5.34612E-05 
-5.93592E-05 -5.56679E-05 
-8.50585E-05 -5.81547E-05 
-1.06467E-04 -6.08926E-05 
-1.23616E-04 -6.41221E-05 
-1.37829E-04 -6.77327E-05 
-1.50096E-04 -7.17627E-05 
-1.61334E-04 -7.62543E-05 
-1.72411E-04 -8.12642E-05 
-1.84258E-04 -8.69014E-05 
-1.98315E-04 -9.34691E-05 
-2.17967E-04 -1.01930E-04 
-2.51249E-04 -1.14804E-04 
-3.08011E-04 -1.35244E-04 
-3.81838E-04 -1.60961E-04 
-4.51114E-04 -1.84434E-04 
5.58821E-04 -4.45305E-05 
4.65353E-04 -4.54474E-05 
3.78068E-04 -4.69828E-05 
2.97819E-04 -4.81044E-05 
2.24722E-04 -4.93167E-05 
1.59029E-04 -5.06390E-05 
1.00814E-04 -5.20928E-05 
6.08433E-05 -5.33221E-05 
4.99758E-05 -5.37006E-05 
3.10473E-06 -5.56344E-05 
-3.60727E-05 -5.78061E-05 
-6.83099E-05 -6.02474E-05 
-9.45097E-05 -6.29897E-05 
-1.16484E-04 -6.59491E-05 
-1.34246E-04 -6.94596E-05 
-1.49133E-04 -7.33705E-05 
-1.62147E-04 -7.77188E-05 
-1.74223E-04 -8.25448E-05 
-1.86247E-04 -8.79031E-05 
-1.99179E-04 -9.39023E-05 
-2.14530E-04 -1.00854E-04 
-2.35892E-04 -1.09755E-04 
-2.71842E-04 -1.23225E-04 
-3.32927E-04 -1.44508E-04 
-4.12316E-04 -1.71145E-04 
-4.86841E-04 -1.95263E-04 
5.54514E-04 -4.78641E-05 
4.60455E-04 -4.88753E-05 
3.72525E-04 -5.05816E-05 
2.91723E-04 -5.18253E-05 
2.18097E-04 -5.31716E-05 
1.51895E-04 -5.46416E-05 
9.31887E-05 -5.62581E-05 
5.28477E-05 -5.76246E-05 
4.18728E-05 -5.80451E-05 
-5.50649E-06 -6.01916E-05 
-4.51940E-05 -6.25968E-05 
-7.79542E-05 -6.52927E-05 
-1.04702E-04 -6.83102E-05 
-1.27290E-04 -7.15010E-05 
-1.45723E-04 -7.53077E-05 
-1.61345E-04 -7.95331E-05 
-1.75175E-04 -8.42118E-05 
-1.88163E-04 -8.93818E-05 
-2.01215E-04 -9.50947E-05 
-2.15321E-04 -1.01458E-04 
-2.32064E-04 -1.08789E-04 
-2.55257E-04 -1.18120E-04 
-2.94047E-04 -1.32155E-04 
-3.59721E-04 -1.54218E-04 
-4.44994E-04 -1.81668E-04 
-5.25044E-04 -2.06300E-04 
5.49761E-04 -5.15699E-05 
4.55094E-04 -5.26853E-05 
3.66485E-04 -5.45765E-05 
2.85107E-04 -5.59547E-05 
2.10927E-04 -5.74485E-05 
1.44191E-04 -5.90807E-05 
8.49645E-05 -6.08756E-05 
4.42284E-05 -6.23918E-05 
3.31387E-05 -6.28581E-05 
-1.47873E-05 -6.52355E-05 
-5.50279E-05 -6.78930E-05 
-8.83589E-05 -7.08620E-05 
-1.15708E-04 -7.41728E-05 
-1.38961E-04 -7.76022E-05 
-1.58127E-04 -8.17182E-05 
-1.74553E-04 -8.62693E-05 
-1.89273E-04 -9.12877E-05 
-2.03254E-04 -9.68077E-05 
-2.17420E-04 -1.02877E-04 
-2.32792E-04 -1.09602E-04 
-2.51031E-04 -1.17303E-04 
-2.76180E-04 -1.27041E-04 
-3.17994E-04 -1.41593E-04 
-3.88534E-04 -1.64339E-04 
-4.80024E-04 -1.92455E-04 
-5.65870E-04 -2.17435E-04 
5.44510E-04 -5.57092E-05 
4.49214E-04 -5.69378E-05 
3.59893E-04 -5.90301E-05 
2.77914E-04 -6.05538E-05 
2.03153E-04 -6.22075E-05 
1.35852E-04 -6.40155E-05 
7.60730E-05 -6.60033E-05 
3.49142E-05 -6.76813E-05 
2.37012E-05 -6.81969E-05 
-2.48145E-05 -7.08226E-05 
-6.56562E-05 -7.37497E-05 
-9.96115E-05 -7.70090E-05 
-1.27621E-04 -8.06293E-05 
-1.51594E-04 -8.43022E-05 
-1.71561E-04 -8.87381E-05 
-1.88865E-04 -9.36237E-05 
-2.04554E-04 -9.89878E-05 
-2.19612E-04 -1.04860E-04 
-2.34982E-04 -1.11285E-04 
-2.51717E-04 -1.18362E-04 
-2.71558E-04 -1.26417E-04 
-2.98793E-04 -1.36529E-04 
-3.43817E-04 -1.51533E-04 
-4.19507E-04 -1.74832E-04 
-5.17544E-04 -2.03426E-04 
-6.09453E-04 -2.28552E-04 
5.38691E-04 -6.03388E-05 
4.42745E-04 -6.16887E-05 
3.52676E-04 -6.39989E-05 
2.70068E-04 -6.56783E-05 
1.94695E-04 -6.75034E-05 
1.26796E-04 -6.95000E-05 
6.64288E-05 -7.16947E-05 
2.48168E-05 -7.35457E-05 
1.34710E-05 -7.41140E-05 
-3.56821E-05 -7.70043E-05 
-7.71777E-05 -8.02174E-05 
-1.11816E-04 -8.37829E-05 
-1.40549E-04 -8.77272E-05 
-1.65302E-04 -9.16457E-05 
-1.86141E-04 -9.64099E-05 
-2.04400E-04 -1.01636E-04 
-2.21142E-04 -1.07349E-04 
-2.37366E-04 -1.13573E-04 
-2.54034E-04 -1.20345E-04 
-2.72232E-04 -1.27762E-04 
-2.93783E-04 -1.36146E-04 
-3.23234E-04 -1.46590E-04 
-3.71656E-04 -1.61960E-04 
-4.52776E-04 -1.85651E-04 
-5.57683E-04 -2.14490E-04 
-6.55901E-04 -2.39522E-04 
5.32223E-04 -6.55114E-05 
4.35602E-04 -6.69902E-05 
3.44745E-04 -6.95354E-05 
2.61478E-04 -7.13797E-05 
1.85460E-04 -7.33871E-05 
1.16927E-04 -7.55846E-05 
5.59314E-05 -7.79995E-05 
1.38326E-05 -8.00343E-05 
2.34391E-06 -8.06586E-05 
-4.74987E-05 -8.38290E-05 
-8.97059E-05 -8.73434E-05 
-1.25090E-04 -9.12294E-05 
-1.54617E-04 -9.55105E-05 
-1.80211E-04 -9.96738E-05 
-2.01999E-04 -1.04772E-04 
-2.21294E-04 -1.10343E-04 
-2.39176E-04 -1.16404E-04 
-2.56657E-04 -1.22974E-04 
-2.74719E-04 -1.30083E-04 
-2.94481E-04 -1.37820E-04 
-3.17852E-04 -1.46502E-04 
-3.49650E-04 -1.57224E-04 
-4.01652E-04 -1.72855E-04 
-4.88473E-04 -1.96740E-04 
-6.00555E-04 -2.25547E-04 
-7.05305E-04 -2.50207E-04 
5.25010E-04 -7.12783E-05 
4.27689E-04 -7.28931E-05 
3.36000E-04 -7.56889E-05 
2.52039E-04 -7.77068E-05 
1.75341E-04 -7.99069E-05 
1.06135E-04 -8.23172E-05 
4.44673E-05 -8.49653E-05 
1.84543E-06 -8.71944E-05 
-9.79740E-06 -8.78778E-05 
-6.03861E-05 -9.13431E-05 
-1.03367E-04 -9.51730E-05 
-1.39565E-04 -9.93922E-05 
-1.69960E-04 -1.04021E-04 
-1.96459E-04 -1.08425E-04 
-2.19275E-04 -1.13862E-04 
-2.39692E-04 -1.19777E-04 
-2.58803E-04 -1.26182E-04 
-2.77636E-04 -1.33089E-04 
-2.97192E-04 -1.40518E-04 
-3.18619E-04 -1.48549E-04 
-3.43919E-04 -1.57490E-04 
-3.78190E-04 -1.68424E-04 
-4.33948E-04 -1.84190E-04 
-5.26725E-04 -2.08034E-04 
-6.46260E-04 -2.36485E-04 
-7.57732E-04 -2.60451E-04 
5.16948E-04 -7.76901E-05 
4.18900E-04 -7.94478E-05 
3.26328E-04 -8.25073E-05 
2.41639E-04 -8.47070E-05 
1.64220E-04 -8.71100E-05 
9.42982E-05 -8.97446E-05 
3.19124E-05 -9.26385E-05 
-1.12719E-05 -9.50720E-05 
-2.30809E-05 -9.58175E-05 
-7.44765E-05 -9.95915E-05 
-1.18298E-04 -1.03750E-04 
-1.55384E-04 -1.08314E-04 
-1.86725E-04 -1.13298E-04 
-2.14195E-04 -1.17936E-04 
-2.38123E-04 -1.23712E-04 
-2.59750E-04 -1.29968E-04 
-2.80182E-04 -1.36710E-04 
-3.00463E-04 -1.43938E-04 
-3.21610E-04 -1.51665E-04 
-3.44806E-04 -1.59958E-04 
-3.72141E-04 -1.69109E-04 
-4.09007E-04 -1.80177E-04 
-4.68687E-04 -1.95929E-04 
-5.67650E-04 -2.19458E-04 
-6.94881E-04 -2.47175E-04 
-8.13227E-04 -2.70081E-04 
5.07925E-04 -8.47986E-05 
4.09120E-04 -8.67063E-05 
3.15606E-04 -9.00381E-05 
2.30150E-04 -9.24277E-05 
1.51970E-04 -9.50434E-05 
8.12867E-05 -9.79137E-05 
1.81321E-05 -1.01066E-04 
-2.56571E-05 -1.03713E-04 
-3.76452E-05 -1.04523E-04 
-8.99132E-05 -1.08619E-04 
-1.34647E-04 -1.13117E-04 
-1.72697E-04 -1.18034E-04 
-2.05068E-04 -1.23381E-04 
-2.33578E-04 -1.28240E-04 
-2.58703E-04 -1.34354E-04 
-2.81629E-04 -1.40945E-04 
-3.03478E-04 -1.48010E-04 
-3.25305E-04 -1.55541E-04 
-3.48143E-04 -1.63537E-04 
-3.73208E-04 -1.72050E-04 
-4.02681E-04 -1.81354E-04 
-4.42257E-04 -1.92462E-04 
-5.06009E-04 -2.08025E-04 
-6.11362E-04 -2.30920E-04 
-7.46489E-04 -2.57472E-04 
-8.71811E-04 -2.78902E-04 
4.97817E-04 -9.26581E-05 
3.98223E-04 -9.47233E-05 
3.03703E-04 -9.83295E-05 
2.17439E-04 -1.00917E-04 
1.38453E-04 -1.03755E-04 
6.69585E-05 -1.06872E-04 
2.98090E-06 -1.10294E-04 
-4.14585E-05 -1.13164E-04 
-5.36396E-05 -1.14042E-04 
-1.06850E-04 -1.18470E-04 
-1.52572E-04 -1.23318E-04 
-1.91668E-04 -1.28595E-04 
-2.25156E-04 -1.34307E-04 
-2.54776E-04 -1.39371E-04 
-2.81186E-04 -1.45817E-04 
-3.05505E-04 -1.52733E-04 
-3.28866E-04 -1.60104E-04 
-3.52337E-04 -1.67911E-04 
-3.76965E-04 -1.76139E-04 
-4.03997E-04 -1.84824E-04 
-4.35707E-04 -1.94212E-04 
-4.78099E-04 -2.05252E-04 
-5.46054E-04 -2.20423E-04 
-6.57964E-04 -2.42317E-04 
-8.01133E-04 -2.67208E-04 
-9.33479E-04 -2.86694E-04 
4.86492E-04 -1.01326E-04 
3.86076E-04 -1.03556E-04 
2.90474E-04 -1.07430E-04 
2.03359E-04 -1.10223E-04 
1.23519E-04 -1.13293E-04 
5.11615E-05 -1.16667E-04 
-1.36969E-05 -1.20369E-04 
-5.88350E-05 -1.23471E-04 
-7.12240E-05 -1.24418E-04 
-1.25451E-04 -1.29189E-04 
-1.72242E-04 -1.34393E-04 
-2.12472E-04 -1.40035E-04 
-2.47168E-04 -1.46111E-04 
-2.77966E-04 -1.51359E-04 
-3.05753E-04 -1.58129E-04 
-3.31559E-04 -1.65353E-04 
-3.56528E-04 -1.73007E-04 
-3.81741E-04 -1.81057E-04 
-4.08256E-04 -1.89473E-04 
-4.37349E-04 -1.98271E-04 
-4.71388E-04 -2.07661E-04 
-5.16691E-04 -2.18506E-04 
-5.88958E-04 -2.33053E-04 
-7.07548E-04 -2.53523E-04 
-8.58845E-04 -2.76190E-04 
-9.98197E-04 -2.93205E-04 
4.73805E-04 -1.10860E-04 
3.72532E-04 -1.13264E-04 
2.75764E-04 -1.17388E-04 
1.87753E-04 -1.20393E-04 
1.07009E-04 -1.23705E-04 
3.37320E-05 -1.27347E-04 
-3.20687E-05 -1.31339E-04 
-7.79572E-05 -1.34679E-04 
-9.05698E-05 -1.35698E-04 
-1.45893E-04 -1.40819E-04 
-1.93838E-04 -1.46384E-04 
-2.35291E-04 -1.52390E-04 
-2.71290E-04 -1.58825E-04 
-3.03337E-04 -1.64230E-04 
-3.32592E-04 -1.71310E-04 
-3.59980E-04 -1.78821E-04 
-3.86656E-04 -1.86728E-04 
-4.13705E-04 -1.94980E-04 
-4.42201E-04 -2.03531E-04 
-4.73444E-04 -2.12372E-04 
-5.09897E-04 -2.21672E-04 
-5.58190E-04 -2.32177E-04 
-6.34851E-04 -2.45832E-04 
-7.60193E-04 -2.64395E-04 
-9.19630E-04 -2.84199E-04 
-1.06589E-03 -2.98158E-04 
4.59597E-04 -1.21323E-04 
3.57431E-04 -1.23910E-04 
2.59404E-04 -1.28249E-04 
1.70450E-04 -1.31475E-04 
8.87484E-05 -1.35037E-04 
1.44929E-05 -1.38955E-04 
-5.23155E-05 -1.43247E-04 
-9.90091E-05 -1.46830E-04 
-1.11862E-04 -1.47922E-04 
-1.68364E-04 -1.53399E-04 
-2.17552E-04 -1.59326E-04 
-2.60322E-04 -1.65692E-04 
-2.97723E-04 -1.72477E-04 
-3.31087E-04 -1.78007E-04 
-3.61903E-04 -1.85377E-04 
-3.90970E-04 -1.93150E-04 
-4.19446E-04 -2.01271E-04 
-4.48427E-04 -2.09676E-04 
-4.78993E-04 -2.18298E-04 
-5.12469E-04 -2.27102E-04 
-5.51408E-04 -2.36203E-04 
-6.02754E-04 -2.46202E-04 
-6.83856E-04 -2.58658E-04 
-8.15961E-04 -2.74768E-04 
-9.83462E-04 -2.90987E-04 
-1.13645E-03 -3.01237E-04 
4.43695E-04 -1.32775E-04 
3.40599E-04 -1.35555E-04 
2.41211E-04 -1.40058E-04 
1.51264E-04 -1.43512E-04 
6.85487E-05 -1.47332E-04 
-6.74776E-06 -1.51535E-04 
-7.46328E-05 -1.56133E-04 
-1.22189E-04 -1.59964E-04 
-1.35299E-04 -1.61130E-04 
-1.93067E-04 -1.66964E-04 
-2.43592E-04 -1.73250E-04 
-2.87777E-04 -1.79969E-04 
-3.26679E-04 -1.87088E-04 
-3.61426E-04 -1.92704E-04 
-3.93897E-04 -2.00341E-04 
-4.24736E-04 -2.08340E-04 
-4.55107E-04 -2.16631E-04 
-4.86109E-04 -2.25131E-04 
-5.18828E-04 -2.33750E-04 
-5.54611E-04 -2.42422E-04 
-5.96095E-04 -2.51200E-04 
-6.50536E-04 -2.60504E-04 
-7.36088E-04 -2.71415E-04 
-8.74895E-04 -2.84450E-04 
-1.05029E-03 -2.96276E-04 
-1.20972E-03 -3.02098E-04 
4.25909E-04 -1.45275E-04 
3.21841E-04 -1.48259E-04 
2.20984E-04 -1.52849E-04 
1.29992E-04 -1.56538E-04 
4.62052E-05 -1.60625E-04 
-3.01976E-05 -1.65121E-04 
-9.92314E-05 -1.70030E-04 
-1.47710E-04 -1.74112E-04 
-1.61097E-04 -1.75352E-04 
-2.20221E-04 -1.81542E-04 
-2.72177E-04 -1.88182E-04 
-3.17876E-04 -1.95239E-04 
-3.58381E-04 -2.02672E-04 
-3.94572E-04 -2.08328E-04 
-4.28792E-04 -2.16203E-04 
-4.61495E-04 -2.24387E-04 
-4.93852E-04 -2.32793E-04 
-5.26960E-04 -2.41318E-04 
-5.61907E-04 -2.49847E-04 
-6.00059E-04 -2.58282E-04 
-6.44133E-04 -2.66595E-04 
-7.01685E-04 -2.74990E-04 
-7.91650E-04 -2.83965E-04 
-9.37013E-04 -2.93226E-04 
-1.12000E-03 -2.99757E-04 
-1.28548E-03 -3.00357E-04 
4.06027E-04 -1.58877E-04 
3.00947E-04 -1.62078E-04 
1.98504E-04 -1.66649E-04 
1.06414E-04 -1.70583E-04 
2.14955E-05 -1.74944E-04 
-5.60817E-05 -1.79738E-04 
-1.26339E-04 -1.84963E-04 
-1.75803E-04 -1.89297E-04 
-1.89484E-04 -1.90610E-04 
-2.50058E-04 -1.97152E-04 
-3.03543E-04 -2.04133E-04 
-3.50856E-04 -2.11512E-04 
-3.93066E-04 -2.19233E-04 
-4.30757E-04 -2.24878E-04 
-4.66816E-04 -2.32953E-04 
-5.01475E-04 -2.41272E-04 
-5.35902E-04 -2.49729E-04 
-5.71193E-04 -2.58198E-04 
-6.08434E-04 -2.66539E-04 
-6.49003E-04 -2.74613E-04 
-6.95693E-04 -2.82303E-04 
-7.56342E-04 -2.89549E-04 
-8.50628E-04 -2.96148E-04 
-1.00230E-03 -3.00854E-04 
-1.19246E-03 -3.01085E-04 
-1.36346E-03 -2.95601E-04 
3.83817E-04 -1.73626E-04 
2.77684E-04 -1.77059E-04 
1.73534E-04 -1.81471E-04 
8.02928E-05 -1.85657E-04 
-5.82046E-06 -1.90301E-04 
-8.46419E-05 -1.95400E-04 
-1.56200E-04 -2.00944E-04 
-2.06712E-04 -2.05528E-04 
-2.20707E-04 -2.06915E-04 
-2.82825E-04 -2.13800E-04 
-3.37938E-04 -2.21109E-04 
-3.86966E-04 -2.28785E-04 
-4.30980E-04 -2.36762E-04 
-4.70220E-04 -2.42338E-04 
-5.08207E-04 -2.50569E-04 
-5.44906E-04 -2.58965E-04 
-5.81482E-04 -2.67398E-04 
-6.19025E-04 -2.75718E-04 
-6.58613E-04 -2.83758E-04 
-7.01632E-04 -2.91333E-04 
-7.50940E-04 -2.98223E-04 
-8.14639E-04 -3.04051E-04 
-9.13091E-04 -3.07783E-04 
-1.07071E-03 -3.07062E-04 
-1.26746E-03 -2.99888E-04 
-1.44329E-03 -2.87383E-04 
3.59027E-04 -1.89553E-04 
2.51796E-04 -1.93237E-04 
1.45817E-04 -1.97308E-04 
5.13709E-05 -2.01759E-04 
-3.59995E-05 -2.06694E-04 
-1.16136E-04 -2.12104E-04 
-1.89072E-04 -2.17968E-04 
-2.40697E-04 -2.22800E-04 
-2.55026E-04 -2.24259E-04 
-3.18783E-04 -2.31478E-04 
-3.75621E-04 -2.39095E-04 
-4.26463E-04 -2.47041E-04 
-4.72378E-04 -2.55237E-04 
-5.13205E-04 -2.60680E-04 
-5.53205E-04 -2.69015E-04 
-5.92025E-04 -2.77420E-04 
-6.30821E-04 -2.85741E-04 
-6.70671E-04 -2.93806E-04 
-7.12646E-04 -3.01416E-04 
-7.58128E-04 -3.08337E-04 
-8.10031E-04 -3.14228E-04 
-8.76691E-04 -3.18342E-04 
-9.79079E-04 -3.18663E-04 
-1.14216E-03 -3.11553E-04 
-1.34473E-03 -2.95761E-04 
-1.52454E-03 -2.75229E-04 
3.31377E-04 -2.06675E-04 
2.23005E-04 -2.10631E-04 
1.15078E-04 -2.14133E-04 
1.93739E-05 -2.18862E-04 
-6.93168E-05 -2.24101E-04 
-1.50840E-04 -2.29829E-04 
-2.25233E-04 -2.36015E-04 
-2.78035E-04 -2.41093E-04 
-2.92716E-04 -2.42622E-04 
-3.58207E-04 -2.50162E-04 
-4.16866E-04 -2.58065E-04 
-4.69616E-04 -2.66249E-04 
-5.17525E-04 -2.74619E-04 
-5.59967E-04 -2.79863E-04 
-6.02060E-04 -2.88242E-04 
-6.43071E-04 -2.96574E-04 
-6.84148E-04 -3.04685E-04 
-7.26351E-04 -3.12373E-04 
-7.70732E-04 -3.19409E-04 
-8.18669E-04 -3.25503E-04 
-8.73114E-04 -3.30176E-04 
-9.42601E-04 -3.32246E-04 
-1.04861E-03 -3.28555E-04 
-1.21650E-03 -3.14000E-04 
-1.42392E-03 -2.88271E-04 
-1.60668E-03 -2.58640E-04 
3.00572E-04 -2.24984E-04 
1.91015E-04 -2.29239E-04 
8.10313E-05 -2.31889E-04 
-1.59838E-05 -2.36917E-04 
-1.06057E-04 -2.42475E-04 
-1.89037E-04 -2.48531E-04 
-2.64964E-04 -2.55043E-04 
-3.19006E-04 -2.60363E-04 
-3.34058E-04 -2.61961E-04 
-4.01374E-04 -2.69809E-04 
-4.61947E-04 -2.77974E-04 
-5.16697E-04 -2.86360E-04 
-5.66686E-04 -2.94855E-04 
-6.10754E-04 -2.99829E-04 
-6.55013E-04 -3.08180E-04 
-6.98280E-04 -3.16349E-04 
-7.41685E-04 -3.24134E-04 
-7.86269E-04 -3.31308E-04 
-8.33059E-04 -3.37607E-04 
-8.83416E-04 -3.42681E-04 
-9.40315E-04 -3.45893E-04 
-1.01244E-03 -3.45560E-04 
-1.12166E-03 -3.37202E-04 
-1.29353E-03 -3.14050E-04 
-1.50460E-03 -2.76963E-04 
-1.68906E-03 -2.37103E-04 
2.66294E-04 -2.44448E-04 
1.55505E-04 -2.49035E-04 
4.33767E-05 -2.50495E-04 
-5.49992E-05 -2.55849E-04 
-1.46515E-04 -2.61747E-04 
-2.31020E-04 -2.68145E-04 
-3.08556E-04 -2.74989E-04 
-3.63899E-04 -2.80552E-04 
-3.79341E-04 -2.82217E-04 
-4.48569E-04 -2.90357E-04 
-5.11144E-04 -2.98759E-04 
-5.67978E-04 -3.07306E-04 
-6.20126E-04 -3.15871E-04 
-6.65818E-04 -3.20505E-04 
-7.12308E-04 -3.28746E-04 
-7.57884E-04 -3.36644E-04 
-8.03653E-04 -3.43972E-04 
-8.50628E-04 -3.50476E-04 
-8.99806E-04 -3.55855E-04 
-9.52518E-04 -3.59696E-04 
-1.01175E-03 -3.61181E-04 
-1.08626E-03 -3.58052E-04 
-1.19816E-03 -3.44316E-04 
-1.37299E-03 -3.11324E-04 
-1.58625E-03 -2.61362E-04 
-1.77091E-03 -2.10097E-04 
2.28207E-04 -2.65004E-04 
1.16143E-04 -2.69964E-04 
1.81258E-06 -2.69836E-04 
-9.79713E-05 -2.75554E-04 
-1.90987E-04 -2.81822E-04 
-2.77083E-04 -2.88583E-04 
-3.56299E-04 -2.95771E-04 
-4.13002E-04 -3.01576E-04 
-4.28851E-04 -3.03308E-04 
-5.00075E-04 -3.11729E-04 
-5.64733E-04 -3.20339E-04 
-6.23729E-04 -3.29005E-04 
-6.78107E-04 -3.37579E-04 
-7.25399E-04 -3.41801E-04 
-7.74179E-04 -3.49835E-04 
-8.22106E-04 -3.57339E-04 
-8.70258E-04 -3.64060E-04 
-9.19615E-04 -3.69716E-04 
-9.71132E-04 -3.73972E-04 
-1.02611E-03 -3.76342E-04 
-1.08749E-03 -3.75811E-04 
-1.16408E-03 -3.69463E-04 
-1.27802E-03 -3.49582E-04 
-1.45455E-03 -3.05421E-04 
-1.66824E-03 -2.40980E-04 
-1.85136E-03 -1.77102E-04 
1.85970E-04 -2.86554E-04 
7.25831E-05 -2.91939E-04 
-4.39565E-05 -2.89771E-04 
-1.45192E-04 -2.95904E-04 
-2.39762E-04 -3.02583E-04 
-3.27512E-04 -3.09737E-04 
-4.08476E-04 -3.17286E-04 
-4.66593E-04 -3.23340E-04 
-4.82865E-04 -3.25138E-04 
-5.56163E-04 -3.33829E-04 
-6.22980E-04 -3.42618E-04 
-6.84209E-04 -3.51354E-04 
-7.40877E-04 -3.59869E-04 
-7.89730E-04 -3.63612E-04 
-8.40848E-04 -3.71324E-04 
-8.91155E-04 -3.78289E-04 
-9.41693E-04 -3.84230E-04 
-9.93399E-04 -3.88838E-04 
-1.04718E-03 -3.91740E-04 
-1.10428E-03 -3.92381E-04 
-1.16760E-03 -3.89518E-04 
-1.24588E-03 -3.79496E-04 
-1.36106E-03 -3.52655E-04 
-1.53778E-03 -2.95918E-04 
-1.74981E-03 -2.15330E-04 
-1.92936E-03 -1.37623E-04 
1.39237E-04 -3.08965E-04 
2.44801E-05 -3.14840E-04 
-9.42073E-05 -3.10131E-04 
-1.96935E-04 -3.16747E-04 
-2.93110E-04 -3.23893E-04 
-3.82573E-04 -3.31482E-04 
-4.65350E-04 -3.39418E-04 
-5.24934E-04 -3.45729E-04 
-5.41645E-04 -3.47594E-04 
-6.17089E-04 -3.56546E-04 
-6.86134E-04 -3.65485E-04 
-7.49659E-04 -3.74236E-04 
-8.08673E-04 -3.82614E-04 
-8.59023E-04 -3.85812E-04 
-9.12521E-04 -3.93065E-04 
-9.65223E-04 -3.99322E-04 
-1.01813E-03 -4.04283E-04 
-1.07213E-03 -4.07613E-04 
-1.12807E-03 -4.08908E-04 
-1.18712E-03 -4.07532E-04 
-1.25211E-03 -4.01997E-04 
-1.33160E-03 -3.87819E-04 
-1.44706E-03 -3.53158E-04 
-1.62218E-03 -2.82379E-04 
-1.83009E-03 -1.83930E-04 
-2.00375E-03 -9.11974E-05 
8.68322E-05 -3.32433E-04 
-2.93673E-05 -3.38885E-04 
-1.50074E-04 -3.31053E-04 
-2.54357E-04 -3.38251E-04 
-3.52213E-04 -3.45945E-04 
-4.43473E-04 -3.54030E-04 
-5.28155E-04 -3.62395E-04 
-5.89279E-04 -3.68981E-04 
-6.06451E-04 -3.70916E-04 
-6.84146E-04 -3.80124E-04 
-7.55522E-04 -3.89177E-04 
-8.21439E-04 -3.97880E-04 
-8.82882E-04 -4.06021E-04 
-9.34670E-04 -4.08606E-04 
-9.90616E-04 -4.15221E-04 
-1.04575E-03 -4.20555E-04 
-1.10103E-03 -4.24282E-04 
-1.15727E-03 -4.26048E-04 
-1.21525E-03 -4.25416E-04 
-1.27607E-03 -4.21672E-04 
-1.34240E-03 -4.13052E-04 
-1.42253E-03 -3.94133E-04 
-1.53712E-03 -3.50619E-04 
-1.70846E-03 -2.64038E-04 
-1.90927E-03 -1.45692E-04 
-2.07421E-03 -3.65324E-05 
3.00655E-05 -3.56028E-04 
-8.76084E-05 -3.63141E-04 
-2.10013E-04 -3.51701E-04 
-3.15868E-04 -3.59584E-04 
-4.15429E-04 -3.67907E-04 
-5.08517E-04 -3.76549E-04 
-5.95138E-04 -3.85379E-04 
-6.57830E-04 -3.92250E-04 
-6.75469E-04 -3.94255E-04 
-7.55451E-04 -4.03702E-04 
-8.29188E-04 -4.12822E-04 
-8.97515E-04 -4.21395E-04 
-9.61392E-04 -4.29187E-04 
-1.01450E-03 -4.31110E-04 
-1.07288E-03 -4.36894E-04 
-1.13040E-03 -4.41076E-04 
-1.18794E-03 -4.43316E-04 
-1.24627E-03 -4.43241E-04 
-1.30608E-03 -4.40392E-04 
-1.36836E-03 -4.33972E-04 
-1.43561E-03 -4.21927E-04 
-1.51569E-03 -3.97812E-04 
-1.62810E-03 -3.44668E-04 
-1.79323E-03 -2.41009E-04 
-1.98374E-03 -1.01384E-04 
-2.13704E-03 2.49889E-05 
-3.21220E-05 -3.79889E-04 
-1.51333E-04 -3.87771E-04 
-2.74986E-04 -3.72236E-04 
-3.82456E-04 -3.80938E-04 
-4.83780E-04 -3.89996E-04 
-5.78762E-04 -3.99270E-04 
-6.67391E-04 -4.08610E-04 
-7.31706E-04 -4.15780E-04 
-7.49831E-04 -4.17854E-04 
-8.32175E-04 -4.27516E-04 
-9.08343E-04 -4.36637E-04 
-9.79140E-04 -4.44973E-04 
-1.04549E-03 -4.52268E-04 
-1.09980E-03 -4.53473E-04 
-1.16063E-03 -4.58173E-04 
-1.22051E-03 -4.60916E-04 
-1.28024E-03 -4.61349E-04 
-1.34051E-03 -4.59095E-04 
-1.40192E-03 -4.53672E-04 
-1.46533E-03 -4.44208E-04 
-1.53303E-03 -4.28333E-04 
-1.61226E-03 -3.98488E-04 
-1.72095E-03 -3.34809E-04 
-1.87704E-03 -2.12594E-04 
-2.05348E-03 -5.01041E-05 
-2.19176E-03 9.43610E-05 
-9.99449E-05 -4.03779E-04 
-2.20770E-04 -4.12551E-04 
-3.45015E-04 -3.92533E-04 
-4.54162E-04 -4.02206E-04 
-5.57319E-04 -4.12115E-04 
-6.54275E-04 -4.22100E-04 
-7.44999E-04 -4.31989E-04 
-8.11004E-04 -4.39459E-04 
-8.29633E-04 -4.41599E-04 
-9.14431E-04 -4.51427E-04 
-9.93113E-04 -4.60450E-04 
-1.06645E-03 -4.68401E-04 
-1.13533E-03 -4.75004E-04 
-1.19072E-03 -4.75428E-04 
-1.25401E-03 -4.78733E-04 
-1.31619E-03 -4.79689E-04 
-1.37800E-03 -4.77945E-04 
-1.44002E-03 -4.73123E-04 
-1.50274E-03 -4.64734E-04 
-1.56689E-03 -4.51832E-04 
-1.63448E-03 -4.31711E-04 
-1.71196E-03 -3.95606E-04 
-1.81514E-03 -3.20517E-04 
-1.95894E-03 -1.78357E-04 
-2.11706E-03 8.41255E-06 
-2.23655E-03 1.71622E-04 
-1.73543E-04 -4.27464E-04 
-2.96082E-04 -4.37251E-04 
-4.20017E-04 -4.12545E-04 
-5.30930E-04 -4.23349E-04 
-6.36020E-04 -4.34223E-04 
-7.35056E-04 -4.44985E-04 
-8.27987E-04 -4.55440E-04 
-8.95770E-04 -4.63189E-04 
-9.14928E-04 -4.65383E-04 
-1.00230E-03 -4.75283E-04 
-1.08360E-03 -4.84056E-04 
-1.15956E-03 -4.91416E-04 
-1.23101E-03 -4.97065E-04 
-1.28737E-03 -4.96630E-04 
-1.35312E-03 -4.98152E-04 
-1.41754E-03 -4.96906E-04 
-1.48127E-03 -4.92551E-04 
-1.54481E-03 -4.84726E-04 
-1.60851E-03 -4.72942E-04 
-1.67294E-03 -4.56185E-04 
-1.73976E-03 -4.31400E-04 
-1.81442E-03 -3.88527E-04 
-1.91009E-03 -3.01222E-04 
-2.03792E-03 -1.37882E-04 
-2.17294E-03 7.43212E-05 
-2.26949E-03 2.56622E-04 
-2.53087E-04 -4.50767E-04 
-3.77475E-04 -4.61690E-04 
-4.99912E-04 -4.32357E-04 
-6.12726E-04 -4.44444E-04 
-7.19898E-04 -4.56377E-04 
-8.21171E-04 -4.67949E-04 
-9.16466E-04 -4.78941E-04 
-9.86148E-04 -4.86906E-04 
-1.00587E-03 -4.89127E-04 
-1.09597E-03 -4.98935E-04 
-1.18003E-03 -5.07228E-04 
-1.25872E-03 -5.13700E-04 
-1.33284E-03 -5.18046E-04 
-1.39005E-03 -5.16640E-04 
-1.45825E-03 -5.15901E-04 
-1.52481E-03 -5.11953E-04 
-1.59029E-03 -5.04483E-04 
-1.65504E-03 -4.93159E-04 
-1.71932E-03 -4.77513E-04 
-1.78349E-03 -4.56469E-04 
-1.84878E-03 -4.26605E-04 
-1.91942E-03 -3.76493E-04 
-2.00526E-03 -2.76260E-04 
-2.11295E-03 -9.07095E-05 
-2.21951E-03 1.47753E-04 
-2.28853E-03 3.49122E-04 
-3.38363E-04 -4.73471E-04 
-4.64782E-04 -4.85619E-04 
-5.84220E-04 -4.52120E-04 
-6.99138E-04 -4.65597E-04 
-8.08603E-04 -4.78624E-04 
-9.12328E-04 -4.90968E-04 
-1.01020E-03 -5.02389E-04 
-1.08195E-03 -5.10434E-04 
-1.10228E-03 -5.12637E-04 
-1.19531E-03 -5.22082E-04 
-1.28231E-03 -5.29550E-04 
-1.36388E-03 -5.34727E-04 
-1.44074E-03 -5.37307E-04 
-1.49871E-03 -5.34774E-04 
-1.56933E-03 -5.31193E-04 
-1.63790E-03 -5.23961E-04 
-1.70487E-03 -5.12808E-04 
-1.77048E-03 -4.97453E-04 
-1.83484E-03 -4.77460E-04 
-1.89810E-03 -4.51706E-04 
-1.96099E-03 -4.16395E-04 
-2.02624E-03 -3.58664E-04 
-2.09971E-03 -2.44986E-04 
-2.18264E-03 -3.65828E-05 
-2.25488E-03 2.28411E-04 
-2.29148E-03 4.48285E-04 
-4.29149E-04 -4.95451E-04 
-5.57852E-04 -5.08853E-04 
-6.72474E-04 -4.72154E-04 
-7.89794E-04 -4.87040E-04 
-9.01856E-04 -5.01094E-04 
-1.00834E-03 -5.14059E-04 
-1.10909E-03 -5.25672E-04 
-1.18311E-03 -5.33563E-04 
-1.20411E-03 -5.35669E-04 
-1.30035E-03 -5.44332E-04 
-1.39051E-03 -5.50482E-04 
-1.47514E-03 -5.53809E-04 
-1.55484E-03 -5.54023E-04 
-1.61351E-03 -5.50133E-04 
-1.68646E-03 -5.43024E-04 
-1.75686E-03 -5.31839E-04 
-1.82500E-03 -5.16375E-04 
-1.89103E-03 -4.96422E-04 
-1.95488E-03 -4.71597E-04 
-2.01648E-03 -4.40740E-04 
-2.07598E-03 -3.99674E-04 
-2.13431E-03 -3.34068E-04 
-2.19254E-03 -2.06676E-04 
-2.24566E-03 2.47471E-05 
-2.27721E-03 3.15887E-04 
-2.27619E-03 5.53081E-04 
-5.25057E-04 -5.16625E-04 
-6.56387E-04 -5.31201E-04 
-7.64090E-04 -4.92885E-04 
-8.84239E-04 -5.09047E-04 
-9.99321E-04 -5.23897E-04 
-1.10897E-03 -5.37156E-04 
-1.21299E-03 -5.48547E-04 
-1.28957E-03 -5.55906E-04 
-1.31132E-03 -5.57797E-04 
-1.41111E-03 -5.65064E-04 
-1.50471E-03 -5.69215E-04 
-1.59258E-03 -5.69963E-04 
-1.67524E-03 -5.67056E-04 
-1.73457E-03 -5.61484E-04 
-1.80973E-03 -5.50053E-04 
-1.88168E-03 -5.34173E-04 
-1.95059E-03 -5.13730E-04 
-2.01646E-03 -4.88607E-04 
-2.07910E-03 -4.58493E-04 
-2.13816E-03 -4.22203E-04 
-2.19315E-03 -3.75183E-04 
-2.24287E-03 -3.01622E-04 
-2.28276E-03 -1.60587E-04 
-2.30058E-03 9.33971E-05 
-2.28465E-03 4.09458E-04 
-2.24061E-03 6.62043E-04 
-6.25743E-04 -5.36955E-04 
-7.60165E-04 -5.52460E-04 
-8.58625E-04 -5.14801E-04 
-9.82192E-04 -5.31878E-04 
-1.10087E-03 -5.47055E-04 
-1.21423E-03 -5.60042E-04 
-1.32202E-03 -5.70557E-04 
-1.40152E-03 -5.76823E-04 
-1.42411E-03 -5.78328E-04 
-1.52786E-03 -5.83344E-04 
-1.62522E-03 -5.84593E-04 
-1.71654E-03 -5.81835E-04 
-1.80223E-03 -5.74878E-04 
-1.86223E-03 -5.67183E-04 
-1.93940E-03 -5.50543E-04 
-2.01251E-03 -5.29170E-04 
-2.08166E-03 -5.03066E-04 
-2.14669E-03 -4.72225E-04 
-2.20727E-03 -4.36429E-04 
-2.26278E-03 -3.94477E-04 
-2.31198E-03 -3.41448E-04 
-2.35124E-03 -2.60076E-04 
-2.36941E-03 -1.05883E-04 
-2.34604E-03 1.69452E-04 
-2.27543E-03 5.08231E-04 
-2.18279E-03 7.73447E-04 
-7.30820E-04 -5.56346E-04 
-8.68942E-04 -5.72297E-04 
-9.55772E-04 -5.38276E-04 
-1.08353E-03 -5.55587E-04 
-1.20654E-03 -5.70307E-04 
-1.32430E-03 -5.82144E-04 
-1.43647E-03 -5.90829E-04 
-1.51929E-03 -5.95226E-04 
-1.54285E-03 -5.96112E-04 
-1.65101E-03 -5.97747E-04 
-1.75246E-03 -5.94951E-04 
-1.84741E-03 -5.87557E-04 
-1.93617E-03 -5.75469E-04 
-1.99687E-03 -5.65078E-04 
-2.07568E-03 -5.42289E-04 
-2.14945E-03 -5.14623E-04 
-2.21812E-03 -4.82216E-04 
-2.28145E-03 -4.45198E-04 
-2.33897E-03 -4.03449E-04 
-2.38977E-03 -3.55768E-04 
-2.43179E-03 -2.96880E-04 
-2.45855E-03 -2.08138E-04 
-2.45144E-03 -4.18011E-05 
-2.38069E-03 2.52738E-04 
-2.24798E-03 6.10855E-04 
-2.10122E-03 8.84997E-04 
-8.39705E-04 -5.74418E-04 
-9.82278E-04 -5.90018E-04 
-1.05523E-03 -5.63237E-04 
-1.18814E-03 -5.79696E-04 
-1.31636E-03 -5.92784E-04 
-1.43930E-03 -6.02230E-04 
-1.55655E-03 -6.07796E-04 
-1.64316E-03 -6.09310E-04 
-1.66779E-03 -6.09280E-04 
-1.78082E-03 -6.06127E-04 
-1.88664E-03 -5.97914E-04 
-1.98534E-03 -5.84586E-04 
-2.07707E-03 -5.66168E-04 
-2.13850E-03 -5.52382E-04 
-2.21842E-03 -5.22523E-04 
-2.29211E-03 -4.87832E-04 
-2.35943E-03 -4.48601E-04 
-2.42002E-03 -4.05101E-04 
-2.47329E-03 -3.57325E-04 
-2.51808E-03 -3.04073E-04 
-2.55137E-03 -2.39744E-04 
-2.56352E-03 -1.44441E-04 
-2.52739E-03 3.23927E-05 
-2.40291E-03 3.42892E-04 
-2.20062E-03 7.15629E-04 
-1.99440E-03 9.93986E-04 
-9.52346E-04 -5.90492E-04 
-1.10027E-03 -6.04564E-04 
-1.15753E-03 -5.89037E-04 
-1.29672E-03 -6.03087E-04 
-1.43116E-03 -6.12934E-04 
-1.56016E-03 -6.18352E-04 
-1.68319E-03 -6.19167E-04 
-1.77403E-03 -6.16555E-04 
-1.79984E-03 -6.15250E-04 
-1.91814E-03 -6.05651E-04 
-2.02851E-03 -5.90471E-04 
-2.13089E-03 -5.69799E-04 
-2.22532E-03 -5.43816E-04 
-2.28747E-03 -5.25835E-04 
-2.36772E-03 -4.88092E-04 
-2.44038E-03 -4.45805E-04 
-2.50521E-03 -3.99432E-04 
-2.56181E-03 -3.49390E-04 
-2.60948E-03 -2.95778E-04 
-2.64679E-03 -2.37400E-04 
-2.66970E-03 -1.68368E-04 
-2.66503E-03 -6.77311E-05 
-2.59609E-03 1.17241E-04 
-2.41153E-03 4.39252E-04 
-2.13235E-03 8.20474E-04 
-1.86173E-03 1.09733E-03 
-1.06908E-03 -6.03179E-04 
-1.22337E-03 -6.14124E-04 
-1.26390E-03 -6.13925E-04 
-1.41058E-03 -6.23517E-04 
-1.55228E-03 -6.28081E-04 
-1.68820E-03 -6.27472E-04 
-1.81767E-03 -6.21605E-04 
-1.91307E-03 -6.13444E-04 
-1.94015E-03 -6.10464E-04 
-2.06394E-03 -5.92602E-04 
-2.17880E-03 -5.68831E-04 
-2.28456E-03 -5.39414E-04 
-2.38114E-03 -5.04713E-04 
-2.44389E-03 -4.81700E-04 
-2.52340E-03 -4.35495E-04 
-2.59377E-03 -3.85325E-04 
-2.65474E-03 -3.31805E-04 
-2.70586E-03 -2.75495E-04 
-2.74638E-03 -2.16587E-04 
-2.77461E-03 -1.53883E-04 
-2.78543E-03 -8.12579E-05 
-2.76169E-03 2.30163E-05 
-2.65620E-03 2.12996E-04 
-2.40538E-03 5.40781E-04 
-2.04244E-03 9.22885E-04 
-1.70313E-03 1.19157E-03 
-1.19046E-03 -6.10147E-04 
-1.35217E-03 -6.15959E-04 
-1.37606E-03 -6.34731E-04 
-1.53143E-03 -6.37383E-04 
-1.68135E-03 -6.34273E-04 
-1.82488E-03 -6.25370E-04 
-1.96124E-03 -6.10716E-04 
-2.06139E-03 -5.95506E-04 
-2.08975E-03 -5.90433E-04 
-2.21892E-03 -5.62490E-04 
-2.33791E-03 -5.28593E-04 
-2.44639E-03 -4.89202E-04 
-2.54421E-03 -4.44875E-04 
-2.60728E-03 -4.16049E-04 
-2.68462E-03 -3.61186E-04 
-2.75115E-03 -3.03250E-04 
-2.80660E-03 -2.43007E-04 
-2.85055E-03 -1.81129E-04 
-2.88224E-03 -1.17877E-04 
-2.89972E-03 -5.20452E-05 
-2.89670E-03 2.26600E-05 
-2.85171E-03 1.28384E-04 
-2.70611E-03 3.19443E-04 
-2.38328E-03 6.45969E-04 
-1.93044E-03 1.01994E-03 
-1.51901E-03 1.27297E-03 
-1.31804E-03 -6.07873E-04 
-1.48810E-03 -6.06239E-04 
-1.49691E-03 -6.46623E-04 
-1.66193E-03 -6.39560E-04 
-1.82074E-03 -6.26202E-04 
-1.97227E-03 -6.06663E-04 
-2.11559E-03 -5.81137E-04 
-2.22034E-03 -5.57457E-04 
-2.24991E-03 -5.49912E-04 
-2.38393E-03 -5.10285E-04 
-2.50618E-03 -4.65030E-04 
-2.61627E-03 -4.14812E-04 
-2.71397E-03 -3.60382E-04 
-2.77683E-03 -3.25158E-04 
-2.85019E-03 -2.61965E-04 
-2.91099E-03 -1.96918E-04 
-2.95901E-03 -1.30893E-04 
-2.99392E-03 -6.46425E-05 
-3.01497E-03 1.53818E-06 
-3.01999E-03 6.88771E-05 
-3.00144E-03 1.43744E-04 
-2.93316E-03 2.48254E-04 
-2.74422E-03 4.35701E-04 
-2.34432E-03 7.52727E-04 
-1.79648E-03 1.10832E-03 
-1.31062E-03 1.33761E-03 
-1.45387E-03 -5.91644E-04 
-1.63298E-03 -5.79820E-04 
-1.62985E-03 -6.43095E-04 
-1.80508E-03 -6.23578E-04 
-1.97300E-03 -5.97464E-04 
-2.13241E-03 -5.65101E-04 
-2.28224E-03 -5.26878E-04 
-2.39104E-03 -4.93572E-04 
-2.42161E-03 -4.83257E-04 
-2.55936E-03 -4.30802E-04 
-2.68346E-03 -3.73482E-04 
-2.79349E-03 -3.12160E-04 
-2.88923E-03 -2.47759E-04 
-2.95101E-03 -2.05883E-04 
-3.01823E-03 -1.35332E-04 
-3.07112E-03 -6.44396E-05 
-3.10959E-03 5.84730E-06 
-3.13345E-03 7.47485E-05 
-3.14201E-03 1.41978E-04 
-3.13288E-03 2.08796E-04 
-3.09719E-03 2.81532E-04 
-3.00380E-03 3.81734E-04 
-2.76869E-03 5.60201E-04 
-2.28749E-03 8.58436E-04 
-1.64075E-03 1.18442E-03 
-1.07932E-03 1.38153E-03 
-1.59956E-03 -5.55567E-04 
-1.78801E-03 -5.32997E-04 
-1.77773E-03 -6.16762E-04 
-1.96300E-03 -5.82091E-04 
-2.13952E-03 -5.41339E-04 
-2.30594E-03 -4.94597E-04 
-2.46112E-03 -4.42495E-04 
-2.57287E-03 -3.98942E-04 
-2.60411E-03 -3.85726E-04 
-2.74375E-03 -3.20106E-04 
-2.86766E-03 -2.50851E-04 
-2.97542E-03 -1.78984E-04 
-3.06687E-03 -1.05564E-04 
-3.12635E-03 -5.73077E-05 
-3.18498E-03 1.88779E-05 
-3.22762E-03 9.36616E-05 
-3.25436E-03 1.66088E-04 
-3.26518E-03 2.35404E-04 
-3.25952E-03 3.01380E-04 
-3.23475E-03 3.65312E-04 
-3.18064E-03 4.33347E-04 
-3.06076E-03 5.25857E-04 
-2.77752E-03 6.89535E-04 
-2.21228E-03 9.59085E-04 
-1.46477E-03 1.24385E-03 
-8.28417E-04 1.40060E-03 
-1.75800E-03 -4.93455E-04 
-1.95527E-03 -4.56990E-04 
-1.94402E-03 -5.59354E-04 
-2.13834E-03 -5.07938E-04 
-2.32211E-03 -4.51151E-04 
-2.49390E-03 -3.89182E-04 
-2.65251E-03 -3.22856E-04 
-2.76556E-03 -2.69096E-04 
-2.79695E-03 -2.53039E-04 
-2.93596E-03 -1.74829E-04 
-3.05700E-03 -9.46648E-05 
-3.15975E-03 -1.36813E-05 
-3.24417E-03 6.69866E-05 
-3.29973E-03 1.20774E-04 
-3.34710E-03 2.00179E-04 
-3.37702E-03 2.76298E-04 
-3.38981E-03 3.48229E-04 
-3.38566E-03 4.15309E-04 
-3.36414E-03 4.77404E-04 
-3.32243E-03 5.35841E-04 
-3.24881E-03 5.96415E-04 
-3.10140E-03 6.77650E-04 
-2.76858E-03 8.20418E-04 
-2.11760E-03 1.05098E-03 
-1.26876E-03 1.28274E-03 
-5.59283E-04 1.39126E-03 
-1.93048E-03 -3.99198E-04 
-2.13530E-03 -3.47748E-04 
-2.13013E-03 -4.63665E-04 
-2.33150E-03 -3.94802E-04 
-2.52022E-03 -3.21792E-04 
-2.69484E-03 -2.44889E-04 
-2.85414E-03 -1.65088E-04 
-2.96628E-03 -1.01994E-04 
-2.99717E-03 -8.33955E-05 
-3.13237E-03 5.71146E-06 
-3.24733E-03 9.47114E-05 
-3.34191E-03 1.82422E-04 
-3.41627E-03 2.67706E-04 
-3.46596E-03 3.25507E-04 
-3.49940E-03 4.05082E-04 
-3.51420E-03 4.79461E-04 
-3.51096E-03 5.47862E-04 
-3.49013E-03 6.09766E-04 
-3.45143E-03 6.65172E-04 
-3.39182E-03 7.15416E-04 
-3.29804E-03 7.65748E-04 
-3.12258E-03 8.32132E-04 
-2.73968E-03 9.47894E-04 
-2.00280E-03 1.12932E-03 
-1.05407E-03 1.29686E-03 
-2.74840E-04 1.35020E-03 
-2.11730E-03 -2.68043E-04 
-2.32751E-03 -2.01561E-04 
-2.33577E-03 -3.24402E-04 
-2.54114E-03 -2.38703E-04 
-2.73159E-03 -1.50572E-04 
-2.90568E-03 -6.02743E-05 
-3.06224E-03 3.10642E-05 
-3.17078E-03 1.01750E-04 
-3.20039E-03 1.22344E-04 
-3.32809E-03 2.19553E-04 
-3.43341E-03 3.14324E-04 
-3.51643E-03 4.05508E-04 
-3.57757E-03 4.92041E-04 
-3.61924E-03 5.51709E-04 
-3.63618E-03 6.27948E-04 
-3.63369E-03 6.97182E-04 
-3.61267E-03 7.58811E-04 
-3.57382E-03 8.12501E-04 
-3.51701E-03 8.58409E-04 
-3.43895E-03 8.97839E-04 
-3.32480E-03 9.35288E-04 
-3.12135E-03 9.83440E-04 
-2.68875E-03 1.06641E-03 
-1.86737E-03 1.18919E-03 
-8.22041E-04 1.28236E-03 
2.21411E-05 1.27481E-03 
-2.31700E-03 -9.78360E-05 
-2.52957E-03 -1.74381E-05 
-2.55817E-03 -1.39619E-04 
-2.76360E-03 -3.90616E-05 
-2.95177E-03 6.17931E-05 
-3.12130E-03 1.62741E-04 
-3.27115E-03 2.62576E-04 
-3.37311E-03 3.38332E-04 
-3.40058E-03 3.60161E-04 
-3.51680E-03 4.61738E-04 
-3.60876E-03 5.58421E-04 
-3.67682E-03 6.49174E-04 
-3.72172E-03 7.33083E-04 
-3.75312E-03 7.91970E-04 
-3.75136E-03 8.61161E-04 
-3.72981E-03 9.21762E-04 
-3.68969E-03 9.73397E-04 
-3.63195E-03 1.01595E-03 
-3.55659E-03 1.04975E-03 
-3.46002E-03 1.07601E-03 
-3.32580E-03 1.09824E-03 
-3.09502E-03 1.12517E-03 
-2.61409E-03 1.17017E-03 
-1.71120E-03 1.22591E-03 
-5.74437E-04 1.23615E-03 
3.28588E-04 1.16356E-03 
-2.52547E-03 1.10875E-04 
-2.73668E-03 2.02836E-04 
-2.79152E-03 8.90661E-05 
-2.99244E-03 2.01156E-04 
-3.17382E-03 3.11113E-04 
-3.33444E-03 4.18876E-04 
-3.47339E-03 5.23214E-04 
-3.56570E-03 6.00882E-04 
-3.59015E-03 6.23016E-04 
-3.69098E-03 7.24514E-04 
-3.76605E-03 8.18706E-04 
-3.81603E-03 9.04738E-04 
-3.84202E-03 9.81917E-04 
-3.86103E-03 1.03705E-03 
-3.83889E-03 1.09555E-03 
-3.79709E-03 1.14420E-03 
-3.73713E-03 1.18288E-03 
-3.66021E-03 1.21172E-03 
-3.56641E-03 1.23118E-03 
-3.45183E-03 1.24234E-03 
-3.29837E-03 1.24750E-03 
-3.04157E-03 1.25080E-03 
-2.51465E-03 1.25355E-03 
-1.53481E-03 1.23539E-03 
-3.13583E-04 1.15621E-03 
6.40990E-04 1.01625E-03 
-2.73655E-03 3.54053E-04 
-2.94220E-03 4.54146E-04 
-3.02766E-03 3.55950E-04 
-3.21918E-03 4.75159E-04 
-3.38912E-03 5.89653E-04 
-3.53643E-03 6.99602E-04 
-3.66042E-03 8.03808E-04 
-3.74016E-03 8.79833E-04 
-3.76080E-03 9.01243E-04 
-3.84266E-03 9.97853E-04 
-3.89773E-03 1.08495E-03 
-3.92705E-03 1.16192E-03 
-3.93206E-03 1.22835E-03 
-3.93688E-03 1.27668E-03 
-3.89337E-03 1.32118E-03 
-3.83081E-03 1.35499E-03 
-3.75095E-03 1.37825E-03 
-3.65521E-03 1.39132E-03 
-3.54369E-03 1.39479E-03 
-3.41214E-03 1.38949E-03 
-3.24084E-03 1.37634E-03 
-2.95995E-03 1.35433E-03 
-2.39034E-03 1.31172E-03 
-1.33967E-03 1.21476E-03 
-4.26201E-05 1.04210E-03 
9.55184E-04 8.34399E-04 
-2.94253E-03 6.23736E-04 
-3.13829E-03 7.27786E-04 
-3.25685E-03 6.51168E-04 
-3.43416E-03 7.72450E-04 
-3.58816E-03 8.86436E-04 
-3.71806E-03 9.93616E-04 
-3.82340E-03 1.09287E-03 
-3.88802E-03 1.16366E-03 
-3.90415E-03 1.18332E-03 
-3.96406E-03 1.27032E-03 
-3.99672E-03 1.34592E-03 
-4.00350E-03 1.40983E-03 
-3.98619E-03 1.46191E-03 
-3.97549E-03 1.50059E-03 
-3.91040E-03 1.52841E-03 
-3.82730E-03 1.54514E-03 
-3.72820E-03 1.55120E-03 
-3.61463E-03 1.54713E-03 
-3.48672E-03 1.53362E-03 
-3.33980E-03 1.51119E-03 
-3.15256E-03 1.47917E-03 
-2.85010E-03 1.43103E-03 
-2.24203E-03 1.34125E-03 
-1.12807E-03 1.16279E-03 
2.34677E-04 8.95229E-04 
1.26657E-03 6.21425E-04 
-3.13257E-03 9.08150E-04 
-3.31439E-03 1.01159E-03 
-3.46654E-03 9.60825E-04 
-3.62542E-03 1.07893E-03 
-3.75973E-03 1.18730E-03 
-3.86893E-03 1.28684E-03 
-3.95283E-03 1.37655E-03 
-4.00050E-03 1.43875E-03 
-4.01164E-03 1.45572E-03 
-4.04766E-03 1.52888E-03 
-4.05653E-03 1.58922E-03 
-4.03995E-03 1.63675E-03 
-4.00000E-03 1.67168E-03 
-3.97315E-03 1.69834E-03 
-3.88721E-03 1.70768E-03 
-3.78469E-03 1.70599E-03 
-3.66778E-03 1.69393E-03 
-3.53811E-03 1.67223E-03 
-3.39574E-03 1.64158E-03 
-3.23560E-03 1.60215E-03 
-3.03484E-03 1.55154E-03 
-2.71396E-03 1.47743E-03 
-2.07263E-03 1.34034E-03 
-9.04429E-04 1.08043E-03 
5.12398E-04 7.19720E-04 
1.56857E-03 3.83679E-04 
-3.30081E-03 1.19777E-03 
-3.46488E-03 1.29609E-03 
-3.64960E-03 1.27406E-03 
-3.78629E-03 1.38401E-03 
-3.89761E-03 1.48203E-03 
-3.98332E-03 1.56949E-03 
-4.04349E-03 1.64554E-03 
-4.07279E-03 1.69621E-03 
-4.07858E-03 1.70967E-03 
-4.08937E-03 1.76540E-03 
-4.07365E-03 1.80734E-03 
-4.03344E-03 1.83586E-03 
-3.97111E-03 1.85148E-03 
-3.92793E-03 1.86422E-03 
-3.82236E-03 1.85396E-03 
-3.70199E-03 1.83317E-03 
-3.56911E-03 1.80272E-03 
-3.42541E-03 1.76346E-03 
-3.27084E-03 1.71607E-03 
-3.09987E-03 1.66026E-03 
-2.88822E-03 1.59181E-03 
-2.55228E-03 1.49247E-03 
-1.88319E-03 1.30877E-03 
-6.70200E-04 9.68760E-04 
7.88739E-04 5.18143E-04 
1.85930E-03 1.24707E-04 
-3.43478E-03 1.47679E-03 
-3.57832E-03 1.56583E-03 
-3.79292E-03 1.57343E-03 
-3.90501E-03 1.67088E-03 
-3.99145E-03 1.75454E-03 
-4.05229E-03 1.82632E-03 
-4.08783E-03 1.88553E-03 
-4.09843E-03 1.92252E-03 
-4.09881E-03 1.93189E-03 
-4.08444E-03 1.96770E-03 
-4.04471E-03 1.98929E-03 
-3.98191E-03 1.99733E-03 
-3.89860E-03 1.99269E-03 
-3.83983E-03 1.99049E-03 
-3.71682E-03 1.96064E-03 
-3.58100E-03 1.92113E-03 
-3.43474E-03 1.87300E-03 
-3.27969E-03 1.81720E-03 
-3.11566E-03 1.75431E-03 
-2.93668E-03 1.68354E-03 
-2.71717E-03 1.59882E-03 
-2.37000E-03 1.47602E-03 
-1.67947E-03 1.24817E-03 
-4.32443E-04 8.32366E-04 
1.05550E-03 2.98307E-04 
2.13029E-03 -1.45663E-04 
-3.52828E-03 1.73462E-03 
-3.64921E-03 1.81081E-03 
-3.88988E-03 1.84744E-03 
-3.97596E-03 1.92888E-03 
-4.03656E-03 1.99503E-03 
-4.07207E-03 2.04838E-03 
-4.08302E-03 2.08844E-03 
-4.07523E-03 2.11025E-03 
-4.07036E-03 2.11514E-03 
-4.03179E-03 2.12949E-03 
-3.96946E-03 2.12969E-03 
-3.88584E-03 2.11670E-03 
-3.78367E-03 2.09168E-03 
-3.71060E-03 2.07420E-03 
-3.57284E-03 2.02555E-03 
-3.42442E-03 1.96845E-03 
-3.26768E-03 1.90403E-03 
-3.10423E-03 1.83328E-03 
-2.93370E-03 1.75668E-03 
-2.74967E-03 1.67285E-03 
-2.52545E-03 1.57389E-03 
-2.17104E-03 1.43002E-03 
-1.46567E-03 1.16154E-03 
-1.95753E-04 6.75941E-04 
1.30787E-03 6.66911E-05 
2.37693E-03 -4.19993E-04 
-3.57563E-03 1.96023E-03 
-3.67278E-03 2.02090E-03 
-3.93482E-03 2.08463E-03 
-3.99456E-03 2.14758E-03 
-4.02948E-03 2.19415E-03 
-4.04027E-03 2.22743E-03 
-4.02766E-03 2.24711E-03 
-4.00252E-03 2.25306E-03 
-3.99275E-03 2.25332E-03 
-3.93187E-03 2.24577E-03 
-3.84916E-03 2.22459E-03 
-3.74723E-03 2.19103E-03 
-3.62892E-03 2.14646E-03 
-3.54342E-03 2.11411E-03 
-3.39405E-03 2.04825E-03 
-3.23620E-03 1.97535E-03 
-3.07217E-03 1.89664E-03 
-2.90346E-03 1.81310E-03 
-2.72948E-03 1.72500E-03 
-2.54342E-03 1.63043E-03 
-2.31766E-03 1.51967E-03 
-1.96007E-03 1.35765E-03 
-1.24666E-03 1.05303E-03 
3.47461E-05 5.05265E-04 
1.54068E-03 -1.69278E-04 
2.59442E-03 -6.90079E-04 
-3.57595E-03 2.14513E-03 
-3.64899E-03 2.18838E-03 
-3.92734E-03 2.27633E-03 
-3.96122E-03 2.31937E-03 
-3.97130E-03 2.34530E-03 
-3.95859E-03 2.35788E-03 
-3.92397E-03 2.35695E-03 
-3.88295E-03 2.34714E-03 
-3.86872E-03 2.34284E-03 
-3.78793E-03 2.31402E-03 
-3.68751E-03 2.27245E-03 
-3.57018E-03 2.21964E-03 
-3.43880E-03 2.15716E-03 
-3.34308E-03 2.11104E-03 
-3.18543E-03 2.03016E-03 
-3.02147E-03 1.94384E-03 
-2.85341E-03 1.85331E-03 
-2.68259E-03 1.75949E-03 
-2.50822E-03 1.66245E-03 
-2.32309E-03 1.55970E-03 
-2.09887E-03 1.43984E-03 
-1.74210E-03 1.26297E-03 
-1.02743E-03 9.27476E-04 
2.54040E-04 3.26469E-04 
1.74918E-03 -4.02242E-04 
2.77861E-03 -9.48131E-04 
-3.52559E-03 2.28373E-03 
-3.57480E-03 2.30855E-03 
-3.86395E-03 2.41694E-03 
-3.87348E-03 2.43953E-03 
-3.86061E-03 2.44474E-03 
-3.82672E-03 2.43693E-03 
-3.77281E-03 2.41609E-03 
-3.71816E-03 2.39133E-03 
-3.70017E-03 2.38274E-03 
-3.60284E-03 2.33411E-03 
-3.48823E-03 2.27395E-03 
-3.35908E-03 2.20398E-03 
-3.21826E-03 2.12589E-03 
-3.11498E-03 2.06766E-03 
-2.95262E-03 1.97445E-03 
-2.78600E-03 1.87745E-03 
-2.61720E-03 1.77788E-03 
-2.44739E-03 1.67653E-03 
-2.27554E-03 1.57328E-03 
-2.09415E-03 1.46505E-03 
-1.87441E-03 1.33892E-03 
-1.52228E-03 1.15073E-03 
-8.13000E-04 7.90183E-04 
4.57372E-04 1.45783E-04 
1.92912E-03 -6.25162E-04 
2.92601E-03 -1.18700E-03 
-3.42830E-03 2.37279E-03 
-3.45520E-03 2.37925E-03 
-3.75043E-03 2.50405E-03 
-3.73836E-03 2.50700E-03 
-3.70540E-03 2.49254E-03 
-3.65327E-03 2.46565E-03 
-3.58304E-03 2.42644E-03 
-3.51716E-03 2.38806E-03 
-3.49612E-03 2.37560E-03 
-3.38573E-03 2.30934E-03 
-3.26049E-03 2.23303E-03 
-3.12311E-03 2.14851E-03 
-2.97638E-03 2.05759E-03 
-2.86826E-03 1.98932E-03 
-2.70459E-03 1.88677E-03 
-2.53856E-03 1.78208E-03 
-2.37207E-03 1.67640E-03 
-2.20610E-03 1.57040E-03 
-2.03939E-03 1.46368E-03 
-1.86420E-03 1.35267E-03 
-1.65150E-03 1.22311E-03 
-1.30749E-03 1.02728E-03 
-6.09787E-04 6.47962E-04 
6.39069E-04 -2.91407E-05 
2.07601E-03 -8.29766E-04 
3.03348E-03 -1.39857E-03 
-3.28970E-03 2.41491E-03 
-3.29533E-03 2.40310E-03 
-3.59168E-03 2.53987E-03 
-3.55996E-03 2.52378E-03 
-3.50910E-03 2.49072E-03 
-3.44119E-03 2.44616E-03 
-3.35737E-03 2.39031E-03 
-3.28250E-03 2.33985E-03 
-3.25908E-03 2.32401E-03 
-3.13891E-03 2.24257E-03 
-3.00643E-03 2.15276E-03 
-2.86422E-03 2.05650E-03 
-2.71495E-03 1.95564E-03 
-2.60461E-03 1.87957E-03 
-2.44284E-03 1.77066E-03 
-2.28043E-03 1.66122E-03 
-2.11908E-03 1.55228E-03 
-1.95956E-03 1.44434E-03 
-1.80040E-03 1.33677E-03 
-1.63368E-03 1.22551E-03 
-1.43040E-03 1.09516E-03 
-1.09777E-03 8.95173E-04 
-4.17617E-04 5.03103E-04 
7.99604E-04 -1.96439E-04 
2.19067E-03 -1.01478E-03 
3.10208E-03 -1.58216E-03 
-3.11400E-03 2.41148E-03 
-3.10004E-03 2.38244E-03 
-3.39278E-03 2.52647E-03 
-3.34420E-03 2.49288E-03 
-3.27841E-03 2.44310E-03 
-3.19798E-03 2.38304E-03 
-3.10402E-03 2.31298E-03 
-3.02290E-03 2.25247E-03 
-2.99791E-03 2.23385E-03 
-2.87181E-03 2.14021E-03 
-2.73583E-03 2.03994E-03 
-2.59242E-03 1.93504E-03 
-2.44405E-03 1.82734E-03 
-2.33419E-03 1.74587E-03 
-2.17730E-03 1.63363E-03 
-2.02124E-03 1.52234E-03 
-1.86749E-03 1.41288E-03 
-1.71661E-03 1.30560E-03 
-1.56695E-03 1.19960E-03 
-1.41049E-03 1.09041E-03 
-1.21853E-03 9.61755E-04 
-9.00008E-04 7.60993E-04 
-2.42609E-04 3.62319E-04 
9.34111E-04 -3.49105E-04 
2.26997E-03 -1.17322E-03 
3.13038E-03 -1.73140E-03 
-2.90775E-03 2.36706E-03 
-2.87595E-03 2.32188E-03 
-3.16142E-03 2.46858E-03 
-3.09905E-03 2.41926E-03 
-3.02161E-03 2.35505E-03 
-2.93201E-03 2.28202E-03 
-2.83128E-03 2.20045E-03 
-2.74643E-03 2.13199E-03 
-2.72059E-03 2.11121E-03 
-2.59189E-03 2.00835E-03 
-2.45564E-03 1.90069E-03 
-2.31413E-03 1.79020E-03 
-2.16959E-03 1.67866E-03 
-2.06255E-03 1.59419E-03 
-1.91308E-03 1.48144E-03 
-1.76566E-03 1.37097E-03 
-1.62156E-03 1.26350E-03 
-1.48111E-03 1.15918E-03 
-1.34251E-03 1.05688E-03 
-1.19772E-03 9.51802E-04 
-1.01857E-03 8.27013E-04 
-7.16460E-04 6.28572E-04 
-8.64225E-05 2.29104E-04 
1.04190E-03 -4.84174E-04 
2.31442E-03 -1.30290E-03 
3.11991E-03 -1.84496E-03 
-2.68074E-03 2.28943E-03 
-2.63365E-03 2.22986E-03 
-2.90892E-03 2.37435E-03 
-2.83587E-03 2.31094E-03 
-2.74967E-03 2.23441E-03 
-2.65364E-03 2.15069E-03 
-2.54865E-03 2.05993E-03 
-2.46200E-03 1.98546E-03 
-2.43588E-03 1.96311E-03 
-2.30730E-03 1.85389E-03 
-2.17346E-03 1.74175E-03 
-2.03641E-03 1.62858E-03 
-1.89814E-03 1.51604E-03 
-1.79589E-03 1.43085E-03 
-1.65586E-03 1.32016E-03 
-1.51887E-03 1.21290E-03 
-1.38596E-03 1.10961E-03 
-1.25726E-03 1.01023E-03 
-1.13083E-03 9.13432E-04 
-9.98689E-04 8.14150E-04 
-8.33419E-04 6.95060E-04 
-5.49520E-04 5.01684E-04 
4.92990E-05 1.06794E-04 
1.12255E-03 -5.98988E-04 
2.32511E-03 -1.40212E-03 
3.07294E-03 -1.92215E-03 
-2.43899E-03 2.18554E-03 
-2.37771E-03 2.11272E-03 
-2.63935E-03 2.24992E-03 
-2.55763E-03 2.17380E-03 
-2.46503E-03 2.08699E-03 
-2.36521E-03 1.99484E-03 
-2.25900E-03 1.89751E-03 
-2.17294E-03 1.81917E-03 
-2.14723E-03 1.79589E-03 
-2.02200E-03 1.68336E-03 
-1.89357E-03 1.56968E-03 
-1.76368E-03 1.45660E-03 
-1.63401E-03 1.34560E-03 
-1.53839E-03 1.26168E-03 
-1.40949E-03 1.15520E-03 
-1.28436E-03 1.05311E-03 
-1.16381E-03 9.55755E-04 
-1.04778E-03 8.62893E-04 
-9.34233E-04 7.73007E-04 
-8.15349E-04 6.80842E-04 
-6.64660E-04 5.68927E-04 
-4.00337E-04 3.82977E-04 
1.64076E-04 -2.48331E-06 
1.17667E-03 -6.92258E-04 
2.30393E-03 -1.47070E-03 
2.99237E-03 -1.96374E-03 
-2.18891E-03 2.06278E-03 
-2.11695E-03 1.97910E-03 
-2.36408E-03 2.10414E-03 
-2.27651E-03 2.01630E-03 
-2.17979E-03 1.92092E-03 
-2.07821E-03 1.82229E-03 
-1.97240E-03 1.72036E-03 
-1.88813E-03 1.63972E-03 
-1.86318E-03 1.61596E-03 
-1.74299E-03 1.50237E-03 
-1.62178E-03 1.38955E-03 
-1.50089E-03 1.27901E-03 
-1.38158E-03 1.17195E-03 
-1.29413E-03 1.09134E-03 
-1.17769E-03 9.91095E-04 
-1.06548E-03 8.95950E-04 
-9.58071E-04 8.06055E-04 
-8.55268E-04 7.20997E-04 
-7.54972E-04 6.39113E-04 
-6.49583E-04 5.55051E-04 
-5.13793E-04 4.51440E-04 
-2.69933E-04 2.74868E-04 
2.57672E-04 -9.69174E-05 
1.20534E-03 -7.63175E-04 
2.25354E-03 -1.50908E-03 
2.88194E-03 -1.97126E-03 
-1.93723E-03 1.92726E-03 
-1.85688E-03 1.83621E-03 
-2.08753E-03 1.94416E-03 
-1.99655E-03 1.84584E-03 
-1.89844E-03 1.74395E-03 
-1.79775E-03 1.64118E-03 
-1.69496E-03 1.53717E-03 
-1.61436E-03 1.45620E-03 
-1.59068E-03 1.43252E-03 
-1.47767E-03 1.32034E-03 
-1.36522E-03 1.21037E-03 
-1.25444E-03 1.10398E-03 
-1.14635E-03 1.00226E-03 
-1.06775E-03 9.26020E-04 
-9.64241E-04 8.33132E-04 
-8.65257E-04 7.45930E-04 
-7.71169E-04 6.64362E-04 
-6.81617E-04 5.87842E-04 
-5.94476E-04 5.14577E-04 
-5.02430E-04 4.39192E-04 
-3.81481E-04 3.44621E-04 
-1.58519E-04 1.78940E-04 
3.30625E-04 -1.75590E-04 
1.21036E-03 -8.11920E-04 
2.17714E-03 -1.51880E-03 
2.74583E-03 -1.94727E-03 
-1.68896E-03 1.78608E-03 
-1.60390E-03 1.69241E-03 
-1.81686E-03 1.77783E-03 
-1.72359E-03 1.66825E-03 
-1.62533E-03 1.56052E-03 
-1.52679E-03 1.45457E-03 
-1.42833E-03 1.34978E-03 
-1.35246E-03 1.26972E-03 
-1.33039E-03 1.24653E-03 
-1.22614E-03 1.13781E-03 
-1.12408E-03 1.03287E-03 
-1.02486E-03 9.32728E-04 
-9.29109E-04 8.38197E-04 
-8.60231E-04 7.67831E-04 
-7.70153E-04 6.83578E-04 
-6.84651E-04 6.05331E-04 
-6.03907E-04 5.32855E-04 
-5.27445E-04 4.65426E-04 
-4.53151E-04 4.01171E-04 
-3.74064E-04 3.34775E-04 
-2.67638E-04 2.49691E-04 
-6.56376E-05 9.60322E-05 
3.84068E-04 -2.38322E-04 
1.19400E-03 -8.39435E-04 
2.07832E-03 -1.50212E-03 
2.58847E-03 -1.89499E-03 
-1.44670E-03 1.63947E-03 
-1.36056E-03 1.55118E-03 
-1.55594E-03 1.61080E-03 
-1.46308E-03 1.49078E-03 
-1.36712E-03 1.37843E-03 
-1.27280E-03 1.27060E-03 
-1.18033E-03 1.16652E-03 
-1.11017E-03 1.08852E-03 
-1.08991E-03 1.06614E-03 
-9.95192E-04 9.62295E-04 
-9.03915E-04 8.63645E-04 
-8.16587E-04 7.70964E-04 
-7.33436E-04 6.84701E-04 
-6.74490E-04 6.21042E-04 
-5.97652E-04 5.46012E-04 
-5.25299E-04 4.77134E-04 
-4.57432E-04 4.14004E-04 
-3.93480E-04 3.55775E-04 
-3.31377E-04 3.00534E-04 
-2.64562E-04 2.43099E-04 
-1.72039E-04 1.67613E-04 
9.33423E-06 2.66850E-05 
4.19357E-04 -2.85286E-04 
1.15890E-03 -8.47115E-04 
1.96110E-03 -1.46184E-03 
2.41471E-03 -1.81823E-03 
-1.21610E-03 1.48916E-03 
-1.13364E-03 1.41903E-03 
-1.31073E-03 1.45070E-03 
-1.21842E-03 1.31890E-03 
-1.12521E-03 1.20149E-03 
-1.03571E-03 1.09199E-03 
-9.50118E-04 9.89529E-04 
-8.86463E-04 9.14680E-04 
-8.68276E-04 8.93456E-04 
-7.84251E-04 7.96154E-04 
-7.04617E-04 7.05157E-04 
-6.29530E-04 6.20851E-04 
-5.59014E-04 5.43521E-04 
-5.10112E-04 4.87156E-04 
-4.46269E-04 4.21722E-04 
-3.86618E-04 3.62381E-04 
-3.31033E-04 3.08601E-04 
-2.78884E-04 2.59452E-04 
-2.28185E-04 2.13012E-04 
-1.72825E-04 1.64298E-04 
-9.34399E-05 9.82967E-05 
6.78802E-05 -2.95052E-05 
4.38462E-04 -3.17476E-04 
1.10787E-03 -8.36972E-04 
1.82920E-03 -1.40114E-03 
2.22875E-03 -1.72087E-03 
-9.98944E-04 1.32899E-03 
-9.26496E-04 1.29609E-03 
-1.08578E-03 1.30269E-03 
-9.94883E-04 1.15960E-03 
-9.05439E-04 1.03681E-03 
-8.21930E-04 9.25500E-04 
-7.43811E-04 8.24664E-04 
-6.86868E-04 7.53193E-04 
-6.70776E-04 7.33227E-04 
-5.97342E-04 6.43001E-04 
-5.29273E-04 5.60417E-04 
-4.66403E-04 4.85324E-04 
-4.08280E-04 4.17515E-04 
-3.69110E-04 3.68805E-04 
-3.17493E-04 3.12967E-04 
-2.69659E-04 2.62989E-04 
-2.25380E-04 2.18238E-04 
-1.83991E-04 1.77730E-04 
-1.43617E-04 1.39581E-04 
-9.86270E-05 9.90610E-05 
-3.13157E-05 4.21170E-05 
1.10990E-04 -7.26222E-05 
4.43329E-04 -3.35859E-04 
1.04454E-03 -8.11536E-04 
1.68811E-03 -1.32431E-03 
2.03714E-03 -1.60830E-03 
-7.90040E-04 1.14401E-03 
-7.34215E-04 1.17260E-03 
-8.76772E-04 1.16267E-03 
-7.89104E-04 1.01136E-03 
-7.04932E-04 8.84192E-04 
-6.28177E-04 7.71255E-04 
-5.58021E-04 6.72332E-04 
-5.07941E-04 6.04465E-04 
-4.93986E-04 5.85844E-04 
-4.31601E-04 5.03514E-04 
-3.75318E-04 4.30079E-04 
-3.24391E-04 3.64466E-04 
-2.78169E-04 3.06199E-04 
-2.48355E-04 2.65144E-04 
-2.08230E-04 2.18645E-04 
-1.71385E-04 1.77671E-04 
-1.37506E-04 1.41501E-04 
-1.05918E-04 1.09118E-04 
-7.48811E-05 7.86996E-05 
-3.92731E-05 4.58212E-05 
1.69188E-05 -2.51365E-06 
1.41119E-04 -1.04306E-04 
4.36223E-04 -3.42222E-04 
9.70860E-04 -7.72851E-04 
1.53929E-03 -1.23361E-03 
1.84086E-03 -1.48281E-03 
-5.91551E-04 9.24052E-04 
-5.61104E-04 1.04255E-03 
-6.88086E-04 1.03294E-03 
-6.04186E-04 8.78982E-04 
-5.26442E-04 7.48663E-04 
-4.56886E-04 6.32860E-04 
-3.95290E-04 5.34850E-04 
-3.52630E-04 4.70645E-04 
-3.40929E-04 4.53469E-04 
-2.89506E-04 3.79317E-04 
-2.44397E-04 3.15154E-04 
-2.04686E-04 2.59152E-04 
-1.69548E-04 2.10452E-04 
-1.48442E-04 1.77067E-04 
-1.18829E-04 1.39601E-04 
-9.18743E-05 1.07122E-04 
-6.72189E-05 7.88807E-05 
-4.42399E-05 5.38973E-05 
-2.13604E-05 3.04578E-05 
6.02106E-06 4.48081E-06 
5.22403E-05 -3.59083E-05 
1.59587E-04 -1.25223E-04 
4.19220E-04 -3.37975E-04 
8.90259E-04 -7.23659E-04 
1.38762E-03 -1.13323E-03 
1.64555E-03 -1.34943E-03 
-4.04337E-04 6.63234E-04 
-4.06109E-04 8.90919E-04 
-5.19157E-04 9.07679E-04 
-4.39701E-04 7.60229E-04 
-3.69061E-04 6.29424E-04 
-3.07507E-04 5.11401E-04 
-2.54574E-04 4.14118E-04 
-2.19044E-04 3.53218E-04 
-2.09499E-04 3.37375E-04 
-1.68544E-04 2.71029E-04 
-1.34216E-04 2.16116E-04 
-1.05308E-04 1.69735E-04 
-8.06604E-05 1.30432E-04 
-6.76412E-05 1.04434E-04 
-4.74307E-05 7.53215E-05 
-2.92289E-05 5.06101E-05 
-1.26706E-05 2.95525E-05 
2.83673E-06 1.11863E-05 
1.86943E-05 -6.07581E-06 
3.89763E-05 -2.59423E-05 
7.63728E-05 -5.91269E-05 
1.68210E-04 -1.36611E-04 
3.94444E-04 -3.24797E-04 
8.05435E-04 -6.66444E-04 
1.23635E-03 -1.02651E-03 
1.45460E-03 -1.21187E-03 
-2.29892E-04 3.64467E-04 
-2.70129E-04 7.04655E-04 
-3.69520E-04 7.80889E-04 
-2.94449E-04 6.53717E-04 
-2.32315E-04 5.28251E-04 
-1.79271E-04 4.08605E-04 
-1.35051E-04 3.10404E-04 
-1.06892E-04 2.51972E-04 
-9.95233E-05 2.37319E-04 
-6.91205E-05 1.78759E-04 
-4.51408E-05 1.33174E-04 
-2.60308E-05 9.61157E-05 
-1.06140E-05 6.56405E-05 
-4.66087E-06 4.65440E-05 
7.37146E-06 2.50807E-05 
1.80598E-05 7.33672E-06 
2.77749E-05 -7.41759E-06 
3.70329E-05 -2.00638E-05 
4.70451E-05 -3.20318E-05 
6.13650E-05 -4.66371E-05 
9.10987E-05 -7.34242E-05 
1.68845E-04 -1.39876E-04 
3.63999E-04 -3.04478E-04 
7.18962E-04 -6.03702E-04 
1.08846E-03 -9.16639E-04 
1.27107E-03 -1.07363E-03 
-6.83601E-05 4.54467E-05 
-1.54992E-04 4.74394E-04 
-2.41857E-04 6.47875E-04 
-1.69561E-04 5.55790E-04 
-1.15707E-04 4.42784E-04 
-7.13867E-05 3.24073E-04 
-3.58118E-05 2.24509E-04 
-1.42937E-05 1.67301E-04 
-8.88235E-06 1.53490E-04 
1.21382E-05 1.01217E-04 
2.68269E-05 6.40683E-05 
3.68601E-05 3.60034E-05 
4.37252E-05 1.41208E-05 
4.32299E-05 1.66611E-06 
4.80470E-05 -1.27297E-05 
5.22698E-05 -2.42136E-05 
5.62221E-05 -3.34463E-05 
6.03126E-05 -4.11921E-05 
6.55424E-05 -4.86929E-05 
7.49477E-05 -5.88508E-05 
9.81221E-05 -8.00481E-05 
1.63211E-04 -1.36359E-04 
3.29779E-04 -2.78667E-04 
6.33078E-04 -5.37667E-04 
9.46482E-04 -8.06424E-04 
1.09746E-03 -9.37695E-04 
8.53391E-05 -2.63495E-04 
-5.85990E-05 1.91961E-04 
-1.36431E-04 5.04753E-04 
-6.50816E-05 4.62408E-04 
-1.95533E-05 3.72086E-04 
1.66827E-05 2.58545E-04 
4.45797E-05 1.56648E-04 
5.96828E-05 9.93737E-05 
6.32302E-05 8.60419E-05 
7.54932E-05 3.88419E-05 
8.14860E-05 9.65988E-06 
8.34264E-05 -9.97401E-06 
8.29258E-05 -2.39869E-05 
7.70486E-05 -3.05001E-05 
7.59928E-05 -3.88181E-05 
7.50137E-05 -4.50146E-05 
7.43839E-05 -4.96620E-05 
7.44114E-05 -5.34038E-05 
7.58943E-05 -5.72882E-05 
8.13820E-05 -6.38114E-05 
9.90522E-05 -8.02311E-05 
1.52915E-04 -1.27362E-04 
2.93498E-04 -2.48913E-04 
5.49718E-04 -4.70348E-04 
8.12479E-04 -6.98299E-04 
9.35724E-04 -8.06589E-04 
2.35875E-04 -5.25739E-04 
2.37710E-05 -1.43882E-04 
-5.05738E-05 3.52039E-04 
2.27846E-05 3.65295E-04 
6.04254E-05 3.08416E-04 
8.72797E-05 2.09499E-04 
1.07621E-04 1.06631E-04 
1.17345E-04 4.73464E-05 
1.19218E-04 3.39874E-05 
1.23186E-04 -9.67130E-06 
1.21466E-04 -3.19916E-05 
1.16487E-04 -4.40453E-05 
1.09853E-04 -5.09972E-05 
9.95142E-05 -5.21329E-05 
9.35882E-05 -5.50417E-05 
8.83991E-05 -5.66770E-05 
8.41723E-05 -5.75114E-05 
8.10874E-05 -5.80256E-05 
7.97314E-05 -5.90525E-05 
8.21881E-05 -6.26805E-05 
9.53222E-05 -7.50909E-05 
1.39352E-04 -1.14030E-04 
2.56598E-04 -2.16536E-04 
4.70443E-04 -4.03416E-04 
6.88050E-04 -5.94233E-04 
7.87309E-04 -6.82301E-04 
3.93946E-04 -7.38894E-04 
9.80342E-05 -5.26521E-04 
1.67411E-05 2.03383E-04 
9.64082E-05 2.60189E-04 
1.26255E-04 2.43960E-04 
1.43132E-04 1.72505E-04 
1.55585E-04 7.28627E-05 
1.60251E-04 1.08366E-05 
1.60689E-04 -3.06532E-06 
1.57746E-04 -4.56788E-05 
1.49303E-04 -6.24895E-05 
1.38172E-04 -6.75846E-05 
1.26212E-04 -6.79682E-05 
1.12106E-04 -6.41484E-05 
1.02352E-04 -6.24221E-05 
9.40540E-05 -6.03729E-05 
8.72426E-05 -5.82295E-05 
8.19624E-05 -5.62944E-05 
7.86063E-05 -5.51873E-05 
7.88346E-05 -5.66097E-05 
8.83184E-05 -6.57363E-05 
1.23848E-04 -9.74749E-05 
2.20399E-04 -1.82765E-04 
3.96583E-04 -3.38332E-04 
5.74438E-04 -4.95856E-04 
6.53230E-04 -5.66402E-04 
5.70153E-04 -9.55654E-04 
1.71603E-04 -9.62642E-04 
6.08932E-05 9.25724E-05 
1.53763E-04 1.52656E-04 
1.81142E-04 1.69825E-04 
1.87256E-04 1.42400E-04 
1.91430E-04 5.33327E-05 
1.90813E-04 -1.12758E-05 
1.89804E-04 -2.60477E-05 
1.80770E-04 -6.99910E-05 
1.66845E-04 -8.30942E-05 
1.50711E-04 -8.22724E-05 
1.34437E-04 -7.68225E-05 
1.17426E-04 -6.86437E-05 
1.04749E-04 -6.29433E-05 
9.41186E-05 -5.78039E-05 
8.54538E-05 -5.32783E-05 
7.86750E-05 -4.94873E-05 
7.39810E-05 -4.68248E-05 
7.26341E-05 -4.66124E-05 
7.92276E-05 -5.30900E-05 
1.07487E-04 -7.85729E-05 
1.85884E-04 -1.48499E-04 
3.28975E-04 -2.76068E-04 
4.72238E-04 -4.04138E-04 
5.33789E-04 -4.59716E-04 
7.70606E-04 -1.33898E-03 
2.60028E-04 -1.49461E-03 
8.35745E-05 6.48242E-05 
1.94063E-04 5.78881E-05 
2.24524E-04 8.04467E-05 
2.21066E-04 1.13295E-04 
2.16130E-04 4.65038E-05 
2.10549E-04 -1.97491E-05 
2.08331E-04 -3.58169E-05 
1.93544E-04 -8.29955E-05 
1.74708E-04 -9.37983E-05 
1.54500E-04 -8.80713E-05 
1.35117E-04 -7.77493E-05 
1.16324E-04 -6.60911E-05 
1.01821E-04 -5.73017E-05 
8.97912E-05 -4.98460E-05 
8.00864E-05 -4.36373E-05 
7.25004E-05 -3.86009E-05 
6.70760E-05 -3.49291E-05 
6.47370E-05 -3.36044E-05 
6.91337E-05 -3.80273E-05 
9.13209E-05 -5.82090E-05 
1.54148E-04 -1.14750E-04 
2.68816E-04 -2.17891E-04 
3.82657E-04 -3.20537E-04 
4.30030E-04 -3.63650E-04 
9.88173E-04 -2.16473E-03 
3.87324E-04 -2.24998E-03 
8.65549E-05 1.74959E-04 
2.13218E-04 6.32694E-06 
2.55487E-04 -2.78382E-05 
2.44349E-04 7.96664E-05 
2.32215E-04 4.91139E-05 
2.21950E-04 -1.63025E-05 
2.18394E-04 -3.35994E-05 
1.98337E-04 -8.61034E-05 
1.75575E-04 -9.66694E-05 
1.52450E-04 -8.73588E-05 
1.30939E-04 -7.29722E-05 
1.10985E-04 -5.82382E-05 
9.53358E-05 -4.68405E-05 
8.25491E-05 -3.75667E-05 
7.23751E-05 -3.01447E-05 
6.44973E-05 -2.43092E-05 
5.88049E-05 -2.00416E-05 
5.59208E-05 -1.80062E-05 
5.86729E-05 -2.08517E-05 
7.57936E-05 -3.65487E-05 
1.25286E-04 -8.14624E-05 
2.15582E-04 -1.63358E-04 
3.04449E-04 -2.44129E-04 
3.40202E-04 -2.76911E-04 
1.17649E-03 -3.77101E-03 
5.76569E-04 -3.45313E-03 
8.01870E-05 4.66973E-04 
2.10069E-04 4.21935E-05 
2.73099E-04 -1.53834E-04 
2.56801E-04 3.55243E-05 
2.37219E-04 6.13731E-05 
2.23995E-04 4.41182E-08 
2.19877E-04 -1.89580E-05 
1.96927E-04 -8.02835E-05 
1.71420E-04 -9.30647E-05 
1.46390E-04 -8.15333E-05 
1.23466E-04 -6.36936E-05 
1.02945E-04 -4.62817E-05 
8.67813E-05 -3.27157E-05 
7.37827E-05 -2.20246E-05 
6.35898E-05 -1.37444E-05 
5.57962E-05 -7.42511E-06 
5.01665E-05 -2.85280E-06 
4.70692E-05 -4.04330E-07 
4.86313E-05 -2.06762E-06 
6.16132E-05 -1.40491E-05 
9.99398E-05 -4.90961E-05 
1.69819E-04 -1.12962E-04 
2.37980E-04 -1.75375E-04 
2.64449E-04 -1.99813E-04 
1.24354E-03 -6.44794E-03 
8.42680E-04 -5.45227E-03 
8.12257E-05 9.52676E-04 
1.87371E-04 2.20240E-04 
2.79346E-04 -2.92445E-04 
2.63232E-04 -3.00684E-05 
2.35970E-04 7.61220E-05 
2.19248E-04 2.66253E-05 
2.14417E-04 6.67547E-06 
1.89926E-04 -6.54792E-05 
1.63302E-04 -8.34594E-05 
1.37152E-04 -7.09250E-05 
1.13706E-04 -5.04505E-05 
9.32028E-05 -3.07582E-05 
7.70819E-05 -1.54071E-05 
6.43408E-05 -3.64262E-06 
5.45133E-05 5.19735E-06 
4.71091E-05 1.17485E-05 
4.17943E-05 1.64056E-05 
3.87318E-05 1.90451E-05 
3.94678E-05 1.82456E-05 
4.91224E-05 9.29498E-06 
7.82507E-05 -1.75234E-05 
1.31315E-04 -6.63631E-05 
1.82604E-04 -1.13651E-04 
2.01792E-04 -1.31483E-04 
1.04769E-03 -1.02542E-02 
1.17768E-03 -8.68691E-03 
1.09064E-04 1.59155E-03 
1.50407E-04 6.00181E-04 
2.76554E-04 -4.29918E-04 
2.65915E-04 -1.24379E-04 
2.31735E-04 8.66579E-05 
2.11306E-04 5.91404E-05 
2.05826E-04 3.92916E-05 
1.79612E-04 -4.33231E-05 
1.52299E-04 -6.83253E-05 
1.25813E-04 -5.60829E-05 
1.02458E-04 -3.35603E-05 
8.26251E-05 -1.20698E-05 
6.71101E-05 4.68161E-06 
5.50099E-05 1.72713E-05 
4.58160E-05 2.64913E-05 
3.89960E-05 3.31329E-05 
3.41509E-05 3.77509E-05 
3.12825E-05 4.04445E-05 
3.14673E-05 4.02702E-05 
3.84890E-05 3.37571E-05 
6.01745E-05 1.36752E-05 
9.96485E-05 -2.28874E-05 
1.37449E-04 -5.79586E-05 
1.51046E-04 -7.06734E-05 
4.19339E-04 -1.48178E-02 
1.53345E-03 -1.36021E-02 
1.82700E-04 2.27177E-03 
1.04814E-04 1.23498E-03 
2.63382E-04 -5.40741E-04 
2.64612E-04 -2.49384E-04 
2.25484E-04 8.83499E-05 
2.00968E-04 9.53918E-05 
1.94688E-04 7.74361E-05 
1.66729E-04 -1.41077E-05 
1.39115E-04 -4.78075E-05 
1.13146E-04 -3.72968E-05 
9.06541E-05 -1.34901E-05 
7.18908E-05 9.59082E-06 
5.73350E-05 2.75898E-05 
4.61961E-05 4.08413E-05 
3.78723E-05 5.03130E-05 
3.17838E-05 5.69658E-05 
2.75010E-05 6.14926E-05 
2.49211E-05 6.41722E-05 
2.47567E-05 6.44542E-05 
2.97297E-05 5.98759E-05 
4.55082E-05 4.52024E-05 
7.42181E-05 1.84621E-05 
1.01456E-04 -6.95280E-06 
1.10851E-04 -1.57909E-05 
-7.75060E-04 -1.92452E-02 
1.81716E-03 -2.05047E-02 
3.14053E-04 2.81222E-03 
6.06937E-05 2.14976E-03 
2.37201E-04 -5.91519E-04 
2.56570E-04 -4.00310E-04 
2.15568E-04 7.92849E-05 
1.89190E-04 1.32493E-04 
1.82538E-04 1.18170E-04 
1.53025E-04 2.05482E-05 
1.25262E-04 -2.28832E-05 
1.00333E-04 -1.51506E-05 
7.91391E-05 9.51358E-06 
6.18620E-05 3.39745E-05 
4.86027E-05 5.31016E-05 
3.85423E-05 6.70653E-05 
3.11205E-05 7.68740E-05 
2.57789E-05 8.35993E-05 
2.20646E-05 8.80750E-05 
1.97971E-05 9.07461E-05 
1.94148E-05 9.13834E-05 
2.28172E-05 8.83271E-05 
3.40055E-05 7.79063E-05 
5.43826E-05 5.88420E-05 
7.35386E-05 4.08797E-05 
7.98514E-05 3.49073E-05 
-2.55971E-03 -2.22138E-02 
1.89805E-03 -2.94364E-02 
5.01807E-04 2.99092E-03 
2.99994E-05 3.32963E-03 
2.00075E-04 -5.52523E-04 
2.40831E-04 -5.68822E-04 
2.00178E-04 5.86941E-05 
1.71793E-04 1.72144E-04 
1.65001E-04 1.63775E-04 
1.37080E-04 6.17171E-05 
1.11185E-04 6.39013E-06 
8.81894E-05 1.01082E-05 
6.88444E-05 3.51601E-05 
5.31653E-05 6.11107E-05 
4.11997E-05 8.16111E-05 
3.22282E-05 9.64836E-05 
2.56902E-05 1.06799E-04 
2.10405E-05 1.13750E-04 
1.78373E-05 1.18293E-04 
1.58579E-05 1.21018E-04 
1.53356E-05 1.21963E-04 
1.75478E-05 1.20102E-04 
2.52392E-05 1.12964E-04 
3.93044E-05 9.97675E-05 
5.24110E-05 8.74287E-05 
5.65123E-05 8.35274E-05 
-4.76976E-03 -2.22722E-02 
1.63256E-03 -3.99024E-02 
7.25574E-04 2.60236E-03 
2.72271E-05 4.68852E-03 
1.54473E-04 -4.02199E-04 
2.17303E-04 -7.39639E-04 
1.82263E-04 2.38660E-05 
1.52966E-04 2.07746E-04 
1.46013E-04 2.07936E-04 
1.19215E-04 1.07915E-04 
9.67800E-05 3.99676E-05 
7.64272E-05 3.89759E-05 
5.92449E-05 6.42458E-05 
4.54174E-05 9.17107E-05 
3.48633E-05 1.13740E-04 
2.70494E-05 1.29669E-04 
2.13945E-05 1.40652E-04 
1.73918E-05 1.47987E-04 
1.46486E-05 1.52720E-04 
1.29260E-05 1.55574E-04 
1.23193E-05 1.56807E-04 
1.36558E-05 1.55872E-04 
1.87682E-05 1.51192E-04 
2.82090E-05 1.42335E-04 
3.69361E-05 1.34099E-04 
3.95028E-05 1.31646E-04 
-7.06962E-03 -1.83572E-02 
9.12481E-04 -5.10181E-02 
9.45612E-04 1.53677E-03 
6.45261E-05 6.09418E-03 
1.06470E-04 -1.39028E-04 
1.87046E-04 -8.95435E-04 
1.64853E-04 -2.54796E-05 
1.36344E-04 2.33621E-04 
1.29400E-04 2.44434E-04 
1.03769E-04 1.53333E-04 
8.29792E-05 7.64221E-05 
6.51080E-05 7.12789E-05 
5.02317E-05 9.68563E-05 
3.84209E-05 1.25951E-04 
2.94617E-05 1.49627E-04 
2.28267E-05 1.66857E-04 
1.80448E-05 1.78721E-04 
1.46641E-05 1.86607E-04 
1.23375E-05 1.91666E-04 
1.08392E-05 1.94739E-04 
1.01843E-05 1.96261E-04 
1.08885E-05 1.96049E-04 
1.41434E-05 1.93177E-04 
2.02800E-05 1.87451E-04 
2.59144E-05 1.82135E-04 
2.74395E-05 1.80673E-04 
-8.99113E-03 -1.02720E-02 
-2.86962E-04 -6.14848E-02 
1.10751E-03 -1.59309E-04 
1.46105E-04 7.36945E-03 
6.47081E-05 2.11525E-04 
1.50656E-04 -1.01522E-03 
1.44690E-04 -8.03322E-05 
1.21704E-04 2.48140E-04 
1.15268E-04 2.70410E-04 
8.96445E-05 1.95948E-04 
7.06470E-05 1.13214E-04 
5.51101E-05 1.05056E-04 
4.24299E-05 1.31392E-04 
3.25537E-05 1.62424E-04 
2.50691E-05 1.88079E-04 
1.95225E-05 2.06908E-04 
1.55261E-05 2.19916E-04 
1.26864E-05 2.28560E-04 
1.07061E-05 2.34100E-04 
9.38768E-06 2.37489E-04 
8.70291E-06 2.39316E-04 
8.96112E-06 2.39674E-04 
1.09187E-05 2.38100E-04 
1.47693E-05 2.34566E-04 
1.82878E-05 2.31264E-04 
1.91264E-05 2.30462E-04 
-1.00827E-02 1.13644E-03 
-1.87829E-03 -6.98922E-02 
1.16159E-03 -2.26072E-03 
2.66824E-04 8.33063E-03 
3.76665E-05 5.98699E-04 
1.12482E-04 -1.08299E-03 
1.22467E-04 -1.32552E-04 
1.05536E-04 2.53419E-04 
1.00208E-04 2.86403E-04 
7.78998E-05 2.30610E-04 
6.05743E-05 1.46548E-04 
4.66711E-05 1.37498E-04 
3.59069E-05 1.65052E-04 
2.77347E-05 1.98172E-04 
2.15927E-05 2.25923E-04 
1.70041E-05 2.46509E-04 
1.36389E-05 2.60859E-04 
1.12145E-05 2.70432E-04 
9.49669E-06 2.76573E-04 
8.31345E-06 2.80349E-04 
7.61280E-06 2.82485E-04 
7.56939E-06 2.83288E-04 
8.65338E-06 2.82622E-04 
1.09759E-05 2.80574E-04 
1.30941E-05 2.78618E-04 
1.34949E-05 2.78242E-04 
-1.00589E-02 1.40855E-02 
-3.66058E-03 -7.50653E-02 
1.08038E-03 -4.41673E-03 
4.07247E-04 8.83816E-03 
2.97963E-05 9.57411E-04 
7.76364E-05 -1.09014E-03 
1.01532E-04 -1.75408E-04 
8.91285E-05 2.48083E-04 
8.42715E-05 2.90347E-04 
6.42516E-05 2.56446E-04 
5.05535E-05 1.74141E-04 
3.93813E-05 1.64698E-04 
3.06706E-05 1.92964E-04 
2.40428E-05 2.27593E-04 
1.89612E-05 2.57086E-04 
1.50945E-05 2.79230E-04 
1.22144E-05 2.94788E-04 
1.01090E-05 3.05211E-04 
8.58411E-06 3.11913E-04 
7.49698E-06 3.16052E-04 
6.78722E-06 3.18457E-04 
6.54658E-06 3.19589E-04 
7.06307E-06 3.19536E-04 
8.39897E-06 3.18460E-04 
9.62099E-06 3.17372E-04 
9.75213E-06 3.17262E-04 
-8.90852E-03 2.64472E-02 
-5.37255E-03 -7.63910E-02 
8.70524E-04 -6.26154E-03 
5.40891E-04 8.83413E-03 
3.91039E-05 1.22866E-03 
4.88488E-05 -1.03619E-03 
8.22993E-05 -2.01195E-04 
7.52768E-05 2.30534E-04 
7.10723E-05 2.78312E-04 
5.30130E-05 2.65130E-04 
4.16127E-05 1.90019E-04 
3.32830E-05 1.81112E-04 
2.65153E-05 2.09057E-04 
2.11225E-05 2.43729E-04 
1.68564E-05 2.73589E-04 
1.35549E-05 2.96197E-04 
1.10464E-05 3.12198E-04 
9.17929E-06 3.22969E-04 
7.79957E-06 3.29917E-04 
6.78880E-06 3.34222E-04 
6.08385E-06 3.36763E-04 
5.72641E-06 3.38084E-04 
5.89162E-06 3.38406E-04 
6.61330E-06 3.37935E-04 
7.28073E-06 3.37385E-04 
7.25347E-06 3.37434E-04 
-6.88114E-03 3.63886E-02 
-6.77583E-03 -7.39850E-02 
5.70925E-04 -7.52156E-03 
6.45914E-04 8.35501E-03 
5.94499E-05 1.37551E-03 
2.67408E-05 -9.30983E-04 
6.55940E-05 -2.07051E-04 
6.52105E-05 2.01868E-04 
6.23715E-05 2.49947E-04 
4.73783E-05 2.51709E-04 
3.65188E-05 1.88197E-04 
2.93857E-05 1.81383E-04 
2.38356E-05 2.07544E-04 
1.91849E-05 2.39993E-04 
1.53578E-05 2.68062E-04 
1.23481E-05 2.89392E-04 
1.00501E-05 3.04526E-04 
8.32018E-06 3.14744E-04 
7.03603E-06 3.21344E-04 
6.08493E-06 3.25445E-04 
5.39562E-06 3.27891E-04 
4.97857E-06 3.29230E-04 
4.93833E-06 3.29730E-04 
5.29074E-06 3.29605E-04 
5.62597E-06 3.29370E-04 
5.51349E-06 3.29503E-04 
-4.37489E-03 4.28191E-02 
-7.71585E-03 -6.85787E-02 
2.38191E-04 -8.08607E-03 
7.06913E-04 7.52103E-03 
8.60301E-05 1.39122E-03 
1.25997E-05 -7.94884E-04 
5.03711E-05 -1.93851E-04 
5.71024E-05 1.67252E-04 
5.57885E-05 2.11232E-04 
4.47576E-05 2.20525E-04 
3.46770E-05 1.69282E-04 
2.72456E-05 1.65169E-04 
2.18858E-05 1.87873E-04 
1.75215E-05 2.15430E-04 
1.39610E-05 2.39145E-04 
1.12019E-05 2.57114E-04 
9.09332E-06 2.69868E-04 
7.49434E-06 2.78504E-04 
6.29398E-06 2.84113E-04 
5.39504E-06 2.87625E-04 
4.73144E-06 2.89746E-04 
4.29410E-06 2.90947E-04 
4.14284E-06 2.91477E-04 
4.28130E-06 2.91521E-04 
4.42421E-06 2.91457E-04 
4.27228E-06 2.91624E-04 
---
