PdfType: replica
Format: lhagrid1
---
1.00000E-06 1.28121E-06 1.64152E-06 2.10317E-06 2.69463E-06 3.45242E-06 4.42329E-06 5.66715E-06 7.26076E-06 9.30241E-06 1.19180E-05 1.52689E-05 1.95617E-05 2.50609E-05 3.21053E-05 4.11287E-05 5.26863E-05 6.74889E-05 8.64459E-05 1.10720E-04 1.41800E-04 1.81585E-04 2.32503E-04 2.97652E-04 3.80981E-04 4.87518E-04 6.26039E-04 8.00452E-04 1.02297E-03 1.30657E-03 1.66759E-03 2.12729E-03 2.71054E-03 3.44865E-03 4.37927E-03 5.54908E-03 7.01192E-03 8.83064E-03 1.10763E-02 1.38266E-02 1.71641E-02 2.11717E-02 2.59364E-02 3.15062E-02 3.79623E-02 4.53425E-02 5.36750E-02 6.29705E-02 7.32221E-02 8.44039E-02 9.64793E-02 1.09332E-01 1.23067E-01 1.37507E-01 1.52639E-01 1.68416E-01 1.84794E-01 2.01731E-01 2.19016E-01 2.36948E-01 2.55242E-01 2.73927E-01 2.92954E-01 3.12340E-01 3.32036E-01 3.52019E-01 3.72282E-01 3.92772E-01 4.13533E-01 4.34326E-01 4.55495E-01 4.76836E-01 4.98342E-01 5.20006E-01 5.41818E-01 5.63773E-01 5.85861E-01 6.08077E-01 6.30459E-01 6.52800E-01 6.75387E-01 6.98063E-01 7.20830E-01 7.43683E-01 7.66623E-01 7.89636E-01 8.12791E-01 8.35940E-01 8.59175E-01 8.82485E-01 9.05866E-01 9.29311E-01 9.52817E-01 9.76387E-01 1.00000E+00 
1.14018E+00 1.22539E+00 1.32482E+00 1.44156E+00 1.57954E+00 1.74381E+00 1.94091E+00 2.12132E+00 2.17945E+00 2.49622E+00 2.89383E+00 3.39925E+00 4.05063E+00 4.90286E+00 6.03623E+00 7.57063E+00 9.68869E+00 1.26749E+01 1.69835E+01 2.33578E+01 3.30501E+01 4.82334E+01 7.28041E+01 1.13998E+02 1.85779E+02 3.16228E+02 
908 909 
-4.07960E-04 -5.48055E-05 
-4.11989E-04 -5.55342E-05 
-4.15334E-04 -5.65775E-05 
-4.18003E-04 -5.74280E-05 
-4.20658E-04 -5.83412E-05 
-4.23313E-04 -5.93302E-05 
-4.25985E-04 -6.04106E-05 
-4.28079E-04 -6.13199E-05 
-4.28698E-04 -6.15993E-05 
-4.31708E-04 -6.30243E-05 
-4.34853E-04 -6.46229E-05 
-4.38197E-04 -6.64225E-05 
-4.41814E-04 -6.84517E-05 
-4.46256E-04 -7.07044E-05 
-4.51033E-04 -7.33958E-05 
-4.56482E-04 -7.64135E-05 
-4.62767E-04 -7.97938E-05 
-4.70117E-04 -8.35777E-05 
-4.78927E-04 -8.78188E-05 
-4.90092E-04 -9.26138E-05 
-5.06172E-04 -9.82138E-05 
-5.34943E-04 -1.05391E-04 
-5.95251E-04 -1.16150E-04 
-7.06870E-04 -1.33034E-04 
-8.46048E-04 -1.54341E-04 
-9.58155E-04 -1.74177E-04 
-4.22755E-04 -5.59931E-05 
-4.26544E-04 -5.67764E-05 
-4.29693E-04 -5.79408E-05 
-4.32185E-04 -5.88682E-05 
-4.34702E-04 -5.98659E-05 
-4.37260E-04 -6.09486E-05 
-4.39879E-04 -6.21332E-05 
-4.41965E-04 -6.31312E-05 
-4.42587E-04 -6.34380E-05 
-4.45645E-04 -6.50029E-05 
-4.48901E-04 -6.67580E-05 
-4.52419E-04 -6.87317E-05 
-4.56277E-04 -7.09535E-05 
-4.61051E-04 -7.33838E-05 
-4.66251E-04 -7.62945E-05 
-4.72204E-04 -7.95488E-05 
-4.79080E-04 -8.31825E-05 
-4.87115E-04 -8.72354E-05 
-4.96717E-04 -9.17595E-05 
-5.08805E-04 -9.68488E-05 
-5.26004E-04 -1.02752E-04 
-5.56278E-04 -1.10241E-04 
-6.18965E-04 -1.21328E-04 
-7.34454E-04 -1.38575E-04 
-8.78582E-04 -1.60264E-04 
-9.95317E-04 -1.80430E-04 
-4.37059E-04 -5.74253E-05 
-4.40722E-04 -5.82763E-05 
-4.43806E-04 -5.95672E-05 
-4.46223E-04 -6.05877E-05 
-4.48695E-04 -6.16866E-05 
-4.51242E-04 -6.28803E-05 
-4.53887E-04 -6.41868E-05 
-4.56020E-04 -6.52878E-05 
-4.56661E-04 -6.56261E-05 
-4.59841E-04 -6.73513E-05 
-4.63272E-04 -6.92838E-05 
-4.67025E-04 -7.14528E-05 
-4.71181E-04 -7.38881E-05 
-4.76340E-04 -7.65100E-05 
-4.82017E-04 -7.96576E-05 
-4.88529E-04 -8.31653E-05 
-4.96051E-04 -8.70681E-05 
-5.04831E-04 -9.14041E-05 
-5.15288E-04 -9.62231E-05 
-5.28367E-04 -1.01616E-04 
-5.46755E-04 -1.07828E-04 
-5.78610E-04 -1.15628E-04 
-6.43767E-04 -1.27035E-04 
-7.63243E-04 -1.44614E-04 
-9.12467E-04 -1.66626E-04 
-1.03398E-03 -1.87043E-04 
-4.50730E-04 -5.91817E-05 
-4.54400E-04 -6.01116E-05 
-4.57560E-04 -6.15376E-05 
-4.60019E-04 -6.26653E-05 
-4.62557E-04 -6.38803E-05 
-4.65195E-04 -6.52004E-05 
-4.67959E-04 -6.66452E-05 
-4.70208E-04 -6.78622E-05 
-4.70886E-04 -6.82360E-05 
-4.74270E-04 -7.01405E-05 
-4.77953E-04 -7.22698E-05 
-4.82012E-04 -7.46539E-05 
-4.86533E-04 -7.73225E-05 
-4.92138E-04 -8.01480E-05 
-4.98355E-04 -8.35481E-05 
-5.05487E-04 -8.73240E-05 
-5.13720E-04 -9.15093E-05 
-5.23309E-04 -9.61402E-05 
-5.34690E-04 -1.01263E-04 
-5.48831E-04 -1.06965E-04 
-5.68486E-04 -1.13487E-04 
-6.02007E-04 -1.21593E-04 
-6.69733E-04 -1.33294E-04 
-7.93327E-04 -1.51150E-04 
-9.47809E-04 -1.73396E-04 
-1.07426E-03 -1.93960E-04 
-4.63831E-04 -6.13092E-05 
-4.67634E-04 -6.23276E-05 
-4.70999E-04 -6.39007E-05 
-4.73616E-04 -6.51481E-05 
-4.76326E-04 -6.64925E-05 
-4.79154E-04 -6.79532E-05 
-4.82130E-04 -6.95513E-05 
-4.84558E-04 -7.08964E-05 
-4.85293E-04 -7.13094E-05 
-4.88966E-04 -7.34110E-05 
-4.92981E-04 -7.57556E-05 
-4.97418E-04 -7.83732E-05 
-5.02375E-04 -8.12934E-05 
-5.08489E-04 -8.43330E-05 
-5.15312E-04 -8.79995E-05 
-5.23131E-04 -9.20564E-05 
-5.32141E-04 -9.65355E-05 
-5.42610E-04 -1.01470E-04 
-5.54988E-04 -1.06903E-04 
-5.70269E-04 -1.12917E-04 
-5.91271E-04 -1.19745E-04 
-6.26546E-04 -1.28141E-04 
-6.96948E-04 -1.40100E-04 
-8.24800E-04 -1.58155E-04 
-9.84701E-04 -1.80514E-04 
-1.11624E-03 -2.01094E-04 
-4.76539E-04 -6.38348E-05 
-4.80581E-04 -6.49502E-05 
-4.84261E-04 -6.66860E-05 
-4.87134E-04 -6.80642E-05 
-4.90110E-04 -6.95501E-05 
-4.93214E-04 -7.11645E-05 
-4.96484E-04 -7.29301E-05 
-4.99154E-04 -7.44149E-05 
-4.99961E-04 -7.48704E-05 
-5.04002E-04 -7.71861E-05 
-5.08422E-04 -7.97635E-05 
-5.13311E-04 -8.26323E-05 
-5.18774E-04 -8.58213E-05 
-5.25458E-04 -8.90839E-05 
-5.32955E-04 -9.30289E-05 
-5.41530E-04 -9.73778E-05 
-5.51389E-04 -1.02160E-04 
-5.62812E-04 -1.07405E-04 
-5.76263E-04 -1.13151E-04 
-5.92763E-04 -1.19475E-04 
-6.15197E-04 -1.26601E-04 
-6.52317E-04 -1.35266E-04 
-7.25505E-04 -1.47433E-04 
-8.57753E-04 -1.65583E-04 
-1.02324E-03 -1.87905E-04 
-1.16001E-03 -2.08343E-04 
-4.89083E-04 -6.67756E-05 
-4.93448E-04 -6.79956E-05 
-4.97526E-04 -6.99131E-05 
-5.00734E-04 -7.14323E-05 
-5.04050E-04 -7.30709E-05 
-5.07505E-04 -7.48516E-05 
-5.11137E-04 -7.67983E-05 
-5.14099E-04 -7.84341E-05 
-5.14995E-04 -7.89355E-05 
-5.19474E-04 -8.14819E-05 
-5.24368E-04 -8.43088E-05 
-5.29776E-04 -8.74457E-05 
-5.35812E-04 -9.09197E-05 
-5.43130E-04 -9.44125E-05 
-5.51369E-04 -9.86466E-05 
-5.60771E-04 -1.03297E-04 
-5.71552E-04 -1.08389E-04 
-5.84004E-04 -1.13948E-04 
-5.98607E-04 -1.20007E-04 
-6.16410E-04 -1.26636E-04 
-6.40362E-04 -1.34046E-04 
-6.79421E-04 -1.42952E-04 
-7.55501E-04 -1.55263E-04 
-8.92281E-04 -1.73382E-04 
-1.06349E-03 -1.95488E-04 
-1.20562E-03 -2.15600E-04 
-5.01705E-04 -7.01470E-05 
-5.06449E-04 -7.14787E-05 
-5.10986E-04 -7.35996E-05 
-5.14590E-04 -7.52692E-05 
-5.18304E-04 -7.70715E-05 
-5.22165E-04 -7.90308E-05 
-5.26217E-04 -8.11721E-05 
-5.29516E-04 -8.29699E-05 
-5.30512E-04 -8.35207E-05 
-5.35490E-04 -8.63139E-05 
-5.40921E-04 -8.94070E-05 
-5.46913E-04 -9.28282E-05 
-5.53590E-04 -9.66026E-05 
-5.61599E-04 -1.00331E-04 
-5.70650E-04 -1.04863E-04 
-5.80950E-04 -1.09822E-04 
-5.92728E-04 -1.15228E-04 
-6.06289E-04 -1.21103E-04 
-6.22126E-04 -1.27473E-04 
-6.41315E-04 -1.34396E-04 
-6.66873E-04 -1.42072E-04 
-7.07962E-04 -1.51182E-04 
-7.87039E-04 -1.63560E-04 
-9.28475E-04 -1.81500E-04 
-1.10555E-03 -2.03178E-04 
-1.25314E-03 -2.22750E-04 
-5.14626E-04 -7.39677E-05 
-5.19787E-04 -7.54182E-05 
-5.24828E-04 -7.77664E-05 
-5.28869E-04 -7.95957E-05 
-5.33026E-04 -8.15727E-05 
-5.37338E-04 -8.37229E-05 
-5.41854E-04 -8.60725E-05 
-5.45527E-04 -8.80435E-05 
-5.46635E-04 -8.86470E-05 
-5.52168E-04 -9.17033E-05 
-5.58193E-04 -9.50788E-05 
-5.64830E-04 -9.87998E-05 
-5.72213E-04 -1.02889E-04 
-5.80973E-04 -1.06856E-04 
-5.90905E-04 -1.11694E-04 
-6.02177E-04 -1.16967E-04 
-6.15029E-04 -1.22690E-04 
-6.29778E-04 -1.28879E-04 
-6.46934E-04 -1.35552E-04 
-6.67595E-04 -1.42757E-04 
-6.94846E-04 -1.50674E-04 
-7.38056E-04 -1.59942E-04 
-8.20227E-04 -1.72295E-04 
-9.66427E-04 -1.89882E-04 
-1.14947E-03 -2.10890E-04 
-1.30261E-03 -2.29681E-04 
-5.28039E-04 -7.82642E-05 
-5.33640E-04 -7.98409E-05 
-5.39218E-04 -8.24415E-05 
-5.43727E-04 -8.44398E-05 
-5.48359E-04 -8.66025E-05 
-5.53157E-04 -8.89564E-05 
-5.58178E-04 -9.15281E-05 
-5.62257E-04 -9.36836E-05 
-5.63487E-04 -9.43431E-05 
-5.69624E-04 -9.76786E-05 
-5.76299E-04 -1.01352E-04 
-5.83643E-04 -1.05388E-04 
-5.91799E-04 -1.09805E-04 
-6.01368E-04 -1.14011E-04 
-6.12251E-04 -1.19161E-04 
-6.24570E-04 -1.24751E-04 
-6.38575E-04 -1.30791E-04 
-6.54595E-04 -1.37289E-04 
-6.73154E-04 -1.44254E-04 
-6.95374E-04 -1.51721E-04 
-7.24404E-04 -1.59848E-04 
-7.69823E-04 -1.69222E-04 
-8.55176E-04 -1.81443E-04 
-1.00623E-03 -1.98476E-04 
-1.19533E-03 -2.18536E-04 
-1.35406E-03 -2.36269E-04 
-5.42105E-04 -8.30729E-05 
-5.48157E-04 -8.47836E-05 
-5.54301E-04 -8.76622E-05 
-5.59301E-04 -8.98389E-05 
-5.64435E-04 -9.21988E-05 
-5.69751E-04 -9.47693E-05 
-5.75312E-04 -9.75771E-05 
-5.79827E-04 -9.99285E-05 
-5.81189E-04 -1.00647E-04 
-5.87979E-04 -1.04278E-04 
-5.95361E-04 -1.08265E-04 
-6.03473E-04 -1.12629E-04 
-6.12471E-04 -1.17385E-04 
-6.22908E-04 -1.21828E-04 
-6.34814E-04 -1.27294E-04 
-6.48257E-04 -1.33202E-04 
-6.63496E-04 -1.39556E-04 
-6.80872E-04 -1.46354E-04 
-7.00919E-04 -1.53594E-04 
-7.24784E-04 -1.61299E-04 
-7.55681E-04 -1.69598E-04 
-8.03391E-04 -1.79012E-04 
-8.92002E-04 -1.90978E-04 
-1.04797E-03 -2.07227E-04 
-1.24317E-03 -2.26022E-04 
-1.40750E-03 -2.42387E-04 
-5.56951E-04 -8.84413E-05 
-5.63463E-04 -9.02942E-05 
-5.70204E-04 -9.34759E-05 
-5.75716E-04 -9.58407E-05 
-5.81377E-04 -9.84093E-05 
-5.87240E-04 -1.01210E-04 
-5.93375E-04 -1.04268E-04 
-5.98359E-04 -1.06826E-04 
-5.99862E-04 -1.07608E-04 
-6.07358E-04 -1.11549E-04 
-6.15504E-04 -1.15864E-04 
-6.24450E-04 -1.20568E-04 
-6.34361E-04 -1.25673E-04 
-6.45727E-04 -1.30346E-04 
-6.58732E-04 -1.36130E-04 
-6.73377E-04 -1.42353E-04 
-6.89933E-04 -1.49013E-04 
-7.08750E-04 -1.56097E-04 
-7.30373E-04 -1.63592E-04 
-7.55970E-04 -1.71502E-04 
-7.88817E-04 -1.79927E-04 
-8.38894E-04 -1.89306E-04 
-9.30827E-04 -2.00873E-04 
-1.09176E-03 -2.16075E-04 
-1.29305E-03 -2.33245E-04 
-1.46296E-03 -2.47891E-04 
-5.72681E-04 -9.44275E-05 
-5.79663E-04 -9.64316E-05 
-5.87038E-04 -9.99393E-05 
-5.93084E-04 -1.02502E-04 
-5.99298E-04 -1.05291E-04 
-6.05742E-04 -1.08334E-04 
-6.12490E-04 -1.11656E-04 
-6.17976E-04 -1.14433E-04 
-6.19631E-04 -1.15280E-04 
-6.27888E-04 -1.19546E-04 
-6.36861E-04 -1.24201E-04 
-6.46711E-04 -1.29256E-04 
-6.57610E-04 -1.34715E-04 
-6.69968E-04 -1.39609E-04 
-6.84149E-04 -1.45709E-04 
-7.00079E-04 -1.52242E-04 
-7.18038E-04 -1.59195E-04 
-7.38382E-04 -1.66546E-04 
-7.61668E-04 -1.74268E-04 
-7.89083E-04 -1.82345E-04 
-8.23959E-04 -1.90839E-04 
-8.76474E-04 -2.00093E-04 
-9.71777E-04 -2.11095E-04 
-1.13767E-03 -2.24950E-04 
-1.34501E-03 -2.40086E-04 
-1.52043E-03 -2.52618E-04 
-5.89385E-04 -1.01099E-04 
-5.96847E-04 -1.03264E-04 
-6.04905E-04 -1.07117E-04 
-6.11513E-04 -1.09887E-04 
-6.18312E-04 -1.12908E-04 
-6.25373E-04 -1.16207E-04 
-6.32779E-04 -1.19806E-04 
-6.38806E-04 -1.22811E-04 
-6.40625E-04 -1.23726E-04 
-6.49703E-04 -1.28329E-04 
-6.59573E-04 -1.33334E-04 
-6.70402E-04 -1.38747E-04 
-6.82372E-04 -1.44563E-04 
-6.95787E-04 -1.49663E-04 
-7.11224E-04 -1.56073E-04 
-7.28524E-04 -1.62905E-04 
-7.47972E-04 -1.70134E-04 
-7.69932E-04 -1.77727E-04 
-7.94968E-04 -1.85640E-04 
-8.24284E-04 -1.93836E-04 
-8.61266E-04 -2.02333E-04 
-9.16280E-04 -2.11359E-04 
-1.01498E-03 -2.21605E-04 
-1.18580E-03 -2.33768E-04 
-1.39911E-03 -2.46405E-04 
-1.57989E-03 -2.56379E-04 
-6.07145E-04 -1.08532E-04 
-6.15108E-04 -1.10868E-04 
-6.23911E-04 -1.15080E-04 
-6.31113E-04 -1.18066E-04 
-6.38537E-04 -1.21330E-04 
-6.46261E-04 -1.24896E-04 
-6.54374E-04 -1.28785E-04 
-6.60986E-04 -1.32026E-04 
-6.62983E-04 -1.33012E-04 
-6.72953E-04 -1.37962E-04 
-6.83795E-04 -1.43324E-04 
-6.95685E-04 -1.49097E-04 
-7.08813E-04 -1.55269E-04 
-7.23353E-04 -1.60553E-04 
-7.40131E-04 -1.67264E-04 
-7.58886E-04 -1.74378E-04 
-7.79913E-04 -1.81861E-04 
-8.03577E-04 -1.89662E-04 
-8.30449E-04 -1.97722E-04 
-8.61747E-04 -2.05979E-04 
-9.00905E-04 -2.14400E-04 
-9.58466E-04 -2.23077E-04 
-1.06057E-03 -2.32348E-04 
-1.23625E-03 -2.42425E-04 
-1.45537E-03 -2.52035E-04 
-1.64132E-03 -2.58956E-04 
-6.26051E-04 -1.16806E-04 
-6.34542E-04 -1.19324E-04 
-6.44169E-04 -1.23901E-04 
-6.52007E-04 -1.27112E-04 
-6.60103E-04 -1.30628E-04 
-6.68542E-04 -1.34471E-04 
-6.77423E-04 -1.38659E-04 
-6.84670E-04 -1.42142E-04 
-6.86860E-04 -1.43202E-04 
-6.97799E-04 -1.48505E-04 
-7.09697E-04 -1.54227E-04 
-7.22738E-04 -1.60358E-04 
-7.37116E-04 -1.66879E-04 
-7.52850E-04 -1.72318E-04 
-7.71056E-04 -1.79315E-04 
-7.91357E-04 -1.86690E-04 
-8.14050E-04 -1.94395E-04 
-8.39507E-04 -2.02363E-04 
-8.68299E-04 -2.10517E-04 
-9.01653E-04 -2.18766E-04 
-9.43050E-04 -2.27019E-04 
-1.00320E-03 -2.35206E-04 
-1.10869E-03 -2.43250E-04 
-1.28911E-03 -2.50791E-04 
-1.51381E-03 -2.56779E-04 
-1.70466E-03 -2.60089E-04 
-6.46207E-04 -1.26005E-04 
-6.55261E-04 -1.28716E-04 
-6.65809E-04 -1.33651E-04 
-6.74333E-04 -1.37092E-04 
-6.83156E-04 -1.40869E-04 
-6.92373E-04 -1.44997E-04 
-7.02091E-04 -1.49490E-04 
-7.10029E-04 -1.53221E-04 
-7.12429E-04 -1.54354E-04 
-7.24423E-04 -1.60013E-04 
-7.37469E-04 -1.66093E-04 
-7.51756E-04 -1.72574E-04 
-7.67483E-04 -1.79430E-04 
-7.84482E-04 -1.84988E-04 
-8.04204E-04 -1.92251E-04 
-8.26140E-04 -1.99858E-04 
-8.50591E-04 -2.07746E-04 
-8.77925E-04 -2.15831E-04 
-9.08717E-04 -2.24015E-04 
-9.44199E-04 -2.32174E-04 
-9.87888E-04 -2.40151E-04 
-1.05064E-03 -2.47687E-04 
-1.15947E-03 -2.54214E-04 
-1.34445E-03 -2.58708E-04 
-1.57443E-03 -2.60399E-04 
-1.76984E-03 -2.59478E-04 
-6.67740E-04 -1.36208E-04 
-6.77401E-04 -1.39124E-04 
-6.88985E-04 -1.44393E-04 
-6.98254E-04 -1.48071E-04 
-7.07869E-04 -1.52113E-04 
-7.17934E-04 -1.56531E-04 
-7.28565E-04 -1.61333E-04 
-7.37258E-04 -1.65312E-04 
-7.39887E-04 -1.66518E-04 
-7.53030E-04 -1.72529E-04 
-7.67321E-04 -1.78959E-04 
-7.82955E-04 -1.85777E-04 
-8.00134E-04 -1.92948E-04 
-8.18468E-04 -1.98580E-04 
-8.39797E-04 -2.06081E-04 
-8.63460E-04 -2.13883E-04 
-8.89755E-04 -2.21906E-04 
-9.19052E-04 -2.30047E-04 
-9.51918E-04 -2.38183E-04 
-9.89589E-04 -2.46157E-04 
-1.03561E-03 -2.53734E-04 
-1.10097E-03 -2.60433E-04 
-1.21305E-03 -2.65114E-04 
-1.40236E-03 -2.65979E-04 
-1.63722E-03 -2.62612E-04 
-1.83675E-03 -2.56771E-04 
-6.90807E-04 -1.47490E-04 
-7.01128E-04 -1.50622E-04 
-7.13882E-04 -1.56180E-04 
-7.23961E-04 -1.60095E-04 
-7.34441E-04 -1.64405E-04 
-7.45433E-04 -1.69115E-04 
-7.57061E-04 -1.74224E-04 
-7.66578E-04 -1.78448E-04 
-7.69457E-04 -1.79727E-04 
-7.83849E-04 -1.86081E-04 
-7.99490E-04 -1.92845E-04 
-8.16576E-04 -1.99980E-04 
-8.35312E-04 -2.07437E-04 
-8.55050E-04 -2.13090E-04 
-8.78076E-04 -2.20794E-04 
-9.03555E-04 -2.28746E-04 
-9.31781E-04 -2.36845E-04 
-9.63117E-04 -2.44969E-04 
-9.98126E-04 -2.52967E-04 
-1.03804E-03 -2.60644E-04 
-1.08642E-03 -2.67677E-04 
-1.15437E-03 -2.73328E-04 
-1.26958E-03 -2.75787E-04 
-1.46289E-03 -2.72364E-04 
-1.70214E-03 -2.63084E-04 
-1.90524E-03 -2.51563E-04 
-7.15602E-04 -1.59910E-04 
-7.26641E-04 -1.63270E-04 
-7.40716E-04 -1.69041E-04 
-7.51679E-04 -1.73194E-04 
-7.63103E-04 -1.77770E-04 
-7.75108E-04 -1.82767E-04 
-7.87824E-04 -1.88179E-04 
-7.98238E-04 -1.92641E-04 
-8.01389E-04 -1.93989E-04 
-8.17136E-04 -2.00671E-04 
-8.34234E-04 -2.07749E-04 
-8.52881E-04 -2.15171E-04 
-8.73280E-04 -2.22879E-04 
-8.94485E-04 -2.28488E-04 
-9.19300E-04 -2.36354E-04 
-9.46681E-04 -2.44399E-04 
-9.76919E-04 -2.52505E-04 
-1.01037E-03 -2.60525E-04 
-1.04758E-03 -2.68281E-04 
-1.08977E-03 -2.75533E-04 
-1.14053E-03 -2.81857E-04 
-1.21102E-03 -2.86219E-04 
-1.32918E-03 -2.86029E-04 
-1.52609E-03 -2.77574E-04 
-1.76911E-03 -2.61426E-04 
-1.97512E-03 -2.43385E-04 
-7.42359E-04 -1.73509E-04 
-7.54181E-04 -1.77109E-04 
-7.69748E-04 -1.82978E-04 
-7.81672E-04 -1.87365E-04 
-7.94125E-04 -1.92202E-04 
-8.07233E-04 -1.97480E-04 
-8.21133E-04 -2.03183E-04 
-8.32521E-04 -2.07871E-04 
-8.35966E-04 -2.09285E-04 
-8.53178E-04 -2.16273E-04 
-8.71843E-04 -2.23636E-04 
-8.92159E-04 -2.31310E-04 
-9.14327E-04 -2.39224E-04 
-9.37055E-04 -2.44718E-04 
-9.63746E-04 -2.52692E-04 
-9.93113E-04 -2.60766E-04 
-1.02544E-03 -2.68795E-04 
-1.06106E-03 -2.76610E-04 
-1.10052E-03 -2.84002E-04 
-1.14503E-03 -2.90680E-04 
-1.19814E-03 -2.96108E-04 
-1.27110E-03 -2.98907E-04 
-1.39198E-03 -2.95588E-04 
-1.59198E-03 -2.81263E-04 
-1.83802E-03 -2.57182E-04 
-2.04613E-03 -2.31701E-04 
-7.71352E-04 -1.88297E-04 
-7.84026E-04 -1.92148E-04 
-8.01273E-04 -1.97953E-04 
-8.14238E-04 -2.02567E-04 
-8.27808E-04 -2.07657E-04 
-8.42114E-04 -2.13204E-04 
-8.57295E-04 -2.19182E-04 
-8.69735E-04 -2.24081E-04 
-8.73497E-04 -2.25556E-04 
-8.92284E-04 -2.32822E-04 
-9.12625E-04 -2.40434E-04 
-9.34717E-04 -2.48317E-04 
-9.58754E-04 -2.56385E-04 
-9.83055E-04 -2.61681E-04 
-1.01170E-03 -2.69704E-04 
-1.04313E-03 -2.77727E-04 
-1.07762E-03 -2.85583E-04 
-1.11547E-03 -2.93075E-04 
-1.15722E-03 -2.99961E-04 
-1.20403E-03 -3.05898E-04 
-1.25948E-03 -3.10217E-04 
-1.33479E-03 -3.11144E-04 
-1.45809E-03 -3.04154E-04 
-1.66056E-03 -2.83023E-04 
-1.90869E-03 -2.49827E-04 
-2.11795E-03 -2.15907E-04 
-8.02902E-04 -2.04246E-04 
-8.16500E-04 -2.08360E-04 
-8.35629E-04 -2.13876E-04 
-8.49718E-04 -2.18709E-04 
-8.64494E-04 -2.24040E-04 
-8.80092E-04 -2.29841E-04 
-8.96653E-04 -2.36075E-04 
-9.10221E-04 -2.41166E-04 
-9.14324E-04 -2.42695E-04 
-9.34793E-04 -2.50206E-04 
-9.56917E-04 -2.58026E-04 
-9.80886E-04 -2.66069E-04 
-1.00689E-03 -2.74231E-04 
-1.03279E-03 -2.79239E-04 
-1.06348E-03 -2.87239E-04 
-1.09704E-03 -2.95120E-04 
-1.13374E-03 -3.02690E-04 
-1.17387E-03 -3.09723E-04 
-1.21791E-03 -3.15941E-04 
-1.26703E-03 -3.20942E-04 
-1.32475E-03 -3.23911E-04 
-1.40225E-03 -3.22619E-04 
-1.52760E-03 -3.11352E-04 
-1.73179E-03 -2.82371E-04 
-1.98091E-03 -2.38757E-04 
-2.19019E-03 -1.95316E-04 
-8.37373E-04 -2.21276E-04 
-8.51972E-04 -2.25665E-04 
-8.73196E-04 -2.30592E-04 
-8.88489E-04 -2.35635E-04 
-9.04558E-04 -2.41196E-04 
-9.21540E-04 -2.47235E-04 
-9.39576E-04 -2.53702E-04 
-9.54348E-04 -2.58965E-04 
-9.58813E-04 -2.60542E-04 
-9.81068E-04 -2.68259E-04 
-1.00507E-03 -2.76243E-04 
-1.03101E-03 -2.84389E-04 
-1.05907E-03 -2.92580E-04 
-1.08660E-03 -2.97203E-04 
-1.11939E-03 -3.05095E-04 
-1.15515E-03 -3.12728E-04 
-1.19410E-03 -3.19881E-04 
-1.23653E-03 -3.26296E-04 
-1.28288E-03 -3.31660E-04 
-1.33426E-03 -3.35506E-04 
-1.39415E-03 -3.36851E-04 
-1.47365E-03 -3.32951E-04 
-1.60059E-03 -3.16730E-04 
-1.80557E-03 -2.78743E-04 
-2.05438E-03 -2.23284E-04 
-2.26236E-03 -1.69163E-04 
-8.75173E-04 -2.39240E-04 
-8.90851E-04 -2.43919E-04 
-9.14389E-04 -2.47866E-04 
-9.30962E-04 -2.53114E-04 
-9.48407E-04 -2.58894E-04 
-9.66859E-04 -2.65154E-04 
-9.86460E-04 -2.71834E-04 
-1.00250E-03 -2.77247E-04 
-1.00735E-03 -2.78865E-04 
-1.03149E-03 -2.86752E-04 
-1.05747E-03 -2.94851E-04 
-1.08546E-03 -3.03041E-04 
-1.11564E-03 -3.11188E-04 
-1.14480E-03 -3.15325E-04 
-1.17976E-03 -3.23010E-04 
-1.21776E-03 -3.30270E-04 
-1.25901E-03 -3.36851E-04 
-1.30374E-03 -3.42467E-04 
-1.35237E-03 -3.46763E-04 
-1.40595E-03 -3.49203E-04 
-1.46789E-03 -3.48618E-04 
-1.54911E-03 -3.41675E-04 
-1.67710E-03 -3.19751E-04 
-1.88178E-03 -2.71484E-04 
-2.12872E-03 -2.02628E-04 
-2.33386E-03 -1.36599E-04 
-9.16753E-04 -2.57906E-04 
-9.33586E-04 -2.62893E-04 
-9.59655E-04 -2.65365E-04 
-9.77576E-04 -2.70819E-04 
-9.96470E-04 -2.76814E-04 
-1.01647E-03 -2.83285E-04 
-1.03772E-03 -2.90161E-04 
-1.05510E-03 -2.95707E-04 
-1.06034E-03 -2.97359E-04 
-1.08644E-03 -3.05379E-04 
-1.11447E-03 -3.13544E-04 
-1.14459E-03 -3.21716E-04 
-1.17697E-03 -3.29739E-04 
-1.20772E-03 -3.33286E-04 
-1.24490E-03 -3.40650E-04 
-1.28519E-03 -3.47389E-04 
-1.32874E-03 -3.53222E-04 
-1.37577E-03 -3.57826E-04 
-1.42663E-03 -3.60808E-04 
-1.48233E-03 -3.61557E-04 
-1.54613E-03 -3.58698E-04 
-1.62877E-03 -3.48230E-04 
-1.75712E-03 -3.19777E-04 
-1.96020E-03 -2.59841E-04 
-2.20347E-03 -1.75915E-04 
-2.40398E-03 -9.66904E-05 
-9.63347E-04 -2.77236E-04 
-9.81432E-04 -2.82560E-04 
-1.01027E-03 -2.82906E-04 
-1.02962E-03 -2.88584E-04 
-1.05005E-03 -2.94805E-04 
-1.07169E-03 -3.01493E-04 
-1.09467E-03 -3.08559E-04 
-1.11346E-03 -3.14227E-04 
-1.11913E-03 -3.15909E-04 
-1.14729E-03 -3.24032E-04 
-1.17747E-03 -3.32217E-04 
-1.20981E-03 -3.40303E-04 
-1.24446E-03 -3.48113E-04 
-1.27678E-03 -3.50954E-04 
-1.31627E-03 -3.57852E-04 
-1.35890E-03 -3.63885E-04 
-1.40480E-03 -3.68742E-04 
-1.45413E-03 -3.72067E-04 
-1.50719E-03 -3.73425E-04 
-1.56488E-03 -3.72127E-04 
-1.63037E-03 -3.66565E-04 
-1.71403E-03 -3.51971E-04 
-1.84193E-03 -3.15965E-04 
-2.04183E-03 -2.42636E-04 
-2.27920E-03 -1.41584E-04 
-2.47290E-03 -4.76022E-05 
-1.01403E-03 -2.96165E-04 
-1.03342E-03 -3.01853E-04 
-1.06515E-03 -2.99361E-04 
-1.08594E-03 -3.05297E-04 
-1.10793E-03 -3.11769E-04 
-1.13123E-03 -3.18687E-04 
-1.15598E-03 -3.25949E-04 
-1.17619E-03 -3.31734E-04 
-1.18229E-03 -3.33444E-04 
-1.21254E-03 -3.41645E-04 
-1.24488E-03 -3.49805E-04 
-1.27946E-03 -3.57739E-04 
-1.31638E-03 -3.65243E-04 
-1.35017E-03 -3.67287E-04 
-1.39196E-03 -3.73559E-04 
-1.43690E-03 -3.78689E-04 
-1.48510E-03 -3.82335E-04 
-1.53663E-03 -3.84111E-04 
-1.59174E-03 -3.83544E-04 
-1.65124E-03 -3.79863E-04 
-1.71810E-03 -3.71208E-04 
-1.80229E-03 -3.51968E-04 
-1.92878E-03 -3.07545E-04 
-2.12374E-03 -2.19410E-04 
-2.35283E-03 -9.96136E-05 
-2.53745E-03 1.02376E-05 
-1.07003E-03 -3.14390E-04 
-1.09080E-03 -3.20488E-04 
-1.12552E-03 -3.14293E-04 
-1.14777E-03 -3.20554E-04 
-1.17134E-03 -3.27335E-04 
-1.19634E-03 -3.34528E-04 
-1.22289E-03 -3.42014E-04 
-1.24455E-03 -3.47926E-04 
-1.25108E-03 -3.49663E-04 
-1.28346E-03 -3.57930E-04 
-1.31800E-03 -3.66024E-04 
-1.35484E-03 -3.73732E-04 
-1.39406E-03 -3.80820E-04 
-1.42921E-03 -3.81970E-04 
-1.47333E-03 -3.87414E-04 
-1.52059E-03 -3.91392E-04 
-1.57104E-03 -3.93533E-04 
-1.62470E-03 -3.93425E-04 
-1.68173E-03 -3.90558E-04 
-1.74280E-03 -3.84082E-04 
-1.81071E-03 -3.71862E-04 
-1.89485E-03 -3.47346E-04 
-2.01881E-03 -2.93462E-04 
-2.20673E-03 -1.88822E-04 
-2.42470E-03 -4.83517E-05 
-2.59755E-03 7.86723E-05 
-1.13190E-03 -3.31142E-04 
-1.15411E-03 -3.37717E-04 
-1.19179E-03 -3.26837E-04 
-1.21550E-03 -3.33537E-04 
-1.24066E-03 -3.40723E-04 
-1.26737E-03 -3.48268E-04 
-1.29573E-03 -3.56032E-04 
-1.31887E-03 -3.62095E-04 
-1.32584E-03 -3.63864E-04 
-1.36037E-03 -3.72193E-04 
-1.39714E-03 -3.80180E-04 
-1.43626E-03 -3.87577E-04 
-1.47780E-03 -3.94116E-04 
-1.51419E-03 -3.94276E-04 
-1.56065E-03 -3.98642E-04 
-1.61022E-03 -4.01166E-04 
-1.66287E-03 -4.01450E-04 
-1.71854E-03 -3.99065E-04 
-1.77729E-03 -3.93472E-04 
-1.83968E-03 -3.83741E-04 
-1.90821E-03 -3.67440E-04 
-1.99163E-03 -3.36974E-04 
-2.11174E-03 -2.72535E-04 
-2.29019E-03 -1.49633E-04 
-2.49377E-03 1.34502E-05 
-2.65179E-03 1.58865E-04 
-1.20013E-03 -3.45476E-04 
-1.22384E-03 -3.52620E-04 
-1.26431E-03 -3.35997E-04 
-1.28946E-03 -3.43304E-04 
-1.31620E-03 -3.51038E-04 
-1.34462E-03 -3.59050E-04 
-1.37480E-03 -3.67176E-04 
-1.39941E-03 -3.73428E-04 
-1.40683E-03 -3.75236E-04 
-1.44353E-03 -3.83629E-04 
-1.48256E-03 -3.91455E-04 
-1.52399E-03 -3.98430E-04 
-1.56787E-03 -4.04252E-04 
-1.60533E-03 -4.03329E-04 
-1.65415E-03 -4.06304E-04 
-1.70600E-03 -4.07002E-04 
-1.76077E-03 -4.05011E-04 
-1.81831E-03 -3.99891E-04 
-1.87856E-03 -3.91086E-04 
-1.94192E-03 -3.77590E-04 
-2.01059E-03 -3.56655E-04 
-2.09246E-03 -3.19536E-04 
-2.20718E-03 -2.43420E-04 
-2.37336E-03 -1.00484E-04 
-2.55880E-03 8.70952E-05 
-2.69854E-03 2.51960E-04 
-1.27532E-03 -3.56286E-04 
-1.30058E-03 -3.64123E-04 
-1.34343E-03 -3.40668E-04 
-1.36998E-03 -3.48818E-04 
-1.39827E-03 -3.57299E-04 
-1.42838E-03 -3.65933E-04 
-1.46039E-03 -3.74527E-04 
-1.48651E-03 -3.81015E-04 
-1.49437E-03 -3.82868E-04 
-1.53327E-03 -3.91318E-04 
-1.57460E-03 -3.98905E-04 
-1.61838E-03 -4.05306E-04 
-1.66463E-03 -4.10182E-04 
-1.70301E-03 -4.08073E-04 
-1.75420E-03 -4.09258E-04 
-1.80830E-03 -4.07673E-04 
-1.86508E-03 -4.02904E-04 
-1.92429E-03 -3.94514E-04 
-1.98575E-03 -3.81945E-04 
-2.04967E-03 -3.64123E-04 
-2.11788E-03 -3.37962E-04 
-2.19726E-03 -2.93465E-04 
-2.30478E-03 -2.04537E-04 
-2.45542E-03 -3.98165E-05 
-2.61841E-03 1.74033E-04 
-2.73595E-03 3.59186E-04 
-1.35767E-03 -3.62259E-04 
-1.38453E-03 -3.70946E-04 
-1.42903E-03 -3.39666E-04 
-1.45693E-03 -3.48963E-04 
-1.48675E-03 -3.58438E-04 
-1.51856E-03 -3.67880E-04 
-1.55242E-03 -3.77058E-04 
-1.58005E-03 -3.83822E-04 
-1.58837E-03 -3.85724E-04 
-1.62954E-03 -3.94192E-04 
-1.67321E-03 -4.01408E-04 
-1.71941E-03 -4.07011E-04 
-1.76807E-03 -4.10631E-04 
-1.80720E-03 -4.07216E-04 
-1.86078E-03 -4.06112E-04 
-1.91706E-03 -4.01691E-04 
-1.97571E-03 -3.93553E-04 
-2.03635E-03 -3.81287E-04 
-2.09866E-03 -3.64351E-04 
-2.16263E-03 -3.41616E-04 
-2.22966E-03 -3.09641E-04 
-2.30541E-03 -2.57075E-04 
-2.40365E-03 -1.54283E-04 
-2.53504E-03 3.37851E-05 
-2.67073E-03 2.75351E-04 
-2.76173E-03 4.81218E-04 
-1.44733E-03 -3.61998E-04 
-1.47584E-03 -3.71726E-04 
-1.52085E-03 -3.31865E-04 
-1.55006E-03 -3.42670E-04 
-1.58141E-03 -3.53420E-04 
-1.61495E-03 -3.63861E-04 
-1.65071E-03 -3.73721E-04 
-1.67993E-03 -3.80770E-04 
-1.68873E-03 -3.82713E-04 
-1.73225E-03 -3.91088E-04 
-1.77840E-03 -3.97710E-04 
-1.82711E-03 -4.02186E-04 
-1.87827E-03 -4.04121E-04 
-1.91797E-03 -3.99244E-04 
-1.97395E-03 -3.95227E-04 
-2.03232E-03 -3.87303E-04 
-2.09265E-03 -3.75113E-04 
-2.15440E-03 -3.58294E-04 
-2.21709E-03 -3.36347E-04 
-2.28049E-03 -3.08101E-04 
-2.34549E-03 -2.69750E-04 
-2.41628E-03 -2.08492E-04 
-2.50286E-03 -9.09322E-05 
-2.61075E-03 1.21763E-04 
-2.71367E-03 3.92035E-04 
-2.77334E-03 6.18512E-04 
-1.54413E-03 -3.54092E-04 
-1.57437E-03 -3.65062E-04 
-1.61818E-03 -3.16319E-04 
-1.64873E-03 -3.29018E-04 
-1.68168E-03 -3.41313E-04 
-1.71705E-03 -3.52905E-04 
-1.75486E-03 -3.63477E-04 
-1.78578E-03 -3.70750E-04 
-1.79509E-03 -3.72701E-04 
-1.84117E-03 -3.80749E-04 
-1.88996E-03 -3.86412E-04 
-1.94134E-03 -3.89275E-04 
-1.99512E-03 -3.88941E-04 
-2.03525E-03 -3.82388E-04 
-2.09362E-03 -3.74692E-04 
-2.15396E-03 -3.62482E-04 
-2.21570E-03 -3.45468E-04 
-2.27816E-03 -3.23369E-04 
-2.34066E-03 -2.95752E-04 
-2.40272E-03 -2.61429E-04 
-2.46465E-03 -2.16218E-04 
-2.52895E-03 -1.45787E-04 
-2.60111E-03 -1.28089E-05 
-2.68073E-03 2.25319E-04 
-2.74478E-03 5.24603E-04 
-2.76789E-03 7.70871E-04 
-1.64767E-03 -3.37222E-04 
-1.67977E-03 -3.49616E-04 
-1.72004E-03 -2.92395E-04 
-1.75206E-03 -3.07333E-04 
-1.78680E-03 -3.21368E-04 
-1.82423E-03 -3.34151E-04 
-1.86435E-03 -3.45323E-04 
-1.89719E-03 -3.52632E-04 
-1.90709E-03 -3.54521E-04 
-1.95602E-03 -3.61809E-04 
-2.00774E-03 -3.65938E-04 
-2.06203E-03 -3.66497E-04 
-2.11859E-03 -3.63111E-04 
-2.15904E-03 -3.54580E-04 
-2.21975E-03 -3.42286E-04 
-2.28188E-03 -3.24889E-04 
-2.34467E-03 -3.02205E-04 
-2.40729E-03 -2.74071E-04 
-2.46887E-03 -2.40154E-04 
-2.52865E-03 -1.99265E-04 
-2.58629E-03 -1.46842E-04 
-2.64231E-03 -6.69707E-05 
-2.69692E-03 8.17064E-05 
-2.74285E-03 3.45423E-04 
-2.76125E-03 6.73121E-04 
-2.74209E-03 9.37471E-04 
-1.75706E-03 -3.10386E-04 
-1.79127E-03 -3.24301E-04 
-1.82489E-03 -2.60042E-04 
-1.85874E-03 -2.77411E-04 
-1.89565E-03 -2.93188E-04 
-1.93558E-03 -3.06981E-04 
-1.97844E-03 -3.18396E-04 
-2.01355E-03 -3.25353E-04 
-2.02413E-03 -3.27049E-04 
-2.07636E-03 -3.32860E-04 
-2.13140E-03 -3.34605E-04 
-2.18892E-03 -3.31907E-04 
-2.24845E-03 -3.24457E-04 
-2.28915E-03 -3.13534E-04 
-2.35210E-03 -2.95580E-04 
-2.41571E-03 -2.72008E-04 
-2.47906E-03 -2.42785E-04 
-2.54113E-03 -2.07898E-04 
-2.60087E-03 -1.67148E-04 
-2.65722E-03 -1.19365E-04 
-2.70913E-03 -5.96104E-05 
-2.75479E-03 2.96394E-05 
-2.78832E-03 1.93746E-04 
-2.79457E-03 4.82268E-04 
-2.75989E-03 8.36545E-04 
-2.69242E-03 1.11614E-03 
-1.87063E-03 -2.72949E-04 
-1.90734E-03 -2.88301E-04 
-1.93041E-03 -2.19798E-04 
-1.96670E-03 -2.39486E-04 
-2.00645E-03 -2.56674E-04 
-2.04955E-03 -2.70940E-04 
-2.09584E-03 -2.81879E-04 
-2.13371E-03 -2.87818E-04 
-2.14511E-03 -2.89111E-04 
-2.20125E-03 -2.92360E-04 
-2.26013E-03 -2.90530E-04 
-2.32122E-03 -2.83333E-04 
-2.38393E-03 -2.70571E-04 
-2.42484E-03 -2.56721E-04 
-2.48982E-03 -2.31943E-04 
-2.55446E-03 -2.01185E-04 
-2.61767E-03 -1.64601E-04 
-2.67827E-03 -1.22370E-04 
-2.73502E-03 -7.44485E-05 
-2.78656E-03 -1.97055E-05 
-2.83103E-03 4.71702E-05 
-2.86401E-03 1.45279E-04 
-2.87252E-03 3.23806E-04 
-2.83250E-03 6.35108E-04 
-2.73673E-03 1.01257E-03 
-2.61464E-03 1.30325E-03 
-1.98649E-03 -2.25041E-04 
-2.02636E-03 -2.41423E-04 
-2.03422E-03 -1.73115E-04 
-2.07397E-03 -1.94497E-04 
-2.11759E-03 -2.12243E-04 
-2.16486E-03 -2.25931E-04 
-2.21551E-03 -2.35179E-04 
-2.25681E-03 -2.39071E-04 
-2.26920E-03 -2.39649E-04 
-2.33004E-03 -2.38804E-04 
-2.39334E-03 -2.31833E-04 
-2.45839E-03 -2.18593E-04 
-2.52441E-03 -1.99059E-04 
-2.56551E-03 -1.81617E-04 
-2.63212E-03 -1.48829E-04 
-2.69711E-03 -1.09938E-04 
-2.75923E-03 -6.53278E-05 
-2.81716E-03 -1.53939E-05 
-2.86949E-03 3.97308E-05 
-2.91459E-03 1.01132E-04 
-2.94968E-03 1.74477E-04 
-2.96735E-03 2.80349E-04 
-2.94655E-03 4.71366E-04 
-2.85313E-03 8.01909E-04 
-2.68781E-03 1.19729E-03 
-2.50471E-03 1.49342E-03 
-2.10236E-03 -1.67496E-04 
-2.14632E-03 -1.84037E-04 
-2.13378E-03 -1.22149E-04 
-2.17849E-03 -1.43868E-04 
-2.22741E-03 -1.60614E-04 
-2.28018E-03 -1.72010E-04 
-2.33639E-03 -1.77748E-04 
-2.38193E-03 -1.78151E-04 
-2.39554E-03 -1.77590E-04 
-2.46194E-03 -1.70643E-04 
-2.53026E-03 -1.56600E-04 
-2.59958E-03 -1.35528E-04 
-2.66889E-03 -1.07636E-04 
-2.71013E-03 -8.58444E-05 
-2.77768E-03 -4.39629E-05 
-2.84203E-03 3.79657E-06 
-2.90180E-03 5.67991E-05 
-2.95555E-03 1.14417E-04 
-3.00175E-03 1.76340E-04 
-3.03847E-03 2.43611E-04 
-3.06201E-03 3.22225E-04 
-3.06153E-03 4.34069E-04 
-3.00681E-03 6.34547E-04 
-2.85250E-03 9.79001E-04 
-2.60891E-03 1.38495E-03 
-2.35857E-03 1.67934E-03 
-2.21545E-03 -1.01734E-04 
-2.26482E-03 -1.16961E-04 
-2.22654E-03 -6.94164E-05 
-2.27821E-03 -8.91898E-05 
-2.33427E-03 -1.02530E-04 
-2.39420E-03 -1.09171E-04 
-2.45737E-03 -1.08941E-04 
-2.50804E-03 -1.03998E-04 
-2.52309E-03 -1.01767E-04 
-2.59592E-03 -8.62947E-05 
-2.66976E-03 -6.29823E-05 
-2.74344E-03 -3.21739E-05 
-2.81576E-03 5.63603E-06 
-2.85699E-03 3.25494E-05 
-2.92443E-03 8.43215E-05 
-2.98678E-03 1.41302E-04 
-3.04255E-03 2.02596E-04 
-3.09027E-03 2.67356E-04 
-3.12831E-03 3.35111E-04 
-3.15452E-03 4.06878E-04 
-3.16415E-03 4.88938E-04 
-3.14254E-03 6.04192E-04 
-3.04913E-03 8.09889E-04 
-2.82625E-03 1.16096E-03 
-2.49574E-03 1.56789E-03 
-2.17241E-03 1.85186E-03 
-2.32395E-03 -3.15283E-05 
-2.37983E-03 -4.12883E-05 
-2.31107E-03 -1.69789E-05 
-2.37225E-03 -3.15930E-05 
-2.43762E-03 -3.83264E-05 
-2.50649E-03 -3.70687E-05 
-2.57804E-03 -2.78674E-05 
-2.63468E-03 -1.54003E-05 
-2.65138E-03 -1.08927E-05 
-2.73131E-03 1.57809E-05 
-2.81084E-03 5.06290E-05 
-2.88861E-03 9.29774E-05 
-2.96321E-03 1.42008E-04 
-3.00411E-03 1.74717E-04 
-3.06991E-03 2.36671E-04 
-3.12842E-03 3.02639E-04 
-3.17815E-03 3.71491E-04 
-3.21763E-03 4.42191E-04 
-3.24524E-03 5.14156E-04 
-3.25862E-03 5.88404E-04 
-3.25189E-03 6.71441E-04 
-3.20615E-03 7.86773E-04 
-3.06933E-03 9.92218E-04 
-2.77037E-03 1.34064E-03 
-2.34477E-03 1.73679E-03 
-1.94355E-03 2.00044E-03 
-2.41761E-03 7.60665E-05 
-2.49420E-03 3.78211E-05 
-2.38899E-03 3.00360E-05 
-2.46095E-03 2.78253E-05 
-2.53780E-03 3.26068E-05 
-2.61744E-03 4.56062E-05 
-2.69864E-03 6.71066E-05 
-2.76186E-03 8.93805E-05 
-2.78031E-03 9.67833E-05 
-2.86756E-03 1.37278E-04 
-2.95245E-03 1.85698E-04 
-3.03345E-03 2.41000E-04 
-3.10904E-03 3.02031E-04 
-3.14900E-03 3.40962E-04 
-3.21107E-03 4.12669E-04 
-3.26343E-03 4.86633E-04 
-3.30467E-03 5.61544E-04 
-3.33341E-03 6.36248E-04 
-3.34812E-03 7.10115E-04 
-3.34627E-03 7.84204E-04 
-3.32079E-03 8.65159E-04 
-3.24806E-03 9.76546E-04 
-3.06335E-03 1.17515E-03 
-2.68124E-03 1.50983E-03 
-2.15322E-03 1.88163E-03 
-1.67044E-03 2.11420E-03 
-2.59456E-03 -1.49813E-04 
-2.55670E-03 2.12446E-04 
-2.45358E-03 1.03452E-04 
-2.54844E-03 8.95630E-05 
-2.63683E-03 1.09917E-04 
-2.72788E-03 1.40040E-04 
-2.81941E-03 1.77544E-04 
-2.88932E-03 2.11742E-04 
-2.90951E-03 2.22569E-04 
-3.00352E-03 2.78928E-04 
-3.09266E-03 3.42226E-04 
-3.17528E-03 4.11063E-04 
-3.24984E-03 4.83970E-04 
-3.28789E-03 5.29086E-04 
-3.34361E-03 6.09144E-04 
-3.38711E-03 6.89181E-04 
-3.41713E-03 7.67796E-04 
-3.43251E-03 8.43813E-04 
-3.43190E-03 9.16644E-04 
-3.41262E-03 9.87432E-04 
-3.36634E-03 1.06283E-03 
-3.26428E-03 1.16580E-03 
-3.02803E-03 1.35019E-03 
-2.55717E-03 1.65881E-03 
-1.92148E-03 1.99164E-03 
-1.35553E-03 2.18238E-03 
-2.70448E-03 -1.27889E-04 
-2.64963E-03 3.27534E-04 
-2.52200E-03 1.60381E-04 
-2.63509E-03 1.60830E-04 
-2.73751E-03 2.00732E-04 
-2.84078E-03 2.50329E-04 
-2.94233E-03 3.06313E-04 
-3.01829E-03 3.54022E-04 
-3.03996E-03 3.68656E-04 
-3.13920E-03 4.42159E-04 
-3.23051E-03 5.20717E-04 
-3.31229E-03 6.02648E-04 
-3.38303E-03 6.86266E-04 
-3.41780E-03 7.36980E-04 
-3.46401E-03 8.22997E-04 
-3.49554E-03 9.06295E-04 
-3.51143E-03 9.85499E-04 
-3.51080E-03 1.05952E-03 
-3.49255E-03 1.12792E-03 
-3.45390E-03 1.19195E-03 
-3.38513E-03 1.25813E-03 
-3.25193E-03 1.34799E-03 
-2.96124E-03 1.51038E-03 
-2.39722E-03 1.77988E-03 
-1.65027E-03 2.05866E-03 
-1.00132E-03 2.19727E-03 
-2.81797E-03 -1.09689E-04 
-2.74001E-03 4.55959E-04 
-2.59566E-03 2.27765E-04 
-2.72801E-03 2.45969E-04 
-2.84418E-03 3.08719E-04 
-2.95874E-03 3.80299E-04 
-3.06878E-03 4.56317E-04 
-3.14922E-03 5.18114E-04 
-3.17185E-03 5.36627E-04 
-3.27357E-03 6.27057E-04 
-3.36393E-03 7.19807E-04 
-3.44147E-03 8.13022E-04 
-3.50493E-03 9.04925E-04 
-3.53462E-03 9.59956E-04 
-3.56785E-03 1.04852E-03 
-3.58420E-03 1.13144E-03 
-3.58309E-03 1.20749E-03 
-3.56405E-03 1.27579E-03 
-3.52625E-03 1.33614E-03 
-3.46683E-03 1.38994E-03 
-3.37459E-03 1.44334E-03 
-3.20930E-03 1.51561E-03 
-2.86261E-03 1.64833E-03 
-2.20318E-03 1.86587E-03 
-1.34414E-03 2.07623E-03 
-6.14777E-04 2.15382E-03 
-2.94104E-03 -9.14959E-05 
-2.83121E-03 6.01639E-04 
-2.68232E-03 3.14906E-04 
-2.83328E-03 3.52639E-04 
-2.96123E-03 4.39827E-04 
-3.08453E-03 5.34190E-04 
-3.20002E-03 6.30077E-04 
-3.28233E-03 7.05225E-04 
-3.30512E-03 7.27313E-04 
-3.40533E-03 8.32716E-04 
-3.49060E-03 9.36989E-04 
-3.55975E-03 1.03825E-03 
-3.61190E-03 1.13479E-03 
-3.63441E-03 1.19216E-03 
-3.65109E-03 1.27904E-03 
-3.64916E-03 1.35734E-03 
-3.62852E-03 1.42615E-03 
-3.58914E-03 1.48492E-03 
-3.53050E-03 1.53371E-03 
-3.44963E-03 1.57409E-03 
-3.33373E-03 1.61159E-03 
-3.13641E-03 1.66230E-03 
-2.73364E-03 1.75838E-03 
-1.97892E-03 1.91216E-03 
-1.00990E-03 2.04142E-03 
-2.05100E-04 2.05114E-03 
-3.08028E-03 -6.87132E-05 
-2.92673E-03 7.68642E-04 
-2.78936E-03 4.31836E-04 
-2.95630E-03 4.88512E-04 
-3.09212E-03 5.99432E-04 
-3.21988E-03 7.15230E-04 
-3.33628E-03 8.28802E-04 
-3.41683E-03 9.15102E-04 
-3.43872E-03 9.40049E-04 
-3.53234E-03 1.05666E-03 
-3.60756E-03 1.16823E-03 
-3.66366E-03 1.27302E-03 
-3.70025E-03 1.36953E-03 
-3.71329E-03 1.42670E-03 
-3.71008E-03 1.50715E-03 
-3.68720E-03 1.57640E-03 
-3.64508E-03 1.63391E-03 
-3.58413E-03 1.67954E-03 
-3.50415E-03 1.71372E-03 
-3.40199E-03 1.73807E-03 
-3.26317E-03 1.75726E-03 
-3.03495E-03 1.78332E-03 
-2.57764E-03 1.83696E-03 
-1.73034E-03 1.91705E-03 
-6.56510E-04 1.95509E-03 
2.16473E-04 1.89263E-03 
-3.24097E-03 -3.64873E-05 
-3.02838E-03 9.60362E-04 
-2.92150E-03 5.87687E-04 
-3.09986E-03 6.59878E-04 
-3.23785E-03 7.91145E-04 
-3.36426E-03 9.24670E-04 
-3.47583E-03 1.05164E-03 
-3.55024E-03 1.14545E-03 
-3.56997E-03 1.17215E-03 
-3.65124E-03 1.29457E-03 
-3.71110E-03 1.40790E-03 
-3.74941E-03 1.51073E-03 
-3.76636E-03 1.60193E-03 
-3.76771E-03 1.65593E-03 
-3.74185E-03 1.72516E-03 
-3.69608E-03 1.78109E-03 
-3.63135E-03 1.82366E-03 
-3.54851E-03 1.85317E-03 
-3.44759E-03 1.87039E-03 
-3.32520E-03 1.87694E-03 
-3.16509E-03 1.87635E-03 
-2.90817E-03 1.87573E-03 
-2.39946E-03 1.88270E-03 
-1.46489E-03 1.88168E-03 
-2.94375E-04 1.82161E-03 
6.37551E-04 1.68540E-03 
-3.42703E-03 8.98171E-06 
-3.13636E-03 1.17809E-03 
-3.07972E-03 7.88290E-04 
-3.26336E-03 8.69721E-04 
-3.39648E-03 1.01535E-03 
-3.51467E-03 1.16072E-03 
-3.61489E-03 1.29499E-03 
-3.67844E-03 1.39149E-03 
-3.69468E-03 1.41855E-03 
-3.75767E-03 1.54013E-03 
-3.79700E-03 1.64889E-03 
-3.81317E-03 1.74382E-03 
-3.80700E-03 1.82429E-03 
-3.79471E-03 1.87203E-03 
-3.74435E-03 1.92565E-03 
-3.67473E-03 1.96461E-03 
-3.58727E-03 1.98937E-03 
-3.48318E-03 2.00064E-03 
-3.36266E-03 1.99951E-03 
-3.22198E-03 1.98747E-03 
-3.04303E-03 1.96663E-03 
-2.76055E-03 1.93851E-03 
-2.20508E-03 1.89636E-03 
-1.19096E-03 1.80977E-03 
6.54658E-05 1.64827E-03 
1.04557E-03 1.43956E-03 
-3.63781E-03 6.76435E-05 
-3.24833E-03 1.41928E-03 
-3.26046E-03 1.03398E-03 
-3.44222E-03 1.11601E-03 
-3.56274E-03 1.26796E-03 
-3.66543E-03 1.41776E-03 
-3.74767E-03 1.55209E-03 
-3.79572E-03 1.64583E-03 
-3.80721E-03 1.67167E-03 
-3.84644E-03 1.78533E-03 
-3.86071E-03 1.88304E-03 
-3.85122E-03 1.96431E-03 
-3.81942E-03 2.02908E-03 
-3.79203E-03 2.06768E-03 
-3.71643E-03 2.10213E-03 
-3.62312E-03 2.12145E-03 
-3.51387E-03 2.12654E-03 
-3.39015E-03 2.11852E-03 
-3.25221E-03 2.09868E-03 
-3.09590E-03 2.06827E-03 
-2.90124E-03 2.02770E-03 
-2.59708E-03 1.97244E-03 
-2.00071E-03 1.88057E-03 
-9.16811E-04 1.70699E-03 
4.12630E-04 1.44432E-03 
1.42914E-03 1.16686E-03 
-3.86875E-03 1.34017E-04 
-3.35623E-03 1.67581E-03 
-3.45296E-03 1.31798E-03 
-3.62600E-03 1.39047E-03 
-3.72660E-03 1.53939E-03 
-3.80714E-03 1.68548E-03 
-3.86564E-03 1.81229E-03 
-3.89436E-03 1.89776E-03 
-3.90007E-03 1.92086E-03 
-3.91133E-03 2.01982E-03 
-3.89742E-03 2.10061E-03 
-3.86019E-03 2.16333E-03 
-3.80169E-03 2.20845E-03 
-3.75851E-03 2.23555E-03 
-3.65836E-03 2.24858E-03 
-3.54277E-03 2.24686E-03 
-3.41377E-03 2.23171E-03 
-3.27300E-03 2.20455E-03 
-3.12061E-03 2.16675E-03 
-2.95192E-03 2.11920E-03 
-2.74517E-03 2.06041E-03 
-2.42378E-03 1.97951E-03 
-1.79344E-03 1.83928E-03 
-6.51342E-04 1.58065E-03 
7.36449E-04 1.22091E-03 
1.77709E-03 8.80853E-04 
-4.11599E-03 2.01821E-04 
-3.45525E-03 1.94013E-03 
-3.64757E-03 1.63217E-03 
-3.80576E-03 1.68457E-03 
-3.87996E-03 1.82083E-03 
-3.93251E-03 1.95523E-03 
-3.96241E-03 2.06735E-03 
-3.96869E-03 2.13949E-03 
-3.96784E-03 2.15846E-03 
-3.94800E-03 2.23670E-03 
-3.90388E-03 2.29564E-03 
-3.83792E-03 2.33592E-03 
-3.75265E-03 2.35851E-03 
-3.69355E-03 2.37230E-03 
-3.57041E-03 2.36273E-03 
-3.43473E-03 2.33961E-03 
-3.28868E-03 2.30457E-03 
-3.13389E-03 2.25922E-03 
-2.97033E-03 2.20489E-03 
-2.79271E-03 2.14196E-03 
-2.57753E-03 2.06692E-03 
-2.24342E-03 1.96243E-03 
-1.58620E-03 1.77612E-03 
-3.97844E-04 1.43597E-03 
1.03345E-03 9.84935E-04 
2.08630E-03 5.89285E-04 
-4.36926E-03 2.58505E-04 
-3.53228E-03 2.19532E-03 
-3.82461E-03 1.95809E-03 
-3.96434E-03 1.98060E-03 
-4.00806E-03 2.09518E-03 
-4.02904E-03 2.21098E-03 
-4.02774E-03 2.30256E-03 
-4.01022E-03 2.35742E-03 
-4.00250E-03 2.37121E-03 
-3.95075E-03 2.42444E-03 
-3.87653E-03 2.45836E-03 
-3.78281E-03 2.47406E-03 
-3.67250E-03 2.47295E-03 
-3.59833E-03 2.47257E-03 
-3.45515E-03 2.44082E-03 
-3.30269E-03 2.39737E-03 
-3.14314E-03 2.34405E-03 
-2.97798E-03 2.28250E-03 
-2.80692E-03 2.21395E-03 
-2.62402E-03 2.13813E-03 
-2.40420E-03 2.04946E-03 
-2.06204E-03 1.92425E-03 
-1.38556E-03 1.69579E-03 
-1.63892E-04 1.28058E-03 
1.29531E-03 7.47201E-04 
2.34876E-03 3.04581E-04 
-4.61489E-03 2.94596E-04 
-3.58234E-03 2.42793E-03 
-3.96886E-03 2.27978E-03 
-4.08833E-03 2.26410E-03 
-4.10009E-03 2.34923E-03 
-4.08812E-03 2.44109E-03 
-4.05498E-03 2.50790E-03 
-4.01374E-03 2.54276E-03 
-3.99926E-03 2.55066E-03 
-3.91660E-03 2.57624E-03 
-3.81401E-03 2.58355E-03 
-3.69488E-03 2.57406E-03 
-3.56238E-03 2.54943E-03 
-3.47470E-03 2.53482E-03 
-3.31518E-03 2.48244E-03 
-3.14982E-03 2.42068E-03 
-2.98065E-03 2.35143E-03 
-2.80894E-03 2.27629E-03 
-2.63404E-03 2.19623E-03 
-2.44937E-03 2.11027E-03 
-2.22849E-03 2.01077E-03 
-1.88270E-03 1.86804E-03 
-1.19446E-03 1.60211E-03 
4.76616E-05 1.11973E-03 
1.51957E-03 5.14360E-04 
2.56288E-03 3.38062E-05 
-4.83311E-03 2.94340E-04 
-3.59274E-03 2.62054E-03 
-4.06421E-03 2.57934E-03 
-4.16470E-03 2.51938E-03 
-4.14566E-03 2.56892E-03 
-4.10180E-03 2.63358E-03 
-4.03845E-03 2.67343E-03 
-3.97512E-03 2.68707E-03 
-3.95441E-03 2.68883E-03 
-3.84368E-03 2.68602E-03 
-3.71603E-03 2.66693E-03 
-3.57513E-03 2.63321E-03 
-3.42434E-03 2.58664E-03 
-3.32529E-03 2.55853E-03 
-3.15374E-03 2.48809E-03 
-2.97968E-03 2.41085E-03 
-2.80494E-03 2.32862E-03 
-2.63048E-03 2.24288E-03 
-2.45525E-03 2.15425E-03 
-2.27206E-03 2.06102E-03 
-2.05333E-03 1.95356E-03 
-1.70804E-03 1.79666E-03 
-1.01526E-03 1.49854E-03 
2.34782E-04 9.58070E-04 
1.70486E-03 2.92148E-04 
2.72834E-03 -2.17140E-04 
-5.03351E-03 2.41946E-04 
-3.56257E-03 2.75598E-03 
-4.09916E-03 2.84076E-03 
-4.18500E-03 2.73313E-03 
-4.13911E-03 2.74275E-03 
-4.06641E-03 2.77901E-03 
-3.97615E-03 2.79177E-03 
-3.89353E-03 2.78440E-03 
-3.86744E-03 2.78014E-03 
-3.73282E-03 2.75004E-03 
-3.58445E-03 2.70630E-03 
-3.42625E-03 2.65063E-03 
-3.26165E-03 2.58480E-03 
-3.15377E-03 2.54460E-03 
-2.97470E-03 2.45939E-03 
-2.79620E-03 2.36999E-03 
-2.61981E-03 2.27808E-03 
-2.44617E-03 2.18489E-03 
-2.27379E-03 2.09067E-03 
-2.09494E-03 1.99296E-03 
-1.88119E-03 1.88032E-03 
-1.54009E-03 1.71260E-03 
-8.49550E-04 1.38791E-03 
3.96490E-04 7.99163E-04 
1.85117E-03 8.47236E-05 
2.84626E-03 -4.44251E-04 
-5.18195E-03 1.34976E-04 
-3.48927E-03 2.81997E-03 
-4.06104E-03 3.05052E-03 
-4.13841E-03 2.89469E-03 
-4.07279E-03 2.86182E-03 
-3.97685E-03 2.87052E-03 
-3.86517E-03 2.85795E-03 
-3.76754E-03 2.83110E-03 
-3.73732E-03 2.82131E-03 
-3.58465E-03 2.76651E-03 
-3.42121E-03 2.70120E-03 
-3.25111E-03 2.62697E-03 
-3.07779E-03 2.54541E-03 
-2.96405E-03 2.49507E-03 
-2.78209E-03 2.39884E-03 
-2.60333E-03 2.30088E-03 
-2.42902E-03 2.20267E-03 
-2.25942E-03 2.10516E-03 
-2.09265E-03 2.00819E-03 
-1.92056E-03 1.90861E-03 
-1.71414E-03 1.79334E-03 
-1.38046E-03 1.61806E-03 
-6.98414E-04 1.27255E-03 
5.32518E-04 6.45717E-04 
1.95939E-03 -1.05033E-04 
2.91873E-03 -6.45040E-04 
-5.28613E-03 -3.93069E-05 
-3.37846E-03 2.80074E-03 
-3.94739E-03 3.19999E-03 
-4.02502E-03 2.99837E-03 
-3.94950E-03 2.92240E-03 
-3.83756E-03 2.90636E-03 
-3.71100E-03 2.87182E-03 
-3.60322E-03 2.82799E-03 
-3.57024E-03 2.81341E-03 
-3.40585E-03 2.73763E-03 
-3.23322E-03 2.65467E-03 
-3.05666E-03 2.56588E-03 
-2.87958E-03 2.47254E-03 
-2.76295E-03 2.41433E-03 
-2.58233E-03 2.31091E-03 
-2.40702E-03 2.20796E-03 
-2.23794E-03 2.10669E-03 
-2.07503E-03 2.00774E-03 
-1.91606E-03 1.91057E-03 
-1.75254E-03 1.81141E-03 
-1.55524E-03 1.69578E-03 
-1.23163E-03 1.51600E-03 
-5.63546E-04 1.15549E-03 
6.42424E-04 5.01058E-04 
2.03080E-03 -2.73791E-04 
2.94866E-03 -8.16757E-04 
-5.32599E-03 -2.93849E-04 
-3.24371E-03 2.68200E-03 
-3.75907E-03 3.28756E-03 
-3.84435E-03 3.04397E-03 
-3.76964E-03 2.92386E-03 
-3.64936E-03 2.88660E-03 
-3.51476E-03 2.83420E-03 
-3.40184E-03 2.77632E-03 
-3.36752E-03 2.75779E-03 
-3.19777E-03 2.66508E-03 
-3.02171E-03 2.56864E-03 
-2.84389E-03 2.46942E-03 
-2.66774E-03 2.36826E-03 
-2.55104E-03 2.30447E-03 
-2.37558E-03 2.19751E-03 
-2.20700E-03 2.09284E-03 
-2.04591E-03 1.99142E-03 
-1.89194E-03 1.89358E-03 
-1.74259E-03 1.79842E-03 
-1.58916E-03 1.70160E-03 
-1.40248E-03 1.58757E-03 
-1.09130E-03 1.40602E-03 
-4.42281E-04 1.03587E-03 
7.29455E-04 3.63556E-04 
2.06928E-03 -4.24116E-04 
2.94030E-03 -9.62727E-04 
-5.28662E-03 -6.33983E-04 
-3.10034E-03 2.45478E-03 
-3.49908E-03 3.31064E-03 
-3.59834E-03 3.03158E-03 
-3.53698E-03 2.86768E-03 
-3.41732E-03 2.81412E-03 
-3.28251E-03 2.74909E-03 
-3.17012E-03 2.68072E-03 
-3.13603E-03 2.65923E-03 
-2.96785E-03 2.55422E-03 
-2.79440E-03 2.44878E-03 
-2.62055E-03 2.34336E-03 
-2.44977E-03 2.23828E-03 
-2.33578E-03 2.17129E-03 
-2.16878E-03 2.06412E-03 
-2.00960E-03 1.96067E-03 
-1.85860E-03 1.86161E-03 
-1.71519E-03 1.76700E-03 
-1.57666E-03 1.67562E-03 
-1.43422E-03 1.58271E-03 
-1.25912E-03 1.47187E-03 
-9.62121E-04 1.29103E-03 
-3.36380E-04 9.16502E-04 
7.93368E-04 2.35943E-04 
2.07659E-03 -5.53684E-04 
2.89713E-03 -1.08141E-03 
-5.16480E-03 -1.07826E-03 
-2.97229E-03 2.10298E-03 
-3.17554E-03 3.27211E-03 
-3.29384E-03 2.96626E-03 
-3.25895E-03 2.75863E-03 
-3.14901E-03 2.69442E-03 
-3.02175E-03 2.62248E-03 
-2.91527E-03 2.54717E-03 
-2.88287E-03 2.52368E-03 
-2.72252E-03 2.41071E-03 
-2.55696E-03 2.30038E-03 
-2.39149E-03 2.19261E-03 
-2.22979E-03 2.08708E-03 
-2.12089E-03 2.01901E-03 
-1.96493E-03 1.91447E-03 
-1.81718E-03 1.81465E-03 
-1.67781E-03 1.71999E-03 
-1.54606E-03 1.63028E-03 
-1.41910E-03 1.54405E-03 
-1.28821E-03 1.45621E-03 
-1.12528E-03 1.34983E-03 
-8.43843E-04 1.17187E-03 
-2.44980E-04 7.97800E-04 
8.36084E-04 1.17939E-04 
2.05592E-03 -6.63724E-04 
2.82325E-03 -1.17489E-03 
-4.91327E-03 -1.64797E-03 
-2.90204E-03 1.61489E-03 
-2.80917E-03 3.17776E-03 
-2.94145E-03 2.85453E-03 
-2.94608E-03 2.60338E-03 
-2.85444E-03 2.53464E-03 
-2.74141E-03 2.46147E-03 
-2.64550E-03 2.38257E-03 
-2.61606E-03 2.35795E-03 
-2.46897E-03 2.24094E-03 
-2.31573E-03 2.12938E-03 
-2.16227E-03 2.02258E-03 
-2.01255E-03 1.91953E-03 
-1.91067E-03 1.85226E-03 
-1.76758E-03 1.75260E-03 
-1.63261E-03 1.65829E-03 
-1.50581E-03 1.56954E-03 
-1.38629E-03 1.48594E-03 
-1.27121E-03 1.40582E-03 
-1.15202E-03 1.32387E-03 
-1.00152E-03 1.22289E-03 
-7.36627E-04 1.04965E-03 
-1.67561E-04 6.80437E-04 
8.59335E-04 9.44621E-06 
2.01047E-03 -7.55364E-04 
2.72289E-03 -1.24518E-03 
-4.51742E-03 -2.37937E-03 
-2.92058E-03 9.69905E-04 
-2.41465E-03 3.03229E-03 
-2.54772E-03 2.70300E-03 
-2.60178E-03 2.40728E-03 
-2.53597E-03 2.34050E-03 
-2.44393E-03 2.27218E-03 
-2.36349E-03 2.19302E-03 
-2.33836E-03 2.16813E-03 
-2.21023E-03 2.05075E-03 
-2.07385E-03 1.94121E-03 
-1.93590E-03 1.83819E-03 
-1.80079E-03 1.73996E-03 
-1.70769E-03 1.67495E-03 
-1.57883E-03 1.58180E-03 
-1.45753E-03 1.49429E-03 
-1.34380E-03 1.41245E-03 
-1.23672E-03 1.33572E-03 
-1.13352E-03 1.26228E-03 
-1.02592E-03 1.18671E-03 
-8.87873E-04 1.09182E-03 
-6.40190E-04 9.24845E-04 
-1.03284E-04 5.64416E-04 
8.64966E-04 -9.03526E-05 
1.94326E-03 -8.30468E-04 
2.59984E-03 -1.29498E-03 
-3.89156E-03 -3.30869E-03 
-3.07920E-03 1.54169E-04 
-2.02329E-03 2.84478E-03 
-2.12954E-03 2.51835E-03 
-2.23998E-03 2.17653E-03 
-2.20563E-03 2.11914E-03 
-2.13926E-03 2.06184E-03 
-2.07769E-03 1.98524E-03 
-2.05778E-03 1.96072E-03 
-1.95248E-03 1.84553E-03 
-1.83606E-03 1.74033E-03 
-1.71603E-03 1.64322E-03 
-1.59738E-03 1.55165E-03 
-1.51452E-03 1.49026E-03 
-1.40078E-03 1.40487E-03 
-1.29362E-03 1.32509E-03 
-1.19310E-03 1.25084E-03 
-1.09836E-03 1.18142E-03 
-1.00675E-03 1.11495E-03 
-9.10401E-04 1.04600E-03 
-7.84587E-04 9.57616E-04 
-5.54476E-04 7.98174E-04 
-5.14621E-05 4.49960E-04 
8.54830E-04 -1.82158E-04 
1.85751E-03 -8.90897E-04 
2.45820E-03 -1.32703E-03 
-2.94269E-03 -4.47976E-03 
-3.41717E-03 -8.42392E-04 
-1.66760E-03 2.62503E-03 
-1.69958E-03 2.30729E-03 
-1.86821E-03 1.91690E-03 
-1.86953E-03 1.87765E-03 
-1.83341E-03 1.83878E-03 
-1.79439E-03 1.76806E-03 
-1.78072E-03 1.74460E-03 
-1.70229E-03 1.63413E-03 
-1.60842E-03 1.53483E-03 
-1.50784E-03 1.44457E-03 
-1.40648E-03 1.36025E-03 
-1.33448E-03 1.30281E-03 
-1.23587E-03 1.22538E-03 
-1.14262E-03 1.15344E-03 
-1.05489E-03 1.08678E-03 
-9.71961E-04 1.02462E-03 
-8.91350E-04 9.65028E-04 
-8.05673E-04 9.02648E-04 
-6.91670E-04 8.20949E-04 
-4.79206E-04 6.70003E-04 
-1.12374E-05 3.36903E-04 
8.30848E-04 -2.67096E-04 
1.75635E-03 -9.38947E-04 
2.30186E-03 -1.34447E-03 
-1.51174E-03 -5.93565E-03 
-3.95795E-03 -2.02029E-03 
-1.38750E-03 2.38857E-03 
-1.27690E-03 2.07505E-03 
-1.49502E-03 1.62914E-03 
-1.53203E-03 1.61717E-03 
-1.52796E-03 1.60402E-03 
-1.51378E-03 1.54204E-03 
-1.50706E-03 1.52023E-03 
-1.45876E-03 1.41649E-03 
-1.39010E-03 1.32463E-03 
-1.31083E-03 1.24247E-03 
-1.22785E-03 1.16624E-03 
-1.16759E-03 1.11340E-03 
-1.08416E-03 1.04421E-03 
-1.00457E-03 9.80189E-04 
-9.29198E-04 9.21047E-04 
-8.57480E-04 8.65972E-04 
-7.87207E-04 8.13036E-04 
-7.11541E-04 7.57032E-04 
-6.08824E-04 6.82046E-04 
-4.13873E-04 5.40323E-04 
1.84021E-05 2.24731E-04 
7.94990E-04 -3.46638E-04 
1.64282E-03 -9.77224E-04 
2.13446E-03 -1.35065E-03 
7.22606E-04 -7.73660E-03 
-4.67523E-03 -3.36178E-03 
-1.22308E-03 2.15935E-03 
-8.84266E-04 1.83054E-03 
-1.13375E-03 1.31742E-03 
-1.20292E-03 1.34275E-03 
-1.23107E-03 1.36419E-03 
-1.24327E-03 1.31432E-03 
-1.24401E-03 1.29476E-03 
-1.22794E-03 1.19933E-03 
-1.18575E-03 1.11548E-03 
-1.12844E-03 1.04158E-03 
-1.06408E-03 9.73422E-04 
-1.01587E-03 9.25173E-04 
-9.47058E-04 8.63774E-04 
-8.80432E-04 8.07165E-04 
-8.16596E-04 7.55029E-04 
-7.55237E-04 7.06529E-04 
-6.94448E-04 6.59772E-04 
-6.27991E-04 6.09755E-04 
-5.35892E-04 5.41321E-04 
-3.58076E-04 4.09279E-04 
3.84162E-05 1.13034E-04 
7.49264E-04 -4.22224E-04 
1.52010E-03 -1.00837E-03 
1.95984E-03 -1.34901E-03 
4.19785E-03 -9.93341E-03 
-5.47388E-03 -4.81909E-03 
-1.20561E-03 1.97505E-03 
-5.44167E-04 1.58492E-03 
-7.93270E-04 9.81446E-04 
-8.85306E-04 1.05354E-03 
-9.42471E-04 1.11957E-03 
-9.81253E-04 1.08581E-03 
-9.89788E-04 1.06924E-03 
-1.00812E-03 9.84143E-04 
-9.94204E-04 9.08890E-04 
-9.59705E-04 8.43057E-04 
-9.14132E-04 7.82413E-04 
-8.78298E-04 7.38455E-04 
-8.23665E-04 6.84182E-04 
-7.69329E-04 6.34292E-04 
-7.16251E-04 5.88482E-04 
-6.64417E-04 5.45919E-04 
-6.12273E-04 5.04764E-04 
-5.54230E-04 4.60254E-04 
-4.72057E-04 3.98111E-04 
-3.10886E-04 2.76021E-04 
5.00826E-05 5.14542E-07 
6.95618E-04 -4.95997E-04 
1.39085E-03 -1.03550E-03 
1.78099E-03 -1.34321E-03 
9.48082E-03 -1.26124E-02 
-6.12264E-03 -6.28868E-03 
-1.35570E-03 1.89895E-03 
-2.77948E-04 1.35814E-03 
-4.88959E-04 6.28914E-04 
-5.90776E-04 7.53435E-04 
-6.70050E-04 8.73285E-04 
-7.33511E-04 8.59540E-04 
-7.49679E-04 8.46664E-04 
-8.02674E-04 7.73652E-04 
-8.17783E-04 7.07419E-04 
-8.06578E-04 6.49519E-04 
-7.79747E-04 5.95837E-04 
-7.56300E-04 5.55703E-04 
-7.14991E-04 5.07593E-04 
-6.71993E-04 4.63489E-04 
-6.28675E-04 4.23130E-04 
-5.85368E-04 3.85696E-04 
-5.40902E-04 3.49418E-04 
-4.90363E-04 3.09805E-04 
-4.17276E-04 2.53529E-04 
-2.71936E-04 1.41356E-04 
5.45522E-05 -1.12734E-04 
6.36673E-04 -5.69209E-04 
1.25929E-03 -1.06137E-03 
1.60302E-03 -1.33698E-03 
1.74306E-02 -1.60351E-02 
-6.20140E-03 -7.70282E-03 
-1.64395E-03 2.00240E-03 
-9.71540E-05 1.17522E-03 
-2.23345E-04 2.57841E-04 
-3.19706E-04 4.36650E-04 
-4.11499E-04 6.21647E-04 
-4.96113E-04 6.33160E-04 
-5.19482E-04 6.24959E-04 
-6.07459E-04 5.66764E-04 
-6.52861E-04 5.10068E-04 
-6.65564E-04 4.59355E-04 
-6.57536E-04 4.11448E-04 
-6.46667E-04 3.74227E-04 
-6.18108E-04 3.31048E-04 
-5.85741E-04 2.91624E-04 
-5.51405E-04 2.55745E-04 
-5.15821E-04 2.22598E-04 
-4.78242E-04 1.90478E-04 
-4.34455E-04 1.55173E-04 
-3.69764E-04 1.04365E-04 
-2.39608E-04 2.06619E-06 
5.32058E-05 -2.30008E-04 
5.73407E-04 -6.45322E-04 
1.12586E-03 -1.08959E-03 
1.42587E-03 -1.33384E-03 
2.87440E-02 -2.05639E-02 
-5.07290E-03 -8.94373E-03 
-1.99956E-03 2.38326E-03 
-2.47898E-06 1.08256E-03 
-4.68650E-06 -1.13021E-04 
-8.12564E-05 1.07017E-04 
-1.72886E-04 3.63384E-04 
-2.73394E-04 4.05478E-04 
-3.03182E-04 4.03202E-04 
-4.24789E-04 3.63329E-04 
-5.00667E-04 3.16942E-04 
-5.37418E-04 2.72944E-04 
-5.47984E-04 2.29835E-04 
-5.49676E-04 1.94742E-04 
-5.33195E-04 1.55333E-04 
-5.10646E-04 1.19462E-04 
-4.84406E-04 8.70169E-05 
-4.55661E-04 5.72390E-05 
-4.24120E-04 2.84877E-05 
-3.86282E-04 -3.16635E-06 
-3.29208E-04 -4.90087E-05 
-2.13344E-04 -1.41715E-04 
4.72382E-05 -3.51789E-04 
5.08213E-04 -7.25973E-04 
9.94239E-04 -1.12305E-03 
1.25388E-03 -1.33744E-03 
4.35928E-02 -2.68963E-02 
-1.83284E-03 -9.97375E-03 
-2.28870E-03 3.12796E-03 
3.18533E-05 1.13143E-03 
1.77039E-04 -4.66687E-04 
1.20976E-04 -2.34022E-04 
4.30229E-05 9.71463E-05 
-6.42664E-05 1.75293E-04 
-9.87792E-05 1.80257E-04 
-2.50732E-04 1.62615E-04 
-3.57530E-04 1.27627E-04 
-4.19275E-04 8.99305E-05 
-4.48914E-04 5.04929E-05 
-4.63481E-04 1.64425E-05 
-4.58525E-04 -2.06691E-05 
-4.45127E-04 -5.42550E-05 
-4.26290E-04 -8.43154E-05 
-4.03665E-04 -1.11615E-04 
-3.77443E-04 -1.37753E-04 
-3.44848E-04 -1.66391E-04 
-2.94660E-04 -2.07783E-04 
-1.92152E-04 -2.91295E-04 
3.78850E-05 -4.79740E-04 
4.42802E-04 -8.13518E-04 
8.66581E-04 -1.16485E-03 
1.08932E-03 -1.35118E-03 
6.15748E-02 -3.58993E-02 
4.51190E-03 -1.08564E-02 
-2.33295E-03 4.28005E-03 
5.39865E-05 1.38421E-03 
3.43842E-04 -7.65196E-04 
2.86883E-04 -5.75773E-04 
2.32799E-04 -1.79074E-04 
1.28918E-04 -6.15605E-05 
9.16987E-05 -4.79641E-05 
-8.64590E-05 -3.75175E-05 
-2.24054E-04 -5.87175E-05 
-3.10891E-04 -9.04167E-05 
-3.59389E-04 -1.27536E-04 
-3.86784E-04 -1.61818E-04 
-3.92836E-04 -1.98120E-04 
-3.87984E-04 -2.30751E-04 
-3.75873E-04 -2.59587E-04 
-3.58683E-04 -2.85378E-04 
-3.37109E-04 -3.09699E-04 
-3.09099E-04 -3.35973E-04 
-2.65096E-04 -3.73458E-04 
-1.74969E-04 -4.48280E-04 
2.64110E-05 -6.15793E-04 
3.78839E-04 -9.10501E-04 
7.44907E-04 -1.21815E-03 
9.34270E-04 -1.37847E-03 
8.11829E-02 -4.85675E-02 
1.49837E-02 -1.17824E-02 
-1.99278E-03 5.78357E-03 
1.32468E-04 1.88924E-03 
5.40325E-04 -9.62548E-04 
4.22200E-04 -9.03467E-04 
3.92102E-04 -4.64854E-04 
3.05394E-04 -3.07710E-04 
2.68789E-04 -2.84477E-04 
7.26873E-05 -2.41189E-04 
-9.47504E-05 -2.46563E-04 
-2.07716E-04 -2.72029E-04 
-2.75957E-04 -3.07552E-04 
-3.16863E-04 -3.42927E-04 
-3.33930E-04 -3.79571E-04 
-3.37379E-04 -4.12322E-04 
-3.31608E-04 -4.40874E-04 
-3.19386E-04 -4.65955E-04 
-3.01954E-04 -4.89131E-04 
-2.77995E-04 -5.13605E-04 
-2.39556E-04 -5.47685E-04 
-1.60832E-04 -6.14378E-04 
1.39252E-05 -7.61916E-04 
3.17730E-04 -1.01941E-03 
6.30863E-04 -1.28592E-03 
7.90346E-04 -1.42247E-03 
9.94475E-02 -6.54913E-02 
3.07902E-02 -1.30635E-02 
-1.25129E-03 7.41536E-03 
3.32335E-04 2.65150E-03 
8.38235E-04 -9.99028E-04 
5.44134E-04 -1.18960E-03 
5.20605E-04 -7.57879E-04 
4.63250E-04 -5.66068E-04 
4.30675E-04 -5.32425E-04 
2.26193E-04 -4.49924E-04 
3.02196E-05 -4.35462E-04 
-1.09452E-04 -4.54266E-04 
-1.97939E-04 -4.89429E-04 
-2.52729E-04 -5.27427E-04 
-2.80609E-04 -5.66179E-04 
-2.92063E-04 -6.00515E-04 
-2.92275E-04 -6.29938E-04 
-2.84625E-04 -6.55208E-04 
-2.70916E-04 -6.77936E-04 
-2.50560E-04 -7.01170E-04 
-2.17124E-04 -7.32345E-04 
-1.48837E-04 -7.91529E-04 
1.42701E-06 -9.20268E-04 
2.60669E-04 -1.14280E-03 
5.25769E-04 -1.37114E-03 
6.58787E-04 -1.48623E-03 
1.12757E-01 -8.60827E-02 
5.32125E-02 -1.49004E-02 
-3.71828E-04 8.73574E-03 
6.58632E-04 3.58390E-03 
1.34259E-03 -8.20313E-04 
6.85606E-04 -1.39681E-03 
6.17853E-04 -1.04840E-03 
6.01181E-04 -8.37326E-04 
5.76860E-04 -7.94085E-04 
3.76093E-04 -6.68610E-04 
1.53870E-04 -6.30104E-04 
-1.30062E-05 -6.41241E-04 
-1.22375E-04 -6.76872E-04 
-1.91736E-04 -7.18645E-04 
-2.30760E-04 -7.60793E-04 
-2.50346E-04 -7.97865E-04 
-2.56490E-04 -8.29128E-04 
-2.53241E-04 -8.55363E-04 
-2.43009E-04 -8.78250E-04 
-2.25934E-04 -9.00733E-04 
-1.97033E-04 -9.29461E-04 
-1.38252E-04 -9.81780E-04 
-1.03025E-05 -1.09306E-03 
2.08550E-04 -1.28323E-03 
4.30553E-04 -1.47659E-03 
5.40387E-04 -1.57257E-03 
1.19550E-01 -1.07681E-01 
8.38380E-02 -1.69555E-02 
-8.19195E-06 9.10200E-03 
9.64733E-04 4.46457E-03 
2.17016E-03 -3.86229E-04 
8.99760E-04 -1.48056E-03 
6.89809E-04 -1.32588E-03 
7.18242E-04 -1.12234E-03 
7.06431E-04 -1.07164E-03 
5.24646E-04 -9.00932E-04 
2.79736E-04 -8.34053E-04 
8.46410E-05 -8.36191E-04 
-4.71220E-05 -8.72699E-04 
-1.32354E-04 -9.19139E-04 
-1.83087E-04 -9.65987E-04 
-2.10994E-04 -1.00703E-03 
-2.23104E-04 -1.04111E-03 
-2.24191E-04 -1.06904E-03 
-2.17291E-04 -1.09263E-03 
-2.03273E-04 -1.11479E-03 
-1.78514E-04 -1.14148E-03 
-1.28354E-04 -1.18758E-03 
-2.05374E-05 -1.28285E-03 
1.62117E-04 -1.44347E-03 
3.45891E-04 -1.60525E-03 
4.35638E-04 -1.68442E-03 
1.20516E-01 -1.25445E-01 
1.26442E-01 -1.77346E-02 
-1.32639E-03 7.77972E-03 
8.17499E-04 4.88945E-03 
3.44434E-03 2.97914E-04 
1.26271E-03 -1.38734E-03 
7.51417E-04 -1.57025E-03 
8.16597E-04 -1.41757E-03 
8.20480E-04 -1.36416E-03 
6.73084E-04 -1.15110E-03 
4.10155E-04 -1.05093E-03 
1.86263E-04 -1.04206E-03 
3.06194E-05 -1.08000E-03 
-7.18041E-05 -1.13249E-03 
-1.35165E-04 -1.18549E-03 
-1.72107E-04 -1.23163E-03 
-1.90640E-04 -1.26938E-03 
-1.96305E-04 -1.29965E-03 
-1.92817E-04 -1.32440E-03 
-1.81797E-04 -1.34658E-03 
-1.60909E-04 -1.37159E-03 
-1.18572E-04 -1.41210E-03 
-2.87845E-05 -1.49285E-03 
1.21742E-04 -1.62680E-03 
2.71945E-04 -1.76040E-03 
3.44454E-04 -1.82495E-03 
1.23004E-01 -1.32639E-01 
1.87898E-01 -1.39974E-02 
-5.74448E-03 4.25093E-03 
-6.01568E-04 4.27254E-03 
5.21134E-03 1.14775E-03 
1.86389E-03 -1.06961E-03 
8.21714E-04 -1.75233E-03 
8.98158E-04 -1.71230E-03 
9.19748E-04 -1.66461E-03 
8.21252E-04 -1.41926E-03 
5.45338E-04 -1.28201E-03 
2.91988E-04 -1.25977E-03 
1.11164E-04 -1.29931E-03 
-9.60311E-06 -1.35916E-03 
-8.64937E-05 -1.41981E-03 
-1.33156E-04 -1.47235E-03 
-1.58574E-04 -1.51479E-03 
-1.69113E-04 -1.54808E-03 
-1.69186E-04 -1.57446E-03 
-1.61165E-04 -1.59699E-03 
-1.43921E-04 -1.62066E-03 
-1.08609E-04 -1.65626E-03 
-3.46724E-05 -1.72412E-03 
8.79245E-05 -1.83456E-03 
2.09262E-04 -1.94358E-03 
2.67270E-04 -1.99569E-03 
1.37486E-01 -1.24029E-01 
2.82411E-01 -3.92949E-04 
-1.45915E-02 -1.43412E-03 
-4.62481E-03 1.88825E-03 
7.45153E-03 1.98818E-03 
2.81715E-03 -4.89148E-04 
9.34042E-04 -1.84269E-03 
9.71985E-04 -1.99957E-03 
1.01047E-03 -1.97004E-03 
9.73431E-04 -1.71186E-03 
6.90448E-04 -1.53483E-03 
4.07180E-04 -1.49705E-03 
1.98895E-04 -1.53826E-03 
5.74042E-05 -1.60645E-03 
-3.47756E-05 -1.67611E-03 
-9.24333E-05 -1.73626E-03 
-1.25640E-04 -1.78428E-03 
-1.41640E-04 -1.82125E-03 
-1.45629E-04 -1.84968E-03 
-1.40766E-04 -1.87285E-03 
-1.27073E-04 -1.89547E-03 
-9.81592E-05 -1.92671E-03 
-3.82113E-05 -1.98315E-03 
6.00893E-05 -2.07290E-03 
1.56603E-04 -2.16051E-03 
2.02397E-04 -2.20203E-03 
1.72010E-01 -9.99218E-02 
4.31254E-01 2.99259E-02 
-2.79273E-02 -8.05172E-03 
-1.30928E-02 -2.94919E-03 
9.94981E-03 2.50379E-03 
4.22375E-03 3.49773E-04 
1.12730E-03 -1.80136E-03 
1.04687E-03 -2.25629E-03 
1.09820E-03 -2.26309E-03 
1.13162E-03 -2.02797E-03 
8.47983E-04 -1.81273E-03 
5.34078E-04 -1.75730E-03 
2.95756E-04 -1.79994E-03 
1.31007E-04 -1.87733E-03 
2.14710E-05 -1.95728E-03 
-4.88068E-05 -2.02619E-03 
-9.10152E-05 -2.08068E-03 
-1.13328E-04 -2.12189E-03 
-1.21782E-04 -2.15274E-03 
-1.20366E-04 -2.17678E-03 
-1.10217E-04 -2.19860E-03 
-8.71229E-05 -2.22606E-03 
-3.93272E-05 -2.27257E-03 
3.82581E-05 -2.34451E-03 
1.13864E-04 -2.41390E-03 
1.49561E-04 -2.44659E-03 
2.19976E-01 -7.25434E-02 
6.64645E-01 8.33007E-02 
-4.33029E-02 -1.28975E-02 
-2.82009E-02 -1.06261E-02 
1.22668E-02 2.26938E-03 
6.17345E-03 1.38052E-03 
1.45654E-03 -1.60211E-03 
1.14187E-03 -2.46119E-03 
1.19573E-03 -2.52577E-03 
1.29816E-03 -2.36454E-03 
1.02061E-03 -2.11904E-03 
6.75461E-04 -2.04537E-03 
4.04198E-04 -2.08917E-03 
2.13081E-04 -2.17659E-03 
8.35559E-05 -2.26806E-03 
-1.40275E-06 -2.34691E-03 
-5.41236E-05 -2.40877E-03 
-8.38068E-05 -2.45485E-03 
-9.74177E-05 -2.48849E-03 
-9.98417E-05 -2.51364E-03 
-9.33062E-05 -2.53489E-03 
-7.55358E-05 -2.55911E-03 
-3.82116E-05 -2.59713E-03 
2.19420E-05 -2.65398E-03 
8.01826E-05 -2.70810E-03 
1.07629E-04 -2.73352E-03 
2.40371E-01 -6.98526E-02 
1.01824E+00 1.62275E-01 
-5.46926E-02 -1.17813E-02 
-5.20885E-02 -2.08770E-02 
1.37084E-02 8.06943E-04 
8.70105E-03 2.45764E-03 
1.97956E-03 -1.23092E-03 
1.28216E-03 -2.59220E-03 
1.32272E-03 -2.73979E-03 
1.47943E-03 -2.71838E-03 
1.21160E-03 -2.45655E-03 
8.34102E-04 -2.36502E-03 
5.26426E-04 -2.40991E-03 
3.05402E-04 -2.50856E-03 
1.52795E-04 -2.61315E-03 
5.06468E-05 -2.70331E-03 
-1.44625E-05 -2.77359E-03 
-5.28255E-05 -2.82524E-03 
-7.24482E-05 -2.86210E-03 
-7.92064E-05 -2.88863E-03 
-7.64259E-05 -2.90956E-03 
-6.35654E-05 -2.93106E-03 
-3.51960E-05 -2.96193E-03 
1.04922E-05 -3.00623E-03 
5.45252E-05 -3.04778E-03 
7.53063E-05 -3.06729E-03 
1.40158E-01 -1.33310E-01 
1.52553E+00 2.61234E-01 
-5.16785E-02 2.29299E-04 
-8.62182E-02 -3.24384E-02 
1.33585E-02 -2.29018E-03 
1.17552E-02 3.35306E-03 
2.74715E-03 -6.98879E-04 
1.49411E-03 -2.62348E-03 
1.49930E-03 -2.87933E-03 
1.68190E-03 -3.08064E-03 
1.42442E-03 -2.82632E-03 
1.01325E-03 -2.72056E-03 
6.65518E-04 -2.76721E-03 
4.10268E-04 -2.87810E-03 
2.30714E-04 -2.99723E-03 
1.08331E-04 -3.10020E-03 
2.85640E-05 -3.18011E-03 
-2.00908E-05 -3.23818E-03 
-4.67944E-05 -3.27878E-03 
-5.85163E-05 -3.30700E-03 
-5.97215E-05 -3.32788E-03 
-5.14489E-05 -3.34718E-03 
-3.06972E-05 -3.37216E-03 
3.15056E-06 -3.40621E-03 
3.57372E-05 -3.43758E-03 
5.11944E-05 -3.45236E-03 
-2.26422E-01 -3.06350E-01 
2.20489E+00 3.62872E-01 
-2.03605E-02 2.72015E-02 
-1.30605E-01 -4.29031E-02 
1.02169E-02 -7.17773E-03 
1.51733E-02 3.76275E-03 
3.78951E-03 -5.10912E-05 
1.80451E-03 -2.53490E-03 
1.74778E-03 -2.92021E-03 
1.91342E-03 -3.43680E-03 
1.66369E-03 -3.22669E-03 
1.21631E-03 -3.11454E-03 
8.24183E-04 -3.16405E-03 
5.30038E-04 -3.28819E-03 
3.19195E-04 -3.42348E-03 
1.72835E-04 -3.54084E-03 
7.55611E-05 -3.63168E-03 
1.46454E-05 -3.69712E-03 
-2.04142E-05 -3.74209E-03 
-3.78494E-05 -3.77239E-03 
-4.33444E-05 -3.79354E-03 
-3.94191E-05 -3.81113E-03 
-2.51233E-05 -3.83137E-03 
-8.28619E-07 -3.85723E-03 
2.26883E-05 -3.88055E-03 
3.39414E-05 -3.89159E-03 
-1.03748E+00 -6.17732E-01 
3.04879E+00 4.38561E-01 
5.41563E-02 7.04086E-02 
-1.83383E-01 -4.89376E-02 
3.43579E-03 -1.36105E-02 
1.86907E-02 3.35173E-03 
5.10797E-03 6.23273E-04 
2.23072E-03 -2.31148E-03 
2.08320E-03 -2.83669E-03 
2.17923E-03 -3.76344E-03 
1.93274E-03 -3.65015E-03 
1.44714E-03 -3.54566E-03 
1.00615E-03 -3.60028E-03 
6.67429E-04 -3.73875E-03 
4.19981E-04 -3.89184E-03 
2.45323E-04 -4.02546E-03 
1.27237E-04 -4.12877E-03 
5.17110E-05 -4.20266E-03 
6.76188E-06 -4.25271E-03 
-1.72853E-05 -4.28555E-03 
-2.74644E-05 -4.30732E-03 
-2.77404E-05 -4.32370E-03 
-1.89332E-05 -4.34022E-03 
-2.26739E-06 -4.35968E-03 
1.41604E-05 -4.37674E-03 
2.21201E-05 -4.38486E-03 
-2.43662E+00 -1.05297E+00 
4.00196E+00 4.53968E-01 
1.81527E-01 1.25577E-01 
-2.39750E-01 -4.69559E-02 
-7.26598E-03 -2.07313E-02 
2.19155E-02 1.84983E-03 
6.64465E-03 1.18600E-03 
2.77969E-03 -1.96380E-03 
2.51556E-03 -2.62000E-03 
2.48107E-03 -4.02611E-03 
2.22957E-03 -4.07298E-03 
1.70388E-03 -3.99643E-03 
1.21064E-03 -4.06026E-03 
8.22584E-04 -4.21415E-03 
5.33326E-04 -4.38627E-03 
3.25805E-04 -4.53768E-03 
1.83411E-04 -4.65497E-03 
9.08133E-05 -4.73852E-03 
3.43893E-05 -4.79451E-03 
2.81137E-06 -4.83045E-03 
-1.24533E-05 -4.85327E-03 
-1.68175E-05 -4.86895E-03 
-1.26614E-05 -4.88272E-03 
-1.97814E-06 -4.89735E-03 
9.03333E-06 -4.90970E-03 
1.44575E-05 -4.91559E-03 
-4.47875E+00 -1.55063E+00 
4.97856E+00 3.81912E-01 
3.62164E-01 1.83352E-01 
-2.93522E-01 -3.45421E-02 
-2.14478E-02 -2.72537E-02 
2.44634E-02 -8.29842E-04 
8.29305E-03 1.49037E-03 
3.43484E-03 -1.51935E-03 
3.03763E-03 -2.27402E-03 
2.81999E-03 -4.18694E-03 
2.55003E-03 -4.45718E-03 
1.98309E-03 -4.43313E-03 
1.43535E-03 -4.51116E-03 
9.94137E-04 -4.68108E-03 
6.58719E-04 -4.87276E-03 
4.14120E-04 -5.04267E-03 
2.43974E-04 -5.17476E-03 
1.31852E-04 -5.26870E-03 
6.23661E-05 -5.33114E-03 
2.23397E-05 -5.37056E-03 
1.58271E-06 -5.39476E-03 
-6.80515E-06 -5.41016E-03 
-6.62856E-06 -5.42195E-03 
-6.10285E-07 -5.43303E-03 
6.31091E-06 -5.44191E-03 
9.79593E-06 -5.44614E-03 
-7.04948E+00 -2.00615E+00 
5.86435E+00 2.16588E-01 
5.81946E-01 2.30647E-01 
-3.37648E-01 -1.18657E-02 
-3.76488E-02 -3.16457E-02 
2.59971E-02 -4.45364E-03 
9.87123E-03 1.42564E-03 
4.13749E-03 -1.02231E-03 
3.60668E-03 -1.81813E-03 
3.17495E-03 -4.19010E-03 
2.87845E-03 -4.73507E-03 
2.27233E-03 -4.78603E-03 
1.67174E-03 -4.88026E-03 
1.17634E-03 -5.06289E-03 
7.92071E-04 -5.27069E-03 
5.07553E-04 -5.45670E-03 
3.07229E-04 -5.60195E-03 
1.73775E-04 -5.70527E-03 
9.00375E-05 -5.77363E-03 
4.08906E-05 -5.81629E-03 
1.43710E-05 -5.84182E-03 
2.06061E-06 -5.85715E-03 
-1.16950E-06 -5.86755E-03 
1.24831E-06 -5.87609E-03 
5.13225E-06 -5.88247E-03 
7.15477E-06 -5.88547E-03 
-9.86717E+00 -2.30971E+00 
6.54739E+00 -1.60880E-02 
8.12482E-01 2.55492E-01 
-3.66318E-01 1.72195E-02 
-5.36017E-02 -3.27434E-02 
2.63483E-02 -8.38959E-03 
1.11572E-02 9.76100E-04 
4.78227E-03 -5.30525E-04 
4.13791E-03 -1.29273E-03 
3.50390E-03 -3.98603E-03 
3.17959E-03 -4.81000E-03 
2.54320E-03 -4.94352E-03 
1.89841E-03 -5.04673E-03 
1.35377E-03 -5.22851E-03 
9.23113E-04 -5.43945E-03 
5.99424E-04 -5.63125E-03 
3.68973E-04 -5.78228E-03 
2.14039E-04 -5.89000E-03 
1.15936E-04 -5.96117E-03 
5.76518E-05 -6.00527E-03 
2.54694E-05 -6.03124E-03 
9.49995E-06 -6.04622E-03 
3.41021E-06 -6.05546E-03 
3.09599E-06 -6.06215E-03 
4.77035E-06 -6.06675E-03 
5.71297E-06 -6.06886E-03 
-1.25315E+01 -2.39098E+00 
6.94799E+00 -2.61819E-01 
1.01789E+00 2.52406E-01 
-3.76795E-01 4.56843E-02 
-6.67318E-02 -3.03395E-02 
2.56016E-02 -1.16968E-02 
1.19375E-02 2.72387E-04 
5.23491E-03 -1.22782E-04 
4.51476E-03 -7.79386E-04 
3.73202E-03 -3.55896E-03 
3.39492E-03 -4.59181E-03 
2.74692E-03 -4.78436E-03 
2.07596E-03 -4.87314E-03 
1.49684E-03 -5.02640E-03 
1.03062E-03 -5.21366E-03 
6.75559E-04 -5.38867E-03 
4.20283E-04 -5.52833E-03 
2.47364E-04 -5.62849E-03 
1.37136E-04 -5.69471E-03 
7.11295E-05 -5.73560E-03 
3.41906E-05 -5.75945E-03 
1.52208E-05 -5.77286E-03 
6.92073E-06 -5.78066E-03 
4.63371E-06 -5.78577E-03 
4.76166E-06 -5.78904E-03 
4.93683E-06 -5.79046E-03 
-1.46500E+01 -2.24897E+00 
7.03968E+00 -4.58135E-01 
1.16599E+00 2.25073E-01 
-3.70142E-01 6.58501E-02 
-7.49970E-02 -2.54224E-02 
2.40516E-02 -1.34421E-02 
1.20671E-02 -4.32360E-04 
5.36530E-03 1.16767E-04 
4.61985E-03 -3.93542E-04 
3.77861E-03 -2.98587E-03 
3.45072E-03 -4.07147E-03 
2.81710E-03 -4.26651E-03 
2.14893E-03 -4.31081E-03 
1.56170E-03 -4.40425E-03 
1.08245E-03 -4.53461E-03 
7.13758E-04 -4.66304E-03 
4.46834E-04 -4.76810E-03 
2.65140E-04 -4.84437E-03 
1.48828E-04 -4.89505E-03 
7.88412E-05 -4.92636E-03 
3.93723E-05 -4.94454E-03 
1.87329E-05 -4.95463E-03 
9.12531E-06 -4.96032E-03 
5.61327E-06 -4.96387E-03 
4.75818E-06 -4.96603E-03 
4.43450E-06 -4.96690E-03 
-1.59521E+01 -1.94632E+00 
6.85107E+00 -5.63988E-01 
1.23789E+00 1.84213E-01 
-3.50299E-01 7.31490E-02 
-7.75207E-02 -1.97212E-02 
2.20842E-02 -1.31896E-02 
1.15369E-02 -8.89716E-04 
5.10026E-03 1.37073E-04 
4.37843E-03 -2.35930E-04 
3.58081E-03 -2.41961E-03 
3.29072E-03 -3.37754E-03 
2.69771E-03 -3.51786E-03 
2.06481E-03 -3.50328E-03 
1.50367E-03 -3.52749E-03 
1.04374E-03 -3.59022E-03 
6.89483E-04 -3.66162E-03 
4.32704E-04 -3.72330E-03 
2.57726E-04 -3.76925E-03 
1.45583E-04 -3.80016E-03 
7.79785E-05 -3.81935E-03 
3.97056E-05 -3.83048E-03 
1.94992E-05 -3.83662E-03 
9.80529E-06 -3.84005E-03 
5.86222E-06 -3.84218E-03 
4.53347E-06 -3.84345E-03 
3.95293E-06 -3.84391E-03 
-1.63534E+01 -1.57322E+00 
6.44536E+00 -5.75587E-01 
1.23239E+00 1.41727E-01 
-3.22125E-01 6.83065E-02 
-7.48020E-02 -1.47436E-02 
2.00038E-02 -1.12861E-02 
1.04700E-02 -1.00293E-03 
4.47694E-03 -2.04185E-05 
3.81426E-03 -2.98524E-04 
3.13820E-03 -1.98445E-03 
2.91257E-03 -2.68994E-03 
2.38267E-03 -2.75450E-03 
1.81288E-03 -2.70998E-03 
1.31298E-03 -2.70224E-03 
9.07942E-04 -2.72796E-03 
5.98572E-04 -2.76441E-03 
3.75550E-04 -2.79766E-03 
2.24016E-04 -2.82283E-03 
1.27006E-04 -2.83987E-03 
6.85095E-05 -2.85043E-03 
3.53308E-05 -2.85652E-03 
1.77208E-05 -2.85985E-03 
9.13760E-06 -2.86169E-03 
5.47018E-06 -2.86285E-03 
4.08408E-06 -2.86354E-03 
3.44275E-06 -2.86373E-03 
---
