PdfType: replica
Format: lhagrid1
---
1.00000E-06 1.28121E-06 1.64152E-06 2.10317E-06 2.69463E-06 3.45242E-06 4.42329E-06 5.66715E-06 7.26076E-06 9.30241E-06 1.19180E-05 1.52689E-05 1.95617E-05 2.50609E-05 3.21053E-05 4.11287E-05 5.26863E-05 6.74889E-05 8.64459E-05 1.10720E-04 1.41800E-04 1.81585E-04 2.32503E-04 2.97652E-04 3.80981E-04 4.87518E-04 6.26039E-04 8.00452E-04 1.02297E-03 1.30657E-03 1.66759E-03 2.12729E-03 2.71054E-03 3.44865E-03 4.37927E-03 5.54908E-03 7.01192E-03 8.83064E-03 1.10763E-02 1.38266E-02 1.71641E-02 2.11717E-02 2.59364E-02 3.15062E-02 3.79623E-02 4.53425E-02 5.36750E-02 6.29705E-02 7.32221E-02 8.44039E-02 9.64793E-02 1.09332E-01 1.23067E-01 1.37507E-01 1.52639E-01 1.68416E-01 1.84794E-01 2.01731E-01 2.19016E-01 2.36948E-01 2.55242E-01 2.73927E-01 2.92954E-01 3.12340E-01 3.32036E-01 3.52019E-01 3.72282E-01 3.92772E-01 4.13533E-01 4.34326E-01 4.55495E-01 4.76836E-01 4.98342E-01 5.20006E-01 5.41818E-01 5.63773E-01 5.85861E-01 6.08077E-01 6.30459E-01 6.52800E-01 6.75387E-01 6.98063E-01 7.20830E-01 7.43683E-01 7.66623E-01 7.89636E-01 8.12791E-01 8.35940E-01 8.59175E-01 8.82485E-01 9.05866E-01 9.29311E-01 9.52817E-01 9.76387E-01 1.00000E+00 
1.14018E+00 1.22539E+00 1.32482E+00 1.44156E+00 1.57954E+00 1.74381E+00 1.94091E+00 2.12132E+00 2.17945E+00 2.49622E+00 2.89383E+00 3.39925E+00 4.05063E+00 4.90286E+00 6.03623E+00 7.57063E+00 9.68869E+00 1.26749E+01 1.69835E+01 2.33578E+01 3.30501E+01 4.82334E+01 7.28041E+01 1.13998E+02 1.85779E+02 3.16228E+02 
908 909 
-7.94072E-05 -1.06379E-05 
-8.03131E-05 -1.05344E-05 
-8.09663E-05 -1.18219E-05 
-8.18401E-05 -1.22171E-05 
-8.27909E-05 -1.27547E-05 
-8.38537E-05 -1.34850E-05 
-8.50783E-05 -1.44661E-05 
-8.61790E-05 -1.54384E-05 
-8.65323E-05 -1.57631E-05 
-8.84590E-05 -1.75986E-05 
-9.08967E-05 -1.99831E-05 
-9.40231E-05 -2.30211E-05 
-9.80560E-05 -2.68221E-05 
-1.05868E-04 -3.16332E-05 
-1.14549E-04 -3.76690E-05 
-1.25281E-04 -4.47893E-05 
-1.38509E-04 -5.31311E-05 
-1.54778E-04 -6.28473E-05 
-1.74803E-04 -7.41388E-05 
-1.99713E-04 -8.73765E-05 
-2.31960E-04 -1.03569E-04 
-2.78389E-04 -1.25934E-04 
-3.56689E-04 -1.63052E-04 
-4.91349E-04 -2.26116E-04 
-6.73943E-04 -3.08324E-04 
-8.58338E-04 -3.84467E-04 
-8.60747E-05 -5.96379E-06 
-8.66882E-05 -6.16620E-06 
-8.72406E-05 -7.93500E-06 
-8.79212E-05 -8.66406E-06 
-8.87051E-05 -9.54575E-06 
-8.96352E-05 -1.06356E-05 
-9.07712E-05 -1.19968E-05 
-9.18412E-05 -1.32805E-05 
-9.21927E-05 -1.36994E-05 
-9.41632E-05 -1.60059E-05 
-9.67465E-05 -1.89005E-05 
-1.00143E-04 -2.24911E-05 
-1.04597E-04 -2.68887E-05 
-1.13182E-04 -3.21812E-05 
-1.22810E-04 -3.88455E-05 
-1.34725E-04 -4.66317E-05 
-1.49409E-04 -5.56741E-05 
-1.67448E-04 -6.61215E-05 
-1.89609E-04 -7.81713E-05 
-2.17109E-04 -9.22004E-05 
-2.52608E-04 -1.09265E-04 
-3.03574E-04 -1.32780E-04 
-3.89355E-04 -1.71862E-04 
-5.36682E-04 -2.38309E-04 
-7.36076E-04 -3.24599E-04 
-9.36727E-04 -4.03731E-04 
-8.91317E-05 -4.10251E-06 
-8.95970E-05 -4.53343E-06 
-9.02471E-05 -6.69322E-06 
-9.08833E-05 -7.68113E-06 
-9.16527E-05 -8.83083E-06 
-9.26068E-05 -1.02035E-05 
-9.38165E-05 -1.18676E-05 
-9.49857E-05 -1.34028E-05 
-9.53742E-05 -1.38984E-05 
-9.75794E-05 -1.65916E-05 
-1.00510E-04 -1.99110E-05 
-1.04390E-04 -2.39670E-05 
-1.09492E-04 -2.88712E-05 
-1.19079E-04 -3.45201E-05 
-1.29907E-04 -4.17030E-05 
-1.43273E-04 -5.00385E-05 
-1.59696E-04 -5.96566E-05 
-1.79804E-04 -7.07004E-05 
-2.04419E-04 -8.33617E-05 
-2.34847E-04 -9.80217E-05 
-2.73966E-04 -1.15786E-04 
-3.29913E-04 -1.40272E-04 
-4.23812E-04 -1.81146E-04 
-5.84797E-04 -2.50804E-04 
-8.02223E-04 -3.40927E-04 
-1.02022E-03 -4.22653E-04 
-8.99064E-05 -4.33918E-06 
-9.03631E-05 -4.90409E-06 
-9.12840E-05 -7.36762E-06 
-9.20186E-05 -8.52489E-06 
-9.29180E-05 -9.85352E-06 
-9.40439E-05 -1.14206E-05 
-9.54790E-05 -1.33002E-05 
-9.68686E-05 -1.50197E-05 
-9.73303E-05 -1.55724E-05 
-9.99477E-05 -1.85591E-05 
-1.03412E-04 -2.22100E-05 
-1.07976E-04 -2.66365E-05 
-1.13937E-04 -3.19495E-05 
-1.24731E-04 -3.78212E-05 
-1.36991E-04 -4.54042E-05 
-1.52054E-04 -5.41638E-05 
-1.70476E-04 -6.42237E-05 
-1.92929E-04 -7.57185E-05 
-2.20289E-04 -8.88324E-05 
-2.53954E-04 -1.03948E-04 
-2.97035E-04 -1.22220E-04 
-3.58385E-04 -1.47470E-04 
-4.61041E-04 -1.89917E-04 
-6.36705E-04 -2.62532E-04 
-8.73429E-04 -3.56131E-04 
-1.10985E-03 -4.39955E-04 
-8.96723E-05 -5.81493E-06 
-9.02396E-05 -6.41572E-06 
-9.15701E-05 -9.11004E-06 
-9.25257E-05 -1.03446E-05 
-9.36787E-05 -1.17616E-05 
-9.51022E-05 -1.34343E-05 
-9.68924E-05 -1.54423E-05 
-9.86063E-05 -1.72795E-05 
-9.91723E-05 -1.78699E-05 
-1.02355E-04 -2.10585E-05 
-1.06516E-04 -2.49486E-05 
-1.11936E-04 -2.96517E-05 
-1.18943E-04 -3.52762E-05 
-1.31119E-04 -4.12351E-05 
-1.45015E-04 -4.90980E-05 
-1.61992E-04 -5.81535E-05 
-1.82645E-04 -6.85167E-05 
-2.07687E-04 -8.03112E-05 
-2.38050E-04 -9.37103E-05 
-2.75229E-04 -1.09096E-04 
-3.22581E-04 -1.27666E-04 
-3.89729E-04 -1.53446E-04 
-5.01768E-04 -1.97197E-04 
-6.93145E-04 -2.72426E-04 
-9.50442E-04 -3.69030E-04 
-1.20634E-03 -4.54353E-04 
-8.94890E-05 -7.66970E-06 
-9.02580E-05 -8.21237E-06 
-9.21023E-05 -1.10834E-05 
-9.33751E-05 -1.23070E-05 
-9.48789E-05 -1.37265E-05 
-9.66992E-05 -1.54213E-05 
-9.89477E-05 -1.74760E-05 
-1.01069E-04 -1.93687E-05 
-1.01765E-04 -1.99789E-05 
-1.05638E-04 -2.32831E-05 
-1.10632E-04 -2.73255E-05 
-1.17055E-04 -3.22154E-05 
-1.25268E-04 -3.80567E-05 
-1.38967E-04 -4.39661E-05 
-1.54674E-04 -5.19882E-05 
-1.73753E-04 -6.12093E-05 
-1.96836E-04 -7.17331E-05 
-2.24681E-04 -8.36692E-05 
-2.58274E-04 -9.71762E-05 
-2.99208E-04 -1.12631E-04 
-3.51105E-04 -1.31273E-04 
-4.24415E-04 -1.57319E-04 
-5.46444E-04 -2.02051E-04 
-7.54567E-04 -2.79456E-04 
-1.03370E-03 -3.78472E-04 
-1.31007E-03 -4.64580E-04 
-9.01305E-05 -9.12458E-06 
-9.11625E-05 -9.52250E-06 
-9.35955E-05 -1.25343E-05 
-9.52547E-05 -1.36649E-05 
-9.71791E-05 -1.50076E-05 
-9.94689E-05 -1.66476E-05 
-1.02253E-04 -1.86740E-05 
-1.04846E-04 -2.05650E-05 
-1.05691E-04 -2.11781E-05 
-1.10353E-04 -2.45178E-05 
-1.16289E-04 -2.86298E-05 
-1.23839E-04 -3.36196E-05 
-1.33393E-04 -3.95839E-05 
-1.48726E-04 -4.53031E-05 
-1.66393E-04 -5.33606E-05 
-1.87734E-04 -6.26116E-05 
-2.13420E-04 -7.31452E-05 
-2.44250E-04 -8.50534E-05 
-2.81268E-04 -9.84764E-05 
-3.26169E-04 -1.13782E-04 
-3.82850E-04 -1.32241E-04 
-4.62650E-04 -1.58253E-04 
-5.95252E-04 -2.03580E-04 
-8.21135E-04 -2.82621E-04 
-1.12335E-03 -3.83319E-04 
-1.42113E-03 -4.69375E-04 
-9.20741E-05 -9.51889E-06 
-9.34026E-05 -9.69270E-06 
-9.64779E-05 -1.28237E-05 
-9.85677E-05 -1.37843E-05 
-1.00958E-04 -1.49762E-05 
-1.03767E-04 -1.64896E-05 
-1.07141E-04 -1.84174E-05 
-1.10253E-04 -2.02522E-05 
-1.11261E-04 -2.08522E-05 
-1.16790E-04 -2.41497E-05 
-1.23758E-04 -2.82495E-05 
-1.32536E-04 -3.32506E-05 
-1.43548E-04 -3.92398E-05 
-1.60600E-04 -4.46185E-05 
-1.80352E-04 -5.25791E-05 
-2.04090E-04 -6.17132E-05 
-2.32526E-04 -7.20917E-05 
-2.66500E-04 -8.37847E-05 
-3.07109E-04 -9.69097E-05 
-3.56155E-04 -1.11819E-04 
-4.17827E-04 -1.29810E-04 
-5.04415E-04 -1.55441E-04 
-6.48138E-04 -2.00906E-04 
-8.92766E-04 -2.80925E-04 
-1.21925E-03 -3.82426E-04 
-1.53928E-03 -4.67452E-04 
-9.55264E-05 -8.31390E-06 
-9.71611E-05 -8.18907E-06 
-1.00920E-04 -1.14252E-05 
-1.03464E-04 -1.21411E-05 
-1.06347E-04 -1.31100E-05 
-1.09705E-04 -1.44265E-05 
-1.13706E-04 -1.61854E-05 
-1.17371E-04 -1.79091E-05 
-1.18554E-04 -1.84796E-05 
-1.25010E-04 -2.16540E-05 
-1.33082E-04 -2.56544E-05 
-1.43176E-04 -3.05702E-05 
-1.55749E-04 -3.64753E-05 
-1.74582E-04 -4.13462E-05 
-1.96524E-04 -4.90622E-05 
-2.22777E-04 -5.79138E-05 
-2.54089E-04 -6.79499E-05 
-2.91340E-04 -7.92144E-05 
-3.35683E-04 -9.17969E-05 
-3.89023E-04 -1.06029E-04 
-4.55860E-04 -1.23222E-04 
-5.49493E-04 -1.48070E-04 
-7.04847E-04 -1.93133E-04 
-9.69158E-04 -2.73339E-04 
-1.32103E-03 -3.74595E-04 
-1.66405E-03 -4.57454E-04 
-1.00471E-04 -5.07388E-06 
-1.02403E-04 -4.57666E-06 
-1.06885E-04 -7.90365E-06 
-1.09890E-04 -8.29733E-06 
-1.13276E-04 -8.96799E-06 
-1.17199E-04 -1.00130E-05 
-1.21851E-04 -1.15277E-05 
-1.26096E-04 -1.30797E-05 
-1.27462E-04 -1.36026E-05 
-1.34894E-04 -1.65632E-05 
-1.44134E-04 -2.03642E-05 
-1.55623E-04 -2.50820E-05 
-1.69848E-04 -3.07746E-05 
-1.90506E-04 -3.49450E-05 
-2.14728E-04 -4.22453E-05 
-2.43594E-04 -5.06220E-05 
-2.77889E-04 -6.00975E-05 
-3.18530E-04 -7.06850E-05 
-3.66721E-04 -8.24408E-05 
-4.24475E-04 -9.56682E-05 
-4.96615E-04 -1.11681E-04 
-5.97511E-04 -1.35279E-04 
-7.64958E-04 -1.79300E-04 
-1.04982E-03 -2.58752E-04 
-1.42812E-03 -3.58527E-04 
-1.79474E-03 -4.37906E-04 
-1.06724E-04 5.67474E-07 
-1.08928E-04 1.51499E-06 
-1.14177E-04 -1.87870E-06 
-1.17639E-04 -1.86458E-06 
-1.21528E-04 -2.15280E-06 
-1.26024E-04 -2.84162E-06 
-1.31345E-04 -4.02451E-06 
-1.36188E-04 -5.33372E-06 
-1.37745E-04 -5.78747E-06 
-1.46195E-04 -8.42552E-06 
-1.56661E-04 -1.19057E-05 
-1.69615E-04 -1.62885E-05 
-1.85577E-04 -2.16120E-05 
-2.08087E-04 -2.48547E-05 
-2.34664E-04 -3.15365E-05 
-2.66227E-04 -3.92103E-05 
-3.03592E-04 -4.78674E-05 
-3.47713E-04 -5.74851E-05 
-3.99841E-04 -6.80808E-05 
-4.62095E-04 -7.99220E-05 
-5.39635E-04 -9.43108E-05 
-6.47964E-04 -1.16112E-04 
-8.27906E-04 -1.58341E-04 
-1.13412E-03 -2.35926E-04 
-1.53973E-03 -3.32771E-04 
-1.93043E-03 -4.07163E-04 
-1.13987E-04 8.94909E-06 
-1.16430E-04 1.04345E-05 
-1.22500E-04 7.01825E-06 
-1.26406E-04 7.54001E-06 
-1.30791E-04 7.73393E-06 
-1.35861E-04 7.50320E-06 
-1.41862E-04 6.75879E-06 
-1.47321E-04 5.77999E-06 
-1.49075E-04 5.42210E-06 
-1.58583E-04 3.24180E-06 
-1.70328E-04 2.33441E-07 
-1.84815E-04 -3.64343E-06 
-2.02594E-04 -8.40408E-06 
-2.26962E-04 -1.04489E-05 
-2.55955E-04 -1.62694E-05 
-2.90280E-04 -2.29682E-05 
-3.30782E-04 -3.05007E-05 
-3.78447E-04 -3.88027E-05 
-4.34568E-04 -4.78467E-05 
-5.01371E-04 -5.78561E-05 
-5.84363E-04 -7.01043E-05 
-7.00237E-04 -8.94756E-05 
-8.92999E-04 -1.29035E-04 
-1.22124E-03 -2.03448E-04 
-1.65494E-03 -2.95674E-04 
-2.06998E-03 -3.63359E-04 
-1.21894E-04 2.04275E-05 
-1.24533E-04 2.25537E-05 
-1.31498E-04 1.91903E-05 
-1.35827E-04 2.03402E-05 
-1.40696E-04 2.11380E-05 
-1.46338E-04 2.14914E-05 
-1.53027E-04 2.13188E-05 
-1.59117E-04 2.07804E-05 
-1.61074E-04 2.05520E-05 
-1.71676E-04 1.89996E-05 
-1.84751E-04 1.66529E-05 
-2.00833E-04 1.34950E-05 
-2.20501E-04 9.53719E-06 
-2.46714E-04 9.01174E-06 
-2.78165E-04 4.34344E-06 
-3.15295E-04 -1.05628E-06 
-3.58975E-04 -7.10110E-06 
-4.10215E-04 -1.36802E-05 
-4.70347E-04 -2.07147E-05 
-5.41700E-04 -2.83745E-05 
-6.30138E-04 -3.78849E-05 
-7.53600E-04 -5.40931E-05 
-9.59417E-04 -8.99646E-05 
-1.31024E-03 -1.59686E-04 
-1.77258E-03 -2.45343E-04 
-2.21202E-03 -3.04366E-04 
-1.30048E-04 3.54221E-05 
-1.32833E-04 3.83129E-05 
-1.40785E-04 3.51219E-05 
-1.45513E-04 3.70473E-05 
-1.50849E-04 3.85998E-05 
-1.57056E-04 3.96944E-05 
-1.64439E-04 4.02608E-05 
-1.71173E-04 4.03013E-05 
-1.73338E-04 4.02445E-05 
-1.85066E-04 3.95336E-05 
-1.99516E-04 3.80854E-05 
-2.17247E-04 3.59106E-05 
-2.38863E-04 3.30502E-05 
-2.66880E-04 3.44249E-05 
-3.00808E-04 3.12545E-05 
-3.40758E-04 2.75376E-05 
-3.87622E-04 2.34073E-05 
-4.42429E-04 1.90270E-05 
-5.06543E-04 1.45338E-05 
-5.82389E-04 9.82100E-06 
-6.76198E-04 3.73410E-06 
-8.07201E-04 -8.46985E-06 
-1.02619E-03 -3.94783E-05 
-1.39998E-03 -1.02749E-04 
-1.89131E-03 -1.79596E-04 
-2.35494E-03 -2.27754E-04 
-1.38043E-04 5.44599E-05 
-1.40917E-04 5.82654E-05 
-1.49971E-04 5.54249E-05 
-1.55063E-04 5.83065E-05 
-1.60843E-04 6.07997E-05 
-1.67605E-04 6.28312E-05 
-1.75683E-04 6.43450E-05 
-1.83069E-04 6.51369E-05 
-1.85445E-04 6.53043E-05 
-1.98325E-04 6.56999E-05 
-2.14183E-04 6.54426E-05 
-2.33605E-04 6.45737E-05 
-2.57212E-04 6.31676E-05 
-2.86954E-04 6.68890E-05 
-3.23346E-04 6.56238E-05 
-3.66095E-04 6.40394E-05 
-4.16107E-04 6.23211E-05 
-4.74420E-04 6.06908E-05 
-5.42423E-04 5.93508E-05 
-6.22632E-04 5.82683E-05 
-7.21650E-04 5.63860E-05 
-8.60044E-04 4.91438E-05 
-1.09219E-03 2.43438E-05 
-1.48911E-03 -3.04552E-05 
-2.00949E-03 -9.59371E-05 
-2.49679E-03 -1.30762E-04 
-1.45475E-04 7.82166E-05 
-1.48370E-04 8.31187E-05 
-1.58664E-04 8.08825E-05 
-1.64078E-04 8.49402E-05 
-1.70270E-04 8.86025E-05 
-1.77565E-04 9.18114E-05 
-1.86329E-04 9.45293E-05 
-1.94368E-04 9.62847E-05 
-1.96957E-04 9.67407E-05 
-2.11000E-04 9.85671E-05 
-2.28284E-04 9.98556E-05 
-2.49416E-04 1.00682E-04 
-2.75028E-04 1.01156E-04 
-3.06370E-04 1.07742E-04 
-3.45170E-04 1.08857E-04 
-3.90648E-04 1.09926E-04 
-4.43714E-04 1.11193E-04 
-5.05408E-04 1.12944E-04 
-5.77131E-04 1.15454E-04 
-6.61485E-04 1.18777E-04 
-7.65444E-04 1.21980E-04 
-9.10951E-04 1.20782E-04 
-1.15605E-03 1.03719E-04 
-1.57604E-03 5.96959E-05 
-2.12519E-03 8.47363E-06 
-2.63526E-03 -1.02729E-05 
-1.51936E-04 1.07555E-04 
-1.54775E-04 1.13773E-04 
-1.66467E-04 1.12491E-04 
-1.72145E-04 1.17990E-04 
-1.78703E-04 1.23098E-04 
-1.86498E-04 1.27776E-04 
-1.95923E-04 1.32010E-04 
-2.04602E-04 1.34986E-04 
-2.07402E-04 1.35808E-04 
-2.22597E-04 1.39456E-04 
-2.41298E-04 1.42714E-04 
-2.64124E-04 1.45697E-04 
-2.91716E-04 1.48552E-04 
-3.24471E-04 1.58598E-04 
-3.65570E-04 1.62637E-04 
-4.13644E-04 1.66956E-04 
-4.69599E-04 1.71862E-04 
-5.34465E-04 1.77712E-04 
-6.09647E-04 1.84858E-04 
-6.97817E-04 1.93454E-04 
-8.06324E-04 2.02729E-04 
-9.58509E-04 2.08784E-04 
-1.21616E-03 2.01182E-04 
-1.65884E-03 1.70544E-04 
-2.23610E-03 1.36837E-04 
-2.76761E-03 1.37198E-04 
-1.57006E-04 1.43564E-04 
-1.59693E-04 1.51358E-04 
-1.72964E-04 1.51503E-04 
-1.78827E-04 1.58760E-04 
-1.85683E-04 1.65644E-04 
-1.93922E-04 1.72141E-04 
-2.03962E-04 1.78263E-04 
-2.13248E-04 1.82765E-04 
-2.16248E-04 1.84047E-04 
-2.32552E-04 1.89978E-04 
-2.52620E-04 1.95706E-04 
-2.77081E-04 2.01383E-04 
-3.06573E-04 2.07199E-04 
-3.40476E-04 2.21377E-04 
-3.83694E-04 2.28961E-04 
-4.34153E-04 2.37205E-04 
-4.92743E-04 2.46487E-04 
-5.60473E-04 2.57238E-04 
-6.38735E-04 2.69898E-04 
-7.30264E-04 2.84733E-04 
-8.42774E-04 3.01171E-04 
-1.00102E-03 3.15823E-04 
-1.27057E-03 3.19608E-04 
-1.73520E-03 3.05287E-04 
-2.33941E-03 2.92726E-04 
-2.89056E-03 3.15512E-04 
-1.60228E-04 1.87595E-04 
-1.62644E-04 1.97274E-04 
-1.77690E-04 1.99469E-04 
-1.83630E-04 2.08855E-04 
-1.90690E-04 2.17905E-04 
-1.99285E-04 2.26634E-04 
-2.09857E-04 2.35083E-04 
-2.19689E-04 2.41470E-04 
-2.22872E-04 2.43319E-04 
-2.40192E-04 2.52073E-04 
-2.61525E-04 2.60848E-04 
-2.87497E-04 2.69838E-04 
-3.18737E-04 2.79275E-04 
-3.53427E-04 2.98339E-04 
-3.98498E-04 3.10163E-04 
-4.51035E-04 3.23089E-04 
-5.11897E-04 3.37566E-04 
-5.82061E-04 3.54110E-04 
-6.62890E-04 3.73252E-04 
-7.57165E-04 3.95386E-04 
-8.72956E-04 4.20184E-04 
-1.03644E-03 4.44909E-04 
-1.31695E-03 4.62218E-04 
-1.80235E-03 4.67481E-04 
-2.43181E-03 4.80090E-04 
-3.00020E-03 5.28897E-04 
-1.61075E-04 2.41296E-04 
-1.63074E-04 2.53222E-04 
-1.80102E-04 2.58279E-04 
-1.85974E-04 2.70226E-04 
-1.93100E-04 2.81897E-04 
-2.01921E-04 2.93337E-04 
-2.12898E-04 3.04620E-04 
-2.23173E-04 3.13307E-04 
-2.26507E-04 3.15848E-04 
-2.44689E-04 3.28043E-04 
-2.67112E-04 3.40522E-04 
-2.94390E-04 3.53525E-04 
-3.27136E-04 3.67328E-04 
-3.62133E-04 3.92106E-04 
-4.08686E-04 4.08941E-04 
-4.62875E-04 4.27383E-04 
-5.25520E-04 4.47961E-04 
-5.97543E-04 4.71275E-04 
-6.80264E-04 4.97957E-04 
-7.76493E-04 5.28544E-04 
-8.94637E-04 5.62999E-04 
-1.06227E-03 5.99404E-04 
-1.35245E-03 6.32585E-04 
-1.85695E-03 6.61042E-04 
-2.50931E-03 7.03235E-04 
-3.09189E-03 7.81926E-04 
-1.58919E-04 3.06661E-04 
-1.60314E-04 3.21256E-04 
-1.79538E-04 3.30217E-04 
-1.85143E-04 3.45221E-04 
-1.92146E-04 3.60034E-04 
-2.01005E-04 3.74734E-04 
-2.12195E-04 3.89432E-04 
-2.22758E-04 4.00888E-04 
-2.26198E-04 4.04263E-04 
-2.45005E-04 4.20596E-04 
-2.68249E-04 4.37519E-04 
-2.96527E-04 4.55314E-04 
-3.30420E-04 4.74303E-04 
-3.65104E-04 5.05698E-04 
-4.12641E-04 5.28389E-04 
-4.67921E-04 5.53260E-04 
-5.31704E-04 5.80923E-04 
-6.04844E-04 6.12068E-04 
-6.88598E-04 6.47434E-04 
-7.85780E-04 6.87715E-04 
-9.05114E-04 7.33221E-04 
-1.07552E-03 7.83036E-04 
-1.37370E-03 8.34644E-04 
-1.89504E-03 8.90251E-04 
-2.56720E-03 9.66829E-04 
-3.16017E-03 1.07950E-03 
-1.52980E-04 3.86062E-04 
-1.53541E-04 4.03812E-04 
-1.75162E-04 4.18003E-04 
-1.80239E-04 4.36623E-04 
-1.86859E-04 4.55165E-04 
-1.95494E-04 4.73743E-04 
-2.06625E-04 4.92505E-04 
-2.17255E-04 5.07257E-04 
-2.20731E-04 5.11623E-04 
-2.39820E-04 5.32868E-04 
-2.63503E-04 5.55047E-04 
-2.92347E-04 5.78489E-04 
-3.26894E-04 6.03561E-04 
-3.60477E-04 6.42534E-04 
-4.08354E-04 6.71995E-04 
-4.64001E-04 7.04280E-04 
-5.28103E-04 7.40087E-04 
-6.01424E-04 7.80200E-04 
-6.85135E-04 8.25469E-04 
-7.82034E-04 8.76761E-04 
-9.01122E-04 9.34793E-04 
-1.07262E-03 9.99858E-04 
-1.37665E-03 1.07264E-03 
-1.91188E-03 1.15969E-03 
-2.59986E-03 1.27581E-03 
-3.19861E-03 1.42677E-03 
-1.42287E-04 4.82311E-04 
-1.41724E-04 5.03771E-04 
-1.65917E-04 5.24854E-04 
-1.70119E-04 5.47713E-04 
-1.76009E-04 5.70635E-04 
-1.84065E-04 5.93775E-04 
-1.94763E-04 6.17316E-04 
-2.05151E-04 6.35939E-04 
-2.08571E-04 6.41469E-04 
-2.27470E-04 6.68468E-04 
-2.51069E-04 6.96784E-04 
-2.79892E-04 7.26792E-04 
-3.14434E-04 7.58906E-04 
-3.45933E-04 8.06469E-04 
-3.93335E-04 8.43674E-04 
-4.48442E-04 8.84421E-04 
-5.11840E-04 9.29499E-04 
-5.84186E-04 9.79782E-04 
-6.66539E-04 1.03624E-03 
-7.61648E-04 1.09992E-03 
-8.78751E-04 1.17202E-03 
-1.04926E-03 1.25426E-03 
-1.35649E-03 1.35115E-03 
-1.90188E-03 1.47423E-03 
-2.60075E-03 1.63539E-03 
-3.19970E-03 1.82905E-03 
-1.25616E-04 5.98703E-04 
-1.23572E-04 6.24505E-04 
-1.50452E-04 6.54543E-04 
-1.53330E-04 6.82317E-04 
-1.58034E-04 7.10329E-04 
-1.65036E-04 7.38769E-04 
-1.74800E-04 7.67861E-04 
-1.84535E-04 7.90972E-04 
-1.87774E-04 7.97849E-04 
-2.05854E-04 8.31501E-04 
-2.28675E-04 8.66889E-04 
-2.56713E-04 9.04435E-04 
-2.90401E-04 9.44601E-04 
-3.18609E-04 1.00179E-03 
-3.64528E-04 1.04776E-03 
-4.17975E-04 1.09807E-03 
-4.79421E-04 1.15360E-03 
-5.49386E-04 1.21531E-03 
-6.28791E-04 1.28428E-03 
-7.20305E-04 1.36177E-03 
-8.33343E-04 1.44952E-03 
-1.00038E-03 1.55093E-03 
-1.30755E-03 1.67499E-03 
-1.85848E-03 1.83896E-03 
-2.56218E-03 2.05091E-03 
-3.15473E-03 2.29174E-03 
-1.01437E-04 7.39084E-04 
-9.74658E-05 7.69936E-04 
-1.27048E-04 8.11448E-04 
-1.28026E-04 8.44858E-04 
-1.30951E-04 8.78710E-04 
-1.36281E-04 9.13233E-04 
-1.44456E-04 9.48684E-04 
-1.53001E-04 9.76929E-04 
-1.55896E-04 9.85345E-04 
-1.72341E-04 1.02658E-03 
-1.93496E-04 1.07001E-03 
-2.19776E-04 1.11610E-03 
-2.51543E-04 1.16536E-03 
-2.74998E-04 1.23321E-03 
-3.18208E-04 1.28901E-03 
-3.68642E-04 1.35002E-03 
-4.26630E-04 1.41721E-03 
-4.92530E-04 1.49162E-03 
-5.67096E-04 1.57447E-03 
-6.52873E-04 1.66720E-03 
-7.59387E-04 1.77217E-03 
-9.20000E-04 1.89477E-03 
-1.22319E-03 2.04914E-03 
-1.77404E-03 2.25906E-03 
-2.47525E-03 2.52771E-03 
-3.05365E-03 2.82011E-03 
-6.78361E-05 9.07900E-04 
-6.13902E-05 9.44587E-04 
-9.35252E-05 1.00061E-03 
-9.18722E-05 1.04040E-03 
-9.22621E-05 1.08086E-03 
-9.51269E-05 1.12226E-03 
-1.00875E-04 1.16490E-03 
-1.07544E-04 1.19893E-03 
-1.09887E-04 1.20908E-03 
-1.23664E-04 1.25885E-03 
-1.42037E-04 1.31130E-03 
-1.65349E-04 1.36694E-03 
-1.93884E-04 1.42634E-03 
-2.10840E-04 1.50583E-03 
-2.49872E-04 1.57254E-03 
-2.95678E-04 1.64541E-03 
-3.48420E-04 1.72548E-03 
-4.08265E-04 1.81389E-03 
-4.75765E-04 1.91193E-03 
-5.53295E-04 2.02131E-03 
-6.50408E-04 2.14505E-03 
-8.01125E-04 2.29079E-03 
-1.09568E-03 2.47865E-03 
-1.63967E-03 2.73967E-03 
-2.32969E-03 3.07099E-03 
-2.88493E-03 3.41911E-03 
-2.16275E-05 1.11369E-03 
-1.19757E-05 1.15718E-03 
-4.62920E-05 1.23161E-03 
-4.10250E-05 1.27862E-03 
-3.78630E-05 1.32657E-03 
-3.72015E-05 1.37576E-03 
-3.94065E-05 1.42651E-03 
-4.32925E-05 1.46707E-03 
-4.48114E-05 1.47918E-03 
-5.45659E-05 1.53856E-03 
-6.87076E-05 1.60113E-03 
-8.74985E-05 1.66749E-03 
-1.11131E-04 1.73824E-03 
-1.19379E-04 1.83048E-03 
-1.52394E-04 1.90935E-03 
-1.91554E-04 1.99542E-03 
-2.36820E-04 2.08980E-03 
-2.88133E-04 2.19370E-03 
-3.45798E-04 2.30850E-03 
-4.11969E-04 2.43613E-03 
-4.96118E-04 2.58038E-03 
-6.32645E-04 2.75152E-03 
-9.12798E-04 2.97654E-03 
-1.44161E-03 3.29470E-03 
-2.10977E-03 3.69558E-03 
-2.63088E-03 4.10411E-03 
3.87292E-05 1.35592E-03 
5.23749E-05 1.40702E-03 
1.66971E-05 1.50375E-03 
2.66723E-05 1.55856E-03 
3.45256E-05 1.61458E-03 
3.99064E-05 1.67215E-03 
4.24985E-05 1.73164E-03 
4.24118E-05 1.77922E-03 
4.20225E-05 1.79343E-03 
3.77975E-05 1.86312E-03 
2.94868E-05 1.93656E-03 
1.69181E-05 2.01439E-03 
-4.43905E-11 2.09730E-03 
2.74288E-06 2.20283E-03 
-2.23144E-05 2.29470E-03 
-5.27042E-05 2.39487E-03 
-8.81581E-05 2.50448E-03 
-1.28356E-04 2.62479E-03 
-1.73321E-04 2.75726E-03 
-2.24927E-04 2.90402E-03 
-2.92445E-04 3.06969E-03 
-4.10303E-04 3.26747E-03 
-6.69822E-04 3.53195E-03 
-1.17419E-03 3.91127E-03 
-1.80879E-03 4.38609E-03 
-2.28437E-03 4.85712E-03 
1.17497E-04 1.64407E-03 
1.36157E-04 1.70371E-03 
1.00444E-04 1.82741E-03 
1.16528E-04 1.89056E-03 
1.30524E-04 1.95523E-03 
1.42132E-04 2.02179E-03 
1.51095E-04 2.09063E-03 
1.56072E-04 2.14574E-03 
1.57191E-04 2.16219E-03 
1.60352E-04 2.24294E-03 
1.59826E-04 2.32803E-03 
1.55541E-04 2.41816E-03 
1.47521E-04 2.51407E-03 
1.64014E-04 2.63344E-03 
1.49239E-04 2.73925E-03 
1.30163E-04 2.85450E-03 
1.07320E-04 2.98036E-03 
8.13307E-05 3.11809E-03 
5.24968E-05 3.26919E-03 
1.92915E-05 3.43598E-03 
-2.72120E-05 3.62401E-03 
-1.21052E-04 3.84967E-03 
-3.52526E-04 4.15609E-03 
-8.21479E-04 4.60098E-03 
-1.40871E-03 5.15446E-03 
-1.82539E-03 5.69002E-03 
2.19159E-04 1.98527E-03 
2.44077E-04 2.05439E-03 
2.10424E-04 2.21011E-03 
2.34307E-04 2.28198E-03 
2.56188E-04 2.35569E-03 
2.75826E-04 2.43164E-03 
2.93023E-04 2.51029E-03 
3.04553E-04 2.57329E-03 
3.07623E-04 2.59210E-03 
3.20336E-04 2.68446E-03 
3.29857E-04 2.78181E-03 
3.36226E-04 2.88492E-03 
3.39599E-04 2.99458E-03 
3.72974E-04 3.12798E-03 
3.71123E-04 3.24855E-03 
3.66254E-04 3.37973E-03 
3.59208E-04 3.52267E-03 
3.50943E-04 3.67859E-03 
3.42137E-04 3.84898E-03 
3.31681E-04 4.03635E-03 
3.11156E-04 4.24719E-03 
2.47407E-04 4.50148E-03 
5.24661E-05 4.85166E-03 
-3.68441E-04 5.36577E-03 
-8.92538E-04 6.00156E-03 
-1.23535E-03 6.60227E-03 
3.49248E-04 2.38723E-03 
3.81931E-04 2.46669E-03 
3.53499E-04 2.65962E-03 
3.87183E-04 2.74029E-03 
4.19001E-04 2.82316E-03 
4.48772E-04 2.90868E-03 
4.76363E-04 2.99734E-03 
4.96159E-04 3.06843E-03 
5.01688E-04 3.08967E-03 
5.26426E-04 3.19399E-03 
5.48558E-04 3.30402E-03 
5.68257E-04 3.42058E-03 
5.85833E-04 3.54453E-03 
6.39592E-04 3.69180E-03 
6.53636E-04 3.82775E-03 
6.66236E-04 3.97547E-03 
6.78579E-04 4.13604E-03 
6.92008E-04 4.31057E-03 
7.07626E-04 4.50048E-03 
7.24815E-04 4.70844E-03 
7.35850E-04 4.94194E-03 
7.09038E-04 5.22482E-03 
5.60269E-04 5.61970E-03 
2.01814E-04 6.20550E-03 
-2.41302E-04 6.92569E-03 
-4.93654E-04 7.59033E-03 
5.14876E-04 2.85870E-03 
5.57150E-04 2.94925E-03 
5.38552E-04 3.18435E-03 
5.84376E-04 3.27357E-03 
6.28508E-04 3.36541E-03 
6.70829E-04 3.46035E-03 
7.11276E-04 3.55895E-03 
7.41277E-04 3.63813E-03 
7.49839E-04 3.66181E-03 
7.89381E-04 3.77819E-03 
8.26996E-04 3.90110E-03 
8.63014E-04 4.03138E-03 
8.97930E-04 4.16995E-03 
9.75973E-04 4.33040E-03 
1.00925E-03 4.48214E-03 
1.04300E-03 4.64673E-03 
1.07880E-03 4.82510E-03 
1.11842E-03 5.01820E-03 
1.16343E-03 5.22730E-03 
1.21380E-03 5.45516E-03 
1.26269E-03 5.71032E-03 
1.28054E-03 6.02080E-03 
1.18889E-03 6.46014E-03 
9.09293E-04 7.11854E-03 
5.67334E-04 7.92322E-03 
4.23816E-04 8.64831E-03 
7.24232E-04 3.40672E-03 
7.78237E-04 3.50888E-03 
7.75979E-04 3.79013E-03 
8.36550E-04 3.88719E-03 
8.95620E-04 3.98736E-03 
9.53138E-04 4.09120E-03 
1.00911E-03 4.19933E-03 
1.05141E-03 4.28635E-03 
1.06363E-03 4.31240E-03 
1.12096E-03 4.44064E-03 
1.17714E-03 4.57630E-03 
1.23269E-03 4.72029E-03 
1.28833E-03 4.87347E-03 
1.39485E-03 5.04581E-03 
1.45102E-03 5.21334E-03 
1.50996E-03 5.39464E-03 
1.57370E-03 5.59041E-03 
1.64447E-03 5.80133E-03 
1.72437E-03 6.02842E-03 
1.81399E-03 6.27449E-03 
1.90763E-03 6.54913E-03 
1.97863E-03 6.88481E-03 
1.95620E-03 7.36658E-03 
1.77367E-03 8.09611E-03 
1.55506E-03 8.98238E-03 
1.54007E-03 9.76130E-03 
9.87585E-04 4.03804E-03 
1.05580E-03 4.15202E-03 
1.07881E-03 4.48152E-03 
1.15693E-03 4.58522E-03 
1.23374E-03 4.69269E-03 
1.30925E-03 4.80453E-03 
1.38356E-03 4.92144E-03 
1.44035E-03 5.01582E-03 
1.45686E-03 5.04412E-03 
1.53512E-03 5.18369E-03 
1.61311E-03 5.33172E-03 
1.69160E-03 5.48906E-03 
1.77159E-03 5.65651E-03 
1.91102E-03 5.83867E-03 
1.99406E-03 6.02153E-03 
2.08265E-03 6.21879E-03 
2.17928E-03 6.43080E-03 
2.28669E-03 6.65787E-03 
2.40752E-03 6.90067E-03 
2.54307E-03 7.16197E-03 
2.68903E-03 7.45244E-03 
2.82246E-03 7.80917E-03 
2.88254E-03 8.32916E-03 
2.81716E-03 9.12538E-03 
2.74612E-03 1.00867E-02 
2.88060E-03 1.09093E-02 
1.31725E-03 4.75708E-03 
1.40243E-03 4.88271E-03 
1.46262E-03 5.25944E-03 
1.56114E-03 5.36815E-03 
1.65849E-03 5.48147E-03 
1.75478E-03 5.60009E-03 
1.85021E-03 5.72475E-03 
1.92368E-03 5.82581E-03 
1.94514E-03 5.85618E-03 
2.04746E-03 6.00630E-03 
2.15056E-03 6.16599E-03 
2.25549E-03 6.33600E-03 
2.36362E-03 6.51695E-03 
2.54057E-03 6.70599E-03 
2.65481E-03 6.90307E-03 
2.77789E-03 7.11472E-03 
2.91283E-03 7.34081E-03 
3.06287E-03 7.58113E-03 
3.23122E-03 7.83594E-03 
3.41995E-03 8.10787E-03 
3.62635E-03 8.40865E-03 
3.83217E-03 8.78012E-03 
3.98912E-03 9.33136E-03 
4.06260E-03 1.01861E-02 
4.16510E-03 1.12115E-02 
4.47075E-03 1.20632E-02 
1.72851E-03 5.56593E-03 
1.83365E-03 5.70267E-03 
1.94651E-03 6.12100E-03 
2.06809E-03 6.23279E-03 
2.18858E-03 6.35032E-03 
2.30823E-03 6.47432E-03 
2.42740E-03 6.60555E-03 
2.51962E-03 6.71250E-03 
2.54663E-03 6.74472E-03 
2.67607E-03 6.90442E-03 
2.80755E-03 7.07482E-03 
2.94252E-03 7.25643E-03 
3.08276E-03 7.44959E-03 
3.30196E-03 7.64157E-03 
3.45206E-03 7.85094E-03 
3.61495E-03 8.07434E-03 
3.79414E-03 8.31104E-03 
3.99340E-03 8.56019E-03 
4.21646E-03 8.82152E-03 
4.46618E-03 9.09747E-03 
4.74170E-03 9.40081E-03 
5.03052E-03 9.77812E-03 
5.29969E-03 1.03504E-02 
5.53534E-03 1.12511E-02 
5.83884E-03 1.23242E-02 
6.33784E-03 1.31858E-02 
2.23890E-03 6.46079E-03 
2.36704E-03 6.60773E-03 
2.55197E-03 7.05562E-03 
2.69872E-03 7.16856E-03 
2.84443E-03 7.28869E-03 
2.98953E-03 7.41675E-03 
3.13461E-03 7.55343E-03 
3.24735E-03 7.66548E-03 
3.28047E-03 7.69933E-03 
3.43979E-03 7.86752E-03 
3.60278E-03 8.04739E-03 
3.77137E-03 8.23910E-03 
3.94781E-03 8.44248E-03 
4.21391E-03 8.63234E-03 
4.40494E-03 8.85092E-03 
4.61339E-03 9.08202E-03 
4.84328E-03 9.32416E-03 
5.09881E-03 9.57576E-03 
5.38422E-03 9.83593E-03 
5.70314E-03 1.01069E-02 
6.05680E-03 1.04024E-02 
6.43952E-03 1.07736E-02 
6.83679E-03 1.13528E-02 
7.25882E-03 1.22815E-02 
7.79145E-03 1.33801E-02 
8.50539E-03 1.42271E-02 
2.86868E-03 7.43145E-03 
3.02265E-03 7.58750E-03 
3.30303E-03 8.04477E-03 
3.47609E-03 8.15741E-03 
3.64820E-03 8.27901E-03 
3.82004E-03 8.41022E-03 
3.99254E-03 8.55153E-03 
4.12718E-03 8.66804E-03 
4.16684E-03 8.70331E-03 
4.35843E-03 8.87888E-03 
4.55588E-03 9.06671E-03 
4.76166E-03 9.26640E-03 
4.97855E-03 9.47712E-03 
5.29606E-03 9.65853E-03 
5.53347E-03 9.88176E-03 
5.79372E-03 1.01147E-02 
6.08124E-03 1.03550E-02 
6.40059E-03 1.06003E-02 
6.75635E-03 1.08490E-02 
7.15288E-03 1.11031E-02 
7.59374E-03 1.13774E-02 
8.08123E-03 1.17274E-02 
8.62254E-03 1.22952E-02 
9.25539E-03 1.32283E-02 
1.00450E-02 1.43234E-02 
1.09940E-02 1.51264E-02 
3.64003E-03 8.45945E-03 
3.82216E-03 8.62358E-03 
4.22477E-03 9.06057E-03 
4.42387E-03 9.17259E-03 
4.62230E-03 9.29553E-03 
4.82114E-03 9.42977E-03 
5.02172E-03 9.57549E-03 
5.17914E-03 9.69607E-03 
5.22567E-03 9.73260E-03 
5.45152E-03 9.91439E-03 
5.68621E-03 1.01083E-02 
5.93281E-03 1.03130E-02 
6.19468E-03 1.05269E-02 
6.56779E-03 1.06921E-02 
6.85754E-03 1.09136E-02 
7.17634E-03 1.11402E-02 
7.52887E-03 1.13688E-02 
7.91988E-03 1.15962E-02 
8.35415E-03 1.18203E-02 
8.83662E-03 1.20428E-02 
9.37336E-03 1.22794E-02 
9.97590E-03 1.25895E-02 
1.06765E-02 1.31233E-02 
1.15438E-02 1.40311E-02 
1.26167E-02 1.50875E-02 
1.38178E-02 1.58121E-02 
4.57562E-03 9.51716E-03 
4.78741E-03 9.68881E-03 
5.34085E-03 1.00661E-02 
5.56394E-03 1.01789E-02 
5.78716E-03 1.03046E-02 
6.01208E-03 1.04428E-02 
6.24058E-03 1.05934E-02 
6.42121E-03 1.07180E-02 
6.47483E-03 1.07556E-02 
6.73666E-03 1.09423E-02 
7.01140E-03 1.11395E-02 
7.30271E-03 1.13451E-02 
7.61450E-03 1.15564E-02 
8.04702E-03 1.16962E-02 
8.39564E-03 1.19068E-02 
8.78021E-03 1.21163E-02 
9.20547E-03 1.23204E-02 
9.67609E-03 1.25154E-02 
1.01968E-02 1.26985E-02 
1.07729E-02 1.28716E-02 
1.14133E-02 1.30512E-02 
1.21398E-02 1.32997E-02 
1.30132E-02 1.37728E-02 
1.41364E-02 1.46202E-02 
1.55156E-02 1.55965E-02 
1.69814E-02 1.62050E-02 
5.69644E-03 1.05687E-02 
5.93833E-03 1.07481E-02 
6.67022E-03 1.10177E-02 
6.91344E-03 1.11352E-02 
7.15852E-03 1.12666E-02 
7.40764E-03 1.14111E-02 
7.66332E-03 1.15676E-02 
7.86740E-03 1.16960E-02 
7.92833E-03 1.17346E-02 
8.22797E-03 1.19241E-02 
8.54596E-03 1.21206E-02 
8.88649E-03 1.23210E-02 
9.25379E-03 1.25214E-02 
9.74909E-03 1.26249E-02 
1.01637E-02 1.28129E-02 
1.06217E-02 1.29911E-02 
1.11275E-02 1.31548E-02 
1.16854E-02 1.32996E-02 
1.22997E-02 1.34226E-02 
1.29761E-02 1.35258E-02 
1.37259E-02 1.36266E-02 
1.45830E-02 1.37895E-02 
1.56399E-02 1.41723E-02 
1.70364E-02 1.49195E-02 
1.87397E-02 1.57702E-02 
2.04764E-02 1.62233E-02 
7.01809E-03 1.15723E-02 
7.28953E-03 1.17605E-02 
8.22225E-03 1.18700E-02 
8.48037E-03 1.19979E-02 
8.74356E-03 1.21396E-02 
9.01468E-03 1.22933E-02 
9.29690E-03 1.24567E-02 
9.52500E-03 1.25882E-02 
9.59356E-03 1.26273E-02 
9.93363E-03 1.28160E-02 
1.02990E-02 1.30058E-02 
1.06943E-02 1.31921E-02 
1.11237E-02 1.33703E-02 
1.16846E-02 1.34251E-02 
1.21729E-02 1.35751E-02 
1.27121E-02 1.37047E-02 
1.33060E-02 1.38088E-02 
1.39580E-02 1.38829E-02 
1.46717E-02 1.39242E-02 
1.54525E-02 1.39353E-02 
1.63151E-02 1.39344E-02 
1.73059E-02 1.39866E-02 
1.85525E-02 1.42479E-02 
2.02339E-02 1.48529E-02 
2.22713E-02 1.55308E-02 
2.42768E-02 1.57906E-02 
8.54941E-03 1.24865E-02 
8.84939E-03 1.26851E-02 
9.99496E-03 1.25831E-02 
1.02626E-02 1.27290E-02 
1.05406E-02 1.28858E-02 
1.08324E-02 1.30508E-02 
1.11418E-02 1.32207E-02 
1.13956E-02 1.33533E-02 
1.14725E-02 1.33919E-02 
1.18574E-02 1.35734E-02 
1.22761E-02 1.37467E-02 
1.27331E-02 1.39065E-02 
1.32325E-02 1.40474E-02 
1.38613E-02 1.40392E-02 
1.44316E-02 1.41322E-02 
1.50598E-02 1.41925E-02 
1.57485E-02 1.42151E-02 
1.64998E-02 1.41958E-02 
1.73162E-02 1.41326E-02 
1.82030E-02 1.40287E-02 
1.91778E-02 1.39033E-02 
2.03010E-02 1.38205E-02 
2.17378E-02 1.39297E-02 
2.37080E-02 1.43509E-02 
2.60803E-02 1.48101E-02 
2.83431E-02 1.48431E-02 
1.02768E-02 1.32700E-02 
1.06048E-02 1.34799E-02 
1.19577E-02 1.31266E-02 
1.22314E-02 1.32965E-02 
1.25231E-02 1.34716E-02 
1.28367E-02 1.36476E-02 
1.31764E-02 1.38203E-02 
1.34596E-02 1.39487E-02 
1.35461E-02 1.39850E-02 
1.39826E-02 1.41484E-02 
1.44626E-02 1.42913E-02 
1.49900E-02 1.44077E-02 
1.55679E-02 1.44922E-02 
1.62660E-02 1.44058E-02 
1.69260E-02 1.44198E-02 
1.76495E-02 1.43880E-02 
1.84374E-02 1.43060E-02 
1.92902E-02 1.41706E-02 
2.02089E-02 1.39809E-02 
2.11984E-02 1.37414E-02 
2.22794E-02 1.34716E-02 
2.35273E-02 1.32334E-02 
2.51467E-02 1.31644E-02 
2.73985E-02 1.33651E-02 
3.00933E-02 1.35669E-02 
3.25898E-02 1.33486E-02 
1.21864E-02 1.39007E-02 
1.25443E-02 1.41200E-02 
1.40787E-02 1.34936E-02 
1.43595E-02 1.36901E-02 
1.46684E-02 1.38815E-02 
1.50095E-02 1.40629E-02 
1.53870E-02 1.42291E-02 
1.57063E-02 1.43440E-02 
1.58044E-02 1.43749E-02 
1.63030E-02 1.45034E-02 
1.68551E-02 1.45961E-02 
1.74635E-02 1.46473E-02 
1.81298E-02 1.46520E-02 
1.88977E-02 1.44709E-02 
1.96546E-02 1.43814E-02 
2.04781E-02 1.42332E-02 
2.13672E-02 1.40232E-02 
2.23202E-02 1.37498E-02 
2.33365E-02 1.34139E-02 
2.44205E-02 1.30212E-02 
2.55965E-02 1.25916E-02 
2.69552E-02 1.21824E-02 
2.87422E-02 1.19150E-02 
3.12588E-02 1.18655E-02 
3.42525E-02 1.17799E-02 
3.69492E-02 1.12962E-02 
1.42429E-02 1.43658E-02 
1.46367E-02 1.45875E-02 
1.63026E-02 1.36934E-02 
1.65985E-02 1.39106E-02 
1.69347E-02 1.41087E-02 
1.73151E-02 1.42819E-02 
1.77430E-02 1.44247E-02 
1.81085E-02 1.45110E-02 
1.82213E-02 1.45319E-02 
1.87958E-02 1.46018E-02 
1.94332E-02 1.46191E-02 
2.01341E-02 1.45788E-02 
2.08982E-02 1.44772E-02 
2.17352E-02 1.41851E-02 
2.25938E-02 1.39669E-02 
2.35186E-02 1.36788E-02 
2.45063E-02 1.33199E-02 
2.55532E-02 1.28906E-02 
2.66568E-02 1.23936E-02 
2.78212E-02 1.18365E-02 
2.90744E-02 1.12386E-02 
3.05232E-02 1.06509E-02 
3.24539E-02 1.01738E-02 
3.52068E-02 9.85587E-03 
3.84626E-02 9.46618E-03 
4.13157E-02 8.71669E-03 
1.64054E-02 1.46665E-02 
1.68470E-02 1.48757E-02 
1.85723E-02 1.37496E-02 
1.89004E-02 1.39706E-02 
1.92819E-02 1.41548E-02 
1.97197E-02 1.42964E-02 
2.02160E-02 1.43903E-02 
2.06410E-02 1.44272E-02 
2.07721E-02 1.44318E-02 
2.14392E-02 1.44131E-02 
2.21760E-02 1.43248E-02 
2.29807E-02 1.41637E-02 
2.38504E-02 1.39281E-02 
2.47537E-02 1.35097E-02 
2.57148E-02 1.31395E-02 
2.67375E-02 1.26916E-02 
2.78161E-02 1.21675E-02 
2.89446E-02 1.15702E-02 
3.01191E-02 1.09044E-02 
3.13434E-02 1.01792E-02 
3.26498E-02 9.41303E-03 
3.41613E-02 8.64866E-03 
3.62041E-02 7.96136E-03 
3.91543E-02 7.36961E-03 
4.26244E-02 6.67413E-03 
4.55823E-02 5.67204E-03 
1.86347E-02 1.48104E-02 
1.91420E-02 1.49827E-02 
2.08392E-02 1.36881E-02 
2.12254E-02 1.38829E-02 
2.16774E-02 1.40212E-02 
2.21964E-02 1.40981E-02 
2.27828E-02 1.41095E-02 
2.32823E-02 1.40711E-02 
2.34358E-02 1.40519E-02 
2.42129E-02 1.39100E-02 
2.50622E-02 1.36835E-02 
2.59794E-02 1.33719E-02 
2.69587E-02 1.29761E-02 
2.79226E-02 1.24189E-02 
2.89818E-02 1.18778E-02 
3.00931E-02 1.12560E-02 
3.12483E-02 1.05577E-02 
3.24397E-02 9.78823E-03 
3.36623E-02 8.95456E-03 
3.49204E-02 8.06676E-03 
3.62505E-02 7.14179E-03 
3.77918E-02 6.21223E-03 
3.99085E-02 5.32523E-03 
4.30084E-02 4.46799E-03 
4.66367E-02 3.47991E-03 
4.96428E-02 2.25118E-03 
2.09025E-02 1.48008E-02 
2.14990E-02 1.49024E-02 
2.30752E-02 1.35228E-02 
2.35522E-02 1.36493E-02 
2.41045E-02 1.36999E-02 
2.47312E-02 1.36713E-02 
2.54303E-02 1.35610E-02 
2.60191E-02 1.34190E-02 
2.61989E-02 1.33680E-02 
2.71006E-02 1.30670E-02 
2.80719E-02 1.26707E-02 
2.91053E-02 1.21820E-02 
3.01923E-02 1.16045E-02 
3.12075E-02 1.09005E-02 
3.23533E-02 1.01771E-02 
3.35367E-02 9.37582E-03 
3.47476E-02 8.50319E-03 
3.59770E-02 7.56689E-03 
3.72194E-02 6.57571E-03 
3.84798E-02 5.54026E-03 
3.97999E-02 4.47502E-03 
4.13343E-02 3.40106E-03 
4.34824E-02 2.33524E-03 
4.66789E-02 1.23346E-03 
5.04039E-02 -2.06773E-05 
5.34004E-02 -1.43979E-03 
2.31998E-02 1.46272E-02 
2.39110E-02 1.46175E-02 
2.52811E-02 1.32428E-02 
2.58836E-02 1.32509E-02 
2.65663E-02 1.31664E-02 
2.73256E-02 1.29884E-02 
2.81571E-02 1.27167E-02 
2.88465E-02 1.24432E-02 
2.90551E-02 1.23530E-02 
3.00904E-02 1.18604E-02 
3.11860E-02 1.12684E-02 
3.23319E-02 1.05826E-02 
3.35171E-02 9.81029E-03 
3.45697E-02 8.95744E-03 
3.57830E-02 8.05019E-03 
3.70148E-02 7.07366E-03 
3.82540E-02 6.03673E-03 
3.94909E-02 4.94885E-03 
4.07201E-02 3.81993E-03 
4.19482E-02 2.66053E-03 
4.32220E-02 1.48177E-03 
4.47110E-02 2.92056E-04 
4.68460E-02 -9.23101E-04 
5.00838E-02 -2.23808E-03 
5.38430E-02 -3.72127E-03 
5.67740E-02 -5.28749E-03 
2.55410E-02 1.42587E-02 
2.63909E-02 1.40945E-02 
2.74897E-02 1.28065E-02 
2.82487E-02 1.26445E-02 
2.90864E-02 1.23783E-02 
2.99967E-02 1.20096E-02 
3.09726E-02 1.15414E-02 
3.17676E-02 1.11135E-02 
3.20060E-02 1.09779E-02 
3.31744E-02 1.02697E-02 
3.43875E-02 9.46495E-03 
3.56328E-02 8.57269E-03 
3.68978E-02 7.60282E-03 
3.79693E-02 6.60649E-03 
3.92234E-02 5.52472E-03 
4.04735E-02 4.38800E-03 
4.17081E-02 3.20684E-03 
4.29177E-02 1.99179E-03 
4.40978E-02 7.53219E-04 
4.52573E-02 -4.99166E-04 
4.64482E-02 -1.75839E-03 
4.78537E-02 -3.02946E-03 
4.99320E-02 -4.35838E-03 
5.31566E-02 -5.84801E-03 
5.68900E-02 -7.51654E-03 
5.97048E-02 -9.18316E-03 
2.79478E-02 1.36481E-02 
2.89529E-02 1.32905E-02 
2.97457E-02 1.21492E-02 
3.06813E-02 1.17722E-02 
3.16874E-02 1.12862E-02 
3.27554E-02 1.06959E-02 
3.38761E-02 1.00070E-02 
3.47728E-02 9.41074E-03 
3.50391E-02 9.22657E-03 
3.63283E-02 8.29184E-03 
3.76407E-02 7.27113E-03 
3.89624E-02 6.17617E-03 
4.02800E-02 5.01913E-03 
4.13471E-02 3.89312E-03 
4.26086E-02 2.65801E-03 
4.38418E-02 1.38684E-03 
4.50355E-02 9.09904E-05 
4.61813E-02 -1.21864E-03 
4.72762E-02 -2.53201E-03 
4.83316E-02 -3.84096E-03 
4.94050E-02 -5.14331E-03 
5.06919E-02 -6.45782E-03 
5.26735E-02 -7.86124E-03 
5.58348E-02 -9.48250E-03 
5.94885E-02 -1.12890E-02 
6.21444E-02 -1.30089E-02 
3.04946E-02 1.27239E-02 
3.16634E-02 1.21400E-02 
3.21440E-02 1.11778E-02 
3.32642E-02 1.05507E-02 
3.44400E-02 9.81718E-03 
3.56607E-02 8.98478E-03 
3.69151E-02 8.06206E-03 
3.79014E-02 7.29220E-03 
3.81915E-02 7.05864E-03 
3.95787E-02 5.89816E-03 
4.09629E-02 4.66939E-03 
4.23297E-02 3.38608E-03 
4.36655E-02 2.06188E-03 
4.47011E-02 8.26145E-04 
4.59319E-02 -5.33059E-04 
4.71094E-02 -1.90600E-03 
4.82237E-02 -3.28124E-03 
4.92679E-02 -4.64827E-03 
5.02410E-02 -5.99810E-03 
5.11578E-02 -7.32479E-03 
5.20807E-02 -8.63145E-03 
5.32161E-02 -9.95078E-03 
5.50643E-02 -1.13893E-02 
5.81172E-02 -1.30998E-02 
6.16436E-02 -1.49985E-02 
6.41041E-02 -1.67275E-02 
3.32026E-02 1.14289E-02 
3.45294E-02 1.05997E-02 
3.47250E-02 9.81604E-03 
3.60196E-02 8.92256E-03 
3.73494E-02 7.93246E-03 
3.87020E-02 6.85585E-03 
4.00650E-02 5.70370E-03 
4.11188E-02 4.76781E-03 
4.14259E-02 4.48774E-03 
4.28764E-02 3.11906E-03 
4.42950E-02 1.70549E-03 
4.56677E-02 2.61963E-04 
4.69817E-02 -1.19722E-03 
4.79557E-02 -2.51485E-03 
4.91153E-02 -3.95983E-03 
5.01977E-02 -5.39450E-03 
5.11948E-02 -6.80812E-03 
5.21018E-02 -8.19129E-03 
5.29204E-02 -9.53664E-03 
5.36684E-02 -1.08409E-02 
5.44131E-02 -1.21129E-02 
5.53703E-02 -1.33989E-02 
5.70550E-02 -1.48338E-02 
5.99622E-02 -1.65912E-02 
6.33226E-02 -1.85376E-02 
6.55611E-02 -2.02351E-02 
3.61095E-02 9.70921E-03 
3.75766E-02 8.62939E-03 
3.75371E-02 7.99615E-03 
3.89806E-02 6.83749E-03 
4.04347E-02 5.59816E-03 
4.18863E-02 4.29051E-03 
4.33223E-02 2.92746E-03 
4.44144E-02 1.84321E-03 
4.47296E-02 1.52231E-03 
4.62010E-02 -2.47106E-05 
4.76106E-02 -1.58910E-03 
4.89457E-02 -3.15559E-03 
5.01950E-02 -4.71007E-03 
5.10760E-02 -6.07685E-03 
5.21237E-02 -7.56458E-03 
5.30725E-02 -9.01765E-03 
5.39167E-02 -1.04266E-02 
5.46541E-02 -1.17838E-02 
5.52888E-02 -1.30839E-02 
5.58418E-02 -1.43267E-02 
5.63851E-02 -1.55267E-02 
5.71420E-02 -1.67435E-02 
5.86389E-02 -1.81386E-02 
6.13699E-02 -1.99040E-02 
6.45337E-02 -2.18577E-02 
6.65307E-02 -2.34877E-02 
3.92230E-02 7.53737E-03 
4.08017E-02 6.21523E-03 
4.05916E-02 5.68369E-03 
4.21454E-02 4.27777E-03 
4.36833E-02 2.81188E-03 
4.51915E-02 1.30022E-03 
4.66568E-02 -2.42884E-04 
4.77533E-02 -1.44933E-03 
4.80668E-02 -1.80308E-03 
4.95118E-02 -3.48860E-03 
5.08661E-02 -5.16157E-03 
5.21185E-02 -6.80715E-03 
5.32600E-02 -8.41216E-03 
5.40167E-02 -9.79186E-03 
5.49140E-02 -1.12770E-02 
5.56939E-02 -1.27040E-02 
5.63532E-02 -1.40653E-02 
5.68925E-02 -1.53553E-02 
5.73186E-02 -1.65711E-02 
5.76556E-02 -1.77157E-02 
5.79794E-02 -1.88094E-02 
5.85195E-02 -1.99244E-02 
5.98099E-02 -2.12468E-02 
6.23410E-02 -2.29850E-02 
6.52850E-02 -2.49100E-02 
6.70279E-02 -2.64417E-02 
4.25230E-02 4.91669E-03 
4.41768E-02 3.37211E-03 
4.38646E-02 2.88272E-03 
4.54818E-02 1.26070E-03 
4.70559E-02 -3.97354E-04 
4.85731E-02 -2.07586E-03 
5.00209E-02 -3.75949E-03 
5.10858E-02 -5.05626E-03 
5.13873E-02 -5.43337E-03 
5.27576E-02 -7.21130E-03 
5.40103E-02 -8.94586E-03 
5.51364E-02 -1.06233E-02 
5.61294E-02 -1.22320E-02 
5.67321E-02 -1.35867E-02 
5.74444E-02 -1.50241E-02 
5.80245E-02 -1.63818E-02 
5.84720E-02 -1.76543E-02 
5.87899E-02 -1.88384E-02 
5.89879E-02 -1.99338E-02 
5.90929E-02 -2.09470E-02 
5.91842E-02 -2.19037E-02 
5.94961E-02 -2.28881E-02 
6.05669E-02 -2.41093E-02 
6.28807E-02 -2.57890E-02 
6.55883E-02 -2.76537E-02 
6.70703E-02 -2.90611E-02 
4.59617E-02 1.88340E-03 
4.76499E-02 1.44614E-04 
4.72992E-02 -3.63433E-04 
4.89293E-02 -2.16171E-03 
5.04899E-02 -3.97030E-03 
5.19678E-02 -5.77257E-03 
5.33511E-02 -7.55259E-03 
5.43496E-02 -8.90505E-03 
5.46290E-02 -9.29535E-03 
5.58787E-02 -1.11171E-02 
5.69867E-02 -1.28649E-02 
5.79467E-02 -1.45267E-02 
5.87549E-02 -1.60928E-02 
5.91768E-02 -1.73849E-02 
5.96749E-02 -1.87319E-02 
6.00298E-02 -1.99797E-02 
6.02439E-02 -2.11256E-02 
6.03228E-02 -2.21689E-02 
6.02787E-02 -2.31121E-02 
6.01411E-02 -2.39649E-02 
5.99922E-02 -2.47583E-02 
6.00693E-02 -2.55878E-02 
6.09124E-02 -2.66831E-02 
6.29970E-02 -2.82773E-02 
6.54572E-02 -3.00545E-02 
6.66766E-02 -3.13166E-02 
4.94342E-02 -1.46259E-03 
5.11155E-02 -3.36106E-03 
5.07781E-02 -3.94084E-03 
5.23721E-02 -5.87051E-03 
5.38724E-02 -7.78436E-03 
5.52664E-02 -9.66500E-03 
5.65432E-02 -1.14962E-02 
5.74446E-02 -1.28696E-02 
5.76934E-02 -1.32630E-02 
5.87832E-02 -1.50811E-02 
5.97108E-02 -1.67961E-02 
6.04726E-02 -1.83977E-02 
6.10678E-02 -1.98788E-02 
6.12880E-02 -2.10735E-02 
6.15514E-02 -2.22926E-02 
6.16643E-02 -2.33961E-02 
6.16318E-02 -2.43839E-02 
6.14621E-02 -2.52580E-02 
6.11699E-02 -2.60236E-02 
6.07867E-02 -2.66937E-02 
6.03970E-02 -2.73042E-02 
6.02400E-02 -2.79608E-02 
6.08543E-02 -2.89116E-02 
6.27048E-02 -3.03986E-02 
6.49137E-02 -3.20664E-02 
6.58756E-02 -3.31682E-02 
5.29224E-02 -5.09852E-03 
5.45578E-02 -7.12357E-03 
5.42697E-02 -7.81723E-03 
5.57827E-02 -9.83609E-03 
5.71799E-02 -1.18129E-02 
5.84495E-02 -1.37296E-02 
5.95816E-02 -1.55699E-02 
6.03581E-02 -1.69320E-02 
6.05682E-02 -1.73192E-02 
6.14627E-02 -1.90896E-02 
6.21775E-02 -2.07286E-02 
6.27119E-02 -2.22285E-02 
6.30681E-02 -2.35851E-02 
6.30665E-02 -2.46486E-02 
6.30766E-02 -2.57052E-02 
6.29321E-02 -2.66322E-02 
6.26411E-02 -2.74324E-02 
6.22143E-02 -2.81108E-02 
6.16683E-02 -2.86754E-02 
6.10369E-02 -2.91422E-02 
6.04059E-02 -2.95517E-02 
6.00152E-02 -3.00191E-02 
6.03993E-02 -3.08083E-02 
6.20104E-02 -3.21680E-02 
6.39636E-02 -3.37064E-02 
6.46717E-02 -3.46343E-02 
5.62847E-02 -8.87361E-03 
5.78396E-02 -1.09908E-02 
5.76199E-02 -1.18240E-02 
5.90144E-02 -1.38913E-02 
6.02737E-02 -1.58910E-02 
6.13869E-02 -1.78046E-02 
6.23451E-02 -1.96157E-02 
6.29759E-02 -2.09377E-02 
6.31417E-02 -2.13103E-02 
6.38152E-02 -2.29942E-02 
6.42949E-02 -2.45204E-02 
6.45829E-02 -2.58835E-02 
6.46844E-02 -2.70826E-02 
6.44489E-02 -2.79870E-02 
6.41968E-02 -2.88541E-02 
6.37896E-02 -2.95803E-02 
6.32376E-02 -3.01718E-02 
6.25540E-02 -3.06363E-02 
6.17575E-02 -3.09845E-02 
6.08835E-02 -3.12355E-02 
6.00187E-02 -3.14341E-02 
5.94023E-02 -3.17032E-02 
5.95621E-02 -3.23204E-02 
6.09355E-02 -3.35385E-02 
6.26357E-02 -3.49330E-02 
6.31007E-02 -3.56804E-02 
5.94436E-02 -1.26941E-02 
6.08887E-02 -1.48717E-02 
6.07405E-02 -1.58551E-02 
6.19866E-02 -1.79350E-02 
6.30809E-02 -1.99230E-02 
6.40130E-02 -2.17998E-02 
6.47751E-02 -2.35490E-02 
6.52448E-02 -2.48062E-02 
6.53621E-02 -2.51571E-02 
6.57961E-02 -2.67217E-02 
6.60250E-02 -2.81036E-02 
6.60537E-02 -2.93007E-02 
6.58905E-02 -3.03151E-02 
6.54136E-02 -3.10366E-02 
6.48962E-02 -3.16929E-02 
6.42255E-02 -3.21998E-02 
6.34147E-02 -3.25666E-02 
6.24791E-02 -3.28040E-02 
6.14394E-02 -3.29257E-02 
6.03321E-02 -3.29534E-02 
5.92445E-02 -3.29356E-02 
5.84135E-02 -3.30020E-02 
5.83574E-02 -3.34408E-02 
5.94976E-02 -3.45063E-02 
6.09497E-02 -3.57459E-02 
6.11848E-02 -3.63097E-02 
6.23157E-02 -1.64540E-02 
6.36269E-02 -1.86634E-02 
6.35401E-02 -1.97929E-02 
6.46156E-02 -2.18554E-02 
6.55251E-02 -2.38024E-02 
6.62590E-02 -2.56143E-02 
6.68101E-02 -2.72744E-02 
6.71086E-02 -2.84466E-02 
6.71747E-02 -2.87700E-02 
6.73580E-02 -3.01886E-02 
6.73275E-02 -3.14014E-02 
6.70909E-02 -3.24091E-02 
6.66597E-02 -3.32180E-02 
6.59390E-02 -3.37382E-02 
6.51590E-02 -3.41687E-02 
6.42301E-02 -3.44439E-02 
6.31681E-02 -3.45763E-02 
6.19906E-02 -3.45800E-02 
6.07197E-02 -3.44709E-02 
5.93929E-02 -3.42734E-02 
5.80976E-02 -3.40394E-02 
5.70668E-02 -3.39038E-02 
5.68071E-02 -3.41623E-02 
5.77215E-02 -3.50685E-02 
5.89339E-02 -3.61462E-02 
5.89550E-02 -3.65278E-02 
6.48400E-02 -2.00695E-02 
6.59980E-02 -2.22851E-02 
6.59524E-02 -2.35456E-02 
6.68413E-02 -2.55653E-02 
6.75523E-02 -2.74471E-02 
6.80763E-02 -2.91707E-02 
6.84070E-02 -3.07196E-02 
6.85285E-02 -3.17903E-02 
6.85418E-02 -3.20817E-02 
6.84688E-02 -3.33329E-02 
6.81755E-02 -3.43566E-02 
6.76727E-02 -3.51574E-02 
6.69750E-02 -3.57451E-02 
6.60129E-02 -3.60505E-02 
6.49775E-02 -3.62457E-02 
6.38000E-02 -3.62821E-02 
6.24987E-02 -3.61760E-02 
6.10930E-02 -3.59441E-02 
5.96067E-02 -3.56052E-02 
5.80779E-02 -3.51858E-02 
5.65930E-02 -3.47404E-02 
5.53802E-02 -3.44078E-02 
5.49314E-02 -3.44882E-02 
5.56303E-02 -3.52317E-02 
5.66135E-02 -3.61440E-02 
5.64387E-02 -3.63484E-02 
6.69612E-02 -2.34570E-02 
6.79506E-02 -2.56558E-02 
6.79193E-02 -2.70231E-02 
6.86110E-02 -2.89788E-02 
6.91150E-02 -3.07754E-02 
6.94228E-02 -3.23919E-02 
6.95287E-02 -3.38118E-02 
6.94710E-02 -3.47681E-02 
6.94313E-02 -3.50237E-02 
6.91016E-02 -3.60912E-02 
6.85475E-02 -3.69116E-02 
6.77828E-02 -3.74931E-02 
6.68255E-02 -3.78500E-02 
6.56289E-02 -3.79324E-02 
6.43504E-02 -3.78887E-02 
6.29388E-02 -3.76855E-02 
6.14147E-02 -3.73425E-02 
5.97993E-02 -3.68794E-02 
5.81174E-02 -3.63172E-02 
5.64076E-02 -3.56846E-02 
5.47549E-02 -3.50379E-02 
5.33811E-02 -3.45181E-02 
5.27610E-02 -3.44268E-02 
5.32574E-02 -3.50083E-02 
5.40248E-02 -3.57557E-02 
5.36746E-02 -3.57921E-02 
6.86446E-02 -2.65534E-02 
6.94535E-02 -2.87146E-02 
6.94057E-02 -3.01587E-02 
6.98934E-02 -3.20325E-02 
7.01857E-02 -3.37269E-02 
7.02743E-02 -3.52206E-02 
7.01545E-02 -3.64970E-02 
6.99184E-02 -3.73287E-02 
6.98260E-02 -3.75458E-02 
6.92431E-02 -3.84176E-02 
6.84341E-02 -3.90247E-02 
6.74161E-02 -3.93795E-02 
6.62102E-02 -3.95009E-02 
6.47905E-02 -3.93574E-02 
6.32852E-02 -3.90767E-02 
6.16580E-02 -3.86384E-02 
5.99314E-02 -3.80657E-02 
5.81282E-02 -3.73808E-02 
5.62741E-02 -3.66071E-02 
5.44076E-02 -3.57748E-02 
5.26115E-02 -3.49414E-02 
5.11001E-02 -3.42485E-02 
5.03287E-02 -3.39958E-02 
5.06382E-02 -3.44197E-02 
5.12058E-02 -3.50062E-02 
5.07025E-02 -3.48871E-02 
6.98729E-02 -2.93142E-02 
7.04911E-02 -3.14182E-02 
7.03952E-02 -3.29060E-02 
7.06743E-02 -3.46818E-02 
7.07522E-02 -3.62593E-02 
7.06210E-02 -3.76166E-02 
7.02768E-02 -3.87375E-02 
6.98648E-02 -3.94366E-02 
6.97207E-02 -3.96129E-02 
6.88908E-02 -4.02801E-02 
6.78360E-02 -4.06679E-02 
6.65763E-02 -4.07928E-02 
6.51362E-02 -4.06784E-02 
6.35083E-02 -4.03109E-02 
6.17961E-02 -3.97997E-02 
5.99750E-02 -3.91358E-02 
5.80695E-02 -3.83452E-02 
5.61036E-02 -3.74530E-02 
5.41034E-02 -3.64841E-02 
5.21069E-02 -3.54698E-02 
5.01941E-02 -3.44682E-02 
4.85704E-02 -3.36197E-02 
4.76696E-02 -3.32193E-02 
4.78097E-02 -3.34933E-02 
4.81954E-02 -3.39264E-02 
4.75626E-02 -3.36672E-02 
7.06409E-02 -3.17043E-02 
7.10603E-02 -3.37327E-02 
7.08856E-02 -3.52299E-02 
7.09534E-02 -3.68932E-02 
7.08159E-02 -3.83404E-02 
7.04658E-02 -3.95494E-02 
6.99004E-02 -4.05048E-02 
6.93165E-02 -4.10649E-02 
6.91222E-02 -4.11990E-02 
6.80541E-02 -4.16559E-02 
6.67652E-02 -4.18217E-02 
6.52788E-02 -4.17177E-02 
6.36223E-02 -4.13720E-02 
6.18047E-02 -4.07872E-02 
5.99086E-02 -4.00571E-02 
5.79187E-02 -3.91818E-02 
5.58611E-02 -3.81905E-02 
5.37603E-02 -3.71099E-02 
5.16426E-02 -3.59664E-02 
4.95449E-02 -3.47920E-02 
4.75438E-02 -3.36443E-02 
4.58348E-02 -3.26613E-02 
4.48281E-02 -3.21300E-02 
4.48183E-02 -3.22651E-02 
4.50420E-02 -3.25556E-02 
4.43045E-02 -3.21743E-02 
7.09599E-02 -3.37142E-02 
7.11729E-02 -3.56492E-02 
7.08904E-02 -3.71218E-02 
7.07443E-02 -3.86582E-02 
7.03904E-02 -3.99620E-02 
6.98226E-02 -4.10114E-02 
6.90393E-02 -4.17920E-02 
6.82879E-02 -4.22076E-02 
6.80449E-02 -4.22981E-02 
6.67481E-02 -4.25406E-02 
6.52382E-02 -4.24843E-02 
6.35414E-02 -4.21549E-02 
6.16882E-02 -4.15856E-02 
5.97018E-02 -4.07936E-02 
5.76466E-02 -3.98596E-02 
5.55150E-02 -3.87909E-02 
5.33338E-02 -3.76191E-02 
5.11276E-02 -3.63724E-02 
4.89223E-02 -3.50780E-02 
4.67532E-02 -3.37679E-02 
4.46930E-02 -3.24986E-02 
4.29261E-02 -3.14040E-02 
4.18377E-02 -3.07607E-02 
4.16987E-02 -3.07702E-02 
4.17811E-02 -3.09310E-02 
4.09635E-02 -3.04472E-02 
7.08509E-02 -3.53229E-02 
7.08531E-02 -3.71482E-02 
7.04384E-02 -3.85645E-02 
7.00781E-02 -3.99617E-02 
6.95095E-02 -4.11112E-02 
6.87275E-02 -4.19919E-02 
6.77324E-02 -4.25911E-02 
6.68202E-02 -4.28593E-02 
6.65308E-02 -4.29057E-02 
6.50184E-02 -4.29340E-02 
6.33041E-02 -4.26599E-02 
6.14172E-02 -4.21142E-02 
5.93908E-02 -4.13346E-02 
5.72600E-02 -4.03514E-02 
5.50742E-02 -3.92339E-02 
5.28309E-02 -3.79951E-02 
5.05571E-02 -3.66681E-02 
4.82772E-02 -3.52822E-02 
4.60158E-02 -3.38646E-02 
4.38062E-02 -3.24468E-02 
4.17166E-02 -3.10833E-02 
3.99197E-02 -2.99028E-02 
3.87748E-02 -2.91689E-02 
3.85291E-02 -2.90694E-02 
3.84931E-02 -2.91169E-02 
3.76203E-02 -2.85522E-02 
7.03406E-02 -3.65653E-02 
7.01244E-02 -3.82637E-02 
6.95543E-02 -3.95933E-02 
6.89764E-02 -4.08365E-02 
6.81910E-02 -4.18183E-02 
6.71949E-02 -4.25189E-02 
6.59909E-02 -4.29280E-02 
6.49220E-02 -4.30441E-02 
6.45878E-02 -4.30455E-02 
6.28699E-02 -4.28578E-02 
6.09655E-02 -4.23690E-02 
5.89069E-02 -4.16149E-02 
5.67294E-02 -4.06376E-02 
5.44781E-02 -3.94791E-02 
5.21890E-02 -3.81983E-02 
4.98633E-02 -3.68125E-02 
4.75274E-02 -3.53558E-02 
4.52046E-02 -3.38574E-02 
4.29179E-02 -3.23441E-02 
4.06980E-02 -3.08461E-02 
3.86080E-02 -2.94154E-02 
3.68079E-02 -2.81740E-02 
3.56303E-02 -2.73708E-02 
3.52989E-02 -2.71786E-02 
3.51657E-02 -2.71287E-02 
3.42610E-02 -2.65037E-02 
6.94632E-02 -3.74413E-02 
6.90242E-02 -3.89970E-02 
6.82804E-02 -4.02129E-02 
6.74833E-02 -4.12892E-02 
6.64813E-02 -4.20918E-02 
6.52736E-02 -4.26031E-02 
6.38656E-02 -4.28157E-02 
6.26461E-02 -4.27773E-02 
6.22694E-02 -4.27335E-02 
6.03589E-02 -4.23316E-02 
5.82816E-02 -4.16353E-02 
5.60727E-02 -4.06852E-02 
5.37692E-02 -3.95275E-02 
5.14237E-02 -3.82140E-02 
4.90609E-02 -3.67944E-02 
4.66838E-02 -3.52888E-02 
4.43174E-02 -3.37309E-02 
4.19833E-02 -3.21497E-02 
3.97021E-02 -3.05705E-02 
3.75016E-02 -2.90217E-02 
3.54392E-02 -2.75520E-02 
3.36621E-02 -2.62756E-02 
3.24755E-02 -2.54254E-02 
3.20804E-02 -2.51590E-02 
3.18720E-02 -2.50297E-02 
3.09579E-02 -2.43658E-02 
6.82576E-02 -3.79736E-02 
6.75922E-02 -3.93722E-02 
6.66600E-02 -4.04504E-02 
6.56428E-02 -4.13475E-02 
6.44248E-02 -4.19601E-02 
6.30082E-02 -4.22737E-02 
6.14018E-02 -4.22847E-02 
6.00384E-02 -4.20904E-02 
5.96214E-02 -4.20014E-02 
5.75321E-02 -4.13890E-02 
5.53000E-02 -4.04943E-02 
5.29629E-02 -3.93628E-02 
5.05591E-02 -3.80441E-02 
4.81467E-02 -3.65981E-02 
4.57398E-02 -3.50659E-02 
4.33422E-02 -3.34689E-02 
4.09766E-02 -3.18398E-02 
3.86619E-02 -3.02060E-02 
3.64160E-02 -2.85909E-02 
3.42630E-02 -2.70204E-02 
3.22546E-02 -2.55393E-02 
3.05247E-02 -2.42535E-02 
2.93514E-02 -2.33784E-02 
2.89137E-02 -2.30564E-02 
2.86515E-02 -2.28661E-02 
2.77486E-02 -2.21837E-02 
6.67642E-02 -3.81893E-02 
6.58702E-02 -3.94176E-02 
6.47387E-02 -4.03377E-02 
6.35012E-02 -4.10444E-02 
6.20685E-02 -4.14574E-02 
6.04466E-02 -4.15660E-02 
5.86483E-02 -4.13715E-02 
5.71482E-02 -4.10211E-02 
5.66934E-02 -4.08874E-02 
5.44399E-02 -4.00700E-02 
5.20719E-02 -3.89880E-02 
4.96296E-02 -3.76916E-02 
4.71517E-02 -3.62333E-02 
4.46997E-02 -3.46789E-02 
4.22784E-02 -3.30615E-02 
3.98905E-02 -3.14024E-02 
3.75557E-02 -2.97322E-02 
3.52896E-02 -2.80758E-02 
3.31067E-02 -2.64542E-02 
3.10273E-02 -2.48902E-02 
2.90970E-02 -2.34242E-02 
2.74363E-02 -2.21530E-02 
2.62966E-02 -2.12741E-02 
2.58366E-02 -2.09151E-02 
2.55406E-02 -2.06821E-02 
2.46673E-02 -2.00001E-02 
6.50244E-02 -3.81185E-02 
6.39010E-02 -3.91649E-02 
6.25629E-02 -3.99097E-02 
6.11062E-02 -4.04161E-02 
5.94614E-02 -4.06215E-02 
5.76389E-02 -4.05198E-02 
5.56562E-02 -4.01177E-02 
5.40274E-02 -3.96126E-02 
5.35377E-02 -3.94350E-02 
5.11356E-02 -3.84201E-02 
4.86516E-02 -3.71639E-02 
4.61275E-02 -3.57210E-02 
4.36021E-02 -3.41461E-02 
4.11378E-02 -3.25086E-02 
3.87307E-02 -3.08341E-02 
3.63816E-02 -2.91421E-02 
3.41059E-02 -2.74605E-02 
3.19156E-02 -2.58108E-02 
2.98211E-02 -2.42107E-02 
2.78386E-02 -2.26796E-02 
2.60074E-02 -2.12531E-02 
2.44352E-02 -2.00186E-02 
2.33474E-02 -1.91557E-02 
2.28833E-02 -1.87775E-02 
2.25721E-02 -1.85191E-02 
2.17442E-02 -1.78548E-02 
6.30786E-02 -3.77923E-02 
6.17268E-02 -3.86475E-02 
6.01781E-02 -3.92031E-02 
5.85046E-02 -3.95015E-02 
5.66519E-02 -3.94932E-02 
5.46351E-02 -3.91776E-02 
5.24770E-02 -3.85682E-02 
5.07287E-02 -3.79112E-02 
5.02071E-02 -3.76911E-02 
4.76733E-02 -3.64885E-02 
4.50941E-02 -3.50734E-02 
4.25123E-02 -3.35041E-02 
3.99658E-02 -3.18366E-02 
3.75160E-02 -3.01420E-02 
3.51506E-02 -2.84384E-02 
3.28673E-02 -2.67424E-02 
3.06770E-02 -2.50779E-02 
2.85868E-02 -2.34624E-02 
2.66031E-02 -2.19097E-02 
2.47376E-02 -2.04355E-02 
2.30235E-02 -1.90703E-02 
2.15558E-02 -1.78924E-02 
2.05353E-02 -1.70631E-02 
2.00837E-02 -1.66822E-02 
1.97738E-02 -1.64145E-02 
1.90042E-02 -1.57828E-02 
6.09661E-02 -3.72426E-02 
5.93887E-02 -3.78992E-02 
5.76289E-02 -3.82555E-02 
5.57430E-02 -3.83403E-02 
5.36882E-02 -3.81146E-02 
5.14853E-02 -3.75843E-02 
4.91626E-02 -3.67701E-02 
4.73053E-02 -3.59661E-02 
4.67551E-02 -3.57055E-02 
4.41082E-02 -3.43275E-02 
4.14554E-02 -3.27707E-02 
3.88405E-02 -3.10968E-02 
3.62991E-02 -2.93619E-02 
3.38894E-02 -2.76365E-02 
3.15917E-02 -2.59311E-02 
2.93992E-02 -2.42586E-02 
2.73175E-02 -2.26379E-02 
2.53486E-02 -2.10816E-02 
2.34945E-02 -1.95996E-02 
2.17625E-02 -1.82033E-02 
2.01797E-02 -1.69183E-02 
1.88292E-02 -1.58135E-02 
1.78886E-02 -1.50331E-02 
1.74637E-02 -1.46644E-02 
1.71691E-02 -1.44019E-02 
1.64680E-02 -1.38151E-02 
5.87236E-02 -3.65009E-02 
5.69253E-02 -3.69538E-02 
5.49569E-02 -3.71039E-02 
5.28649E-02 -3.69718E-02 
5.06161E-02 -3.65278E-02 
4.82373E-02 -3.57847E-02 
4.57630E-02 -3.47712E-02 
4.38085E-02 -3.38272E-02 
4.32336E-02 -3.35285E-02 
4.04935E-02 -3.19900E-02 
3.77900E-02 -3.03111E-02 
3.51666E-02 -2.85557E-02 
3.26560E-02 -2.67791E-02 
3.03112E-02 -2.50490E-02 
2.81049E-02 -2.33682E-02 
2.60255E-02 -2.17449E-02 
2.40724E-02 -2.01920E-02 
2.22423E-02 -1.87173E-02 
2.05328E-02 -1.73257E-02 
1.89468E-02 -1.60249E-02 
1.75057E-02 -1.48353E-02 
1.62814E-02 -1.38171E-02 
1.54302E-02 -1.30981E-02 
1.50435E-02 -1.27544E-02 
1.47760E-02 -1.25094E-02 
1.41501E-02 -1.19769E-02 
5.63805E-02 -3.55953E-02 
5.43677E-02 -3.58415E-02 
5.21956E-02 -3.57813E-02 
4.99056E-02 -3.54316E-02 
4.74729E-02 -3.47707E-02 
4.49305E-02 -3.38194E-02 
4.23193E-02 -3.26146E-02 
4.02808E-02 -3.15396E-02 
3.96854E-02 -3.12060E-02 
3.68738E-02 -2.95244E-02 
3.41434E-02 -2.77447E-02 
3.15367E-02 -2.59324E-02 
2.90820E-02 -2.41402E-02 
2.68252E-02 -2.24307E-02 
2.47319E-02 -2.07995E-02 
2.27848E-02 -1.92487E-02 
2.09770E-02 -1.77851E-02 
1.92997E-02 -1.64106E-02 
1.77460E-02 -1.51259E-02 
1.63146E-02 -1.39343E-02 
1.50219E-02 -1.28518E-02 
1.39293E-02 -1.19302E-02 
1.31738E-02 -1.12821E-02 
1.28344E-02 -1.09738E-02 
1.26030E-02 -1.07565E-02 
1.20562E-02 -1.02851E-02 
5.39896E-02 -3.45636E-02 
5.17721E-02 -3.46043E-02 
4.94057E-02 -3.43347E-02 
4.69297E-02 -3.37713E-02 
4.43269E-02 -3.28999E-02 
4.16369E-02 -3.17497E-02 
3.89071E-02 -3.03666E-02 
3.68003E-02 -2.91731E-02 
3.61891E-02 -2.88085E-02 
3.33297E-02 -2.70053E-02 
3.05974E-02 -2.51491E-02 
2.80320E-02 -2.33056E-02 
2.56568E-02 -2.15238E-02 
2.35085E-02 -1.98592E-02 
2.15459E-02 -1.82998E-02 
1.97458E-02 -1.68412E-02 
1.80945E-02 -1.54835E-02 
1.65781E-02 -1.42232E-02 
1.51855E-02 -1.30564E-02 
1.39118E-02 -1.19827E-02 
1.27686E-02 -1.10139E-02 
1.18084E-02 -1.01942E-02 
1.11508E-02 -9.62283E-03 
1.08643E-02 -9.35743E-03 
1.06747E-02 -9.17500E-03 
1.02073E-02 -8.76759E-03 
5.15474E-02 -3.34189E-02 
4.91344E-02 -3.32548E-02 
4.65830E-02 -3.27771E-02 
4.39327E-02 -3.20038E-02 
4.11737E-02 -3.09285E-02 
3.83524E-02 -2.95896E-02 
3.55228E-02 -2.80419E-02 
3.33640E-02 -2.67431E-02 
3.27421E-02 -2.63518E-02 
2.98598E-02 -2.44494E-02 
2.71511E-02 -2.25419E-02 
2.46524E-02 -2.06935E-02 
2.23798E-02 -1.89479E-02 
2.03598E-02 -1.73515E-02 
1.85443E-02 -1.58844E-02 
1.69037E-02 -1.45355E-02 
1.54180E-02 -1.32980E-02 
1.40685E-02 -1.21629E-02 
1.28400E-02 -1.11223E-02 
1.17247E-02 -1.01723E-02 
1.07301E-02 -9.32104E-03 
9.90094E-03 -8.60627E-03 
9.34161E-03 -8.11500E-03 
9.11154E-03 -7.89774E-03 
8.96733E-03 -7.75515E-03 
8.57772E-03 -7.41278E-03 
4.90950E-02 -3.21924E-02 
4.64986E-02 -3.18279E-02 
4.37748E-02 -3.11473E-02 
4.09653E-02 -3.01723E-02 
3.80672E-02 -2.89042E-02 
3.51342E-02 -2.73909E-02 
3.22269E-02 -2.56969E-02 
3.00343E-02 -2.43089E-02 
2.94071E-02 -2.38961E-02 
2.65286E-02 -2.19205E-02 
2.38701E-02 -1.99892E-02 
2.14626E-02 -1.81630E-02 
1.93140E-02 -1.64787E-02 
1.74389E-02 -1.49715E-02 
1.57824E-02 -1.36139E-02 
1.43091E-02 -1.23878E-02 
1.29928E-02 -1.12797E-02 
1.18103E-02 -1.02757E-02 
1.07435E-02 -9.36405E-03 
9.78206E-03 -8.53847E-03 
8.93044E-03 -7.80384E-03 
8.22661E-03 -7.19247E-03 
7.76207E-03 -6.78105E-03 
7.58866E-03 -6.61410E-03 
7.49032E-03 -6.51335E-03 
7.17378E-03 -6.23378E-03 
4.66532E-02 -3.09058E-02 
4.38868E-02 -3.03472E-02 
4.10051E-02 -2.94716E-02 
3.80530E-02 -2.83053E-02 
3.50351E-02 -2.68582E-02 
3.20121E-02 -2.51879E-02 
2.90507E-02 -2.33683E-02 
2.68440E-02 -2.19097E-02 
2.62173E-02 -2.14811E-02 
2.33706E-02 -1.94605E-02 
2.07891E-02 -1.75341E-02 
1.84967E-02 -1.57575E-02 
1.64916E-02 -1.41582E-02 
1.47752E-02 -1.27591E-02 
1.32864E-02 -1.15250E-02 
1.19838E-02 -1.04307E-02 
1.08360E-02 -9.45664E-03 
9.81641E-03 -8.58475E-03 
8.90466E-03 -7.80062E-03 
8.08877E-03 -7.09582E-03 
7.37086E-03 -6.47303E-03 
6.78359E-03 -5.96014E-03 
6.40758E-03 -5.62527E-03 
6.28843E-03 -5.50801E-03 
6.23384E-03 -5.44844E-03 
5.98342E-03 -5.22696E-03 
4.42406E-02 -2.95789E-02 
4.13188E-02 -2.88342E-02 
3.82951E-02 -2.77734E-02 
3.52188E-02 -2.64287E-02 
3.21018E-02 -2.48189E-02 
2.90120E-02 -2.30116E-02 
2.60221E-02 -2.10901E-02 
2.38218E-02 -1.95811E-02 
2.32018E-02 -1.91427E-02 
2.04158E-02 -1.71074E-02 
1.79382E-02 -1.52157E-02 
1.57837E-02 -1.35156E-02 
1.39393E-02 -1.20235E-02 
1.23922E-02 -1.07485E-02 
1.10758E-02 -9.64789E-03 
9.94309E-03 -8.68998E-03 
8.95869E-03 -7.85009E-03 
8.09354E-03 -7.10691E-03 
7.32616E-03 -6.44429E-03 
6.64383E-03 -5.85266E-03 
6.04726E-03 -5.33333E-03 
5.56501E-03 -4.91084E-03 
5.26878E-03 -4.64640E-03 
5.19902E-03 -4.57560E-03 
5.18370E-03 -4.55403E-03 
4.99059E-03 -4.38376E-03 
4.18723E-02 -2.82285E-02 
3.88104E-02 -2.73074E-02 
3.56620E-02 -2.60732E-02 
3.24808E-02 -2.45649E-02 
2.92869E-02 -2.28108E-02 
2.61550E-02 -2.08889E-02 
2.31633E-02 -1.88912E-02 
2.09909E-02 -1.73536E-02 
2.03838E-02 -1.69120E-02 
1.76878E-02 -1.48935E-02 
1.53405E-02 -1.30667E-02 
1.33452E-02 -1.14690E-02 
1.16759E-02 -1.01041E-02 
1.03056E-02 -8.96603E-03 
9.16202E-03 -8.00485E-03 
8.19409E-03 -7.18337E-03 
7.36353E-03 -6.47299E-03 
6.64038E-03 -5.85062E-03 
6.00315E-03 -5.29947E-03 
5.43933E-03 -4.80983E-03 
4.94916E-03 -4.38247E-03 
4.55822E-03 -4.03965E-03 
4.33098E-03 -3.83711E-03 
4.30358E-03 -3.80715E-03 
4.32099E-03 -3.81816E-03 
4.17504E-03 -3.69055E-03 
3.95620E-02 -2.68702E-02 
3.63763E-02 -2.57837E-02 
3.31212E-02 -2.43896E-02 
2.98557E-02 -2.27343E-02 
2.66079E-02 -2.08563E-02 
2.34596E-02 -1.88438E-02 
2.04936E-02 -1.67976E-02 
1.83710E-02 -1.52544E-02 
1.77833E-02 -1.48165E-02 
1.52063E-02 -1.28473E-02 
1.30146E-02 -1.11152E-02 
1.11974E-02 -9.64425E-03 
9.71450E-03 -8.42328E-03 
8.52412E-03 -7.43090E-03 
7.54945E-03 -6.61052E-03 
6.73659E-03 -5.92066E-03 
6.04616E-03 -5.33052E-03 
5.44882E-03 -4.81679E-03 
4.92439E-03 -4.36340E-03 
4.46156E-03 -3.96147E-03 
4.06085E-03 -3.61205E-03 
3.74585E-03 -3.33604E-03 
3.57525E-03 -3.18491E-03 
3.58138E-03 -3.18810E-03 
3.62333E-03 -3.22436E-03 
3.51358E-03 -3.12968E-03 
3.73132E-02 -2.55125E-02 
3.40200E-02 -2.42722E-02 
3.06765E-02 -2.27324E-02 
2.73476E-02 -2.09478E-02 
2.40697E-02 -1.89674E-02 
2.09312E-02 -1.68899E-02 
1.80191E-02 -1.48240E-02 
1.59683E-02 -1.32990E-02 
1.54063E-02 -1.28719E-02 
1.29773E-02 -1.09847E-02 
1.09651E-02 -9.37632E-03 
9.34264E-03 -8.05449E-03 
8.05388E-03 -6.99102E-03 
7.04274E-03 -6.14900E-03 
6.22890E-03 -5.46621E-03 
5.55742E-03 -4.89863E-03 
4.98990E-03 -4.41534E-03 
4.49936E-03 -3.99461E-03 
4.06827E-03 -3.62246E-03 
3.68739E-03 -3.29184E-03 
3.35825E-03 -3.00478E-03 
3.10319E-03 -2.78149E-03 
2.97605E-03 -2.67006E-03 
3.00566E-03 -2.69717E-03 
3.06282E-03 -2.74996E-03 
2.97821E-03 -2.67804E-03 
3.51481E-02 -2.41749E-02 
3.17645E-02 -2.27941E-02 
2.83519E-02 -2.11247E-02 
2.49810E-02 -1.92301E-02 
2.16972E-02 -1.71706E-02 
1.85948E-02 -1.50551E-02 
1.57641E-02 -1.29993E-02 
1.38064E-02 -1.15162E-02 
1.32761E-02 -1.11068E-02 
1.10213E-02 -9.33319E-03 
9.20885E-03 -7.87477E-03 
7.79270E-03 -6.71981E-03 
6.69984E-03 -5.82159E-03 
5.86099E-03 -5.12829E-03 
5.19385E-03 -4.57356E-03 
4.64478E-03 -4.11318E-03 
4.17869E-03 -3.71852E-03 
3.77281E-03 -3.37142E-03 
3.41344E-03 -3.06131E-03 
3.09421E-03 -2.78374E-03 
2.81808E-03 -2.54226E-03 
2.60657E-03 -2.35680E-03 
2.50929E-03 -2.27248E-03 
2.55145E-03 -2.31313E-03 
2.61384E-03 -2.37274E-03 
2.54371E-03 -2.31348E-03 
3.30635E-02 -2.28606E-02 
2.96063E-02 -2.13527E-02 
2.61433E-02 -1.95698E-02 
2.27519E-02 -1.75850E-02 
1.94859E-02 -1.54699E-02 
1.64457E-02 -1.33435E-02 
1.37235E-02 -1.13275E-02 
1.18794E-02 -9.91010E-03 
1.13866E-02 -9.52513E-03 
9.33071E-03 -7.89532E-03 
7.73528E-03 -6.61041E-03 
6.53284E-03 -5.63596E-03 
5.63261E-03 -4.90541E-03 
4.95391E-03 -4.35349E-03 
4.41460E-03 -3.91185E-03 
3.96520E-03 -3.53906E-03 
3.57655E-03 -3.21157E-03 
3.23194E-03 -2.91673E-03 
2.92254E-03 -2.64855E-03 
2.64528E-03 -2.40578E-03 
2.40473E-03 -2.19366E-03 
2.22166E-03 -2.03189E-03 
2.14140E-03 -1.96250E-03 
2.18526E-03 -2.00602E-03 
2.24309E-03 -2.06268E-03 
2.17819E-03 -2.00710E-03 
3.10648E-02 -2.15776E-02 
2.75505E-02 -1.99562E-02 
2.40558E-02 -1.80767E-02 
2.06649E-02 -1.60216E-02 
1.74402E-02 -1.38748E-02 
1.44875E-02 -1.17648E-02 
1.18997E-02 -9.81801E-03 
1.01884E-02 -8.48900E-03 
9.73833E-03 -8.13495E-03 
7.90253E-03 -6.67642E-03 
6.53665E-03 -5.58410E-03 
5.54911E-03 -4.79758E-03 
4.83116E-03 -4.22972E-03 
4.29346E-03 -3.80429E-03 
3.85708E-03 -3.45406E-03 
3.48024E-03 -3.14412E-03 
3.14258E-03 -2.85908E-03 
2.83511E-03 -2.59370E-03 
2.55455E-03 -2.34738E-03 
2.30119E-03 -2.12221E-03 
2.08091E-03 -1.92488E-03 
1.91330E-03 -1.77439E-03 
1.83882E-03 -1.70899E-03 
1.87427E-03 -1.74519E-03 
1.91868E-03 -1.78981E-03 
1.85197E-03 -1.73089E-03 
2.91551E-02 -2.03318E-02 
2.55998E-02 -1.86109E-02 
2.20917E-02 -1.66515E-02 
1.87217E-02 -1.45465E-02 
1.55611E-02 -1.23918E-02 
1.27201E-02 -1.03250E-02 
1.02908E-02 -8.47581E-03 
8.72946E-03 -7.25652E-03 
8.32668E-03 -6.93924E-03 
6.72805E-03 -5.67571E-03 
5.59820E-03 -4.78917E-03 
4.81908E-03 -4.19011E-03 
4.26445E-03 -3.77081E-03 
3.84034E-03 -3.44794E-03 
3.47514E-03 -3.15974E-03 
3.13925E-03 -2.88257E-03 
2.82428E-03 -2.61265E-03 
2.53036E-03 -2.35378E-03 
2.25981E-03 -2.11099E-03 
2.01562E-03 -1.88910E-03 
1.80411E-03 -1.69542E-03 
1.64261E-03 -1.54713E-03 
1.56548E-03 -1.47732E-03 
1.58426E-03 -1.49759E-03 
1.60840E-03 -1.52288E-03 
1.53608E-03 -1.45672E-03 
2.73364E-02 -1.91281E-02 
2.37558E-02 -1.73217E-02 
2.02520E-02 -1.52992E-02 
1.69226E-02 -1.31643E-02 
1.38475E-02 -1.10251E-02 
1.11408E-02 -9.02746E-03 
8.89205E-03 -7.30266E-03 
7.49535E-03 -6.21233E-03 
7.14352E-03 -5.93691E-03 
5.79373E-03 -4.88700E-03 
4.89887E-03 -4.21185E-03 
4.31214E-03 -3.78979E-03 
3.89106E-03 -3.49330E-03 
3.54235E-03 -3.23736E-03 
3.20775E-03 -2.97196E-03 
2.87590E-03 -2.69119E-03 
2.55408E-03 -2.40705E-03 
2.25241E-03 -2.13346E-03 
1.97776E-03 -1.88013E-03 
1.73404E-03 -1.65292E-03 
1.52611E-03 -1.45781E-03 
1.36719E-03 -1.30827E-03 
1.28355E-03 -1.23008E-03 
1.28075E-03 -1.22902E-03 
1.28130E-03 -1.23105E-03 
1.20422E-03 -1.15836E-03 
2.56093E-02 -1.79699E-02 
2.20185E-02 -1.60918E-02 
1.85357E-02 -1.40229E-02 
1.52656E-02 -1.18778E-02 
1.22964E-02 -9.77665E-03 
9.74466E-03 -7.87289E-03 
7.69555E-03 -6.29697E-03 
6.47522E-03 -5.35214E-03 
6.17694E-03 -5.12266E-03 
5.08117E-03 -4.29861E-03 
4.41106E-03 -3.83097E-03 
3.98844E-03 -3.56245E-03 
3.65601E-03 -3.34684E-03 
3.32847E-03 -3.10486E-03 
2.97065E-03 -2.80850E-03 
2.59894E-03 -2.47980E-03 
2.24106E-03 -2.15164E-03 
1.91653E-03 -1.84779E-03 
1.63330E-03 -1.57924E-03 
1.39219E-03 -1.34884E-03 
1.19320E-03 -1.15779E-03 
1.04258E-03 -1.01284E-03 
9.55965E-04 -9.29627E-04 
9.32481E-04 -9.07588E-04 
9.11922E-04 -8.88293E-04 
8.37406E-04 -8.16321E-04 
2.39730E-02 -1.68596E-02 
2.03863E-02 -1.49233E-02 
1.69405E-02 -1.28240E-02 
1.37473E-02 -1.06876E-02 
1.09026E-02 -8.64629E-03 
8.52436E-03 -6.85945E-03 
6.69087E-03 -5.45418E-03 
5.65511E-03 -4.66809E-03 
5.41174E-03 -4.48741E-03 
4.56748E-03 -3.89368E-03 
4.10028E-03 -3.61748E-03 
3.79587E-03 -3.46032E-03 
3.48278E-03 -3.25769E-03 
3.09556E-03 -2.94833E-03 
2.64116E-03 -2.54616E-03 
2.17997E-03 -2.11825E-03 
1.76459E-03 -1.72343E-03 
1.41846E-03 -1.38996E-03 
1.14179E-03 -1.12124E-03 
9.24618E-04 -9.09250E-04 
7.56789E-04 -7.44927E-04 
6.33980E-04 -6.24481E-04 
5.58846E-04 -5.50779E-04 
5.24884E-04 -5.17553E-04 
4.94592E-04 -4.87893E-04 
4.37723E-04 -4.31966E-04 
2.24277E-02 -1.57995E-02 
1.88586E-02 -1.38182E-02 
1.54646E-02 -1.17042E-02 
1.23644E-02 -9.59469E-03 
9.66095E-03 -7.63338E-03 
7.47220E-03 -5.98435E-03 
5.86648E-03 -4.76801E-03 
5.01928E-03 -4.14978E-03 
4.83067E-03 -4.01927E-03 
4.22589E-03 -3.65047E-03 
3.92330E-03 -3.53229E-03 
3.66190E-03 -3.41342E-03 
3.25719E-03 -3.11192E-03 
2.69047E-03 -2.61240E-03 
2.05016E-03 -2.01159E-03 
1.46334E-03 -1.44561E-03 
1.00236E-03 -9.94690E-04 
6.75165E-04 -6.72006E-04 
4.55748E-04 -4.54504E-04 
3.11893E-04 -3.11425E-04 
2.17897E-04 -2.17728E-04 
1.57091E-04 -1.57033E-04 
1.19651E-04 -1.19631E-04 
9.69927E-05 -9.69862E-05 
7.84703E-05 -7.84683E-05 
5.91900E-05 -5.91895E-05 
---
