PdfType: replica
Format: lhagrid1
---
1.00000E-06 1.28121E-06 1.64152E-06 2.10317E-06 2.69463E-06 3.45242E-06 4.42329E-06 5.66715E-06 7.26076E-06 9.30241E-06 1.19180E-05 1.52689E-05 1.95617E-05 2.50609E-05 3.21053E-05 4.11287E-05 5.26863E-05 6.74889E-05 8.64459E-05 1.10720E-04 1.41800E-04 1.81585E-04 2.32503E-04 2.97652E-04 3.80981E-04 4.87518E-04 6.26039E-04 8.00452E-04 1.02297E-03 1.30657E-03 1.66759E-03 2.12729E-03 2.71054E-03 3.44865E-03 4.37927E-03 5.54908E-03 7.01192E-03 8.83064E-03 1.10763E-02 1.38266E-02 1.71641E-02 2.11717E-02 2.59364E-02 3.15062E-02 3.79623E-02 4.53425E-02 5.36750E-02 6.29705E-02 7.32221E-02 8.44039E-02 9.64793E-02 1.09332E-01 1.23067E-01 1.37507E-01 1.52639E-01 1.68416E-01 1.84794E-01 2.01731E-01 2.19016E-01 2.36948E-01 2.55242E-01 2.73927E-01 2.92954E-01 3.12340E-01 3.32036E-01 3.52019E-01 3.72282E-01 3.92772E-01 4.13533E-01 4.34326E-01 4.55495E-01 4.76836E-01 4.98342E-01 5.20006E-01 5.41818E-01 5.63773E-01 5.85861E-01 6.08077E-01 6.30459E-01 6.52800E-01 6.75387E-01 6.98063E-01 7.20830E-01 7.43683E-01 7.66623E-01 7.89636E-01 8.12791E-01 8.35940E-01 8.59175E-01 8.82485E-01 9.05866E-01 9.29311E-01 9.52817E-01 9.76387E-01 1.00000E+00 
1.14018E+00 1.22539E+00 1.32482E+00 1.44156E+00 1.57954E+00 1.74381E+00 1.94091E+00 2.12132E+00 2.17945E+00 2.49622E+00 2.89383E+00 3.39925E+00 4.05063E+00 4.90286E+00 6.03623E+00 7.57063E+00 9.68869E+00 1.26749E+01 1.69835E+01 2.33578E+01 3.30501E+01 4.82334E+01 7.28041E+01 1.13998E+02 1.85779E+02 3.16228E+02 
908 909 
-2.72281E-05 5.77491E-06 
-2.77045E-05 5.77211E-06 
-2.90962E-05 3.93787E-06 
-3.00858E-05 3.30198E-06 
-3.12379E-05 2.50582E-06 
-3.25979E-05 1.49915E-06 
-3.42271E-05 2.25100E-07 
-3.57220E-05 -9.83916E-07 
-3.62047E-05 -1.37927E-06 
-3.88426E-05 -3.55800E-06 
-4.21577E-05 -6.29210E-06 
-4.63412E-05 -9.67824E-06 
-5.16231E-05 -1.38163E-05 
-6.06063E-05 -1.88051E-05 
-7.09414E-05 -2.50306E-05 
-8.35253E-05 -3.23009E-05 
-9.88034E-05 -4.07372E-05 
-1.17306E-04 -5.04715E-05 
-1.39695E-04 -6.16711E-05 
-1.66935E-04 -7.46379E-05 
-2.00934E-04 -9.01956E-05 
-2.46847E-04 -1.11016E-04 
-3.18418E-04 -1.44382E-04 
-4.36635E-04 -2.00162E-04 
-5.99421E-04 -2.73236E-04 
-7.72301E-04 -3.42101E-04 
-2.89319E-05 9.41822E-06 
-2.91929E-05 9.16701E-06 
-3.05738E-05 6.79938E-06 
-3.14841E-05 5.89153E-06 
-3.25849E-05 4.81014E-06 
-3.39302E-05 3.50032E-06 
-3.55913E-05 1.90071E-06 
-3.71503E-05 4.21809E-07 
-3.76594E-05 -5.56950E-08 
-4.04767E-05 -2.64765E-06 
-4.40755E-05 -5.83305E-06 
-4.86691E-05 -9.71058E-06 
-5.45122E-05 -1.43805E-05 
-6.43732E-05 -1.97812E-05 
-7.57684E-05 -2.65599E-05 
-8.96424E-05 -3.44165E-05 
-1.06474E-04 -4.34681E-05 
-1.26832E-04 -5.38413E-05 
-1.51424E-04 -6.56982E-05 
-1.81284E-04 -7.93449E-05 
-2.18486E-04 -9.56500E-05 
-2.68682E-04 -1.17475E-04 
-3.46965E-04 -1.52621E-04 
-4.76257E-04 -2.11540E-04 
-6.53831E-04 -2.88405E-04 
-8.41419E-04 -3.59970E-04 
-2.75945E-05 1.06057E-05 
-2.77696E-05 1.01835E-05 
-2.93617E-05 7.38475E-06 
-3.03245E-05 6.27806E-06 
-3.15092E-05 4.98477E-06 
-3.29794E-05 3.44510E-06 
-3.48174E-05 1.59316E-06 
-3.65575E-05 -9.89159E-08 
-3.71278E-05 -6.41967E-07 
-4.02968E-05 -3.56762E-06 
-4.43620E-05 -7.12367E-06 
-4.95604E-05 -1.14098E-05 
-5.61720E-05 -1.65256E-05 
-6.71208E-05 -2.22153E-05 
-7.98045E-05 -2.94434E-05 
-9.52112E-05 -3.77755E-05 
-1.13854E-04 -4.73233E-05 
-1.36339E-04 -5.82055E-05 
-1.63421E-04 -7.05775E-05 
-1.96208E-04 -8.47479E-05 
-2.36947E-04 -1.01632E-04 
-2.91826E-04 -1.24290E-04 
-3.77396E-04 -1.61064E-04 
-5.18657E-04 -2.22991E-04 
-7.12134E-04 -3.03452E-04 
-9.15411E-04 -3.77362E-04 
-2.44666E-05 1.00667E-05 
-2.46750E-05 9.56095E-06 
-2.66737E-05 6.43237E-06 
-2.78094E-05 5.20807E-06 
-2.92012E-05 3.78330E-06 
-3.09228E-05 2.09328E-06 
-3.30693E-05 6.76893E-08 
-3.50961E-05 -1.77708E-06 
-3.57594E-05 -2.36802E-06 
-3.94367E-05 -5.54309E-06 
-4.41349E-05 -9.38458E-06 
-5.01158E-05 -1.39920E-05 
-5.76861E-05 -1.94628E-05 
-6.99080E-05 -2.53118E-05 
-8.40880E-05 -3.28794E-05 
-1.01248E-04 -4.15697E-05 
-1.21937E-04 -5.14865E-05 
-1.46797E-04 -6.27387E-05 
-1.76632E-04 -7.54724E-05 
-2.12624E-04 -8.99969E-05 
-2.57207E-04 -1.07274E-04 
-3.17148E-04 -1.30568E-04 
-4.10580E-04 -1.68775E-04 
-5.64738E-04 -2.33504E-04 
-7.75270E-04 -3.17268E-04 
-9.95207E-04 -3.93079E-04 
-2.06869E-05 8.61195E-06 
-2.10259E-05 8.11020E-06 
-2.35923E-05 4.74273E-06 
-2.50009E-05 3.48174E-06 
-2.67017E-05 2.00487E-06 
-2.87802E-05 2.42397E-07 
-3.13452E-05 -1.88016E-06 
-3.37482E-05 -3.81880E-06 
-3.45314E-05 -4.44047E-06 
-3.88505E-05 -7.78294E-06 
-4.43252E-05 -1.18266E-05 
-5.12436E-05 -1.66692E-05 
-5.99400E-05 -2.24042E-05 
-7.35906E-05 -2.82802E-05 
-8.94488E-05 -3.60754E-05 
-1.08557E-04 -4.50031E-05 
-1.31498E-04 -5.51569E-05 
-1.58954E-04 -6.66332E-05 
-1.91774E-04 -7.95656E-05 
-2.31219E-04 -9.42615E-05 
-2.79922E-04 -1.11728E-04 
-3.45279E-04 -1.35435E-04 
-4.47141E-04 -1.74833E-04 
-6.15141E-04 -2.42081E-04 
-8.43892E-04 -3.28752E-04 
-1.08144E-03 -4.05924E-04 
-1.71647E-05 7.02222E-06 
-1.77052E-05 6.60666E-06 
-2.09667E-05 3.07826E-06 
-2.27242E-05 1.85720E-06 
-2.48123E-05 4.02870E-07 
-2.73294E-05 -1.35915E-06 
-3.03997E-05 -3.50699E-06 
-3.32502E-05 -5.48438E-06 
-3.41750E-05 -6.12064E-06 
-3.92452E-05 -9.55301E-06 
-4.56164E-05 -1.37191E-05 
-5.36038E-05 -1.87132E-05 
-6.35704E-05 -2.46227E-05 
-7.87755E-05 -3.03897E-05 
-9.64684E-05 -3.82984E-05 
-1.17693E-04 -4.73387E-05 
-1.43067E-04 -5.75911E-05 
-1.73310E-04 -6.91362E-05 
-2.09318E-04 -8.20921E-05 
-2.52433E-04 -9.67608E-05 
-3.05501E-04 -1.14191E-04 
-3.76599E-04 -1.38058E-04 
-4.87443E-04 -1.78355E-04 
-6.70232E-04 -2.47753E-04 
-9.18368E-04 -3.36828E-04 
-1.17442E-03 -4.14717E-04 
-1.45365E-05 5.98817E-06 
-1.53229E-05 5.73408E-06 
-1.93784E-05 2.11249E-06 
-2.15378E-05 1.00301E-06 
-2.40682E-05 -3.59282E-07 
-2.70832E-05 -2.05298E-06 
-3.07237E-05 -4.15905E-06 
-3.40769E-05 -6.12321E-06 
-3.51603E-05 -6.75876E-06 
-4.10689E-05 -1.02068E-05 
-4.84351E-05 -1.44173E-05 
-5.76026E-05 -1.94791E-05 
-6.89632E-05 -2.54713E-05 
-8.58214E-05 -3.09860E-05 
-1.05482E-04 -3.88884E-05 
-1.28968E-04 -4.79083E-05 
-1.56931E-04 -5.81098E-05 
-1.90126E-04 -6.95545E-05 
-2.29497E-04 -8.23409E-05 
-2.76469E-04 -9.67617E-05 
-3.34115E-04 -1.13903E-04 
-4.11249E-04 -1.37638E-04 
-5.31606E-04 -1.78485E-04 
-7.30123E-04 -2.49572E-04 
-9.98789E-04 -3.40425E-04 
-1.27420E-03 -4.18273E-04 
-1.31698E-05 6.08923E-06 
-1.42228E-05 6.06597E-06 
-1.91515E-05 2.41510E-06 
-2.17449E-05 1.48560E-06 
-2.47531E-05 2.81774E-07 
-2.83061E-05 -1.27836E-06 
-3.25636E-05 -3.27749E-06 
-3.64610E-05 -5.17720E-06 
-3.77161E-05 -5.79681E-06 
-4.45328E-05 -9.18550E-06 
-5.29756E-05 -1.33600E-05 
-6.34177E-05 -1.84009E-05 
-7.62799E-05 -2.43764E-05 
-9.48662E-05 -2.94824E-05 
-1.16609E-04 -3.72474E-05 
-1.42480E-04 -4.60996E-05 
-1.73165E-04 -5.60834E-05 
-2.09455E-04 -6.72372E-05 
-2.52339E-04 -7.96359E-05 
-3.03327E-04 -9.35583E-05 
-3.65733E-04 -1.10123E-04 
-4.49168E-04 -1.33387E-04 
-5.79541E-04 -1.74365E-04 
-7.94704E-04 -2.46574E-04 
-1.08501E-03 -3.38446E-04 
-1.38054E-03 -4.15363E-04 
-1.31974E-05 7.80008E-06 
-1.45178E-05 8.07396E-06 
-2.03877E-05 4.46297E-06 
-2.34306E-05 3.78205E-06 
-2.69361E-05 2.80372E-06 
-3.10525E-05 1.44379E-06 
-3.59598E-05 -3.80698E-07 
-4.04331E-05 -2.16179E-06 
-4.18704E-05 -2.74919E-06 
-4.96516E-05 -5.99737E-06 
-5.92406E-05 -1.00466E-05 
-7.10398E-05 -1.49668E-05 
-8.54993E-05 -2.08121E-05 
-1.05869E-04 -2.53317E-05 
-1.29789E-04 -3.28100E-05 
-1.58153E-04 -4.13259E-05 
-1.91675E-04 -5.08998E-05 
-2.31182E-04 -6.15429E-05 
-2.77704E-04 -7.33019E-05 
-3.32838E-04 -8.64365E-05 
-4.00155E-04 -1.02090E-04 
-4.90121E-04 -1.24489E-04 
-6.30981E-04 -1.65101E-04 
-8.63670E-04 -2.37746E-04 
-1.17667E-03 -3.29725E-04 
-1.49301E-03 -4.04677E-04 
-1.45650E-05 1.15157E-05 
-1.61383E-05 1.21540E-05 
-2.30146E-05 8.66829E-06 
-2.65098E-05 8.30918E-06 
-3.05203E-05 7.62878E-06 
-3.52149E-05 6.54223E-06 
-4.07953E-05 4.96807E-06 
-4.58692E-05 3.36719E-06 
-4.74969E-05 2.83066E-06 
-5.62908E-05 -1.82840E-07 
-6.70872E-05 -4.00189E-06 
-8.03181E-05 -8.68256E-06 
-9.64619E-05 -1.42621E-05 
-1.18650E-04 -1.79891E-05 
-1.44833E-04 -2.50054E-05 
-1.75779E-04 -3.29865E-05 
-2.12236E-04 -4.19247E-05 
-2.55059E-04 -5.17993E-05 
-3.05320E-04 -6.26239E-05 
-3.64702E-04 -7.46333E-05 
-4.37045E-04 -8.89866E-05 
-5.33733E-04 -1.10061E-04 
-6.85507E-04 -1.49716E-04 
-9.36557E-04 -2.21972E-04 
-1.27322E-03 -3.12975E-04 
-1.61093E-03 -3.84763E-04 
-1.70838E-05 1.75879E-05 
-1.88837E-05 1.86636E-05 
-2.68362E-05 1.54172E-05 
-3.07767E-05 1.54628E-05 
-3.52916E-05 1.51635E-05 
-4.05716E-05 1.44357E-05 
-4.68421E-05 1.32017E-05 
-5.25370E-05 1.18550E-05 
-5.43626E-05 1.13919E-05 
-6.42116E-05 8.72749E-06 
-7.62713E-05 5.26693E-06 
-9.10026E-05 9.71232E-07 
-1.08911E-04 -4.17679E-06 
-1.32936E-04 -6.86736E-06 
-1.61450E-04 -1.32128E-05 
-1.95054E-04 -2.04228E-05 
-2.34523E-04 -2.84573E-05 
-2.80740E-04 -3.72586E-05 
-3.34813E-04 -4.68023E-05 
-3.98512E-04 -5.72919E-05 
-4.75957E-04 -6.98922E-05 
-5.79510E-04 -8.91035E-05 
-7.42575E-04 -1.27105E-04 
-1.01275E-03 -1.97991E-04 
-1.37397E-03 -2.86740E-04 
-1.73348E-03 -3.53987E-04 
-2.04787E-05 2.63685E-05 
-2.24704E-05 2.79652E-05 
-3.15772E-05 2.51140E-05 
-3.59490E-05 2.56622E-05 
-4.09615E-05 2.58437E-05 
-4.68294E-05 2.55784E-05 
-5.38027E-05 2.47947E-05 
-6.01363E-05 2.37937E-05 
-6.21661E-05 2.34320E-05 
-7.31090E-05 2.12590E-05 
-8.64837E-05 1.83165E-05 
-1.02779E-04 1.45861E-05 
-1.22524E-04 1.00739E-05 
-1.48383E-04 8.70866E-06 
-1.79282E-04 3.28485E-06 
-2.15603E-04 -2.87193E-06 
-2.58141E-04 -9.68390E-06 
-3.07802E-04 -1.70519E-05 
-3.65728E-04 -2.49076E-05 
-4.33771E-04 -3.34167E-05 
-5.16346E-04 -4.37371E-05 
-6.26855E-04 -6.04595E-05 
-8.01518E-04 -9.59902E-05 
-1.09150E-03 -1.64349E-04 
-1.47802E-03 -2.49350E-04 
-1.85959E-03 -3.10477E-04 
-2.44272E-05 3.82536E-05 
-2.65689E-05 4.04704E-05 
-3.69197E-05 3.82270E-05 
-4.17022E-05 3.93960E-05 
-4.72004E-05 4.01799E-05 
-5.36542E-05 4.05051E-05 
-6.13396E-05 4.03089E-05 
-6.83266E-05 3.97677E-05 
-7.05663E-05 3.95423E-05 
-8.26378E-05 3.80383E-05 
-9.73740E-05 3.58126E-05 
-1.15289E-04 3.28705E-05 
-1.36935E-04 2.92452E-05 
-1.64601E-04 2.95469E-05 
-1.97920E-04 2.53444E-05 
-2.36991E-04 2.05770E-05 
-2.82626E-04 1.53648E-05 
-3.35750E-04 9.85386E-06 
-3.97528E-04 4.16187E-06 
-4.69895E-04 -1.83162E-06 
-5.57572E-04 -9.26348E-06 
-6.75054E-04 -2.27735E-05 
-8.61539E-04 -5.48822E-05 
-1.17189E-03 -1.19357E-04 
-1.58431E-03 -1.98873E-04 
-1.98800E-03 -2.52087E-04 
-2.85876E-05 5.37276E-05 
-3.08312E-05 5.66844E-05 
-4.25260E-05 5.53331E-05 
-4.76919E-05 5.72664E-05 
-5.36580E-05 5.88023E-05 
-6.06909E-05 5.98761E-05 
-6.90926E-05 6.04376E-05 
-7.67442E-05 6.04982E-05 
-7.91982E-05 6.04526E-05 
-9.24266E-05 5.98380E-05 
-1.08562E-04 5.85741E-05 
-1.28143E-04 5.66939E-05 
-1.51738E-04 5.42605E-05 
-1.81150E-04 5.66304E-05 
-2.16901E-04 5.40052E-05 
-2.58726E-04 5.10240E-05 
-3.07453E-04 4.78547E-05 
-3.64013E-04 4.46955E-05 
-4.29592E-04 4.17189E-05 
-5.06202E-04 3.88577E-05 
-5.98878E-04 3.50129E-05 
-7.23267E-04 2.55452E-05 
-9.21692E-04 -2.04163E-06 
-1.25283E-03 -6.10555E-05 
-1.69156E-03 -1.33083E-04 
-2.11718E-03 -1.76361E-04 
-3.26144E-05 7.34064E-05 
-3.49044E-05 7.72485E-05 
-4.80506E-05 7.71617E-05 
-5.35639E-05 8.00336E-05 
-5.99723E-05 8.25039E-05 
-6.75699E-05 8.45207E-05 
-7.66846E-05 8.60494E-05 
-8.50054E-05 8.68864E-05 
-8.76762E-05 8.70739E-05 
-1.02079E-04 8.76187E-05 
-1.19639E-04 8.76155E-05 
-1.40913E-04 8.71282E-05 
-1.66485E-04 8.62530E-05 
-1.97541E-04 9.11577E-05 
-2.35699E-04 9.05282E-05 
-2.80246E-04 8.97979E-05 
-3.32010E-04 8.91873E-05 
-3.91927E-04 8.89518E-05 
-4.61193E-04 8.93247E-05 
-5.41888E-04 9.03003E-05 
-6.39373E-04 9.08371E-05 
-7.70498E-04 8.63567E-05 
-9.80851E-04 6.45530E-05 
-1.33303E-03 1.28197E-05 
-1.79822E-03 -4.94275E-05 
-2.24530E-03 -8.04980E-05 
-3.61602E-05 9.80766E-05 
-3.84315E-05 1.02979E-04 
-5.31379E-05 1.04636E-04 
-5.89503E-05 1.08656E-04 
-6.57641E-05 1.12281E-04 
-7.39003E-05 1.15477E-04 
-8.37126E-05 1.18227E-04 
-9.26968E-05 1.20052E-04 
-9.55835E-05 1.20538E-04 
-1.11160E-04 1.22568E-04 
-1.30149E-04 1.24185E-04 
-1.53119E-04 1.25486E-04 
-1.80662E-04 1.26603E-04 
-2.13206E-04 1.34579E-04 
-2.53707E-04 1.36432E-04 
-3.00889E-04 1.38490E-04 
-3.55581E-04 1.41033E-04 
-4.18706E-04 1.44376E-04 
-4.91463E-04 1.48820E-04 
-5.75994E-04 1.54430E-04 
-6.77990E-04 1.60244E-04 
-8.15550E-04 1.61817E-04 
-1.03766E-03 1.47231E-04 
-1.41090E-03 1.04861E-04 
-1.90242E-03 5.49996E-05 
-2.37016E-03 3.86593E-05 
-3.88665E-05 1.28732E-04 
-4.10415E-05 1.34905E-04 
-5.74085E-05 1.38909E-04 
-6.34548E-05 1.44326E-04 
-7.06201E-05 1.49370E-04 
-7.92520E-05 1.54028E-04 
-8.97278E-05 1.58305E-04 
-9.93537E-05 1.61372E-04 
-1.02450E-04 1.62232E-04 
-1.19175E-04 1.66138E-04 
-1.39565E-04 1.69799E-04 
-1.64197E-04 1.73353E-04 
-1.93666E-04 1.76970E-04 
-2.27473E-04 1.88627E-04 
-2.70193E-04 1.93523E-04 
-3.19863E-04 1.98987E-04 
-3.77296E-04 2.05359E-04 
-4.43396E-04 2.13024E-04 
-5.19350E-04 2.22354E-04 
-6.07355E-04 2.33492E-04 
-7.13432E-04 2.45583E-04 
-8.56976E-04 2.54400E-04 
-1.09048E-03 2.48650E-04 
-1.48454E-03 2.18007E-04 
-2.00189E-03 1.83467E-04 
-2.48908E-03 1.84640E-04 
-4.03435E-05 1.66610E-04 
-4.23272E-05 1.74302E-04 
-6.04339E-05 1.81404E-04 
-6.66262E-05 1.88511E-04 
-7.40661E-05 1.95286E-04 
-8.31260E-05 2.01740E-04 
-9.42047E-05 2.07905E-04 
-1.04428E-04 2.12513E-04 
-1.07722E-04 2.13839E-04 
-1.25533E-04 2.20075E-04 
-1.47254E-04 2.26279E-04 
-1.73465E-04 2.32625E-04 
-2.04754E-04 2.39327E-04 
-2.39516E-04 2.55350E-04 
-2.84262E-04 2.63927E-04 
-3.36191E-04 2.73495E-04 
-3.96088E-04 2.84462E-04 
-4.64826E-04 2.97283E-04 
-5.43565E-04 3.12405E-04 
-6.34546E-04 3.30062E-04 
-7.44121E-04 3.49535E-04 
-8.93014E-04 3.66916E-04 
-1.13730E-03 3.71811E-04 
-1.55162E-03 3.55556E-04 
-2.09390E-03 3.39620E-04 
-2.59887E-03 3.61347E-04 
-4.01398E-05 2.13223E-04 
-4.18150E-05 2.22729E-04 
-6.17021E-05 2.33846E-04 
-6.79220E-05 2.42983E-04 
-7.55283E-05 2.51853E-04 
-8.49155E-05 2.60494E-04 
-9.65001E-05 2.68967E-04 
-1.07245E-04 2.75464E-04 
-1.10714E-04 2.77362E-04 
-1.29499E-04 2.86458E-04 
-1.52426E-04 2.95777E-04 
-1.80070E-04 3.05535E-04 
-2.13001E-04 3.15988E-04 
-2.48303E-04 3.37137E-04 
-2.94797E-04 3.50112E-04 
-3.48658E-04 3.64569E-04 
-4.10632E-04 3.80984E-04 
-4.81545E-04 3.99886E-04 
-5.62516E-04 4.21803E-04 
-6.55816E-04 4.47069E-04 
-7.68123E-04 4.75132E-04 
-9.21515E-04 5.02522E-04 
-1.17572E-03 5.20064E-04 
-1.60933E-03 5.21166E-04 
-2.17512E-03 5.27469E-04 
-2.69567E-03 5.73039E-04 
-3.77049E-05 2.70393E-04 
-3.89260E-05 2.82057E-04 
-6.05733E-05 2.98294E-04 
-6.66635E-05 3.09854E-04 
-7.42873E-05 3.21239E-04 
-8.38575E-05 3.32517E-04 
-9.58033E-05 3.43784E-04 
-1.06955E-04 3.52570E-04 
-1.10564E-04 3.55160E-04 
-1.30148E-04 3.67722E-04 
-1.54083E-04 3.80807E-04 
-1.82930E-04 3.94677E-04 
-2.17235E-04 4.09631E-04 
-2.52540E-04 4.36735E-04 
-3.00397E-04 4.54912E-04 
-3.55745E-04 4.75128E-04 
-4.19278E-04 4.97934E-04 
-4.91754E-04 5.23934E-04 
-5.74237E-04 5.53740E-04 
-6.69011E-04 5.87795E-04 
-7.83073E-04 6.25755E-04 
-9.39863E-04 6.64720E-04 
-1.20278E-03 6.97103E-04 
-1.65427E-03 7.18842E-04 
-2.24157E-03 7.51374E-04 
-2.77489E-03 8.24303E-04 
-3.23431E-05 3.40289E-04 
-3.29292E-05 3.54511E-04 
-5.62274E-05 3.77183E-04 
-6.19819E-05 3.91612E-04 
-6.94229E-05 4.05992E-04 
-7.89761E-05 4.20422E-04 
-9.10777E-05 4.35034E-04 
-1.02470E-04 4.46562E-04 
-1.06168E-04 4.49983E-04 
-1.26294E-04 4.66694E-04 
-1.50951E-04 4.84278E-04 
-1.80672E-04 5.03043E-04 
-2.15971E-04 5.23332E-04 
-2.50592E-04 5.57287E-04 
-2.99304E-04 5.81549E-04 
-3.55557E-04 6.08482E-04 
-4.19973E-04 6.38710E-04 
-4.93229E-04 6.72913E-04 
-5.76311E-04 7.11790E-04 
-6.71498E-04 7.55901E-04 
-7.86091E-04 8.05150E-04 
-9.44889E-04 8.57366E-04 
-1.21493E-03 9.06970E-04 
-1.68235E-03 9.52934E-04 
-2.28847E-03 1.01602E-03 
-2.83106E-03 1.12003E-03 
-2.31621E-05 4.25450E-04 
-2.28894E-05 4.42694E-04 
-4.76040E-05 4.73340E-04 
-5.27569E-05 4.91143E-04 
-5.97507E-05 5.09056E-04 
-6.90178E-05 5.27218E-04 
-8.09943E-05 5.45795E-04 
-9.23958E-05 5.60575E-04 
-9.61137E-05 5.64980E-04 
-1.16427E-04 5.86601E-04 
-1.41409E-04 6.09498E-04 
-1.71555E-04 6.34022E-04 
-2.07334E-04 6.60563E-04 
-2.40414E-04 7.02318E-04 
-2.89326E-04 7.33631E-04 
-3.45738E-04 7.68321E-04 
-4.10182E-04 8.07083E-04 
-4.83231E-04 8.50675E-04 
-5.65776E-04 8.99879E-04 
-6.60066E-04 9.55382E-04 
-7.73687E-04 1.01738E-03 
-9.32769E-04 1.08462E-03 
-1.20792E-03 1.15399E-03 
-1.68868E-03 1.22805E-03 
-2.31015E-03 1.32634E-03 
-2.85771E-03 1.46527E-03 
-9.01331E-06 5.28830E-04 
-7.60654E-06 5.49631E-04 
-3.33327E-05 5.90030E-04 
-3.75457E-05 6.11767E-04 
-4.37501E-05 6.33817E-04 
-5.23775E-05 6.56355E-04 
-6.38558E-05 6.79586E-04 
-7.49592E-05 6.98181E-04 
-7.86029E-05 7.03739E-04 
-9.86301E-05 7.31111E-04 
-1.23408E-04 7.60211E-04 
-1.53386E-04 7.91437E-04 
-1.88977E-04 8.25224E-04 
-2.19459E-04 8.75768E-04 
-2.67746E-04 9.15173E-04 
-3.23383E-04 9.58735E-04 
-3.86790E-04 1.00722E-03 
-4.58417E-04 1.06145E-03 
-5.39032E-04 1.12230E-03 
-6.30833E-04 1.19058E-03 
-7.41659E-04 1.26685E-03 
-8.98925E-04 1.35093E-03 
-1.17665E-03 1.44274E-03 
-1.66745E-03 1.54904E-03 
-2.29988E-03 1.68745E-03 
-2.84724E-03 1.86524E-03 
1.15738E-05 6.53830E-04 
1.44516E-05 6.78798E-04 
-1.16551E-05 7.30967E-04 
-1.45032E-05 7.57258E-04 
-1.94828E-05 7.84109E-04 
-2.70156E-05 8.11733E-04 
-3.75121E-05 8.40372E-04 
-4.79178E-05 8.63396E-04 
-5.13654E-05 8.70292E-04 
-7.04908E-05 9.04327E-04 
-9.43828E-05 9.40595E-04 
-1.23433E-04 9.79537E-04 
-1.57983E-04 1.02163E-03 
-1.84586E-04 1.08197E-03 
-2.31229E-04 1.13058E-03 
-2.84940E-04 1.18419E-03 
-3.46008E-04 1.24364E-03 
-4.14733E-04 1.30982E-03 
-4.91735E-04 1.38366E-03 
-5.79133E-04 1.46613E-03 
-6.84985E-04 1.55818E-03 
-8.37907E-04 1.66096E-03 
-1.11512E-03 1.77798E-03 
-1.61181E-03 1.92087E-03 
-2.24979E-03 2.10449E-03 
-2.79079E-03 2.32504E-03 
4.04660E-05 8.04321E-04 
4.52249E-05 8.34157E-04 
1.96644E-05 9.00337E-04 
1.87079E-05 9.31856E-04 
1.54989E-05 9.64229E-04 
9.63552E-06 9.97708E-04 
7.34702E-07 1.03257E-03 
-8.46528E-06 1.06069E-03 
-1.15622E-05 1.06912E-03 
-2.90052E-05 1.11080E-03 
-5.11504E-05 1.15526E-03 
-7.83177E-05 1.20299E-03 
-1.10767E-04 1.25452E-03 
-1.31957E-04 1.32565E-03 
-1.75713E-04 1.38462E-03 
-2.26103E-04 1.44951E-03 
-2.83257E-04 1.52121E-03 
-3.47301E-04 1.60064E-03 
-4.18681E-04 1.68883E-03 
-4.99406E-04 1.78688E-03 
-5.97701E-04 1.89619E-03 
-7.43275E-04 2.01948E-03 
-1.01621E-03 2.16452E-03 
-1.51372E-03 2.34847E-03 
-2.15068E-03 2.58250E-03 
-2.67810E-03 2.84958E-03 
8.00105E-05 9.84674E-04 
8.71472E-05 1.02017E-03 
6.34383E-05 1.10279E-03 
6.50188E-05 1.14026E-03 
6.42553E-05 1.17893E-03 
6.07761E-05 1.21909E-03 
5.42362E-05 1.26104E-03 
4.68753E-05 1.29495E-03 
4.43218E-05 1.30513E-03 
2.95318E-05 1.35548E-03 
1.01995E-05 1.40921E-03 
-1.39107E-05 1.46686E-03 
-4.29638E-05 1.52897E-03 
-5.69234E-05 1.61184E-03 
-9.62973E-05 1.68237E-03 
-1.41691E-04 1.75979E-03 
-1.93051E-04 1.84500E-03 
-2.50301E-04 1.93900E-03 
-3.13684E-04 2.04285E-03 
-3.85063E-04 2.15778E-03 
-4.72774E-04 2.28573E-03 
-6.07464E-04 2.43125E-03 
-8.71660E-04 2.60705E-03 
-1.36383E-03 2.83654E-03 
-1.99191E-03 3.12614E-03 
-2.49735E-03 3.44318E-03 
1.34078E-04 1.20340E-03 
1.44243E-04 1.24556E-03 
1.24243E-04 1.34749E-03 
1.29201E-04 1.39179E-03 
1.31765E-04 1.43769E-03 
1.31604E-04 1.48551E-03 
1.28423E-04 1.53559E-03 
1.23726E-04 1.57613E-03 
1.21966E-04 1.58831E-03 
1.11086E-04 1.64855E-03 
9.59401E-05 1.71283E-03 
7.63918E-05 1.78171E-03 
5.23876E-05 1.85578E-03 
4.79468E-05 1.95143E-03 
1.48454E-05 2.03493E-03 
-2.34380E-05 2.12631E-03 
-6.66354E-05 2.22653E-03 
-1.14438E-04 2.33657E-03 
-1.66851E-04 2.45753E-03 
-2.25549E-04 2.59079E-03 
-2.98909E-04 2.73889E-03 
-4.18327E-04 2.90851E-03 
-6.68236E-04 3.11816E-03 
-1.14749E-03 3.39838E-03 
-1.75703E-03 3.74946E-03 
-2.23025E-03 4.12023E-03 
2.04635E-04 1.45913E-03 
2.18510E-04 1.50884E-03 
2.04562E-04 1.63238E-03 
2.13791E-04 1.68421E-03 
2.20630E-04 1.73807E-03 
2.24803E-04 1.79433E-03 
2.26075E-04 1.85335E-03 
2.24946E-04 1.90116E-03 
2.24255E-04 1.91552E-03 
2.18666E-04 1.98658E-03 
2.09211E-04 2.06236E-03 
1.95868E-04 2.14344E-03 
1.78707E-04 2.23043E-03 
1.86116E-04 2.33937E-03 
1.61305E-04 2.43678E-03 
1.32380E-04 2.54307E-03 
9.98463E-05 2.65919E-03 
6.42721E-05 2.78609E-03 
2.59154E-05 2.92489E-03 
-1.66713E-05 3.07711E-03 
-7.18185E-05 3.24592E-03 
-1.71407E-04 3.44044E-03 
-4.01041E-04 3.68568E-03 
-8.58873E-04 4.01989E-03 
-1.43923E-03 4.43596E-03 
-1.86965E-03 4.86179E-03 
2.96830E-04 1.76083E-03 
3.15283E-04 1.81920E-03 
3.10498E-04 1.96677E-03 
3.25112E-04 2.02693E-03 
3.37412E-04 2.08962E-03 
3.47184E-04 2.15519E-03 
3.54266E-04 2.22407E-03 
3.57824E-04 2.27989E-03 
3.58542E-04 2.29666E-03 
3.59945E-04 2.37959E-03 
3.58031E-04 2.46793E-03 
3.52902E-04 2.56229E-03 
3.44772E-04 2.66329E-03 
3.66849E-04 2.78595E-03 
3.52788E-04 2.89832E-03 
3.35954E-04 3.02053E-03 
3.17121E-04 3.15347E-03 
2.97141E-04 3.29807E-03 
2.76568E-04 3.45540E-03 
2.54223E-04 3.62709E-03 
2.21921E-04 3.81705E-03 
1.47607E-04 4.03713E-03 
-5.46278E-05 4.31967E-03 
-4.80978E-04 4.71136E-03 
-1.01960E-03 5.19612E-03 
-1.39485E-03 5.67809E-03 
4.16009E-04 2.11466E-03 
4.40083E-04 2.18287E-03 
4.48435E-04 2.35658E-03 
4.69744E-04 2.42586E-03 
4.88898E-04 2.49819E-03 
5.05761E-04 2.57396E-03 
5.20251E-04 2.65357E-03 
5.29815E-04 2.71809E-03 
5.32341E-04 2.73748E-03 
5.42734E-04 2.83327E-03 
5.50523E-04 2.93516E-03 
5.55956E-04 3.04377E-03 
5.59404E-04 3.15971E-03 
5.99339E-04 3.29623E-03 
5.98883E-04 3.42441E-03 
5.97307E-04 3.56329E-03 
5.95676E-04 3.71368E-03 
5.95158E-04 3.87642E-03 
5.96626E-04 4.05249E-03 
5.99213E-04 4.24366E-03 
5.94997E-04 4.45459E-03 
5.52123E-04 4.70022E-03 
3.85425E-04 5.02102E-03 
2.13091E-06 5.47281E-03 
-4.80451E-04 6.02882E-03 
-7.86724E-04 6.56661E-03 
5.68608E-04 2.52701E-03 
5.99552E-04 2.60631E-03 
6.26026E-04 2.80762E-03 
6.55549E-04 2.88679E-03 
6.83182E-04 2.96954E-03 
7.08872E-04 3.05628E-03 
7.32631E-04 3.14745E-03 
7.49734E-04 3.22130E-03 
7.54533E-04 3.24347E-03 
7.76235E-04 3.35298E-03 
7.96236E-04 3.46926E-03 
8.14945E-04 3.59291E-03 
8.32911E-04 3.72452E-03 
8.94278E-04 3.87457E-03 
9.10721E-04 4.01912E-03 
9.28043E-04 4.17506E-03 
9.47630E-04 4.34308E-03 
9.70979E-04 4.52386E-03 
9.99311E-04 4.71828E-03 
1.03211E-03 4.92817E-03 
1.06185E-03 5.15908E-03 
1.05733E-03 5.42931E-03 
9.35359E-04 5.78833E-03 
6.08285E-04 6.30161E-03 
1.97884E-04 6.92990E-03 
-2.42517E-05 7.52136E-03 
7.62631E-04 3.00501E-03 
8.01954E-04 3.09672E-03 
8.52721E-04 3.32617E-03 
8.92225E-04 3.41591E-03 
9.30222E-04 3.50978E-03 
9.66760E-04 3.60821E-03 
1.00195E-03 3.71161E-03 
1.02838E-03 3.79531E-03 
1.03599E-03 3.82043E-03 
1.07169E-03 3.94434E-03 
1.10681E-03 4.07562E-03 
1.14194E-03 4.21484E-03 
1.17782E-03 4.36254E-03 
1.26462E-03 4.52526E-03 
1.30177E-03 4.68630E-03 
1.34219E-03 4.85918E-03 
1.38760E-03 5.04439E-03 
1.43985E-03 5.24241E-03 
1.50051E-03 5.45395E-03 
1.56948E-03 5.68091E-03 
1.63974E-03 5.92974E-03 
1.68129E-03 6.22250E-03 
1.61440E-03 6.61837E-03 
1.35845E-03 7.19297E-03 
1.03836E-03 7.89265E-03 
9.16971E-04 8.53350E-03 
1.00686E-03 3.55384E-03 
1.05635E-03 3.65924E-03 
1.13880E-03 3.91594E-03 
1.19028E-03 4.01678E-03 
1.24077E-03 4.12230E-03 
1.29044E-03 4.23291E-03 
1.33952E-03 4.34901E-03 
1.37728E-03 4.44288E-03 
1.38831E-03 4.47103E-03 
1.44106E-03 4.60970E-03 
1.49459E-03 4.75623E-03 
1.54969E-03 4.91111E-03 
1.60733E-03 5.07478E-03 
1.72388E-03 5.24854E-03 
1.78605E-03 5.42554E-03 
1.85429E-03 5.61446E-03 
1.93066E-03 5.81554E-03 
2.01738E-03 6.02898E-03 
2.11639E-03 6.25529E-03 
2.22799E-03 6.49637E-03 
2.34590E-03 6.75970E-03 
2.44187E-03 7.07134E-03 
2.44136E-03 7.50092E-03 
2.27293E-03 8.13444E-03 
2.06290E-03 8.90188E-03 
2.05979E-03 9.58502E-03 
1.31176E-03 4.17841E-03 
1.37355E-03 4.29866E-03 
1.49637E-03 4.57983E-03 
1.56205E-03 4.69211E-03 
1.62745E-03 4.80958E-03 
1.69283E-03 4.93261E-03 
1.75855E-03 5.06158E-03 
1.80992E-03 5.16568E-03 
1.82506E-03 5.19686E-03 
1.89830E-03 5.35020E-03 
1.97395E-03 5.51172E-03 
2.05303E-03 5.68176E-03 
2.13675E-03 5.86062E-03 
2.28773E-03 6.04289E-03 
2.37976E-03 6.23444E-03 
2.48110E-03 6.43751E-03 
2.59417E-03 6.65200E-03 
2.72150E-03 6.87778E-03 
2.86543E-03 7.11508E-03 
3.02669E-03 7.36585E-03 
3.19985E-03 7.63860E-03 
3.35918E-03 7.96368E-03 
3.43723E-03 8.42170E-03 
3.37416E-03 9.10904E-03 
3.29547E-03 9.93749E-03 
3.42891E-03 1.06527E-02 
1.68908E-03 4.88163E-03 
1.76569E-03 5.01764E-03 
1.93877E-03 5.31816E-03 
2.02115E-03 5.44194E-03 
2.10412E-03 5.57132E-03 
2.18808E-03 5.70663E-03 
2.27352E-03 5.84819E-03 
2.34104E-03 5.96220E-03 
2.36107E-03 5.99630E-03 
2.45865E-03 6.16363E-03 
2.56057E-03 6.33915E-03 
2.66812E-03 6.52304E-03 
2.78274E-03 6.71537E-03 
2.97304E-03 6.90253E-03 
3.10034E-03 7.10607E-03 
3.24062E-03 7.32009E-03 
3.39664E-03 7.54411E-03 
3.57125E-03 7.77758E-03 
3.76710E-03 8.02044E-03 
3.98541E-03 8.27462E-03 
4.22178E-03 8.54976E-03 
4.45375E-03 8.88073E-03 
4.62320E-03 9.35943E-03 
4.68442E-03 1.00923E-02 
4.75943E-03 1.09712E-02 
5.04788E-03 1.17048E-02 
2.15255E-03 5.66492E-03 
2.24698E-03 5.81724E-03 
2.48133E-03 6.12916E-03 
2.58317E-03 6.26412E-03 
2.68668E-03 6.40496E-03 
2.79241E-03 6.55192E-03 
2.90103E-03 6.70523E-03 
2.98754E-03 6.82834E-03 
3.01331E-03 6.86508E-03 
3.13953E-03 7.04490E-03 
3.27238E-03 7.23252E-03 
3.41340E-03 7.42789E-03 
3.56430E-03 7.63079E-03 
3.79906E-03 7.81791E-03 
3.96759E-03 8.02943E-03 
4.15322E-03 8.24962E-03 
4.35897E-03 8.47753E-03 
4.58797E-03 8.71218E-03 
4.84314E-03 8.95315E-03 
5.12616E-03 9.20241E-03 
5.43387E-03 9.47074E-03 
5.74798E-03 9.79769E-03 
6.02208E-03 1.02865E-02 
6.22741E-03 1.10530E-02 
6.47923E-03 1.19678E-02 
6.94088E-03 1.27023E-02 
2.71672E-03 6.52532E-03 
2.83246E-03 6.69385E-03 
3.13978E-03 7.00606E-03 
3.26408E-03 7.15136E-03 
3.39138E-03 7.30258E-03 
3.52241E-03 7.45986E-03 
3.65799E-03 7.62330E-03 
3.76664E-03 7.75399E-03 
3.79910E-03 7.79290E-03 
3.95872E-03 7.98260E-03 
4.12762E-03 8.17919E-03 
4.30760E-03 8.38230E-03 
4.50065E-03 8.59135E-03 
4.78504E-03 8.77200E-03 
5.00125E-03 8.98571E-03 
5.23904E-03 9.20536E-03 
5.50163E-03 9.42947E-03 
5.79234E-03 9.65663E-03 
6.11431E-03 9.88605E-03 
6.46962E-03 1.01198E-02 
6.85657E-03 1.03697E-02 
7.26198E-03 1.06802E-02 
7.65383E-03 1.11655E-02 
8.02316E-03 1.19499E-02 
8.47468E-03 1.28813E-02 
9.12646E-03 1.35957E-02 
3.39723E-03 7.45555E-03 
3.53837E-03 7.63931E-03 
3.93050E-03 7.93739E-03 
4.08054E-03 8.09147E-03 
4.23521E-03 8.25122E-03 
4.39539E-03 8.41659E-03 
4.56210E-03 8.58749E-03 
4.69632E-03 8.72339E-03 
4.73653E-03 8.76371E-03 
4.93474E-03 8.95932E-03 
5.14528E-03 9.16020E-03 
5.37019E-03 9.36559E-03 
5.61170E-03 9.57451E-03 
5.95078E-03 9.74063E-03 
6.22149E-03 9.94865E-03 
6.51849E-03 1.01588E-02 
6.84515E-03 1.03692E-02 
7.20486E-03 1.05778E-02 
7.60083E-03 1.07837E-02 
8.03555E-03 1.09889E-02 
8.50897E-03 1.12066E-02 
9.01404E-03 1.14858E-02 
9.53596E-03 1.19510E-02 
1.00885E-02 1.27331E-02 
1.07615E-02 1.36576E-02 
1.16181E-02 1.43273E-02 
4.21024E-03 8.44268E-03 
4.38148E-03 8.63946E-03 
4.86962E-03 8.90582E-03 
5.04899E-03 9.06623E-03 
5.23490E-03 9.23160E-03 
5.42843E-03 9.40166E-03 
5.63083E-03 9.57606E-03 
5.79437E-03 9.71368E-03 
5.84345E-03 9.75432E-03 
6.08590E-03 9.95015E-03 
6.34409E-03 1.01488E-02 
6.62028E-03 1.03490E-02 
6.91688E-03 1.05493E-02 
7.31536E-03 1.06911E-02 
7.64750E-03 1.08833E-02 
8.01077E-03 1.10727E-02 
8.40850E-03 1.12570E-02 
8.84402E-03 1.14338E-02 
9.32051E-03 1.16018E-02 
9.84077E-03 1.17633E-02 
1.04066E-02 1.19328E-02 
1.10183E-02 1.21635E-02 
1.16810E-02 1.25892E-02 
1.24343E-02 1.33453E-02 
1.33482E-02 1.42351E-02 
1.44208E-02 1.48328E-02 
5.17164E-03 9.46696E-03 
5.37832E-03 9.67300E-03 
5.97205E-03 9.88745E-03 
6.18460E-03 1.00506E-02 
6.40597E-03 1.02174E-02 
6.63742E-03 1.03873E-02 
6.88038E-03 1.05596E-02 
7.07727E-03 1.06941E-02 
7.13643E-03 1.07336E-02 
7.42912E-03 1.09219E-02 
7.74126E-03 1.11096E-02 
8.07529E-03 1.12949E-02 
8.43372E-03 1.14759E-02 
8.89568E-03 1.15819E-02 
9.29600E-03 1.17456E-02 
9.73213E-03 1.19007E-02 
1.02072E-02 1.20442E-02 
1.07244E-02 1.21736E-02 
1.12866E-02 1.22875E-02 
1.18969E-02 1.23884E-02 
1.25592E-02 1.24922E-02 
1.32820E-02 1.26558E-02 
1.40939E-02 1.30204E-02 
1.50626E-02 1.37236E-02 
1.62330E-02 1.45475E-02 
1.75284E-02 1.50444E-02 
6.29643E-03 1.05015E-02 
6.54447E-03 1.07111E-02 
7.25065E-03 1.08519E-02 
7.50057E-03 1.10127E-02 
7.76192E-03 1.11751E-02 
8.03616E-03 1.13383E-02 
8.32490E-03 1.15012E-02 
8.55936E-03 1.16263E-02 
8.62987E-03 1.16626E-02 
8.97898E-03 1.18335E-02 
9.35150E-03 1.19991E-02 
9.74988E-03 1.21574E-02 
1.01766E-02 1.23060E-02 
1.07052E-02 1.23633E-02 
1.11798E-02 1.24838E-02 
1.16944E-02 1.25887E-02 
1.22519E-02 1.26750E-02 
1.28549E-02 1.27400E-02 
1.35061E-02 1.27822E-02 
1.42085E-02 1.28046E-02 
1.49686E-02 1.28243E-02 
1.58043E-02 1.29015E-02 
1.67701E-02 1.31824E-02 
1.79647E-02 1.38033E-02 
1.94023E-02 1.45282E-02 
2.09214E-02 1.48954E-02 
7.59746E-03 1.15119E-02 
7.89327E-03 1.17173E-02 
8.71490E-03 1.17624E-02 
9.00665E-03 1.19141E-02 
9.31278E-03 1.20645E-02 
9.63490E-03 1.22125E-02 
9.97478E-03 1.23566E-02 
1.02511E-02 1.24643E-02 
1.03342E-02 1.24951E-02 
1.07459E-02 1.26362E-02 
1.11850E-02 1.27666E-02 
1.16538E-02 1.28835E-02 
1.21548E-02 1.29844E-02 
1.27517E-02 1.29790E-02 
1.33053E-02 1.30397E-02 
1.39025E-02 1.30773E-02 
1.45455E-02 1.30888E-02 
1.52362E-02 1.30714E-02 
1.59767E-02 1.30240E-02 
1.67704E-02 1.29501E-02 
1.76261E-02 1.28681E-02 
1.85725E-02 1.28400E-02 
1.96928E-02 1.30148E-02 
2.11185E-02 1.35237E-02 
2.28275E-02 1.41160E-02 
2.45645E-02 1.43264E-02 
9.08699E-03 1.24585E-02 
9.43738E-03 1.26495E-02 
1.03728E-02 1.25782E-02 
1.07111E-02 1.27123E-02 
1.10671E-02 1.28412E-02 
1.14423E-02 1.29634E-02 
1.18388E-02 1.30771E-02 
1.21612E-02 1.31579E-02 
1.22582E-02 1.31803E-02 
1.27383E-02 1.32773E-02 
1.32496E-02 1.33569E-02 
1.37941E-02 1.34162E-02 
1.43739E-02 1.34523E-02 
1.50392E-02 1.33699E-02 
1.56750E-02 1.33532E-02 
1.63567E-02 1.33057E-02 
1.70856E-02 1.32245E-02 
1.78629E-02 1.31071E-02 
1.86900E-02 1.29530E-02 
1.95704E-02 1.27663E-02 
2.05156E-02 1.25664E-02 
2.15661E-02 1.24165E-02 
2.28365E-02 1.24641E-02 
2.44927E-02 1.28322E-02 
2.64706E-02 1.32597E-02 
2.84129E-02 1.32897E-02 
1.07642E-02 1.32914E-02 
1.11757E-02 1.34556E-02 
1.22173E-02 1.32512E-02 
1.26068E-02 1.33572E-02 
1.30173E-02 1.34534E-02 
1.34506E-02 1.35376E-02 
1.39083E-02 1.36077E-02 
1.42805E-02 1.36509E-02 
1.43924E-02 1.36615E-02 
1.49456E-02 1.36985E-02 
1.55332E-02 1.37108E-02 
1.61568E-02 1.36955E-02 
1.68179E-02 1.36495E-02 
1.75492E-02 1.34764E-02 
1.82672E-02 1.33653E-02 
1.90319E-02 1.32160E-02 
1.98435E-02 1.30259E-02 
2.07023E-02 1.27932E-02 
2.16089E-02 1.25182E-02 
2.25668E-02 1.22057E-02 
2.35906E-02 1.18759E-02 
2.47336E-02 1.15916E-02 
2.61436E-02 1.14953E-02 
2.80218E-02 1.16972E-02 
3.02570E-02 1.19323E-02 
3.23841E-02 1.17646E-02 
1.26381E-02 1.39663E-02 
1.31171E-02 1.40893E-02 
1.42523E-02 1.37393E-02 
1.46977E-02 1.38051E-02 
1.51674E-02 1.38553E-02 
1.56631E-02 1.38875E-02 
1.61865E-02 1.38995E-02 
1.66114E-02 1.38932E-02 
1.67390E-02 1.38886E-02 
1.73689E-02 1.38486E-02 
1.80355E-02 1.37763E-02 
1.87399E-02 1.36688E-02 
1.94826E-02 1.35236E-02 
2.02752E-02 1.32474E-02 
2.10727E-02 1.30259E-02 
2.19157E-02 1.27596E-02 
2.28035E-02 1.24468E-02 
2.37350E-02 1.20864E-02 
2.47100E-02 1.16796E-02 
2.57321E-02 1.12322E-02 
2.68195E-02 1.07648E-02 
2.80389E-02 1.03379E-02 
2.95731E-02 1.00850E-02 
3.16593E-02 1.00996E-02 
3.41342E-02 1.01192E-02 
3.64196E-02 9.74276E-03 
1.47049E-02 1.44341E-02 
1.52570E-02 1.45000E-02 
1.64677E-02 1.39978E-02 
1.69731E-02 1.40098E-02 
1.75059E-02 1.39998E-02 
1.80677E-02 1.39653E-02 
1.86597E-02 1.39038E-02 
1.91392E-02 1.38360E-02 
1.92830E-02 1.38127E-02 
1.99910E-02 1.36788E-02 
2.07369E-02 1.35052E-02 
2.15208E-02 1.32894E-02 
2.23422E-02 1.30294E-02 
2.31887E-02 1.26402E-02 
2.40593E-02 1.22954E-02 
2.49721E-02 1.19008E-02 
2.59251E-02 1.14554E-02 
2.69162E-02 1.09595E-02 
2.79442E-02 1.04153E-02 
2.90130E-02 9.82968E-03 
3.01444E-02 9.22278E-03 
3.14196E-02 8.65154E-03 
3.30577E-02 8.23546E-03 
3.53313E-02 8.04761E-03 
3.80210E-02 7.83571E-03 
4.04327E-02 7.24734E-03 
1.69587E-02 1.46497E-02 
1.75882E-02 1.46420E-02 
1.88522E-02 1.39874E-02 
1.94208E-02 1.39313E-02 
2.00196E-02 1.38463E-02 
2.06496E-02 1.37300E-02 
2.13115E-02 1.35799E-02 
2.18460E-02 1.34391E-02 
2.20059E-02 1.33937E-02 
2.27911E-02 1.31503E-02 
2.36137E-02 1.28605E-02 
2.44727E-02 1.25225E-02 
2.53666E-02 1.21352E-02 
2.62565E-02 1.16266E-02 
2.71899E-02 1.11497E-02 
2.81600E-02 1.06197E-02 
2.91634E-02 1.00373E-02 
3.01968E-02 9.40381E-03 
3.12584E-02 8.72271E-03 
3.23524E-02 8.00163E-03 
3.35047E-02 7.26006E-03 
3.48115E-02 6.54903E-03 
3.65290E-02 5.96974E-03 
3.89643E-02 5.57093E-03 
4.18385E-02 5.11876E-03 
4.43404E-02 4.32345E-03 
1.93898E-02 1.45738E-02 
2.00991E-02 1.44760E-02 
2.13911E-02 1.36750E-02 
2.20251E-02 1.35363E-02 
2.26910E-02 1.33619E-02 
2.33895E-02 1.31495E-02 
2.41206E-02 1.28969E-02 
2.47085E-02 1.26728E-02 
2.48840E-02 1.26024E-02 
2.57424E-02 1.22361E-02 
2.66359E-02 1.18181E-02 
2.75622E-02 1.13477E-02 
2.85187E-02 1.08247E-02 
2.94389E-02 1.01945E-02 
3.04211E-02 9.58151E-03 
3.14320E-02 8.91503E-03 
3.24671E-02 8.19689E-03 
3.35220E-02 7.42997E-03 
3.45943E-02 6.61888E-03 
3.56889E-02 5.77188E-03 
3.68361E-02 4.90701E-03 
3.81476E-02 4.06735E-03 
3.99168E-02 3.33130E-03 
4.24840E-02 2.71999E-03 
4.55082E-02 2.02650E-03 
4.80618E-02 1.03690E-03 
2.19843E-02 1.41752E-02 
2.27739E-02 1.39717E-02 
2.40668E-02 1.30356E-02 
2.47665E-02 1.28006E-02 
2.54991E-02 1.25235E-02 
2.62641E-02 1.22023E-02 
2.70610E-02 1.18355E-02 
2.76987E-02 1.15196E-02 
2.78886E-02 1.14219E-02 
2.88131E-02 1.09230E-02 
2.97683E-02 1.03688E-02 
3.07506E-02 9.76014E-03 
3.17560E-02 9.09822E-03 
3.26909E-02 8.34870E-03 
3.37041E-02 7.60169E-03 
3.47360E-02 6.80344E-03 
3.57810E-02 5.95728E-03 
3.68336E-02 5.06751E-03 
3.78911E-02 4.13983E-03 
3.89594E-02 3.18280E-03 
4.00737E-02 2.21225E-03 
4.13613E-02 1.26126E-03 
4.31526E-02 3.81090E-04 
4.58193E-02 -4.37442E-04 
4.89561E-02 -1.36582E-03 
5.15217E-02 -2.53002E-03 
2.47236E-02 1.34324E-02 
2.55915E-02 1.31096E-02 
2.68583E-02 1.20539E-02 
2.76222E-02 1.17105E-02 
2.84183E-02 1.13194E-02 
2.92456E-02 1.08793E-02 
3.01024E-02 1.03894E-02 
3.07841E-02 9.97617E-03 
3.09863E-02 9.84972E-03 
3.19665E-02 9.21241E-03 
3.29709E-02 8.51897E-03 
3.39944E-02 7.77149E-03 
3.50318E-02 6.97285E-03 
3.59634E-02 6.11135E-03 
3.69869E-02 5.23830E-03 
3.80172E-02 4.31924E-03 
3.90475E-02 3.35898E-03 
4.00718E-02 2.36312E-03 
4.10875E-02 1.33826E-03 
4.21016E-02 2.92889E-04 
4.31543E-02 -7.60202E-04 
4.43890E-02 -1.79997E-03 
4.61721E-02 -2.80607E-03 
4.89039E-02 -3.82006E-03 
5.21143E-02 -4.96976E-03 
5.46526E-02 -6.28281E-03 
2.75862E-02 1.23350E-02 
2.85279E-02 1.18818E-02 
2.97428E-02 1.07248E-02 
3.05671E-02 1.02630E-02 
3.14217E-02 9.74926E-03 
3.23043E-02 9.18320E-03 
3.32122E-02 8.56514E-03 
3.39299E-02 8.05188E-03 
3.41420E-02 7.89613E-03 
3.51645E-02 7.11965E-03 
3.62023E-02 6.28886E-03 
3.72492E-02 5.40752E-03 
3.82986E-02 4.48013E-03 
3.92072E-02 3.51872E-03 
4.02180E-02 2.53345E-03 
4.12218E-02 1.51033E-03 
4.22114E-02 4.55562E-04 
4.31805E-02 -6.24179E-04 
4.41265E-02 -1.72167E-03 
4.50583E-02 -2.82894E-03 
4.60212E-02 -3.93708E-03 
4.71745E-02 -5.03889E-03 
4.89190E-02 -6.14817E-03 
5.16812E-02 -7.34001E-03 
5.49256E-02 -8.69101E-03 
5.73983E-02 -1.01223E-02 
3.05315E-02 1.08924E-02 
3.15399E-02 1.03013E-02 
3.26800E-02 9.06268E-03 
3.35586E-02 8.47601E-03 
3.44638E-02 7.83482E-03 
3.53921E-02 7.14000E-03 
3.63398E-02 6.39313E-03 
3.70834E-02 5.78102E-03 
3.73022E-02 5.59662E-03 
3.83507E-02 4.68573E-03 
3.94036E-02 3.72543E-03 
4.04535E-02 2.72118E-03 
4.14930E-02 1.67907E-03 
4.23579E-02 6.34662E-04 
4.33314E-02 -4.43306E-04 
4.42833E-02 -1.54821E-03 
4.52058E-02 -2.67274E-03 
4.60927E-02 -3.80943E-03 
4.69422E-02 -4.95081E-03 
4.77650E-02 -6.08990E-03 
4.86118E-02 -7.22247E-03 
4.96572E-02 -8.35655E-03 
5.13346E-02 -9.54234E-03 
5.40921E-02 -1.08885E-02 
5.73312E-02 -1.24142E-02 
5.97031E-02 -1.39293E-02 
3.35684E-02 9.09725E-03 
3.46350E-02 8.36223E-03 
3.56798E-02 7.06063E-03 
3.66051E-02 6.34398E-03 
3.75515E-02 5.57238E-03 
3.85143E-02 4.74814E-03 
3.94886E-02 3.87432E-03 
4.02467E-02 3.16663E-03 
4.04686E-02 2.95483E-03 
4.15247E-02 1.91753E-03 
4.25722E-02 8.39008E-04 
4.36030E-02 -2.73616E-04 
4.46086E-02 -1.41276E-03 
4.54079E-02 -2.52032E-03 
4.63183E-02 -3.66795E-03 
4.71914E-02 -4.82906E-03 
4.80196E-02 -5.99555E-03 
4.87972E-02 -7.15952E-03 
4.95232E-02 -8.31366E-03 
5.02105E-02 -9.45254E-03 
5.09156E-02 -1.05773E-02 
5.18275E-02 -1.17125E-02 
5.34095E-02 -1.29464E-02 
5.61282E-02 -1.44207E-02 
5.93231E-02 -1.60917E-02 
6.15603E-02 -1.76545E-02 
3.66409E-02 6.98363E-03 
3.77548E-02 6.10310E-03 
3.86883E-02 4.75663E-03 
3.96504E-02 3.90925E-03 
4.06261E-02 3.00889E-03 
4.16099E-02 2.05945E-03 
4.25954E-02 1.06564E-03 
4.33548E-02 2.69705E-04 
4.35758E-02 3.29804E-05 
4.46192E-02 -1.11696E-03 
4.56394E-02 -2.29666E-03 
4.66273E-02 -3.49748E-03 
4.75743E-02 -4.71057E-03 
4.82863E-02 -5.85742E-03 
4.91079E-02 -7.04721E-03 
4.98765E-02 -8.23497E-03 
5.05848E-02 -9.41224E-03 
5.12278E-02 -1.05711E-02 
5.18061E-02 -1.17049E-02 
5.23350E-02 -1.28103E-02 
5.28764E-02 -1.38943E-02 
5.36329E-02 -1.49987E-02 
5.50942E-02 -1.62500E-02 
5.77406E-02 -1.78212E-02 
6.08541E-02 -1.96025E-02 
6.29270E-02 -2.11753E-02 
3.97292E-02 4.57250E-03 
4.08782E-02 3.54754E-03 
4.16881E-02 2.17214E-03 
4.26754E-02 1.19604E-03 
4.36674E-02 1.71522E-04 
4.46570E-02 -8.95699E-04 
4.56369E-02 -1.99919E-03 
4.63834E-02 -2.87338E-03 
4.65992E-02 -3.13178E-03 
4.76082E-02 -4.37682E-03 
4.85777E-02 -5.63692E-03 
4.94985E-02 -6.90216E-03 
5.03616E-02 -8.16275E-03 
5.09644E-02 -9.32255E-03 
5.16720E-02 -1.05244E-02 
5.23108E-02 -1.17071E-02 
5.28745E-02 -1.28623E-02 
5.33595E-02 -1.39827E-02 
5.37679E-02 -1.50627E-02 
5.41177E-02 -1.61013E-02 
5.44762E-02 -1.71120E-02 
5.50580E-02 -1.81540E-02 
5.63752E-02 -1.93915E-02 
5.89173E-02 -2.10261E-02 
6.19134E-02 -2.28801E-02 
6.37956E-02 -2.44252E-02 
4.28058E-02 1.89415E-03 
4.39762E-02 7.28732E-04 
4.46537E-02 -6.61838E-04 
4.56534E-02 -1.76157E-03 
4.66469E-02 -2.90235E-03 
4.76259E-02 -4.07657E-03 
4.85820E-02 -5.27597E-03 
4.93006E-02 -6.21573E-03 
4.95066E-02 -6.49176E-03 
5.04585E-02 -7.81065E-03 
5.13535E-02 -9.12681E-03 
5.21822E-02 -1.04294E-02 
5.29361E-02 -1.17080E-02 
5.34084E-02 -1.28523E-02 
5.39774E-02 -1.40341E-02 
5.44626E-02 -1.51787E-02 
5.48590E-02 -1.62783E-02 
5.51646E-02 -1.73265E-02 
5.53836E-02 -1.83195E-02 
5.55367E-02 -1.92591E-02 
5.56963E-02 -2.01655E-02 
5.60873E-02 -2.11150E-02 
5.72398E-02 -2.23076E-02 
5.96472E-02 -2.39699E-02 
6.24920E-02 -2.58569E-02 
6.41609E-02 -2.73379E-02 
4.58423E-02 -1.01701E-03 
4.70197E-02 -2.31603E-03 
4.75589E-02 -3.71010E-03 
4.85566E-02 -4.92529E-03 
4.95356E-02 -6.17129E-03 
5.04865E-02 -7.43848E-03 
5.13998E-02 -8.71680E-03 
5.20747E-02 -9.70695E-03 
5.22661E-02 -9.99586E-03 
5.31375E-02 -1.13641E-02 
5.39336E-02 -1.27089E-02 
5.46455E-02 -1.40189E-02 
5.52653E-02 -1.52839E-02 
5.55864E-02 -1.63829E-02 
5.59936E-02 -1.75115E-02 
5.63031E-02 -1.85842E-02 
5.65118E-02 -1.95946E-02 
5.66195E-02 -2.05379E-02 
5.66326E-02 -2.14122E-02 
5.65750E-02 -2.22225E-02 
5.65232E-02 -2.29958E-02 
5.67108E-02 -2.38247E-02 
5.76807E-02 -2.49422E-02 
5.99252E-02 -2.65957E-02 
6.25876E-02 -2.84755E-02 
6.40249E-02 -2.98581E-02 
4.88093E-02 -4.12200E-03 
4.99778E-02 -5.54490E-03 
5.03753E-02 -6.93247E-03 
5.13556E-02 -8.25188E-03 
5.23030E-02 -9.58898E-03 
5.32070E-02 -1.09321E-02 
5.40575E-02 -1.22693E-02 
5.46725E-02 -1.32925E-02 
5.48446E-02 -1.35889E-02 
5.56118E-02 -1.49791E-02 
5.62848E-02 -1.63227E-02 
5.68553E-02 -1.76084E-02 
5.73171E-02 -1.88265E-02 
5.74674E-02 -1.98495E-02 
5.76915E-02 -2.08914E-02 
5.78057E-02 -2.18591E-02 
5.78089E-02 -2.27480E-02 
5.77032E-02 -2.35552E-02 
5.74978E-02 -2.42814E-02 
5.72190E-02 -2.49351E-02 
5.69474E-02 -2.55498E-02 
5.69228E-02 -2.62330E-02 
5.76956E-02 -2.72470E-02 
5.97518E-02 -2.88556E-02 
6.22040E-02 -3.06882E-02 
6.33961E-02 -3.19415E-02 
5.16467E-02 -7.34426E-03 
5.27903E-02 -8.87748E-03 
5.30455E-02 -1.02498E-02 
5.39920E-02 -1.16584E-02 
5.48903E-02 -1.30689E-02 
5.57289E-02 -1.44676E-02 
5.64970E-02 -1.58409E-02 
5.70365E-02 -1.68778E-02 
5.71845E-02 -1.71758E-02 
5.78253E-02 -1.85585E-02 
5.83529E-02 -1.98697E-02 
5.87605E-02 -2.10987E-02 
5.90435E-02 -2.22372E-02 
5.90071E-02 -2.31548E-02 
5.90314E-02 -2.40787E-02 
5.89355E-02 -2.49112E-02 
5.87211E-02 -2.56499E-02 
5.83928E-02 -2.62945E-02 
5.79621E-02 -2.68484E-02 
5.74583E-02 -2.73238E-02 
5.69650E-02 -2.77602E-02 
5.67258E-02 -2.82784E-02 
5.72927E-02 -2.91648E-02 
5.91407E-02 -3.06945E-02 
6.13614E-02 -3.24431E-02 
6.23025E-02 -3.35422E-02 
5.43733E-02 -1.06957E-02 
5.54741E-02 -1.23250E-02 
5.55846E-02 -1.36734E-02 
5.64793E-02 -1.51550E-02 
5.73092E-02 -1.66200E-02 
5.80620E-02 -1.80525E-02 
5.87264E-02 -1.94374E-02 
5.91733E-02 -2.04676E-02 
5.92922E-02 -2.07610E-02 
5.97825E-02 -2.21052E-02 
6.01408E-02 -2.33514E-02 
6.03622E-02 -2.44900E-02 
6.04445E-02 -2.55148E-02 
6.02044E-02 -2.62967E-02 
6.00113E-02 -2.70710E-02 
5.96903E-02 -2.77381E-02 
5.92459E-02 -2.82984E-02 
5.86855E-02 -2.87546E-02 
5.80234E-02 -2.91131E-02 
5.72910E-02 -2.93898E-02 
5.65744E-02 -2.96296E-02 
5.61184E-02 -2.99647E-02 
5.64710E-02 -3.07010E-02 
5.80915E-02 -3.21192E-02 
6.00598E-02 -3.37486E-02 
6.07447E-02 -3.46713E-02 
5.69076E-02 -1.40716E-02 
5.79474E-02 -1.57785E-02 
5.79128E-02 -1.70944E-02 
5.87375E-02 -1.86290E-02 
5.94801E-02 -2.01261E-02 
6.01275E-02 -2.15679E-02 
6.06684E-02 -2.29382E-02 
6.10075E-02 -2.39401E-02 
6.10929E-02 -2.42224E-02 
6.14119E-02 -2.54970E-02 
6.15811E-02 -2.66462E-02 
6.15980E-02 -2.76627E-02 
6.14635E-02 -2.85430E-02 
6.10082E-02 -2.91630E-02 
6.05873E-02 -2.97612E-02 
6.00337E-02 -3.02386E-02 
5.93549E-02 -3.05991E-02 
5.85614E-02 -3.08486E-02 
5.76697E-02 -3.09966E-02 
5.67137E-02 -3.10624E-02 
5.57804E-02 -3.10958E-02 
5.51135E-02 -3.12379E-02 
5.52512E-02 -3.18079E-02 
5.66327E-02 -3.30877E-02 
5.83370E-02 -3.45689E-02 
5.87698E-02 -3.53013E-02 
5.92136E-02 -1.74188E-02 
6.01733E-02 -1.91824E-02 
5.99924E-02 -2.04563E-02 
6.07281E-02 -2.20218E-02 
6.13640E-02 -2.35269E-02 
6.18867E-02 -2.49524E-02 
6.22847E-02 -2.62809E-02 
6.25013E-02 -2.72329E-02 
6.25491E-02 -2.74978E-02 
6.26775E-02 -2.86718E-02 
6.26401E-02 -2.96935E-02 
6.24372E-02 -3.05583E-02 
6.20731E-02 -3.12661E-02 
6.13950E-02 -3.17011E-02 
6.07399E-02 -3.21008E-02 
5.99507E-02 -3.23691E-02 
5.90379E-02 -3.25135E-02 
5.80149E-02 -3.25434E-02 
5.69005E-02 -3.24715E-02 
5.57302E-02 -3.23201E-02 
5.45915E-02 -3.21430E-02 
5.37238E-02 -3.20874E-02 
5.36502E-02 -3.24802E-02 
5.47864E-02 -3.35997E-02 
5.62205E-02 -3.49095E-02 
5.64107E-02 -3.54440E-02 
6.12407E-02 -2.06641E-02 
6.21008E-02 -2.24614E-02 
6.17714E-02 -2.36824E-02 
6.23990E-02 -2.52548E-02 
6.29092E-02 -2.67426E-02 
6.32885E-02 -2.81251E-02 
6.35259E-02 -2.93847E-02 
6.36072E-02 -3.02656E-02 
6.36137E-02 -3.05069E-02 
6.35357E-02 -3.15516E-02 
6.32780E-02 -3.24180E-02 
6.28446E-02 -3.31053E-02 
6.22434E-02 -3.36175E-02 
6.13398E-02 -3.38496E-02 
6.04503E-02 -3.40344E-02 
5.94286E-02 -3.40807E-02 
5.82884E-02 -3.39998E-02 
5.70457E-02 -3.38045E-02 
5.57214E-02 -3.35103E-02 
5.43522E-02 -3.31425E-02 
5.30247E-02 -3.27577E-02 
5.19716E-02 -3.25064E-02 
5.16961E-02 -3.27176E-02 
5.25869E-02 -3.36611E-02 
5.37517E-02 -3.47833E-02 
5.37144E-02 -3.51196E-02 
6.29445E-02 -2.37432E-02 
6.36847E-02 -2.55489E-02 
6.32034E-02 -2.67048E-02 
6.37035E-02 -2.82583E-02 
6.40693E-02 -2.97023E-02 
6.42876E-02 -3.10153E-02 
6.43483E-02 -3.21794E-02 
6.42831E-02 -3.29692E-02 
6.42452E-02 -3.31812E-02 
6.39481E-02 -3.40701E-02 
6.34606E-02 -3.47572E-02 
6.27906E-02 -3.52457E-02 
6.19501E-02 -3.55443E-02 
6.08237E-02 -3.55611E-02 
5.97051E-02 -3.55212E-02 
5.84599E-02 -3.53393E-02 
5.71048E-02 -3.50307E-02 
5.56580E-02 -3.46114E-02 
5.41421E-02 -3.40996E-02 
5.25942E-02 -3.35227E-02 
5.10992E-02 -3.29393E-02 
4.98806E-02 -3.25004E-02 
4.94170E-02 -3.25313E-02 
5.00684E-02 -3.32899E-02 
5.09707E-02 -3.42153E-02 
5.07258E-02 -3.43594E-02 
6.42769E-02 -2.65818E-02 
6.48769E-02 -2.83690E-02 
6.42392E-02 -2.94460E-02 
6.45929E-02 -3.09538E-02 
6.47969E-02 -3.23274E-02 
6.48385E-02 -3.35448E-02 
6.47093E-02 -3.45886E-02 
6.44890E-02 -3.52693E-02 
6.44047E-02 -3.54468E-02 
6.38804E-02 -3.61577E-02 
6.31592E-02 -3.66466E-02 
6.22528E-02 -3.69213E-02 
6.11773E-02 -3.69954E-02 
5.98372E-02 -3.67919E-02 
5.85018E-02 -3.65250E-02 
5.70490E-02 -3.61168E-02 
5.54980E-02 -3.55862E-02 
5.38689E-02 -3.49520E-02 
5.21854E-02 -3.42347E-02 
5.04845E-02 -3.34635E-02 
4.88479E-02 -3.26972E-02 
4.74883E-02 -3.20850E-02 
4.68557E-02 -3.19435E-02 
4.72797E-02 -3.25154E-02 
4.79332E-02 -3.32426E-02 
4.75055E-02 -3.32071E-02 
6.52001E-02 -2.91166E-02 
6.56400E-02 -3.08572E-02 
6.48405E-02 -3.18400E-02 
6.50299E-02 -3.32752E-02 
6.50561E-02 -3.45522E-02 
6.49078E-02 -3.56493E-02 
6.45782E-02 -3.65504E-02 
6.41974E-02 -3.71065E-02 
6.40654E-02 -3.72455E-02 
6.33110E-02 -3.77610E-02 
6.23577E-02 -3.80386E-02 
6.12214E-02 -3.80912E-02 
5.99220E-02 -3.79374E-02 
5.83833E-02 -3.75156E-02 
5.68500E-02 -3.70274E-02 
5.52117E-02 -3.64027E-02 
5.34897E-02 -3.56633E-02 
5.17055E-02 -3.48306E-02 
4.98832E-02 -3.39269E-02 
4.80590E-02 -3.29819E-02 
4.63107E-02 -3.20542E-02 
4.48380E-02 -3.12885E-02 
4.40596E-02 -3.09881E-02 
4.42738E-02 -3.13784E-02 
4.46978E-02 -3.19130E-02 
4.41153E-02 -3.17159E-02 
6.56878E-02 -3.12961E-02 
6.59484E-02 -3.29617E-02 
6.49812E-02 -3.38343E-02 
6.49897E-02 -3.51701E-02 
6.48243E-02 -3.63256E-02 
6.44755E-02 -3.72800E-02 
6.39388E-02 -3.80189E-02 
6.33950E-02 -3.84381E-02 
6.32152E-02 -3.85353E-02 
6.22328E-02 -3.88434E-02 
6.10548E-02 -3.89031E-02 
5.97010E-02 -3.87321E-02 
5.81949E-02 -3.83544E-02 
5.64788E-02 -3.77236E-02 
5.47719E-02 -3.70271E-02 
5.29756E-02 -3.62027E-02 
5.11125E-02 -3.52746E-02 
4.92047E-02 -3.42662E-02 
4.72760E-02 -3.32005E-02 
4.53613E-02 -3.21078E-02 
4.35335E-02 -3.10446E-02 
4.19778E-02 -3.01492E-02 
4.10797E-02 -2.97084E-02 
4.11063E-02 -2.99281E-02 
4.13248E-02 -3.02820E-02 
4.06176E-02 -2.99452E-02 
6.57268E-02 -3.30784E-02 
6.57910E-02 -3.46414E-02 
6.46506E-02 -3.53878E-02 
6.44642E-02 -3.65991E-02 
6.40963E-02 -3.76104E-02 
6.35400E-02 -3.84029E-02 
6.27938E-02 -3.89646E-02 
6.20883E-02 -3.92381E-02 
6.18615E-02 -3.92917E-02 
6.06590E-02 -3.93865E-02 
5.92698E-02 -3.92284E-02 
5.77172E-02 -3.88401E-02 
5.60277E-02 -3.82499E-02 
5.41605E-02 -3.74265E-02 
5.23097E-02 -3.65418E-02 
5.03875E-02 -3.55410E-02 
4.84170E-02 -3.44505E-02 
4.64201E-02 -3.32943E-02 
4.44200E-02 -3.20961E-02 
4.24493E-02 -3.08852E-02 
4.05753E-02 -2.97158E-02 
3.89680E-02 -2.87180E-02 
3.79784E-02 -2.81588E-02 
3.78434E-02 -2.82245E-02 
3.78840E-02 -2.84149E-02 
3.70833E-02 -2.79633E-02 
6.53191E-02 -3.44457E-02 
6.51717E-02 -3.58798E-02 
6.38530E-02 -3.64844E-02 
6.34600E-02 -3.75481E-02 
6.28817E-02 -3.83954E-02 
6.21143E-02 -3.90099E-02 
6.11596E-02 -3.93831E-02 
6.02968E-02 -3.95059E-02 
6.00249E-02 -3.95149E-02 
5.86147E-02 -3.93961E-02 
5.70323E-02 -3.90262E-02 
5.53040E-02 -3.84324E-02 
5.34585E-02 -3.76470E-02 
5.14702E-02 -3.66526E-02 
4.95081E-02 -3.56045E-02 
4.74945E-02 -3.44554E-02 
4.54522E-02 -3.32322E-02 
4.34021E-02 -3.19593E-02 
4.13659E-02 -3.06602E-02 
3.93735E-02 -2.93627E-02 
3.74863E-02 -2.81177E-02 
3.58583E-02 -2.70456E-02 
3.48059E-02 -2.63922E-02 
3.45368E-02 -2.63237E-02 
3.44285E-02 -2.63713E-02 
3.35645E-02 -2.58308E-02 
6.44910E-02 -3.53822E-02 
6.41223E-02 -3.66655E-02 
6.26242E-02 -3.71161E-02 
6.20187E-02 -3.80142E-02 
6.12283E-02 -3.86833E-02 
6.02526E-02 -3.91104E-02 
5.90971E-02 -3.92908E-02 
5.80863E-02 -3.92634E-02 
5.77726E-02 -3.92285E-02 
5.61738E-02 -3.89038E-02 
5.44224E-02 -3.83359E-02 
5.25471E-02 -3.75561E-02 
5.05779E-02 -3.65999E-02 
4.85016E-02 -3.54619E-02 
4.64637E-02 -3.42807E-02 
4.43949E-02 -3.30153E-02 
4.23170E-02 -3.16928E-02 
4.02493E-02 -3.03370E-02 
3.82114E-02 -2.89701E-02 
3.62302E-02 -2.76185E-02 
3.43607E-02 -2.63287E-02 
3.27411E-02 -2.52112E-02 
3.16540E-02 -2.44893E-02 
3.12803E-02 -2.43099E-02 
3.10541E-02 -2.42390E-02 
3.01557E-02 -2.36359E-02 
6.32594E-02 -3.59145E-02 
6.26601E-02 -3.70261E-02 
6.09807E-02 -3.73107E-02 
6.01578E-02 -3.80267E-02 
5.91542E-02 -3.85051E-02 
5.79739E-02 -3.87370E-02 
5.66262E-02 -3.87220E-02 
5.54774E-02 -3.85461E-02 
5.51254E-02 -3.84687E-02 
5.33578E-02 -3.79473E-02 
5.14622E-02 -3.71969E-02 
4.94687E-02 -3.62519E-02 
4.74075E-02 -3.51499E-02 
4.52759E-02 -3.38958E-02 
4.31962E-02 -3.26114E-02 
4.11069E-02 -3.12611E-02 
3.90276E-02 -2.98713E-02 
3.69755E-02 -2.84645E-02 
3.49678E-02 -2.70613E-02 
3.30278E-02 -2.56856E-02 
3.12041E-02 -2.43796E-02 
2.96192E-02 -2.32430E-02 
2.85232E-02 -2.24766E-02 
2.80718E-02 -2.22088E-02 
2.77557E-02 -2.20423E-02 
2.68483E-02 -2.14005E-02 
6.16734E-02 -3.60568E-02 
6.08407E-02 -3.69819E-02 
5.89831E-02 -3.70935E-02 
5.79443E-02 -3.76172E-02 
5.67333E-02 -3.78992E-02 
5.53585E-02 -3.79350E-02 
5.38330E-02 -3.77290E-02 
5.25606E-02 -3.74116E-02 
5.21749E-02 -3.72941E-02 
5.02632E-02 -3.65922E-02 
4.82520E-02 -3.56804E-02 
4.61717E-02 -3.45956E-02 
4.40519E-02 -3.33765E-02 
4.18976E-02 -3.20362E-02 
3.98095E-02 -3.06800E-02 
3.77325E-02 -2.92769E-02 
3.56835E-02 -2.78515E-02 
3.36771E-02 -2.64246E-02 
3.17276E-02 -2.50146E-02 
2.98548E-02 -2.36428E-02 
2.81008E-02 -2.23467E-02 
2.65733E-02 -2.12154E-02 
2.54915E-02 -2.04275E-02 
2.49886E-02 -2.00944E-02 
2.46099E-02 -1.98558E-02 
2.37154E-02 -1.91972E-02 
5.97836E-02 -3.58452E-02 
5.87194E-02 -3.65739E-02 
5.66904E-02 -3.65094E-02 
5.54421E-02 -3.68362E-02 
5.40340E-02 -3.69214E-02 
5.24788E-02 -3.67653E-02 
5.07939E-02 -3.63774E-02 
4.94144E-02 -3.59287E-02 
4.90002E-02 -3.57747E-02 
4.69713E-02 -3.49117E-02 
4.48739E-02 -3.38622E-02 
4.27381E-02 -3.26646E-02 
4.05915E-02 -3.13574E-02 
3.84448E-02 -2.99602E-02 
3.63786E-02 -2.85620E-02 
3.43429E-02 -2.71356E-02 
3.23517E-02 -2.57036E-02 
3.04165E-02 -2.42841E-02 
2.85485E-02 -2.28932E-02 
2.67640E-02 -2.15494E-02 
2.50989E-02 -2.02855E-02 
2.36469E-02 -1.91803E-02 
2.25990E-02 -1.83914E-02 
2.20680E-02 -1.80144E-02 
2.16506E-02 -1.77255E-02 
2.07872E-02 -1.70688E-02 
5.76451E-02 -3.53228E-02 
5.63562E-02 -3.58506E-02 
5.41662E-02 -3.56113E-02 
5.27193E-02 -3.57419E-02 
5.11286E-02 -3.56350E-02 
4.94112E-02 -3.52962E-02 
4.75879E-02 -3.47395E-02 
4.61194E-02 -3.41725E-02 
4.56823E-02 -3.39861E-02 
4.35639E-02 -3.29840E-02 
4.14095E-02 -3.18216E-02 
3.92477E-02 -3.05381E-02 
3.71036E-02 -2.91708E-02 
3.49915E-02 -2.77436E-02 
3.29732E-02 -2.63304E-02 
3.10033E-02 -2.49070E-02 
2.90923E-02 -2.34932E-02 
2.72484E-02 -2.21044E-02 
2.54800E-02 -2.07542E-02 
2.37998E-02 -1.94581E-02 
2.22378E-02 -1.82445E-02 
2.08750E-02 -1.71822E-02 
1.98765E-02 -1.64093E-02 
1.93373E-02 -1.60076E-02 
1.89021E-02 -1.56878E-02 
1.80834E-02 -1.50482E-02 
5.53148E-02 -3.45372E-02 
5.38123E-02 -3.48647E-02 
5.14750E-02 -3.44563E-02 
4.98449E-02 -3.43965E-02 
4.80899E-02 -3.41071E-02 
4.62311E-02 -3.35988E-02 
4.42926E-02 -3.28899E-02 
4.27540E-02 -3.22191E-02 
4.22997E-02 -3.20050E-02 
4.01194E-02 -3.08869E-02 
3.79355E-02 -2.96366E-02 
3.57747E-02 -2.82926E-02 
3.36586E-02 -2.68907E-02 
3.16035E-02 -2.54574E-02 
2.96543E-02 -2.40523E-02 
2.77694E-02 -2.26538E-02 
2.59557E-02 -2.12784E-02 
2.42182E-02 -1.99390E-02 
2.25621E-02 -1.86464E-02 
2.09970E-02 -1.74132E-02 
1.95477E-02 -1.62634E-02 
1.82832E-02 -1.52568E-02 
1.73457E-02 -1.45138E-02 
1.68148E-02 -1.41035E-02 
1.63783E-02 -1.37690E-02 
1.56143E-02 -1.31583E-02 
5.28475E-02 -3.35371E-02 
5.11465E-02 -3.36696E-02 
4.86787E-02 -3.31016E-02 
4.68839E-02 -3.28617E-02 
4.49856E-02 -3.24033E-02 
4.30085E-02 -3.17418E-02 
4.09787E-02 -3.08994E-02 
3.93891E-02 -3.01407E-02 
3.89231E-02 -2.99035E-02 
3.67068E-02 -2.86927E-02 
3.45185E-02 -2.73779E-02 
3.23818E-02 -2.59964E-02 
3.03150E-02 -2.45820E-02 
2.83345E-02 -2.31625E-02 
2.64707E-02 -2.17843E-02 
2.46848E-02 -2.04280E-02 
2.29801E-02 -1.91068E-02 
2.13588E-02 -1.78308E-02 
1.98231E-02 -1.66080E-02 
1.83794E-02 -1.54484E-02 
1.70479E-02 -1.43720E-02 
1.58871E-02 -1.34303E-02 
1.50186E-02 -1.27275E-02 
1.45084E-02 -1.23217E-02 
1.40838E-02 -1.19858E-02 
1.33806E-02 -1.14123E-02 
5.02953E-02 -3.23704E-02 
4.84140E-02 -3.23176E-02 
4.58346E-02 -3.16026E-02 
4.38963E-02 -3.11964E-02 
4.18775E-02 -3.05855E-02 
3.98056E-02 -2.97892E-02 
3.77085E-02 -2.88332E-02 
3.60859E-02 -2.80023E-02 
3.56134E-02 -2.77467E-02 
3.33848E-02 -2.64649E-02 
3.12135E-02 -2.51066E-02 
2.91199E-02 -2.37075E-02 
2.71187E-02 -2.22987E-02 
2.52258E-02 -2.09085E-02 
2.34585E-02 -1.95718E-02 
2.17807E-02 -1.82704E-02 
2.01923E-02 -1.70147E-02 
1.86925E-02 -1.58118E-02 
1.72810E-02 -1.46672E-02 
1.59612E-02 -1.35882E-02 
1.47491E-02 -1.25913E-02 
1.36939E-02 -1.17203E-02 
1.28990E-02 -1.10649E-02 
1.24189E-02 -1.06738E-02 
1.20157E-02 -1.03465E-02 
1.13765E-02 -9.81578E-03 
4.77045E-02 -3.10819E-02 
4.56634E-02 -3.08563E-02 
4.29926E-02 -3.00096E-02 
4.09333E-02 -2.94535E-02 
3.88173E-02 -2.87081E-02 
3.66740E-02 -2.77965E-02 
3.45322E-02 -2.67464E-02 
3.28930E-02 -2.58582E-02 
3.24185E-02 -2.55884E-02 
3.01979E-02 -2.42552E-02 
2.80609E-02 -2.28712E-02 
2.60250E-02 -2.14705E-02 
2.41011E-02 -2.00814E-02 
2.23042E-02 -1.87321E-02 
2.06403E-02 -1.74471E-02 
1.90754E-02 -1.62096E-02 
1.76066E-02 -1.50268E-02 
1.62302E-02 -1.39032E-02 
1.49433E-02 -1.28418E-02 
1.37470E-02 -1.18474E-02 
1.26533E-02 -1.09331E-02 
1.17031E-02 -1.01360E-02 
1.09839E-02 -9.53289E-03 
1.05399E-02 -9.16373E-03 
1.01647E-02 -8.85245E-03 
9.59043E-03 -8.36783E-03 
4.51103E-02 -2.97091E-02 
4.29309E-02 -2.93257E-02 
4.01893E-02 -2.83634E-02 
3.80316E-02 -2.76749E-02 
3.58412E-02 -2.68138E-02 
3.36484E-02 -2.58055E-02 
3.14820E-02 -2.46795E-02 
2.98404E-02 -2.37473E-02 
2.93678E-02 -2.34671E-02 
2.71715E-02 -2.20988E-02 
2.50821E-02 -2.07034E-02 
2.31140E-02 -1.93130E-02 
2.12750E-02 -1.79538E-02 
1.95788E-02 -1.66532E-02 
1.80217E-02 -1.54270E-02 
1.65719E-02 -1.42592E-02 
1.52234E-02 -1.31542E-02 
1.39698E-02 -1.21135E-02 
1.28060E-02 -1.11381E-02 
1.17309E-02 -1.02302E-02 
1.07527E-02 -9.39990E-03 
9.90539E-03 -8.67811E-03 
9.26200E-03 -8.12995E-03 
8.85796E-03 -7.78788E-03 
8.51488E-03 -7.49783E-03 
8.00493E-03 -7.06087E-03 
4.25695E-02 -2.82999E-02 
4.02746E-02 -2.77760E-02 
3.74830E-02 -2.67161E-02 
3.52495E-02 -2.59141E-02 
3.30063E-02 -2.49562E-02 
3.07840E-02 -2.38696E-02 
2.86105E-02 -2.26843E-02 
2.69777E-02 -2.17195E-02 
2.65100E-02 -2.14318E-02 
2.43499E-02 -2.00415E-02 
2.23166E-02 -1.86450E-02 
2.04220E-02 -1.72733E-02 
1.86712E-02 -1.59505E-02 
1.70763E-02 -1.47033E-02 
1.56261E-02 -1.35396E-02 
1.42900E-02 -1.24445E-02 
1.30593E-02 -1.14192E-02 
1.19253E-02 -1.04627E-02 
1.08807E-02 -9.57351E-03 
9.92201E-03 -8.75184E-03 
9.05466E-03 -8.00471E-03 
8.30587E-03 -7.35759E-03 
7.73634E-03 -6.86513E-03 
7.37379E-03 -6.55314E-03 
7.06476E-03 -6.28746E-03 
6.61681E-03 -5.89811E-03 
4.00757E-02 -2.68654E-02 
3.76864E-02 -2.62174E-02 
3.48635E-02 -2.50760E-02 
3.25743E-02 -2.41774E-02 
3.02972E-02 -2.31391E-02 
2.80619E-02 -2.19891E-02 
2.58950E-02 -2.07576E-02 
2.42797E-02 -1.97686E-02 
2.38190E-02 -1.94758E-02 
2.17035E-02 -1.80726E-02 
1.97318E-02 -1.66820E-02 
1.79141E-02 -1.53343E-02 
1.62532E-02 -1.40523E-02 
1.47598E-02 -1.28616E-02 
1.34161E-02 -1.17637E-02 
1.21927E-02 -1.07436E-02 
1.10781E-02 -9.79990E-03 
1.00611E-02 -8.92881E-03 
9.13248E-03 -8.12644E-03 
8.28657E-03 -7.39087E-03 
7.52599E-03 -6.72641E-03 
6.87213E-03 -6.15341E-03 
6.37447E-03 -5.71702E-03 
6.05408E-03 -5.43711E-03 
5.78015E-03 -5.19793E-03 
5.39195E-03 -4.85588E-03 
3.76671E-02 -2.54394E-02 
3.52040E-02 -2.46843E-02 
3.23673E-02 -2.34773E-02 
3.00409E-02 -2.24985E-02 
2.77461E-02 -2.13948E-02 
2.55114E-02 -2.01943E-02 
2.33614E-02 -1.89269E-02 
2.17695E-02 -1.79200E-02 
2.13172E-02 -1.76237E-02 
1.92509E-02 -1.62136E-02 
1.73431E-02 -1.48332E-02 
1.56028E-02 -1.35128E-02 
1.40316E-02 -1.22741E-02 
1.26380E-02 -1.11417E-02 
1.13992E-02 -1.01113E-02 
1.02862E-02 -9.16775E-03 
9.28475E-03 -8.30644E-03 
8.38122E-03 -7.52088E-03 
7.56423E-03 -6.80481E-03 
6.82631E-03 -6.15418E-03 
6.16747E-03 -5.57077E-03 
5.60385E-03 -5.07025E-03 
5.17497E-03 -4.68911E-03 
4.89615E-03 -4.44206E-03 
4.65716E-03 -4.23037E-03 
4.32559E-03 -3.93442E-03 
3.53581E-02 -2.40406E-02 
3.28402E-02 -2.31946E-02 
3.00048E-02 -2.19363E-02 
2.76570E-02 -2.08915E-02 
2.53578E-02 -1.97349E-02 
2.31338E-02 -1.84939E-02 
2.10078E-02 -1.71981E-02 
1.94425E-02 -1.61774E-02 
1.89993E-02 -1.58784E-02 
1.69843E-02 -1.44649E-02 
1.51407E-02 -1.30972E-02 
1.34774E-02 -1.18060E-02 
1.19950E-02 -1.06128E-02 
1.06998E-02 -9.54034E-03 
9.56435E-03 -8.57924E-03 
8.55962E-03 -7.71366E-03 
7.66847E-03 -6.93555E-03 
6.87480E-03 -6.23553E-03 
6.16521E-03 -5.60497E-03 
5.53045E-03 -5.03781E-03 
4.96818E-03 -4.53344E-03 
4.48988E-03 -4.10328E-03 
4.12626E-03 -3.77602E-03 
3.88775E-03 -3.56187E-03 
3.68290E-03 -3.37796E-03 
3.40456E-03 -3.12645E-03 
3.31585E-02 -2.26832E-02 
3.06028E-02 -2.17611E-02 
2.77815E-02 -2.04641E-02 
2.54253E-02 -1.93654E-02 
2.31319E-02 -1.81657E-02 
2.09258E-02 -1.68915E-02 
1.88278E-02 -1.55720E-02 
1.72908E-02 -1.45400E-02 
1.68569E-02 -1.42388E-02 
1.48935E-02 -1.28239E-02 
1.31138E-02 -1.14704E-02 
1.15272E-02 -1.02105E-02 
1.01332E-02 -9.06530E-03 
8.93542E-03 -8.05497E-03 
7.90243E-03 -7.16560E-03 
7.00432E-03 -6.37968E-03 
6.22089E-03 -5.68559E-03 
5.53355E-03 -5.07096E-03 
4.92699E-03 -4.52483E-03 
4.39032E-03 -4.03922E-03 
3.91922E-03 -3.61141E-03 
3.52105E-03 -3.24898E-03 
3.21876E-03 -2.97364E-03 
3.01879E-03 -2.79184E-03 
2.84677E-03 -2.63545E-03 
2.61798E-03 -2.42631E-03 
3.10736E-02 -2.13771E-02 
2.84949E-02 -2.03922E-02 
2.56979E-02 -1.90668E-02 
2.33435E-02 -1.79241E-02 
2.10634E-02 -1.66886E-02 
1.88795E-02 -1.53861E-02 
1.68117E-02 -1.40457E-02 
1.53034E-02 -1.30034E-02 
1.48789E-02 -1.27005E-02 
1.29669E-02 -1.12855E-02 
1.12512E-02 -9.94832E-03 
9.74182E-03 -8.72284E-03 
8.43724E-03 -7.62932E-03 
7.33729E-03 -6.68457E-03 
6.40670E-03 -5.87007E-03 
5.61401E-03 -5.16590E-03 
4.93582E-03 -4.55662E-03 
4.35113E-03 -4.02689E-03 
3.84289E-03 -3.56355E-03 
3.39888E-03 -3.15695E-03 
3.01309E-03 -2.80252E-03 
2.68941E-03 -2.50453E-03 
2.44412E-03 -2.27857E-03 
2.28048E-03 -2.12805E-03 
2.13960E-03 -1.99845E-03 
1.95633E-03 -1.82908E-03 
2.91066E-02 -2.01295E-02 
2.65173E-02 -1.90934E-02 
2.37524E-02 -1.77479E-02 
2.14077E-02 -1.65687E-02 
1.91457E-02 -1.53027E-02 
1.69865E-02 -1.39748E-02 
1.49495E-02 -1.26150E-02 
1.34701E-02 -1.15635E-02 
1.30550E-02 -1.12590E-02 
1.11949E-02 -9.84593E-03 
9.54471E-03 -8.52864E-03 
8.11496E-03 -7.34241E-03 
6.90242E-03 -6.30608E-03 
5.90195E-03 -5.43167E-03 
5.07441E-03 -4.69584E-03 
4.38607E-03 -4.07553E-03 
3.81035E-03 -3.55143E-03 
3.32403E-03 -3.10534E-03 
2.90868E-03 -2.72222E-03 
2.55111E-03 -2.39106E-03 
2.24406E-03 -2.10588E-03 
1.98857E-03 -1.86815E-03 
1.79540E-03 -1.68830E-03 
1.66544E-03 -1.56745E-03 
1.55353E-03 -1.46337E-03 
1.41135E-03 -1.33062E-03 
2.72512E-02 -1.89408E-02 
2.46617E-02 -1.78630E-02 
2.19346E-02 -1.65037E-02 
1.96050E-02 -1.52935E-02 
1.73642E-02 -1.40002E-02 
1.52311E-02 -1.26486E-02 
1.32253E-02 -1.12705E-02 
1.17752E-02 -1.02109E-02 
1.13697E-02 -9.90539E-03 
9.56379E-03 -8.49792E-03 
7.98299E-03 -7.20633E-03 
6.63785E-03 -6.06674E-03 
5.52212E-03 -5.09520E-03 
4.62431E-03 -4.29731E-03 
3.90118E-03 -3.64456E-03 
3.31618E-03 -3.11016E-03 
2.83973E-03 -2.67096E-03 
2.44683E-03 -2.30635E-03 
2.11817E-03 -1.99982E-03 
1.84004E-03 -1.73950E-03 
1.60444E-03 -1.51843E-03 
1.41028E-03 -1.33595E-03 
1.26389E-03 -1.19829E-03 
1.16455E-03 -1.10498E-03 
1.07909E-03 -1.02467E-03 
9.73207E-04 -9.24884E-04 
2.55163E-02 -1.78197E-02 
2.29349E-02 -1.67085E-02 
2.02492E-02 -1.53400E-02 
1.79382E-02 -1.41028E-02 
1.57203E-02 -1.27844E-02 
1.36136E-02 -1.14103E-02 
1.16398E-02 -1.00155E-02 
1.02202E-02 -8.94997E-03 
9.82497E-03 -8.64438E-03 
8.07731E-03 -7.24849E-03 
6.57195E-03 -5.99100E-03 
5.31813E-03 -4.90757E-03 
4.30493E-03 -4.00965E-03 
3.51302E-03 -3.29472E-03 
2.89478E-03 -2.72873E-03 
2.41062E-03 -2.28075E-03 
2.02840E-03 -1.92428E-03 
1.72204E-03 -1.63686E-03 
1.47198E-03 -1.40123E-03 
1.26461E-03 -1.20522E-03 
1.09173E-03 -1.04146E-03 
9.50830E-04 -9.07804E-04 
8.44967E-04 -8.07340E-04 
7.72540E-04 -7.38660E-04 
7.10331E-04 -6.79662E-04 
6.35323E-04 -6.08349E-04 
2.38903E-02 -1.67615E-02 
2.13233E-02 -1.56231E-02 
1.86810E-02 -1.42484E-02 
1.63911E-02 -1.29868E-02 
1.41970E-02 -1.16448E-02 
1.21175E-02 -1.02494E-02 
1.01773E-02 -8.84032E-03 
8.79109E-03 -7.77264E-03 
8.40718E-03 -7.46833E-03 
6.72475E-03 -6.09277E-03 
5.30374E-03 -4.88066E-03 
4.15024E-03 -3.86523E-03 
3.24659E-03 -3.05109E-03 
2.56417E-03 -2.42587E-03 
2.05080E-03 -1.94961E-03 
1.66392E-03 -1.58734E-03 
1.36966E-03 -1.30988E-03 
1.14170E-03 -1.09383E-03 
9.61056E-04 -9.21977E-04 
8.14868E-04 -7.82531E-04 
6.95300E-04 -6.68267E-04 
5.99139E-04 -5.76267E-04 
5.27220E-04 -5.07434E-04 
4.77620E-04 -4.59994E-04 
4.35140E-04 -4.19366E-04 
3.85396E-04 -3.71697E-04 
2.23687E-02 -1.57651E-02 
1.98210E-02 -1.46047E-02 
1.72230E-02 -1.32255E-02 
1.49555E-02 -1.19412E-02 
1.27860E-02 -1.05766E-02 
1.07349E-02 -9.16187E-03 
8.83158E-03 -7.74272E-03 
7.48325E-03 -6.67827E-03 
7.11231E-03 -6.37723E-03 
5.50467E-03 -5.03358E-03 
4.17908E-03 -3.88058E-03 
3.13603E-03 -2.94638E-03 
2.34890E-03 -2.22627E-03 
1.77852E-03 -1.69648E-03 
1.36823E-03 -1.31113E-03 
1.07305E-03 -1.03163E-03 
8.58459E-04 -8.27209E-04 
6.99021E-04 -6.74664E-04 
5.77204E-04 -5.57744E-04 
4.81555E-04 -4.65735E-04 
4.05141E-04 -3.92118E-04 
3.44682E-04 -3.33818E-04 
2.99740E-04 -2.90472E-04 
2.68506E-04 -2.60369E-04 
2.41859E-04 -2.34693E-04 
2.11635E-04 -2.05525E-04 
2.09462E-02 -1.48285E-02 
1.84213E-02 -1.36498E-02 
1.58675E-02 -1.22670E-02 
1.36233E-02 -1.09613E-02 
1.14791E-02 -9.57546E-03 
9.45881E-03 -8.14431E-03 
7.59747E-03 -6.72113E-03 
6.29314E-03 -5.66719E-03 
5.93732E-03 -5.37195E-03 
4.41627E-03 -4.07434E-03 
3.19860E-03 -2.99587E-03 
2.27627E-03 -2.15652E-03 
1.61142E-03 -1.53961E-03 
1.15362E-03 -1.10895E-03 
8.42146E-04 -8.13035E-04 
6.30662E-04 -6.10688E-04 
4.85397E-04 -4.70992E-04 
3.83029E-04 -3.72188E-04 
3.08374E-04 -2.99947E-04 
2.51972E-04 -2.45274E-04 
2.08240E-04 -2.02833E-04 
1.74343E-04 -1.69918E-04 
1.49351E-04 -1.45650E-04 
1.31843E-04 -1.28664E-04 
1.16959E-04 -1.14236E-04 
1.00663E-04 -9.84178E-05 
1.96170E-02 -1.39490E-02 
1.71173E-02 -1.27548E-02 
1.46070E-02 -1.13688E-02 
1.23869E-02 -1.00427E-02 
1.02695E-02 -8.63754E-03 
8.28358E-03 -7.19430E-03 
6.47108E-03 -5.77513E-03 
5.21846E-03 -4.74069E-03 
4.88032E-03 -4.45429E-03 
3.45922E-03 -3.21871E-03 
2.36228E-03 -2.23087E-03 
1.56979E-03 -1.49902E-03 
1.03059E-03 -9.92133E-04 
6.82854E-04 -6.61155E-04 
4.62836E-04 -4.49901E-04 
3.24393E-04 -3.16160E-04 
2.36185E-04 -2.30589E-04 
1.78247E-04 -1.74221E-04 
1.38532E-04 -1.35509E-04 
1.10018E-04 -1.07682E-04 
8.87512E-05 -8.69151E-05 
7.26905E-05 -7.12295E-05 
6.09591E-05 -5.97768E-05 
5.26337E-05 -5.16619E-05 
4.55412E-05 -4.47587E-05 
3.80749E-05 -3.74853E-05 
1.83751E-02 -1.31235E-02 
1.59022E-02 -1.19159E-02 
1.34345E-02 -1.05265E-02 
1.12392E-02 -9.18141E-03 
9.15087E-03 -7.75958E-03 
7.20435E-03 -6.31006E-03 
5.44926E-03 -4.90482E-03 
4.25721E-03 -3.90029E-03 
3.93961E-03 -3.62611E-03 
2.63246E-03 -2.46957E-03 
1.66821E-03 -1.58784E-03 
1.01219E-03 -9.73810E-04 
5.98360E-04 -5.80099E-04 
3.54271E-04 -3.45259E-04 
2.14818E-04 -2.10056E-04 
1.36149E-04 -1.33396E-04 
9.11936E-05 -8.94462E-05 
6.44919E-05 -6.32909E-05 
4.76888E-05 -4.68157E-05 
3.63951E-05 -3.57395E-05 
2.83449E-05 -2.78464E-05 
2.24146E-05 -2.20355E-05 
1.80746E-05 -1.77883E-05 
1.48590E-05 -1.46497E-05 
1.20202E-05 -1.18858E-05 
9.15051E-06 -9.09052E-06 
1.72142E-02 -1.23486E-02 
1.47693E-02 -1.11290E-02 
1.23432E-02 -9.73615E-03 
1.01739E-02 -8.37350E-03 
8.11768E-03 -6.93875E-03 
6.21686E-03 -5.49024E-03 
4.52913E-03 -4.11048E-03 
3.40726E-03 -3.14722E-03 
3.11317E-03 -2.88882E-03 
1.93359E-03 -1.82824E-03 
1.11181E-03 -1.06619E-03 
5.95111E-04 -5.76570E-04 
3.01658E-04 -2.94312E-04 
1.50120E-04 -1.47092E-04 
7.65479E-05 -7.51563E-05 
4.20285E-05 -4.12822E-05 
2.56506E-05 -2.51870E-05 
1.73289E-05 -1.70093E-05 
1.25608E-05 -1.23272E-05 
9.42195E-06 -9.24724E-06 
7.10742E-06 -6.97751E-06 
5.28872E-06 -5.19502E-06 
3.81674E-06 -3.75350E-06 
2.52425E-06 -2.48932E-06 
1.21466E-06 -1.20947E-06 
-8.75703E-08 6.33599E-08 
1.61295E-02 -1.16215E-02 
1.37131E-02 -1.03911E-02 
1.13277E-02 -8.99461E-03 
9.18613E-03 -7.61655E-03 
7.16610E-03 -6.17359E-03 
5.31841E-03 -4.73469E-03 
3.70885E-03 -3.39311E-03 
2.66684E-03 -2.48283E-03 
2.39910E-03 -2.24374E-03 
1.35906E-03 -1.29473E-03 
6.85992E-04 -6.62517E-04 
3.06277E-04 -2.98628E-04 
1.22259E-04 -1.19887E-04 
4.67397E-05 -4.59241E-05 
2.04966E-05 -2.01385E-05 
1.27662E-05 -1.25769E-05 
1.05165E-05 -1.04132E-05 
9.32375E-06 -9.27040E-06 
8.07396E-06 -8.04864E-06 
6.66056E-06 -6.64965E-06 
5.19430E-06 -5.19008E-06 
3.78773E-06 -3.78629E-06 
2.48947E-06 -2.48905E-06 
1.21911E-06 -1.21903E-06 
-1.37921E-07 1.37918E-07 
-1.46952E-06 1.46951E-06 
---
