PdfType: replica
Format: lhagrid1
---
1.00000E-06 1.28121E-06 1.64152E-06 2.10317E-06 2.69463E-06 3.45242E-06 4.42329E-06 5.66715E-06 7.26076E-06 9.30241E-06 1.19180E-05 1.52689E-05 1.95617E-05 2.50609E-05 3.21053E-05 4.11287E-05 5.26863E-05 6.74889E-05 8.64459E-05 1.10720E-04 1.41800E-04 1.81585E-04 2.32503E-04 2.97652E-04 3.80981E-04 4.87518E-04 6.26039E-04 8.00452E-04 1.02297E-03 1.30657E-03 1.66759E-03 2.12729E-03 2.71054E-03 3.44865E-03 4.37927E-03 5.54908E-03 7.01192E-03 8.83064E-03 1.10763E-02 1.38266E-02 1.71641E-02 2.11717E-02 2.59364E-02 3.15062E-02 3.79623E-02 4.53425E-02 5.36750E-02 6.29705E-02 7.32221E-02 8.44039E-02 9.64793E-02 1.09332E-01 1.23067E-01 1.37507E-01 1.52639E-01 1.68416E-01 1.84794E-01 2.01731E-01 2.19016E-01 2.36948E-01 2.55242E-01 2.73927E-01 2.92954E-01 3.12340E-01 3.32036E-01 3.52019E-01 3.72282E-01 3.92772E-01 4.13533E-01 4.34326E-01 4.55495E-01 4.76836E-01 4.98342E-01 5.20006E-01 5.41818E-01 5.63773E-01 5.85861E-01 6.08077E-01 6.30459E-01 6.52800E-01 6.75387E-01 6.98063E-01 7.20830E-01 7.43683E-01 7.66623E-01 7.89636E-01 8.12791E-01 8.35940E-01 8.59175E-01 8.82485E-01 9.05866E-01 9.29311E-01 9.52817E-01 9.76387E-01 1.00000E+00 
1.14018E+00 1.22539E+00 1.32482E+00 1.44156E+00 1.57954E+00 1.74381E+00 1.94091E+00 2.12132E+00 2.17945E+00 2.49622E+00 2.89383E+00 3.39925E+00 4.05063E+00 4.90286E+00 6.03623E+00 7.57063E+00 9.68869E+00 1.26749E+01 1.69835E+01 2.33578E+01 3.30501E+01 4.82334E+01 7.28041E+01 1.13998E+02 1.85779E+02 3.16228E+02 
908 909 
7.14726E-03 -4.21800E-04 
7.18134E-03 -4.24183E-04 
7.20991E-03 -4.28852E-04 
7.23569E-03 -4.30471E-04 
7.26096E-03 -4.32384E-04 
7.28567E-03 -4.34677E-04 
7.30975E-03 -4.37447E-04 
7.32790E-03 -4.39984E-04 
7.33311E-03 -4.40799E-04 
7.35738E-03 -4.45195E-04 
7.38051E-03 -4.50551E-04 
7.40232E-03 -4.57024E-04 
7.42254E-03 -4.64779E-04 
7.43125E-03 -4.73751E-04 
7.44359E-03 -4.84847E-04 
7.45367E-03 -4.97797E-04 
7.46104E-03 -5.12852E-04 
7.46520E-03 -5.30342E-04 
7.46560E-03 -5.50840E-04 
7.46167E-03 -5.75727E-04 
7.45216E-03 -6.09198E-04 
7.43252E-03 -6.64517E-04 
7.38710E-03 -7.74731E-04 
7.28686E-03 -9.75837E-04 
7.12550E-03 -1.22750E-03 
6.93949E-03 -1.43164E-03 
7.04848E-03 -4.28282E-04 
7.08226E-03 -4.31006E-04 
7.11031E-03 -4.36405E-04 
7.13603E-03 -4.38417E-04 
7.16120E-03 -4.40755E-04 
7.18575E-03 -4.43514E-04 
7.20959E-03 -4.46797E-04 
7.22749E-03 -4.49767E-04 
7.23262E-03 -4.50715E-04 
7.25638E-03 -4.55787E-04 
7.27884E-03 -4.61890E-04 
7.29976E-03 -4.69185E-04 
7.31886E-03 -4.77839E-04 
7.32596E-03 -4.87524E-04 
7.33642E-03 -4.99608E-04 
7.34422E-03 -5.13619E-04 
7.34885E-03 -5.29803E-04 
7.34971E-03 -5.48486E-04 
7.34613E-03 -5.70239E-04 
7.33719E-03 -5.96457E-04 
7.32070E-03 -6.31434E-04 
7.28915E-03 -6.88798E-04 
7.21952E-03 -8.02562E-04 
7.07478E-03 -1.00976E-03 
6.85744E-03 -1.26872E-03 
6.62551E-03 -1.47821E-03 
6.95030E-03 -4.37313E-04 
6.98364E-03 -4.40311E-04 
7.01092E-03 -4.46348E-04 
7.03642E-03 -4.48692E-04 
7.06133E-03 -4.51398E-04 
7.08556E-03 -4.54565E-04 
7.10899E-03 -4.58304E-04 
7.12649E-03 -4.61664E-04 
7.13149E-03 -4.62732E-04 
7.15453E-03 -4.68420E-04 
7.17608E-03 -4.75209E-04 
7.19586E-03 -4.83265E-04 
7.21353E-03 -4.92751E-04 
7.21876E-03 -5.03031E-04 
7.22700E-03 -5.16014E-04 
7.23218E-03 -5.30988E-04 
7.23368E-03 -5.48194E-04 
7.23085E-03 -5.67947E-04 
7.22286E-03 -5.90813E-04 
7.20844E-03 -6.18201E-04 
7.18444E-03 -6.54499E-04 
7.14027E-03 -7.13701E-04 
7.04535E-03 -8.30780E-04 
6.85433E-03 -1.04378E-03 
6.57882E-03 -1.30960E-03 
6.29912E-03 -1.52383E-03 
6.85153E-03 -4.48245E-04 
6.88429E-03 -4.51432E-04 
6.91055E-03 -4.58017E-04 
6.93570E-03 -4.60620E-04 
6.96020E-03 -4.63622E-04 
6.98394E-03 -4.67129E-04 
7.00678E-03 -4.71259E-04 
7.02374E-03 -4.74959E-04 
7.02857E-03 -4.76133E-04 
7.05069E-03 -4.82367E-04 
7.07109E-03 -4.89774E-04 
7.08947E-03 -4.98518E-04 
7.10546E-03 -5.08759E-04 
7.10854E-03 -5.19504E-04 
7.11426E-03 -5.33287E-04 
7.11647E-03 -5.49115E-04 
7.11450E-03 -5.67220E-04 
7.10759E-03 -5.87905E-04 
7.09476E-03 -6.11726E-04 
7.07441E-03 -6.40101E-04 
7.04238E-03 -6.77508E-04 
6.98493E-03 -7.38302E-04 
6.86363E-03 -8.58394E-04 
6.62454E-03 -1.07678E-03 
6.28863E-03 -1.34888E-03 
5.95935E-03 -1.56713E-03 
6.75103E-03 -4.60309E-04 
6.78310E-03 -4.63600E-04 
6.80813E-03 -4.70647E-04 
6.83279E-03 -4.73433E-04 
6.85674E-03 -4.76658E-04 
6.87984E-03 -4.80436E-04 
6.90194E-03 -4.84890E-04 
6.91824E-03 -4.88879E-04 
6.92286E-03 -4.90144E-04 
6.94385E-03 -4.96856E-04 
6.96289E-03 -5.04810E-04 
6.97964E-03 -5.14167E-04 
6.99368E-03 -5.25084E-04 
6.99438E-03 -5.36157E-04 
6.99730E-03 -5.50634E-04 
6.99623E-03 -5.67200E-04 
6.99044E-03 -5.86072E-04 
6.97908E-03 -6.07538E-04 
6.96103E-03 -6.32140E-04 
6.93434E-03 -6.61299E-04 
6.89379E-03 -6.99577E-04 
6.82241E-03 -7.61674E-04 
6.67365E-03 -8.84408E-04 
6.38468E-03 -1.10764E-03 
5.98618E-03 -1.38528E-03 
5.60554E-03 -1.60667E-03 
6.64786E-03 -4.72743E-04 
6.67912E-03 -4.76053E-04 
6.70274E-03 -4.83486E-04 
6.72681E-03 -4.86380E-04 
6.75009E-03 -4.89758E-04 
6.77243E-03 -4.93740E-04 
6.79365E-03 -4.98454E-04 
6.80918E-03 -5.02684E-04 
6.81355E-03 -5.04027E-04 
6.83323E-03 -5.11149E-04 
6.85072E-03 -5.19580E-04 
6.86563E-03 -5.29478E-04 
6.87747E-03 -5.40988E-04 
6.87559E-03 -5.52244E-04 
6.87543E-03 -5.67305E-04 
6.87079E-03 -5.84485E-04 
6.86087E-03 -6.03982E-04 
6.84472E-03 -6.26065E-04 
6.82109E-03 -6.51254E-04 
6.78765E-03 -6.80972E-04 
6.73814E-03 -7.19851E-04 
6.65222E-03 -7.82920E-04 
6.47495E-03 -9.07844E-04 
6.13431E-03 -1.13526E-03 
5.67103E-03 -1.41751E-03 
5.23734E-03 -1.64100E-03 
6.54130E-03 -4.84851E-04 
6.57169E-03 -4.88102E-04 
6.59374E-03 -4.95847E-04 
6.61712E-03 -4.98779E-04 
6.63964E-03 -5.02244E-04 
6.66112E-03 -5.06369E-04 
6.68135E-03 -5.11282E-04 
6.69599E-03 -5.15708E-04 
6.70009E-03 -5.17115E-04 
6.71831E-03 -5.24582E-04 
6.73407E-03 -5.33423E-04 
6.74692E-03 -5.43784E-04 
6.75636E-03 -5.55802E-04 
6.75171E-03 -5.67086E-04 
6.74822E-03 -5.82612E-04 
6.73974E-03 -6.00270E-04 
6.72540E-03 -6.20236E-04 
6.70415E-03 -6.42753E-04 
6.67460E-03 -6.68314E-04 
6.63406E-03 -6.98335E-04 
6.57517E-03 -7.37510E-04 
6.47412E-03 -8.01166E-04 
6.26733E-03 -9.27739E-04 
5.87325E-03 -1.15852E-03 
5.34308E-03 -1.44428E-03 
4.85475E-03 -1.66864E-03 
6.43093E-03 -4.96037E-04 
6.46040E-03 -4.99157E-04 
6.48073E-03 -5.07135E-04 
6.50336E-03 -5.10038E-04 
6.52504E-03 -5.13527E-04 
6.54556E-03 -5.17734E-04 
6.56470E-03 -5.22790E-04 
6.57838E-03 -5.27367E-04 
6.58217E-03 -5.28824E-04 
6.59878E-03 -5.36571E-04 
6.61265E-03 -5.45748E-04 
6.62327E-03 -5.56492E-04 
6.63009E-03 -5.68923E-04 
6.62251E-03 -5.80062E-04 
6.61546E-03 -5.95924E-04 
6.60289E-03 -6.13909E-04 
6.58385E-03 -6.34166E-04 
6.55722E-03 -6.56907E-04 
6.52143E-03 -6.82595E-04 
6.47346E-03 -7.12627E-04 
6.40480E-03 -7.51747E-04 
6.28810E-03 -8.15541E-04 
6.05081E-03 -9.43125E-04 
5.60161E-03 -1.17628E-03 
5.00251E-03 -1.46423E-03 
4.45809E-03 -1.68807E-03 
6.31654E-03 -5.05805E-04 
6.34505E-03 -5.08723E-04 
6.36353E-03 -5.16838E-04 
6.38535E-03 -5.19645E-04 
6.40613E-03 -5.23096E-04 
6.42563E-03 -5.27326E-04 
6.44359E-03 -5.32465E-04 
6.45622E-03 -5.37146E-04 
6.45969E-03 -5.38640E-04 
6.47456E-03 -5.46595E-04 
6.48637E-03 -5.56028E-04 
6.49458E-03 -5.67060E-04 
6.49858E-03 -5.79794E-04 
6.48794E-03 -5.90594E-04 
6.47712E-03 -6.06640E-04 
6.46022E-03 -6.24777E-04 
6.43623E-03 -6.45120E-04 
6.40395E-03 -6.67844E-04 
6.36165E-03 -6.93374E-04 
6.30594E-03 -7.23079E-04 
6.22718E-03 -7.61738E-04 
6.09432E-03 -8.25151E-04 
5.82562E-03 -9.52992E-04 
5.31968E-03 -1.18736E-03 
4.64976E-03 -1.47594E-03 
4.04796E-03 -1.69764E-03 
6.19811E-03 -5.13734E-04 
6.22566E-03 -5.16382E-04 
6.24213E-03 -5.24506E-04 
6.26311E-03 -5.27147E-04 
6.28295E-03 -5.30496E-04 
6.30136E-03 -5.34684E-04 
6.31806E-03 -5.39841E-04 
6.32958E-03 -5.44571E-04 
6.33269E-03 -5.46085E-04 
6.34569E-03 -5.54164E-04 
6.35531E-03 -5.63757E-04 
6.36093E-03 -5.74966E-04 
6.36193E-03 -5.87870E-04 
6.34811E-03 -5.98104E-04 
6.33332E-03 -6.14158E-04 
6.31187E-03 -6.32240E-04 
6.28270E-03 -6.52428E-04 
6.24451E-03 -6.74851E-04 
6.19545E-03 -6.99889E-04 
6.13174E-03 -7.28878E-04 
6.04258E-03 -7.66604E-04 
5.89313E-03 -8.29033E-04 
5.59219E-03 -9.56250E-04 
5.02800E-03 -1.19046E-03 
4.28551E-03 -1.47787E-03 
3.62524E-03 -1.69558E-03 
6.07578E-03 -5.19450E-04 
6.10237E-03 -5.21756E-04 
6.11668E-03 -5.29713E-04 
6.13679E-03 -5.32114E-04 
6.15564E-03 -5.35285E-04 
6.17292E-03 -5.39358E-04 
6.18828E-03 -5.44455E-04 
6.19861E-03 -5.49171E-04 
6.20134E-03 -5.50685E-04 
6.21237E-03 -5.58786E-04 
6.21964E-03 -5.68420E-04 
6.22252E-03 -5.79667E-04 
6.22032E-03 -5.92577E-04 
6.20323E-03 -6.01981E-04 
6.18428E-03 -6.17831E-04 
6.15808E-03 -6.35614E-04 
6.12351E-03 -6.55359E-04 
6.07921E-03 -6.77147E-04 
6.02316E-03 -7.01305E-04 
5.95123E-03 -7.29120E-04 
5.85141E-03 -7.65370E-04 
5.68500E-03 -8.26117E-04 
5.35108E-03 -9.51686E-04 
4.72729E-03 -1.18414E-03 
3.91068E-03 -1.46830E-03 
3.19110E-03 -1.67994E-03 
5.94976E-03 -5.22586E-04 
5.97542E-03 -5.24471E-04 
5.98739E-03 -5.32020E-04 
6.00662E-03 -5.34093E-04 
6.02445E-03 -5.37002E-04 
6.04053E-03 -5.40870E-04 
6.05450E-03 -5.45811E-04 
6.06358E-03 -5.50433E-04 
6.06591E-03 -5.51923E-04 
6.07483E-03 -5.59918E-04 
6.07962E-03 -5.69446E-04 
6.07959E-03 -5.80557E-04 
6.07401E-03 -5.93272E-04 
6.05359E-03 -6.01533E-04 
6.03030E-03 -6.16928E-04 
5.99917E-03 -6.34118E-04 
5.95902E-03 -6.53082E-04 
5.90841E-03 -6.73843E-04 
5.84520E-03 -6.96665E-04 
5.76488E-03 -7.22779E-04 
5.65422E-03 -7.56924E-04 
5.47056E-03 -8.15185E-04 
5.10302E-03 -9.37927E-04 
4.41845E-03 -1.16679E-03 
3.52644E-03 -1.44531E-03 
2.74698E-03 -1.64851E-03 
5.82035E-03 -5.22737E-04 
5.84509E-03 -5.24110E-04 
5.85454E-03 -5.30927E-04 
5.87288E-03 -5.32570E-04 
5.88967E-03 -5.35112E-04 
5.90452E-03 -5.38668E-04 
5.91701E-03 -5.43335E-04 
5.92477E-03 -5.47763E-04 
5.92669E-03 -5.49197E-04 
5.93339E-03 -5.56925E-04 
5.93556E-03 -5.66162E-04 
5.93247E-03 -5.76925E-04 
5.92335E-03 -5.89198E-04 
5.89955E-03 -5.95950E-04 
5.87178E-03 -6.10589E-04 
5.83556E-03 -6.26839E-04 
5.78967E-03 -6.44622E-04 
5.73260E-03 -6.63895E-04 
5.66209E-03 -6.84854E-04 
5.57326E-03 -7.08657E-04 
5.45165E-03 -7.39978E-04 
5.25056E-03 -7.94836E-04 
4.84891E-03 -9.13397E-04 
4.10260E-03 -1.13656E-03 
3.13420E-03 -1.40672E-03 
2.29464E-03 -1.59885E-03 
5.68787E-03 -5.19418E-04 
5.71172E-03 -5.20175E-04 
5.71846E-03 -5.25830E-04 
5.73590E-03 -5.26923E-04 
5.75163E-03 -5.28973E-04 
5.76520E-03 -5.32082E-04 
5.77617E-03 -5.36330E-04 
5.78255E-03 -5.40439E-04 
5.78403E-03 -5.41779E-04 
5.78841E-03 -5.49042E-04 
5.78782E-03 -5.57759E-04 
5.78152E-03 -5.67911E-04 
5.76871E-03 -5.79443E-04 
5.74153E-03 -5.84263E-04 
5.70916E-03 -5.97789E-04 
5.66772E-03 -6.12691E-04 
5.61597E-03 -6.28826E-04 
5.55234E-03 -6.46078E-04 
5.47446E-03 -6.64564E-04 
5.37708E-03 -6.85359E-04 
5.24450E-03 -7.13036E-04 
5.02590E-03 -7.63448E-04 
4.58984E-03 -8.76290E-04 
3.78109E-03 -1.09134E-03 
2.73568E-03 -1.35008E-03 
1.83619E-03 -1.52820E-03 
5.55264E-03 -5.12027E-04 
5.57565E-03 -5.12045E-04 
5.57947E-03 -5.15982E-04 
5.59603E-03 -5.16381E-04 
5.61068E-03 -5.17790E-04 
5.62295E-03 -5.20289E-04 
5.63234E-03 -5.23939E-04 
5.63729E-03 -5.27576E-04 
5.63831E-03 -5.28775E-04 
5.64026E-03 -5.35328E-04 
5.63681E-03 -5.43248E-04 
5.62718E-03 -5.52475E-04 
5.61053E-03 -5.62908E-04 
5.58003E-03 -5.65306E-04 
5.54295E-03 -5.77303E-04 
5.49622E-03 -5.90382E-04 
5.43854E-03 -6.04326E-04 
5.36832E-03 -6.18942E-04 
5.28306E-03 -6.34260E-04 
5.17719E-03 -6.51255E-04 
5.03373E-03 -6.74365E-04 
4.79769E-03 -7.19156E-04 
4.32711E-03 -8.24539E-04 
3.45554E-03 -1.02877E-03 
2.33294E-03 -1.27263E-03 
1.37415E-03 -1.43352E-03 
5.41499E-03 -4.99802E-04 
5.43723E-03 -4.98937E-04 
5.43793E-03 -5.00452E-04 
5.45364E-03 -4.99990E-04 
5.46721E-03 -5.00577E-04 
5.47816E-03 -5.02272E-04 
5.48592E-03 -5.05107E-04 
5.48939E-03 -5.08088E-04 
5.48994E-03 -5.09088E-04 
5.48938E-03 -5.14639E-04 
5.48297E-03 -5.21431E-04 
5.46991E-03 -5.29358E-04 
5.44934E-03 -5.38269E-04 
5.41562E-03 -5.37689E-04 
5.37380E-03 -5.47674E-04 
5.32174E-03 -5.58381E-04 
5.25812E-03 -5.69514E-04 
5.18134E-03 -5.80793E-04 
5.08881E-03 -5.92155E-04 
4.97460E-03 -6.04459E-04 
4.82049E-03 -6.21967E-04 
4.56725E-03 -6.59824E-04 
4.06228E-03 -7.55798E-04 
3.12790E-03 -9.46157E-04 
1.92841E-03 -1.17130E-03 
9.11483E-04 -1.31139E-03 
5.27531E-03 -4.81789E-04 
5.29683E-03 -4.79875E-04 
5.29425E-03 -4.78091E-04 
5.30914E-03 -4.76572E-04 
5.32166E-03 -4.76128E-04 
5.33127E-03 -4.76786E-04 
5.33739E-03 -4.78550E-04 
5.33935E-03 -4.80656E-04 
5.33941E-03 -4.81390E-04 
5.33629E-03 -4.85593E-04 
5.32686E-03 -4.90866E-04 
5.31030E-03 -4.97054E-04 
5.28576E-03 -5.03956E-04 
5.24901E-03 -4.99773E-04 
5.20246E-03 -5.07191E-04 
5.14510E-03 -5.14899E-04 
5.07563E-03 -5.22515E-04 
4.99242E-03 -5.29667E-04 
4.89282E-03 -5.36187E-04 
4.77055E-03 -5.42807E-04 
4.60617E-03 -5.53564E-04 
4.33617E-03 -5.83030E-04 
3.79724E-03 -6.67425E-04 
2.80051E-03 -8.40511E-04 
1.52505E-03 -1.04268E-03 
4.51741E-04 -1.15812E-03 
5.13397E-03 -4.56812E-04 
5.15488E-03 -4.53658E-04 
5.14888E-03 -4.47497E-04 
5.16302E-03 -4.44700E-04 
5.17453E-03 -4.42980E-04 
5.18282E-03 -4.42333E-04 
5.18730E-03 -4.42725E-04 
5.18774E-03 -4.43701E-04 
5.18732E-03 -4.44091E-04 
5.18161E-03 -4.46540E-04 
5.16914E-03 -4.49842E-04 
5.14907E-03 -4.53788E-04 
5.12055E-03 -4.58120E-04 
5.08107E-03 -4.49641E-04 
5.02986E-03 -4.53864E-04 
4.96733E-03 -4.57863E-04 
4.89218E-03 -4.61167E-04 
4.80279E-03 -4.63305E-04 
4.69644E-03 -4.64000E-04 
4.56657E-03 -4.63837E-04 
4.39247E-03 -4.66578E-04 
4.10639E-03 -4.86054E-04 
3.53427E-03 -5.56473E-04 
2.47617E-03 -7.08522E-04 
1.12631E-03 -8.83039E-04 
-9.11999E-07 -9.69665E-04 
4.99145E-03 -4.23442E-04 
5.01186E-03 -4.18830E-04 
5.00238E-03 -4.06992E-04 
5.01587E-03 -4.02667E-04 
5.02644E-03 -3.99394E-04 
5.03347E-03 -3.97133E-04 
5.03634E-03 -3.95808E-04 
5.03528E-03 -3.95360E-04 
5.03439E-03 -3.95314E-04 
5.02612E-03 -3.95548E-04 
5.01064E-03 -3.96362E-04 
4.98711E-03 -3.97491E-04 
4.95470E-03 -3.98619E-04 
4.91287E-03 -3.85085E-04 
4.85718E-03 -3.85404E-04 
4.78970E-03 -3.84901E-04 
4.70915E-03 -3.83007E-04 
4.61396E-03 -3.79148E-04 
4.50136E-03 -3.72932E-04 
4.36451E-03 -3.64782E-04 
4.18147E-03 -3.58132E-04 
3.88025E-03 -3.65873E-04 
3.27609E-03 -4.19690E-04 
2.15821E-03 -5.46570E-04 
7.36340E-04 -6.88336E-04 
-4.41568E-04 -7.41700E-04 
4.84834E-03 -3.79971E-04 
4.86839E-03 -3.73654E-04 
4.85548E-03 -3.54598E-04 
4.86845E-03 -3.48465E-04 
4.87819E-03 -3.43328E-04 
4.88405E-03 -3.39103E-04 
4.88539E-03 -3.35671E-04 
4.88290E-03 -3.33465E-04 
4.88154E-03 -3.32881E-04 
4.87080E-03 -3.30376E-04 
4.85242E-03 -3.28120E-04 
4.82557E-03 -3.25789E-04 
4.78943E-03 -3.23005E-04 
4.74578E-03 -3.03595E-04 
4.68588E-03 -2.99221E-04 
4.61379E-03 -2.93332E-04 
4.52828E-03 -2.85258E-04 
4.42781E-03 -2.74322E-04 
4.30963E-03 -2.60010E-04 
4.16663E-03 -2.42568E-04 
3.97567E-03 -2.25039E-04 
3.66056E-03 -2.19164E-04 
3.02598E-03 -2.53531E-04 
1.85060E-03 -3.50742E-04 
3.60005E-04 -4.54248E-04 
-8.64475E-04 -4.69649E-04 
4.70535E-03 -3.24386E-04 
4.72522E-03 -3.16087E-04 
4.70908E-03 -2.88008E-04 
4.72171E-03 -2.79763E-04 
4.73077E-03 -2.72416E-04 
4.73561E-03 -2.65837E-04 
4.73556E-03 -2.59861E-04 
4.73174E-03 -2.55525E-04 
4.72995E-03 -2.54287E-04 
4.71690E-03 -2.48459E-04 
4.69581E-03 -2.42485E-04 
4.66586E-03 -2.35978E-04 
4.62628E-03 -2.28499E-04 
4.58150E-03 -2.02339E-04 
4.51778E-03 -1.92398E-04 
4.44155E-03 -1.80147E-04 
4.35166E-03 -1.64819E-04 
4.24664E-03 -1.45627E-04 
4.12375E-03 -1.21935E-04 
3.97566E-03 -9.37984E-05 
3.77808E-03 -6.38038E-05 
3.45069E-03 -4.23034E-05 
2.78781E-03 -5.41561E-05 
1.55802E-03 -1.16841E-04 
3.00125E-06 -1.76191E-04 
-1.26296E-03 -1.48717E-04 
4.56343E-03 -2.54356E-04 
4.58333E-03 -2.43763E-04 
4.56437E-03 -2.04591E-04 
4.57689E-03 -1.93903E-04 
4.58550E-03 -1.83968E-04 
4.58952E-03 -1.74607E-04 
4.58828E-03 -1.65603E-04 
4.58329E-03 -1.58725E-04 
4.58112E-03 -1.56708E-04 
4.56603E-03 -1.46910E-04 
4.54251E-03 -1.36504E-04 
4.50981E-03 -1.25036E-04 
4.46719E-03 -1.12002E-04 
4.42214E-03 -7.81777E-05 
4.35514E-03 -6.17074E-05 
4.27541E-03 -4.20296E-05 
4.18190E-03 -1.82751E-05 
4.07325E-03 1.04442E-05 
3.94677E-03 4.48895E-05 
3.79493E-03 8.52101E-05 
3.59234E-03 1.29344E-04 
3.25467E-03 1.68587E-04 
2.56621E-03 1.82503E-04 
1.28601E-03 1.59526E-04 
-3.27988E-04 1.50575E-04 
-1.62926E-03 2.25975E-04 
4.42379E-03 -1.67202E-04 
4.44399E-03 -1.53967E-04 
4.42289E-03 -1.01367E-04 
4.43560E-03 -8.78829E-05 
4.44402E-03 -7.49513E-05 
4.44750E-03 -6.23406E-05 
4.44536E-03 -4.97831E-05 
4.43944E-03 -3.99135E-05 
4.43696E-03 -3.69778E-05 
4.42018E-03 -2.25055E-05 
4.39465E-03 -6.88588E-06 
4.35966E-03 1.03994E-05 
4.31456E-03 2.99203E-05 
4.27031E-03 7.23511E-05 
4.20072E-03 9.64012E-05 
4.11829E-03 1.24665E-04 
4.02214E-03 1.58107E-04 
3.91102E-03 1.97714E-04 
3.78232E-03 2.44368E-04 
3.62837E-03 2.98432E-04 
3.42274E-03 3.58444E-04 
3.07725E-03 4.17630E-04 
2.36657E-03 4.60730E-04 
1.04099E-03 4.82930E-04 
-6.25247E-04 5.30898E-04 
-1.95447E-03 6.59335E-04 
4.28798E-03 -5.98904E-05 
4.30878E-03 -4.36212E-05 
4.28660E-03 2.49761E-05 
4.29985E-03 4.16301E-05 
4.30845E-03 5.79964E-05 
4.31174E-03 7.43603E-05 
4.30907E-03 9.10422E-05 
4.30254E-03 1.04391E-04 
4.29984E-03 1.08396E-04 
4.28185E-03 1.28307E-04 
4.25485E-03 1.49984E-04 
4.21820E-03 1.74013E-04 
4.17133E-03 2.01027E-04 
4.12917E-03 2.53014E-04 
4.05785E-03 2.85784E-04 
3.97376E-03 3.23881E-04 
3.87617E-03 3.68359E-04 
3.76400E-03 4.20292E-04 
3.63476E-03 4.80672E-04 
3.48067E-03 5.50089E-04 
3.27436E-03 6.27752E-04 
2.92400E-03 7.09126E-04 
2.19522E-03 7.84937E-04 
8.30418E-04 8.58003E-04 
-8.79878E-04 9.69601E-04 
-2.22839E-03 1.15612E-03 
4.15796E-03 7.09768E-05 
4.17972E-03 9.07206E-05 
4.15797E-03 1.78067E-04 
4.17220E-03 1.98284E-04 
4.18141E-03 2.18551E-04 
4.18497E-03 2.39207E-04 
4.18226E-03 2.60626E-04 
4.17549E-03 2.77980E-04 
4.17270E-03 2.83215E-04 
4.15412E-03 3.09388E-04 
4.12634E-03 3.38032E-04 
4.08882E-03 3.69798E-04 
4.04108E-03 4.05385E-04 
4.00254E-03 4.67859E-04 
3.93056E-03 5.10578E-04 
3.84606E-03 5.59842E-04 
3.74849E-03 6.16777E-04 
3.63699E-03 6.82532E-04 
3.50923E-03 7.58197E-04 
3.35736E-03 8.44590E-04 
3.15316E-03 9.41672E-04 
2.80142E-03 1.04747E-03 
2.05948E-03 1.15956E-03 
6.62904E-04 1.28931E-03 
-1.08170E-03 1.47131E-03 
-2.43944E-03 1.72076E-03 
4.03617E-03 2.29157E-04 
4.05931E-03 2.52875E-04 
4.04011E-03 3.61814E-04 
4.05583E-03 3.86007E-04 
4.06618E-03 4.10668E-04 
4.07055E-03 4.36191E-04 
4.06837E-03 4.63003E-04 
4.06187E-03 4.84922E-04 
4.05914E-03 4.91561E-04 
4.04073E-03 5.24879E-04 
4.01303E-03 5.61463E-04 
3.97560E-03 6.02029E-04 
3.92810E-03 6.47336E-04 
3.89497E-03 7.21185E-04 
3.82362E-03 7.75165E-04 
3.74022E-03 8.37001E-04 
3.64444E-03 9.07874E-04 
3.53566E-03 9.88982E-04 
3.41175E-03 1.08149E-03 
3.26487E-03 1.18645E-03 
3.06606E-03 1.30466E-03 
2.71707E-03 1.43703E-03 
1.96779E-03 1.58893E-03 
5.48293E-04 1.78118E-03 
-1.21915E-03 2.04026E-03 
-2.57453E-03 2.35709E-03 
3.92406E-03 4.21960E-04 
3.94907E-03 4.50297E-04 
3.93537E-03 5.84025E-04 
3.95321E-03 6.12698E-04 
3.96534E-03 6.42359E-04 
3.97120E-03 6.73453E-04 
3.97030E-03 7.06459E-04 
3.96467E-03 7.33632E-04 
3.96218E-03 7.41886E-04 
3.94488E-03 7.83425E-04 
3.91833E-03 8.29137E-04 
3.88219E-03 8.79795E-04 
3.83626E-03 9.36217E-04 
3.81076E-03 1.02244E-03 
3.74163E-03 1.08928E-03 
3.66118E-03 1.16538E-03 
3.56935E-03 1.25195E-03 
3.46582E-03 1.35021E-03 
3.34869E-03 1.46138E-03 
3.21020E-03 1.58672E-03 
3.02075E-03 1.72797E-03 
2.67943E-03 1.88936E-03 
1.92970E-03 2.08512E-03 
4.97563E-04 2.34662E-03 
-1.27939E-03 2.69048E-03 
-2.61892E-03 3.07966E-03 
3.82885E-03 6.47848E-04 
3.85624E-03 6.81394E-04 
3.85170E-03 8.42087E-04 
3.87230E-03 8.75637E-04 
3.88689E-03 9.10785E-04 
3.89499E-03 9.48026E-04 
3.89617E-03 9.87887E-04 
3.89210E-03 1.02088E-03 
3.89006E-03 1.03093E-03 
3.87496E-03 1.08158E-03 
3.85076E-03 1.13739E-03 
3.81728E-03 1.19918E-03 
3.77446E-03 1.26783E-03 
3.75885E-03 1.36692E-03 
3.69375E-03 1.44787E-03 
3.61833E-03 1.53950E-03 
3.53288E-03 1.64303E-03 
3.43737E-03 1.75965E-03 
3.33020E-03 1.89059E-03 
3.20372E-03 2.03732E-03 
3.02791E-03 2.20256E-03 
2.69969E-03 2.39421E-03 
1.95747E-03 2.63619E-03 
5.25044E-04 2.97118E-03 
-1.24581E-03 3.40429E-03 
-2.55478E-03 3.86762E-03 
3.75315E-03 9.14238E-04 
3.78351E-03 9.53758E-04 
3.79291E-03 1.14345E-03 
3.81701E-03 1.18238E-03 
3.83485E-03 1.22363E-03 
3.84605E-03 1.26774E-03 
3.85026E-03 1.31527E-03 
3.84854E-03 1.35478E-03 
3.84721E-03 1.36683E-03 
3.83557E-03 1.42768E-03 
3.81513E-03 1.49476E-03 
3.78590E-03 1.56896E-03 
3.74801E-03 1.65115E-03 
3.74497E-03 1.76362E-03 
3.68602E-03 1.86014E-03 
3.61813E-03 1.96879E-03 
3.54192E-03 2.09069E-03 
3.45772E-03 2.22699E-03 
3.36427E-03 2.37887E-03 
3.25411E-03 2.54801E-03 
3.09694E-03 2.73818E-03 
2.78809E-03 2.96131E-03 
2.06243E-03 3.25202E-03 
6.43560E-04 3.66511E-03 
-1.10371E-03 4.19233E-03 
-2.36561E-03 4.73152E-03 
3.70232E-03 1.22592E-03 
3.73631E-03 1.27231E-03 
3.76562E-03 1.49219E-03 
3.79400E-03 1.53707E-03 
3.81597E-03 1.58511E-03 
3.83122E-03 1.63687E-03 
3.83952E-03 1.69297E-03 
3.84107E-03 1.73976E-03 
3.84071E-03 1.75405E-03 
3.83397E-03 1.82625E-03 
3.81893E-03 1.90586E-03 
3.79579E-03 1.99377E-03 
3.76491E-03 2.09086E-03 
3.77740E-03 2.21697E-03 
3.72710E-03 2.33053E-03 
3.66963E-03 2.45756E-03 
3.60600E-03 2.59910E-03 
3.53691E-03 2.75614E-03 
3.46150E-03 2.92981E-03 
3.37255E-03 3.12192E-03 
3.23970E-03 3.33741E-03 
2.95731E-03 3.59260E-03 
2.25846E-03 3.93377E-03 
8.68847E-04 4.42862E-03 
-8.35186E-04 5.05349E-03 
-2.03181E-03 5.66865E-03 
3.68267E-03 1.58771E-03 
3.72099E-03 1.64203E-03 
3.77751E-03 1.89202E-03 
3.81101E-03 1.94354E-03 
3.83803E-03 1.99915E-03 
3.85838E-03 2.05946E-03 
3.87194E-03 2.12513E-03 
3.87777E-03 2.18003E-03 
3.87871E-03 2.19681E-03 
3.87848E-03 2.28162E-03 
3.87068E-03 2.37507E-03 
3.85575E-03 2.47804E-03 
3.83426E-03 2.59137E-03 
3.86557E-03 2.73109E-03 
3.82681E-03 2.86303E-03 
3.78312E-03 3.00964E-03 
3.73591E-03 3.17178E-03 
3.68632E-03 3.35026E-03 
3.63385E-03 3.54603E-03 
3.57166E-03 3.76107E-03 
3.46950E-03 4.00150E-03 
3.22150E-03 4.28844E-03 
2.56098E-03 4.68076E-03 
1.21825E-03 5.25967E-03 
-4.20663E-04 5.98399E-03 
-1.53217E-03 6.67319E-03 
3.70156E-03 2.00499E-03 
3.74500E-03 2.06849E-03 
3.83754E-03 2.34685E-03 
3.87701E-03 2.40582E-03 
3.91006E-03 2.46995E-03 
3.93664E-03 2.53987E-03 
3.95676E-03 2.61625E-03 
3.96799E-03 2.68019E-03 
3.97058E-03 2.69974E-03 
3.97870E-03 2.79852E-03 
3.98026E-03 2.90719E-03 
3.97593E-03 3.02658E-03 
3.96661E-03 3.15746E-03 
4.02035E-03 3.31039E-03 
3.99653E-03 3.46186E-03 
3.97054E-03 3.62895E-03 
3.94422E-03 3.81224E-03 
3.91915E-03 4.01227E-03 
3.89527E-03 4.22980E-03 
3.86611E-03 4.46686E-03 
3.80179E-03 4.73090E-03 
3.59705E-03 5.04818E-03 
2.98770E-03 5.49102E-03 
1.71156E-03 6.15460E-03 
1.61999E-04 6.97801E-03 
-8.42872E-04 7.73699E-03 
3.76741E-03 2.48138E-03 
3.81683E-03 2.55555E-03 
3.95558E-03 2.85819E-03 
4.00186E-03 2.92564E-03 
4.04195E-03 2.99942E-03 
4.07594E-03 3.08015E-03 
4.10402E-03 3.16849E-03 
4.12189E-03 3.24249E-03 
4.12651E-03 3.26510E-03 
4.14502E-03 3.37925E-03 
4.15832E-03 3.50450E-03 
4.16736E-03 3.64157E-03 
4.17335E-03 3.79109E-03 
4.25338E-03 3.95629E-03 
4.24843E-03 4.12803E-03 
4.24464E-03 4.31592E-03 
4.24430E-03 4.52020E-03 
4.24944E-03 4.74104E-03 
4.26042E-03 4.97890E-03 
4.27122E-03 5.23592E-03 
4.25256E-03 5.52088E-03 
4.10072E-03 5.86552E-03 
3.55656E-03 6.35636E-03 
2.36850E-03 7.10273E-03 
9.34463E-04 8.02181E-03 
5.88381E-05 8.84318E-03 
3.88955E-03 3.02041E-03 
3.94590E-03 3.10696E-03 
4.14235E-03 3.42705E-03 
4.19626E-03 3.50427E-03 
4.24441E-03 3.58904E-03 
4.28707E-03 3.68197E-03 
4.32463E-03 3.78369E-03 
4.35052E-03 3.86880E-03 
4.35762E-03 3.89479E-03 
4.38883E-03 4.02571E-03 
4.41657E-03 4.16880E-03 
4.44214E-03 4.32460E-03 
4.46707E-03 4.49349E-03 
4.57753E-03 4.66939E-03 
4.59600E-03 4.86152E-03 
4.61960E-03 5.06974E-03 
4.65105E-03 5.29385E-03 
4.69279E-03 5.53359E-03 
4.74563E-03 5.78908E-03 
4.80399E-03 6.06250E-03 
4.83947E-03 6.36404E-03 
4.75091E-03 6.73124E-03 
4.28704E-03 7.26531E-03 
3.21026E-03 8.08968E-03 
1.91969E-03 9.09748E-03 
1.19677E-03 9.97041E-03 
4.07800E-03 3.62428E-03 
4.14235E-03 3.72517E-03 
4.40899E-03 4.05266E-03 
4.47131E-03 4.14122E-03 
4.52859E-03 4.23858E-03 
4.58128E-03 4.34529E-03 
4.63001E-03 4.46189E-03 
4.66547E-03 4.55920E-03 
4.67553E-03 4.58885E-03 
4.72210E-03 4.73783E-03 
4.76743E-03 4.89975E-03 
4.81316E-03 5.07489E-03 
4.86124E-03 5.26333E-03 
5.00647E-03 5.44751E-03 
5.05365E-03 5.65920E-03 
5.11056E-03 5.88613E-03 
5.18033E-03 6.12759E-03 
5.26580E-03 6.38281E-03 
5.36813E-03 6.65153E-03 
5.48226E-03 6.93594E-03 
5.58088E-03 7.24775E-03 
5.56652E-03 7.63048E-03 
5.19888E-03 8.20037E-03 
4.25788E-03 9.09440E-03 
3.13997E-03 1.01798E-02 
2.59343E-03 1.10897E-02 
4.34363E-03 4.29465E-03 
4.41727E-03 4.41204E-03 
4.76711E-03 4.73343E-03 
4.83866E-03 4.83526E-03 
4.90623E-03 4.94704E-03 
4.97051E-03 5.06922E-03 
5.03236E-03 5.20220E-03 
5.07921E-03 5.31269E-03 
5.09283E-03 5.34627E-03 
5.15786E-03 5.51429E-03 
5.22446E-03 5.69555E-03 
5.29468E-03 5.88996E-03 
5.37080E-03 6.09721E-03 
5.55542E-03 6.28626E-03 
5.63744E-03 6.51535E-03 
5.73442E-03 6.75785E-03 
5.84987E-03 7.01245E-03 
5.98692E-03 7.27784E-03 
6.14705E-03 7.55332E-03 
6.32567E-03 7.84115E-03 
6.49686E-03 8.15461E-03 
6.56804E-03 8.54335E-03 
6.31319E-03 9.13860E-03 
5.53352E-03 1.00900E-02 
4.61832E-03 1.12374E-02 
4.27157E-03 1.21654E-02 
4.69729E-03 5.03058E-03 
4.78181E-03 5.16670E-03 
5.22754E-03 5.46507E-03 
5.30925E-03 5.58231E-03 
5.38847E-03 5.71045E-03 
5.46618E-03 5.84976E-03 
5.54351E-03 6.00040E-03 
5.60392E-03 6.12479E-03 
5.62179E-03 6.16244E-03 
5.70903E-03 6.34983E-03 
5.80131E-03 6.55005E-03 
5.90106E-03 6.76255E-03 
6.01096E-03 6.98653E-03 
6.23976E-03 7.17575E-03 
6.36361E-03 7.41828E-03 
6.50826E-03 7.67119E-03 
6.67746E-03 7.93254E-03 
6.87456E-03 8.20045E-03 
7.10122E-03 8.47381E-03 
7.35329E-03 8.75497E-03 
7.60651E-03 9.05887E-03 
7.77448E-03 9.44131E-03 
7.64900E-03 1.00481E-02 
7.05643E-03 1.10402E-02 
6.37374E-03 1.22288E-02 
6.24879E-03 1.31520E-02 
5.14967E-03 5.82916E-03 
5.24711E-03 5.98610E-03 
5.80007E-03 6.24150E-03 
5.89315E-03 6.37638E-03 
5.98580E-03 6.52269E-03 
6.07927E-03 6.68044E-03 
6.17503E-03 6.84950E-03 
6.25172E-03 6.98789E-03 
6.27471E-03 7.02958E-03 
6.38871E-03 7.23558E-03 
6.51195E-03 7.45302E-03 
6.64725E-03 7.68082E-03 
6.79759E-03 7.91756E-03 
7.07551E-03 8.10074E-03 
7.24909E-03 8.35043E-03 
7.44977E-03 8.60612E-03 
7.68143E-03 8.86524E-03 
7.94744E-03 9.12533E-03 
8.24953E-03 9.38498E-03 
8.58393E-03 9.64670E-03 
8.92828E-03 9.92714E-03 
9.20374E-03 1.02881E-02 
9.22364E-03 1.08892E-02 
8.84327E-03 1.19005E-02 
8.42168E-03 1.31044E-02 
8.53809E-03 1.39962E-02 
5.71072E-03 6.68477E-03 
5.82383E-03 6.86407E-03 
6.49272E-03 7.05447E-03 
6.59894E-03 7.20892E-03 
6.70744E-03 7.37468E-03 
6.81980E-03 7.55140E-03 
6.93779E-03 7.73858E-03 
7.03419E-03 7.89013E-03 
7.06337E-03 7.93549E-03 
7.20974E-03 8.15765E-03 
7.37033E-03 8.38863E-03 
7.54822E-03 8.62671E-03 
7.74667E-03 8.86985E-03 
8.07876E-03 9.03893E-03 
8.31078E-03 9.28673E-03 
8.57647E-03 9.53469E-03 
8.87964E-03 9.77967E-03 
9.22351E-03 1.00187E-02 
9.60968E-03 1.02503E-02 
1.00347E-02 1.04771E-02 
1.04783E-02 1.07175E-02 
1.08708E-02 1.10393E-02 
1.10507E-02 1.16140E-02 
1.09059E-02 1.26186E-02 
1.07714E-02 1.38071E-02 
1.11451E-02 1.46373E-02 
6.38919E-03 7.58841E-03 
6.52168E-03 7.79056E-03 
7.31119E-03 7.89326E-03 
7.43323E-03 8.06836E-03 
7.56102E-03 8.25372E-03 
7.69646E-03 8.44855E-03 
7.84163E-03 8.65185E-03 
7.96206E-03 8.81421E-03 
7.99878E-03 8.86241E-03 
8.18441E-03 9.09594E-03 
8.38991E-03 9.33415E-03 
8.61858E-03 9.57467E-03 
8.87376E-03 9.81485E-03 
9.26502E-03 9.95978E-03 
9.56478E-03 1.01935E-02 
9.90474E-03 1.04201E-02 
1.02884E-02 1.06360E-02 
1.07186E-02 1.08379E-02 
1.11967E-02 1.10243E-02 
1.17193E-02 1.11982E-02 
1.22689E-02 1.13801E-02 
1.27858E-02 1.16425E-02 
1.31378E-02 1.21676E-02 
1.32491E-02 1.31355E-02 
1.34236E-02 1.42736E-02 
1.40653E-02 1.50101E-02 
7.19250E-03 8.52725E-03 
7.34938E-03 8.75100E-03 
8.25885E-03 8.74447E-03 
8.40072E-03 8.93972E-03 
8.55263E-03 9.14294E-03 
8.71676E-03 9.35282E-03 
8.89548E-03 9.56784E-03 
9.04532E-03 9.73663E-03 
9.09124E-03 9.78623E-03 
9.32437E-03 1.00232E-02 
9.58360E-03 1.02591E-02 
9.87226E-03 1.04909E-02 
1.01936E-02 1.07154E-02 
1.06488E-02 1.08241E-02 
1.10257E-02 1.10282E-02 
1.14490E-02 1.12167E-02 
1.19215E-02 1.13858E-02 
1.24455E-02 1.15320E-02 
1.30217E-02 1.16538E-02 
1.36470E-02 1.17554E-02 
1.43065E-02 1.18585E-02 
1.49524E-02 1.20403E-02 
1.54854E-02 1.24903E-02 
1.58688E-02 1.33886E-02 
1.63687E-02 1.44386E-02 
1.72831E-02 1.50487E-02 
8.12655E-03 9.48362E-03 
8.31439E-03 9.72517E-03 
9.33682E-03 9.59115E-03 
9.50425E-03 9.80352E-03 
9.68681E-03 1.00201E-02 
9.88691E-03 1.02390E-02 
1.01071E-02 1.04582E-02 
1.02929E-02 1.06265E-02 
1.03499E-02 1.06753E-02 
1.06401E-02 1.09042E-02 
1.09630E-02 1.11246E-02 
1.13216E-02 1.13329E-02 
1.17188E-02 1.15255E-02 
1.22422E-02 1.15837E-02 
1.27053E-02 1.17398E-02 
1.32200E-02 1.18709E-02 
1.37882E-02 1.19730E-02 
1.44114E-02 1.20431E-02 
1.50896E-02 1.20801E-02 
1.58196E-02 1.20888E-02 
1.65897E-02 1.20929E-02 
1.73656E-02 1.21728E-02 
1.80838E-02 1.25219E-02 
1.87495E-02 1.33160E-02 
1.95843E-02 1.42390E-02 
2.07686E-02 1.46913E-02 
9.19792E-03 1.04358E-02 
9.42510E-03 1.06880E-02 
1.05468E-02 1.04132E-02 
1.07476E-02 1.06364E-02 
1.09693E-02 1.08583E-02 
1.12144E-02 1.10765E-02 
1.14856E-02 1.12885E-02 
1.17149E-02 1.14464E-02 
1.17853E-02 1.14914E-02 
1.21434E-02 1.16968E-02 
1.25404E-02 1.18846E-02 
1.29792E-02 1.20510E-02 
1.34620E-02 1.21922E-02 
1.40568E-02 1.21843E-02 
1.46140E-02 1.22715E-02 
1.52264E-02 1.23237E-02 
1.58950E-02 1.23376E-02 
1.66201E-02 1.23106E-02 
1.74009E-02 1.22422E-02 
1.82342E-02 1.21384E-02 
1.91117E-02 1.20243E-02 
2.00138E-02 1.19821E-02 
2.09164E-02 1.22054E-02 
2.18685E-02 1.28609E-02 
2.30396E-02 1.36190E-02 
2.44832E-02 1.38853E-02 
1.04061E-02 1.13503E-02 
1.06825E-02 1.16022E-02 
1.18829E-02 1.11807E-02 
1.21268E-02 1.14041E-02 
1.23977E-02 1.16191E-02 
1.26983E-02 1.18229E-02 
1.30309E-02 1.20125E-02 
1.33118E-02 1.21474E-02 
1.33979E-02 1.21847E-02 
1.38345E-02 1.23474E-02 
1.43160E-02 1.24824E-02 
1.48441E-02 1.25859E-02 
1.54205E-02 1.26542E-02 
1.60884E-02 1.25640E-02 
1.67446E-02 1.25605E-02 
1.74578E-02 1.25128E-02 
1.82278E-02 1.24179E-02 
1.90533E-02 1.22741E-02 
1.99327E-02 1.20822E-02 
2.08628E-02 1.18491E-02 
2.18393E-02 1.16011E-02 
2.28583E-02 1.14207E-02 
2.39376E-02 1.14968E-02 
2.51708E-02 1.19828E-02 
2.66694E-02 1.25422E-02 
2.83525E-02 1.26012E-02 
1.17614E-02 1.21958E-02 
1.20986E-02 1.24319E-02 
1.33520E-02 1.18648E-02 
1.36505E-02 1.20734E-02 
1.39824E-02 1.22652E-02 
1.43500E-02 1.24368E-02 
1.47554E-02 1.25850E-02 
1.50961E-02 1.26817E-02 
1.52003E-02 1.27067E-02 
1.57262E-02 1.28044E-02 
1.63015E-02 1.28638E-02 
1.69270E-02 1.28814E-02 
1.76031E-02 1.28540E-02 
1.83437E-02 1.26652E-02 
1.91013E-02 1.25496E-02 
1.99151E-02 1.23814E-02 
2.07834E-02 1.21588E-02 
2.17039E-02 1.18812E-02 
2.26735E-02 1.15505E-02 
2.36895E-02 1.11751E-02 
2.47519E-02 1.07817E-02 
2.58736E-02 1.04512E-02 
2.71164E-02 1.03630E-02 
2.86188E-02 1.06526E-02 
3.04284E-02 1.09846E-02 
3.23242E-02 1.08215E-02 
1.32691E-02 1.29290E-02 
1.36795E-02 1.31303E-02 
1.49563E-02 1.24257E-02 
1.53222E-02 1.26005E-02 
1.57274E-02 1.27488E-02 
1.61737E-02 1.28672E-02 
1.66626E-02 1.29523E-02 
1.70708E-02 1.29935E-02 
1.71952E-02 1.30013E-02 
1.78194E-02 1.30101E-02 
1.84956E-02 1.29702E-02 
1.92236E-02 1.28788E-02 
2.00022E-02 1.27337E-02 
2.08125E-02 1.24316E-02 
2.16692E-02 1.21849E-02 
2.25787E-02 1.18792E-02 
2.35376E-02 1.15139E-02 
2.45422E-02 1.10901E-02 
2.55886E-02 1.06109E-02 
2.66744E-02 1.00858E-02 
2.78042E-02 9.54186E-03 
2.90091E-02 9.05583E-03 
3.03957E-02 8.79282E-03 
3.21473E-02 8.86591E-03 
3.42422E-02 8.94989E-03 
3.63168E-02 8.55897E-03 
1.49383E-02 1.35029E-02 
1.54341E-02 1.36469E-02 
1.67031E-02 1.28193E-02 
1.71492E-02 1.29378E-02 
1.76395E-02 1.30196E-02 
1.81751E-02 1.30615E-02 
1.87569E-02 1.30604E-02 
1.92388E-02 1.30284E-02 
1.93849E-02 1.30137E-02 
2.01135E-02 1.29097E-02 
2.08946E-02 1.27476E-02 
2.17263E-02 1.25260E-02 
2.26060E-02 1.22437E-02 
2.34796E-02 1.18167E-02 
2.44284E-02 1.14241E-02 
2.54235E-02 1.09685E-02 
2.64601E-02 1.04513E-02 
2.75329E-02 9.87486E-03 
2.86375E-02 9.24393E-03 
2.97720E-02 8.56892E-03 
3.09463E-02 7.87622E-03 
3.22099E-02 7.23650E-03 
3.37154E-02 6.79539E-03 
3.56888E-02 6.63999E-03 
3.80357E-02 6.46450E-03 
4.02495E-02 5.84965E-03 
1.67792E-02 1.38663E-02 
1.73716E-02 1.39288E-02 
1.86018E-02 1.29971E-02 
1.91397E-02 1.30350E-02 
1.97254E-02 1.30262E-02 
2.03589E-02 1.29678E-02 
2.10400E-02 1.28575E-02 
2.15991E-02 1.27353E-02 
2.17678E-02 1.26933E-02 
2.26032E-02 1.24544E-02 
2.34886E-02 1.21504E-02 
2.44205E-02 1.17808E-02 
2.53949E-02 1.13464E-02 
2.63217E-02 1.07872E-02 
2.73503E-02 1.02394E-02 
2.84157E-02 9.62832E-03 
2.95118E-02 8.95662E-03 
3.06321E-02 8.22844E-03 
3.17716E-02 7.44994E-03 
3.29296E-02 6.63221E-03 
3.41213E-02 5.80020E-03 
3.54155E-02 5.01617E-03 
3.70101E-02 4.40167E-03 
3.91719E-02 4.01471E-03 
4.17311E-02 3.57818E-03 
4.40404E-02 2.75268E-03 
1.88022E-02 1.39673E-02 
1.95000E-02 1.39238E-02 
2.06628E-02 1.29094E-02 
2.13017E-02 1.28423E-02 
2.19898E-02 1.27193E-02 
2.27261E-02 1.25384E-02 
2.35093E-02 1.22981E-02 
2.41462E-02 1.20709E-02 
2.43373E-02 1.19976E-02 
2.52768E-02 1.16059E-02 
2.62608E-02 1.11446E-02 
2.72842E-02 1.06150E-02 
2.83412E-02 1.00196E-02 
2.93074E-02 9.32604E-03 
3.03982E-02 8.62133E-03 
3.15137E-02 7.85618E-03 
3.26463E-02 7.03513E-03 
3.37889E-02 6.16383E-03 
3.49363E-02 5.24966E-03 
3.60890E-02 4.30404E-03 
3.72682E-02 3.34957E-03 
3.85619E-02 2.43802E-03 
4.02124E-02 1.66267E-03 
4.25243E-02 1.05025E-03 
4.52513E-02 3.61106E-04 
4.76103E-02 -6.53028E-04 
2.10152E-02 1.37566E-02 
2.18234E-02 1.35841E-02 
2.28941E-02 1.25092E-02 
2.36393E-02 1.23145E-02 
2.44328E-02 1.20566E-02 
2.52725E-02 1.17343E-02 
2.61558E-02 1.13474E-02 
2.68668E-02 1.10040E-02 
2.70790E-02 1.08964E-02 
2.81145E-02 1.03396E-02 
2.91858E-02 9.71215E-03 
3.02864E-02 9.01736E-03 
3.14089E-02 8.25943E-03 
3.23968E-02 7.43566E-03 
3.35273E-02 6.57978E-03 
3.46679E-02 5.67005E-03 
3.58101E-02 4.71262E-03 
3.69464E-02 3.71451E-03 
3.80717E-02 2.68401E-03 
3.91881E-02 1.63241E-03 
4.03233E-02 5.79103E-04 
4.15838E-02 -4.36557E-04 
4.32550E-02 -1.35294E-03 
4.56753E-02 -2.17589E-03 
4.85224E-02 -3.09976E-03 
5.08847E-02 -4.27300E-03 
2.34223E-02 1.31915E-02 
2.43417E-02 1.28706E-02 
2.53001E-02 1.17563E-02 
2.61521E-02 1.14154E-02 
2.70491E-02 1.10060E-02 
2.79876E-02 1.05284E-02 
2.89635E-02 9.98381E-03 
2.97413E-02 9.51764E-03 
2.99720E-02 9.37415E-03 
3.10898E-02 8.64712E-03 
3.22317E-02 7.85217E-03 
3.33897E-02 6.99457E-03 
3.45554E-02 6.08040E-03 
3.55439E-02 5.13691E-03 
3.66876E-02 4.14348E-03 
3.78249E-02 3.10625E-03 
3.89469E-02 2.03278E-03 
4.00460E-02 9.31131E-04 
4.11174E-02 -1.89833E-04 
4.21658E-02 -1.31948E-03 
4.32248E-02 -2.44248E-03 
4.44195E-02 -3.53346E-03 
4.60753E-02 -4.56495E-03 
4.85607E-02 -5.57570E-03 
5.14786E-02 -6.70816E-03 
5.37993E-02 -8.00520E-03 
2.60067E-02 1.22463E-02 
2.70325E-02 1.17634E-02 
2.78644E-02 1.06286E-02 
2.88179E-02 1.01289E-02 
2.98106E-02 9.55817E-03 
3.08374E-02 8.91843E-03 
3.18931E-02 8.21235E-03 
3.27259E-02 7.62279E-03 
3.29715E-02 7.44359E-03 
3.41521E-02 6.54955E-03 
3.53425E-02 5.59426E-03 
3.65336E-02 4.58488E-03 
3.77162E-02 3.52923E-03 
3.86815E-02 2.48320E-03 
3.98089E-02 1.37361E-03 
4.09124E-02 2.33311E-04 
4.19829E-02 -9.29084E-04 
4.30132E-02 -2.10482E-03 
4.39995E-02 -3.28496E-03 
4.49487E-02 -4.46002E-03 
4.59010E-02 -5.61943E-03 
4.69988E-02 -6.75296E-03 
4.86042E-02 -7.86860E-03 
5.11110E-02 -9.03719E-03 
5.40510E-02 -1.03446E-02 
5.62882E-02 -1.17259E-02 
2.87891E-02 1.08909E-02 
2.99127E-02 1.02359E-02 
3.06068E-02 9.09648E-03 
3.16528E-02 8.42954E-03 
3.27292E-02 7.69226E-03 
3.38301E-02 6.88823E-03 
3.49487E-02 6.02192E-03 
3.58217E-02 5.31225E-03 
3.60776E-02 5.09871E-03 
3.72977E-02 4.04653E-03 
3.85110E-02 2.94371E-03 
3.97075E-02 1.79918E-03 
4.08774E-02 6.22227E-04 
4.17937E-02 -5.04822E-04 
4.28733E-02 -1.70435E-03 
4.39107E-02 -2.91881E-03 
4.48974E-02 -4.13898E-03 
4.58266E-02 -5.35586E-03 
4.66962E-02 -6.56089E-03 
4.75157E-02 -7.74629E-03 
4.83315E-02 -8.90690E-03 
4.93023E-02 -1.00484E-02 
5.08234E-02 -1.12152E-02 
5.33091E-02 -1.25086E-02 
5.62243E-02 -1.39544E-02 
5.83390E-02 -1.53797E-02 
3.17235E-02 9.13368E-03 
3.29308E-02 8.30444E-03 
3.34818E-02 7.17303E-03 
3.46050E-02 6.33851E-03 
3.57480E-02 5.43743E-03 
3.69033E-02 4.47521E-03 
3.80631E-02 3.45810E-03 
3.89582E-02 2.63793E-03 
3.92190E-02 2.39322E-03 
4.04512E-02 1.20036E-03 
4.16582E-02 -2.89030E-05 
4.28296E-02 -1.28415E-03 
4.39555E-02 -2.55494E-03 
4.47962E-02 -3.73603E-03 
4.57961E-02 -4.99344E-03 
4.67359E-02 -6.24815E-03 
4.76076E-02 -7.49076E-03 
4.84058E-02 -8.71255E-03 
4.91301E-02 -9.90582E-03 
4.97928E-02 -1.10650E-02 
5.04465E-02 -1.21907E-02 
5.12645E-02 -1.33049E-02 
5.26709E-02 -1.44875E-02 
5.50953E-02 -1.58684E-02 
5.79417E-02 -1.74115E-02 
5.99006E-02 -1.88397E-02 
3.47866E-02 6.98636E-03 
3.60598E-02 5.98600E-03 
3.64658E-02 4.87206E-03 
3.76476E-02 3.87532E-03 
3.88362E-02 2.81895E-03 
4.00233E-02 1.71027E-03 
4.11997E-02 5.57355E-04 
4.20969E-02 -3.59523E-04 
4.23564E-02 -6.31019E-04 
4.35710E-02 -1.94156E-03 
4.47409E-02 -3.27098E-03 
4.58556E-02 -4.60773E-03 
4.69053E-02 -5.94065E-03 
4.76437E-02 -7.14570E-03 
4.85327E-02 -8.42599E-03 
4.93442E-02 -9.68471E-03 
5.00717E-02 -1.09129E-02 
5.07112E-02 -1.21025E-02 
5.12644E-02 -1.32471E-02 
5.17465E-02 -1.43439E-02 
5.22160E-02 -1.53996E-02 
5.28590E-02 -1.64523E-02 
5.41235E-02 -1.76158E-02 
5.64498E-02 -1.90457E-02 
5.91874E-02 -2.06443E-02 
6.09625E-02 -2.20364E-02 
3.79376E-02 4.48038E-03 
3.92560E-02 3.31733E-03 
3.95182E-02 2.22737E-03 
4.07367E-02 1.07922E-03 
4.19476E-02 -1.18567E-04 
4.31413E-02 -1.35674E-03 
4.43080E-02 -2.62548E-03 
4.51859E-02 -3.62160E-03 
4.54379E-02 -3.91445E-03 
4.66041E-02 -5.31495E-03 
4.77054E-02 -6.71397E-03 
4.87316E-02 -8.09930E-03 
4.96737E-02 -9.45954E-03 
5.02840E-02 -1.06564E-02 
5.10325E-02 -1.19229E-02 
5.16877E-02 -1.31485E-02 
5.22445E-02 -1.43251E-02 
5.27011E-02 -1.54459E-02 
5.30611E-02 -1.65064E-02 
5.33431E-02 -1.75066E-02 
5.36106E-02 -1.84595E-02 
5.40608E-02 -1.94186E-02 
5.51607E-02 -2.05297E-02 
5.73562E-02 -2.19703E-02 
5.99497E-02 -2.35830E-02 
6.15189E-02 -2.49028E-02 
4.11267E-02 1.66259E-03 
4.24677E-02 3.49742E-04 
4.25898E-02 -7.12333E-04 
4.38214E-02 -1.99652E-03 
4.50295E-02 -3.31751E-03 
4.62036E-02 -4.66415E-03 
4.73333E-02 -6.02492E-03 
4.81705E-02 -7.08009E-03 
4.84084E-02 -7.38811E-03 
4.94956E-02 -8.84754E-03 
5.04975E-02 -1.02829E-02 
5.14046E-02 -1.16816E-02 
5.22094E-02 -1.30328E-02 
5.26676E-02 -1.41887E-02 
5.32490E-02 -1.54047E-02 
5.37230E-02 -1.65605E-02 
5.40865E-02 -1.76497E-02 
5.43399E-02 -1.86671E-02 
5.44894E-02 -1.96105E-02 
5.45564E-02 -2.04829E-02 
5.46091E-02 -2.13036E-02 
5.48535E-02 -2.21406E-02 
5.57707E-02 -2.31685E-02 
5.78074E-02 -2.45830E-02 
6.02269E-02 -2.61706E-02 
6.15741E-02 -2.73863E-02 
4.42966E-02 -1.40673E-03 
4.56368E-02 -2.85305E-03 
4.56243E-02 -3.88538E-03 
4.68445E-02 -5.28678E-03 
4.80244E-02 -6.70958E-03 
4.91527E-02 -8.14075E-03 
5.02186E-02 -9.56722E-03 
5.09939E-02 -1.06595E-02 
5.12117E-02 -1.09761E-02 
5.21905E-02 -1.24616E-02 
5.30638E-02 -1.38986E-02 
5.38236E-02 -1.52750E-02 
5.44640E-02 -1.65808E-02 
5.47489E-02 -1.76633E-02 
5.51402E-02 -1.87933E-02 
5.54121E-02 -1.98449E-02 
5.55642E-02 -2.08134E-02 
5.55989E-02 -2.16961E-02 
5.55253E-02 -2.24931E-02 
5.53675E-02 -2.32107E-02 
5.51977E-02 -2.38743E-02 
5.52287E-02 -2.45650E-02 
5.59500E-02 -2.54826E-02 
5.78049E-02 -2.68370E-02 
6.00264E-02 -2.83634E-02 
6.11416E-02 -2.94482E-02 
4.73562E-02 -4.62489E-03 
4.86724E-02 -6.18486E-03 
4.85332E-02 -7.18739E-03 
4.97182E-02 -8.68399E-03 
5.08457E-02 -1.01845E-02 
5.19038E-02 -1.16741E-02 
5.28813E-02 -1.31384E-02 
5.35759E-02 -1.42452E-02 
5.37681E-02 -1.45635E-02 
5.46126E-02 -1.60419E-02 
5.53327E-02 -1.74466E-02 
5.59219E-02 -1.87663E-02 
5.63763E-02 -1.99925E-02 
5.64722E-02 -2.09724E-02 
5.66568E-02 -2.19849E-02 
5.67127E-02 -2.29023E-02 
5.66421E-02 -2.37223E-02 
5.64503E-02 -2.44448E-02 
5.61485E-02 -2.50724E-02 
5.57637E-02 -2.56152E-02 
5.53712E-02 -2.61036E-02 
5.51881E-02 -2.66305E-02 
5.57076E-02 -2.74165E-02 
5.73654E-02 -2.86816E-02 
5.93728E-02 -3.01159E-02 
6.02546E-02 -3.10504E-02 
5.03017E-02 -7.97785E-03 
5.15712E-02 -9.63226E-03 
5.13112E-02 -1.06053E-02 
5.24376E-02 -1.21755E-02 
5.34889E-02 -1.37301E-02 
5.44526E-02 -1.52526E-02 
5.53176E-02 -1.67273E-02 
5.59129E-02 -1.78263E-02 
5.60741E-02 -1.81397E-02 
5.67592E-02 -1.95786E-02 
5.73018E-02 -2.09176E-02 
5.76976E-02 -2.21471E-02 
5.79452E-02 -2.32606E-02 
5.78365E-02 -2.41092E-02 
5.77986E-02 -2.49742E-02 
5.76256E-02 -2.57291E-02 
5.73223E-02 -2.63745E-02 
5.68967E-02 -2.69132E-02 
5.63626E-02 -2.73507E-02 
5.57494E-02 -2.77004E-02 
5.51349E-02 -2.79978E-02 
5.47380E-02 -2.83455E-02 
5.50510E-02 -2.89810E-02 
5.64979E-02 -3.01305E-02 
5.82774E-02 -3.14452E-02 
5.89253E-02 -3.22130E-02 
5.30290E-02 -1.13399E-02 
5.42308E-02 -1.30672E-02 
5.38579E-02 -1.40116E-02 
5.49045E-02 -1.56322E-02 
5.58584E-02 -1.72161E-02 
5.67071E-02 -1.87453E-02 
5.74395E-02 -2.02034E-02 
5.79205E-02 -2.12731E-02 
5.80465E-02 -2.15753E-02 
5.85526E-02 -2.29443E-02 
5.88998E-02 -2.41874E-02 
5.90864E-02 -2.52971E-02 
5.91139E-02 -2.62698E-02 
5.87921E-02 -2.69639E-02 
5.85243E-02 -2.76576E-02 
5.81177E-02 -2.82287E-02 
5.75802E-02 -2.86811E-02 
5.69224E-02 -2.90204E-02 
5.61606E-02 -2.92554E-02 
5.53261E-02 -2.94024E-02 
5.44982E-02 -2.95013E-02 
5.38959E-02 -2.96625E-02 
5.40053E-02 -3.01358E-02 
5.52363E-02 -3.11500E-02 
5.67830E-02 -3.23246E-02 
5.72055E-02 -3.29177E-02 
5.54930E-02 -1.46453E-02 
5.66076E-02 -1.64239E-02 
5.61284E-02 -1.73403E-02 
5.70758E-02 -1.89881E-02 
5.79135E-02 -2.05773E-02 
5.86289E-02 -2.20884E-02 
5.92112E-02 -2.35042E-02 
5.95652E-02 -2.45247E-02 
5.96523E-02 -2.48098E-02 
5.99635E-02 -2.60810E-02 
6.01013E-02 -2.72011E-02 
6.00670E-02 -2.81651E-02 
5.98653E-02 -2.89728E-02 
5.93261E-02 -2.94931E-02 
5.88253E-02 -2.99966E-02 
5.81852E-02 -3.03678E-02 
5.74165E-02 -3.06138E-02 
5.65326E-02 -3.07437E-02 
5.55517E-02 -3.07689E-02 
5.45071E-02 -3.07088E-02 
5.34785E-02 -3.06069E-02 
5.26826E-02 -3.05793E-02 
5.25956E-02 -3.08838E-02 
5.36102E-02 -3.17480E-02 
5.49243E-02 -3.27676E-02 
5.51338E-02 -3.31835E-02 
5.76435E-02 -1.78188E-02 
5.86533E-02 -1.96272E-02 
5.80734E-02 -2.05152E-02 
5.89043E-02 -2.21677E-02 
5.96094E-02 -2.37390E-02 
6.01760E-02 -2.52085E-02 
6.05943E-02 -2.65585E-02 
6.08113E-02 -2.75116E-02 
6.08569E-02 -2.77744E-02 
6.09615E-02 -2.89234E-02 
6.08807E-02 -2.98972E-02 
6.06190E-02 -3.06942E-02 
6.01843E-02 -3.13178E-02 
5.94281E-02 -3.16500E-02 
5.86968E-02 -3.19502E-02 
5.78286E-02 -3.21112E-02 
5.68372E-02 -3.21439E-02 
5.57384E-02 -3.20604E-02 
5.45522E-02 -3.18749E-02 
5.33132E-02 -3.16094E-02 
5.21007E-02 -3.13102E-02 
5.11274E-02 -3.10971E-02 
5.08556E-02 -3.12316E-02 
5.16587E-02 -3.19370E-02 
5.27460E-02 -3.27930E-02 
5.27594E-02 -3.30347E-02 
5.94467E-02 -2.08038E-02 
6.03352E-02 -2.26206E-02 
5.96587E-02 -2.34785E-02 
6.03576E-02 -2.51139E-02 
6.09156E-02 -2.66452E-02 
6.13206E-02 -2.80510E-02 
6.15632E-02 -2.93135E-02 
6.16357E-02 -3.01830E-02 
6.16377E-02 -3.04188E-02 
6.15278E-02 -3.14244E-02 
6.12231E-02 -3.22326E-02 
6.07315E-02 -3.28455E-02 
6.00646E-02 -3.32706E-02 
5.90958E-02 -3.34050E-02 
5.81410E-02 -3.34940E-02 
5.70547E-02 -3.34402E-02 
5.58534E-02 -3.32579E-02 
5.45549E-02 -3.29624E-02 
5.31810E-02 -3.25706E-02 
5.17667E-02 -3.21064E-02 
5.03905E-02 -3.16182E-02 
4.92589E-02 -3.12274E-02 
4.88172E-02 -3.11953E-02 
4.94180E-02 -3.17385E-02 
5.02888E-02 -3.24274E-02 
5.01259E-02 -3.25030E-02 
6.08713E-02 -2.35421E-02 
6.16239E-02 -2.53464E-02 
6.08532E-02 -2.61707E-02 
6.14065E-02 -2.77676E-02 
6.18055E-02 -2.92381E-02 
6.20384E-02 -3.05600E-02 
6.20971E-02 -3.17156E-02 
6.20201E-02 -3.24875E-02 
6.19774E-02 -3.26923E-02 
6.16490E-02 -3.35371E-02 
6.11196E-02 -3.41648E-02 
6.04005E-02 -3.45814E-02 
5.95072E-02 -3.47991E-02 
5.83347E-02 -3.47314E-02 
5.71684E-02 -3.46072E-02 
5.58789E-02 -3.43398E-02 
5.44850E-02 -3.39471E-02 
5.30065E-02 -3.34470E-02 
5.14663E-02 -3.28587E-02 
4.98996E-02 -3.22079E-02 
4.83830E-02 -3.15439E-02 
4.71153E-02 -3.09881E-02 
4.65223E-02 -3.07977E-02 
4.69344E-02 -3.11805E-02 
4.76037E-02 -3.17051E-02 
4.72874E-02 -3.16272E-02 
6.19006E-02 -2.59912E-02 
6.25040E-02 -2.77622E-02 
6.16396E-02 -2.85476E-02 
6.20354E-02 -3.00857E-02 
6.22651E-02 -3.14755E-02 
6.23179E-02 -3.26949E-02 
6.21869E-02 -3.37266E-02 
6.19578E-02 -3.43888E-02 
6.18698E-02 -3.45595E-02 
6.13226E-02 -3.52296E-02 
6.05716E-02 -3.56659E-02 
5.96317E-02 -3.58790E-02 
5.85219E-02 -3.58856E-02 
5.71589E-02 -3.56164E-02 
5.57972E-02 -3.52824E-02 
5.43232E-02 -3.48082E-02 
5.27580E-02 -3.42148E-02 
5.11226E-02 -3.35226E-02 
4.94408E-02 -3.27526E-02 
4.77472E-02 -3.19317E-02 
4.61158E-02 -3.11094E-02 
4.47366E-02 -3.04050E-02 
4.40133E-02 -3.00690E-02 
4.42540E-02 -3.02983E-02 
4.47404E-02 -3.06659E-02 
4.42956E-02 -3.04510E-02 
6.25290E-02 -2.81218E-02 
6.29711E-02 -2.98393E-02 
6.20116E-02 -3.05783E-02 
6.22394E-02 -3.20378E-02 
6.22913E-02 -3.33285E-02 
6.21577E-02 -3.44283E-02 
6.18334E-02 -3.53210E-02 
6.14513E-02 -3.58635E-02 
6.13183E-02 -3.59974E-02 
6.05550E-02 -3.64823E-02 
5.95889E-02 -3.67205E-02 
5.84383E-02 -3.67270E-02 
5.71258E-02 -3.65236E-02 
5.55885E-02 -3.60578E-02 
5.40512E-02 -3.55226E-02 
5.24151E-02 -3.48532E-02 
5.07029E-02 -3.40736E-02 
4.89365E-02 -3.32062E-02 
4.71398E-02 -3.22734E-02 
4.53467E-02 -3.13026E-02 
4.36278E-02 -3.03426E-02 
4.21628E-02 -2.95094E-02 
4.13323E-02 -2.90437E-02 
4.14218E-02 -2.91306E-02 
4.17468E-02 -2.93534E-02 
4.11999E-02 -2.90208E-02 
6.27604E-02 -2.99117E-02 
6.30305E-02 -3.15560E-02 
6.19728E-02 -3.22395E-02 
6.20238E-02 -3.36018E-02 
6.18912E-02 -3.47760E-02 
6.15671E-02 -3.57409E-02 
6.10483E-02 -3.64817E-02 
6.05144E-02 -3.68967E-02 
6.03370E-02 -3.69918E-02 
5.93636E-02 -3.72846E-02 
5.81922E-02 -3.73219E-02 
5.68448E-02 -3.71236E-02 
5.53471E-02 -3.67160E-02 
5.36551E-02 -3.60634E-02 
5.19651E-02 -3.53401E-02 
5.01923E-02 -3.44921E-02 
4.83600E-02 -3.35453E-02 
4.64908E-02 -3.25238E-02 
4.46080E-02 -3.14507E-02 
4.27441E-02 -3.03534E-02 
4.09658E-02 -2.92795E-02 
3.94420E-02 -2.83398E-02 
3.85289E-02 -2.77634E-02 
3.84900E-02 -2.77230E-02 
3.86776E-02 -2.78168E-02 
3.80553E-02 -2.73885E-02 
6.26087E-02 -3.13579E-02 
6.26969E-02 -3.29098E-02 
6.15366E-02 -3.35269E-02 
6.14025E-02 -3.47738E-02 
6.10796E-02 -3.58152E-02 
6.05619E-02 -3.66309E-02 
5.98485E-02 -3.72087E-02 
5.91652E-02 -3.74895E-02 
5.89444E-02 -3.75443E-02 
5.77686E-02 -3.76407E-02 
5.64039E-02 -3.74773E-02 
5.48756E-02 -3.70791E-02 
5.32123E-02 -3.64766E-02 
5.13874E-02 -3.56503E-02 
4.95698E-02 -3.47557E-02 
4.76872E-02 -3.37487E-02 
4.57634E-02 -3.26568E-02 
4.38205E-02 -3.15049E-02 
4.18809E-02 -3.03164E-02 
3.99754E-02 -2.91179E-02 
3.81659E-02 -2.79550E-02 
3.66102E-02 -2.69326E-02 
3.56394E-02 -2.62665E-02 
3.54960E-02 -2.61167E-02 
3.55713E-02 -2.61001E-02 
3.49001E-02 -2.55988E-02 
6.21010E-02 -3.24503E-02 
6.20007E-02 -3.38929E-02 
6.07334E-02 -3.44325E-02 
6.04095E-02 -3.55484E-02 
5.98938E-02 -3.64433E-02 
5.91828E-02 -3.70991E-02 
5.82785E-02 -3.75060E-02 
5.74510E-02 -3.76495E-02 
5.71889E-02 -3.76636E-02 
5.58224E-02 -3.75639E-02 
5.42804E-02 -3.72054E-02 
5.25913E-02 -3.66176E-02 
5.07859E-02 -3.58352E-02 
4.88526E-02 -3.48532E-02 
4.69353E-02 -3.38089E-02 
4.49723E-02 -3.26671E-02 
4.29871E-02 -3.14561E-02 
4.10007E-02 -3.02010E-02 
3.90343E-02 -2.89246E-02 
3.71160E-02 -2.76525E-02 
3.53032E-02 -2.64274E-02 
3.37418E-02 -2.53477E-02 
3.27388E-02 -2.46148E-02 
3.25166E-02 -2.43767E-02 
3.25065E-02 -2.42716E-02 
3.18121E-02 -2.37212E-02 
6.12565E-02 -3.32185E-02 
6.09594E-02 -3.45341E-02 
5.95783E-02 -3.49830E-02 
5.90579E-02 -3.59513E-02 
5.83452E-02 -3.66851E-02 
5.74396E-02 -3.71690E-02 
5.63462E-02 -3.73965E-02 
5.53785E-02 -3.73986E-02 
5.50766E-02 -3.73712E-02 
5.35298E-02 -3.70754E-02 
5.18254E-02 -3.65268E-02 
4.99944E-02 -3.57595E-02 
4.80695E-02 -3.48121E-02 
4.60520E-02 -3.36923E-02 
4.40620E-02 -3.25202E-02 
4.20473E-02 -3.12677E-02 
4.00300E-02 -2.99635E-02 
3.80296E-02 -2.86319E-02 
3.60650E-02 -2.72946E-02 
3.41618E-02 -2.59756E-02 
3.23722E-02 -2.47142E-02 
3.08302E-02 -2.36016E-02 
2.98191E-02 -2.28246E-02 
2.95427E-02 -2.25192E-02 
2.94723E-02 -2.23472E-02 
2.87787E-02 -2.17707E-02 
6.01117E-02 -3.36687E-02 
5.96127E-02 -3.48423E-02 
5.81122E-02 -3.51879E-02 
5.73920E-02 -3.59948E-02 
5.64813E-02 -3.65559E-02 
5.53829E-02 -3.68591E-02 
5.41056E-02 -3.69023E-02 
5.30041E-02 -3.67618E-02 
5.26648E-02 -3.66932E-02 
5.09514E-02 -3.62054E-02 
4.91026E-02 -3.54762E-02 
4.71517E-02 -3.45441E-02 
4.51325E-02 -3.34507E-02 
4.30566E-02 -3.22149E-02 
4.10225E-02 -3.09398E-02 
3.89854E-02 -2.96037E-02 
3.69655E-02 -2.82343E-02 
3.49800E-02 -2.68546E-02 
3.30452E-02 -2.54846E-02 
3.11834E-02 -2.41457E-02 
2.94417E-02 -2.28740E-02 
2.79426E-02 -2.17530E-02 
2.69466E-02 -2.09550E-02 
2.66408E-02 -2.06050E-02 
2.65358E-02 -2.03894E-02 
2.58649E-02 -1.98090E-02 
5.87024E-02 -3.38244E-02 
5.79984E-02 -3.48424E-02 
5.63733E-02 -3.50727E-02 
5.54517E-02 -3.57062E-02 
5.43436E-02 -3.60849E-02 
5.30558E-02 -3.62009E-02 
5.16014E-02 -3.60566E-02 
5.03736E-02 -3.57743E-02 
4.99995E-02 -3.56651E-02 
4.81347E-02 -3.49917E-02 
4.61606E-02 -3.40938E-02 
4.41127E-02 -3.30138E-02 
4.20249E-02 -3.17956E-02 
3.99168E-02 -3.04669E-02 
3.78669E-02 -2.91150E-02 
3.58361E-02 -2.77231E-02 
3.38420E-02 -2.63168E-02 
3.18986E-02 -2.49170E-02 
3.00195E-02 -2.35414E-02 
2.82233E-02 -2.22088E-02 
2.65518E-02 -2.09514E-02 
2.51169E-02 -1.98452E-02 
2.41574E-02 -1.90485E-02 
2.38459E-02 -1.86768E-02 
2.37301E-02 -1.84403E-02 
2.31014E-02 -1.78769E-02 
5.70659E-02 -3.37120E-02 
5.61555E-02 -3.45633E-02 
5.44016E-02 -3.46670E-02 
5.32788E-02 -3.51173E-02 
5.19758E-02 -3.53062E-02 
5.05039E-02 -3.52304E-02 
4.88805E-02 -3.48981E-02 
4.75354E-02 -3.44763E-02 
4.71293E-02 -3.43277E-02 
4.51296E-02 -3.34777E-02 
4.30506E-02 -3.24251E-02 
4.09291E-02 -3.12158E-02 
3.87987E-02 -2.98954E-02 
3.66841E-02 -2.84980E-02 
3.46458E-02 -2.70961E-02 
3.26488E-02 -2.56759E-02 
3.07069E-02 -2.42604E-02 
2.88309E-02 -2.28676E-02 
2.70307E-02 -2.15123E-02 
2.53215E-02 -2.02103E-02 
2.37400E-02 -1.89898E-02 
2.23875E-02 -1.79197E-02 
2.14838E-02 -1.71451E-02 
2.11884E-02 -1.67737E-02 
2.10840E-02 -1.65385E-02 
2.05141E-02 -1.60106E-02 
5.52397E-02 -3.33604E-02 
5.41236E-02 -3.40359E-02 
5.22382E-02 -3.40035E-02 
5.09167E-02 -3.42631E-02 
4.94233E-02 -3.42571E-02 
4.77742E-02 -3.39877E-02 
4.59921E-02 -3.34691E-02 
4.45394E-02 -3.29120E-02 
4.41048E-02 -3.27258E-02 
4.19879E-02 -3.17103E-02 
3.98252E-02 -3.05192E-02 
3.76540E-02 -2.92011E-02 
3.55067E-02 -2.78022E-02 
3.34109E-02 -2.63609E-02 
3.14103E-02 -2.49355E-02 
2.94725E-02 -2.35139E-02 
2.76071E-02 -2.21156E-02 
2.58208E-02 -2.07551E-02 
2.41199E-02 -1.94438E-02 
2.25160E-02 -1.81943E-02 
2.10406E-02 -1.70308E-02 
1.97859E-02 -1.60155E-02 
1.89546E-02 -1.52822E-02 
1.86951E-02 -1.49317E-02 
1.86217E-02 -1.47183E-02 
1.81238E-02 -1.42416E-02 
5.32602E-02 -3.27993E-02 
5.19413E-02 -3.32923E-02 
4.99233E-02 -3.31160E-02 
4.84075E-02 -3.31802E-02 
4.67303E-02 -3.29769E-02 
4.49133E-02 -3.25147E-02 
4.29842E-02 -3.18141E-02 
4.14352E-02 -3.11278E-02 
4.09756E-02 -3.09062E-02 
3.87608E-02 -2.97390E-02 
3.65363E-02 -2.84273E-02 
3.43396E-02 -2.70223E-02 
3.22008E-02 -2.55694E-02 
3.01476E-02 -2.41088E-02 
2.82091E-02 -2.26857E-02 
2.63536E-02 -2.12884E-02 
2.45860E-02 -1.99318E-02 
2.29087E-02 -1.86264E-02 
2.13241E-02 -1.73800E-02 
1.98401E-02 -1.62019E-02 
1.84838E-02 -1.51125E-02 
1.73390E-02 -1.41680E-02 
1.65936E-02 -1.34925E-02 
1.63869E-02 -1.31818E-02 
1.63614E-02 -1.30084E-02 
1.59453E-02 -1.25959E-02 
5.11625E-02 -3.20587E-02 
4.96456E-02 -3.23651E-02 
4.74962E-02 -3.20392E-02 
4.57928E-02 -3.19059E-02 
4.39408E-02 -3.15059E-02 
4.19671E-02 -3.08543E-02 
3.99048E-02 -2.99789E-02 
3.82721E-02 -2.91716E-02 
3.77915E-02 -2.89174E-02 
3.54991E-02 -2.76144E-02 
3.32356E-02 -2.62023E-02 
3.10375E-02 -2.47331E-02 
2.89317E-02 -2.32510E-02 
2.69439E-02 -2.17954E-02 
2.50895E-02 -2.03993E-02 
2.33367E-02 -1.90498E-02 
2.16851E-02 -1.77569E-02 
2.01324E-02 -1.65265E-02 
1.86773E-02 -1.53628E-02 
1.73241E-02 -1.42716E-02 
1.60959E-02 -1.32700E-02 
1.50695E-02 -1.24091E-02 
1.44203E-02 -1.18052E-02 
1.42807E-02 -1.15505E-02 
1.43164E-02 -1.14328E-02 
1.39886E-02 -1.10940E-02 
4.89792E-02 -3.11676E-02 
4.72713E-02 -3.12856E-02 
4.49932E-02 -3.08068E-02 
4.31115E-02 -3.04769E-02 
4.10957E-02 -2.98834E-02 
3.89787E-02 -2.90490E-02 
3.67992E-02 -2.80088E-02 
3.50965E-02 -2.70907E-02 
3.45992E-02 -2.68072E-02 
3.22510E-02 -2.53870E-02 
2.99719E-02 -2.38959E-02 
2.77964E-02 -2.23865E-02 
2.57471E-02 -2.08999E-02 
2.38456E-02 -1.94728E-02 
2.20950E-02 -1.81266E-02 
2.04621E-02 -1.68460E-02 
1.89409E-02 -1.56357E-02 
1.75246E-02 -1.44970E-02 
1.62083E-02 -1.34299E-02 
1.49929E-02 -1.24375E-02 
1.38981E-02 -1.15337E-02 
1.29949E-02 -1.07656E-02 
1.24490E-02 -1.02439E-02 
1.23872E-02 -1.00588E-02 
1.24943E-02 -1.00094E-02 
1.22574E-02 -9.75041E-03 
4.67356E-02 -3.01514E-02 
4.48451E-02 -3.00815E-02 
4.24434E-02 -2.94486E-02 
4.03942E-02 -2.89253E-02 
3.82277E-02 -2.81444E-02 
3.59828E-02 -2.71363E-02 
3.37036E-02 -2.59437E-02 
3.19461E-02 -2.49269E-02 
3.14367E-02 -2.46181E-02 
2.90558E-02 -2.31011E-02 
2.67849E-02 -2.15543E-02 
2.46558E-02 -2.00291E-02 
2.26854E-02 -1.85627E-02 
2.08894E-02 -1.71864E-02 
1.92597E-02 -1.59108E-02 
1.77607E-02 -1.47176E-02 
1.63809E-02 -1.36056E-02 
1.51092E-02 -1.25713E-02 
1.39370E-02 -1.16114E-02 
1.28627E-02 -1.07259E-02 
1.19029E-02 -9.92619E-03 
1.11245E-02 -9.25681E-03 
1.06856E-02 -8.82492E-03 
1.07092E-02 -8.71987E-03 
1.08944E-02 -8.74802E-03 
1.07479E-02 -8.57161E-03 
4.44790E-02 -2.90459E-02 
4.24178E-02 -2.87923E-02 
3.99003E-02 -2.80079E-02 
3.76981E-02 -2.72989E-02 
3.53973E-02 -2.63410E-02 
3.30428E-02 -2.51727E-02 
3.06843E-02 -2.38445E-02 
2.88887E-02 -2.27437E-02 
2.83721E-02 -2.24142E-02 
2.59828E-02 -2.08239E-02 
2.37443E-02 -1.92462E-02 
2.16842E-02 -1.77302E-02 
1.98129E-02 -1.63073E-02 
1.81382E-02 -1.50020E-02 
1.66421E-02 -1.38146E-02 
1.52862E-02 -1.27230E-02 
1.40535E-02 -1.17203E-02 
1.29289E-02 -1.07984E-02 
1.19008E-02 -9.95072E-03 
1.09655E-02 -9.17509E-03 
1.01377E-02 -8.48117E-03 
9.48094E-03 -7.91186E-03 
9.14855E-03 -7.57301E-03 
9.26059E-03 -7.55427E-03 
9.52605E-03 -7.66508E-03 
9.46540E-03 -7.56975E-03 
4.22038E-02 -2.78604E-02 
3.99829E-02 -2.74271E-02 
3.73579E-02 -2.64942E-02 
3.50169E-02 -2.56073E-02 
3.25984E-02 -2.44833E-02 
3.01532E-02 -2.31689E-02 
2.77362E-02 -2.17225E-02 
2.59198E-02 -2.05533E-02 
2.54013E-02 -2.02080E-02 
2.30287E-02 -1.85689E-02 
2.08473E-02 -1.69860E-02 
1.88790E-02 -1.55043E-02 
1.71264E-02 -1.41480E-02 
1.55882E-02 -1.29327E-02 
1.42369E-02 -1.18493E-02 
1.30312E-02 -1.08712E-02 
1.19492E-02 -9.98592E-03 
1.09719E-02 -9.18151E-03 
1.00858E-02 -8.44863E-03 
9.28556E-03 -7.78333E-03 
8.58452E-03 -7.19430E-03 
8.04466E-03 -6.72415E-03 
7.81632E-03 -6.47940E-03 
8.01761E-03 -6.55079E-03 
8.36291E-03 -6.74664E-03 
8.38153E-03 -6.72867E-03 
3.99460E-02 -2.66237E-02 
3.75791E-02 -2.60180E-02 
3.48573E-02 -2.49428E-02 
3.23945E-02 -2.38895E-02 
2.98774E-02 -2.26139E-02 
2.73627E-02 -2.11711E-02 
2.49103E-02 -1.96274E-02 
2.30916E-02 -1.84078E-02 
2.25767E-02 -1.80521E-02 
2.02468E-02 -1.63911E-02 
1.81469E-02 -1.48297E-02 
1.62919E-02 -1.34070E-02 
1.46751E-02 -1.21388E-02 
1.32848E-02 -1.10299E-02 
1.20853E-02 -1.00624E-02 
1.10322E-02 -9.20512E-03 
1.00990E-02 -8.44070E-03 
9.26448E-03 -7.75384E-03 
8.51330E-03 -7.13326E-03 
7.83945E-03 -6.57402E-03 
7.25596E-03 -6.08466E-03 
6.82429E-03 -5.70871E-03 
6.69370E-03 -5.55512E-03 
6.98087E-03 -5.71621E-03 
7.40143E-03 -5.99516E-03 
7.48944E-03 -6.04716E-03 
3.77226E-02 -2.53546E-02 
3.52242E-02 -2.45852E-02 
3.24180E-02 -2.33760E-02 
2.98516E-02 -2.21698E-02 
2.72563E-02 -2.07592E-02 
2.46946E-02 -1.92082E-02 
2.22309E-02 -1.75901E-02 
2.04294E-02 -1.63394E-02 
1.99237E-02 -1.59791E-02 
1.76628E-02 -1.43242E-02 
1.56686E-02 -1.28117E-02 
1.39469E-02 -1.14724E-02 
1.24808E-02 -1.03118E-02 
1.12471E-02 -9.32307E-03 
1.02029E-02 -8.47980E-03 
9.30059E-03 -7.74677E-03 
8.51077E-03 -7.10232E-03 
7.81027E-03 -6.52887E-03 
7.18335E-03 -6.01411E-03 
6.62412E-03 -5.55298E-03 
6.14603E-03 -5.15474E-03 
5.81120E-03 -4.86493E-03 
5.76926E-03 -4.79642E-03 
6.13555E-03 -5.04318E-03 
6.62340E-03 -5.39963E-03 
6.76861E-03 -5.51149E-03 
3.55485E-02 -2.40698E-02 
3.29339E-02 -2.31471E-02 
3.00567E-02 -2.18137E-02 
2.74060E-02 -2.04699E-02 
2.47540E-02 -1.89430E-02 
2.21689E-02 -1.73055E-02 
1.97189E-02 -1.56378E-02 
1.79542E-02 -1.43764E-02 
1.74634E-02 -1.40177E-02 
1.52980E-02 -1.23981E-02 
1.34329E-02 -1.09616E-02 
1.18630E-02 -9.72890E-03 
1.05598E-02 -8.69334E-03 
9.48821E-03 -7.83555E-03 
8.59888E-03 -7.12124E-03 
7.84198E-03 -6.51161E-03 
7.18592E-03 -5.98198E-03 
6.60719E-03 -5.51368E-03 
6.09062E-03 -5.09451E-03 
5.63133E-03 -4.72020E-03 
5.24404E-03 -4.40154E-03 
4.99244E-03 -4.18709E-03 
5.02753E-03 -4.19466E-03 
5.46300E-03 -4.51955E-03 
6.00700E-03 -4.94435E-03 
6.19531E-03 -5.10357E-03 
3.34354E-02 -2.27834E-02 
3.07205E-02 -2.17187E-02 
2.77866E-02 -2.02726E-02 
2.50714E-02 -1.88079E-02 
2.23849E-02 -1.71849E-02 
1.98005E-02 -1.54843E-02 
1.73896E-02 -1.37929E-02 
1.56816E-02 -1.25423E-02 
1.52115E-02 -1.21915E-02 
1.31676E-02 -1.06367E-02 
1.14538E-02 -9.30303E-03 
1.00521E-02 -8.19853E-03 
8.92129E-03 -7.30285E-03 
8.01400E-03 -6.58332E-03 
7.27543E-03 -5.99867E-03 
6.65448E-03 -5.50740E-03 
6.11896E-03 -5.08332E-03 
5.64642E-03 -4.70811E-03 
5.22347E-03 -4.37090E-03 
4.84713E-03 -4.06921E-03 
4.53414E-03 -3.81615E-03 
4.35040E-03 -3.66399E-03 
4.44877E-03 -3.73607E-03 
4.94059E-03 -4.12822E-03 
5.52672E-03 -4.60894E-03 
5.74265E-03 -4.80115E-03 
3.13936E-02 -2.15083E-02 
2.85946E-02 -2.03140E-02 
2.56190E-02 -1.87677E-02 
2.28597E-02 -1.72001E-02 
2.01611E-02 -1.55021E-02 
1.76019E-02 -1.37629E-02 
1.52555E-02 -1.20749E-02 
1.36237E-02 -1.08567E-02 
1.31800E-02 -1.05201E-02 
1.12826E-02 -9.05957E-03 
9.74056E-03 -7.85447E-03 
8.52106E-03 -6.89766E-03 
7.56863E-03 -6.15344E-03 
6.82411E-03 -5.57571E-03 
6.22822E-03 -5.11716E-03 
5.72991E-03 -4.73489E-03 
5.29823E-03 -4.40302E-03 
4.91336E-03 -4.10528E-03 
4.56492E-03 -3.83345E-03 
4.25275E-03 -3.58778E-03 
3.99618E-03 -3.38439E-03 
3.86370E-03 -3.27970E-03 
4.00989E-03 -3.40251E-03 
4.54259E-03 -3.84794E-03 
5.15430E-03 -4.36911E-03 
5.38152E-03 -4.57859E-03 
2.94246E-02 -2.02506E-02 
2.65575E-02 -1.89395E-02 
2.35555E-02 -1.73063E-02 
2.07723E-02 -1.56543E-02 
1.80842E-02 -1.39032E-02 
1.55743E-02 -1.21504E-02 
1.33179E-02 -1.04932E-02 
1.17818E-02 -9.32951E-03 
1.13699E-02 -9.01353E-03 
9.64321E-03 -7.67623E-03 
8.29178E-03 -6.62420E-03 
7.26586E-03 -5.83230E-03 
6.49476E-03 -5.24792E-03 
5.90797E-03 -4.81176E-03 
5.44302E-03 -4.47163E-03 
5.05065E-03 -4.18502E-03 
4.70317E-03 -3.92848E-03 
4.38518E-03 -3.68965E-03 
4.09055E-03 -3.46435E-03 
3.82277E-03 -3.25648E-03 
3.60418E-03 -3.08564E-03 
3.50584E-03 -3.01254E-03 
3.68323E-03 -3.17065E-03 
4.23912E-03 -3.65271E-03 
4.85778E-03 -4.19625E-03 
5.07968E-03 -4.40651E-03 
2.75460E-02 -1.90267E-02 
2.46271E-02 -1.76125E-02 
2.16141E-02 -1.59069E-02 
1.88273E-02 -1.41898E-02 
1.61717E-02 -1.24083E-02 
1.37347E-02 -1.06673E-02 
1.15920E-02 -9.06812E-03 
1.01694E-02 -7.98004E-03 
9.79428E-03 -7.69076E-03 
8.25941E-03 -6.50363E-03 
7.11356E-03 -5.62583E-03 
6.28790E-03 -5.01159E-03 
5.69570E-03 -4.59012E-03 
5.25627E-03 -4.28972E-03 
4.90551E-03 -4.05487E-03 
4.59805E-03 -3.84566E-03 
4.31179E-03 -3.64356E-03 
4.03751E-03 -3.44208E-03 
3.77458E-03 -3.24241E-03 
3.53073E-03 -3.05286E-03 
3.33147E-03 -2.89676E-03 
3.24998E-03 -2.83869E-03 
3.44108E-03 -3.01523E-03 
4.00040E-03 -3.51455E-03 
4.60566E-03 -4.06002E-03 
4.80606E-03 -4.25451E-03 
2.57533E-02 -1.78381E-02 
2.27983E-02 -1.63344E-02 
1.97895E-02 -1.45707E-02 
1.70187E-02 -1.28079E-02 
1.44171E-02 -1.10183E-02 
1.20757E-02 -9.31417E-03 
1.00696E-02 -7.79977E-03 
8.77754E-03 -6.80799E-03 
8.44389E-03 -6.55126E-03 
7.12011E-03 -5.53972E-03 
6.19222E-03 -4.85489E-03 
5.57014E-03 -4.42762E-03 
5.15044E-03 -4.16774E-03 
4.84387E-03 -3.99260E-03 
4.58661E-03 -3.84529E-03 
4.33982E-03 -3.69128E-03 
4.08954E-03 -3.51973E-03 
3.83466E-03 -3.33212E-03 
3.58107E-03 -3.13629E-03 
3.34122E-03 -2.94547E-03 
3.14360E-03 -2.78670E-03 
3.06252E-03 -2.72745E-03 
3.24972E-03 -2.90497E-03 
3.79127E-03 -3.40019E-03 
4.36154E-03 -3.92542E-03 
4.52535E-03 -4.08825E-03 
2.40496E-02 -1.66905E-02 
2.10736E-02 -1.51109E-02 
1.80840E-02 -1.33038E-02 
1.53479E-02 -1.15144E-02 
1.28208E-02 -9.73878E-03 
1.05965E-02 -8.09614E-03 
8.74855E-03 -6.69224E-03 
7.60222E-03 -5.81623E-03 
7.31414E-03 -5.59749E-03 
6.21768E-03 -4.78431E-03 
5.51616E-03 -4.30739E-03 
5.09614E-03 -4.07143E-03 
4.83712E-03 -3.96605E-03 
4.64351E-03 -3.89970E-03 
4.45426E-03 -3.81661E-03 
4.24010E-03 -3.69100E-03 
3.99813E-03 -3.52290E-03 
3.73724E-03 -3.32393E-03 
3.47082E-03 -3.10967E-03 
3.21609E-03 -2.89856E-03 
3.00399E-03 -2.72079E-03 
2.90830E-03 -2.64514E-03 
3.07423E-03 -2.80595E-03 
3.57548E-03 -3.27381E-03 
4.08838E-03 -3.75519E-03 
4.20237E-03 -3.87197E-03 
2.24359E-02 -1.55879E-02 
1.94536E-02 -1.39459E-02 
1.64974E-02 -1.21100E-02 
1.38141E-02 -1.03128E-02 
1.13807E-02 -8.57274E-03 
9.29341E-03 -7.01518E-03 
7.62297E-03 -5.74612E-03 
6.63587E-03 -5.00384E-03 
6.39685E-03 -4.82797E-03 
5.54043E-03 -4.23271E-03 
5.06923E-03 -3.97423E-03 
4.84440E-03 -3.92829E-03 
4.72834E-03 -3.96385E-03 
4.62191E-03 -3.98319E-03 
4.46973E-03 -3.93476E-03 
4.25582E-03 -3.80555E-03 
3.99170E-03 -3.61021E-03 
3.69841E-03 -3.37293E-03 
3.39759E-03 -3.11802E-03 
3.11096E-03 -2.86895E-03 
2.87072E-03 -2.65794E-03 
2.74760E-03 -2.55249E-03 
2.87561E-03 -2.67917E-03 
3.31291E-03 -3.09469E-03 
3.74565E-03 -3.50766E-03 
3.79950E-03 -3.56662E-03 
2.09125E-02 -1.45335E-02 
1.79376E-02 -1.28423E-02 
1.50285E-02 -1.09919E-02 
1.24148E-02 -9.20510E-03 
1.00930E-02 -7.52123E-03 
8.16092E-03 -6.07110E-03 
6.68509E-03 -4.95943E-03 
5.86849E-03 -4.36697E-03 
5.68133E-03 -4.23823E-03 
5.07371E-03 -3.87667E-03 
4.83188E-03 -3.84214E-03 
4.78969E-03 -3.97883E-03 
4.79250E-03 -4.13473E-03 
4.74026E-03 -4.20856E-03 
4.58635E-03 -4.15636E-03 
4.33306E-03 -3.98336E-03 
4.01134E-03 -3.72423E-03 
3.65733E-03 -3.41907E-03 
3.30153E-03 -3.10175E-03 
2.96909E-03 -2.79976E-03 
2.69117E-03 -2.54508E-03 
2.53148E-03 -2.39986E-03 
2.60641E-03 -2.47608E-03 
2.95507E-03 -2.81262E-03 
3.28511E-03 -3.13230E-03 
3.27336E-03 -3.12635E-03 
1.94784E-02 -1.35291E-02 
1.65239E-02 -1.18015E-02 
1.36748E-02 -9.95044E-03 
1.11461E-02 -8.19154E-03 
8.95230E-03 -6.58345E-03 
7.19157E-03 -5.26158E-03 
5.92500E-03 -4.32779E-03 
5.28787E-03 -3.89911E-03 
5.15458E-03 -3.82102E-03 
4.80038E-03 -3.70486E-03 
4.78217E-03 -3.89471E-03 
4.90448E-03 -4.20052E-03 
4.99377E-03 -4.44696E-03 
4.94935E-03 -4.52962E-03 
4.73738E-03 -4.41649E-03 
4.38837E-03 -4.14155E-03 
3.96267E-03 -3.77017E-03 
3.51639E-03 -3.36359E-03 
3.08841E-03 -2.96500E-03 
2.70378E-03 -2.60241E-03 
2.38770E-03 -2.30260E-03 
2.19023E-03 -2.11540E-03 
2.20088E-03 -2.12847E-03 
2.43628E-03 -2.35890E-03 
2.64366E-03 -2.56249E-03 
2.57026E-03 -2.49394E-03 
1.81316E-02 -1.25755E-02 
1.52096E-02 -1.08238E-02 
1.24323E-02 -8.98546E-03 
1.00030E-02 -7.27099E-03 
7.95168E-03 -5.75698E-03 
6.37649E-03 -4.58256E-03 
5.33131E-03 -3.84486E-03 
4.88019E-03 -3.59167E-03 
4.80203E-03 -3.56702E-03 
4.70199E-03 -3.70397E-03 
4.89757E-03 -4.11425E-03 
5.15903E-03 -4.56771E-03 
5.28338E-03 -4.85475E-03 
5.16443E-03 -4.86296E-03 
4.79344E-03 -4.58516E-03 
4.25574E-03 -4.11177E-03 
3.66224E-03 -3.56087E-03 
3.09435E-03 -3.02082E-03 
2.59285E-03 -2.53770E-03 
2.17200E-03 -2.12931E-03 
1.84035E-03 -1.80618E-03 
1.62299E-03 -1.59413E-03 
1.56992E-03 -1.54299E-03 
1.67377E-03 -1.64596E-03 
1.74917E-03 -1.72099E-03 
1.63723E-03 -1.61166E-03 
1.68708E-02 -1.16739E-02 
1.39924E-02 -9.90983E-03 
1.12978E-02 -8.09678E-03 
8.98051E-03 -6.44218E-03 
7.08449E-03 -5.03908E-03 
5.70665E-03 -4.02928E-03 
4.89210E-03 -3.50328E-03 
4.63102E-03 -3.43483E-03 
4.60850E-03 -3.46565E-03 
4.76018E-03 -3.86010E-03 
5.15540E-03 -4.48204E-03 
5.51151E-03 -5.04157E-03 
5.56373E-03 -5.26150E-03 
5.19647E-03 -5.01750E-03 
4.47451E-03 -4.37687E-03 
3.60382E-03 -3.55431E-03 
2.77824E-03 -2.75467E-03 
2.09635E-03 -2.08573E-03 
1.57421E-03 -1.56966E-03 
1.18932E-03 -1.18747E-03 
9.14262E-04 -9.13539E-04 
7.34089E-04 -7.33814E-04 
6.46770E-04 -6.46663E-04 
6.26424E-04 -6.26382E-04 
5.91552E-04 -5.91537E-04 
4.96466E-04 -4.96462E-04 
---
