PdfType: replica
Format: lhagrid1
---
1.00000E-06 1.28121E-06 1.64152E-06 2.10317E-06 2.69463E-06 3.45242E-06 4.42329E-06 5.66715E-06 7.26076E-06 9.30241E-06 1.19180E-05 1.52689E-05 1.95617E-05 2.50609E-05 3.21053E-05 4.11287E-05 5.26863E-05 6.74889E-05 8.64459E-05 1.10720E-04 1.41800E-04 1.81585E-04 2.32503E-04 2.97652E-04 3.80981E-04 4.87518E-04 6.26039E-04 8.00452E-04 1.02297E-03 1.30657E-03 1.66759E-03 2.12729E-03 2.71054E-03 3.44865E-03 4.37927E-03 5.54908E-03 7.01192E-03 8.83064E-03 1.10763E-02 1.38266E-02 1.71641E-02 2.11717E-02 2.59364E-02 3.15062E-02 3.79623E-02 4.53425E-02 5.36750E-02 6.29705E-02 7.32221E-02 8.44039E-02 9.64793E-02 1.09332E-01 1.23067E-01 1.37507E-01 1.52639E-01 1.68416E-01 1.84794E-01 2.01731E-01 2.19016E-01 2.36948E-01 2.55242E-01 2.73927E-01 2.92954E-01 3.12340E-01 3.32036E-01 3.52019E-01 3.72282E-01 3.92772E-01 4.13533E-01 4.34326E-01 4.55495E-01 4.76836E-01 4.98342E-01 5.20006E-01 5.41818E-01 5.63773E-01 5.85861E-01 6.08077E-01 6.30459E-01 6.52800E-01 6.75387E-01 6.98063E-01 7.20830E-01 7.43683E-01 7.66623E-01 7.89636E-01 8.12791E-01 8.35940E-01 8.59175E-01 8.82485E-01 9.05866E-01 9.29311E-01 9.52817E-01 9.76387E-01 1.00000E+00 
1.14018E+00 1.22539E+00 1.32482E+00 1.44156E+00 1.57954E+00 1.74381E+00 1.94091E+00 2.12132E+00 2.17945E+00 2.49622E+00 2.89383E+00 3.39925E+00 4.05063E+00 4.90286E+00 6.03623E+00 7.57063E+00 9.68869E+00 1.26749E+01 1.69835E+01 2.33578E+01 3.30501E+01 4.82334E+01 7.28041E+01 1.13998E+02 1.85779E+02 3.16228E+02 
908 909 
-9.45411E-05 -2.20355E-05 
-9.55949E-05 -2.23299E-05 
-9.74732E-05 -2.47373E-05 
-9.84741E-05 -2.56010E-05 
-9.95834E-05 -2.66550E-05 
-1.00851E-04 -2.79618E-05 
-1.02347E-04 -2.95917E-05 
-1.03716E-04 -3.11230E-05 
-1.04160E-04 -3.16214E-05 
-1.06603E-04 -3.43531E-05 
-1.09727E-04 -3.77558E-05 
-1.13753E-04 -4.19447E-05 
-1.18946E-04 -4.70379E-05 
-1.28720E-04 -5.30608E-05 
-1.39296E-04 -6.06164E-05 
-1.52336E-04 -6.94301E-05 
-1.68361E-04 -7.96491E-05 
-1.88006E-04 -9.14390E-05 
-2.12107E-04 -1.05028E-04 
-2.42013E-04 -1.20870E-04 
-2.80712E-04 -1.40270E-04 
-3.36667E-04 -1.67449E-04 
-4.31760E-04 -2.13574E-04 
-5.95882E-04 -2.92762E-04 
-8.17431E-04 -3.95129E-04 
-1.03851E-03 -4.87552E-04 
-1.01678E-04 -2.00612E-05 
-1.02600E-04 -2.05910E-05 
-1.04597E-04 -2.35468E-05 
-1.05580E-04 -2.46768E-05 
-1.06701E-04 -2.60164E-05 
-1.08022E-04 -2.76337E-05 
-1.09625E-04 -2.96042E-05 
-1.11123E-04 -3.14226E-05 
-1.11613E-04 -3.20091E-05 
-1.14342E-04 -3.51886E-05 
-1.17877E-04 -3.90873E-05 
-1.22464E-04 -4.38223E-05 
-1.28399E-04 -4.95115E-05 
-1.39287E-04 -5.59686E-05 
-1.51188E-04 -6.41520E-05 
-1.65828E-04 -7.36348E-05 
-1.83770E-04 -8.45588E-05 
-2.05695E-04 -9.70829E-05 
-2.32503E-04 -1.11430E-04 
-2.65645E-04 -1.28062E-04 
-3.08378E-04 -1.48351E-04 
-3.69976E-04 -1.76779E-04 
-4.74477E-04 -2.25216E-04 
-6.54607E-04 -3.08535E-04 
-8.97202E-04 -4.15840E-04 
-1.13820E-03 -5.11675E-04 
-1.06357E-04 -2.03501E-05 
-1.07273E-04 -2.10380E-05 
-1.09614E-04 -2.44399E-05 
-1.10708E-04 -2.57640E-05 
-1.11976E-04 -2.73175E-05 
-1.13490E-04 -2.91741E-05 
-1.15346E-04 -3.14143E-05 
-1.17092E-04 -3.34651E-05 
-1.17665E-04 -3.41238E-05 
-1.20858E-04 -3.76744E-05 
-1.24994E-04 -4.19912E-05 
-1.30349E-04 -4.71916E-05 
-1.37248E-04 -5.33921E-05 
-1.49471E-04 -6.01545E-05 
-1.62945E-04 -6.88602E-05 
-1.79451E-04 -7.88982E-05 
-1.99594E-04 -9.04028E-05 
-2.24103E-04 -1.03524E-04 
-2.53940E-04 -1.18476E-04 
-2.90664E-04 -1.35728E-04 
-3.37816E-04 -1.56716E-04 
-4.05545E-04 -1.86194E-04 
-5.20203E-04 -2.36743E-04 
-7.17559E-04 -3.23975E-04 
-9.82709E-04 -4.35898E-04 
-1.24491E-03 -5.34659E-04 
-1.09765E-04 -2.21888E-05 
-1.10793E-04 -2.29467E-05 
-1.13676E-04 -2.66938E-05 
-1.15001E-04 -2.81308E-05 
-1.16538E-04 -2.98182E-05 
-1.18373E-04 -3.18355E-05 
-1.20617E-04 -3.42680E-05 
-1.22722E-04 -3.64918E-05 
-1.23410E-04 -3.72052E-05 
-1.27233E-04 -4.10441E-05 
-1.32148E-04 -4.56946E-05 
-1.38462E-04 -5.12732E-05 
-1.46532E-04 -5.78931E-05 
-1.60288E-04 -6.48225E-05 
-1.75563E-04 -7.39365E-05 
-1.94182E-04 -8.44062E-05 
-2.16789E-04 -9.63560E-05 
-2.44162E-04 -1.09924E-04 
-2.77324E-04 -1.25313E-04 
-3.17951E-04 -1.42995E-04 
-3.69881E-04 -1.64472E-04 
-4.44206E-04 -1.94765E-04 
-5.69774E-04 -2.47167E-04 
-7.85607E-04 -3.37993E-04 
-1.07485E-03 -4.54085E-04 
-1.35951E-03 -5.55166E-04 
-1.12982E-04 -2.47854E-05 
-1.14216E-04 -2.55238E-05 
-1.17808E-04 -2.95239E-05 
-1.19465E-04 -3.09909E-05 
-1.21375E-04 -3.27316E-05 
-1.23639E-04 -3.48308E-05 
-1.26387E-04 -3.73784E-05 
-1.28944E-04 -3.97159E-05 
-1.29777E-04 -4.04668E-05 
-1.34373E-04 -4.45110E-05 
-1.40224E-04 -4.94102E-05 
-1.47669E-04 -5.52783E-05 
-1.57097E-04 -6.22230E-05 
-1.72553E-04 -6.91751E-05 
-1.89837E-04 -7.85781E-05 
-2.10788E-04 -8.93492E-05 
-2.36096E-04 -1.01600E-04 
-2.66585E-04 -1.15453E-04 
-3.03342E-04 -1.31096E-04 
-3.48159E-04 -1.49002E-04 
-4.05195E-04 -1.70732E-04 
-4.86555E-04 -2.01570E-04 
-6.23775E-04 -2.55504E-04 
-8.59349E-04 -3.49500E-04 
-1.17424E-03 -4.69172E-04 
-1.48257E-03 -5.71843E-04 
-1.16865E-04 -2.73722E-05 
-1.18377E-04 -2.80048E-05 
-1.22812E-04 -3.21758E-05 
-1.24878E-04 -3.35922E-05 
-1.27243E-04 -3.53081E-05 
-1.30024E-04 -3.74134E-05 
-1.33369E-04 -4.00013E-05 
-1.36458E-04 -4.23951E-05 
-1.37459E-04 -4.31667E-05 
-1.42949E-04 -4.73349E-05 
-1.49873E-04 -5.23988E-05 
-1.58598E-04 -5.84670E-05 
-1.69549E-04 -6.56394E-05 
-1.86844E-04 -7.24632E-05 
-2.06317E-04 -8.20302E-05 
-2.29798E-04 -9.29646E-05 
-2.58017E-04 -1.05362E-04 
-2.91846E-04 -1.19324E-04 
-3.32436E-04 -1.35023E-04 
-3.81700E-04 -1.52924E-04 
-4.44136E-04 -1.74643E-04 
-5.32939E-04 -2.05717E-04 
-6.82532E-04 -2.60793E-04 
-9.39109E-04 -3.57417E-04 
-1.28118E-03 -4.79933E-04 
-1.61434E-03 -5.83327E-04 
-1.22016E-04 -2.92594E-05 
-1.23850E-04 -2.97046E-05 
-1.29237E-04 -3.39705E-05 
-1.31769E-04 -3.52584E-05 
-1.34648E-04 -3.68744E-05 
-1.38011E-04 -3.89124E-05 
-1.42027E-04 -4.14686E-05 
-1.45710E-04 -4.38625E-05 
-1.46898E-04 -4.46381E-05 
-1.53386E-04 -4.88497E-05 
-1.61496E-04 -5.39927E-05 
-1.71633E-04 -6.01685E-05 
-1.84255E-04 -6.74660E-05 
-2.03498E-04 -7.39995E-05 
-2.25318E-04 -8.35965E-05 
-2.51500E-04 -9.45441E-05 
-2.82816E-04 -1.06918E-04 
-3.20182E-04 -1.20796E-04 
-3.64814E-04 -1.36328E-04 
-4.18748E-04 -1.53968E-04 
-4.86843E-04 -1.75378E-04 
-5.83461E-04 -2.06331E-04 
-7.46122E-04 -2.62082E-04 
-1.02494E-03 -3.60667E-04 
-1.39569E-03 -4.85127E-04 
-1.75475E-03 -5.88228E-04 
-1.28778E-04 -2.98537E-05 
-1.30957E-04 -3.00335E-05 
-1.37386E-04 -3.43174E-05 
-1.40419E-04 -3.53999E-05 
-1.43853E-04 -3.68416E-05 
-1.47845E-04 -3.87397E-05 
-1.52587E-04 -4.11912E-05 
-1.56915E-04 -4.35280E-05 
-1.58307E-04 -4.42906E-05 
-1.65876E-04 -4.84614E-05 
-1.75273E-04 -5.35926E-05 
-1.86937E-04 -5.97752E-05 
-2.01359E-04 -6.70845E-05 
-2.22636E-04 -7.31493E-05 
-2.46941E-04 -8.26278E-05 
-2.75975E-04 -9.34210E-05 
-3.10549E-04 -1.05580E-04 
-3.51625E-04 -1.19156E-04 
-4.00477E-04 -1.34269E-04 
-4.59273E-04 -1.51357E-04 
-5.33250E-04 -1.72119E-04 
-6.38016E-04 -2.02535E-04 
-8.14398E-04 -2.58408E-04 
-1.11666E-03 -3.58144E-04 
-1.51752E-03 -4.83467E-04 
-1.90344E-03 -5.85094E-04 
-1.37271E-04 -2.86510E-05 
-1.39796E-04 -2.84884E-05 
-1.47351E-04 -3.27021E-05 
-1.50902E-04 -3.35002E-05 
-1.54915E-04 -3.46906E-05 
-1.59569E-04 -3.63724E-05 
-1.65080E-04 -3.86420E-05 
-1.70092E-04 -4.08597E-05 
-1.71702E-04 -4.15907E-05 
-1.80423E-04 -4.56276E-05 
-1.91194E-04 -5.06447E-05 
-2.04487E-04 -5.67193E-05 
-2.20827E-04 -6.39099E-05 
-2.44199E-04 -6.93041E-05 
-2.71109E-04 -7.84944E-05 
-3.03126E-04 -8.89408E-05 
-3.41098E-04 -1.00665E-04 
-3.86029E-04 -1.13687E-04 
-4.39254E-04 -1.28091E-04 
-5.03068E-04 -1.44294E-04 
-5.83109E-04 -1.64015E-04 
-6.96313E-04 -1.93416E-04 
-8.87023E-04 -2.48755E-04 
-1.21386E-03 -3.48673E-04 
-1.64617E-03 -4.73581E-04 
-2.05978E-03 -5.72373E-04 
-1.47434E-04 -2.52116E-05 
-1.50290E-04 -2.46268E-05 
-1.59051E-04 -2.86592E-05 
-1.63126E-04 -2.90874E-05 
-1.67729E-04 -2.99427E-05 
-1.73065E-04 -3.13238E-05 
-1.79376E-04 -3.33241E-05 
-1.85106E-04 -3.53518E-05 
-1.86944E-04 -3.60298E-05 
-1.96880E-04 -3.98247E-05 
-2.09103E-04 -4.46073E-05 
-2.24117E-04 -5.04378E-05 
-2.42483E-04 -5.73544E-05 
-2.67988E-04 -6.18451E-05 
-2.97606E-04 -7.05492E-05 
-3.32717E-04 -8.04242E-05 
-3.74204E-04 -9.14584E-05 
-4.23112E-04 -1.03633E-04 
-4.80828E-04 -1.16993E-04 
-5.49780E-04 -1.31922E-04 
-6.36024E-04 -1.50153E-04 
-7.57902E-04 -1.77983E-04 
-9.63482E-04 -2.32019E-04 
-1.31594E-03 -3.30975E-04 
-1.78091E-03 -4.53967E-04 
-2.22290E-03 -5.48365E-04 
-1.59072E-04 -1.91252E-05 
-1.62232E-04 -1.80311E-05 
-1.72283E-04 -2.17349E-05 
-1.76874E-04 -2.16971E-05 
-1.82069E-04 -2.21212E-05 
-1.88099E-04 -2.31035E-05 
-1.95234E-04 -2.47320E-05 
-2.01708E-04 -2.64854E-05 
-2.03784E-04 -2.70847E-05 
-2.14989E-04 -3.05073E-05 
-2.28733E-04 -3.49097E-05 
-2.45555E-04 -4.03314E-05 
-2.66042E-04 -4.67862E-05 
-2.93696E-04 -5.01022E-05 
-3.26106E-04 -5.80868E-05 
-3.64402E-04 -6.71260E-05 
-4.09498E-04 -7.71692E-05 
-4.62472E-04 -8.81536E-05 
-5.24764E-04 -1.00079E-04 
-5.98931E-04 -1.13290E-04 
-6.91465E-04 -1.29510E-04 
-8.22192E-04 -1.55127E-04 
-1.04311E-03 -2.06966E-04 
-1.42214E-03 -3.03616E-04 
-1.92083E-03 -4.22950E-04 
-2.39164E-03 -5.11181E-04 
-1.71901E-04 -9.96950E-06 
-1.75324E-04 -8.26740E-06 
-1.86758E-04 -1.14446E-05 
-1.91849E-04 -1.08290E-05 
-1.97629E-04 -1.07090E-05 
-2.04356E-04 -1.11754E-05 
-2.12332E-04 -1.23081E-05 
-2.19573E-04 -1.36846E-05 
-2.21894E-04 -1.41738E-05 
-2.34417E-04 -1.70652E-05 
-2.49745E-04 -2.09093E-05 
-2.68448E-04 -2.57211E-05 
-2.91144E-04 -3.14869E-05 
-3.20933E-04 -3.33114E-05 
-3.56200E-04 -4.03007E-05 
-3.97747E-04 -4.81927E-05 
-4.46517E-04 -5.68924E-05 
-5.03613E-04 -6.62879E-05 
-5.70523E-04 -7.63271E-05 
-6.49931E-04 -8.73051E-05 
-7.48781E-04 -1.00918E-04 
-8.88456E-04 -1.23584E-04 
-1.12507E-03 -1.72191E-04 
-1.53147E-03 -2.64974E-04 
-2.06473E-03 -3.78640E-04 
-2.56461E-03 -4.58699E-04 
-1.85577E-04 2.73178E-06 
-1.89214E-04 5.15692E-06 
-2.02135E-04 2.76990E-06 
-2.07698E-04 4.09528E-06 
-2.14046E-04 4.89458E-06 
-2.21468E-04 5.08544E-06 
-2.30295E-04 4.59948E-06 
-2.38320E-04 3.72524E-06 
-2.40893E-04 3.38448E-06 
-2.54773E-04 1.21905E-06 
-2.71737E-04 -1.84924E-06 
-2.92387E-04 -5.80711E-06 
-3.17362E-04 -1.06095E-05 
-3.49240E-04 -1.05742E-05 
-3.87402E-04 -1.62434E-05 
-4.32238E-04 -2.26229E-05 
-4.84710E-04 -2.95680E-05 
-5.45941E-04 -3.69120E-05 
-6.17459E-04 -4.45438E-05 
-7.02072E-04 -5.26997E-05 
-8.07190E-04 -6.30246E-05 
-9.55821E-04 -8.19000E-05 
-1.20838E-03 -1.26085E-04 
-1.64277E-03 -2.13202E-04 
-2.21123E-03 -3.18900E-04 
-2.74012E-03 -3.88539E-04 
-1.99728E-04 1.95509E-05 
-2.03520E-04 2.28345E-05 
-2.18035E-04 2.15836E-05 
-2.24032E-04 2.37752E-05 
-2.30923E-04 2.54157E-05 
-2.39027E-04 2.64346E-05 
-2.48705E-04 2.67786E-05 
-2.57524E-04 2.65593E-05 
-2.60354E-04 2.64136E-05 
-2.75618E-04 2.52108E-05 
-2.94260E-04 2.31815E-05 
-3.16902E-04 2.03713E-05 
-3.44205E-04 1.68601E-05 
-3.78085E-04 1.91802E-05 
-4.19150E-04 1.52108E-05 
-4.67273E-04 1.07686E-05 
-5.23430E-04 6.05371E-06 
-5.88756E-04 1.29360E-06 
-6.64808E-04 -3.33535E-06 
-7.54516E-04 -7.99977E-06 
-8.65764E-04 -1.42676E-05 
-1.02325E-03 -2.84002E-05 
-1.29184E-03 -6.68082E-05 
-1.75463E-03 -1.46199E-04 
-2.35860E-03 -2.41320E-04 
-2.91612E-03 -2.98035E-04 
-2.13958E-04 4.11964E-05 
-2.17831E-04 4.54982E-05 
-2.34053E-04 4.58289E-05 
-2.40432E-04 4.90716E-05 
-2.47827E-04 5.17462E-05 
-2.56588E-04 5.37979E-05 
-2.67107E-04 5.51925E-05 
-2.76719E-04 5.58118E-05 
-2.79806E-04 5.59173E-05 
-2.96467E-04 5.59615E-05 
-3.16804E-04 5.52860E-05 
-3.41462E-04 5.39724E-05 
-3.71113E-04 5.21391E-05 
-4.06857E-04 5.72298E-05 
-4.50789E-04 5.53996E-05 
-5.02150E-04 5.33844E-05 
-5.61918E-04 5.14452E-05 
-6.31233E-04 4.98757E-05 
-7.11668E-04 4.89242E-05 
-8.06267E-04 4.85051E-05 
-9.23397E-04 4.71575E-05 
-1.08950E-03 3.88363E-05 
-1.37404E-03 7.73692E-06 
-1.86536E-03 -6.15914E-05 
-2.50480E-03 -1.43193E-04 
-3.09018E-03 -1.84219E-04 
-2.27848E-04 6.85496E-05 
-2.31717E-04 7.40571E-05 
-2.49749E-04 7.65334E-05 
-2.56441E-04 8.10436E-05 
-2.64283E-04 8.49799E-05 
-2.73660E-04 8.83075E-05 
-2.84989E-04 9.10149E-05 
-2.95378E-04 9.26911E-05 
-2.98719E-04 9.31146E-05 
-3.16765E-04 9.47425E-05 
-3.38789E-04 9.57921E-05 
-3.65451E-04 9.63843E-05 
-3.97431E-04 9.66790E-05 
-4.34835E-04 1.05090E-04 
-4.81546E-04 1.05902E-04 
-5.36034E-04 1.06872E-04 
-5.99271E-04 1.08327E-04 
-6.72384E-04 1.10633E-04 
-7.56957E-04 1.14116E-04 
-8.56135E-04 1.18784E-04 
-9.78770E-04 1.23315E-04 
-1.15309E-03 1.21994E-04 
-1.45328E-03 9.99199E-05 
-1.97295E-03 4.32842E-05 
-2.64740E-03 -2.15124E-05 
-3.25940E-03 -4.38183E-05 
-2.40944E-04 1.02698E-04 
-2.44703E-04 1.09630E-04 
-2.64632E-04 1.14953E-04 
-2.71543E-04 1.20982E-04 
-2.79755E-04 1.26445E-04 
-2.89681E-04 1.31333E-04 
-3.01765E-04 1.35661E-04 
-3.12896E-04 1.38650E-04 
-3.16481E-04 1.39470E-04 
-3.35865E-04 1.43075E-04 
-3.59528E-04 1.46281E-04 
-3.88138E-04 1.49252E-04 
-4.22374E-04 1.52192E-04 
-4.61154E-04 1.64535E-04 
-5.10491E-04 1.68560E-04 
-5.67920E-04 1.73146E-04 
-6.34395E-04 1.78691E-04 
-7.11020E-04 1.85637E-04 
-7.99370E-04 1.94395E-04 
-9.02682E-04 2.05078E-04 
-1.03029E-03 2.16544E-04 
-1.21225E-03 2.23532E-04 
-1.52753E-03 2.12390E-04 
-2.07498E-03 1.71382E-04 
-2.78347E-03 1.27033E-04 
-3.42035E-03 1.26734E-04 
-2.52734E-04 1.44966E-04 
-2.56252E-04 1.53576E-04 
-2.78131E-04 1.62607E-04 
-2.85136E-04 1.70440E-04 
-2.93608E-04 1.77737E-04 
-3.03987E-04 1.84514E-04 
-3.16739E-04 1.90818E-04 
-3.28545E-04 1.95415E-04 
-3.32355E-04 1.96721E-04 
-3.52986E-04 2.02756E-04 
-3.78189E-04 2.08614E-04 
-4.08632E-04 2.14503E-04 
-4.44984E-04 2.20675E-04 
-4.84760E-04 2.37626E-04 
-5.36489E-04 2.45502E-04 
-5.96583E-04 2.54407E-04 
-6.65962E-04 2.64815E-04 
-7.45692E-04 2.77246E-04 
-8.37325E-04 2.92203E-04 
-9.44173E-04 3.09915E-04 
-1.07605E-03 3.29465E-04 
-1.26484E-03 3.46192E-04 
-1.59434E-03 3.48079E-04 
-2.16855E-03 3.25946E-04 
-2.90953E-03 3.06043E-04 
-3.56894E-03 3.31284E-04 
-2.62611E-04 1.96946E-04 
-2.65728E-04 2.07524E-04 
-2.89553E-04 2.21299E-04 
-2.96493E-04 2.31262E-04 
-3.05077E-04 2.40740E-04 
-3.15769E-04 2.49781E-04 
-3.29056E-04 2.58466E-04 
-3.41436E-04 2.65009E-04 
-3.45441E-04 2.66902E-04 
-3.67169E-04 2.75882E-04 
-3.93748E-04 2.84951E-04 
-4.25834E-04 2.94365E-04 
-4.64079E-04 3.04424E-04 
-5.04355E-04 3.26717E-04 
-5.58145E-04 3.39152E-04 
-6.20517E-04 3.53154E-04 
-6.92342E-04 3.69274E-04 
-7.74631E-04 3.88116E-04 
-8.68894E-04 4.10275E-04 
-9.78502E-04 4.36114E-04 
-1.11374E-03 4.64983E-04 
-1.30830E-03 4.92989E-04 
-1.65080E-03 5.10191E-04 
-2.25022E-03 5.10490E-04 
-3.02145E-03 5.19383E-04 
-3.70036E-03 5.73916E-04 
-2.69836E-04 2.60517E-04 
-2.72356E-04 2.73393E-04 
-2.98040E-04 2.93150E-04 
-3.04705E-04 3.05605E-04 
-3.13204E-04 3.17653E-04 
-3.24021E-04 3.29379E-04 
-3.37655E-04 3.40901E-04 
-3.50460E-04 3.49767E-04 
-3.54615E-04 3.52364E-04 
-3.77217E-04 3.64864E-04 
-4.04925E-04 3.77767E-04 
-4.38375E-04 3.91379E-04 
-4.78188E-04 4.06050E-04 
-5.18333E-04 4.34472E-04 
-5.73737E-04 4.52242E-04 
-6.37872E-04 4.72190E-04 
-7.11542E-04 4.94944E-04 
-7.95681E-04 5.21195E-04 
-8.91740E-04 5.51636E-04 
-1.00312E-03 5.86771E-04 
-1.14056E-03 6.26273E-04 
-1.33955E-03 6.67200E-04 
-1.69342E-03 7.02179E-04 
-2.31589E-03 7.28767E-04 
-3.11435E-03 7.71134E-04 
-3.80896E-03 8.58893E-04 
-2.73485E-04 3.37883E-04 
-2.75167E-04 3.53429E-04 
-3.02509E-04 3.80618E-04 
-3.08634E-04 3.95963E-04 
-3.16792E-04 4.11013E-04 
-3.27481E-04 4.25892E-04 
-3.41204E-04 4.40756E-04 
-3.54227E-04 4.52365E-04 
-3.58470E-04 4.55792E-04 
-3.81635E-04 4.72449E-04 
-4.10127E-04 4.89872E-04 
-4.44550E-04 5.08420E-04 
-4.85484E-04 5.28493E-04 
-5.24710E-04 5.63870E-04 
-5.81150E-04 5.87819E-04 
-6.46382E-04 6.14629E-04 
-7.21128E-04 6.45011E-04 
-8.06223E-04 6.79739E-04 
-9.03032E-04 7.19603E-04 
-1.01498E-03 7.65267E-04 
-1.15319E-03 8.16779E-04 
-1.35492E-03 8.72354E-04 
-1.71807E-03 9.27730E-04 
-2.36071E-03 9.84741E-04 
-3.18249E-03 1.06556E-03 
-3.88814E-03 1.19061E-03 
-2.72396E-04 4.31574E-04 
-2.72948E-04 4.50207E-04 
-3.01585E-04 4.86505E-04 
-3.06837E-04 5.05173E-04 
-3.14327E-04 5.23696E-04 
-3.24557E-04 5.42238E-04 
-3.38030E-04 5.60998E-04 
-3.50996E-04 5.75806E-04 
-3.55243E-04 5.80203E-04 
-3.78553E-04 6.01707E-04 
-4.07365E-04 6.24395E-04 
-4.42242E-04 6.48676E-04 
-4.83708E-04 6.75000E-04 
-5.21048E-04 7.18188E-04 
-5.77790E-04 7.49219E-04 
-6.43285E-04 7.83870E-04 
-7.18146E-04 8.22933E-04 
-8.03090E-04 8.67260E-04 
-8.99371E-04 9.17743E-04 
-1.01039E-03 9.75210E-04 
-1.14766E-03 1.04015E-03 
-1.35009E-03 1.11216E-03 
-1.71988E-03 1.19068E-03 
-2.37901E-03 1.28248E-03 
-3.21917E-03 1.40696E-03 
-3.93027E-03 1.57341E-03 
-2.65104E-04 5.44483E-04 
-2.64173E-04 5.66668E-04 
-2.93532E-04 6.13979E-04 
-2.97498E-04 6.36434E-04 
-3.03908E-04 6.58936E-04 
-3.13259E-04 6.81692E-04 
-3.26043E-04 7.04942E-04 
-3.38595E-04 7.23442E-04 
-3.42739E-04 7.28957E-04 
-3.65648E-04 7.56052E-04 
-3.94182E-04 7.84801E-04 
-4.28844E-04 8.15663E-04 
-4.70092E-04 8.49142E-04 
-5.04376E-04 9.01004E-04 
-5.60513E-04 9.40072E-04 
-6.25240E-04 9.83596E-04 
-6.99041E-04 1.03244E-03 
-7.82486E-04 1.08753E-03 
-8.76694E-04 1.14986E-03 
-9.85016E-04 1.22042E-03 
-1.11928E-03 1.30022E-03 
-1.31994E-03 1.39046E-03 
-1.69315E-03 1.49496E-03 
-2.36416E-03 1.62611E-03 
-3.21664E-03 1.79963E-03 
-3.92654E-03 2.01156E-03 
-2.49769E-04 6.79867E-04 
-2.46934E-04 7.06119E-04 
-2.76163E-04 7.66565E-04 
-2.78341E-04 7.93297E-04 
-2.83161E-04 8.20314E-04 
-2.91109E-04 8.47867E-04 
-3.02653E-04 8.76240E-04 
-3.14338E-04 8.98952E-04 
-3.18241E-04 9.05743E-04 
-3.40063E-04 9.39214E-04 
-3.67560E-04 9.74863E-04 
-4.01167E-04 1.01320E-03 
-4.41262E-04 1.05477E-03 
-4.71099E-04 1.11616E-03 
-5.25525E-04 1.16426E-03 
-5.88237E-04 1.21773E-03 
-6.59559E-04 1.27748E-03 
-7.39892E-04 1.34452E-03 
-8.30186E-04 1.41992E-03 
-9.33707E-04 1.50486E-03 
-1.06254E-03 1.60091E-03 
-1.25848E-03 1.71118E-03 
-1.63121E-03 1.84451E-03 
-2.30850E-03 2.01967E-03 
-3.16597E-03 2.24765E-03 
-3.86688E-03 2.50897E-03 
-2.24101E-04 8.41358E-04 
-2.18860E-04 8.72243E-04 
-2.46756E-04 9.48131E-04 
-2.46539E-04 9.79646E-04 
-2.49150E-04 1.01174E-03 
-2.55048E-04 1.04470E-03 
-2.64670E-04 1.07885E-03 
-2.74930E-04 1.10632E-03 
-2.78423E-04 1.11455E-03 
-2.98304E-04 1.15521E-03 
-3.23831E-04 1.19863E-03 
-3.55354E-04 1.24536E-03 
-3.93155E-04 1.29600E-03 
-4.16904E-04 1.36771E-03 
-4.68298E-04 1.42587E-03 
-5.27502E-04 1.49036E-03 
-5.94660E-04 1.56217E-03 
-6.69971E-04 1.64232E-03 
-7.54186E-04 1.73199E-03 
-8.50441E-04 1.83254E-03 
-9.70998E-04 1.94616E-03 
-1.15880E-03 2.07815E-03 
-1.52641E-03 2.24311E-03 
-2.20320E-03 2.46693E-03 
-3.05694E-03 2.75472E-03 
-3.73986E-03 3.06901E-03 
-1.85271E-04 1.03294E-03 
-1.77033E-04 1.06908E-03 
-2.01943E-04 1.16285E-03 
-1.98612E-04 1.19966E-03 
-1.98269E-04 1.23740E-03 
-2.01339E-04 1.27638E-03 
-2.08213E-04 1.31699E-03 
-2.16367E-04 1.34977E-03 
-2.19243E-04 1.35961E-03 
-2.36151E-04 1.40830E-03 
-2.58577E-04 1.46037E-03 
-2.86775E-04 1.51643E-03 
-3.20914E-04 1.57711E-03 
-3.36671E-04 1.65985E-03 
-3.83468E-04 1.72911E-03 
-4.37404E-04 1.80571E-03 
-4.98414E-04 1.89066E-03 
-5.66465E-04 1.98506E-03 
-6.42078E-04 2.09011E-03 
-7.28214E-04 2.20737E-03 
-8.37212E-04 2.33974E-03 
-1.01288E-03 2.49497E-03 
-1.36992E-03 2.69422E-03 
-2.03821E-03 2.97119E-03 
-2.87797E-03 3.32386E-03 
-3.53260E-03 3.69421E-03 
-1.28807E-04 1.26274E-03 
-1.16814E-04 1.30490E-03 
-1.36430E-04 1.41936E-03 
-1.29070E-04 1.46208E-03 
-1.24826E-04 1.50612E-03 
-1.24074E-04 1.55187E-03 
-1.27147E-04 1.59972E-03 
-1.32333E-04 1.63847E-03 
-1.34332E-04 1.65011E-03 
-1.46956E-04 1.70780E-03 
-1.64856E-04 1.76956E-03 
-1.88169E-04 1.83603E-03 
-2.16935E-04 1.90790E-03 
-2.22339E-04 2.00244E-03 
-2.62590E-04 2.08399E-03 
-3.09072E-04 2.17394E-03 
-3.61474E-04 2.27331E-03 
-4.19499E-04 2.38321E-03 
-4.83396E-04 2.50487E-03 
-5.55898E-04 2.64004E-03 
-6.49307E-04 2.79241E-03 
-8.07958E-04 2.97254E-03 
-1.14779E-03 3.20902E-03 
-1.79785E-03 3.54421E-03 
-2.61125E-03 3.96745E-03 
-3.22520E-03 4.39712E-03 
-5.22129E-05 1.52825E-03 
-3.57101E-05 1.57706E-03 
-4.72006E-05 1.71427E-03 
-3.48881E-05 1.76330E-03 
-2.57711E-05 1.81412E-03 
-2.01627E-05 1.86714E-03 
-1.83265E-05 1.92279E-03 
-1.96297E-05 1.96795E-03 
-2.04726E-05 1.98153E-03 
-2.74208E-05 2.04889E-03 
-3.92773E-05 2.12105E-03 
-5.60478E-05 2.19867E-03 
-7.76274E-05 2.28246E-03 
-7.03397E-05 2.38902E-03 
-1.02010E-04 2.48361E-03 
-1.38757E-04 2.58764E-03 
-1.80001E-04 2.70212E-03 
-2.25154E-04 2.82812E-03 
-2.74163E-04 2.96688E-03 
-3.29483E-04 3.12032E-03 
-4.03247E-04 3.29298E-03 
-5.39896E-04 3.49848E-03 
-8.55461E-04 3.77351E-03 
-1.47667E-03 4.16964E-03 
-2.25039E-03 4.66616E-03 
-2.81113E-03 5.15554E-03 
5.03127E-05 1.83757E-03 
7.22619E-05 1.89380E-03 
7.26021E-05 2.05584E-03 
9.09860E-05 2.11165E-03 
1.06157E-04 2.16976E-03 
1.17875E-04 2.23062E-03 
1.25961E-04 2.29470E-03 
1.29644E-04 2.34678E-03 
1.30292E-04 2.36246E-03 
1.30696E-04 2.44026E-03 
1.26706E-04 2.52360E-03 
1.18464E-04 2.61319E-03 
1.06239E-04 2.70972E-03 
1.29001E-04 2.82843E-03 
1.08352E-04 2.93689E-03 
8.40692E-05 3.05578E-03 
5.70322E-05 3.18606E-03 
2.81471E-05 3.32873E-03 
-2.19840E-06 3.48501E-03 
-3.61230E-05 3.65696E-03 
-8.54427E-05 3.85003E-03 
-1.94216E-04 4.08121E-03 
-4.77256E-04 4.39605E-03 
-1.05723E-03 4.85587E-03 
-1.77584E-03 5.42834E-03 
-2.26892E-03 5.97744E-03 
1.84788E-04 2.19547E-03 
2.13262E-04 2.25992E-03 
2.30087E-04 2.44833E-03 
2.55801E-04 2.51134E-03 
2.78361E-04 2.57722E-03 
2.97614E-04 2.64646E-03 
3.13474E-04 2.71952E-03 
3.23404E-04 2.77900E-03 
3.25923E-04 2.79692E-03 
3.35593E-04 2.88583E-03 
3.41548E-04 2.98106E-03 
3.44099E-04 3.08331E-03 
3.43696E-04 3.19327E-03 
3.85015E-04 3.32395E-03 
3.78167E-04 3.44691E-03 
3.69455E-04 3.58119E-03 
3.60082E-04 3.72767E-03 
3.51300E-04 3.88721E-03 
3.43862E-04 4.06096E-03 
3.36040E-04 4.25113E-03 
3.16506E-04 4.46411E-03 
2.42151E-04 4.72054E-03 
9.08183E-07 5.07553E-03 
-5.23866E-04 5.60065E-03 
-1.17011E-03 6.25026E-03 
-1.57971E-03 6.85738E-03 
3.58318E-04 2.60657E-03 
3.94552E-04 2.68008E-03 
4.33595E-04 2.89553E-03 
4.68035E-04 2.96610E-03 
4.99473E-04 3.04017E-03 
5.27856E-04 3.11823E-03 
5.53205E-04 3.20078E-03 
5.70796E-04 3.26805E-03 
5.75618E-04 3.28832E-03 
5.96708E-04 3.38892E-03 
6.14953E-04 3.49661E-03 
6.30850E-04 3.61206E-03 
6.45055E-04 3.73593E-03 
7.08303E-04 3.87796E-03 
7.18404E-04 4.01577E-03 
7.28770E-04 4.16564E-03 
7.40954E-04 4.32827E-03 
7.56573E-04 4.50437E-03 
7.76768E-04 4.69495E-03 
8.00259E-04 4.90233E-03 
8.16395E-04 5.13390E-03 
7.83665E-04 5.41423E-03 
5.94508E-04 5.80857E-03 
1.40495E-04 6.39902E-03 
-4.14296E-04 7.12501E-03 
-7.23355E-04 7.78644E-03 
5.79577E-04 3.07582E-03 
6.24995E-04 3.15922E-03 
6.93228E-04 3.40120E-03 
7.37932E-04 3.47963E-03 
7.79900E-04 3.56224E-03 
8.19190E-04 3.64951E-03 
8.55947E-04 3.74195E-03 
8.82789E-04 3.81733E-03 
8.90396E-04 3.84005E-03 
9.25332E-04 3.95276E-03 
9.58510E-04 4.07329E-03 
9.90638E-04 4.20226E-03 
1.02260E-03 4.34025E-03 
1.11146E-03 4.49252E-03 
1.14208E-03 4.64517E-03 
1.17550E-03 4.81035E-03 
1.21363E-03 4.98854E-03 
1.25847E-03 5.18021E-03 
1.31157E-03 5.38621E-03 
1.37214E-03 5.60892E-03 
1.43042E-03 5.85676E-03 
1.44724E-03 6.15846E-03 
1.32154E-03 6.58993E-03 
9.55553E-04 7.24390E-03 
5.13210E-04 8.04322E-03 
3.23003E-04 8.75285E-03 
8.57807E-04 3.60576E-03 
9.14006E-04 3.69987E-03 
1.01961E-03 3.96610E-03 
1.07621E-03 4.05261E-03 
1.13048E-03 4.14400E-03 
1.18259E-03 4.24074E-03 
1.23283E-03 4.34331E-03 
1.27066E-03 4.42697E-03 
1.28158E-03 4.45218E-03 
1.33301E-03 4.57720E-03 
1.38402E-03 4.71066E-03 
1.43556E-03 4.85311E-03 
1.48874E-03 5.00500E-03 
1.60709E-03 5.16576E-03 
1.66219E-03 5.33265E-03 
1.72306E-03 5.51218E-03 
1.79195E-03 5.70453E-03 
1.87127E-03 5.90988E-03 
1.96295E-03 6.12882E-03 
2.06677E-03 6.36381E-03 
2.17406E-03 6.62432E-03 
2.24882E-03 6.94337E-03 
2.19874E-03 7.40786E-03 
1.93935E-03 8.12097E-03 
1.63179E-03 8.98746E-03 
1.57933E-03 9.73624E-03 
1.20372E-03 4.19825E-03 
1.27251E-03 4.30381E-03 
1.42489E-03 4.58988E-03 
1.49510E-03 4.68460E-03 
1.56354E-03 4.78489E-03 
1.63053E-03 4.89120E-03 
1.69650E-03 5.00396E-03 
1.74718E-03 5.09592E-03 
1.76199E-03 5.12361E-03 
1.83282E-03 5.26081E-03 
1.90486E-03 5.40693E-03 
1.97929E-03 5.56236E-03 
2.05752E-03 5.72739E-03 
2.20940E-03 5.89409E-03 
2.29338E-03 6.07390E-03 
2.38652E-03 6.26594E-03 
2.49145E-03 6.47005E-03 
2.61092E-03 6.68605E-03 
2.74729E-03 6.91424E-03 
2.90090E-03 7.15707E-03 
3.06442E-03 7.42512E-03 
3.20593E-03 7.75580E-03 
3.24432E-03 8.24706E-03 
3.11123E-03 9.01202E-03 
2.96195E-03 9.93607E-03 
3.06642E-03 1.07118E-02 
1.62892E-03 4.85290E-03 
1.71230E-03 4.97049E-03 
1.92190E-03 5.26939E-03 
2.00749E-03 5.37234E-03 
2.09207E-03 5.48151E-03 
2.17610E-03 5.59730E-03 
2.26020E-03 5.72008E-03 
2.32576E-03 5.82009E-03 
2.34507E-03 5.85019E-03 
2.43844E-03 5.99902E-03 
2.53497E-03 6.15699E-03 
2.63611E-03 6.32429E-03 
2.74355E-03 6.50095E-03 
2.93311E-03 6.67019E-03 
3.05077E-03 6.86060E-03 
3.18141E-03 7.06222E-03 
3.32804E-03 7.27445E-03 
3.49372E-03 7.49669E-03 
3.68117E-03 7.72892E-03 
3.89134E-03 7.97356E-03 
4.11845E-03 8.24228E-03 
4.33567E-03 8.57689E-03 
4.47575E-03 9.08618E-03 
4.48937E-03 9.89234E-03 
4.52236E-03 1.08604E-02 
4.80259E-03 1.16474E-02 
2.14645E-03 5.56767E-03 
2.24671E-03 5.69769E-03 
2.52477E-03 5.99944E-03 
2.62757E-03 6.11052E-03 
2.73033E-03 6.22838E-03 
2.83372E-03 6.35332E-03 
2.93851E-03 6.48560E-03 
3.02114E-03 6.59313E-03 
3.04563E-03 6.62543E-03 
3.16496E-03 6.78481E-03 
3.28976E-03 6.95317E-03 
3.42179E-03 7.13041E-03 
3.56302E-03 7.31625E-03 
3.79443E-03 7.48357E-03 
3.95100E-03 7.68107E-03 
4.12483E-03 7.88796E-03 
4.31920E-03 8.10316E-03 
4.53744E-03 8.32562E-03 
4.78258E-03 8.55494E-03 
5.05618E-03 8.79353E-03 
5.35427E-03 9.05413E-03 
5.65613E-03 9.38283E-03 
5.91121E-03 9.89873E-03 
6.09227E-03 1.07318E-02 
6.33162E-03 1.17262E-02 
6.80558E-03 1.25052E-02 
2.76929E-03 6.33641E-03 
2.88895E-03 6.47889E-03 
3.24695E-03 6.77039E-03 
3.36880E-03 6.88932E-03 
3.49189E-03 7.01540E-03 
3.61704E-03 7.14880E-03 
3.74527E-03 7.28961E-03 
3.84731E-03 7.40367E-03 
3.87770E-03 7.43786E-03 
4.02668E-03 7.60593E-03 
4.18386E-03 7.78228E-03 
4.35129E-03 7.96646E-03 
4.53122E-03 8.15782E-03 
4.80855E-03 8.31761E-03 
5.00963E-03 8.51716E-03 
5.23260E-03 8.72337E-03 
5.48094E-03 8.93465E-03 
5.75818E-03 9.14944E-03 
6.06757E-03 9.36698E-03 
6.41124E-03 9.58969E-03 
6.78728E-03 9.83133E-03 
7.18218E-03 1.01421E-02 
7.56501E-03 1.06503E-02 
7.93369E-03 1.14921E-02 
8.40238E-03 1.24909E-02 
9.08601E-03 1.32394E-02 
3.51046E-03 7.14944E-03 
3.65236E-03 7.30392E-03 
4.10129E-03 7.56900E-03 
4.24410E-03 7.69524E-03 
4.38973E-03 7.82870E-03 
4.53925E-03 7.96935E-03 
4.69385E-03 8.11708E-03 
4.81783E-03 8.23609E-03 
4.85491E-03 8.27165E-03 
5.03754E-03 8.44555E-03 
5.23154E-03 8.62634E-03 
5.43923E-03 8.81313E-03 
5.66311E-03 9.00481E-03 
5.99018E-03 9.15019E-03 
6.24161E-03 9.34500E-03 
6.51984E-03 9.54271E-03 
6.82842E-03 9.74118E-03 
7.17095E-03 9.93841E-03 
7.55078E-03 1.01333E-02 
7.97058E-03 1.03283E-02 
8.43074E-03 1.05381E-02 
8.92609E-03 1.08167E-02 
9.44828E-03 1.13003E-02 
1.00233E-02 1.21289E-02 
1.07422E-02 1.31057E-02 
1.16485E-02 1.37983E-02 
4.38213E-03 7.99281E-03 
4.54945E-03 8.15809E-03 
5.09885E-03 8.37801E-03 
5.26463E-03 8.51058E-03 
5.43522E-03 8.65000E-03 
5.61188E-03 8.79599E-03 
5.79607E-03 8.94814E-03 
5.94475E-03 9.06975E-03 
5.98937E-03 9.10590E-03 
6.20999E-03 9.28148E-03 
6.44559E-03 9.46165E-03 
6.69871E-03 9.64507E-03 
6.97203E-03 9.83014E-03 
7.35226E-03 9.95289E-03 
7.66002E-03 1.01342E-02 
7.99954E-03 1.03135E-02 
8.37437E-03 1.04882E-02 
8.78797E-03 1.06560E-02 
9.24371E-03 1.08154E-02 
9.74470E-03 1.09690E-02 
1.02939E-02 1.11324E-02 
1.08954E-02 1.13627E-02 
1.15667E-02 1.18023E-02 
1.23641E-02 1.25923E-02 
1.33508E-02 1.35175E-02 
1.44885E-02 1.41266E-02 
5.39464E-03 8.84794E-03 
5.59094E-03 9.02185E-03 
6.24779E-03 9.17618E-03 
6.43877E-03 9.31347E-03 
6.63696E-03 9.45661E-03 
6.84388E-03 9.60501E-03 
7.06118E-03 9.75791E-03 
7.23757E-03 9.87873E-03 
7.29065E-03 9.91440E-03 
7.55396E-03 1.00859E-02 
7.83623E-03 1.02586E-02 
8.14018E-03 1.04308E-02 
8.46857E-03 1.06003E-02 
8.90480E-03 1.06909E-02 
9.27467E-03 1.08478E-02 
9.68117E-03 1.09968E-02 
1.01276E-02 1.11349E-02 
1.06171E-02 1.12594E-02 
1.11530E-02 1.13688E-02 
1.17387E-02 1.14658E-02 
1.23798E-02 1.15669E-02 
1.30911E-02 1.17316E-02 
1.39182E-02 1.21061E-02 
1.49507E-02 1.28294E-02 
1.62177E-02 1.36708E-02 
1.75906E-02 1.41680E-02 
6.55582E-03 9.69204E-03 
6.78513E-03 9.87107E-03 
7.55270E-03 9.93904E-03 
7.77143E-03 1.00784E-02 
8.00027E-03 1.02219E-02 
8.24092E-03 1.03685E-02 
8.49525E-03 1.05170E-02 
8.70266E-03 1.06324E-02 
8.76522E-03 1.06661E-02 
9.07621E-03 1.08258E-02 
9.41048E-03 1.09823E-02 
9.77075E-03 1.11332E-02 
1.01597E-02 1.12760E-02 
1.06540E-02 1.13238E-02 
1.10913E-02 1.14434E-02 
1.15696E-02 1.15483E-02 
1.20919E-02 1.16351E-02 
1.26609E-02 1.17011E-02 
1.32793E-02 1.17448E-02 
1.39510E-02 1.17692E-02 
1.46846E-02 1.17917E-02 
1.55063E-02 1.18729E-02 
1.64924E-02 1.21603E-02 
1.77674E-02 1.27877E-02 
1.93217E-02 1.35118E-02 
2.09271E-02 1.38694E-02 
7.86993E-03 1.04982E-02 
8.13674E-03 1.06773E-02 
9.01351E-03 1.06394E-02 
9.26306E-03 1.07770E-02 
9.52606E-03 1.09159E-02 
9.80439E-03 1.10547E-02 
1.01001E-02 1.11919E-02 
1.03421E-02 1.12957E-02 
1.04152E-02 1.13256E-02 
1.07791E-02 1.14637E-02 
1.11707E-02 1.15929E-02 
1.15927E-02 1.17106E-02 
1.20474E-02 1.18136E-02 
1.26007E-02 1.18069E-02 
1.31098E-02 1.18746E-02 
1.36636E-02 1.19201E-02 
1.42643E-02 1.19400E-02 
1.49141E-02 1.19316E-02 
1.56151E-02 1.18935E-02 
1.63715E-02 1.18294E-02 
1.71949E-02 1.17571E-02 
1.81240E-02 1.17378E-02 
1.92679E-02 1.19167E-02 
2.07872E-02 1.24189E-02 
2.26283E-02 1.29931E-02 
2.44568E-02 1.31859E-02 
9.33966E-03 1.12378E-02 
9.64902E-03 1.14098E-02 
1.06281E-02 1.12496E-02 
1.09122E-02 1.13797E-02 
1.12135E-02 1.15072E-02 
1.15340E-02 1.16304E-02 
1.18758E-02 1.17471E-02 
1.21562E-02 1.18317E-02 
1.22410E-02 1.18553E-02 
1.26632E-02 1.19598E-02 
1.31175E-02 1.20487E-02 
1.36060E-02 1.21190E-02 
1.41310E-02 1.21675E-02 
1.47430E-02 1.20940E-02 
1.53268E-02 1.20941E-02 
1.59580E-02 1.20641E-02 
1.66377E-02 1.20009E-02 
1.73672E-02 1.19021E-02 
1.81482E-02 1.17669E-02 
1.89848E-02 1.15993E-02 
1.98919E-02 1.14178E-02 
2.09216E-02 1.12826E-02 
2.22173E-02 1.13334E-02 
2.39764E-02 1.16828E-02 
2.60965E-02 1.20768E-02 
2.81318E-02 1.20834E-02 
1.09547E-02 1.18761E-02 
1.13118E-02 1.20319E-02 
1.23801E-02 1.17382E-02 
1.27030E-02 1.18530E-02 
1.30471E-02 1.19604E-02 
1.34146E-02 1.20580E-02 
1.38073E-02 1.21434E-02 
1.41297E-02 1.21996E-02 
1.42272E-02 1.22142E-02 
1.47126E-02 1.22713E-02 
1.52338E-02 1.23053E-02 
1.57927E-02 1.23129E-02 
1.63907E-02 1.22911E-02 
1.70594E-02 1.21392E-02 
1.77187E-02 1.20560E-02 
1.84263E-02 1.19351E-02 
1.91825E-02 1.17739E-02 
1.99874E-02 1.15705E-02 
2.08419E-02 1.13251E-02 
2.17503E-02 1.10421E-02 
2.27310E-02 1.07402E-02 
2.38496E-02 1.04776E-02 
2.52852E-02 1.03847E-02 
2.72716E-02 1.05582E-02 
2.96539E-02 1.07471E-02 
3.18720E-02 1.05531E-02 
1.27150E-02 1.23843E-02 
1.31257E-02 1.25126E-02 
1.42651E-02 1.20795E-02 
1.46318E-02 1.21692E-02 
1.50240E-02 1.22453E-02 
1.54434E-02 1.23053E-02 
1.58920E-02 1.23465E-02 
1.62601E-02 1.23637E-02 
1.63713E-02 1.23662E-02 
1.69243E-02 1.23604E-02 
1.75161E-02 1.23235E-02 
1.81479E-02 1.22523E-02 
1.88202E-02 1.21442E-02 
1.95420E-02 1.19025E-02 
2.02753E-02 1.17208E-02 
2.10561E-02 1.14946E-02 
2.18834E-02 1.12221E-02 
2.27562E-02 1.09023E-02 
2.36745E-02 1.05361E-02 
2.46430E-02 1.01290E-02 
2.56834E-02 9.69931E-03 
2.68758E-02 9.30161E-03 
2.84351E-02 9.05350E-03 
3.06306E-02 9.03236E-03 
3.32521E-02 8.99687E-03 
3.56237E-02 8.59389E-03 
1.46099E-02 1.27307E-02 
1.50798E-02 1.28183E-02 
1.62678E-02 1.22464E-02 
1.66837E-02 1.22988E-02 
1.71291E-02 1.23307E-02 
1.76055E-02 1.23393E-02 
1.81145E-02 1.23218E-02 
1.85313E-02 1.22887E-02 
1.86570E-02 1.22757E-02 
1.92807E-02 1.21909E-02 
1.99451E-02 1.20669E-02 
2.06503E-02 1.19012E-02 
2.13960E-02 1.16915E-02 
2.21653E-02 1.13505E-02 
2.29681E-02 1.10572E-02 
2.38153E-02 1.07141E-02 
2.47049E-02 1.03202E-02 
2.56346E-02 9.87579E-03 
2.66035E-02 9.38279E-03 
2.76166E-02 8.84744E-03 
2.86994E-02 8.28758E-03 
2.99463E-02 7.75258E-03 
3.16083E-02 7.34358E-03 
3.39886E-02 7.11573E-03 
3.68195E-02 6.84382E-03 
3.93105E-02 6.23146E-03 
1.66293E-02 1.28864E-02 
1.71638E-02 1.29183E-02 
1.83746E-02 1.22145E-02 
1.88454E-02 1.22156E-02 
1.93491E-02 1.21887E-02 
1.98869E-02 1.21309E-02 
2.04598E-02 1.20397E-02 
2.09274E-02 1.19445E-02 
2.10681E-02 1.19125E-02 
2.17640E-02 1.17327E-02 
2.25009E-02 1.15063E-02 
2.32779E-02 1.12315E-02 
2.40931E-02 1.09070E-02 
2.49022E-02 1.04595E-02 
2.57668E-02 1.00447E-02 
2.66706E-02 9.57657E-03 
2.76102E-02 9.05547E-03 
2.85823E-02 8.48289E-03 
2.95852E-02 7.86201E-03 
3.06242E-02 7.19973E-03 
3.17289E-02 6.51289E-03 
3.30079E-02 5.84414E-03 
3.47479E-02 5.27469E-03 
3.72841E-02 4.83488E-03 
4.02896E-02 4.32235E-03 
4.28623E-02 3.50790E-03 
1.87625E-02 1.28255E-02 
1.93664E-02 1.27857E-02 
2.05731E-02 1.19618E-02 
2.11037E-02 1.18964E-02 
2.16701E-02 1.17953E-02 
2.22728E-02 1.16557E-02 
2.29118E-02 1.14756E-02 
2.34310E-02 1.13070E-02 
2.35869E-02 1.12528E-02 
2.43544E-02 1.09631E-02 
2.51613E-02 1.06207E-02 
2.60052E-02 1.02248E-02 
2.68833E-02 9.77528E-03 
2.77225E-02 9.21720E-03 
2.86379E-02 8.67494E-03 
2.95851E-02 8.07826E-03 
3.05594E-02 7.42900E-03 
3.15562E-02 6.73001E-03 
3.25735E-02 5.98567E-03 
3.36170E-02 5.20342E-03 
3.47205E-02 4.39854E-03 
3.60071E-02 3.60544E-03 
3.77977E-02 2.88215E-03 
4.04571E-02 2.23217E-03 
4.35990E-02 1.48251E-03 
4.62141E-02 4.80503E-04 
2.09986E-02 1.25258E-02 
2.16755E-02 1.23980E-02 
2.28515E-02 1.14697E-02 
2.34464E-02 1.13219E-02 
2.40787E-02 1.11310E-02 
2.47480E-02 1.08947E-02 
2.54536E-02 1.06115E-02 
2.60238E-02 1.03593E-02 
2.61943E-02 1.02800E-02 
2.70302E-02 9.86786E-03 
2.79016E-02 9.39867E-03 
2.88051E-02 8.87301E-03 
2.97362E-02 8.29221E-03 
3.05935E-02 7.62289E-03 
3.15457E-02 6.95205E-03 
3.25200E-02 6.22848E-03 
3.35105E-02 5.45552E-03 
3.45119E-02 4.63744E-03 
3.55216E-02 3.77970E-03 
3.65462E-02 2.89008E-03 
3.76238E-02 1.98170E-03 
3.88918E-02 1.07922E-03 
4.07039E-02 2.14589E-04 
4.34517E-02 -6.37083E-04 
4.66899E-02 -1.61314E-03 
4.93077E-02 -2.78175E-03 
2.33264E-02 1.19696E-02 
2.40785E-02 1.17379E-02 
2.51994E-02 1.07227E-02 
2.58614E-02 1.04770E-02 
2.65610E-02 1.01816E-02 
2.72969E-02 9.83504E-03 
2.80674E-02 9.43649E-03 
2.86857E-02 9.09227E-03 
2.88700E-02 8.98573E-03 
2.97682E-02 8.44166E-03 
3.06959E-02 7.83866E-03 
3.16482E-02 7.17886E-03 
3.26193E-02 6.46516E-03 
3.34810E-02 5.68802E-03 
3.44529E-02 4.89272E-03 
3.54353E-02 4.04934E-03 
3.64213E-02 3.16271E-03 
3.74048E-02 2.23841E-03 
3.83833E-02 1.28283E-03 
3.93643E-02 3.03751E-04 
4.03905E-02 -6.88501E-04 
4.16131E-02 -1.68041E-03 
4.34169E-02 -2.66859E-03 
4.62174E-02 -3.70730E-03 
4.95110E-02 -4.89245E-03 
5.20928E-02 -6.20136E-03 
2.57359E-02 1.11437E-02 
2.65636E-02 1.07932E-02 
2.76082E-02 9.70894E-03 
2.83385E-02 9.35106E-03 
2.91048E-02 8.93818E-03 
2.99049E-02 8.46991E-03 
3.07360E-02 7.94648E-03 
3.13979E-02 7.50425E-03 
3.15943E-02 7.36891E-03 
3.25458E-02 6.68744E-03 
3.35185E-02 5.94801E-03 
3.45059E-02 5.15442E-03 
3.55013E-02 4.31127E-03 
3.63517E-02 3.43389E-03 
3.73239E-02 2.52364E-03 
3.82931E-02 1.57294E-03 
3.92518E-02 5.88036E-04 
4.01937E-02 -4.24407E-04 
4.11162E-02 -1.45731E-03 
4.20284E-02 -2.50329E-03 
4.29776E-02 -3.55545E-03 
4.41282E-02 -4.61267E-03 
4.58942E-02 -5.70219E-03 
4.87116E-02 -6.90796E-03 
5.20203E-02 -8.27934E-03 
5.45294E-02 -9.69810E-03 
2.82050E-02 1.00454E-02 
2.91064E-02 9.56389E-03 
3.00582E-02 8.42734E-03 
3.08553E-02 7.94559E-03 
3.16852E-02 7.40543E-03 
3.25444E-02 6.80767E-03 
3.34288E-02 6.15390E-03 
3.41274E-02 5.61109E-03 
3.43337E-02 5.44651E-03 
3.53264E-02 4.62735E-03 
3.63296E-02 3.75434E-03 
3.73357E-02 2.83307E-03 
3.83369E-02 1.86979E-03 
3.91589E-02 9.04429E-04 
4.01099E-02 -1.05536E-04 
4.10432E-02 -1.14545E-03 
4.19510E-02 -2.20795E-03 
4.28268E-02 -3.28551E-03 
4.36689E-02 -4.37073E-03 
4.44878E-02 -5.45704E-03 
4.53354E-02 -6.54159E-03 
4.63890E-02 -7.63668E-03 
4.80891E-02 -8.80145E-03 
5.08885E-02 -1.01492E-02 
5.41737E-02 -1.16785E-02 
5.65763E-02 -1.31735E-02 
3.07562E-02 8.65487E-03 
3.17280E-02 8.03099E-03 
3.25739E-02 6.85621E-03 
3.34348E-02 6.24017E-03 
3.43231E-02 5.56448E-03 
3.52342E-02 4.83144E-03 
3.61628E-02 4.04415E-03 
3.68896E-02 3.40026E-03 
3.71029E-02 3.20661E-03 
3.81223E-02 2.25264E-03 
3.91392E-02 1.25242E-03 
4.01451E-02 2.13265E-04 
4.11313E-02 -8.57015E-04 
4.19060E-02 -1.89493E-03 
4.28124E-02 -2.98557E-03 
4.36853E-02 -4.09294E-03 
4.45170E-02 -5.20883E-03 
4.53014E-02 -6.32523E-03 
4.60375E-02 -7.43484E-03 
4.67380E-02 -8.53236E-03 
4.74595E-02 -9.61962E-03 
4.83912E-02 -1.07233E-02 
4.99978E-02 -1.19354E-02 
5.27456E-02 -1.33981E-02 
5.59699E-02 -1.50553E-02 
5.82344E-02 -1.65918E-02 
3.33599E-02 6.98057E-03 
3.43959E-02 6.20711E-03 
3.51278E-02 5.00588E-03 
3.60461E-02 4.24969E-03 
3.69846E-02 3.43518E-03 
3.79372E-02 2.56632E-03 
3.88975E-02 1.64790E-03 
3.96414E-02 9.06837E-04 
3.98585E-02 6.85598E-04 
4.08868E-02 -3.93916E-04 
4.18978E-02 -1.50857E-03 
4.28820E-02 -2.64945E-03 
4.38303E-02 -3.80740E-03 
4.45379E-02 -4.89764E-03 
4.53752E-02 -6.04451E-03 
4.61629E-02 -7.19262E-03 
4.68935E-02 -8.33332E-03 
4.75619E-02 -9.45859E-03 
4.81683E-02 -1.05616E-02 
4.87275E-02 -1.16389E-02 
4.93009E-02 -1.26974E-02 
5.00888E-02 -1.37788E-02 
5.15769E-02 -1.50082E-02 
5.42414E-02 -1.65547E-02 
5.73700E-02 -1.83057E-02 
5.94690E-02 -1.98476E-02 
3.60177E-02 5.01865E-03 
3.71094E-02 4.09155E-03 
3.77225E-02 2.87293E-03 
3.86893E-02 1.97423E-03 
3.96670E-02 1.02136E-03 
4.06482E-02 2.01250E-05 
4.16252E-02 -1.02285E-03 
4.23732E-02 -1.85383E-03 
4.25900E-02 -2.10017E-03 
4.36071E-02 -3.29121E-03 
4.45902E-02 -4.50277E-03 
4.55292E-02 -5.72454E-03 
4.64151E-02 -6.94637E-03 
4.70342E-02 -8.06512E-03 
4.77772E-02 -9.24005E-03 
4.84543E-02 -1.03989E-02 
4.90589E-02 -1.15331E-02 
4.95871E-02 -1.26350E-02 
5.00408E-02 -1.36989E-02 
5.04372E-02 -1.47235E-02 
5.08422E-02 -1.57213E-02 
5.14662E-02 -1.67492E-02 
5.28127E-02 -1.79650E-02 
5.53642E-02 -1.95628E-02 
5.83647E-02 -2.13718E-02 
6.02740E-02 -2.28839E-02 
3.87226E-02 2.77300E-03 
3.98590E-02 1.69202E-03 
4.03513E-02 4.62939E-04 
4.13548E-02 -5.76386E-04 
4.23578E-02 -1.66273E-03 
4.33518E-02 -2.78829E-03 
4.43280E-02 -3.94456E-03 
4.50653E-02 -4.85454E-03 
4.52773E-02 -5.12243E-03 
4.62605E-02 -6.40590E-03 
4.71914E-02 -7.69188E-03 
4.80600E-02 -8.96901E-03 
4.88574E-02 -1.02266E-02 
4.93660E-02 -1.13466E-02 
4.99889E-02 -1.25182E-02 
5.05302E-02 -1.36551E-02 
5.09845E-02 -1.47493E-02 
5.13496E-02 -1.57943E-02 
5.16293E-02 -1.67857E-02 
5.18434E-02 -1.77250E-02 
5.20623E-02 -1.86306E-02 
5.25050E-02 -1.95745E-02 
5.36895E-02 -2.07459E-02 
5.61002E-02 -2.23613E-02 
5.89430E-02 -2.41919E-02 
6.06423E-02 -2.56398E-02 
4.14632E-02 2.54112E-04 
4.26306E-02 -9.76822E-04 
4.30017E-02 -2.21087E-03 
4.40273E-02 -3.38447E-03 
4.50392E-02 -4.59483E-03 
4.60277E-02 -5.83204E-03 
4.69829E-02 -7.08570E-03 
4.76930E-02 -8.06019E-03 
4.78951E-02 -8.34505E-03 
4.88197E-02 -9.69707E-03 
4.96725E-02 -1.10304E-02 
5.04441E-02 -1.23332E-02 
5.11261E-02 -1.35947E-02 
5.15017E-02 -1.46861E-02 
5.19791E-02 -1.58203E-02 
5.23601E-02 -1.69008E-02 
5.26412E-02 -1.79206E-02 
5.28220E-02 -1.88746E-02 
5.29087E-02 -1.97606E-02 
5.29239E-02 -2.05830E-02 
5.29418E-02 -2.13664E-02 
5.31889E-02 -2.21973E-02 
5.41937E-02 -2.32946E-02 
5.64389E-02 -2.48939E-02 
5.90973E-02 -2.67095E-02 
6.05702E-02 -2.80613E-02 
4.42203E-02 -2.51766E-03 
4.54026E-02 -3.89035E-03 
4.56528E-02 -5.12449E-03 
4.66834E-02 -6.42154E-03 
4.76853E-02 -7.74196E-03 
4.86478E-02 -9.07368E-03 
4.95599E-02 -1.04044E-02 
5.02247E-02 -1.14257E-02 
5.04116E-02 -1.17220E-02 
5.12512E-02 -1.31144E-02 
5.19989E-02 -1.44643E-02 
5.26461E-02 -1.57597E-02 
5.31859E-02 -1.69905E-02 
5.34061E-02 -1.80211E-02 
5.37135E-02 -1.90830E-02 
5.39114E-02 -2.00719E-02 
5.39984E-02 -2.09829E-02 
5.39765E-02 -2.18129E-02 
5.38542E-02 -2.25621E-02 
5.36571E-02 -2.32381E-02 
5.34629E-02 -2.38719E-02 
5.35039E-02 -2.45637E-02 
5.43148E-02 -2.55590E-02 
5.63725E-02 -2.71092E-02 
5.88233E-02 -2.88746E-02 
6.00583E-02 -3.01017E-02 
4.69380E-02 -5.47950E-03 
4.81169E-02 -6.98035E-03 
4.82481E-02 -8.20966E-03 
4.92644E-02 -9.61408E-03 
5.02359E-02 -1.10256E-02 
5.11504E-02 -1.24300E-02 
5.19968E-02 -1.38134E-02 
5.25981E-02 -1.48607E-02 
5.27644E-02 -1.51621E-02 
5.34931E-02 -1.65634E-02 
5.41098E-02 -1.78964E-02 
5.46072E-02 -1.91497E-02 
5.49804E-02 -2.03144E-02 
5.50257E-02 -2.12527E-02 
5.51428E-02 -2.22081E-02 
5.51393E-02 -2.30726E-02 
5.50165E-02 -2.38436E-02 
5.47790E-02 -2.45204E-02 
5.44380E-02 -2.51060E-02 
5.40215E-02 -2.56116E-02 
5.36106E-02 -2.60739E-02 
5.34411E-02 -2.66057E-02 
5.40498E-02 -2.74757E-02 
5.59041E-02 -2.89468E-02 
5.81305E-02 -3.06298E-02 
5.91231E-02 -3.17095E-02 
4.96287E-02 -8.64209E-03 
5.07841E-02 -1.02561E-02 
5.07951E-02 -1.14748E-02 
5.17760E-02 -1.29687E-02 
5.26944E-02 -1.44505E-02 
5.35373E-02 -1.59039E-02 
5.42930E-02 -1.73133E-02 
5.48112E-02 -1.83644E-02 
5.49510E-02 -1.86643E-02 
5.55410E-02 -2.00409E-02 
5.59990E-02 -2.13215E-02 
5.63197E-02 -2.24963E-02 
5.65006E-02 -2.35582E-02 
5.63504E-02 -2.43712E-02 
5.62561E-02 -2.51858E-02 
5.60327E-02 -2.58930E-02 
5.56844E-02 -2.64929E-02 
5.52188E-02 -2.69880E-02 
5.46496E-02 -2.73843E-02 
5.40075E-02 -2.76966E-02 
5.33758E-02 -2.79672E-02 
5.29923E-02 -2.83199E-02 
5.33911E-02 -2.90428E-02 
5.50260E-02 -3.04064E-02 
5.70116E-02 -3.19767E-02 
5.77578E-02 -3.28886E-02 
5.22027E-02 -1.19011E-02 
5.33133E-02 -1.36080E-02 
5.32037E-02 -1.48091E-02 
5.41272E-02 -1.63701E-02 
5.49697E-02 -1.78973E-02 
5.57177E-02 -1.93724E-02 
5.63593E-02 -2.07787E-02 
5.67760E-02 -2.18099E-02 
5.68842E-02 -2.21010E-02 
5.73106E-02 -2.34185E-02 
5.75862E-02 -2.46118E-02 
5.77080E-02 -2.56731E-02 
5.76767E-02 -2.65983E-02 
5.73164E-02 -2.72568E-02 
5.69967E-02 -2.79011E-02 
5.65426E-02 -2.84237E-02 
5.59615E-02 -2.88283E-02 
5.52637E-02 -2.91207E-02 
5.44655E-02 -2.93100E-02 
5.36000E-02 -2.94146E-02 
5.27521E-02 -2.94816E-02 
5.21591E-02 -2.96441E-02 
5.23480E-02 -3.02051E-02 
5.37556E-02 -3.14381E-02 
5.54923E-02 -3.28714E-02 
5.59971E-02 -3.36032E-02 
5.46104E-02 -1.51946E-02 
5.56538E-02 -1.69715E-02 
5.54217E-02 -1.81466E-02 
5.62654E-02 -1.97498E-02 
5.70092E-02 -2.12956E-02 
5.76393E-02 -2.27640E-02 
5.81438E-02 -2.41372E-02 
5.84419E-02 -2.51246E-02 
5.85134E-02 -2.54000E-02 
5.87535E-02 -2.66244E-02 
5.88255E-02 -2.76967E-02 
5.87297E-02 -2.86119E-02 
5.84703E-02 -2.93694E-02 
5.78889E-02 -2.98477E-02 
5.73347E-02 -3.02964E-02 
5.66441E-02 -3.06124E-02 
5.58278E-02 -3.08030E-02 
5.48989E-02 -3.08774E-02 
5.38764E-02 -3.08480E-02 
5.27949E-02 -3.07364E-02 
5.17402E-02 -3.05940E-02 
5.09470E-02 -3.05610E-02 
5.09306E-02 -3.09503E-02 
5.21073E-02 -3.20343E-02 
5.35916E-02 -3.33111E-02 
5.38646E-02 -3.38563E-02 
5.67866E-02 -1.84389E-02 
5.77401E-02 -2.02605E-02 
5.73824E-02 -2.13994E-02 
5.81239E-02 -2.30183E-02 
5.87469E-02 -2.45546E-02 
5.92375E-02 -2.59872E-02 
5.95843E-02 -2.72976E-02 
5.97486E-02 -2.82182E-02 
5.97791E-02 -2.84710E-02 
5.98139E-02 -2.95707E-02 
5.96658E-02 -3.04916E-02 
5.93388E-02 -3.12321E-02 
5.88409E-02 -3.17961E-02 
5.80334E-02 -3.20738E-02 
5.72420E-02 -3.23082E-02 
5.63158E-02 -3.24023E-02 
5.52687E-02 -3.23673E-02 
5.41167E-02 -3.22159E-02 
5.28807E-02 -3.19636E-02 
5.15969E-02 -3.16349E-02 
5.03508E-02 -3.12846E-02 
4.93721E-02 -3.10573E-02 
4.91602E-02 -3.12713E-02 
5.01080E-02 -3.21940E-02 
5.13425E-02 -3.33012E-02 
5.13986E-02 -3.36598E-02 
5.86738E-02 -2.15588E-02 
5.95146E-02 -2.33980E-02 
5.90267E-02 -2.44887E-02 
5.96441E-02 -2.60954E-02 
6.01251E-02 -2.75939E-02 
6.04560E-02 -2.89618E-02 
6.06266E-02 -3.01807E-02 
6.06441E-02 -3.10126E-02 
6.06302E-02 -3.12367E-02 
6.04443E-02 -3.21830E-02 
6.00643E-02 -3.29258E-02 
5.94977E-02 -3.34681E-02 
5.87569E-02 -3.38183E-02 
5.77237E-02 -3.38808E-02 
5.66984E-02 -3.38888E-02 
5.55438E-02 -3.37528E-02 
5.42766E-02 -3.34880E-02 
5.29154E-02 -3.31102E-02 
5.14828E-02 -3.26380E-02 
5.00158E-02 -3.20981E-02 
4.85985E-02 -3.15476E-02 
4.74538E-02 -3.11337E-02 
4.70605E-02 -3.11746E-02 
4.77863E-02 -3.19290E-02 
4.87786E-02 -3.28592E-02 
4.86367E-02 -3.30371E-02 
6.02122E-02 -2.44706E-02 
6.09181E-02 -2.62990E-02 
6.02944E-02 -2.73277E-02 
6.07669E-02 -2.88940E-02 
6.10865E-02 -3.03263E-02 
6.12405E-02 -3.16018E-02 
6.12196E-02 -3.27026E-02 
6.10805E-02 -3.34264E-02 
6.10195E-02 -3.36164E-02 
6.06032E-02 -3.43849E-02 
5.99851E-02 -3.49288E-02 
5.91773E-02 -3.52556E-02 
5.81961E-02 -3.53790E-02 
5.69445E-02 -3.52193E-02 
5.56960E-02 -3.49968E-02 
5.43272E-02 -3.46307E-02 
5.28577E-02 -3.41399E-02 
5.13078E-02 -3.35434E-02 
4.97015E-02 -3.28618E-02 
4.80758E-02 -3.21241E-02 
4.65126E-02 -3.13883E-02 
4.52257E-02 -3.08015E-02 
4.46701E-02 -3.06775E-02 
4.51860E-02 -3.12630E-02 
4.59489E-02 -3.20153E-02 
4.56323E-02 -3.20240E-02 
6.13556E-02 -2.71033E-02 
6.19054E-02 -2.88919E-02 
6.11394E-02 -2.98437E-02 
6.14478E-02 -3.13414E-02 
6.15890E-02 -3.26800E-02 
6.15512E-02 -3.38372E-02 
6.13274E-02 -3.47962E-02 
6.10250E-02 -3.53953E-02 
6.09153E-02 -3.55465E-02 
6.02639E-02 -3.61181E-02 
5.94079E-02 -3.64481E-02 
5.83636E-02 -3.65492E-02 
5.71512E-02 -3.64403E-02 
5.56948E-02 -3.60585E-02 
5.42404E-02 -3.56093E-02 
5.26783E-02 -3.50211E-02 
5.10301E-02 -3.43160E-02 
4.93177E-02 -3.35156E-02 
4.75654E-02 -3.26424E-02 
4.58100E-02 -3.17264E-02 
4.41301E-02 -3.08258E-02 
4.27283E-02 -3.00853E-02 
4.20330E-02 -2.98097E-02 
4.23555E-02 -3.02313E-02 
4.29066E-02 -3.08107E-02 
4.24412E-02 -3.06667E-02 
6.20722E-02 -2.94004E-02 
6.24459E-02 -3.11203E-02 
6.15307E-02 -3.19792E-02 
6.16576E-02 -3.33808E-02 
6.16055E-02 -3.46001E-02 
6.13645E-02 -3.56155E-02 
6.09297E-02 -3.64119E-02 
6.04606E-02 -3.68727E-02 
6.03019E-02 -3.69817E-02 
5.94160E-02 -3.73425E-02 
5.83278E-02 -3.74499E-02 
5.70577E-02 -3.73219E-02 
5.56298E-02 -3.69826E-02 
5.39879E-02 -3.63860E-02 
5.23507E-02 -3.57212E-02 
5.06215E-02 -3.49259E-02 
4.88233E-02 -3.40250E-02 
4.69788E-02 -3.30420E-02 
4.51123E-02 -3.20006E-02 
4.32593E-02 -3.09312E-02 
4.14942E-02 -2.98909E-02 
4.00073E-02 -2.90200E-02 
3.91973E-02 -2.86106E-02 
3.93466E-02 -2.88781E-02 
3.97068E-02 -2.92945E-02 
3.91206E-02 -2.90178E-02 
6.23448E-02 -3.13163E-02 
6.25247E-02 -3.29397E-02 
6.14536E-02 -3.36894E-02 
6.13845E-02 -3.49693E-02 
6.11276E-02 -3.60459E-02 
6.06755E-02 -3.68992E-02 
6.00261E-02 -3.75165E-02 
5.93904E-02 -3.78292E-02 
5.91833E-02 -3.78936E-02 
5.80691E-02 -3.80358E-02 
5.67604E-02 -3.79186E-02 
5.52813E-02 -3.75652E-02 
5.36595E-02 -3.70048E-02 
5.18568E-02 -3.62075E-02 
5.00651E-02 -3.53453E-02 
4.81996E-02 -3.43648E-02 
4.62842E-02 -3.32928E-02 
4.43414E-02 -3.21540E-02 
4.23951E-02 -3.09727E-02 
4.04786E-02 -2.97788E-02 
3.86615E-02 -2.86276E-02 
3.71203E-02 -2.76527E-02 
3.62225E-02 -2.71305E-02 
3.62216E-02 -2.72583E-02 
3.64150E-02 -2.75262E-02 
3.57365E-02 -2.71394E-02 
6.21735E-02 -3.28313E-02 
6.21441E-02 -3.43317E-02 
6.09107E-02 -3.49562E-02 
6.06332E-02 -3.60907E-02 
6.01626E-02 -3.70037E-02 
5.94946E-02 -3.76774E-02 
5.86301E-02 -3.81027E-02 
5.78311E-02 -3.82605E-02 
5.75768E-02 -3.82789E-02 
5.62447E-02 -3.81996E-02 
5.47314E-02 -3.78610E-02 
5.30645E-02 -3.72916E-02 
5.12742E-02 -3.65248E-02 
4.93389E-02 -3.55461E-02 
4.74240E-02 -3.45096E-02 
4.54559E-02 -3.33701E-02 
4.34581E-02 -3.21557E-02 
4.14525E-02 -3.08914E-02 
3.94615E-02 -2.96012E-02 
3.75159E-02 -2.83139E-02 
3.56797E-02 -2.70820E-02 
3.41147E-02 -2.60310E-02 
3.31563E-02 -2.54188E-02 
3.30294E-02 -2.54240E-02 
3.30810E-02 -2.55605E-02 
3.23385E-02 -2.50873E-02 
6.15801E-02 -3.39256E-02 
6.13312E-02 -3.52808E-02 
5.99321E-02 -3.57666E-02 
5.94395E-02 -3.67367E-02 
5.87523E-02 -3.74704E-02 
5.78694E-02 -3.79532E-02 
5.67957E-02 -3.81797E-02 
5.58409E-02 -3.81811E-02 
5.55424E-02 -3.81537E-02 
5.40091E-02 -3.78576E-02 
5.23131E-02 -3.73086E-02 
5.04850E-02 -3.65398E-02 
4.85568E-02 -3.55886E-02 
4.65207E-02 -3.44539E-02 
4.45172E-02 -3.32718E-02 
4.24821E-02 -3.20045E-02 
4.04382E-02 -3.06803E-02 
3.84056E-02 -2.93239E-02 
3.64047E-02 -2.79581E-02 
3.44634E-02 -2.66100E-02 
3.26395E-02 -2.53286E-02 
3.10800E-02 -2.42302E-02 
3.00879E-02 -2.35525E-02 
2.98608E-02 -2.34552E-02 
2.97976E-02 -2.34807E-02 
2.90179E-02 -2.29456E-02 
6.05832E-02 -3.46259E-02 
6.01045E-02 -3.58143E-02 
5.85355E-02 -3.61476E-02 
5.78210E-02 -3.69349E-02 
5.69141E-02 -3.74744E-02 
5.58175E-02 -3.77557E-02 
5.45404E-02 -3.77777E-02 
5.34377E-02 -3.76219E-02 
5.30978E-02 -3.75490E-02 
5.13801E-02 -3.70417E-02 
4.95234E-02 -3.62943E-02 
4.75606E-02 -3.53439E-02 
4.55245E-02 -3.42309E-02 
4.34190E-02 -3.29658E-02 
4.13605E-02 -3.16669E-02 
3.92932E-02 -3.03027E-02 
3.72377E-02 -2.89007E-02 
3.52122E-02 -2.74844E-02 
3.32343E-02 -2.60750E-02 
3.13285E-02 -2.46972E-02 
2.95462E-02 -2.33956E-02 
2.80190E-02 -2.22766E-02 
2.70179E-02 -2.15565E-02 
2.67144E-02 -2.13761E-02 
2.65607E-02 -2.13102E-02 
2.57682E-02 -2.07357E-02 
5.92266E-02 -3.49420E-02 
5.85136E-02 -3.59470E-02 
5.67742E-02 -3.61176E-02 
5.58371E-02 -3.67094E-02 
5.47132E-02 -3.70457E-02 
5.34100E-02 -3.71208E-02 
5.19407E-02 -3.69387E-02 
5.07017E-02 -3.66295E-02 
5.03243E-02 -3.65129E-02 
4.84437E-02 -3.58063E-02 
4.64524E-02 -3.48781E-02 
4.43845E-02 -3.37689E-02 
4.22728E-02 -3.25209E-02 
4.01302E-02 -3.11543E-02 
3.80505E-02 -2.97699E-02 
3.59848E-02 -2.83413E-02 
3.39511E-02 -2.68944E-02 
3.19645E-02 -2.54506E-02 
3.00397E-02 -2.40288E-02 
2.81974E-02 -2.26511E-02 
2.64824E-02 -2.13571E-02 
2.50113E-02 -2.02429E-02 
2.40237E-02 -1.95028E-02 
2.36673E-02 -1.92597E-02 
2.34474E-02 -1.91228E-02 
2.26636E-02 -1.85303E-02 
5.75572E-02 -3.49055E-02 
5.66096E-02 -3.57148E-02 
5.47021E-02 -3.57156E-02 
5.35454E-02 -3.61034E-02 
5.22111E-02 -3.62319E-02 
5.07115E-02 -3.61004E-02 
4.90643E-02 -3.57184E-02 
4.77028E-02 -3.52626E-02 
4.72924E-02 -3.51048E-02 
4.52726E-02 -3.42143E-02 
4.31738E-02 -3.31258E-02 
4.10307E-02 -3.18825E-02 
3.88753E-02 -3.05277E-02 
3.67265E-02 -2.90888E-02 
3.46576E-02 -2.76497E-02 
3.26249E-02 -2.61882E-02 
3.06429E-02 -2.47275E-02 
2.87235E-02 -2.32863E-02 
2.68780E-02 -2.18809E-02 
2.51231E-02 -2.05300E-02 
2.34971E-02 -1.92684E-02 
2.21020E-02 -1.81815E-02 
2.11477E-02 -1.74419E-02 
2.07597E-02 -1.71555E-02 
2.04957E-02 -1.69672E-02 
1.97389E-02 -1.63755E-02 
5.56260E-02 -3.45547E-02 
5.44472E-02 -3.51604E-02 
5.23768E-02 -3.49875E-02 
5.10074E-02 -3.51673E-02 
4.94729E-02 -3.50876E-02 
4.77904E-02 -3.47533E-02 
4.59822E-02 -3.41795E-02 
4.45136E-02 -3.35863E-02 
4.40749E-02 -3.33904E-02 
4.19409E-02 -3.23341E-02 
3.97622E-02 -3.11076E-02 
3.75735E-02 -2.97561E-02 
3.54046E-02 -2.83227E-02 
3.32784E-02 -2.68399E-02 
3.12493E-02 -2.53756E-02 
2.92773E-02 -2.39104E-02 
2.73732E-02 -2.24643E-02 
2.55451E-02 -2.10528E-02 
2.38006E-02 -1.96889E-02 
2.21525E-02 -1.83880E-02 
2.06329E-02 -1.71800E-02 
1.93296E-02 -1.61395E-02 
1.84248E-02 -1.54183E-02 
1.80242E-02 -1.51064E-02 
1.77356E-02 -1.48848E-02 
1.70206E-02 -1.43100E-02 
5.34853E-02 -3.39319E-02 
5.20826E-02 -3.43303E-02 
4.98574E-02 -3.39834E-02 
4.82858E-02 -3.39556E-02 
4.65645E-02 -3.36714E-02 
4.47154E-02 -3.31417E-02 
4.27653E-02 -3.23875E-02 
4.12061E-02 -3.16683E-02 
4.07443E-02 -3.14381E-02 
3.85215E-02 -3.02361E-02 
3.62903E-02 -2.88950E-02 
3.40839E-02 -2.74612E-02 
3.19297E-02 -2.59767E-02 
2.98521E-02 -2.44767E-02 
2.78881E-02 -2.30143E-02 
2.60006E-02 -2.15717E-02 
2.41961E-02 -2.01651E-02 
2.24786E-02 -1.88064E-02 
2.08522E-02 -1.75053E-02 
1.93257E-02 -1.62737E-02 
1.79251E-02 -1.51363E-02 
1.67254E-02 -1.41577E-02 
1.58829E-02 -1.34698E-02 
1.54857E-02 -1.31483E-02 
1.51893E-02 -1.29093E-02 
1.45272E-02 -1.23644E-02 
5.11859E-02 -3.30808E-02 
4.95700E-02 -3.32724E-02 
4.72005E-02 -3.27542E-02 
4.54404E-02 -3.25231E-02 
4.35485E-02 -3.20419E-02 
4.15514E-02 -3.13277E-02 
3.94801E-02 -3.04072E-02 
3.78475E-02 -2.95749E-02 
3.73677E-02 -2.93146E-02 
3.50818E-02 -2.79882E-02 
3.28242E-02 -2.65564E-02 
3.06264E-02 -2.50655E-02 
2.85122E-02 -2.35557E-02 
2.65056E-02 -2.20629E-02 
2.46282E-02 -2.06264E-02 
2.28446E-02 -1.92293E-02 
2.11568E-02 -1.78833E-02 
1.95647E-02 -1.65966E-02 
1.80687E-02 -1.53753E-02 
1.66739E-02 -1.42278E-02 
1.54007E-02 -1.31741E-02 
1.43121E-02 -1.22692E-02 
1.35412E-02 -1.16264E-02 
1.31607E-02 -1.13088E-02 
1.28702E-02 -1.10662E-02 
1.22688E-02 -1.05611E-02 
4.87761E-02 -3.20445E-02 
4.69607E-02 -3.20334E-02 
4.44598E-02 -3.13500E-02 
4.25275E-02 -3.09234E-02 
4.04834E-02 -3.02560E-02 
3.83586E-02 -2.93708E-02 
3.61878E-02 -2.83003E-02 
3.44993E-02 -2.73691E-02 
3.40067E-02 -2.70831E-02 
3.16826E-02 -2.56545E-02 
2.94233E-02 -2.41553E-02 
2.72579E-02 -2.26314E-02 
2.52060E-02 -2.11199E-02 
2.32892E-02 -1.96560E-02 
2.15157E-02 -1.82662E-02 
1.98511E-02 -1.69335E-02 
1.82924E-02 -1.56652E-02 
1.68357E-02 -1.44653E-02 
1.54780E-02 -1.33366E-02 
1.42207E-02 -1.22841E-02 
1.30792E-02 -1.13233E-02 
1.21058E-02 -1.05002E-02 
1.14126E-02 -9.91134E-03 
1.10589E-02 -9.60864E-03 
1.07851E-02 -9.37346E-03 
1.02491E-02 -8.91523E-03 
4.62998E-02 -3.08640E-02 
4.43008E-02 -3.06574E-02 
4.16830E-02 -2.98171E-02 
3.95970E-02 -2.92059E-02 
3.74206E-02 -2.83657E-02 
3.51895E-02 -2.73254E-02 
3.29413E-02 -2.61226E-02 
3.12142E-02 -2.51076E-02 
3.07140E-02 -2.48003E-02 
2.83755E-02 -2.32917E-02 
2.61375E-02 -2.17478E-02 
2.40255E-02 -2.02131E-02 
2.20546E-02 -1.87212E-02 
2.02430E-02 -1.73049E-02 
1.85868E-02 -1.59790E-02 
1.70518E-02 -1.47259E-02 
1.56305E-02 -1.35483E-02 
1.43151E-02 -1.24461E-02 
1.30992E-02 -1.14188E-02 
1.19814E-02 -1.04681E-02 
1.09723E-02 -9.60565E-03 
1.01147E-02 -8.86931E-03 
9.50217E-03 -8.34031E-03 
9.18276E-03 -8.06102E-03 
8.93367E-03 -7.84205E-03 
8.46501E-03 -7.43502E-03 
4.37906E-02 -2.95741E-02 
4.16254E-02 -2.91816E-02 
3.89066E-02 -2.81948E-02 
3.66862E-02 -2.74119E-02 
3.43985E-02 -2.64140E-02 
3.20826E-02 -2.52356E-02 
2.97790E-02 -2.39192E-02 
2.80303E-02 -2.28354E-02 
2.75272E-02 -2.25114E-02 
2.51969E-02 -2.09443E-02 
2.30008E-02 -1.93772E-02 
2.09608E-02 -1.78521E-02 
1.90869E-02 -1.63986E-02 
1.73925E-02 -1.50456E-02 
1.58634E-02 -1.37977E-02 
1.44650E-02 -1.26359E-02 
1.31857E-02 -1.15584E-02 
1.20138E-02 -1.05611E-02 
1.09402E-02 -9.64046E-03 
9.96056E-03 -8.79535E-03 
9.08164E-03 -8.03358E-03 
8.33784E-03 -7.38599E-03 
7.80664E-03 -6.92027E-03 
7.52643E-03 -6.67059E-03 
7.30747E-03 -6.47423E-03 
6.90579E-03 -6.12040E-03 
4.13044E-02 -2.82204E-02 
3.89928E-02 -2.76553E-02 
3.61903E-02 -2.65350E-02 
3.38570E-02 -2.55965E-02 
3.14798E-02 -2.44587E-02 
2.91013E-02 -2.31613E-02 
2.67642E-02 -2.17511E-02 
2.50099E-02 -2.06143E-02 
2.45086E-02 -2.02780E-02 
2.22070E-02 -1.86738E-02 
2.00709E-02 -1.71035E-02 
1.81179E-02 -1.56061E-02 
1.63527E-02 -1.42067E-02 
1.47832E-02 -1.29293E-02 
1.33864E-02 -1.17694E-02 
1.21271E-02 -1.07063E-02 
1.09895E-02 -9.73385E-03 
9.95888E-03 -8.84443E-03 
9.02353E-03 -8.03145E-03 
8.17674E-03 -7.29144E-03 
7.42204E-03 -6.62901E-03 
6.78671E-03 -6.06881E-03 
6.33439E-03 -5.66684E-03 
6.09559E-03 -5.45045E-03 
5.90959E-03 -5.28065E-03 
5.57198E-03 -4.97949E-03 
3.88366E-02 -2.68146E-02 
3.63970E-02 -2.60891E-02 
3.35274E-02 -2.48478E-02 
3.11010E-02 -2.37689E-02 
2.86551E-02 -2.25079E-02 
2.62348E-02 -2.11095E-02 
2.38845E-02 -1.96243E-02 
2.21398E-02 -1.84489E-02 
2.16445E-02 -1.81046E-02 
1.93906E-02 -1.64831E-02 
1.73311E-02 -1.49279E-02 
1.54788E-02 -1.34747E-02 
1.38327E-02 -1.21433E-02 
1.23945E-02 -1.09520E-02 
1.11339E-02 -9.88826E-03 
1.00148E-02 -8.92957E-03 
9.01759E-03 -8.06541E-03 
8.12494E-03 -7.28503E-03 
7.32298E-03 -6.57932E-03 
6.60314E-03 -5.94271E-03 
5.96624E-03 -5.37711E-03 
5.43351E-03 -4.90186E-03 
5.05680E-03 -4.56290E-03 
4.86014E-03 -4.38187E-03 
4.70830E-03 -4.24093E-03 
4.43112E-03 -3.99084E-03 
3.64266E-02 -2.53907E-02 
3.38787E-02 -2.45193E-02 
3.09589E-02 -2.31710E-02 
2.84600E-02 -2.19685E-02 
2.59661E-02 -2.06024E-02 
2.35244E-02 -1.91216E-02 
2.11802E-02 -1.75804E-02 
1.94592E-02 -1.63808E-02 
1.89738E-02 -1.60328E-02 
1.67846E-02 -1.44126E-02 
1.48158E-02 -1.28896E-02 
1.30750E-02 -1.14948E-02 
1.15550E-02 -1.02428E-02 
1.02513E-02 -9.14513E-03 
9.12727E-03 -8.18254E-03 
8.14580E-03 -7.33039E-03 
7.28425E-03 -6.57436E-03 
6.52295E-03 -5.90089E-03 
5.84648E-03 -5.29884E-03 
5.24487E-03 -4.76093E-03 
4.71681E-03 -4.28696E-03 
4.27857E-03 -3.89181E-03 
3.97215E-03 -3.61291E-03 
3.81631E-03 -3.46730E-03 
3.69785E-03 -3.35557E-03 
3.47581E-03 -3.15315E-03 
3.40916E-02 -2.39689E-02 
3.14545E-02 -2.29666E-02 
2.85010E-02 -2.15255E-02 
2.59493E-02 -2.02163E-02 
2.34271E-02 -1.87629E-02 
2.09831E-02 -1.72182E-02 
1.86632E-02 -1.56391E-02 
1.69786E-02 -1.44291E-02 
1.65067E-02 -1.40811E-02 
1.43975E-02 -1.24800E-02 
1.25315E-02 -1.10044E-02 
1.09107E-02 -9.68065E-03 
9.52184E-03 -8.51708E-03 
8.35348E-03 -7.51855E-03 
7.36411E-03 -6.65970E-03 
6.51567E-03 -5.91385E-03 
5.78291E-03 -5.26339E-03 
5.14452E-03 -4.69249E-03 
4.58399E-03 -4.18843E-03 
4.09048E-03 -3.74274E-03 
3.66112E-03 -3.35358E-03 
3.30820E-03 -3.03224E-03 
3.06555E-03 -2.80905E-03 
2.94775E-03 -2.69736E-03 
2.86047E-03 -2.61368E-03 
2.68743E-03 -2.45446E-03 
3.18449E-02 -2.25661E-02 
2.91371E-02 -2.14478E-02 
2.61655E-02 -1.99279E-02 
2.35798E-02 -1.85288E-02 
2.10478E-02 -1.70055E-02 
1.86193E-02 -1.54144E-02 
1.63402E-02 -1.38149E-02 
1.47037E-02 -1.26075E-02 
1.42484E-02 -1.22632E-02 
1.22328E-02 -1.06975E-02 
1.04800E-02 -9.28328E-03 
8.98584E-03 -8.04127E-03 
7.73097E-03 -6.97345E-03 
6.69696E-03 -6.07741E-03 
5.83841E-03 -5.32273E-03 
5.11645E-03 -4.68079E-03 
4.50392E-03 -4.13129E-03 
3.97845E-03 -3.65669E-03 
3.52304E-03 -3.24327E-03 
3.12645E-03 -2.88184E-03 
2.78481E-03 -2.56941E-03 
2.50726E-03 -2.31445E-03 
2.32101E-03 -2.14149E-03 
2.23732E-03 -2.06089E-03 
2.17787E-03 -2.00284E-03 
2.04714E-03 -1.88157E-03 
2.96955E-02 -2.11951E-02 
2.69344E-02 -1.99755E-02 
2.39594E-02 -1.83905E-02 
2.13573E-02 -1.69176E-02 
1.88325E-02 -1.53410E-02 
1.64359E-02 -1.37204E-02 
1.42127E-02 -1.21171E-02 
1.26350E-02 -1.09244E-02 
1.21992E-02 -1.05873E-02 
1.02890E-02 -9.07210E-03 
8.65799E-03 -7.73173E-03 
7.29553E-03 -6.58067E-03 
6.17576E-03 -5.61403E-03 
5.27339E-03 -4.82202E-03 
4.54010E-03 -4.16999E-03 
3.93651E-03 -3.62766E-03 
3.43423E-03 -3.17272E-03 
3.01055E-03 -2.78660E-03 
2.64855E-03 -2.45515E-03 
2.33704E-03 -2.16890E-03 
2.07164E-03 -1.92424E-03 
1.85914E-03 -1.72746E-03 
1.72136E-03 -1.59838E-03 
1.66696E-03 -1.54506E-03 
1.63117E-03 -1.50924E-03 
1.53582E-03 -1.42017E-03 
2.76505E-02 -1.98667E-02 
2.48525E-02 -1.85600E-02 
2.18878E-02 -1.69230E-02 
1.92853E-02 -1.53916E-02 
1.67836E-02 -1.37777E-02 
1.44336E-02 -1.21435E-02 
1.22800E-02 -1.05518E-02 
1.07704E-02 -9.38527E-03 
1.03566E-02 -9.05853E-03 
8.56217E-03 -7.60771E-03 
7.06003E-03 -6.35229E-03 
5.83250E-03 -5.29969E-03 
4.84714E-03 -4.43782E-03 
4.07202E-03 -3.74949E-03 
3.45681E-03 -3.19668E-03 
2.96202E-03 -2.74789E-03 
2.55887E-03 -2.37955E-03 
2.22497E-03 -2.07277E-03 
1.94403E-03 -1.81356E-03 
1.70539E-03 -1.59265E-03 
1.50459E-03 -1.40620E-03 
1.34667E-03 -1.25892E-03 
1.24915E-03 -1.16685E-03 
1.21866E-03 -1.13620E-03 
1.20178E-03 -1.11851E-03 
1.13494E-03 -1.05570E-03 
2.57075E-02 -1.85843E-02 
2.28877E-02 -1.72039E-02 
1.99455E-02 -1.55270E-02 
1.73575E-02 -1.39517E-02 
1.48933E-02 -1.23152E-02 
1.26037E-02 -1.06824E-02 
1.05321E-02 -9.11688E-03 
9.09908E-03 -7.98724E-03 
8.70960E-03 -7.67382E-03 
7.04014E-03 -6.30024E-03 
5.67273E-03 -5.13967E-03 
4.58211E-03 -4.19167E-03 
3.72913E-03 -3.43659E-03 
3.07563E-03 -2.85008E-03 
2.57018E-03 -2.39158E-03 
2.17374E-03 -2.02893E-03 
1.85799E-03 -1.73819E-03 
1.60157E-03 -1.50089E-03 
1.38935E-03 -1.30374E-03 
1.21159E-03 -1.13809E-03 
1.06408E-03 -1.00025E-03 
9.50641E-04 -8.93797E-04 
8.85331E-04 -8.31713E-04 
8.73129E-04 -8.18732E-04 
8.70242E-04 -8.14728E-04 
8.25398E-04 -7.72420E-04 
2.38797E-02 -1.73610E-02 
2.10519E-02 -1.59199E-02 
1.81435E-02 -1.42148E-02 
1.55833E-02 -1.26094E-02 
1.31691E-02 -1.09643E-02 
1.09517E-02 -9.34665E-03 
8.97276E-03 -7.82078E-03 
7.62343E-03 -6.73763E-03 
7.26006E-03 -6.44016E-03 
5.72240E-03 -5.15482E-03 
4.49304E-03 -4.09676E-03 
3.53861E-03 -3.25693E-03 
2.81329E-03 -2.60795E-03 
2.27339E-03 -2.11881E-03 
1.86731E-03 -1.74736E-03 
1.55720E-03 -1.46156E-03 
1.31602E-03 -1.23798E-03 
1.12414E-03 -1.05928E-03 
9.68029E-04 -9.13372E-04 
8.39167E-04 -7.92595E-04 
7.33863E-04 -6.93638E-04 
6.55093E-04 -6.19325E-04 
6.14091E-04 -5.80139E-04 
6.14503E-04 -5.79592E-04 
6.20686E-04 -5.84684E-04 
5.91793E-04 -5.57359E-04 
2.21587E-02 -1.61950E-02 
1.93354E-02 -1.47050E-02 
1.64707E-02 -1.29823E-02 
1.39503E-02 -1.13593E-02 
1.15977E-02 -9.71848E-03 
9.46316E-03 -8.12895E-03 
7.58638E-03 -6.65512E-03 
6.32698E-03 -5.62730E-03 
5.99130E-03 -5.34818E-03 
4.59113E-03 -4.16081E-03 
3.50178E-03 -3.21141E-03 
2.68132E-03 -2.48158E-03 
2.07747E-03 -1.93617E-03 
1.64191E-03 -1.53833E-03 
1.32397E-03 -1.24541E-03 
1.08779E-03 -1.02634E-03 
9.08502E-04 -8.59146E-04 
7.68751E-04 -7.28267E-04 
6.56979E-04 -6.23236E-04 
5.66079E-04 -5.37587E-04 
4.93020E-04 -4.68581E-04 
4.40171E-04 -4.18493E-04 
4.16383E-04 -3.95683E-04 
4.24180E-04 -4.02617E-04 
4.34968E-04 -4.12528E-04 
4.16891E-04 -3.95420E-04 
2.05433E-02 -1.50885E-02 
1.77358E-02 -1.35606E-02 
1.49236E-02 -1.18301E-02 
1.24537E-02 -1.02011E-02 
1.01728E-02 -8.57650E-03 
8.13047E-03 -7.02689E-03 
6.36404E-03 -5.61637E-03 
5.19965E-03 -4.65171E-03 
4.89288E-03 -4.39300E-03 
3.63396E-03 -3.31152E-03 
2.68436E-03 -2.47466E-03 
1.99329E-03 -1.85408E-03 
1.50243E-03 -1.40718E-03 
1.16018E-03 -1.09242E-03 
9.17915E-04 -8.67874E-04 
7.42767E-04 -7.04517E-04 
6.12803E-04 -5.82681E-04 
5.13404E-04 -4.89106E-04 
4.35164E-04 -4.15199E-04 
3.72447E-04 -3.55792E-04 
3.22906E-04 -3.08758E-04 
2.88403E-04 -2.75917E-04 
2.75695E-04 -2.63729E-04 
2.86329E-04 -2.73735E-04 
2.97951E-04 -2.84767E-04 
2.86575E-04 -2.73993E-04 
1.90309E-02 -1.40421E-02 
1.62491E-02 -1.24864E-02 
1.34972E-02 -1.07571E-02 
1.10871E-02 -9.13295E-03 
8.88680E-03 -7.53538E-03 
6.94478E-03 -6.03646E-03 
5.29546E-03 -4.69929E-03 
4.22992E-03 -3.80446E-03 
3.95289E-03 -3.56784E-03 
2.83685E-03 -2.59802E-03 
2.02426E-03 -1.87498E-03 
1.45535E-03 -1.36004E-03 
1.06663E-03 -1.00383E-03 
8.04875E-04 -7.61775E-04 
6.24899E-04 -5.94119E-04 
4.97787E-04 -4.74968E-04 
4.05219E-04 -3.87729E-04 
3.35536E-04 -3.21757E-04 
2.81468E-04 -2.70377E-04 
2.38738E-04 -2.29651E-04 
2.05574E-04 -1.97972E-04 
1.83323E-04 -1.76682E-04 
1.76810E-04 -1.70455E-04 
1.86732E-04 -1.80011E-04 
1.96400E-04 -1.89360E-04 
1.88786E-04 -1.82118E-04 
1.76181E-02 -1.30560E-02 
1.48708E-02 -1.14817E-02 
1.21859E-02 -9.76162E-03 
9.84381E-03 -8.15202E-03 
7.73176E-03 -6.59140E-03 
5.89682E-03 -5.15282E-03 
4.36987E-03 -3.89768E-03 
3.40564E-03 -3.07801E-03 
3.15872E-03 -2.86472E-03 
2.18478E-03 -2.00986E-03 
1.50363E-03 -1.39889E-03 
1.04678E-03 -9.82790E-04 
7.46873E-04 -7.06590E-04 
5.51196E-04 -5.24819E-04 
4.19528E-04 -4.01565E-04 
3.27912E-04 -3.15191E-04 
2.62040E-04 -2.52695E-04 
2.13146E-04 -2.06056E-04 
1.75814E-04 -1.70295E-04 
1.46828E-04 -1.42439E-04 
1.24769E-04 -1.21192E-04 
1.10375E-04 -1.07316E-04 
1.06649E-04 -1.03756E-04 
1.13590E-04 -1.10544E-04 
1.19740E-04 -1.16573E-04 
1.14200E-04 -1.11246E-04 
1.63007E-02 -1.21289E-02 
1.35957E-02 -1.05443E-02 
1.09834E-02 -8.84096E-03 
8.71653E-03 -7.25476E-03 
6.69919E-03 -5.74000E-03 
4.97678E-03 -4.37025E-03 
3.57589E-03 -3.20431E-03 
2.71397E-03 -2.46366E-03 
2.49705E-03 -2.27444E-03 
1.66174E-03 -1.53504E-03 
1.10342E-03 -1.03107E-03 
7.45487E-04 -7.03564E-04 
5.18679E-04 -4.93860E-04 
3.73416E-04 -3.58272E-04 
2.76183E-04 -2.66638E-04 
2.08801E-04 -2.02559E-04 
1.60962E-04 -1.56713E-04 
1.26284E-04 -1.23280E-04 
1.00629E-04 -9.84348E-05 
8.13733E-05 -7.97274E-05 
6.71576E-05 -6.58876E-05 
5.80152E-05 -5.69806E-05 
5.52789E-05 -5.43340E-05 
5.84691E-05 -5.74949E-05 
6.09206E-05 -5.99314E-05 
5.69386E-05 -5.60474E-05 
1.50740E-02 -1.12591E-02 
1.24179E-02 -9.67189E-03 
9.88328E-03 -7.99179E-03 
7.69754E-03 -6.43698E-03 
5.78028E-03 -4.97599E-03 
4.17457E-03 -3.68235E-03 
2.90181E-03 -2.61120E-03 
2.14157E-03 -1.95179E-03 
1.95402E-03 -1.78683E-03 
1.25103E-03 -1.16031E-03 
8.03665E-04 -7.54661E-04 
5.28472E-04 -5.02015E-04 
3.57038E-04 -3.42786E-04 
2.46167E-04 -2.38470E-04 
1.70896E-04 -1.66710E-04 
1.19139E-04 -1.16818E-04 
8.37984E-05 -8.24683E-05 
5.97925E-05 -5.90013E-05 
4.33949E-05 -4.29089E-05 
3.20573E-05 -3.17531E-05 
2.42472E-05 -2.40553E-05 
1.93250E-05 -1.92004E-05 
1.72942E-05 -1.72017E-05 
1.75289E-05 -1.74457E-05 
1.74612E-05 -1.73888E-05 
1.53486E-05 -1.52998E-05 
1.39341E-02 -1.04452E-02 
1.13328E-02 -8.86221E-03 
8.87970E-03 -7.21131E-03 
6.78013E-03 -5.69498E-03 
4.96712E-03 -4.29464E-03 
3.48085E-03 -3.08305E-03 
2.33644E-03 -2.11042E-03 
1.67547E-03 -1.53259E-03 
1.51605E-03 -1.39145E-03 
9.35884E-04 -8.71785E-04 
5.84174E-04 -5.51922E-04 
3.72686E-04 -3.57043E-04 
2.37895E-04 -2.30757E-04 
1.47042E-04 -1.44035E-04 
8.51923E-05 -8.40494E-05 
4.52871E-05 -4.49062E-05 
2.13090E-05 -2.12057E-05 
7.75341E-06 -7.73750E-06 
4.27957E-07 -4.33242E-07 
-3.39208E-06 3.38513E-06 
-5.31469E-06 5.31010E-06 
-6.28136E-06 6.27893E-06 
-6.92262E-06 6.92146E-06 
-7.60167E-06 7.60115E-06 
-8.10131E-06 8.10110E-06 
-7.98267E-06 7.98260E-06 
---
