PdfType: replica
Format: lhagrid1
---
1.00000E-06 1.28121E-06 1.64152E-06 2.10317E-06 2.69463E-06 3.45242E-06 4.42329E-06 5.66715E-06 7.26076E-06 9.30241E-06 1.19180E-05 1.52689E-05 1.95617E-05 2.50609E-05 3.21053E-05 4.11287E-05 5.26863E-05 6.74889E-05 8.64459E-05 1.10720E-04 1.41800E-04 1.81585E-04 2.32503E-04 2.97652E-04 3.80981E-04 4.87518E-04 6.26039E-04 8.00452E-04 1.02297E-03 1.30657E-03 1.66759E-03 2.12729E-03 2.71054E-03 3.44865E-03 4.37927E-03 5.54908E-03 7.01192E-03 8.83064E-03 1.10763E-02 1.38266E-02 1.71641E-02 2.11717E-02 2.59364E-02 3.15062E-02 3.79623E-02 4.53425E-02 5.36750E-02 6.29705E-02 7.32221E-02 8.44039E-02 9.64793E-02 1.09332E-01 1.23067E-01 1.37507E-01 1.52639E-01 1.68416E-01 1.84794E-01 2.01731E-01 2.19016E-01 2.36948E-01 2.55242E-01 2.73927E-01 2.92954E-01 3.12340E-01 3.32036E-01 3.52019E-01 3.72282E-01 3.92772E-01 4.13533E-01 4.34326E-01 4.55495E-01 4.76836E-01 4.98342E-01 5.20006E-01 5.41818E-01 5.63773E-01 5.85861E-01 6.08077E-01 6.30459E-01 6.52800E-01 6.75387E-01 6.98063E-01 7.20830E-01 7.43683E-01 7.66623E-01 7.89636E-01 8.12791E-01 8.35940E-01 8.59175E-01 8.82485E-01 9.05866E-01 9.29311E-01 9.52817E-01 9.76387E-01 1.00000E+00 
1.14018E+00 1.22539E+00 1.32482E+00 1.44156E+00 1.57954E+00 1.74381E+00 1.94091E+00 2.12132E+00 2.17945E+00 2.49622E+00 2.89383E+00 3.39925E+00 4.05063E+00 4.90286E+00 6.03623E+00 7.57063E+00 9.68869E+00 1.26749E+01 1.69835E+01 2.33578E+01 3.30501E+01 4.82334E+01 7.28041E+01 1.13998E+02 1.85779E+02 3.16228E+02 
908 909 
-1.88409E-04 -3.42702E-05 
-1.90309E-04 -3.47419E-05 
-1.93739E-04 -3.85771E-05 
-1.95541E-04 -3.99030E-05 
-1.97579E-04 -4.15371E-05 
-1.99943E-04 -4.35590E-05 
-2.02746E-04 -4.60553E-05 
-2.05304E-04 -4.83708E-05 
-2.06129E-04 -4.91182E-05 
-2.10626E-04 -5.31665E-05 
-2.16260E-04 -5.81101E-05 
-2.23339E-04 -6.40754E-05 
-2.32230E-04 -7.11878E-05 
-2.46661E-04 -7.89660E-05 
-2.62949E-04 -8.89284E-05 
-2.82713E-04 -1.00400E-04 
-3.06628E-04 -1.13527E-04 
-3.35526E-04 -1.28469E-04 
-3.70532E-04 -1.45451E-04 
-4.13574E-04 -1.64947E-04 
-4.69237E-04 -1.88385E-04 
-5.50880E-04 -2.20467E-04 
-6.92744E-04 -2.73681E-04 
-9.39197E-04 -3.63679E-04 
-1.26600E-03 -4.78914E-04 
-1.57959E-03 -5.81869E-04 
-1.98948E-04 -3.18692E-05 
-2.00730E-04 -3.26109E-05 
-2.04536E-04 -3.71037E-05 
-2.06376E-04 -3.87627E-05 
-2.08502E-04 -4.07604E-05 
-2.11018E-04 -4.31820E-05 
-2.14054E-04 -4.61190E-05 
-2.16862E-04 -4.88058E-05 
-2.17773E-04 -4.96672E-05 
-2.22770E-04 -5.42916E-05 
-2.29076E-04 -5.98673E-05 
-2.37034E-04 -6.65197E-05 
-2.47042E-04 -7.43704E-05 
-2.62962E-04 -8.26517E-05 
-2.81070E-04 -9.33576E-05 
-3.02997E-04 -1.05607E-04 
-3.29466E-04 -1.19536E-04 
-3.61357E-04 -1.35291E-04 
-3.99864E-04 -1.53084E-04 
-4.47035E-04 -1.73386E-04 
-5.07772E-04 -1.97668E-04 
-5.96413E-04 -2.30842E-04 
-7.49798E-04 -2.85963E-04 
-1.01567E-03 -3.79260E-04 
-1.36775E-03 -4.98245E-04 
-1.70494E-03 -6.03399E-04 
-2.06750E-04 -3.19283E-05 
-2.08550E-04 -3.28618E-05 
-2.12975E-04 -3.79200E-05 
-2.15000E-04 -3.98390E-05 
-2.17368E-04 -4.21282E-05 
-2.20197E-04 -4.48783E-05 
-2.23639E-04 -4.81852E-05 
-2.26837E-04 -5.11888E-05 
-2.27875E-04 -5.21479E-05 
-2.33583E-04 -5.72710E-05 
-2.40789E-04 -6.33989E-05 
-2.49870E-04 -7.06538E-05 
-2.61258E-04 -7.91520E-05 
-2.78916E-04 -8.77954E-05 
-2.99131E-04 -9.91283E-05 
-3.23526E-04 -1.12028E-04 
-3.52871E-04 -1.26618E-04 
-3.88096E-04 -1.43027E-04 
-4.30463E-04 -1.61452E-04 
-4.82142E-04 -1.82357E-04 
-5.48362E-04 -2.07254E-04 
-6.44502E-04 -2.41260E-04 
-8.10149E-04 -2.97984E-04 
-1.09661E-03 -3.94185E-04 
-1.47539E-03 -5.16370E-04 
-1.83734E-03 -6.23021E-04 
-2.13031E-04 -3.37580E-05 
-2.14977E-04 -3.47913E-05 
-2.20244E-04 -4.03211E-05 
-2.22594E-04 -4.24143E-05 
-2.25348E-04 -4.49118E-05 
-2.28645E-04 -4.79093E-05 
-2.32653E-04 -5.15064E-05 
-2.36373E-04 -5.47654E-05 
-2.37580E-04 -5.58043E-05 
-2.44198E-04 -6.13398E-05 
-2.52518E-04 -6.79308E-05 
-2.62953E-04 -7.56946E-05 
-2.75970E-04 -8.47396E-05 
-2.95591E-04 -9.35916E-05 
-3.18179E-04 -1.05424E-04 
-3.45327E-04 -1.18835E-04 
-3.77847E-04 -1.33930E-04 
-4.16722E-04 -1.50821E-04 
-4.63278E-04 -1.69681E-04 
-5.19811E-04 -1.90963E-04 
-5.91894E-04 -2.16218E-04 
-6.96000E-04 -2.50756E-04 
-8.74633E-04 -3.08715E-04 
-1.18284E-03 -4.07313E-04 
-1.58972E-03 -5.32002E-04 
-1.97754E-03 -6.39322E-04 
-2.18925E-04 -3.65653E-05 
-2.21125E-04 -3.76034E-05 
-2.27430E-04 -4.35148E-05 
-2.30225E-04 -4.56941E-05 
-2.33492E-04 -4.83148E-05 
-2.37388E-04 -5.14772E-05 
-2.42107E-04 -5.52840E-05 
-2.46466E-04 -5.87365E-05 
-2.47876E-04 -5.98372E-05 
-2.55583E-04 -6.56976E-05 
-2.65213E-04 -7.26608E-05 
-2.77212E-04 -8.08370E-05 
-2.92086E-04 -9.03236E-05 
-3.13863E-04 -9.92230E-05 
-3.39065E-04 -1.11422E-04 
-3.69220E-04 -1.25197E-04 
-4.05187E-04 -1.40632E-04 
-4.47995E-04 -1.57816E-04 
-4.99035E-04 -1.76897E-04 
-5.60731E-04 -1.98313E-04 
-6.39014E-04 -2.23641E-04 
-7.51518E-04 -2.58373E-04 
-9.43827E-04 -3.17126E-04 
-1.27493E-03 -4.17497E-04 
-1.71128E-03 -5.43845E-04 
-2.12597E-03 -6.50867E-04 
-2.25358E-04 -3.95691E-05 
-2.27893E-04 -4.05206E-05 
-2.35407E-04 -4.67264E-05 
-2.38744E-04 -4.89056E-05 
-2.42626E-04 -5.15674E-05 
-2.47233E-04 -5.48158E-05 
-2.52780E-04 -5.87546E-05 
-2.57879E-04 -6.23406E-05 
-2.59524E-04 -6.34854E-05 
-2.68475E-04 -6.95850E-05 
-2.79585E-04 -7.68302E-05 
-2.93337E-04 -8.53207E-05 
-3.10273E-04 -9.51405E-05 
-3.34366E-04 -1.03917E-04 
-3.62395E-04 -1.16343E-04 
-3.95786E-04 -1.30325E-04 
-4.35438E-04 -1.45924E-04 
-4.82429E-04 -1.63199E-04 
-5.38213E-04 -1.82268E-04 
-6.05341E-04 -2.03548E-04 
-6.90119E-04 -2.28635E-04 
-8.11404E-04 -2.63177E-04 
-1.01804E-03 -3.22212E-04 
-1.37314E-03 -4.23604E-04 
-1.84025E-03 -5.50606E-04 
-2.28272E-03 -6.56219E-04 
-2.32996E-04 -4.20636E-05 
-2.35919E-04 -4.28429E-05 
-2.44795E-04 -4.92520E-05 
-2.48745E-04 -5.13492E-05 
-2.53320E-04 -5.39743E-05 
-2.58724E-04 -5.72331E-05 
-2.65199E-04 -6.12297E-05 
-2.71121E-04 -6.48913E-05 
-2.73026E-04 -6.60629E-05 
-2.83356E-04 -7.23170E-05 
-2.96097E-04 -7.97525E-05 
-3.11768E-04 -8.84560E-05 
-3.30948E-04 -9.84944E-05 
-3.57487E-04 -1.06967E-04 
-3.88530E-04 -1.19471E-04 
-4.25355E-04 -1.33492E-04 
-4.68902E-04 -1.49061E-04 
-5.20294E-04 -1.66205E-04 
-5.81045E-04 -1.85006E-04 
-6.53833E-04 -2.05851E-04 
-7.45355E-04 -2.30345E-04 
-8.75757E-04 -2.64262E-04 
-1.09731E-03 -3.22981E-04 
-1.47744E-03 -4.24508E-04 
-1.97651E-03 -5.50983E-04 
-2.44752E-03 -6.53920E-04 
-2.42240E-04 -4.34422E-05 
-2.45578E-04 -4.39696E-05 
-2.55959E-04 -5.04770E-05 
-2.60572E-04 -5.24135E-05 
-2.65897E-04 -5.49267E-05 
-2.72164E-04 -5.81230E-05 
-2.79644E-04 -6.21041E-05 
-2.86460E-04 -6.57830E-05 
-2.88648E-04 -6.69639E-05 
-3.00470E-04 -7.32850E-05 
-3.14974E-04 -8.08143E-05 
-3.32714E-04 -8.96213E-05 
-3.54302E-04 -9.97526E-05 
-3.83387E-04 -1.07720E-04 
-4.17606E-04 -1.20141E-04 
-4.58039E-04 -1.34014E-04 
-5.05663E-04 -1.49339E-04 
-5.61641E-04 -1.66102E-04 
-6.27546E-04 -1.84346E-04 
-7.06183E-04 -2.04421E-04 
-8.04651E-04 -2.27924E-04 
-9.44450E-04 -2.60721E-04 
-1.18145E-03 -3.18434E-04 
-1.58755E-03 -4.19058E-04 
-2.11965E-03 -5.43636E-04 
-2.61981E-03 -6.42460E-04 
-2.53261E-04 -4.31942E-05 
-2.57019E-04 -4.33937E-05 
-2.69044E-04 -4.98671E-05 
-2.74348E-04 -5.15646E-05 
-2.80461E-04 -5.38908E-05 
-2.87642E-04 -5.69501E-05 
-2.96191E-04 -6.08396E-05 
-3.03958E-04 -6.44739E-05 
-3.06448E-04 -6.56455E-05 
-3.19863E-04 -7.19383E-05 
-3.36247E-04 -7.94538E-05 
-3.56189E-04 -8.82408E-05 
-3.80336E-04 -9.83215E-05 
-4.12039E-04 -1.05560E-04 
-4.49575E-04 -1.17712E-04 
-4.93765E-04 -1.31226E-04 
-5.45621E-04 -1.46062E-04 
-6.06340E-04 -1.62162E-04 
-6.77549E-04 -1.79520E-04 
-7.62179E-04 -1.98442E-04 
-8.67744E-04 -2.20502E-04 
-1.01716E-03 -2.51615E-04 
-1.27006E-03 -3.07526E-04 
-1.70296E-03 -4.06043E-04 
-2.26901E-03 -5.27150E-04 
-2.79872E-03 -6.20239E-04 
-2.66037E-04 -4.08812E-05 
-2.70199E-04 -4.06772E-05 
-2.84017E-04 -4.69415E-05 
-2.90023E-04 -4.83189E-05 
-2.96948E-04 -5.03788E-05 
-3.05079E-04 -5.32211E-05 
-3.14747E-04 -5.69350E-05 
-3.23516E-04 -6.04552E-05 
-3.26323E-04 -6.15960E-05 
-3.41421E-04 -6.77512E-05 
-3.59792E-04 -7.51277E-05 
-3.82059E-04 -8.37498E-05 
-4.08900E-04 -9.36114E-05 
-4.43267E-04 -9.98622E-05 
-4.84239E-04 -1.11534E-04 
-5.32312E-04 -1.24445E-04 
-5.88527E-04 -1.38509E-04 
-6.54110E-04 -1.53619E-04 
-7.30735E-04 -1.69714E-04 
-8.21456E-04 -1.87045E-04 
-9.34214E-04 -2.07148E-04 
-1.09339E-03 -2.35932E-04 
-1.36254E-03 -2.89127E-04 
-1.82295E-03 -3.84151E-04 
-2.42367E-03 -4.99989E-04 
-2.98310E-03 -5.85524E-04 
-2.80408E-04 -3.61019E-05 
-2.84944E-04 -3.54159E-05 
-3.00709E-04 -4.12358E-05 
-3.07416E-04 -4.22049E-05 
-3.15163E-04 -4.39105E-05 
-3.24271E-04 -4.64448E-05 
-3.35100E-04 -4.98858E-05 
-3.44915E-04 -5.32101E-05 
-3.48055E-04 -5.42949E-05 
-3.64916E-04 -6.01821E-05 
-3.85370E-04 -6.72697E-05 
-4.10075E-04 -7.55531E-05 
-4.39732E-04 -8.49942E-05 
-4.76781E-04 -8.99594E-05 
-5.21288E-04 -1.00903E-04 
-5.73345E-04 -1.12926E-04 
-6.34015E-04 -1.25890E-04 
-7.04550E-04 -1.39631E-04 
-7.86660E-04 -1.54028E-04 
-8.83518E-04 -1.69269E-04 
-1.00350E-03 -1.86827E-04 
-1.17251E-03 -2.12546E-04 
-1.45816E-03 -2.61981E-04 
-1.94660E-03 -3.51928E-04 
-2.58246E-03 -4.60454E-04 
-3.17153E-03 -5.36405E-04 
-2.96121E-04 -2.84505E-05 
-3.00986E-04 -2.71969E-05 
-3.18865E-04 -3.22574E-05 
-3.26259E-04 -3.27189E-05 
-3.34831E-04 -3.39690E-05 
-3.44932E-04 -3.60883E-05 
-3.56957E-04 -3.91402E-05 
-3.67856E-04 -4.21700E-05 
-3.71341E-04 -4.31682E-05 
-3.90037E-04 -4.86293E-05 
-4.12665E-04 -5.52461E-05 
-4.39907E-04 -6.29810E-05 
-4.72489E-04 -7.17598E-05 
-5.12205E-04 -7.50936E-05 
-5.60322E-04 -8.50196E-05 
-6.16436E-04 -9.58200E-05 
-6.81626E-04 -1.07301E-04 
-7.57158E-04 -1.19236E-04 
-8.44771E-04 -1.31435E-04 
-9.47752E-04 -1.44013E-04 
-1.07491E-03 -1.58357E-04 
-1.25373E-03 -1.80178E-04 
-1.55599E-03 -2.24666E-04 
-2.07278E-03 -3.07732E-04 
-2.74401E-03 -4.06642E-04 
-3.36232E-03 -4.70755E-04 
-3.12862E-04 -1.74721E-05 
-3.18000E-04 -1.55545E-05 
-3.38172E-04 -1.94406E-05 
-3.46228E-04 -1.92802E-05 
-3.55615E-04 -1.99556E-05 
-3.66719E-04 -2.15323E-05 
-3.79968E-04 -2.40546E-05 
-3.91984E-04 -2.66699E-05 
-3.95825E-04 -2.75444E-05 
-4.16421E-04 -3.23869E-05 
-4.41298E-04 -3.83124E-05 
-4.71165E-04 -4.52457E-05 
-5.06762E-04 -5.30730E-05 
-5.49092E-04 -5.43758E-05 
-6.00866E-04 -6.29437E-05 
-6.61075E-04 -7.21333E-05 
-7.30808E-04 -8.16878E-05 
-8.11333E-04 -9.13115E-05 
-9.04409E-04 -1.00739E-04 
-1.01343E-03 -1.10001E-04 
-1.14764E-03 -1.20376E-04 
-1.33612E-03 -1.37356E-04 
-1.65494E-03 -1.75554E-04 
-2.20017E-03 -2.49703E-04 
-2.90665E-03 -3.36411E-04 
-3.55344E-03 -3.86199E-04 
-3.30290E-04 -2.61927E-06 
-3.35634E-04 7.25906E-08 
-3.58281E-04 -2.10134E-06 
-3.66961E-04 -1.18620E-06 
-3.77146E-04 -1.14629E-06 
-3.89254E-04 -2.02714E-06 
-4.03744E-04 -3.85025E-06 
-4.16901E-04 -5.90576E-06 
-4.21108E-04 -6.61136E-06 
-4.43655E-04 -1.06027E-05 
-4.70844E-04 -1.55712E-05 
-5.03402E-04 -2.14007E-05 
-5.42080E-04 -2.79336E-05 
-5.86925E-04 -2.67465E-05 
-6.42367E-04 -3.35605E-05 
-7.06669E-04 -4.06883E-05 
-7.80917E-04 -4.78042E-05 
-8.66371E-04 -5.45375E-05 
-9.64797E-04 -6.05413E-05 
-1.07968E-03 -6.57496E-05 
-1.22070E-03 -7.13019E-05 
-1.41858E-03 -8.23862E-05 
-1.75373E-03 -1.12785E-04 
-2.32720E-03 -1.75728E-04 
-3.06843E-03 -2.47357E-04 
-3.74255E-03 -2.80096E-04 
-3.48047E-04 1.67906E-05 
-3.53517E-04 2.03841E-05 
-3.78817E-04 2.06062E-05 
-3.88070E-04 2.24300E-05 
-3.99021E-04 2.33512E-05 
-4.12121E-04 2.33485E-05 
-4.27858E-04 2.24280E-05 
-4.42171E-04 2.11064E-05 
-4.46750E-04 2.06237E-05 
-4.71280E-04 1.77619E-05 
-5.00823E-04 1.40662E-05 
-5.36114E-04 9.69796E-06 
-5.77905E-04 4.86165E-06 
-6.25106E-04 9.06061E-06 
-6.84184E-04 4.45798E-06 
-7.52524E-04 -8.90431E-08 
-8.31197E-04 -4.18012E-06 
-9.21443E-04 -7.36394E-06 
-1.02502E-03 -9.20514E-06 
-1.14548E-03 -9.53070E-06 
-1.29296E-03 -9.30944E-06 
-1.49981E-03 -1.33194E-05 
-1.85084E-03 -3.42370E-05 
-2.45200E-03 -8.34224E-05 
-3.22706E-03 -1.36785E-04 
-3.92689E-03 -1.49512E-04 
-3.65759E-04 4.16141E-05 
-3.71261E-04 4.62560E-05 
-3.99374E-04 4.97291E-05 
-4.09131E-04 5.26389E-05 
-4.20800E-04 5.46351E-05 
-4.34863E-04 5.57256E-05 
-4.51835E-04 5.59481E-05 
-4.67304E-04 5.55667E-05 
-4.72254E-04 5.53707E-05 
-4.98779E-04 5.39669E-05 
-5.30685E-04 5.19150E-05 
-5.68713E-04 4.94249E-05 
-6.13607E-04 4.67514E-05 
-6.62935E-04 5.45498E-05 
-7.25561E-04 5.26829E-05 
-7.97821E-04 5.13091E-05 
-8.80755E-04 5.09087E-05 
-9.75569E-04 5.20187E-05 
-1.08399E-03 5.51689E-05 
-1.20965E-03 6.06508E-05 
-1.36308E-03 6.77009E-05 
-1.57829E-03 7.20675E-05 
-1.94447E-03 6.24944E-05 
-2.57241E-03 2.98932E-05 
-3.37983E-03 -1.70212E-06 
-4.10321E-03 8.78034E-06 
-3.83027E-04 7.29172E-05 
-3.88449E-04 7.87758E-05 
-4.19496E-04 8.65516E-05 
-4.29665E-04 9.07490E-05 
-4.41982E-04 9.40437E-05 
-4.56957E-04 9.64773E-05 
-4.75127E-04 9.81236E-05 
-4.91731E-04 9.89230E-05 
-4.97048E-04 9.90882E-05 
-5.25541E-04 9.95246E-05 
-5.59782E-04 9.95463E-05 
-6.00503E-04 9.94149E-05 
-6.48434E-04 9.94380E-05 
-6.99572E-04 1.11490E-04 
-7.65592E-04 1.12955E-04 
-8.41575E-04 1.15425E-04 
-9.28516E-04 1.19465E-04 
-1.02757E-03 1.25703E-04 
-1.14041E-03 1.34767E-04 
-1.27071E-03 1.47079E-04 
-1.42942E-03 1.62119E-04 
-1.65217E-03 1.76291E-04 
-2.03251E-03 1.80110E-04 
-2.68584E-03 1.67198E-04 
-3.52358E-03 1.61186E-04 
-4.26777E-03 1.98295E-04 
-3.99400E-04 1.12009E-04 
-4.04610E-04 1.19276E-04 
-4.38645E-04 1.32627E-04 
-4.49107E-04 1.38339E-04 
-4.61974E-04 1.43187E-04 
-4.77782E-04 1.47251E-04 
-4.97082E-04 1.50644E-04 
-5.14771E-04 1.52901E-04 
-5.20441E-04 1.53513E-04 
-5.50833E-04 1.56229E-04 
-5.87326E-04 1.58815E-04 
-6.30638E-04 1.61590E-04 
-6.81469E-04 1.64914E-04 
-7.33995E-04 1.81939E-04 
-8.03176E-04 1.87407E-04 
-8.82591E-04 1.94475E-04 
-9.73177E-04 2.03795E-04 
-1.07601E-03 2.16088E-04 
-1.19271E-03 2.32085E-04 
-1.32695E-03 2.52350E-04 
-1.49007E-03 2.76644E-04 
-1.71930E-03 3.02174E-04 
-2.11242E-03 3.21615E-04 
-2.78925E-03 3.31778E-04 
-3.65459E-03 3.55472E-04 
-4.41617E-03 4.22824E-04 
-4.14345E-04 1.60469E-04 
-4.19186E-04 1.69363E-04 
-4.56165E-04 1.89807E-04 
-4.66766E-04 1.97285E-04 
-4.80051E-04 2.03972E-04 
-4.96572E-04 2.09990E-04 
-5.16893E-04 2.15497E-04 
-5.35584E-04 2.19527E-04 
-5.41581E-04 2.20684E-04 
-5.73744E-04 2.26176E-04 
-6.12344E-04 2.31884E-04 
-6.58068E-04 2.38179E-04 
-7.11578E-04 2.45484E-04 
-7.64948E-04 2.68262E-04 
-8.36958E-04 2.78486E-04 
-9.19407E-04 2.90992E-04 
-1.01315E-03 3.06523E-04 
-1.11916E-03 3.25892E-04 
-1.23897E-03 3.49939E-04 
-1.37627E-03 3.79376E-04 
-1.54271E-03 4.14293E-04 
-1.77707E-03 4.52854E-04 
-2.18123E-03 4.90326E-04 
-2.87904E-03 5.27217E-04 
-3.76850E-03 5.85030E-04 
-4.54330E-03 6.86404E-04 
-4.27204E-04 2.20176E-04 
-4.31490E-04 2.30943E-04 
-4.71223E-04 2.60258E-04 
-4.81769E-04 2.69779E-04 
-4.95296E-04 2.78624E-04 
-5.12368E-04 2.86960E-04 
-5.33548E-04 2.94993E-04 
-5.53112E-04 3.01149E-04 
-5.59397E-04 3.02959E-04 
-5.93136E-04 3.11786E-04 
-6.33616E-04 3.21236E-04 
-6.81485E-04 3.31740E-04 
-7.37351E-04 3.43777E-04 
-7.90877E-04 3.73147E-04 
-8.65275E-04 3.88964E-04 
-9.50230E-04 4.07838E-04 
-1.04649E-03 4.30605E-04 
-1.15491E-03 4.58170E-04 
-1.27692E-03 4.91479E-04 
-1.41614E-03 5.31402E-04 
-1.58456E-03 5.78402E-04 
-1.82240E-03 6.31777E-04 
-2.23539E-03 6.89849E-04 
-2.95099E-03 7.57375E-04 
-3.86024E-03 8.53973E-04 
-4.64325E-03 9.93267E-04 
-4.37144E-04 2.93339E-04 
-4.40657E-04 3.06255E-04 
-4.82754E-04 3.46494E-04 
-4.93003E-04 3.58357E-04 
-5.06547E-04 3.69709E-04 
-5.23949E-04 3.80767E-04 
-5.45766E-04 3.91783E-04 
-5.66023E-04 4.00458E-04 
-5.72542E-04 4.03043E-04 
-6.07576E-04 4.15825E-04 
-6.49617E-04 4.29707E-04 
-6.99257E-04 4.45179E-04 
-7.57038E-04 4.62780E-04 
-8.09869E-04 4.99628E-04 
-8.86086E-04 5.21962E-04 
-9.72872E-04 5.48230E-04 
-1.07085E-03 5.79354E-04 
-1.18072E-03 6.16329E-04 
-1.30377E-03 6.60205E-04 
-1.44357E-03 7.12016E-04 
-1.61234E-03 7.72644E-04 
-1.85163E-03 8.42708E-04 
-2.27074E-03 9.24093E-04 
-3.00018E-03 1.02638E-03 
-3.92389E-03 1.16664E-03 
-4.70922E-03 1.34780E-03 
-4.43098E-04 3.82503E-04 
-4.45583E-04 3.97884E-04 
-4.89384E-04 4.51365E-04 
-4.99042E-04 4.65894E-04 
-5.12319E-04 4.80135E-04 
-5.29768E-04 4.94356E-04 
-5.51927E-04 5.08859E-04 
-5.72636E-04 5.20487E-04 
-5.79316E-04 5.23981E-04 
-6.15268E-04 5.41402E-04 
-6.58441E-04 5.60474E-04 
-7.09356E-04 5.81748E-04 
-7.68477E-04 6.05821E-04 
-8.19576E-04 6.51069E-04 
-8.96896E-04 6.80940E-04 
-9.84671E-04 7.15721E-04 
-1.08336E-03 7.56419E-04 
-1.19351E-03 8.04111E-04 
-1.31622E-03 8.59941E-04 
-1.45494E-03 9.25115E-04 
-1.62211E-03 1.00098E-03 
-1.86044E-03 1.08968E-03 
-2.28239E-03 1.19719E-03 
-3.02084E-03 1.33853E-03 
-3.95263E-03 1.52748E-03 
-4.73336E-03 1.75442E-03 
-4.43701E-04 4.90587E-04 
-4.44865E-04 5.08790E-04 
-4.89358E-04 5.78082E-04 
-4.98072E-04 5.95622E-04 
-5.10732E-04 6.13166E-04 
-5.27871E-04 6.31032E-04 
-5.49999E-04 6.49576E-04 
-5.70848E-04 6.64632E-04 
-5.77592E-04 6.69181E-04 
-6.13977E-04 6.91990E-04 
-6.57730E-04 7.17082E-04 
-7.09289E-04 7.45069E-04 
-7.69021E-04 7.76605E-04 
-8.17146E-04 8.31199E-04 
-8.94689E-04 8.69721E-04 
-9.82421E-04 9.14233E-04 
-1.08062E-03 9.65813E-04 
-1.18962E-03 1.02561E-03 
-1.31032E-03 1.09486E-03 
-1.44601E-03 1.17492E-03 
-1.60925E-03 1.26767E-03 
-1.84377E-03 1.37698E-03 
-2.26462E-03 1.51351E-03 
-3.00632E-03 1.69829E-03 
-3.93861E-03 1.94098E-03 
-4.70673E-03 2.21747E-03 
-4.37220E-04 6.20891E-04 
-4.36730E-04 6.42326E-04 
-4.80447E-04 7.30193E-04 
-4.87801E-04 7.51116E-04 
-4.99426E-04 7.72412E-04 
-5.15820E-04 7.94451E-04 
-5.37449E-04 8.17638E-04 
-5.58050E-04 8.36641E-04 
-5.64741E-04 8.42407E-04 
-6.00948E-04 8.71422E-04 
-6.44593E-04 9.03441E-04 
-6.96013E-04 9.39131E-04 
-7.55460E-04 9.79204E-04 
-7.99141E-04 1.04409E-03 
-8.75841E-04 1.09248E-03 
-9.62284E-04 1.14803E-03 
-1.05853E-03 1.21189E-03 
-1.16468E-03 1.28526E-03 
-1.28139E-03 1.36943E-03 
-1.41175E-03 1.46594E-03 
-1.56836E-03 1.57722E-03 
-1.79570E-03 1.70909E-03 
-2.21083E-03 1.87751E-03 
-2.94891E-03 2.11015E-03 
-3.87282E-03 2.41155E-03 
-4.61920E-03 2.74108E-03 
-4.21479E-04 7.77103E-04 
-4.18961E-04 8.02248E-04 
-4.59856E-04 9.11569E-04 
-4.65372E-04 9.36276E-04 
-4.75468E-04 9.61812E-04 
-4.90596E-04 9.88598E-04 
-5.11165E-04 1.01709E-03 
-5.31047E-04 1.04061E-03 
-5.37538E-04 1.04777E-03 
-5.72827E-04 1.08388E-03 
-6.15526E-04 1.12381E-03 
-6.65855E-04 1.16828E-03 
-7.23934E-04 1.21805E-03 
-7.61455E-04 1.29416E-03 
-8.36038E-04 1.35372E-03 
-9.19704E-04 1.42172E-03 
-1.01227E-03 1.49932E-03 
-1.11356E-03 1.58776E-03 
-1.22394E-03 1.68838E-03 
-1.34628E-03 1.80288E-03 
-1.49310E-03 1.93429E-03 
-1.70935E-03 2.09060E-03 
-2.11335E-03 2.29368E-03 
-2.83980E-03 2.57846E-03 
-3.74505E-03 2.94333E-03 
-4.45929E-03 3.32891E-03 
-3.93774E-04 9.63306E-04 
-3.88811E-04 9.92721E-04 
-4.24127E-04 1.12636E-03 
-4.27264E-04 1.15529E-03 
-4.35263E-04 1.18560E-03 
-4.48516E-04 1.21777E-03 
-4.67362E-04 1.25229E-03 
-4.85963E-04 1.28095E-03 
-4.92082E-04 1.28969E-03 
-5.25568E-04 1.33388E-03 
-5.66321E-04 1.38279E-03 
-6.14426E-04 1.43720E-03 
-6.69852E-04 1.49791E-03 
-6.99232E-04 1.58612E-03 
-7.70188E-04 1.65827E-03 
-8.49319E-04 1.74018E-03 
-9.36157E-04 1.83304E-03 
-1.03022E-03 1.93808E-03 
-1.13157E-03 2.05666E-03 
-1.24276E-03 2.19060E-03 
-1.37612E-03 2.34359E-03 
-1.57678E-03 2.52605E-03 
-1.96340E-03 2.76636E-03 
-2.66894E-03 3.10729E-03 
-3.54371E-03 3.53993E-03 
-4.21412E-03 3.98392E-03 
-3.49981E-04 1.18768E-03 
-3.42070E-04 1.22211E-03 
-3.68004E-04 1.38316E-03 
-3.68112E-04 1.41689E-03 
-3.73327E-04 1.45267E-03 
-3.83963E-04 1.49102E-03 
-4.00270E-04 1.53248E-03 
-4.16901E-04 1.56706E-03 
-4.22436E-04 1.57763E-03 
-4.53029E-04 1.63112E-03 
-4.90604E-04 1.69035E-03 
-5.35088E-04 1.75614E-03 
-5.86274E-04 1.82932E-03 
-6.05070E-04 1.93063E-03 
-6.70523E-04 2.01707E-03 
-7.42929E-04 2.11467E-03 
-8.21497E-04 2.22458E-03 
-9.05403E-04 2.34799E-03 
-9.94333E-04 2.48625E-03 
-1.09049E-03 2.64127E-03 
-1.20591E-03 2.81745E-03 
-1.38546E-03 3.02790E-03 
-1.74707E-03 3.30826E-03 
-2.42047E-03 3.70982E-03 
-3.25055E-03 4.21496E-03 
-3.86312E-03 4.71972E-03 
-2.87398E-04 1.44812E-03 
-2.76087E-04 1.48831E-03 
-2.88082E-04 1.67855E-03 
-2.84558E-04 1.71757E-03 
-2.86321E-04 1.75942E-03 
-2.93591E-04 1.80466E-03 
-3.06518E-04 1.85386E-03 
-3.20455E-04 1.89504E-03 
-3.25180E-04 1.90764E-03 
-3.51718E-04 1.97146E-03 
-3.84793E-04 2.04213E-03 
-4.24152E-04 2.12048E-03 
-4.69393E-04 2.20735E-03 
-4.75190E-04 2.32221E-03 
-5.33127E-04 2.42427E-03 
-5.96468E-04 2.53884E-03 
-6.64074E-04 2.66702E-03 
-7.34746E-04 2.80989E-03 
-8.07776E-04 2.96873E-03 
-8.84967E-04 3.14555E-03 
-9.77898E-04 3.34544E-03 
-1.13075E-03 3.58440E-03 
-1.45951E-03 3.90583E-03 
-2.08908E-03 4.36988E-03 
-2.85994E-03 4.94900E-03 
-3.40109E-03 5.51377E-03 
-2.00655E-04 1.75301E-03 
-1.85410E-04 1.79992E-03 
-1.77595E-04 2.02074E-03 
-1.69758E-04 2.06574E-03 
-1.67302E-04 2.11446E-03 
-1.70340E-04 2.16750E-03 
-1.78906E-04 2.22546E-03 
-1.89298E-04 2.27409E-03 
-1.92949E-04 2.28898E-03 
-2.14063E-04 2.36443E-03 
-2.41070E-04 2.44791E-03 
-2.73514E-04 2.54025E-03 
-3.10772E-04 2.64228E-03 
-3.00695E-04 2.77114E-03 
-3.48673E-04 2.89034E-03 
-4.00113E-04 3.02335E-03 
-4.53493E-04 3.17112E-03 
-5.07212E-04 3.33459E-03 
-5.60140E-04 3.51491E-03 
-6.13619E-04 3.71412E-03 
-6.78633E-04 3.93808E-03 
-7.98159E-04 4.20586E-03 
-1.08487E-03 4.56922E-03 
-1.65699E-03 5.09749E-03 
-2.35179E-03 5.75181E-03 
-2.80579E-03 6.37521E-03 
-8.40753E-05 2.10768E-03 
-6.43165E-05 2.16250E-03 
-2.94731E-05 2.41410E-03 
-1.66168E-05 2.46591E-03 
-9.12579E-06 2.52245E-03 
-6.98723E-06 2.58435E-03 
-1.01003E-05 2.65223E-03 
-1.59926E-05 2.70927E-03 
-1.82698E-05 2.72674E-03 
-3.23993E-05 2.81523E-03 
-5.15396E-05 2.91299E-03 
-7.50035E-05 3.02080E-03 
-1.01918E-04 3.13945E-03 
-7.27682E-05 3.28252E-03 
-1.07923E-04 3.42031E-03 
-1.44147E-04 3.57303E-03 
-1.79508E-04 3.74144E-03 
-2.11982E-04 3.92628E-03 
-2.39991E-04 4.12847E-03 
-2.64371E-04 4.35008E-03 
-2.95351E-04 4.59771E-03 
-3.74139E-04 4.89376E-03 
-6.08514E-04 5.29881E-03 
-1.10801E-03 5.89164E-03 
-1.70819E-03 6.62061E-03 
-2.05807E-03 7.29927E-03 
6.89723E-05 2.51766E-03 
9.38795E-05 2.58181E-03 
1.64436E-04 2.86271E-03 
1.83027E-04 2.92235E-03 
1.96416E-04 2.98786E-03 
2.04758E-04 3.05986E-03 
2.08310E-04 3.13898E-03 
2.07994E-04 3.20548E-03 
2.07430E-04 3.22585E-03 
2.02065E-04 3.32891E-03 
1.92864E-04 3.44247E-03 
1.80771E-04 3.56726E-03 
1.66940E-04 3.70395E-03 
2.18706E-04 3.86101E-03 
1.99739E-04 4.01863E-03 
1.82608E-04 4.19202E-03 
1.69668E-04 4.38169E-03 
1.63385E-04 4.58806E-03 
1.65790E-04 4.81181E-03 
1.76594E-04 5.05495E-03 
1.86490E-04 5.32489E-03 
1.56670E-04 5.64749E-03 
-1.40021E-05 6.09259E-03 
-4.24186E-04 6.74848E-03 
-9.09498E-04 7.54926E-03 
-1.13718E-03 8.27750E-03 
2.66469E-04 2.98922E-03 
2.97253E-04 3.06441E-03 
4.13797E-04 3.37093E-03 
4.38857E-04 3.43970E-03 
4.59070E-04 3.51557E-03 
4.74756E-04 3.59913E-03 
4.86344E-04 3.69100E-03 
4.92842E-04 3.76815E-03 
4.94383E-04 3.79176E-03 
4.99855E-04 3.91101E-03 
5.03019E-04 4.04194E-03 
5.05113E-04 4.18513E-03 
5.07596E-04 4.34111E-03 
5.85928E-04 4.51149E-03 
5.87151E-04 4.68979E-03 
5.93685E-04 4.88431E-03 
6.08319E-04 5.09517E-03 
6.33950E-04 5.32244E-03 
6.73067E-04 5.56645E-03 
7.25950E-04 5.82915E-03 
7.84385E-04 6.11873E-03 
8.12662E-04 6.46470E-03 
7.18234E-04 6.94647E-03 
4.15714E-04 7.66171E-03 
6.72526E-05 8.52883E-03 
-1.90308E-05 9.29817E-03 
5.16838E-04 3.52683E-03 
5.54352E-04 3.61505E-03 
7.28541E-04 3.94067E-03 
7.60818E-04 4.02014E-03 
7.88852E-04 4.10798E-03 
8.13147E-04 4.20475E-03 
8.34331E-04 4.31098E-03 
8.49066E-04 4.40000E-03 
8.53166E-04 4.42720E-03 
8.71882E-04 4.56423E-03 
8.90250E-04 4.71391E-03 
9.09826E-04 4.87667E-03 
9.32402E-04 5.05277E-03 
1.04159E-03 5.23506E-03 
1.06770E-03 5.43421E-03 
1.10320E-03 5.64941E-03 
1.15131E-03 5.88036E-03 
1.21533E-03 6.12665E-03 
1.29818E-03 6.38826E-03 
1.40072E-03 6.66698E-03 
1.51600E-03 6.97183E-03 
1.61215E-03 7.33609E-03 
1.60734E-03 7.84889E-03 
1.43196E-03 8.61683E-03 
1.24338E-03 9.54133E-03 
1.31798E-03 1.03400E-02 
8.29759E-04 4.13500E-03 
8.75072E-04 4.23845E-03 
1.11977E-03 4.57333E-03 
1.16008E-03 4.66538E-03 
1.19707E-03 4.76704E-03 
1.23146E-03 4.87878E-03 
1.26408E-03 5.00105E-03 
1.28875E-03 5.10313E-03 
1.29595E-03 5.13424E-03 
1.33079E-03 5.29042E-03 
1.36775E-03 5.45993E-03 
1.40874E-03 5.64290E-03 
1.45588E-03 5.83929E-03 
1.60061E-03 6.03115E-03 
1.65713E-03 6.25029E-03 
1.72776E-03 6.48453E-03 
1.81610E-03 6.73304E-03 
1.92582E-03 6.99492E-03 
2.06020E-03 7.26969E-03 
2.22067E-03 7.55901E-03 
2.40171E-03 7.87274E-03 
2.57610E-03 8.24799E-03 
2.67498E-03 8.78351E-03 
2.64718E-03 9.59420E-03 
2.64230E-03 1.05633E-02 
2.89725E-03 1.13760E-02 
1.21573E-03 4.81673E-03 
1.27026E-03 4.93772E-03 
1.59903E-03 5.26832E-03 
1.64837E-03 5.37504E-03 
1.69571E-03 5.49248E-03 
1.74199E-03 5.62098E-03 
1.78832E-03 5.76083E-03 
1.82499E-03 5.87694E-03 
1.83595E-03 5.91221E-03 
1.89042E-03 6.08846E-03 
1.95007E-03 6.27819E-03 
2.01717E-03 6.48116E-03 
2.09419E-03 6.69693E-03 
2.27953E-03 6.89482E-03 
2.37290E-03 7.13162E-03 
2.48574E-03 7.38158E-03 
2.62193E-03 7.64328E-03 
2.78543E-03 7.91528E-03 
2.97982E-03 8.19663E-03 
3.20703E-03 8.48886E-03 
3.46312E-03 8.80270E-03 
3.72639E-03 9.17906E-03 
3.94335E-03 9.72606E-03 
4.08397E-03 1.05658E-02 
4.28667E-03 1.15625E-02 
4.74057E-03 1.23703E-02 
1.68684E-03 5.57403E-03 
1.75254E-03 5.71479E-03 
2.17907E-03 6.02372E-03 
2.23877E-03 6.14729E-03 
2.29828E-03 6.28241E-03 
2.35881E-03 6.42921E-03 
2.42173E-03 6.58777E-03 
2.47303E-03 6.71847E-03 
2.48858E-03 6.75799E-03 
2.56703E-03 6.95438E-03 
2.65440E-03 7.16364E-03 
2.75329E-03 7.38510E-03 
2.86651E-03 7.61782E-03 
3.09793E-03 7.81671E-03 
3.23567E-03 8.06689E-03 
3.39876E-03 8.32711E-03 
3.59132E-03 8.59534E-03 
3.81744E-03 8.86956E-03 
4.08087E-03 9.14839E-03 
4.38399E-03 9.43325E-03 
4.72460E-03 9.73578E-03 
5.08740E-03 1.01006E-02 
5.43680E-03 1.06447E-02 
5.76662E-03 1.14957E-02 
6.20026E-03 1.24987E-02 
6.87023E-03 1.32788E-02 
2.25581E-03 6.40496E-03 
2.33541E-03 6.56722E-03 
2.87235E-03 6.83349E-03 
2.94432E-03 6.97584E-03 
3.01851E-03 7.13010E-03 
3.09640E-03 7.29613E-03 
3.17965E-03 7.47367E-03 
3.24889E-03 7.61869E-03 
3.27008E-03 7.66231E-03 
3.37791E-03 7.87750E-03 
3.49910E-03 8.10396E-03 
3.63656E-03 8.34051E-03 
3.79338E-03 8.58565E-03 
4.07663E-03 8.77870E-03 
4.26722E-03 9.03551E-03 
4.48947E-03 9.29790E-03 
4.74753E-03 9.56326E-03 
5.04552E-03 9.82902E-03 
5.38718E-03 1.00934E-02 
5.77526E-03 1.03579E-02 
6.20942E-03 1.06350E-02 
6.68169E-03 1.09729E-02 
7.17697E-03 1.14963E-02 
7.71557E-03 1.23370E-02 
8.40158E-03 1.33205E-02 
9.30186E-03 1.40472E-02 
2.93681E-03 7.30332E-03 
3.03413E-03 7.48783E-03 
3.69180E-03 7.68757E-03 
3.77885E-03 7.84996E-03 
3.87119E-03 8.02388E-03 
3.97060E-03 8.20887E-03 
4.07901E-03 8.40427E-03 
4.17038E-03 8.56210E-03 
4.19850E-03 8.60927E-03 
4.34236E-03 8.83991E-03 
4.50471E-03 9.07901E-03 
4.68869E-03 9.32478E-03 
4.89757E-03 9.57516E-03 
5.23854E-03 9.75350E-03 
5.49127E-03 1.00073E-02 
5.78212E-03 1.02608E-02 
6.11514E-03 1.05109E-02 
6.49423E-03 1.07546E-02 
6.92296E-03 1.09899E-02 
7.40430E-03 1.12182E-02 
7.93995E-03 1.14532E-02 
8.53018E-03 1.17464E-02 
9.18299E-03 1.22286E-02 
9.94763E-03 1.30335E-02 
1.09043E-02 1.39682E-02 
1.20450E-02 1.46132E-02 
3.74562E-03 8.25634E-03 
3.86580E-03 8.46221E-03 
4.65063E-03 8.57014E-03 
4.75676E-03 8.75248E-03 
4.87199E-03 8.94504E-03 
4.99836E-03 9.14691E-03 
5.13806E-03 9.35701E-03 
5.25677E-03 9.52442E-03 
5.29341E-03 9.57406E-03 
5.48124E-03 9.81417E-03 
5.69328E-03 1.00585E-02 
5.93279E-03 1.03047E-02 
6.20305E-03 1.05500E-02 
6.60744E-03 1.07027E-02 
6.93199E-03 1.09406E-02 
7.30098E-03 1.11711E-02 
7.71809E-03 1.13906E-02 
8.18679E-03 1.15959E-02 
8.71027E-03 1.17849E-02 
9.29162E-03 1.19592E-02 
9.93468E-03 1.21336E-02 
1.06489E-02 1.23622E-02 
1.14680E-02 1.27807E-02 
1.24723E-02 1.35217E-02 
1.37130E-02 1.43756E-02 
1.50988E-02 1.49096E-02 
4.69973E-03 9.24245E-03 
4.84942E-03 9.46651E-03 
5.76216E-03 9.45798E-03 
5.89285E-03 9.65818E-03 
6.03717E-03 9.86609E-03 
6.19737E-03 1.00803E-02 
6.37583E-03 1.02994E-02 
6.52802E-03 1.04710E-02 
6.57504E-03 1.05214E-02 
6.81598E-03 1.07618E-02 
7.08721E-03 1.10007E-02 
7.39193E-03 1.12352E-02 
7.73329E-03 1.14621E-02 
8.20607E-03 1.15762E-02 
8.61184E-03 1.17825E-02 
9.06776E-03 1.19731E-02 
9.57690E-03 1.21443E-02 
1.01421E-02 1.22927E-02 
1.07659E-02 1.24164E-02 
1.14513E-02 1.25176E-02 
1.22047E-02 1.26119E-02 
1.30455E-02 1.27556E-02 
1.40354E-02 1.30870E-02 
1.52876E-02 1.37345E-02 
1.68196E-02 1.44746E-02 
1.84482E-02 1.48693E-02 
5.81843E-03 1.02297E-02 
6.00572E-03 1.04659E-02 
7.03983E-03 1.03196E-02 
7.20211E-03 1.05329E-02 
7.38315E-03 1.07501E-02 
7.58535E-03 1.09693E-02 
7.81120E-03 1.11884E-02 
8.00378E-03 1.13565E-02 
8.06321E-03 1.14052E-02 
8.36712E-03 1.16335E-02 
8.70742E-03 1.18532E-02 
9.08707E-03 1.20608E-02 
9.50884E-03 1.22529E-02 
1.00536E-02 1.23143E-02 
1.05487E-02 1.24707E-02 
1.10986E-02 1.26026E-02 
1.17055E-02 1.27062E-02 
1.23712E-02 1.27783E-02 
1.30976E-02 1.28174E-02 
1.38876E-02 1.28263E-02 
1.47499E-02 1.28216E-02 
1.57152E-02 1.28611E-02 
1.68751E-02 1.30826E-02 
1.83770E-02 1.36078E-02 
2.01996E-02 1.42022E-02 
2.20610E-02 1.44323E-02 
7.12139E-03 1.11746E-02 
7.35544E-03 1.14140E-02 
8.49572E-03 1.11149E-02 
8.69794E-03 1.13336E-02 
8.92446E-03 1.15510E-02 
9.17773E-03 1.17646E-02 
9.46020E-03 1.19719E-02 
9.70031E-03 1.21264E-02 
9.77425E-03 1.21704E-02 
1.01509E-02 1.23712E-02 
1.05696E-02 1.25550E-02 
1.10330E-02 1.27182E-02 
1.15429E-02 1.28571E-02 
1.21611E-02 1.28511E-02 
1.27513E-02 1.29384E-02 
1.33992E-02 1.29921E-02 
1.41059E-02 1.30088E-02 
1.48723E-02 1.29857E-02 
1.56993E-02 1.29220E-02 
1.65895E-02 1.28213E-02 
1.75545E-02 1.27013E-02 
1.86367E-02 1.26198E-02 
1.99595E-02 1.27116E-02 
2.17052E-02 1.30882E-02 
2.38089E-02 1.35085E-02 
2.58845E-02 1.35536E-02 
8.62886E-03 1.20257E-02 
8.91920E-03 1.22564E-02 
1.01413E-02 1.17985E-02 
1.03926E-02 1.20120E-02 
1.06739E-02 1.22174E-02 
1.09875E-02 1.24122E-02 
1.13357E-02 1.25933E-02 
1.16301E-02 1.27224E-02 
1.17205E-02 1.27580E-02 
1.21786E-02 1.29138E-02 
1.26837E-02 1.30433E-02 
1.32373E-02 1.31430E-02 
1.38408E-02 1.32095E-02 
1.45308E-02 1.31225E-02 
1.52183E-02 1.31216E-02 
1.59644E-02 1.30785E-02 
1.67689E-02 1.29904E-02 
1.76315E-02 1.28555E-02 
1.85518E-02 1.26737E-02 
1.95328E-02 1.24496E-02 
2.05886E-02 1.22016E-02 
2.17744E-02 1.19867E-02 
2.32467E-02 1.19334E-02 
2.52224E-02 1.21394E-02 
2.75890E-02 1.23626E-02 
2.98524E-02 1.22091E-02 
1.03455E-02 1.27224E-02 
1.07007E-02 1.29309E-02 
1.19711E-02 1.23201E-02 
1.22804E-02 1.25152E-02 
1.26250E-02 1.26947E-02 
1.30071E-02 1.28555E-02 
1.34284E-02 1.29946E-02 
1.37824E-02 1.30855E-02 
1.38906E-02 1.31091E-02 
1.44363E-02 1.32015E-02 
1.50323E-02 1.32583E-02 
1.56793E-02 1.32763E-02 
1.63775E-02 1.32524E-02 
1.71340E-02 1.30731E-02 
1.79161E-02 1.29675E-02 
1.87552E-02 1.28122E-02 
1.96499E-02 1.26056E-02 
2.05983E-02 1.23467E-02 
2.15993E-02 1.20367E-02 
2.26556E-02 1.16811E-02 
2.37847E-02 1.12986E-02 
2.50547E-02 1.09442E-02 
2.66560E-02 1.07367E-02 
2.88393E-02 1.07576E-02 
3.14411E-02 1.07686E-02 
3.38585E-02 1.04118E-02 
1.22791E-02 1.32152E-02 
1.27061E-02 1.33868E-02 
1.39847E-02 1.26404E-02 
1.43600E-02 1.28025E-02 
1.47754E-02 1.29405E-02 
1.52325E-02 1.30513E-02 
1.57326E-02 1.31320E-02 
1.61497E-02 1.31719E-02 
1.62767E-02 1.31796E-02 
1.69131E-02 1.31908E-02 
1.76015E-02 1.31575E-02 
1.83412E-02 1.30769E-02 
1.91313E-02 1.29469E-02 
1.99457E-02 1.26669E-02 
2.08153E-02 1.24431E-02 
2.17379E-02 1.21642E-02 
2.27104E-02 1.18294E-02 
2.37298E-02 1.14391E-02 
2.47940E-02 1.09957E-02 
2.59059E-02 1.05058E-02 
2.70865E-02 9.98799E-03 
2.84174E-02 9.49366E-03 
3.01227E-02 9.12892E-03 
3.24859E-02 8.95591E-03 
3.52898E-02 8.74650E-03 
3.78231E-02 8.18866E-03 
1.44129E-02 1.34630E-02 
1.49164E-02 1.35835E-02 
1.61588E-02 1.27296E-02 
1.66063E-02 1.28432E-02 
1.70978E-02 1.29241E-02 
1.76341E-02 1.29691E-02 
1.82158E-02 1.29755E-02 
1.86971E-02 1.29524E-02 
1.88430E-02 1.29408E-02 
1.95697E-02 1.28548E-02 
2.03478E-02 1.27163E-02 
2.11755E-02 1.25234E-02 
2.20503E-02 1.22750E-02 
2.29109E-02 1.18895E-02 
2.38564E-02 1.15388E-02 
2.48482E-02 1.11295E-02 
2.58819E-02 1.06624E-02 
2.69532E-02 1.01391E-02 
2.80594E-02 9.56320E-03 
2.92036E-02 8.94226E-03 
3.04107E-02 8.29443E-03 
3.17759E-02 7.66601E-03 
3.35568E-02 7.14714E-03 
3.60677E-02 6.77846E-03 
3.90362E-02 6.34782E-03 
4.16448E-02 5.59839E-03 
1.67148E-02 1.34466E-02 
1.72967E-02 1.35023E-02 
1.84588E-02 1.25765E-02 
1.89830E-02 1.26263E-02 
1.95537E-02 1.26345E-02 
2.01708E-02 1.25986E-02 
2.08342E-02 1.25163E-02 
2.13786E-02 1.24194E-02 
2.15429E-02 1.23855E-02 
2.23561E-02 1.21887E-02 
2.32178E-02 1.19328E-02 
2.41250E-02 1.16172E-02 
2.50738E-02 1.12420E-02 
2.59670E-02 1.07495E-02 
2.69733E-02 1.02678E-02 
2.80168E-02 9.72654E-03 
2.90919E-02 9.12795E-03 
3.01934E-02 8.47518E-03 
3.13180E-02 7.77302E-03 
3.24695E-02 7.02965E-03 
3.36767E-02 6.26221E-03 
3.50486E-02 5.51054E-03 
3.68756E-02 4.84578E-03 
3.95001E-02 4.28513E-03 
4.25939E-02 3.63833E-03 
4.52378E-02 2.71225E-03 
1.91370E-02 1.31698E-02 
1.97976E-02 1.31477E-02 
2.08399E-02 1.21884E-02 
2.14436E-02 1.21588E-02 
2.20948E-02 1.20796E-02 
2.27926E-02 1.19486E-02 
2.35355E-02 1.17642E-02 
2.41402E-02 1.15843E-02 
2.43217E-02 1.15255E-02 
2.52149E-02 1.12066E-02 
2.61517E-02 1.08240E-02 
2.71273E-02 1.03785E-02 
2.81368E-02 9.87175E-03 
2.90483E-02 9.27356E-03 
3.00980E-02 8.66076E-03 
3.11738E-02 7.99025E-03 
3.22691E-02 7.26563E-03 
3.33780E-02 6.49142E-03 
3.44968E-02 5.67351E-03 
3.56303E-02 4.82049E-03 
3.68115E-02 3.94787E-03 
3.81632E-02 3.08759E-03 
4.00070E-02 2.28897E-03 
4.27115E-02 1.54421E-03 
4.58921E-02 6.90740E-04 
4.85332E-02 -3.93205E-04 
2.16240E-02 1.26552E-02 
2.23630E-02 1.25422E-02 
2.32548E-02 1.15854E-02 
2.39399E-02 1.14608E-02 
2.46717E-02 1.12793E-02 
2.54483E-02 1.10397E-02 
2.62674E-02 1.07414E-02 
2.69282E-02 1.04702E-02 
2.71256E-02 1.03843E-02 
2.80909E-02 9.93414E-03 
2.90922E-02 9.41807E-03 
3.01239E-02 8.83846E-03 
3.11795E-02 8.19849E-03 
3.20951E-02 7.49764E-03 
3.31697E-02 6.75745E-03 
3.42577E-02 5.96404E-03 
3.53517E-02 5.12243E-03 
3.64451E-02 4.23839E-03 
3.75345E-02 3.31868E-03 
3.86257E-02 2.37197E-03 
3.97563E-02 1.41152E-03 
4.10625E-02 4.59939E-04 
4.28960E-02 -4.57844E-04 
4.56482E-02 -1.37585E-03 
4.88794E-02 -2.42324E-03 
5.14829E-02 -3.64367E-03 
2.41233E-02 1.19340E-02 
2.49402E-02 1.17163E-02 
2.56629E-02 1.07905E-02 
2.64306E-02 1.05549E-02 
2.72425E-02 1.02567E-02 
2.80956E-02 9.89568E-03 
2.89863E-02 9.47233E-03 
2.96985E-02 9.10276E-03 
2.99102E-02 8.98791E-03 
3.09384E-02 8.39938E-03 
3.19931E-02 7.74539E-03 
3.30674E-02 7.02999E-03 
3.41538E-02 6.25801E-03 
3.50602E-02 5.45901E-03 
3.61411E-02 4.59830E-03 
3.72212E-02 3.69160E-03 
3.82926E-02 2.74519E-03 
3.93486E-02 1.76590E-03 
4.03860E-02 7.61091E-04 
4.14124E-02 -2.60832E-04 
4.24697E-02 -1.28953E-03 
4.37072E-02 -2.31309E-03 
4.55053E-02 -3.33333E-03 
4.82756E-02 -4.41125E-03 
5.15236E-02 -5.63711E-03 
5.40586E-02 -6.97066E-03 
2.65980E-02 1.10324E-02 
2.74932E-02 1.06952E-02 
2.80413E-02 9.81829E-03 
2.88923E-02 9.45579E-03 
2.97831E-02 9.02678E-03 
3.07094E-02 8.53234E-03 
3.16664E-02 7.97429E-03 
3.24246E-02 7.50048E-03 
3.26488E-02 7.35525E-03 
3.37299E-02 6.62330E-03 
3.48260E-02 5.82940E-03 
3.59289E-02 4.97931E-03 
3.70302E-02 4.07944E-03 
3.79148E-02 3.18844E-03 
3.89829E-02 2.21728E-03 
4.00351E-02 1.21001E-03 
4.10631E-02 1.73995E-04 
4.20605E-02 -8.83184E-04 
4.30247E-02 -1.95383E-03 
4.39650E-02 -3.03025E-03 
4.49281E-02 -4.10568E-03 
4.60761E-02 -5.18015E-03 
4.78158E-02 -6.28425E-03 
5.05764E-02 -7.50635E-03 
5.38100E-02 -8.89256E-03 
5.62485E-02 -1.03140E-02 
2.90220E-02 9.96660E-03 
2.99956E-02 9.49510E-03 
3.03765E-02 8.67311E-03 
3.13100E-02 8.16950E-03 
3.22767E-02 7.59782E-03 
3.32712E-02 6.96056E-03 
3.42877E-02 6.26101E-03 
3.50853E-02 5.67958E-03 
3.53198E-02 5.50330E-03 
3.64423E-02 4.62669E-03 
3.75661E-02 3.69490E-03 
3.86823E-02 2.71534E-03 
3.97817E-02 1.69589E-03 
4.06316E-02 7.21808E-04 
4.16678E-02 -3.45626E-04 
4.26720E-02 -1.43685E-03 
4.36364E-02 -2.54370E-03 
4.45548E-02 -3.65813E-03 
4.54258E-02 -4.77250E-03 
4.62605E-02 -5.88024E-03 
4.71105E-02 -6.97880E-03 
4.81501E-02 -8.08118E-03 
4.98105E-02 -9.24818E-03 
5.25352E-02 -1.05952E-02 
5.57251E-02 -1.21198E-02 
5.80422E-02 -1.36017E-02 
3.14359E-02 8.71194E-03 
3.24879E-02 8.09082E-03 
3.27164E-02 7.31975E-03 
3.37300E-02 6.66162E-03 
3.47683E-02 5.93651E-03 
3.58245E-02 5.14849E-03 
3.68920E-02 4.30245E-03 
3.77208E-02 3.61160E-03 
3.79631E-02 3.40409E-03 
3.91135E-02 2.38411E-03 
4.02495E-02 1.31923E-03 
4.13617E-02 2.18389E-04 
4.24406E-02 -9.09245E-04 
4.32413E-02 -1.95500E-03 
4.42244E-02 -3.10141E-03 
4.51593E-02 -4.25693E-03 
4.60383E-02 -5.41293E-03 
4.68563E-02 -6.56130E-03 
4.76131E-02 -7.69483E-03 
4.83220E-02 -8.80855E-03 
4.90394E-02 -9.90471E-03 
4.99512E-02 -1.10103E-02 
5.15112E-02 -1.22175E-02 
5.41739E-02 -1.36683E-02 
5.72908E-02 -1.53073E-02 
5.94620E-02 -1.68207E-02 
3.38466E-02 7.24907E-03 
3.49738E-02 6.46710E-03 
3.50719E-02 5.73461E-03 
3.61592E-02 4.91420E-03 
3.72603E-02 4.03082E-03 
3.83677E-02 3.09025E-03 
3.94735E-02 2.09904E-03 
4.03227E-02 1.30195E-03 
4.05693E-02 1.06449E-03 
4.17303E-02 -9.06028E-05 
4.28597E-02 -1.27687E-03 
4.39477E-02 -2.48406E-03 
4.49848E-02 -3.70202E-03 
4.57201E-02 -4.80285E-03 
4.66278E-02 -6.00534E-03 
4.74709E-02 -7.20039E-03 
4.82427E-02 -8.37936E-03 
4.89391E-02 -9.53444E-03 
4.95615E-02 -1.06593E-02 
5.01257E-02 -1.17510E-02 
5.06929E-02 -1.28172E-02 
5.14595E-02 -1.38992E-02 
5.28990E-02 -1.51210E-02 
5.54740E-02 -1.66494E-02 
5.84894E-02 -1.83738E-02 
6.04926E-02 -1.98876E-02 
3.62989E-02 5.53509E-03 
3.74941E-02 4.58536E-03 
3.74856E-02 3.87481E-03 
3.86353E-02 2.88975E-03 
3.97864E-02 1.84880E-03 
4.09301E-02 7.59520E-04 
4.20577E-02 -3.69824E-04 
4.29133E-02 -1.26555E-03 
4.31601E-02 -1.53038E-03 
4.43105E-02 -2.80621E-03 
4.54108E-02 -4.09616E-03 
4.64510E-02 -5.38899E-03 
4.74223E-02 -6.67393E-03 
4.80730E-02 -7.80850E-03 
4.88811E-02 -9.03963E-03 
4.96086E-02 -1.02454E-02 
5.02502E-02 -1.14176E-02 
5.08032E-02 -1.25492E-02 
5.12709E-02 -1.36352E-02 
5.16716E-02 -1.46751E-02 
5.20711E-02 -1.56821E-02 
5.26755E-02 -1.67125E-02 
5.39749E-02 -1.79213E-02 
5.64360E-02 -1.94982E-02 
5.93215E-02 -2.12757E-02 
6.11362E-02 -2.27576E-02 
3.88249E-02 3.53365E-03 
4.00763E-02 2.41530E-03 
3.99834E-02 1.70891E-03 
4.11797E-02 5.63563E-04 
4.23629E-02 -6.27539E-04 
4.35236E-02 -1.85496E-03 
4.46521E-02 -3.10877E-03 
4.54972E-02 -4.09048E-03 
4.57389E-02 -4.37866E-03 
4.68537E-02 -5.75405E-03 
4.78988E-02 -7.12354E-03 
4.88648E-02 -8.47527E-03 
4.97435E-02 -9.79830E-03 
5.02881E-02 -1.09405E-02 
5.09709E-02 -1.21686E-02 
5.15583E-02 -1.33528E-02 
5.20464E-02 -1.44856E-02 
5.24344E-02 -1.55613E-02 
5.27276E-02 -1.65767E-02 
5.29472E-02 -1.75340E-02 
5.31630E-02 -1.84524E-02 
5.35895E-02 -1.94026E-02 
5.47300E-02 -2.05696E-02 
5.70515E-02 -2.21632E-02 
5.97794E-02 -2.39591E-02 
6.13872E-02 -2.53770E-02 
4.14399E-02 1.22418E-03 
4.27307E-02 -5.69697E-05 
4.25723E-02 -7.75427E-04 
4.37945E-02 -2.06989E-03 
4.49878E-02 -3.39698E-03 
4.61420E-02 -4.74541E-03 
4.72468E-02 -6.10366E-03 
4.80616E-02 -7.15396E-03 
4.82925E-02 -7.46010E-03 
4.93432E-02 -8.90772E-03 
5.03045E-02 -1.03269E-02 
5.11675E-02 -1.17056E-02 
5.19255E-02 -1.30333E-02 
5.23409E-02 -1.41531E-02 
5.28726E-02 -1.53437E-02 
5.32954E-02 -1.64715E-02 
5.36075E-02 -1.75309E-02 
5.38103E-02 -1.85176E-02 
5.39111E-02 -1.94305E-02 
5.39338E-02 -2.02749E-02 
5.39523E-02 -2.10760E-02 
5.41877E-02 -2.19185E-02 
5.51522E-02 -2.30149E-02 
5.73097E-02 -2.45919E-02 
5.98541E-02 -2.63704E-02 
6.12397E-02 -2.76936E-02 
4.41348E-02 -1.38890E-03 
4.54441E-02 -2.82064E-03 
4.52343E-02 -3.56408E-03 
4.64580E-02 -4.99029E-03 
4.76361E-02 -6.43326E-03 
4.87574E-02 -7.87989E-03 
4.98113E-02 -9.31720E-03 
5.05744E-02 -1.04148E-02 
5.07882E-02 -1.07325E-02 
5.17448E-02 -1.22201E-02 
5.25922E-02 -1.36548E-02 
5.33230E-02 -1.50250E-02 
5.39318E-02 -1.63212E-02 
5.41949E-02 -1.73862E-02 
5.45507E-02 -1.85034E-02 
5.47864E-02 -1.95400E-02 
5.49023E-02 -2.04919E-02 
5.49020E-02 -2.13574E-02 
5.47954E-02 -2.21375E-02 
5.46090E-02 -2.28410E-02 
5.44197E-02 -2.34986E-02 
5.44539E-02 -2.42082E-02 
5.52284E-02 -2.52066E-02 
5.72000E-02 -2.67340E-02 
5.95378E-02 -2.84599E-02 
6.06902E-02 -2.96608E-02 
4.68479E-02 -4.24341E-03 
4.81517E-02 -5.80688E-03 
4.79001E-02 -6.58361E-03 
4.90992E-02 -8.11836E-03 
5.02352E-02 -9.65177E-03 
5.12966E-02 -1.11691E-02 
5.22725E-02 -1.26560E-02 
5.29628E-02 -1.37770E-02 
5.31533E-02 -1.40989E-02 
5.39872E-02 -1.55916E-02 
5.46928E-02 -1.70058E-02 
5.52647E-02 -1.83311E-02 
5.56997E-02 -1.95594E-02 
5.57906E-02 -2.05379E-02 
5.59507E-02 -2.15481E-02 
5.59819E-02 -2.24612E-02 
5.58870E-02 -2.32755E-02 
5.56721E-02 -2.39918E-02 
5.53495E-02 -2.46138E-02 
5.49479E-02 -2.51535E-02 
5.45471E-02 -2.56472E-02 
5.43762E-02 -2.62039E-02 
5.49525E-02 -2.70814E-02 
5.67218E-02 -2.85290E-02 
5.88365E-02 -3.01706E-02 
5.97519E-02 -3.12273E-02 
4.95742E-02 -7.33524E-03 
5.08470E-02 -9.00998E-03 
5.05578E-02 -9.82458E-03 
5.17050E-02 -1.14435E-02 
5.27713E-02 -1.30408E-02 
5.37447E-02 -1.46001E-02 
5.46146E-02 -1.61062E-02 
5.52107E-02 -1.72259E-02 
5.53717E-02 -1.75449E-02 
5.60533E-02 -1.90068E-02 
5.65890E-02 -2.03641E-02 
5.69752E-02 -2.16077E-02 
5.72115E-02 -2.27321E-02 
5.71102E-02 -2.35922E-02 
5.70553E-02 -2.44623E-02 
5.68653E-02 -2.52207E-02 
5.65458E-02 -2.58685E-02 
5.61056E-02 -2.64093E-02 
5.55591E-02 -2.68496E-02 
5.49375E-02 -2.72046E-02 
5.43223E-02 -2.75157E-02 
5.39433E-02 -2.79016E-02 
5.43139E-02 -2.86371E-02 
5.58654E-02 -2.99767E-02 
5.77413E-02 -3.15043E-02 
5.84166E-02 -3.23979E-02 
5.22024E-02 -1.05421E-02 
5.34187E-02 -1.23032E-02 
5.30925E-02 -1.31557E-02 
5.41619E-02 -1.48312E-02 
5.51328E-02 -1.64634E-02 
5.59931E-02 -1.80348E-02 
5.67324E-02 -1.95290E-02 
5.72160E-02 -2.06230E-02 
5.73422E-02 -2.09318E-02 
5.78477E-02 -2.23286E-02 
5.81912E-02 -2.35949E-02 
5.83719E-02 -2.47238E-02 
5.83922E-02 -2.57124E-02 
5.80858E-02 -2.64271E-02 
5.78047E-02 -2.71305E-02 
5.73855E-02 -2.77100E-02 
5.68366E-02 -2.81699E-02 
5.61692E-02 -2.85167E-02 
5.54001E-02 -2.87599E-02 
5.45622E-02 -2.89179E-02 
5.37381E-02 -2.90361E-02 
5.31564E-02 -2.92414E-02 
5.33217E-02 -2.98206E-02 
5.46481E-02 -3.10302E-02 
5.62783E-02 -3.24208E-02 
5.67195E-02 -3.31404E-02 
5.46630E-02 -1.37823E-02 
5.57982E-02 -1.56042E-02 
5.54325E-02 -1.64909E-02 
5.64001E-02 -1.81956E-02 
5.72523E-02 -1.98346E-02 
5.79771E-02 -2.13889E-02 
5.85645E-02 -2.28419E-02 
5.89199E-02 -2.38875E-02 
5.90070E-02 -2.41793E-02 
5.93166E-02 -2.54797E-02 
5.94505E-02 -2.66245E-02 
5.94107E-02 -2.76096E-02 
5.92028E-02 -2.84356E-02 
5.86832E-02 -2.89824E-02 
5.81704E-02 -2.94977E-02 
5.75195E-02 -2.98796E-02 
5.67416E-02 -3.01361E-02 
5.58506E-02 -3.02766E-02 
5.48651E-02 -3.03134E-02 
5.38195E-02 -3.02678E-02 
5.27967E-02 -3.01887E-02 
5.20218E-02 -3.02088E-02 
5.19868E-02 -3.06229E-02 
5.30859E-02 -3.16855E-02 
5.44688E-02 -3.29217E-02 
5.46861E-02 -3.34621E-02 
5.68775E-02 -1.69586E-02 
5.79093E-02 -1.88154E-02 
5.74990E-02 -1.97297E-02 
5.83438E-02 -2.14371E-02 
5.90574E-02 -2.30559E-02 
5.96280E-02 -2.45664E-02 
6.00465E-02 -2.59515E-02 
6.02618E-02 -2.69284E-02 
6.03066E-02 -2.71976E-02 
6.04062E-02 -2.83745E-02 
6.03190E-02 -2.93723E-02 
6.00501E-02 -3.01903E-02 
5.96084E-02 -3.08326E-02 
5.88735E-02 -3.11951E-02 
5.81301E-02 -3.15077E-02 
5.72514E-02 -3.16806E-02 
5.62516E-02 -3.17252E-02 
5.51465E-02 -3.16540E-02 
5.39568E-02 -3.14821E-02 
5.27177E-02 -3.12330E-02 
5.15114E-02 -3.09585E-02 
5.05578E-02 -3.07951E-02 
5.03325E-02 -3.10411E-02 
5.12076E-02 -3.19459E-02 
5.23475E-02 -3.30166E-02 
5.23563E-02 -3.33787E-02 
5.87844E-02 -1.99902E-02 
5.96924E-02 -2.18567E-02 
5.92308E-02 -2.27896E-02 
5.99345E-02 -2.44746E-02 
6.04928E-02 -2.60487E-02 
6.08945E-02 -2.74911E-02 
6.11311E-02 -2.87849E-02 
6.11978E-02 -2.96757E-02 
6.11980E-02 -2.99173E-02 
6.10786E-02 -3.09483E-02 
6.07643E-02 -3.17789E-02 
6.02633E-02 -3.24120E-02 
5.95881E-02 -3.28558E-02 
5.86411E-02 -3.30231E-02 
5.76736E-02 -3.31246E-02 
5.65767E-02 -3.30834E-02 
5.53670E-02 -3.29140E-02 
5.40626E-02 -3.26319E-02 
5.26853E-02 -3.22547E-02 
5.12709E-02 -3.18079E-02 
4.99002E-02 -3.13454E-02 
4.87859E-02 -3.10052E-02 
4.83842E-02 -3.10852E-02 
4.90434E-02 -3.18268E-02 
4.99493E-02 -3.27267E-02 
4.97679E-02 -3.29164E-02 
6.03289E-02 -2.27971E-02 
6.10955E-02 -2.46491E-02 
6.05747E-02 -2.55896E-02 
6.11225E-02 -2.72294E-02 
6.15126E-02 -2.87364E-02 
6.17346E-02 -3.00897E-02 
6.17810E-02 -3.12725E-02 
6.16943E-02 -3.20631E-02 
6.16488E-02 -3.22732E-02 
6.13071E-02 -3.31412E-02 
6.07655E-02 -3.37902E-02 
6.00356E-02 -3.42268E-02 
5.91331E-02 -3.44637E-02 
5.79829E-02 -3.44314E-02 
5.68037E-02 -3.43205E-02 
5.55037E-02 -3.40666E-02 
5.41017E-02 -3.36877E-02 
5.26173E-02 -3.32019E-02 
5.10735E-02 -3.26289E-02 
4.95062E-02 -3.19961E-02 
4.79937E-02 -3.13581E-02 
4.67403E-02 -3.08528E-02 
4.61798E-02 -3.07740E-02 
4.66357E-02 -3.13527E-02 
4.73214E-02 -3.20823E-02 
4.69716E-02 -3.21101E-02 
6.14766E-02 -2.53196E-02 
6.20869E-02 -2.71347E-02 
6.14982E-02 -2.80702E-02 
6.18784E-02 -2.96439E-02 
6.20909E-02 -3.10644E-02 
6.21261E-02 -3.23105E-02 
6.19780E-02 -3.33663E-02 
6.17364E-02 -3.40459E-02 
6.16450E-02 -3.42215E-02 
6.10825E-02 -3.49143E-02 
6.03185E-02 -3.53725E-02 
5.93679E-02 -3.56071E-02 
5.82497E-02 -3.56348E-02 
5.69097E-02 -3.54039E-02 
5.55359E-02 -3.50849E-02 
5.40522E-02 -3.46258E-02 
5.24793E-02 -3.40475E-02 
5.08381E-02 -3.33705E-02 
4.91522E-02 -3.26163E-02 
4.74569E-02 -3.18134E-02 
4.58277E-02 -3.10166E-02 
4.44589E-02 -3.03619E-02 
4.37599E-02 -3.01356E-02 
4.40288E-02 -3.05565E-02 
4.45115E-02 -3.11210E-02 
4.40169E-02 -3.10013E-02 
6.22113E-02 -2.75171E-02 
6.26531E-02 -2.92745E-02 
6.19873E-02 -3.01916E-02 
6.21909E-02 -3.16805E-02 
6.22193E-02 -3.29974E-02 
6.20638E-02 -3.41214E-02 
6.17200E-02 -3.50374E-02 
6.13247E-02 -3.55977E-02 
6.11882E-02 -3.57368E-02 
6.04103E-02 -3.62466E-02 
5.94329E-02 -3.65098E-02 
5.82738E-02 -3.65414E-02 
5.69553E-02 -3.63628E-02 
5.54426E-02 -3.59393E-02 
5.38950E-02 -3.54216E-02 
5.22504E-02 -3.47695E-02 
5.05310E-02 -3.40065E-02 
4.87586E-02 -3.31551E-02 
4.69570E-02 -3.22380E-02 
4.51605E-02 -3.12844E-02 
4.34409E-02 -3.03487E-02 
4.19817E-02 -2.95631E-02 
4.11661E-02 -2.92038E-02 
4.12668E-02 -2.94759E-02 
4.15664E-02 -2.98844E-02 
4.09514E-02 -2.96339E-02 
6.25322E-02 -2.93619E-02 
6.27959E-02 -3.10428E-02 
6.20441E-02 -3.19272E-02 
6.20649E-02 -3.33150E-02 
6.19054E-02 -3.45139E-02 
6.15583E-02 -3.55035E-02 
6.10209E-02 -3.62702E-02 
6.04757E-02 -3.67059E-02 
6.02954E-02 -3.68073E-02 
5.93113E-02 -3.71304E-02 
5.81329E-02 -3.71988E-02 
5.67814E-02 -3.70315E-02 
5.52815E-02 -3.66541E-02 
5.36164E-02 -3.60483E-02 
5.19184E-02 -3.53460E-02 
5.01382E-02 -3.45174E-02 
4.82990E-02 -3.35883E-02 
4.64229E-02 -3.25828E-02 
4.45334E-02 -3.15245E-02 
4.26632E-02 -3.04425E-02 
4.08803E-02 -2.93899E-02 
3.93562E-02 -2.84943E-02 
3.84472E-02 -2.80191E-02 
3.84004E-02 -2.81546E-02 
3.85387E-02 -2.84198E-02 
3.78281E-02 -2.80572E-02 
6.24538E-02 -3.08504E-02 
6.25317E-02 -3.24376E-02 
6.16849E-02 -3.32750E-02 
6.15185E-02 -3.45469E-02 
6.11691E-02 -3.56151E-02 
6.06312E-02 -3.64603E-02 
5.99039E-02 -3.70702E-02 
5.92137E-02 -3.73777E-02 
5.89915E-02 -3.74406E-02 
5.78119E-02 -3.75762E-02 
5.64471E-02 -3.74527E-02 
5.49209E-02 -3.70934E-02 
5.32603E-02 -3.65278E-02 
5.14642E-02 -3.57530E-02 
4.96407E-02 -3.48826E-02 
4.77513E-02 -3.38965E-02 
4.58196E-02 -3.28223E-02 
4.38677E-02 -3.16850E-02 
4.19180E-02 -3.05086E-02 
4.00017E-02 -2.93217E-02 
3.81820E-02 -2.81755E-02 
3.66181E-02 -2.71915E-02 
3.56385E-02 -2.66186E-02 
3.54657E-02 -2.66319E-02 
3.54647E-02 -2.67680E-02 
3.46823E-02 -2.63126E-02 
6.20062E-02 -3.19751E-02 
6.18947E-02 -3.34545E-02 
6.09455E-02 -3.42312E-02 
6.05913E-02 -3.53760E-02 
6.00539E-02 -3.63043E-02 
5.93296E-02 -3.69984E-02 
5.84198E-02 -3.74480E-02 
5.75924E-02 -3.76268E-02 
5.73309E-02 -3.76515E-02 
5.59703E-02 -3.76031E-02 
5.44368E-02 -3.72955E-02 
5.27568E-02 -3.67558E-02 
5.09590E-02 -3.60172E-02 
4.90558E-02 -3.50905E-02 
4.71334E-02 -3.40726E-02 
4.51626E-02 -3.29517E-02 
4.31667E-02 -3.17565E-02 
4.11671E-02 -3.05123E-02 
3.91850E-02 -2.92430E-02 
3.72495E-02 -2.79763E-02 
3.54188E-02 -2.67609E-02 
3.38393E-02 -2.57114E-02 
3.28121E-02 -2.50608E-02 
3.25358E-02 -2.49685E-02 
3.24189E-02 -2.49927E-02 
3.15881E-02 -2.44646E-02 
6.12150E-02 -3.27706E-02 
6.09094E-02 -3.41284E-02 
5.98495E-02 -3.48302E-02 
5.93053E-02 -3.58360E-02 
5.85799E-02 -3.66146E-02 
5.76720E-02 -3.71502E-02 
5.65850E-02 -3.74351E-02 
5.56266E-02 -3.74838E-02 
5.53280E-02 -3.74704E-02 
5.37988E-02 -3.72405E-02 
5.21126E-02 -3.67552E-02 
5.02976E-02 -3.60457E-02 
4.83843E-02 -3.51482E-02 
4.63964E-02 -3.40859E-02 
4.44002E-02 -3.29401E-02 
4.23740E-02 -3.17060E-02 
4.03406E-02 -3.04126E-02 
3.83198E-02 -2.90853E-02 
3.63315E-02 -2.77471E-02 
3.44019E-02 -2.64244E-02 
3.25842E-02 -2.51628E-02 
3.10117E-02 -2.40691E-02 
2.99580E-02 -2.33595E-02 
2.95985E-02 -2.31775E-02 
2.93866E-02 -2.31055E-02 
2.85283E-02 -2.25233E-02 
6.01219E-02 -3.32487E-02 
5.96209E-02 -3.44738E-02 
5.84442E-02 -3.50880E-02 
5.77110E-02 -3.59458E-02 
5.68008E-02 -3.65678E-02 
5.57146E-02 -3.69405E-02 
5.44584E-02 -3.70590E-02 
5.33771E-02 -3.69788E-02 
5.30440E-02 -3.69278E-02 
5.13610E-02 -3.65221E-02 
4.95398E-02 -3.58689E-02 
4.76107E-02 -3.50032E-02 
4.56049E-02 -3.39640E-02 
4.35552E-02 -3.27849E-02 
4.15107E-02 -3.15330E-02 
3.94554E-02 -3.02092E-02 
3.74106E-02 -2.88421E-02 
3.53945E-02 -2.74564E-02 
3.34248E-02 -2.60739E-02 
3.15248E-02 -2.47192E-02 
2.97423E-02 -2.34343E-02 
2.81978E-02 -2.23179E-02 
2.71376E-02 -2.15683E-02 
2.67153E-02 -2.13134E-02 
2.64293E-02 -2.11621E-02 
2.55628E-02 -2.05443E-02 
5.87682E-02 -3.34379E-02 
5.80724E-02 -3.45213E-02 
5.67736E-02 -3.50363E-02 
5.58539E-02 -3.57388E-02 
5.47630E-02 -3.61988E-02 
5.35047E-02 -3.64055E-02 
5.20880E-02 -3.63574E-02 
5.08921E-02 -3.61500E-02 
5.05273E-02 -3.60624E-02 
4.87053E-02 -3.54878E-02 
4.67670E-02 -3.46776E-02 
4.47440E-02 -3.36701E-02 
4.26682E-02 -3.25070E-02 
4.05793E-02 -3.12304E-02 
3.85109E-02 -2.98945E-02 
3.64513E-02 -2.85044E-02 
3.44198E-02 -2.70878E-02 
3.24323E-02 -2.56678E-02 
3.05040E-02 -2.42648E-02 
2.86552E-02 -2.29008E-02 
2.69280E-02 -2.16143E-02 
2.54302E-02 -2.04951E-02 
2.43817E-02 -1.97236E-02 
2.39157E-02 -1.94124E-02 
2.35752E-02 -1.91984E-02 
2.27177E-02 -1.85619E-02 
5.71952E-02 -3.33694E-02 
5.63067E-02 -3.43038E-02 
5.48821E-02 -3.47093E-02 
5.37794E-02 -3.52508E-02 
5.25129E-02 -3.55449E-02 
5.10896E-02 -3.55838E-02 
4.95215E-02 -3.53700E-02 
4.82196E-02 -3.50382E-02 
4.78258E-02 -3.49152E-02 
4.58797E-02 -3.41793E-02 
4.38417E-02 -3.32236E-02 
4.17447E-02 -3.20896E-02 
3.96206E-02 -3.08208E-02 
3.75140E-02 -2.94660E-02 
3.54448E-02 -2.80680E-02 
3.34042E-02 -2.66345E-02 
3.14087E-02 -2.51917E-02 
2.94718E-02 -2.37607E-02 
2.76056E-02 -2.23595E-02 
2.58271E-02 -2.10077E-02 
2.41728E-02 -1.97395E-02 
2.27381E-02 -1.86360E-02 
2.17175E-02 -1.78593E-02 
2.12252E-02 -1.75076E-02 
2.08478E-02 -1.72466E-02 
2.00143E-02 -1.66069E-02 
5.54434E-02 -3.30753E-02 
5.43657E-02 -3.38554E-02 
5.28131E-02 -3.41425E-02 
5.15321E-02 -3.45190E-02 
5.00962E-02 -3.46446E-02 
4.85155E-02 -3.45154E-02 
4.68054E-02 -3.41378E-02 
4.54063E-02 -3.36851E-02 
4.49864E-02 -3.35280E-02 
4.29309E-02 -3.26395E-02 
4.08104E-02 -3.15504E-02 
3.86586E-02 -3.03053E-02 
3.65069E-02 -2.89491E-02 
3.44028E-02 -2.75355E-02 
3.23543E-02 -2.60967E-02 
3.03541E-02 -2.46420E-02 
2.84155E-02 -2.31951E-02 
2.65486E-02 -2.17746E-02 
2.47628E-02 -2.03960E-02 
2.30712E-02 -1.90759E-02 
2.15050E-02 -1.78442E-02 
2.01473E-02 -1.67728E-02 
1.91686E-02 -1.60063E-02 
1.86654E-02 -1.56288E-02 
1.82671E-02 -1.53354E-02 
1.74703E-02 -1.47062E-02 
5.35504E-02 -3.25872E-02 
5.22886E-02 -3.32093E-02 
5.06071E-02 -3.33710E-02 
4.91537E-02 -3.35800E-02 
4.75553E-02 -3.35360E-02 
4.58256E-02 -3.32395E-02 
4.39836E-02 -3.27012E-02 
4.24960E-02 -3.21318E-02 
4.20528E-02 -3.19422E-02 
3.99027E-02 -3.09105E-02 
3.77164E-02 -2.97007E-02 
3.55282E-02 -2.83602E-02 
3.33686E-02 -2.69347E-02 
3.12859E-02 -2.54810E-02 
2.92781E-02 -2.40220E-02 
2.73376E-02 -2.25669E-02 
2.54743E-02 -2.11367E-02 
2.36948E-02 -1.97468E-02 
2.20049E-02 -1.84096E-02 
2.04142E-02 -1.71386E-02 
1.89484E-02 -1.59593E-02 
1.76792E-02 -1.49346E-02 
1.67542E-02 -1.41917E-02 
1.62539E-02 -1.38018E-02 
1.58487E-02 -1.34894E-02 
1.50988E-02 -1.28825E-02 
5.15516E-02 -3.19356E-02 
5.01117E-02 -3.23979E-02 
4.83020E-02 -3.24286E-02 
4.66831E-02 -3.24691E-02 
4.49302E-02 -3.22562E-02 
4.30607E-02 -3.17945E-02 
4.10972E-02 -3.10999E-02 
3.95305E-02 -3.04188E-02 
3.90668E-02 -3.01984E-02 
3.68367E-02 -2.90336E-02 
3.46009E-02 -2.77163E-02 
3.23941E-02 -2.62962E-02 
3.02451E-02 -2.48194E-02 
2.82015E-02 -2.33439E-02 
2.62522E-02 -2.18840E-02 
2.43888E-02 -2.04483E-02 
2.26169E-02 -1.90538E-02 
2.09393E-02 -1.77124E-02 
1.93583E-02 -1.64333E-02 
1.78799E-02 -1.52265E-02 
1.65244E-02 -1.41132E-02 
1.53525E-02 -1.31476E-02 
1.44907E-02 -1.24399E-02 
1.40049E-02 -1.20494E-02 
1.36047E-02 -1.17299E-02 
1.29098E-02 -1.11552E-02 
4.94781E-02 -3.11490E-02 
4.78675E-02 -3.14510E-02 
4.59319E-02 -3.13470E-02 
4.41555E-02 -3.12198E-02 
4.22569E-02 -3.08398E-02 
4.02574E-02 -3.02166E-02 
3.81835E-02 -2.93712E-02 
3.65471E-02 -2.85842E-02 
3.60658E-02 -2.83350E-02 
3.37706E-02 -2.70482E-02 
3.15014E-02 -2.56371E-02 
2.92929E-02 -2.41534E-02 
2.71719E-02 -2.26428E-02 
2.51836E-02 -2.11630E-02 
2.33090E-02 -1.97206E-02 
2.15377E-02 -1.83221E-02 
1.98709E-02 -1.69803E-02 
1.83073E-02 -1.57033E-02 
1.68455E-02 -1.44966E-02 
1.54879E-02 -1.33669E-02 
1.42498E-02 -1.23308E-02 
1.31817E-02 -1.14342E-02 
1.23903E-02 -1.07714E-02 
1.19286E-02 -1.03906E-02 
1.15435E-02 -1.00743E-02 
1.09094E-02 -9.53976E-03 
4.73539E-02 -3.02515E-02 
4.55805E-02 -3.03941E-02 
4.35224E-02 -3.01533E-02 
4.15972E-02 -2.98602E-02 
3.95625E-02 -2.93162E-02 
3.74435E-02 -2.85362E-02 
3.52708E-02 -2.75466E-02 
3.35743E-02 -2.66603E-02 
3.30785E-02 -2.63844E-02 
3.07329E-02 -2.49875E-02 
2.84462E-02 -2.34967E-02 
2.62524E-02 -2.19652E-02 
2.41757E-02 -2.04381E-02 
2.22577E-02 -1.89708E-02 
2.04722E-02 -1.75629E-02 
1.88061E-02 -1.62178E-02 
1.72558E-02 -1.49439E-02 
1.58158E-02 -1.37449E-02 
1.44810E-02 -1.26226E-02 
1.32503E-02 -1.15804E-02 
1.21344E-02 -1.06304E-02 
1.11743E-02 -9.81064E-03 
1.04585E-02 -9.20039E-03 
1.00287E-02 -8.83795E-03 
9.66663E-03 -8.53350E-03 
9.09729E-03 -8.04526E-03 
4.52225E-02 -2.92756E-02 
4.32965E-02 -2.92623E-02 
4.11217E-02 -2.88853E-02 
3.90586E-02 -2.84312E-02 
3.68993E-02 -2.77294E-02 
3.46732E-02 -2.68000E-02 
3.24147E-02 -2.56755E-02 
3.06689E-02 -2.46981E-02 
3.01616E-02 -2.43982E-02 
2.77812E-02 -2.29047E-02 
2.54927E-02 -2.13496E-02 
2.33291E-02 -1.97868E-02 
2.13117E-02 -1.82598E-02 
1.94766E-02 -1.68207E-02 
1.77918E-02 -1.54623E-02 
1.62407E-02 -1.41846E-02 
1.48147E-02 -1.29907E-02 
1.35041E-02 -1.18801E-02 
1.23003E-02 -1.08509E-02 
1.11989E-02 -9.90306E-03 
1.02063E-02 -9.04478E-03 
9.35496E-03 -8.30659E-03 
8.71716E-03 -7.75402E-03 
8.32466E-03 -7.41672E-03 
7.99165E-03 -7.13101E-03 
7.48846E-03 -6.69276E-03 
4.30769E-02 -2.82297E-02 
4.10073E-02 -2.80633E-02 
3.87215E-02 -2.75506E-02 
3.65304E-02 -2.69396E-02 
3.42573E-02 -2.60853E-02 
3.19358E-02 -2.50136E-02 
2.96042E-02 -2.37630E-02 
2.78194E-02 -2.27026E-02 
2.73037E-02 -2.23813E-02 
2.49038E-02 -2.08047E-02 
2.26293E-02 -1.92002E-02 
2.05114E-02 -1.76222E-02 
1.85677E-02 -1.61116E-02 
1.68280E-02 -1.47155E-02 
1.52548E-02 -1.34208E-02 
1.38275E-02 -1.22230E-02 
1.25327E-02 -1.11201E-02 
1.13563E-02 -1.01070E-02 
1.02866E-02 -9.17805E-03 
9.31601E-03 -8.33022E-03 
8.44706E-03 -7.56790E-03 
7.70446E-03 -6.91476E-03 
7.14599E-03 -6.42375E-03 
6.79499E-03 -6.11696E-03 
6.49552E-03 -5.85546E-03 
6.05892E-03 -5.46979E-03 
4.09496E-02 -2.71388E-02 
3.87469E-02 -2.68243E-02 
3.63576E-02 -2.61788E-02 
3.40501E-02 -2.54174E-02 
3.16758E-02 -2.44186E-02 
2.92720E-02 -2.32141E-02 
2.68813E-02 -2.18484E-02 
2.50687E-02 -2.07148E-02 
2.45481E-02 -2.03749E-02 
2.21447E-02 -1.87304E-02 
1.98997E-02 -1.70927E-02 
1.78422E-02 -1.55158E-02 
1.59853E-02 -1.40372E-02 
1.43514E-02 -1.26980E-02 
1.28980E-02 -1.14791E-02 
1.16005E-02 -1.03712E-02 
1.04404E-02 -9.36716E-03 
9.39971E-03 -8.45732E-03 
8.46357E-03 -7.63273E-03 
7.62194E-03 -6.88733E-03 
6.87381E-03 -6.22217E-03 
6.23717E-03 -5.65478E-03 
5.75701E-03 -5.22687E-03 
5.44967E-03 -4.95415E-03 
5.18636E-03 -4.72063E-03 
4.81474E-03 -4.38807E-03 
3.88546E-02 -2.60189E-02 
3.65300E-02 -2.55621E-02 
3.40455E-02 -2.47881E-02 
3.16340E-02 -2.38841E-02 
2.91714E-02 -2.27500E-02 
2.66994E-02 -2.14233E-02 
2.42642E-02 -1.99548E-02 
2.24355E-02 -1.87585E-02 
2.19133E-02 -1.84034E-02 
1.95225E-02 -1.67070E-02 
1.73227E-02 -1.50527E-02 
1.53397E-02 -1.34931E-02 
1.35816E-02 -1.20616E-02 
1.20624E-02 -1.07916E-02 
1.07353E-02 -9.65890E-03 
9.57121E-03 -8.64894E-03 
8.54684E-03 -7.74917E-03 
7.64082E-03 -6.94595E-03 
6.83552E-03 -6.22712E-03 
6.11871E-03 -5.58408E-03 
5.48653E-03 -5.01499E-03 
4.95117E-03 -4.53199E-03 
4.54660E-03 -4.16693E-03 
4.28349E-03 -3.93026E-03 
4.05743E-03 -3.72696E-03 
3.74777E-03 -3.44652E-03 
3.68042E-02 -2.48839E-02 
3.43689E-02 -2.42915E-02 
3.17985E-02 -2.33945E-02 
2.92958E-02 -2.23567E-02 
2.67586E-02 -2.10975E-02 
2.42329E-02 -1.96605E-02 
2.17684E-02 -1.81027E-02 
1.99355E-02 -1.68551E-02 
1.94153E-02 -1.64882E-02 
1.70537E-02 -1.47569E-02 
1.49143E-02 -1.31030E-02 
1.30193E-02 -1.15768E-02 
1.13708E-02 -1.02065E-02 
9.97379E-03 -9.01715E-03 
8.77739E-03 -7.97906E-03 
7.74802E-03 -7.07261E-03 
6.85821E-03 -6.28017E-03 
6.08344E-03 -5.58432E-03 
5.40393E-03 -4.97022E-03 
4.80572E-03 -4.42715E-03 
4.28274E-03 -3.95086E-03 
3.84229E-03 -3.54895E-03 
3.50910E-03 -3.24481E-03 
3.28938E-03 -3.04470E-03 
3.10024E-03 -2.87246E-03 
2.84830E-03 -2.64178E-03 
3.48076E-02 -2.37454E-02 
3.22731E-02 -2.30248E-02 
2.96268E-02 -2.20113E-02 
2.70459E-02 -2.08493E-02 
2.44483E-02 -1.94762E-02 
2.18837E-02 -1.79420E-02 
1.94055E-02 -1.63094E-02 
1.75807E-02 -1.50224E-02 
1.70660E-02 -1.46474E-02 
1.47501E-02 -1.28988E-02 
1.26864E-02 -1.12626E-02 
1.08922E-02 -9.78556E-03 
9.36290E-03 -8.48968E-03 
8.09391E-03 -7.39073E-03 
7.03061E-03 -6.45389E-03 
6.13524E-03 -5.65435E-03 
5.37652E-03 -4.96987E-03 
4.72744E-03 -4.37978E-03 
4.16663E-03 -3.86706E-03 
3.67900E-03 -3.41941E-03 
3.25682E-03 -3.03075E-03 
2.90354E-03 -2.70493E-03 
2.63623E-03 -2.45829E-03 
2.45780E-03 -2.29394E-03 
2.30406E-03 -2.15232E-03 
2.10465E-03 -1.96787E-03 
3.28733E-02 -2.26138E-02 
3.02512E-02 -2.17730E-02 
2.75393E-02 -2.06503E-02 
2.48937E-02 -1.93747E-02 
2.22500E-02 -1.78999E-02 
1.96619E-02 -1.62821E-02 
1.71858E-02 -1.45901E-02 
1.53814E-02 -1.32765E-02 
1.48758E-02 -1.28971E-02 
1.26220E-02 -1.11492E-02 
1.06487E-02 -9.54799E-03 
8.96713E-03 -8.13532E-03 
7.56520E-03 -6.92598E-03 
6.42840E-03 -5.92566E-03 
5.49866E-03 -5.09462E-03 
4.73436E-03 -4.40311E-03 
4.10109E-03 -3.82484E-03 
3.57007E-03 -3.33654E-03 
3.11904E-03 -2.91968E-03 
2.73232E-03 -2.56094E-03 
2.40118E-03 -2.25298E-03 
2.12612E-03 -1.99676E-03 
1.91814E-03 -1.80295E-03 
1.77782E-03 -1.67235E-03 
1.65692E-03 -1.55982E-03 
1.50408E-03 -1.41710E-03 
3.10011E-02 -2.14939E-02 
2.83029E-02 -2.05407E-02 
2.55359E-02 -1.93168E-02 
2.28389E-02 -1.79383E-02 
2.01635E-02 -1.63743E-02 
1.75672E-02 -1.46873E-02 
1.51091E-02 -1.29515E-02 
1.33375E-02 -1.16243E-02 
1.28446E-02 -1.12444E-02 
1.06694E-02 -9.51562E-03 
8.80087E-03 -7.96659E-03 
7.24301E-03 -6.63300E-03 
5.97563E-03 -5.52129E-03 
4.97389E-03 -4.62645E-03 
4.17660E-03 -3.90406E-03 
3.53881E-03 -3.31982E-03 
3.02379E-03 -2.84410E-03 
2.60179E-03 -2.45185E-03 
2.25036E-03 -2.12370E-03 
1.95389E-03 -1.84596E-03 
1.70323E-03 -1.61060E-03 
1.49679E-03 -1.41651E-03 
1.34098E-03 -1.26994E-03 
1.23487E-03 -1.17022E-03 
1.14350E-03 -1.08437E-03 
1.03088E-03 -9.78284E-04 
2.92069E-02 -2.03992E-02 
2.64441E-02 -1.93428E-02 
2.36331E-02 -1.80266E-02 
2.08983E-02 -1.65570E-02 
1.82058E-02 -1.49173E-02 
1.56165E-02 -1.31761E-02 
1.31922E-02 -1.14131E-02 
1.14654E-02 -1.00854E-02 
1.09886E-02 -9.70892E-03 
8.90729E-03 -8.01742E-03 
7.15620E-03 -6.53696E-03 
5.73118E-03 -5.29561E-03 
4.60299E-03 -4.29043E-03 
3.73650E-03 -3.50543E-03 
3.06780E-03 -2.89175E-03 
2.54927E-03 -2.41118E-03 
2.14281E-03 -2.03165E-03 
1.81860E-03 -1.72723E-03 
1.55478E-03 -1.47849E-03 
1.33639E-03 -1.27200E-03 
1.15444E-03 -1.09963E-03 
1.00610E-03 -9.58933E-04 
8.94451E-04 -8.53001E-04 
8.17800E-04 -7.80325E-04 
7.51903E-04 -7.17858E-04 
6.72663E-04 -6.42623E-04 
2.74857E-02 -1.93305E-02 
2.46696E-02 -1.81796E-02 
2.18253E-02 -1.67802E-02 
1.90658E-02 -1.52311E-02 
1.63704E-02 -1.35290E-02 
1.38031E-02 -1.17487E-02 
1.14278E-02 -9.97487E-03 
9.75760E-03 -8.65995E-03 
9.30026E-03 -8.29066E-03 
7.32766E-03 -6.65421E-03 
5.70608E-03 -5.25804E-03 
4.42194E-03 -4.12106E-03 
3.43631E-03 -3.22995E-03 
2.70388E-03 -2.55753E-03 
2.15849E-03 -2.05092E-03 
1.75069E-03 -1.66876E-03 
1.44207E-03 -1.37761E-03 
1.20366E-03 -1.15160E-03 
1.01497E-03 -9.72069E-04 
8.62273E-04 -8.26426E-04 
7.37269E-04 -7.07002E-04 
6.36576E-04 -6.10715E-04 
5.61101E-04 -5.38526E-04 
5.08920E-04 -4.88646E-04 
4.64147E-04 -4.45869E-04 
4.11622E-04 -3.95641E-04 
2.58398E-02 -1.82925E-02 
2.29812E-02 -1.70559E-02 
2.01144E-02 -1.55825E-02 
1.73431E-02 -1.39657E-02 
1.46585E-02 -1.22147E-02 
1.21278E-02 -1.04104E-02 
9.81638E-03 -8.64203E-03 
8.21385E-03 -7.35276E-03 
7.77910E-03 -6.99445E-03 
5.92889E-03 -5.43015E-03 
4.44737E-03 -4.13279E-03 
3.31030E-03 -3.11061E-03 
2.46849E-03 -2.33899E-03 
1.86684E-03 -1.77965E-03 
1.43748E-03 -1.37622E-03 
1.13017E-03 -1.08519E-03 
9.07311E-04 -8.72889E-04 
7.41801E-04 -7.14540E-04 
6.15206E-04 -5.93050E-04 
5.15580E-04 -4.97242E-04 
4.35743E-04 -4.20369E-04 
3.72359E-04 -3.59298E-04 
3.25115E-04 -3.13776E-04 
2.92247E-04 -2.82126E-04 
2.64091E-04 -2.55039E-04 
2.31844E-04 -2.24013E-04 
2.42699E-02 -1.72885E-02 
2.13795E-02 -1.59749E-02 
1.85005E-02 -1.44369E-02 
1.57298E-02 -1.27642E-02 
1.30693E-02 -1.09778E-02 
1.05891E-02 -9.16437E-03 
8.35563E-03 -7.41728E-03 
6.83120E-03 -6.16613E-03 
6.42193E-03 -5.82239E-03 
4.70643E-03 -4.34626E-03 
3.37373E-03 -3.16068E-03 
2.38785E-03 -2.26170E-03 
1.68883E-03 -1.61262E-03 
1.21246E-03 -1.16446E-03 
8.89885E-04 -8.58055E-04 
6.71298E-04 -6.48962E-04 
5.21095E-04 -5.04546E-04 
4.15011E-04 -4.02173E-04 
3.37349E-04 -3.27035E-04 
2.78359E-04 -2.69871E-04 
2.32321E-04 -2.25220E-04 
1.96401E-04 -1.90374E-04 
1.69808E-04 -1.64583E-04 
1.51185E-04 -1.46538E-04 
1.35210E-04 -1.31083E-04 
1.17285E-04 -1.13757E-04 
2.27764E-02 -1.63209E-02 
1.98640E-02 -1.49391E-02 
1.69830E-02 -1.33458E-02 
1.42248E-02 -1.16288E-02 
1.16012E-02 -9.82010E-03 
9.18455E-03 -8.01211E-03 
7.04199E-03 -6.30168E-03 
5.60513E-03 -5.10045E-03 
5.22393E-03 -4.77462E-03 
3.65373E-03 -3.40126E-03 
2.47654E-03 -2.33848E-03 
1.64353E-03 -1.56867E-03 
1.08373E-03 -1.04248E-03 
7.24743E-04 -7.00947E-04 
4.97753E-04 -4.83106E-04 
3.54710E-04 -3.44976E-04 
2.63308E-04 -2.56328E-04 
2.03014E-04 -1.97673E-04 
1.61412E-04 -1.57122E-04 
1.31249E-04 -1.27691E-04 
1.08458E-04 -1.05448E-04 
9.10062E-05 -8.84220E-05 
7.81522E-05 -7.58917E-05 
6.90453E-05 -6.70274E-05 
6.11177E-05 -5.93317E-05 
5.22744E-05 -5.07659E-05 
2.13583E-02 -1.53914E-02 
1.84336E-02 -1.39499E-02 
1.55603E-02 -1.23106E-02 
1.28258E-02 -1.05606E-02 
1.02508E-02 -8.74237E-03 
7.91002E-03 -6.95374E-03 
5.87026E-03 -5.29445E-03 
4.52936E-03 -4.15406E-03 
4.17846E-03 -3.84920E-03 
2.76222E-03 -2.59146E-03 
1.74484E-03 -1.66020E-03 
1.06368E-03 -1.02276E-03 
6.36720E-04 -6.16785E-04 
3.84703E-04 -3.74475E-04 
2.40091E-04 -2.34348E-04 
1.58190E-04 -1.54567E-04 
1.11301E-04 -1.08735E-04 
8.34223E-05 -8.14263E-05 
6.57875E-05 -6.41334E-05 
5.37480E-05 -5.23259E-05 
4.49164E-05 -4.36708E-05 
3.81763E-05 -3.70744E-05 
3.31334E-05 -3.21472E-05 
2.94139E-05 -2.85214E-05 
2.59452E-05 -2.51528E-05 
2.18881E-05 -2.12244E-05 
2.00140E-02 -1.45009E-02 
1.70860E-02 -1.30079E-02 
1.42295E-02 -1.13317E-02 
1.15293E-02 -9.55953E-03 
9.01407E-03 -7.74396E-03 
6.76027E-03 -5.98789E-03 
4.83391E-03 -4.39324E-03 
3.59616E-03 -3.32361E-03 
3.27739E-03 -3.04240E-03 
2.02162E-03 -1.91113E-03 
1.16574E-03 -1.11746E-03 
6.32413E-04 -6.12407E-04 
3.28815E-04 -3.20596E-04 
1.70554E-04 -1.66928E-04 
9.30332E-05 -9.11614E-05 
5.67800E-05 -5.56009E-05 
4.00493E-05 -3.91734E-05 
3.19897E-05 -3.12685E-05 
2.75816E-05 -2.69539E-05 
2.46276E-05 -2.40661E-05 
2.22282E-05 -2.17207E-05 
2.00983E-05 -1.96381E-05 
1.82588E-05 -1.78396E-05 
1.66765E-05 -1.62931E-05 
1.48753E-05 -1.45338E-05 
1.24658E-05 -1.21812E-05 
1.87428E-02 -1.36504E-02 
1.58199E-02 -1.21139E-02 
1.29889E-02 -1.04095E-02 
1.03327E-02 -8.62566E-03 
7.88725E-03 -6.82436E-03 
5.73040E-03 -5.11317E-03 
3.92654E-03 -3.59541E-03 
2.79769E-03 -2.60517E-03 
2.51243E-03 -2.34989E-03 
1.42109E-03 -1.35345E-03 
7.25290E-04 -7.00288E-04 
3.32250E-04 -3.23912E-04 
1.38861E-04 -1.36149E-04 
5.78098E-05 -5.67743E-05 
2.97483E-05 -2.92116E-05 
2.27182E-05 -2.23812E-05 
2.22543E-05 -2.20392E-05 
2.29286E-05 -2.27993E-05 
2.31282E-05 -2.30563E-05 
2.25848E-05 -2.25479E-05 
2.14303E-05 -2.14130E-05 
1.99163E-05 -1.99088E-05 
1.83411E-05 -1.83381E-05 
1.68140E-05 -1.68129E-05 
1.49331E-05 -1.49327E-05 
1.23600E-05 -1.23599E-05 
---
