PdfType: replica
Format: lhagrid1
---
1.00000E-06 1.28121E-06 1.64152E-06 2.10317E-06 2.69463E-06 3.45242E-06 4.42329E-06 5.66715E-06 7.26076E-06 9.30241E-06 1.19180E-05 1.52689E-05 1.95617E-05 2.50609E-05 3.21053E-05 4.11287E-05 5.26863E-05 6.74889E-05 8.64459E-05 1.10720E-04 1.41800E-04 1.81585E-04 2.32503E-04 2.97652E-04 3.80981E-04 4.87518E-04 6.26039E-04 8.00452E-04 1.02297E-03 1.30657E-03 1.66759E-03 2.12729E-03 2.71054E-03 3.44865E-03 4.37927E-03 5.54908E-03 7.01192E-03 8.83064E-03 1.10763E-02 1.38266E-02 1.71641E-02 2.11717E-02 2.59364E-02 3.15062E-02 3.79623E-02 4.53425E-02 5.36750E-02 6.29705E-02 7.32221E-02 8.44039E-02 9.64793E-02 1.09332E-01 1.23067E-01 1.37507E-01 1.52639E-01 1.68416E-01 1.84794E-01 2.01731E-01 2.19016E-01 2.36948E-01 2.55242E-01 2.73927E-01 2.92954E-01 3.12340E-01 3.32036E-01 3.52019E-01 3.72282E-01 3.92772E-01 4.13533E-01 4.34326E-01 4.55495E-01 4.76836E-01 4.98342E-01 5.20006E-01 5.41818E-01 5.63773E-01 5.85861E-01 6.08077E-01 6.30459E-01 6.52800E-01 6.75387E-01 6.98063E-01 7.20830E-01 7.43683E-01 7.66623E-01 7.89636E-01 8.12791E-01 8.35940E-01 8.59175E-01 8.82485E-01 9.05866E-01 9.29311E-01 9.52817E-01 9.76387E-01 1.00000E+00 
1.14018E+00 1.22539E+00 1.32482E+00 1.44156E+00 1.57954E+00 1.74381E+00 1.94091E+00 2.12132E+00 2.17945E+00 2.49622E+00 2.89383E+00 3.39925E+00 4.05063E+00 4.90286E+00 6.03623E+00 7.57063E+00 9.68869E+00 1.26749E+01 1.69835E+01 2.33578E+01 3.30501E+01 4.82334E+01 7.28041E+01 1.13998E+02 1.85779E+02 3.16228E+02 
908 909 
-5.10211E-05 -4.07774E-05 
-5.29563E-05 -4.23066E-05 
-5.62992E-05 -4.65316E-05 
-5.90638E-05 -4.88749E-05 
-6.21068E-05 -5.14805E-05 
-6.54923E-05 -5.44125E-05 
-6.93042E-05 -5.77418E-05 
-7.26123E-05 -6.06388E-05 
-7.36478E-05 -6.15448E-05 
-7.90769E-05 -6.62693E-05 
-8.54738E-05 -7.17449E-05 
-9.30773E-05 -7.80808E-05 
-1.02170E-04 -8.53871E-05 
-1.15673E-04 -9.35440E-05 
-1.30974E-04 -1.03340E-04 
-1.49100E-04 -1.14438E-04 
-1.70569E-04 -1.26967E-04 
-1.96000E-04 -1.41065E-04 
-2.26162E-04 -1.56911E-04 
-2.62186E-04 -1.74836E-04 
-3.06359E-04 -1.95773E-04 
-3.64932E-04 -2.22760E-04 
-4.54530E-04 -2.64019E-04 
-6.00130E-04 -3.30456E-04 
-7.98070E-04 -4.15716E-04 
-1.00587E-03 -4.95222E-04 
-5.77602E-05 -4.45716E-05 
-5.98430E-05 -4.63646E-05 
-6.37036E-05 -5.11937E-05 
-6.67573E-05 -5.38694E-05 
-7.01261E-05 -5.68395E-05 
-7.38852E-05 -6.01739E-05 
-7.81313E-05 -6.39485E-05 
-8.18265E-05 -6.72224E-05 
-8.29849E-05 -6.82442E-05 
-8.90685E-05 -7.35569E-05 
-9.62517E-05 -7.96826E-05 
-1.04799E-04 -8.67315E-05 
-1.15022E-04 -9.48126E-05 
-1.29995E-04 -1.03599E-04 
-1.46996E-04 -1.14224E-04 
-1.67096E-04 -1.26205E-04 
-1.90853E-04 -1.39665E-04 
-2.18925E-04 -1.54735E-04 
-2.52133E-04 -1.71584E-04 
-2.91688E-04 -1.90547E-04 
-3.40070E-04 -2.12600E-04 
-4.04113E-04 -2.40973E-04 
-5.02026E-04 -2.84407E-04 
-6.61007E-04 -3.54351E-04 
-8.76519E-04 -4.43659E-04 
-1.10156E-03 -5.25965E-04 
-6.39876E-05 -5.00266E-05 
-6.62951E-05 -5.20704E-05 
-7.08483E-05 -5.74744E-05 
-7.42789E-05 -6.04767E-05 
-7.80669E-05 -6.38080E-05 
-8.23001E-05 -6.75438E-05 
-8.70899E-05 -7.17649E-05 
-9.12638E-05 -7.54178E-05 
-9.25731E-05 -7.65562E-05 
-9.94533E-05 -8.24614E-05 
-1.07580E-04 -8.92415E-05 
-1.17246E-04 -9.70064E-05 
-1.28791E-04 -1.05863E-04 
-1.45425E-04 -1.15237E-04 
-1.64347E-04 -1.26675E-04 
-1.86662E-04 -1.39515E-04 
-2.12965E-04 -1.53874E-04 
-2.43957E-04 -1.69872E-04 
-2.80510E-04 -1.87668E-04 
-3.23919E-04 -2.07595E-04 
-3.76864E-04 -2.30675E-04 
-4.46811E-04 -2.60334E-04 
-5.53671E-04 -3.05836E-04 
-7.27018E-04 -3.79159E-04 
-9.61313E-04 -4.72280E-04 
-1.20464E-03 -5.56995E-04 
-7.02815E-05 -5.69532E-05 
-7.28931E-05 -5.92281E-05 
-7.83031E-05 -6.51822E-05 
-8.22021E-05 -6.84988E-05 
-8.65069E-05 -7.21822E-05 
-9.13192E-05 -7.63132E-05 
-9.67664E-05 -8.09773E-05 
-1.01514E-04 -8.50076E-05 
-1.03004E-04 -8.62623E-05 
-1.10828E-04 -9.27593E-05 
-1.20061E-04 -1.00193E-04 
-1.31026E-04 -1.08671E-04 
-1.44091E-04 -1.18296E-04 
-1.62577E-04 -1.28207E-04 
-1.83643E-04 -1.40432E-04 
-2.08414E-04 -1.54099E-04 
-2.37525E-04 -1.69314E-04 
-2.71716E-04 -1.86183E-04 
-3.11912E-04 -2.04853E-04 
-3.59493E-04 -2.25655E-04 
-4.17355E-04 -2.49650E-04 
-4.93641E-04 -2.80460E-04 
-6.10103E-04 -3.27870E-04 
-7.98855E-04 -4.04344E-04 
-1.05320E-03 -5.00920E-04 
-1.31585E-03 -5.87539E-04 
-7.72084E-05 -6.51202E-05 
-8.02005E-05 -6.76043E-05 
-8.66206E-05 -7.40888E-05 
-9.10792E-05 -7.77046E-05 
-9.59980E-05 -8.17285E-05 
-1.01494E-04 -8.62467E-05 
-1.07713E-04 -9.13483E-05 
-1.13131E-04 -9.57534E-05 
-1.14830E-04 -9.71237E-05 
-1.23747E-04 -1.04209E-04 
-1.34253E-04 -1.12293E-04 
-1.46698E-04 -1.21477E-04 
-1.61484E-04 -1.31859E-04 
-1.82006E-04 -1.42249E-04 
-2.05439E-04 -1.55228E-04 
-2.32908E-04 -1.69680E-04 
-2.65086E-04 -1.85698E-04 
-3.02753E-04 -2.03370E-04 
-3.46885E-04 -2.22827E-04 
-3.98950E-04 -2.44392E-04 
-4.62075E-04 -2.69167E-04 
-5.45134E-04 -3.00960E-04 
-6.71865E-04 -3.50057E-04 
-8.77091E-04 -4.29355E-04 
-1.15276E-03 -5.28894E-04 
-1.43576E-03 -6.16796E-04 
-8.52738E-05 -7.43012E-05 
-8.87173E-05 -7.69727E-05 
-9.62940E-05 -8.39704E-05 
-1.01400E-04 -8.78690E-05 
-1.07028E-04 -9.22216E-05 
-1.13312E-04 -9.71185E-05 
-1.20416E-04 -1.02652E-04 
-1.26599E-04 -1.07429E-04 
-1.28537E-04 -1.08914E-04 
-1.38697E-04 -1.16584E-04 
-1.50640E-04 -1.25311E-04 
-1.64750E-04 -1.35192E-04 
-1.81458E-04 -1.46314E-04 
-2.04196E-04 -1.57114E-04 
-2.30218E-04 -1.70807E-04 
-2.60624E-04 -1.85995E-04 
-2.96123E-04 -2.02750E-04 
-3.37538E-04 -2.21142E-04 
-3.85893E-04 -2.41282E-04 
-4.42747E-04 -2.63481E-04 
-5.11471E-04 -2.88871E-04 
-6.01728E-04 -3.21442E-04 
-7.39396E-04 -3.71941E-04 
-9.62178E-04 -4.53627E-04 
-1.26047E-03 -5.55502E-04 
-1.56479E-03 -6.43936E-04 
-9.49005E-05 -8.42986E-05 
-9.88601E-05 -8.71367E-05 
-1.07738E-04 -9.46271E-05 
-1.13577E-04 -9.87921E-05 
-1.20006E-04 -1.03461E-04 
-1.27177E-04 -1.08729E-04 
-1.35279E-04 -1.14688E-04 
-1.42323E-04 -1.19833E-04 
-1.44528E-04 -1.21432E-04 
-1.56081E-04 -1.29680E-04 
-1.69630E-04 -1.39041E-04 
-1.85590E-04 -1.49605E-04 
-2.04425E-04 -1.61444E-04 
-2.29551E-04 -1.72573E-04 
-2.58382E-04 -1.86932E-04 
-2.91960E-04 -2.02792E-04 
-3.31033E-04 -2.20206E-04 
-3.76461E-04 -2.39220E-04 
-4.29318E-04 -2.59917E-04 
-4.91255E-04 -2.82593E-04 
-5.65901E-04 -3.08406E-04 
-6.63767E-04 -3.41505E-04 
-8.13031E-04 -3.93053E-04 
-1.05445E-03 -4.76576E-04 
-1.37662E-03 -5.80011E-04 
-1.70317E-03 -6.68091E-04 
-1.06429E-04 -9.49541E-05 
-1.10963E-04 -9.79393E-05 
-1.21292E-04 -1.05891E-04 
-1.27944E-04 -1.10305E-04 
-1.35263E-04 -1.15279E-04 
-1.43422E-04 -1.20908E-04 
-1.52632E-04 -1.27286E-04 
-1.60633E-04 -1.32793E-04 
-1.63136E-04 -1.34504E-04 
-1.76234E-04 -1.43321E-04 
-1.91558E-04 -1.53303E-04 
-2.09556E-04 -1.64525E-04 
-2.30724E-04 -1.77049E-04 
-2.58404E-04 -1.88411E-04 
-2.90262E-04 -2.03376E-04 
-3.27247E-04 -2.19833E-04 
-3.70142E-04 -2.37809E-04 
-4.19843E-04 -2.57322E-04 
-4.77473E-04 -2.78426E-04 
-5.44773E-04 -3.01394E-04 
-6.25649E-04 -3.27400E-04 
-7.31516E-04 -3.60729E-04 
-8.93014E-04 -4.12895E-04 
-1.15411E-03 -4.97581E-04 
-1.50138E-03 -6.01637E-04 
-1.85098E-03 -6.88330E-04 
-1.20126E-04 -1.06147E-04 
-1.25288E-04 -1.09260E-04 
-1.37228E-04 -1.17622E-04 
-1.44772E-04 -1.22266E-04 
-1.53068E-04 -1.27530E-04 
-1.62315E-04 -1.33509E-04 
-1.72747E-04 -1.40296E-04 
-1.81801E-04 -1.46157E-04 
-1.84633E-04 -1.47977E-04 
-1.99429E-04 -1.57348E-04 
-2.16703E-04 -1.67926E-04 
-2.36931E-04 -1.79776E-04 
-2.60642E-04 -1.92938E-04 
-2.91036E-04 -2.04416E-04 
-3.26137E-04 -2.19911E-04 
-3.66761E-04 -2.36870E-04 
-4.13721E-04 -2.55290E-04 
-4.67948E-04 -2.75156E-04 
-5.30610E-04 -2.96486E-04 
-6.03540E-04 -3.19526E-04 
-6.90931E-04 -3.45453E-04 
-8.05167E-04 -3.78660E-04 
-9.79506E-04 -4.30928E-04 
-1.26129E-03 -5.15960E-04 
-1.63478E-03 -6.19524E-04 
-2.00814E-03 -7.03634E-04 
-1.36207E-04 -1.17784E-04 
-1.42045E-04 -1.21005E-04 
-1.55772E-04 -1.29693E-04 
-1.64284E-04 -1.34546E-04 
-1.73645E-04 -1.40082E-04 
-1.84079E-04 -1.46396E-04 
-1.95848E-04 -1.53576E-04 
-2.06055E-04 -1.59778E-04 
-2.09246E-04 -1.61703E-04 
-2.25901E-04 -1.71601E-04 
-2.45302E-04 -1.82742E-04 
-2.67958E-04 -1.95170E-04 
-2.94426E-04 -2.08908E-04 
-3.27686E-04 -2.20362E-04 
-3.66246E-04 -2.36292E-04 
-4.10735E-04 -2.53634E-04 
-4.61998E-04 -2.72353E-04 
-5.20996E-04 -2.92394E-04 
-5.88935E-04 -3.13735E-04 
-6.67743E-04 -3.36585E-04 
-7.61911E-04 -3.62113E-04 
-8.84850E-04 -3.94783E-04 
-1.07259E-03 -4.46541E-04 
-1.37600E-03 -5.30950E-04 
-1.77675E-03 -6.32711E-04 
-2.17443E-03 -7.12866E-04 
-1.54851E-04 -1.29783E-04 
-1.61413E-04 -1.33090E-04 
-1.77118E-04 -1.41978E-04 
-1.86673E-04 -1.47013E-04 
-1.97187E-04 -1.52798E-04 
-2.08912E-04 -1.59424E-04 
-2.22135E-04 -1.66974E-04 
-2.33599E-04 -1.73495E-04 
-2.37180E-04 -1.75517E-04 
-2.55860E-04 -1.85904E-04 
-2.77572E-04 -1.97557E-04 
-3.02857E-04 -2.10499E-04 
-3.32299E-04 -2.24727E-04 
-3.68568E-04 -2.35988E-04 
-4.10798E-04 -2.52234E-04 
-4.59376E-04 -2.69814E-04 
-5.15172E-04 -2.88654E-04 
-5.79172E-04 -3.08656E-04 
-6.52617E-04 -3.29750E-04 
-7.37526E-04 -3.52102E-04 
-8.38700E-04 -3.76859E-04 
-9.70637E-04 -4.08506E-04 
-1.17229E-03 -4.59033E-04 
-1.49817E-03 -5.41677E-04 
-1.92707E-03 -6.40108E-04 
-2.34948E-03 -7.14743E-04 
-1.76227E-04 -1.42057E-04 
-1.83556E-04 -1.45423E-04 
-2.01452E-04 -1.54327E-04 
-2.12124E-04 -1.59511E-04 
-2.23880E-04 -1.65514E-04 
-2.36999E-04 -1.72422E-04 
-2.51800E-04 -1.80306E-04 
-2.64627E-04 -1.87114E-04 
-2.68633E-04 -1.89225E-04 
-2.89506E-04 -2.00045E-04 
-3.13718E-04 -2.12138E-04 
-3.41839E-04 -2.25504E-04 
-3.74474E-04 -2.40111E-04 
-4.13882E-04 -2.50978E-04 
-4.59990E-04 -2.67392E-04 
-5.12872E-04 -2.85032E-04 
-5.73419E-04 -3.03780E-04 
-6.42636E-04 -3.23486E-04 
-7.21794E-04 -3.44029E-04 
-8.12997E-04 -3.65524E-04 
-9.21369E-04 -3.89074E-04 
-1.06254E-03 -4.19136E-04 
-1.27854E-03 -4.67592E-04 
-1.62763E-03 -5.47135E-04 
-2.08541E-03 -6.40470E-04 
-2.53272E-03 -7.07815E-04 
-2.00504E-04 -1.54489E-04 
-2.08642E-04 -1.57882E-04 
-2.28958E-04 -1.66547E-04 
-2.40821E-04 -1.71838E-04 
-2.53909E-04 -1.78019E-04 
-2.68531E-04 -1.85164E-04 
-2.85035E-04 -1.93334E-04 
-2.99336E-04 -2.00385E-04 
-3.03800E-04 -2.02569E-04 
-3.27041E-04 -2.13746E-04 
-3.53946E-04 -2.26186E-04 
-3.85110E-04 -2.39860E-04 
-4.21157E-04 -2.54703E-04 
-4.63816E-04 -2.64936E-04 
-5.14001E-04 -2.81339E-04 
-5.71392E-04 -2.98826E-04 
-6.36892E-04 -3.17224E-04 
-7.11519E-04 -3.36332E-04 
-7.96565E-04 -3.55969E-04 
-8.94217E-04 -3.76189E-04 
-1.00993E-03 -3.98030E-04 
-1.16052E-03 -4.25858E-04 
-1.39120E-03 -4.71272E-04 
-1.76410E-03 -5.46165E-04 
-2.25128E-03 -6.32373E-04 
-2.72344E-03 -6.90433E-04 
-2.27866E-04 -1.66912E-04 
-2.36855E-04 -1.70296E-04 
-2.59835E-04 -1.78377E-04 
-2.72960E-04 -1.83723E-04 
-2.87470E-04 -1.90028E-04 
-3.03705E-04 -1.97354E-04 
-3.22041E-04 -2.05743E-04 
-3.37927E-04 -2.12979E-04 
-3.42884E-04 -2.15218E-04 
-3.68670E-04 -2.26650E-04 
-3.98462E-04 -2.39314E-04 
-4.32874E-04 -2.53147E-04 
-4.72547E-04 -2.68051E-04 
-5.18546E-04 -2.77371E-04 
-5.72995E-04 -2.93548E-04 
-6.35081E-04 -3.10623E-04 
-7.05714E-04 -3.28371E-04 
-7.85913E-04 -3.46526E-04 
-8.76986E-04 -3.64844E-04 
-9.81194E-04 -3.83308E-04 
-1.10432E-03 -4.02868E-04 
-1.26443E-03 -4.27721E-04 
-1.51002E-03 -4.68975E-04 
-1.90714E-03 -5.37434E-04 
-2.42399E-03 -6.14198E-04 
-2.92067E-03 -6.60742E-04 
-2.58521E-04 -1.79090E-04 
-2.68398E-04 -1.82416E-04 
-2.94295E-04 -1.89464E-04 
-3.08751E-04 -1.94802E-04 
-3.24773E-04 -2.01165E-04 
-3.42730E-04 -2.08597E-04 
-3.63026E-04 -2.17121E-04 
-3.80610E-04 -2.24465E-04 
-3.86095E-04 -2.26735E-04 
-4.14603E-04 -2.38294E-04 
-4.47472E-04 -2.51028E-04 
-4.85333E-04 -2.64838E-04 
-5.28835E-04 -2.79588E-04 
-5.78229E-04 -2.87674E-04 
-6.37112E-04 -3.03368E-04 
-7.04055E-04 -3.19731E-04 
-7.79970E-04 -3.36474E-04 
-8.65867E-04 -3.53266E-04 
-9.63057E-04 -3.69792E-04 
-1.07387E-03 -3.85951E-04 
-1.20442E-03 -4.02580E-04 
-1.37404E-03 -4.23618E-04 
-1.63464E-03 -4.59436E-04 
-2.05618E-03 -5.19421E-04 
-2.60267E-03 -5.84112E-04 
-3.12319E-03 -6.16664E-04 
-2.92699E-04 -1.90690E-04 
-3.03499E-04 -1.93904E-04 
-3.32562E-04 -1.99342E-04 
-3.48414E-04 -2.04599E-04 
-3.66032E-04 -2.10939E-04 
-3.85818E-04 -2.18385E-04 
-4.08203E-04 -2.26936E-04 
-4.27595E-04 -2.34294E-04 
-4.33642E-04 -2.36564E-04 
-4.65043E-04 -2.48091E-04 
-5.01171E-04 -2.60708E-04 
-5.42668E-04 -2.74275E-04 
-5.90187E-04 -2.88614E-04 
-6.42991E-04 -2.95101E-04 
-7.06450E-04 -3.10014E-04 
-7.78384E-04 -3.25312E-04 
-8.59690E-04 -3.40642E-04 
-9.51361E-04 -3.55601E-04 
-1.05470E-03 -3.69794E-04 
-1.17208E-03 -3.83030E-04 
-1.30998E-03 -3.95999E-04 
-1.48899E-03 -4.12276E-04 
-1.76452E-03 -4.41214E-04 
-2.21042E-03 -4.90406E-04 
-2.78616E-03 -5.40066E-04 
-3.32945E-03 -5.55894E-04 
-3.30650E-04 -2.01264E-04 
-3.42401E-04 -2.04303E-04 
-3.74866E-04 -2.07413E-04 
-3.92168E-04 -2.12500E-04 
-4.11463E-04 -2.18720E-04 
-4.33179E-04 -2.26069E-04 
-4.57773E-04 -2.34518E-04 
-4.79077E-04 -2.41774E-04 
-4.85718E-04 -2.44009E-04 
-5.20171E-04 -2.55313E-04 
-5.59726E-04 -2.67588E-04 
-6.05027E-04 -2.80651E-04 
-6.56723E-04 -2.94281E-04 
-7.12901E-04 -2.98760E-04 
-7.81047E-04 -3.12545E-04 
-8.58063E-04 -3.26376E-04 
-9.44820E-04 -3.39826E-04 
-1.04228E-03 -3.52416E-04 
-1.15172E-03 -3.63669E-04 
-1.27556E-03 -3.73289E-04 
-1.42061E-03 -3.81782E-04 
-1.60877E-03 -3.92245E-04 
-1.89895E-03 -4.12679E-04 
-2.36882E-03 -4.48466E-04 
-2.97300E-03 -4.79788E-04 
-3.53755E-03 -4.75906E-04 
-3.72631E-04 -2.10231E-04 
-3.85355E-04 -2.13018E-04 
-4.21422E-04 -2.12918E-04 
-4.40219E-04 -2.17738E-04 
-4.61259E-04 -2.23726E-04 
-4.84997E-04 -2.30847E-04 
-5.11907E-04 -2.39040E-04 
-5.35218E-04 -2.46060E-04 
-5.42481E-04 -2.48216E-04 
-5.80129E-04 -2.59072E-04 
-6.23256E-04 -2.70744E-04 
-6.72501E-04 -2.83002E-04 
-7.28501E-04 -2.95577E-04 
-7.87952E-04 -2.97599E-04 
-8.60853E-04 -3.09858E-04 
-9.42991E-04 -3.21761E-04 
-1.03520E-03 -3.32803E-04 
-1.13839E-03 -3.42424E-04 
-1.25380E-03 -3.50057E-04 
-1.38389E-03 -3.55291E-04 
-1.53576E-03 -3.58411E-04 
-1.73266E-03 -3.61891E-04 
-2.03697E-03 -3.72013E-04 
-2.53007E-03 -3.91472E-04 
-3.16136E-03 -4.00789E-04 
-3.74514E-03 -3.73958E-04 
-4.18894E-04 -2.16848E-04 
-4.32601E-04 -2.19303E-04 
-4.72412E-04 -2.14926E-04 
-4.92733E-04 -2.19371E-04 
-5.15573E-04 -2.25000E-04 
-5.41406E-04 -2.31743E-04 
-5.70726E-04 -2.39505E-04 
-5.96121E-04 -2.46131E-04 
-6.04031E-04 -2.48159E-04 
-6.44990E-04 -2.58309E-04 
-6.91802E-04 -2.69077E-04 
-7.45094E-04 -2.80186E-04 
-8.05479E-04 -2.91317E-04 
-8.68023E-04 -2.90392E-04 
-9.45697E-04 -3.00677E-04 
-1.03294E-03 -3.10132E-04 
-1.13052E-03 -3.18172E-04 
-1.23930E-03 -3.24153E-04 
-1.36044E-03 -3.27414E-04 
-1.49643E-03 -3.27416E-04 
-1.65467E-03 -3.24180E-04 
-1.85969E-03 -3.19399E-04 
-2.17734E-03 -3.17207E-04 
-2.69248E-03 -3.17097E-04 
-3.34899E-03 -3.00376E-04 
-3.94936E-03 -2.47119E-04 
-4.69658E-04 -2.20203E-04 
-4.84348E-04 -2.22230E-04 
-5.27956E-04 -2.12317E-04 
-5.49809E-04 -2.16272E-04 
-5.74480E-04 -2.21401E-04 
-6.02463E-04 -2.27599E-04 
-6.34259E-04 -2.34731E-04 
-6.61797E-04 -2.40786E-04 
-6.70371E-04 -2.42631E-04 
-7.14721E-04 -2.51782E-04 
-7.65291E-04 -2.61309E-04 
-8.22684E-04 -2.70884E-04 
-8.87480E-04 -2.80133E-04 
-9.52846E-04 -2.75739E-04 
-1.03525E-03 -2.83546E-04 
-1.12749E-03 -2.89971E-04 
-1.23029E-03 -2.94348E-04 
-1.34440E-03 -2.95947E-04 
-1.47093E-03 -2.94011E-04 
-1.61232E-03 -2.87860E-04 
-1.77629E-03 -2.77200E-04 
-1.98863E-03 -2.62769E-04 
-2.31849E-03 -2.46075E-04 
-2.85396E-03 -2.22832E-04 
-3.53309E-03 -1.75681E-04 
-4.14677E-03 -9.23064E-05 
-5.25090E-04 -2.19184E-04 
-5.40746E-04 -2.20685E-04 
-5.88073E-04 -2.03767E-04 
-6.11441E-04 -2.07112E-04 
-6.37953E-04 -2.11592E-04 
-6.68110E-04 -2.17062E-04 
-7.02418E-04 -2.23345E-04 
-7.32129E-04 -2.28633E-04 
-7.41376E-04 -2.30232E-04 
-7.89155E-04 -2.38060E-04 
-8.43504E-04 -2.45971E-04 
-9.04994E-04 -2.53584E-04 
-9.74159E-04 -2.60469E-04 
-1.04197E-03 -2.52059E-04 
-1.12898E-03 -2.56823E-04 
-1.22605E-03 -2.59572E-04 
-1.33379E-03 -2.59557E-04 
-1.45287E-03 -2.55961E-04 
-1.58428E-03 -2.47929E-04 
-1.73045E-03 -2.34631E-04 
-1.89931E-03 -2.15404E-04 
-2.11788E-03 -1.89830E-04 
-2.45846E-03 -1.56256E-04 
-3.01194E-03 -1.05999E-04 
-3.71034E-03 -2.36798E-05 
-4.33329E-03 9.36818E-05 
-5.85262E-04 -2.12477E-04 
-6.01849E-04 -2.13341E-04 
-6.52636E-04 -1.87746E-04 
-6.77472E-04 -1.90361E-04 
-7.05799E-04 -1.94037E-04 
-7.38121E-04 -1.98584E-04 
-7.74939E-04 -2.03780E-04 
-8.06821E-04 -2.08088E-04 
-8.16739E-04 -2.09374E-04 
-8.67930E-04 -2.15524E-04 
-9.26019E-04 -2.21410E-04 
-9.91531E-04 -2.26592E-04 
-1.06494E-03 -2.30585E-04 
-1.13470E-03 -2.17596E-04 
-1.22612E-03 -2.18691E-04 
-1.32773E-03 -2.17052E-04 
-1.44004E-03 -2.11844E-04 
-1.56358E-03 -2.02169E-04 
-1.69921E-03 -1.87074E-04 
-1.84931E-03 -1.65567E-04 
-2.02202E-03 -1.36560E-04 
-2.24545E-03 -9.82598E-05 
-2.59483E-03 -4.52595E-05 
-3.16331E-03 3.61898E-05 
-3.87673E-03 1.58725E-04 
-4.50405E-03 3.14066E-04 
-6.50117E-04 -1.98543E-04 
-6.67579E-04 -1.98655E-04 
-7.21323E-04 -1.62517E-04 
-7.47547E-04 -1.64289E-04 
-7.77627E-04 -1.67003E-04 
-8.12064E-04 -1.70424E-04 
-8.51343E-04 -1.74283E-04 
-8.85354E-04 -1.77382E-04 
-8.95929E-04 -1.78282E-04 
-9.50454E-04 -1.82372E-04 
-1.01217E-03 -1.85787E-04 
-1.08155E-03 -1.88030E-04 
-1.15900E-03 -1.88556E-04 
-1.23007E-03 -1.70422E-04 
-1.32560E-03 -1.67158E-04 
-1.43135E-03 -1.60347E-04 
-1.54771E-03 -1.49076E-04 
-1.67504E-03 -1.32368E-04 
-1.81407E-03 -1.09178E-04 
-1.96705E-03 -7.83432E-05 
-2.14231E-03 -3.82899E-05 
-2.36893E-03 1.43956E-05 
-2.72466E-03 8.95187E-05 
-3.30436E-03 2.06605E-04 
-4.02753E-03 3.74662E-04 
-4.65341E-03 5.72029E-04 
-7.19417E-04 -1.75619E-04 
-7.37676E-04 -1.74855E-04 
-7.93557E-04 -1.26152E-04 
-8.21048E-04 -1.26979E-04 
-8.52780E-04 -1.28577E-04 
-8.89236E-04 -1.30664E-04 
-9.30876E-04 -1.32923E-04 
-9.66928E-04 -1.34570E-04 
-9.78133E-04 -1.35008E-04 
-1.03584E-03 -1.36628E-04 
-1.10100E-03 -1.37093E-04 
-1.17400E-03 -1.35847E-04 
-1.25518E-03 -1.32287E-04 
-1.32678E-03 -1.08454E-04 
-1.42600E-03 -1.00070E-04 
-1.53538E-03 -8.72322E-05 
-1.65511E-03 -6.89579E-05 
-1.78540E-03 -4.41997E-05 
-1.92678E-03 -1.18267E-05 
-2.08137E-03 2.94977E-05 
-2.25759E-03 8.19004E-05 
-2.48535E-03 1.50677E-04 
-2.84446E-03 2.50734E-04 
-3.43068E-03 4.08116E-04 
-4.15721E-03 6.27185E-04 
-4.77480E-03 8.70577E-04 
-7.92691E-04 -1.41717E-04 
-8.11648E-04 -1.39946E-04 
-8.68432E-04 -7.65595E-05 
-8.97034E-04 -7.63540E-05 
-9.30271E-04 -7.66898E-05 
-9.68598E-04 -7.72330E-05 
-1.01244E-03 -7.76191E-05 
-1.05040E-03 -7.75607E-05 
-1.06219E-03 -7.74534E-05 
-1.12286E-03 -7.61667E-05 
-1.19118E-03 -7.31693E-05 
-1.26746E-03 -6.78433E-05 
-1.35195E-03 -5.95265E-05 
-1.42314E-03 -2.94698E-05 
-1.52553E-03 -1.51319E-05 
-1.63786E-03 4.65816E-06 
-1.76013E-03 3.09435E-05 
-1.89233E-03 6.48262E-05 
-2.03479E-03 1.07510E-04 
-2.18945E-03 1.60510E-04 
-2.36475E-03 2.26572E-04 
-2.59120E-03 3.13158E-04 
-2.95007E-03 4.41024E-04 
-3.53711E-03 6.43500E-04 
-4.25933E-03 9.19146E-04 
-4.86068E-03 1.21240E-03 
-8.69173E-04 -9.46357E-05 
-8.88704E-04 -9.17160E-05 
-9.44643E-04 -1.15288E-05 
-9.74160E-04 -1.02239E-05 
-1.00871E-03 -9.15864E-06 
-1.04871E-03 -7.94872E-06 
-1.09455E-03 -6.17983E-06 
-1.13423E-03 -4.14686E-06 
-1.14655E-03 -3.40784E-06 
-1.20987E-03 1.25120E-06 
-1.28098E-03 8.26378E-06 
-1.36010E-03 1.83076E-05 
-1.44735E-03 3.21019E-05 
-1.51703E-03 6.88606E-05 
-1.62193E-03 9.00631E-05 
-1.73637E-03 1.17804E-04 
-1.86015E-03 1.53168E-04 
-1.99301E-03 1.97292E-04 
-2.13502E-03 2.51436E-04 
-2.28792E-03 3.17292E-04 
-2.46008E-03 3.98293E-04 
-2.68231E-03 5.04369E-04 
-3.03663E-03 6.62913E-04 
-3.61767E-03 9.15318E-04 
-4.32652E-03 1.25304E-03 
-4.90248E-03 1.59966E-03 
-9.48957E-04 -3.08844E-05 
-9.68922E-04 -2.66381E-05 
-1.02156E-03 7.26351E-05 
-1.05178E-03 7.51059E-05 
-1.08743E-03 7.77278E-05 
-1.12888E-03 8.09365E-05 
-1.17646E-03 8.51973E-05 
-1.21765E-03 8.95289E-05 
-1.23044E-03 9.10048E-05 
-1.29605E-03 9.96032E-05 
-1.36952E-03 1.11306E-04 
-1.45096E-03 1.26848E-04 
-1.54035E-03 1.47003E-04 
-1.60717E-03 1.90988E-04 
-1.71378E-03 2.20175E-04 
-1.82934E-03 2.57080E-04 
-1.95337E-03 3.02806E-04 
-2.08535E-03 3.58499E-04 
-2.22507E-03 4.25447E-04 
-2.37397E-03 5.05519E-04 
-2.54026E-03 6.02918E-04 
-2.75475E-03 7.30397E-04 
-3.09926E-03 9.22934E-04 
-3.66594E-03 1.23089E-03 
-4.35037E-03 1.63702E-03 
-4.88988E-03 2.04089E-03 
-1.02797E-03 5.01057E-05 
-1.04820E-03 5.58394E-05 
-1.09443E-03 1.75556E-04 
-1.12507E-03 1.79211E-04 
-1.16154E-03 1.83497E-04 
-1.20414E-03 1.88901E-04 
-1.25311E-03 1.95939E-04 
-1.29551E-03 2.02849E-04 
-1.30866E-03 2.05154E-04 
-1.37606E-03 2.18186E-04 
-1.45131E-03 2.35166E-04 
-1.53436E-03 2.56882E-04 
-1.62506E-03 2.84149E-04 
-1.68761E-03 3.35571E-04 
-1.79492E-03 3.73696E-04 
-1.91034E-03 4.20754E-04 
-2.03313E-03 4.77832E-04 
-2.16245E-03 5.46052E-04 
-2.29776E-03 6.26702E-04 
-2.44021E-03 7.21807E-04 
-2.59769E-03 8.36402E-04 
-2.80061E-03 9.86345E-04 
-3.12950E-03 1.21491E-03 
-3.67253E-03 1.58202E-03 
-4.32059E-03 2.06027E-03 
-4.81237E-03 2.52274E-03 
-1.10536E-03 1.51803E-04 
-1.12568E-03 1.59242E-04 
-1.16145E-03 3.00466E-04 
-1.19228E-03 3.05344E-04 
-1.22929E-03 3.11445E-04 
-1.27272E-03 3.19304E-04 
-1.32274E-03 3.29485E-04 
-1.36603E-03 3.39329E-04 
-1.37945E-03 3.42578E-04 
-1.44810E-03 3.60666E-04 
-1.52448E-03 3.83658E-04 
-1.60838E-03 4.12382E-04 
-1.69946E-03 4.47681E-04 
-1.75612E-03 5.06754E-04 
-1.86295E-03 5.54959E-04 
-1.97680E-03 6.13331E-04 
-2.09658E-03 6.82906E-04 
-2.22115E-03 7.64735E-04 
-2.34959E-03 8.60065E-04 
-2.48270E-03 9.71068E-04 
-2.62791E-03 1.10367E-03 
-2.81476E-03 1.27716E-03 
-3.12121E-03 1.54395E-03 
-3.62970E-03 1.97413E-03 
-4.22740E-03 2.52850E-03 
-4.65834E-03 3.05078E-03 
-1.17843E-03 2.76784E-04 
-1.19868E-03 2.86207E-04 
-1.21895E-03 4.49116E-04 
-1.24972E-03 4.55292E-04 
-1.28702E-03 4.63406E-04 
-1.33097E-03 4.74041E-04 
-1.38166E-03 4.87806E-04 
-1.42549E-03 5.01005E-04 
-1.43906E-03 5.05333E-04 
-1.50838E-03 5.29197E-04 
-1.58516E-03 5.59033E-04 
-1.66903E-03 5.95691E-04 
-1.75943E-03 6.40025E-04 
-1.80844E-03 7.06832E-04 
-1.91341E-03 7.66316E-04 
-2.02396E-03 8.37175E-04 
-2.13869E-03 9.20340E-04 
-2.25606E-03 1.01675E-03 
-2.37480E-03 1.12755E-03 
-2.49526E-03 1.25505E-03 
-2.62427E-03 1.40613E-03 
-2.78997E-03 1.60383E-03 
-3.06619E-03 1.91047E-03 
-3.52768E-03 2.40687E-03 
-4.05920E-03 3.04020E-03 
-4.41483E-03 3.62217E-03 
-1.24383E-03 4.27507E-04 
-1.26386E-03 4.39283E-04 
-1.26249E-03 6.22810E-04 
-1.29304E-03 6.30439E-04 
-1.33039E-03 6.40860E-04 
-1.37457E-03 6.54700E-04 
-1.42555E-03 6.72607E-04 
-1.46958E-03 6.89675E-04 
-1.48319E-03 6.95246E-04 
-1.55253E-03 7.25738E-04 
-1.62891E-03 7.63375E-04 
-1.71174E-03 8.09006E-04 
-1.80024E-03 8.63458E-04 
-1.83970E-03 9.37932E-04 
-1.94117E-03 1.00992E-03 
-2.04643E-03 1.09439E-03 
-2.15370E-03 1.19213E-03 
-2.26106E-03 1.30388E-03 
-2.36682E-03 1.43066E-03 
-2.47088E-03 1.57487E-03 
-2.57928E-03 1.74442E-03 
-2.71809E-03 1.96640E-03 
-2.95532E-03 2.31374E-03 
-3.35575E-03 2.87838E-03 
-3.80341E-03 3.59200E-03 
-4.06794E-03 4.23186E-03 
-1.29760E-03 6.06477E-04 
-1.31729E-03 6.21113E-04 
-1.28695E-03 8.22571E-04 
-1.31719E-03 8.31957E-04 
-1.35445E-03 8.45144E-04 
-1.39863E-03 8.62792E-04 
-1.44956E-03 8.85579E-04 
-1.49342E-03 9.07170E-04 
-1.50695E-03 9.14187E-04 
-1.57562E-03 9.52341E-04 
-1.65071E-03 9.98898E-04 
-1.73137E-03 1.05467E-03 
-1.81657E-03 1.12042E-03 
-1.84443E-03 1.20233E-03 
-1.94046E-03 1.28803E-03 
-2.03806E-03 1.38715E-03 
-2.13505E-03 1.50024E-03 
-2.22913E-03 1.62781E-03 
-2.31819E-03 1.77068E-03 
-2.40159E-03 1.93133E-03 
-2.48439E-03 2.11872E-03 
-2.58991E-03 2.36429E-03 
-2.77828E-03 2.75222E-03 
-3.10182E-03 3.38570E-03 
-3.44590E-03 4.17908E-03 
-3.60219E-03 4.87303E-03 
-1.33484E-03 8.15216E-04 
-1.35413E-03 8.33403E-04 
-1.28645E-03 1.04800E-03 
-1.31645E-03 1.05969E-03 
-1.35357E-03 1.07633E-03 
-1.39759E-03 1.09863E-03 
-1.44815E-03 1.12726E-03 
-1.49150E-03 1.15419E-03 
-1.50483E-03 1.16290E-03 
-1.57210E-03 1.20994E-03 
-1.64489E-03 1.26668E-03 
-1.72210E-03 1.33385E-03 
-1.80238E-03 1.41208E-03 
-1.81654E-03 1.50097E-03 
-1.90483E-03 1.60145E-03 
-1.99199E-03 1.71599E-03 
-2.07547E-03 1.84484E-03 
-2.15254E-03 1.98820E-03 
-2.22069E-03 2.14666E-03 
-2.27871E-03 2.32272E-03 
-2.33050E-03 2.52647E-03 
-2.39574E-03 2.79391E-03 
-2.52446E-03 3.22087E-03 
-2.75378E-03 3.92170E-03 
-2.97297E-03 4.79163E-03 
-3.00306E-03 5.53331E-03 
-1.35016E-03 1.05493E-03 
-1.36904E-03 1.07760E-03 
-1.25475E-03 1.29812E-03 
-1.28476E-03 1.31298E-03 
-1.32186E-03 1.33412E-03 
-1.36564E-03 1.36222E-03 
-1.41558E-03 1.39794E-03 
-1.45805E-03 1.43122E-03 
-1.47104E-03 1.44192E-03 
-1.53611E-03 1.49928E-03 
-1.60548E-03 1.56762E-03 
-1.67773E-03 1.64749E-03 
-1.75120E-03 1.73936E-03 
-1.74948E-03 1.83453E-03 
-1.82730E-03 1.95057E-03 
-1.90080E-03 2.08090E-03 
-1.96701E-03 2.22539E-03 
-2.02286E-03 2.38386E-03 
-2.06540E-03 2.55660E-03 
-2.09287E-03 2.74613E-03 
-2.10773E-03 2.96371E-03 
-2.12517E-03 3.25005E-03 
-2.18257E-03 3.71282E-03 
-2.29890E-03 4.47703E-03 
-2.37039E-03 5.41719E-03 
-2.25569E-03 6.19739E-03 
-1.33765E-03 1.32596E-03 
-1.35619E-03 1.35436E-03 
-1.18552E-03 1.57087E-03 
-1.21600E-03 1.59025E-03 
-1.25331E-03 1.61734E-03 
-1.29688E-03 1.65277E-03 
-1.34596E-03 1.69715E-03 
-1.38717E-03 1.73799E-03 
-1.39968E-03 1.75104E-03 
-1.46161E-03 1.82034E-03 
-1.52621E-03 1.90175E-03 
-1.59172E-03 1.99560E-03 
-1.65614E-03 2.10206E-03 
-1.63632E-03 2.20250E-03 
-1.70044E-03 2.33444E-03 
-1.75650E-03 2.48030E-03 
-1.80119E-03 2.63953E-03 
-1.83106E-03 2.81152E-03 
-1.84285E-03 2.99621E-03 
-1.83417E-03 3.19615E-03 
-1.80585E-03 3.42377E-03 
-1.76756E-03 3.72455E-03 
-1.74129E-03 4.21788E-03 
-1.72470E-03 5.03849E-03 
-1.62463E-03 6.03893E-03 
-1.34644E-03 6.84528E-03 
-1.29117E-03 1.62826E-03 
-1.30947E-03 1.66399E-03 
-1.07262E-03 1.86382E-03 
-1.10420E-03 1.88961E-03 
-1.14210E-03 1.92458E-03 
-1.18550E-03 1.96929E-03 
-1.23343E-03 2.02422E-03 
-1.27291E-03 2.07401E-03 
-1.28475E-03 2.08980E-03 
-1.34237E-03 2.17277E-03 
-1.40054E-03 2.26869E-03 
-1.45713E-03 2.37759E-03 
-1.50980E-03 2.49927E-03 
-1.46958E-03 2.60357E-03 
-1.51616E-03 2.75101E-03 
-1.55040E-03 2.91131E-03 
-1.56870E-03 3.08337E-03 
-1.56734E-03 3.26615E-03 
-1.54275E-03 3.45922E-03 
-1.49196E-03 3.66515E-03 
-1.41392E-03 3.89759E-03 
-1.31169E-03 4.20670E-03 
-1.18884E-03 4.72305E-03 
-1.01846E-03 5.58966E-03 
-7.22214E-04 6.63638E-03 
-2.62131E-04 7.45316E-03 
-1.20459E-03 1.96060E-03 
-1.22276E-03 2.00558E-03 
-9.10745E-04 2.17358E-03 
-9.44187E-04 2.20825E-03 
-9.83057E-04 2.25351E-03 
-1.02628E-03 2.30979E-03 
-1.07260E-03 2.37739E-03 
-1.10966E-03 2.43760E-03 
-1.12059E-03 2.45652E-03 
-1.17236E-03 2.55480E-03 
-1.22197E-03 2.66640E-03 
-1.26693E-03 2.79094E-03 
-1.30454E-03 2.92780E-03 
-1.24162E-03 3.03404E-03 
-1.26614E-03 3.19558E-03 
-1.27355E-03 3.36799E-03 
-1.26004E-03 3.54968E-03 
-1.22173E-03 3.73910E-03 
-1.15482E-03 3.93551E-03 
-1.05581E-03 4.14149E-03 
-9.21494E-04 4.37191E-03 
-7.47150E-04 4.68139E-03 
-5.14774E-04 5.21066E-03 
-1.69533E-04 6.10905E-03 
3.47307E-04 7.18354E-03 
1.00643E-03 7.99165E-03 
-1.07224E-03 2.32100E-03 
-1.09023E-03 2.37744E-03 
-6.95920E-04 2.49658E-03 
-7.31934E-04 2.54311E-03 
-7.72005E-04 2.60146E-03 
-8.14758E-04 2.67181E-03 
-8.58646E-04 2.75422E-03 
-8.92288E-04 2.82621E-03 
-9.01934E-04 2.84860E-03 
-9.45739E-04 2.96345E-03 
-9.84011E-04 3.09129E-03 
-1.01393E-03 3.23127E-03 
-1.03248E-03 3.38227E-03 
-9.44472E-04 3.48790E-03 
-9.41699E-04 3.66074E-03 
-9.16665E-04 3.84147E-03 
-8.65447E-04 4.02799E-03 
-7.84133E-04 4.21828E-03 
-6.68848E-04 4.41132E-03 
-5.15559E-04 4.60979E-03 
-3.18687E-04 4.82973E-03 
-6.44697E-05 5.12977E-03 
2.89981E-04 5.65923E-03 
8.30701E-04 6.57112E-03 
1.59147E-03 7.65032E-03 
2.46466E-03 8.42750E-03 
-8.89214E-04 2.70662E-03 
-9.06660E-04 2.77680E-03 
-4.25918E-04 2.82931E-03 
-4.64916E-04 2.89100E-03 
-5.06000E-04 2.96532E-03 
-5.47483E-04 3.05215E-03 
-5.87502E-04 3.15120E-03 
-6.16172E-04 3.23595E-03 
-6.24015E-04 3.26202E-03 
-6.56923E-04 3.39389E-03 
-6.80244E-04 3.53753E-03 
-6.90866E-04 3.69154E-03 
-6.85552E-04 3.85423E-03 
-5.70021E-04 3.95588E-03 
-5.34050E-04 4.13552E-03 
-4.70424E-04 4.31902E-03 
-3.75279E-04 4.50378E-03 
-2.44828E-04 4.68743E-03 
-7.52542E-05 4.86874E-03 
1.37937E-04 5.05056E-03 
4.02985E-04 5.25000E-03 
7.43961E-04 5.52910E-03 
1.23199E-03 6.04348E-03 
1.98741E-03 6.94663E-03 
3.01324E-03 8.00315E-03 
4.11240E-03 8.72455E-03 
-6.51651E-04 3.11357E-03 
-6.67626E-04 3.19955E-03 
-1.00544E-04 3.16844E-03 
-1.42284E-04 3.24853E-03 
-1.83440E-04 3.34139E-03 
-2.22007E-04 3.44654E-03 
-2.55817E-04 3.56329E-03 
-2.77243E-04 3.66101E-03 
-2.82544E-04 3.69072E-03 
-3.00603E-04 3.83879E-03 
-3.04360E-04 3.99628E-03 
-2.90508E-04 4.16123E-03 
-2.55698E-04 4.33141E-03 
-1.10183E-04 4.42477E-03 
-3.45779E-05 4.60478E-03 
7.40753E-05 4.78355E-03 
2.19391E-04 4.95814E-03 
4.04851E-04 5.12592E-03 
6.34055E-04 5.28560E-03 
9.11902E-04 5.44027E-03 
1.24957E-03 5.60802E-03 
1.68274E-03 5.85332E-03 
2.31403E-03 6.33521E-03 
3.30088E-03 7.20384E-03 
4.60937E-03 8.20659E-03 
5.94216E-03 8.84572E-03 
-3.56740E-04 3.53683E-03 
-3.69473E-04 3.63997E-03 
2.78559E-04 3.51090E-03 
2.35378E-04 3.61195E-03 
1.96215E-04 3.72505E-03 
1.63372E-04 3.84924E-03 
1.39284E-04 3.98338E-03 
1.28270E-04 4.09312E-03 
1.26503E-04 4.12608E-03 
1.28419E-04 4.28769E-03 
1.49900E-04 4.45513E-03 
1.94310E-04 4.62590E-03 
2.64948E-04 4.79729E-03 
4.42862E-04 4.87708E-03 
5.64777E-04 5.04897E-03 
7.24821E-04 5.21365E-03 
9.26155E-04 5.36797E-03 
1.17176E-03 5.50922E-03 
1.46486E-03 5.63619E-03 
1.81072E-03 5.75235E-03 
2.22375E-03 5.87654E-03 
2.75248E-03 6.07445E-03 
3.53411E-03 6.50499E-03 
4.76546E-03 7.31064E-03 
6.36934E-03 8.22597E-03 
7.93817E-03 8.75599E-03 
-2.64844E-06 3.96961E-03 
-9.26421E-06 4.09009E-03 
7.08280E-04 3.85335E-03 
6.66408E-04 3.97659E-03 
6.32754E-04 4.11003E-03 
6.09859E-04 4.25224E-03 
6.00349E-04 4.40157E-03 
6.03880E-04 4.52083E-03 
6.06910E-04 4.55617E-03 
6.35094E-04 4.72641E-03 
6.88441E-04 4.89762E-03 
7.70190E-04 5.06684E-03 
8.83400E-04 5.23101E-03 
1.09592E-03 5.29100E-03 
1.27059E-03 5.44445E-03 
1.48780E-03 5.58410E-03 
1.75004E-03 5.70677E-03 
2.05961E-03 5.80992E-03 
2.41923E-03 5.89261E-03 
2.83448E-03 5.95873E-03 
3.32331E-03 6.02762E-03 
3.94830E-03 6.16468E-03 
4.88392E-03 6.52454E-03 
6.36794E-03 7.23739E-03 
8.27375E-03 8.03073E-03 
1.00749E-02 8.42605E-03 
4.12472E-04 4.40367E-03 
4.16133E-04 4.53993E-03 
1.18561E-03 4.19208E-03 
1.14953E-03 4.33671E-03 
1.12655E-03 4.48844E-03 
1.11936E-03 4.64534E-03 
1.13066E-03 4.80532E-03 
1.15380E-03 4.92977E-03 
1.16314E-03 4.96609E-03 
1.22490E-03 5.13756E-03 
1.31744E-03 5.30398E-03 
1.44368E-03 5.46210E-03 
1.60622E-03 5.60866E-03 
1.85515E-03 5.64183E-03 
2.08829E-03 5.76509E-03 
2.36732E-03 5.86773E-03 
2.69389E-03 5.94679E-03 
3.06943E-03 6.00007E-03 
3.49605E-03 6.02711E-03 
3.97968E-03 6.03230E-03 
4.54211E-03 6.03509E-03 
5.26102E-03 6.09887E-03 
6.35038E-03 6.36933E-03 
8.08974E-03 6.95966E-03 
1.02972E-02 7.59726E-03 
1.23207E-02 7.83501E-03 
8.87370E-04 4.82579E-03 
9.06678E-04 4.97415E-03 
1.70466E-03 4.51978E-03 
1.68061E-03 4.68230E-03 
1.67501E-03 4.84754E-03 
1.69057E-03 5.01316E-03 
1.72991E-03 5.17667E-03 
1.77827E-03 5.30011E-03 
1.79556E-03 5.33549E-03 
1.89854E-03 5.49841E-03 
2.03756E-03 5.64940E-03 
2.21495E-03 5.78513E-03 
2.43265E-03 5.90238E-03 
2.71889E-03 5.90152E-03 
3.01446E-03 5.98243E-03 
3.35784E-03 6.03614E-03 
3.74967E-03 6.06017E-03 
4.19044E-03 6.05289E-03 
4.68159E-03 6.01449E-03 
5.22945E-03 5.94986E-03 
5.85993E-03 5.87808E-03 
6.66659E-03 5.85863E-03 
7.90420E-03 6.02347E-03 
9.89380E-03 6.46433E-03 
1.23933E-02 6.91634E-03 
1.46215E-02 6.97901E-03 
1.42415E-03 5.22461E-03 
1.46561E-03 5.37913E-03 
2.26452E-03 4.83024E-03 
2.26036E-03 5.00434E-03 
2.28022E-03 5.17560E-03 
2.32663E-03 5.34137E-03 
2.40199E-03 5.49893E-03 
2.48156E-03 5.61345E-03 
2.50849E-03 5.64551E-03 
2.66042E-03 5.78813E-03 
2.85284E-03 5.91147E-03 
3.08731E-03 6.01237E-03 
3.36489E-03 6.08789E-03 
3.68848E-03 6.04580E-03 
4.04861E-03 6.07236E-03 
4.45675E-03 6.06588E-03 
4.91246E-03 6.02458E-03 
5.41523E-03 5.94761E-03 
5.96583E-03 5.83591E-03 
6.57110E-03 5.69483E-03 
7.26133E-03 5.54252E-03 
8.14654E-03 5.43256E-03 
9.52297E-03 5.47839E-03 
1.17520E-02 5.74612E-03 
1.45275E-02 5.98706E-03 
1.69375E-02 5.86225E-03 
2.02151E-03 5.58582E-03 
2.09236E-03 5.73835E-03 
2.86225E-03 5.11413E-03 
2.88701E-03 5.29058E-03 
2.94119E-03 5.45773E-03 
3.02700E-03 5.61276E-03 
3.14640E-03 5.75288E-03 
3.26292E-03 5.84933E-03 
3.30107E-03 5.87536E-03 
3.50889E-03 5.98466E-03 
3.76041E-03 6.06738E-03 
4.05627E-03 6.12078E-03 
4.39649E-03 6.14247E-03 
4.75621E-03 6.05264E-03 
5.18045E-03 6.01419E-03 
5.65102E-03 5.93808E-03 
6.16637E-03 5.82340E-03 
6.72499E-03 5.67024E-03 
7.32708E-03 5.48033E-03 
7.98012E-03 5.25939E-03 
8.71899E-03 5.02404E-03 
9.67046E-03 4.81997E-03 
1.11719E-02 4.73760E-03 
1.36229E-02 4.81399E-03 
1.66506E-02 4.82513E-03 
1.92143E-02 4.50717E-03 
2.67731E-03 5.89675E-03 
2.78513E-03 6.03720E-03 
3.49619E-03 5.36203E-03 
3.55953E-03 5.52908E-03 
3.65713E-03 5.67981E-03 
3.79072E-03 5.81144E-03 
3.96167E-03 5.92131E-03 
4.12021E-03 5.98980E-03 
4.17095E-03 6.00693E-03 
4.44022E-03 6.06949E-03 
4.75487E-03 6.09873E-03 
5.11443E-03 6.09259E-03 
5.51781E-03 6.04948E-03 
5.91122E-03 5.90645E-03 
6.39649E-03 5.79440E-03 
6.92450E-03 5.64167E-03 
7.49259E-03 5.44836E-03 
8.09837E-03 5.21555E-03 
8.74159E-03 4.94580E-03 
9.43053E-03 4.64497E-03 
1.02049E-02 4.32755E-03 
1.12079E-02 4.02951E-03 
1.28172E-02 3.81423E-03 
1.54673E-02 3.68715E-03 
1.87178E-02 3.45701E-03 
2.14039E-02 2.94675E-03 
3.38805E-03 6.14761E-03 
3.54041E-03 6.26420E-03 
4.16553E-03 5.56499E-03 
4.27709E-03 5.70883E-03 
4.42686E-03 5.82923E-03 
4.61589E-03 5.92366E-03 
4.84480E-03 5.98981E-03 
5.04941E-03 6.02028E-03 
5.11376E-03 6.02564E-03 
5.44829E-03 6.02834E-03 
5.82805E-03 5.99210E-03 
6.25140E-03 5.91576E-03 
6.71612E-03 5.79868E-03 
7.13956E-03 5.59830E-03 
7.68029E-03 5.40666E-03 
8.25830E-03 5.17320E-03 
8.86996E-03 4.89910E-03 
9.51212E-03 4.58641E-03 
1.01843E-02 4.23845E-03 
1.08957E-02 3.86100E-03 
1.16909E-02 3.46583E-03 
1.27295E-02 3.07748E-03 
1.44270E-02 2.72905E-03 
1.72497E-02 2.39262E-03 
2.06895E-02 1.91701E-03 
2.34648E-02 1.22128E-03 
4.14893E-03 6.33108E-03 
4.35310E-03 6.41062E-03 
4.87004E-03 5.71377E-03 
5.03891E-03 5.81909E-03 
5.24869E-03 5.89424E-03 
5.49961E-03 5.93717E-03 
5.79142E-03 5.94612E-03 
6.04482E-03 5.92883E-03 
6.12339E-03 5.91969E-03 
6.52490E-03 5.85045E-03 
6.96950E-03 5.73824E-03 
7.45441E-03 5.58294E-03 
7.97628E-03 5.38503E-03 
8.42501E-03 5.12464E-03 
9.01334E-03 4.85035E-03 
9.63181E-03 4.53513E-03 
1.02760E-02 4.18122E-03 
1.09422E-02 3.79160E-03 
1.16298E-02 3.37020E-03 
1.23493E-02 2.92249E-03 
1.31501E-02 2.45685E-03 
1.42073E-02 1.98509E-03 
1.59719E-02 1.50741E-03 
1.89378E-02 9.61744E-04 
2.25308E-02 2.43326E-04 
2.53619E-02 -6.25872E-04 
4.95214E-03 6.43671E-03 
5.21509E-03 6.46539E-03 
5.60827E-03 5.79495E-03 
5.84278E-03 5.84597E-03 
6.11930E-03 5.86102E-03 
6.43715E-03 5.83869E-03 
6.79516E-03 5.77795E-03 
7.09868E-03 5.70422E-03 
7.19164E-03 5.67823E-03 
7.65976E-03 5.52690E-03 
8.16677E-03 5.33052E-03 
8.70881E-03 5.09013E-03 
9.28154E-03 4.80735E-03 
9.74987E-03 4.48611E-03 
1.03760E-02 4.12929E-03 
1.10237E-02 3.73449E-03 
1.16879E-02 3.30494E-03 
1.23646E-02 2.84442E-03 
1.30534E-02 2.35729E-03 
1.37662E-02 1.84840E-03 
1.45570E-02 1.32226E-03 
1.56158E-02 7.76764E-04 
1.74256E-02 1.77526E-04 
2.05034E-02 -5.71699E-04 
2.42122E-02 -1.52401E-03 
2.70659E-02 -2.55025E-03 
5.79315E-03 6.45581E-03 
6.12104E-03 6.41919E-03 
6.38250E-03 5.79386E-03 
6.68941E-03 5.77490E-03 
7.03764E-03 5.71559E-03 
7.42555E-03 5.61532E-03 
7.85101E-03 5.47394E-03 
8.20434E-03 5.33653E-03 
8.31140E-03 5.29179E-03 
8.84343E-03 5.05063E-03 
9.40812E-03 4.76461E-03 
1.00007E-02 4.43592E-03 
1.06159E-02 4.06732E-03 
1.10971E-02 3.68637E-03 
1.17496E-02 3.25039E-03 
1.24138E-02 2.78138E-03 
1.30844E-02 2.28342E-03 
1.37574E-02 1.76093E-03 
1.44328E-02 1.21845E-03 
1.51238E-02 6.59917E-04 
1.58893E-02 8.54958E-05 
1.69326E-02 -5.21607E-04 
1.87655E-02 -1.23140E-03 
2.19231E-02 -2.17349E-03 
2.57093E-02 -3.34523E-03 
2.85536E-02 -4.50843E-03 
6.66761E-03 6.37593E-03 
7.06538E-03 6.26069E-03 
7.19586E-03 5.69261E-03 
7.57971E-03 5.58981E-03 
8.00221E-03 5.44410E-03 
8.46077E-03 5.25578E-03 
8.95234E-03 5.02566E-03 
9.35315E-03 4.81971E-03 
9.47343E-03 4.75501E-03 
1.00639E-02 4.41982E-03 
1.06790E-02 4.04236E-03 
1.13131E-02 3.62592E-03 
1.19603E-02 3.17428E-03 
1.24468E-02 2.73723E-03 
1.31125E-02 2.22906E-03 
1.37795E-02 1.69462E-03 
1.44423E-02 1.13862E-03 
1.50971E-02 5.65908E-04 
1.57444E-02 -1.90404E-05 
1.63991E-02 -6.13485E-04 
1.71247E-02 -1.22198E-03 
1.81363E-02 -1.87644E-03 
1.99706E-02 -2.68257E-03 
2.31762E-02 -3.80171E-03 
2.70025E-02 -5.17283E-03 
2.98076E-02 -6.44969E-03 
7.60593E-03 6.18288E-03 
8.07702E-03 5.97525E-03 
8.08130E-03 5.46963E-03 
8.54423E-03 5.26990E-03 
9.04110E-03 5.02686E-03 
9.56840E-03 4.74181E-03 
1.01223E-02 4.41651E-03 
1.05664E-02 4.13861E-03 
1.06985E-02 4.05323E-03 
1.13397E-02 3.62205E-03 
1.19956E-02 3.15367E-03 
1.26602E-02 2.65239E-03 
1.33272E-02 2.12285E-03 
1.38096E-02 1.63506E-03 
1.44744E-02 1.06389E-03 
1.51295E-02 4.74831E-04 
1.57696E-02 -1.26972E-04 
1.63911E-02 -7.36531E-04 
1.69956E-02 -1.34968E-03 
1.75998E-02 -1.96517E-03 
1.82711E-02 -2.59261E-03 
1.92357E-02 -3.27941E-03 
2.10510E-02 -4.16682E-03 
2.42749E-02 -5.44613E-03 
2.81068E-02 -6.99567E-03 
3.08456E-02 -8.36266E-03 
8.61736E-03 5.84981E-03 
9.16231E-03 5.53943E-03 
9.05095E-03 5.09584E-03 
9.59109E-03 4.79047E-03 
1.01584E-02 4.44379E-03 
1.07485E-02 4.05811E-03 
1.13570E-02 3.63612E-03 
1.18374E-02 3.28669E-03 
1.19791E-02 3.18099E-03 
1.26593E-02 2.65712E-03 
1.33431E-02 2.10354E-03 
1.40242E-02 1.52530E-03 
1.46964E-02 9.27684E-04 
1.51639E-02 3.97957E-04 
1.58121E-02 -2.23055E-04 
1.64396E-02 -8.52380E-04 
1.70415E-02 -1.48469E-03 
1.76150E-02 -2.11511E-03 
1.81625E-02 -2.74005E-03 
1.87025E-02 -3.36002E-03 
1.93063E-02 -3.98986E-03 
2.02096E-02 -4.69239E-03 
2.19866E-02 -5.64336E-03 
2.51998E-02 -7.06138E-03 
2.90042E-02 -8.76348E-03 
3.16522E-02 -1.01947E-02 
9.71399E-03 5.33784E-03 
1.03293E-02 4.91858E-03 
1.01155E-02 4.53388E-03 
1.07270E-02 4.11933E-03 
1.13571E-02 3.66804E-03 
1.20009E-02 3.18316E-03 
1.26536E-02 2.66822E-03 
1.31613E-02 2.25161E-03 
1.33098E-02 2.12710E-03 
1.40154E-02 1.51904E-03 
1.47125E-02 8.90766E-04 
1.53948E-02 2.47845E-04 
1.60563E-02 -4.04073E-04 
1.64972E-02 -9.63813E-04 
1.71126E-02 -1.61849E-03 
1.76965E-02 -2.27111E-03 
1.82448E-02 -2.91645E-03 
1.87554E-02 -3.54996E-03 
1.92319E-02 -4.16890E-03 
1.96947E-02 -4.77572E-03 
2.02185E-02 -5.39063E-03 
2.10468E-02 -6.09152E-03 
2.27666E-02 -7.08694E-03 
2.59407E-02 -8.61979E-03 
2.96852E-02 -1.04461E-02 
3.22193E-02 -1.19150E-02 
1.09093E-02 4.61254E-03 
1.15870E-02 4.08471E-03 
1.12856E-02 3.75457E-03 
1.19586E-02 3.23398E-03 
1.26407E-02 2.68337E-03 
1.33263E-02 2.10661E-03 
1.40100E-02 1.50785E-03 
1.45343E-02 1.03227E-03 
1.46864E-02 8.91530E-04 
1.54012E-02 2.12607E-04 
1.60949E-02 -4.75503E-04 
1.67612E-02 -1.16695E-03 
1.73947E-02 -1.85595E-03 
1.77957E-02 -2.43104E-03 
1.83614E-02 -3.10069E-03 
1.88855E-02 -3.75757E-03 
1.93647E-02 -4.39681E-03 
1.97980E-02 -5.01446E-03 
2.01902E-02 -5.60882E-03 
2.05636E-02 -6.18447E-03 
2.09961E-02 -6.76696E-03 
2.17371E-02 -7.44860E-03 
2.33822E-02 -8.46849E-03 
2.64898E-02 -1.00903E-02 
3.01438E-02 -1.20106E-02 
3.25434E-02 -1.34901E-02 
1.22729E-02 3.65888E-03 
1.30015E-02 3.02613E-03 
1.26209E-02 2.74463E-03 
1.33390E-02 2.12445E-03 
1.40543E-02 1.48318E-03 
1.47612E-02 8.25359E-04 
1.54546E-02 1.55618E-04 
1.59784E-02 -3.67740E-04 
1.61291E-02 -5.21254E-04 
1.68295E-02 -1.25357E-03 
1.74964E-02 -1.98265E-03 
1.81243E-02 -2.70275E-03 
1.87083E-02 -3.40836E-03 
1.90530E-02 -3.98133E-03 
1.95501E-02 -4.64512E-03 
1.99970E-02 -5.28565E-03 
2.03914E-02 -5.89861E-03 
2.07333E-02 -6.48093E-03 
2.10290E-02 -7.03208E-03 
2.13021E-02 -7.55889E-03 
2.16335E-02 -8.09208E-03 
2.22765E-02 -8.73748E-03 
2.38312E-02 -9.76186E-03 
2.68477E-02 -1.14458E-02 
3.03837E-02 -1.34292E-02 
3.26317E-02 -1.48938E-02 
1.37601E-02 2.44124E-03 
1.45216E-02 1.71647E-03 
1.40720E-02 1.48155E-03 
1.48158E-02 7.77611E-04 
1.55447E-02 6.31338E-05 
1.62534E-02 -6.57001E-04 
1.69368E-02 -1.37793E-03 
1.74452E-02 -1.93322E-03 
1.75901E-02 -2.09480E-03 
1.82555E-02 -2.85775E-03 
1.88755E-02 -3.60474E-03 
1.94455E-02 -4.33039E-03 
1.99616E-02 -5.02970E-03 
2.02357E-02 -5.58141E-03 
2.06481E-02 -6.21755E-03 
2.10031E-02 -6.82064E-03 
2.12992E-02 -7.38719E-03 
2.15380E-02 -7.91510E-03 
2.17269E-02 -8.40519E-03 
2.18911E-02 -8.86652E-03 
2.21135E-02 -9.33472E-03 
2.26499E-02 -9.92787E-03 
2.41001E-02 -1.09370E-02 
2.70020E-02 -1.26554E-02 
3.03942E-02 -1.46703E-02 
3.24759E-02 -1.60952E-02 
1.53484E-02 9.76417E-04 
1.61152E-02 1.80618E-04 
1.56004E-02 -7.27802E-06 
1.63441E-02 -7.72099E-04 
1.70626E-02 -1.53620E-03 
1.77509E-02 -2.29483E-03 
1.84040E-02 -3.04323E-03 
1.88822E-02 -3.61226E-03 
1.90171E-02 -3.77664E-03 
1.96283E-02 -4.54532E-03 
2.01831E-02 -5.28583E-03 
2.06780E-02 -5.99329E-03 
2.11102E-02 -6.66338E-03 
2.13017E-02 -7.17499E-03 
2.16162E-02 -7.76266E-03 
2.18674E-02 -8.30865E-03 
2.20553E-02 -8.81043E-03 
2.21825E-02 -9.26700E-03 
2.22578E-02 -9.68061E-03 
2.23081E-02 -1.00625E-02 
2.24172E-02 -1.04527E-02 
2.28416E-02 -1.09800E-02 
2.41764E-02 -1.19553E-02 
2.69433E-02 -1.36804E-02 
3.01697E-02 -1.56952E-02 
3.20750E-02 -1.70585E-02 
1.71061E-02 -7.54537E-04 
1.78611E-02 -1.59973E-03 
1.72849E-02 -1.73713E-03 
1.80067E-02 -2.54041E-03 
1.86902E-02 -3.33092E-03 
1.93306E-02 -4.10373E-03 
1.99242E-02 -4.85431E-03 
2.03490E-02 -5.41705E-03 
2.04673E-02 -5.57832E-03 
2.09933E-02 -6.32474E-03 
2.14545E-02 -7.03126E-03 
2.18484E-02 -7.69394E-03 
2.21734E-02 -8.30938E-03 
2.22640E-02 -8.75959E-03 
2.24632E-02 -9.27668E-03 
2.25961E-02 -9.74517E-03 
2.26637E-02 -1.01636E-02 
2.26700E-02 -1.05322E-02 
2.26248E-02 -1.08545E-02 
2.25559E-02 -1.11439E-02 
2.25479E-02 -1.14443E-02 
2.28555E-02 -1.18932E-02 
2.40646E-02 -1.28176E-02 
2.66769E-02 -1.45232E-02 
2.97165E-02 -1.65086E-02 
3.14361E-02 -1.77901E-02 
1.89176E-02 -2.69539E-03 
1.96262E-02 -3.55914E-03 
1.89835E-02 -3.63903E-03 
1.96526E-02 -4.45035E-03 
2.02732E-02 -5.23730E-03 
2.08419E-02 -5.99542E-03 
2.13558E-02 -6.72077E-03 
2.17142E-02 -7.25717E-03 
2.18123E-02 -7.40964E-03 
2.22369E-02 -8.10746E-03 
2.25895E-02 -8.75511E-03 
2.28690E-02 -9.34976E-03 
2.30755E-02 -9.88924E-03 
2.30576E-02 -1.02611E-02 
2.31341E-02 -1.06903E-02 
2.31428E-02 -1.10658E-02 
2.30861E-02 -1.13872E-02 
2.29689E-02 -1.16559E-02 
2.28022E-02 -1.18769E-02 
2.26146E-02 -1.20654E-02 
2.24904E-02 -1.22684E-02 
2.26810E-02 -1.26305E-02 
2.37584E-02 -1.34895E-02 
2.62015E-02 -1.51511E-02 
2.90388E-02 -1.70797E-02 
3.05692E-02 -1.82637E-02 
2.07687E-02 -4.80962E-03 
2.13996E-02 -5.65936E-03 
2.06815E-02 -5.67079E-03 
2.12668E-02 -6.45770E-03 
2.17970E-02 -7.21002E-03 
2.22694E-02 -7.92409E-03 
2.26815E-02 -8.59654E-03 
2.29576E-02 -9.08629E-03 
2.30311E-02 -9.22424E-03 
2.33362E-02 -9.84790E-03 
2.35656E-02 -1.04138E-02 
2.37192E-02 -1.09199E-02 
2.37978E-02 -1.13649E-02 
2.36650E-02 -1.16440E-02 
2.36132E-02 -1.19709E-02 
2.34940E-02 -1.22409E-02 
2.33110E-02 -1.24547E-02 
2.30703E-02 -1.26149E-02 
2.27838E-02 -1.27278E-02 
2.24804E-02 -1.28100E-02 
2.22438E-02 -1.29113E-02 
2.23195E-02 -1.31808E-02 
2.32619E-02 -1.39628E-02 
2.55238E-02 -1.55582E-02 
2.81467E-02 -1.74059E-02 
2.94874E-02 -1.84800E-02 
2.25939E-02 -7.03285E-03 
2.31357E-02 -7.84173E-03 
2.23494E-02 -7.77902E-03 
2.28355E-02 -8.51584E-03 
2.32616E-02 -9.20982E-03 
2.36224E-02 -9.85650E-03 
2.39148E-02 -1.04523E-02 
2.40939E-02 -1.08771E-02 
2.41385E-02 -1.09952E-02 
2.43030E-02 -1.15195E-02 
2.43895E-02 -1.19797E-02 
2.44000E-02 -1.23755E-02 
2.43370E-02 -1.27070E-02 
2.40801E-02 -1.28786E-02 
2.38938E-02 -1.30901E-02 
2.36437E-02 -1.32442E-02 
2.33342E-02 -1.33425E-02 
2.29721E-02 -1.33886E-02 
2.25699E-02 -1.33899E-02 
2.21565E-02 -1.33641E-02 
2.18137E-02 -1.33627E-02 
2.17796E-02 -1.35373E-02 
2.25866E-02 -1.42336E-02 
2.46595E-02 -1.57443E-02 
2.70604E-02 -1.74906E-02 
2.82150E-02 -1.84467E-02 
2.43552E-02 -9.30936E-03 
2.47620E-02 -1.00387E-02 
2.38860E-02 -9.88475E-03 
2.42387E-02 -1.05370E-02 
2.45250E-02 -1.11379E-02 
2.47447E-02 -1.16855E-02 
2.48983E-02 -1.21787E-02 
2.49725E-02 -1.25225E-02 
2.49868E-02 -1.26167E-02 
2.50084E-02 -1.30257E-02 
2.49545E-02 -1.33682E-02 
2.48266E-02 -1.36444E-02 
2.46279E-02 -1.38554E-02 
2.42535E-02 -1.39151E-02 
2.39395E-02 -1.40073E-02 
2.35657E-02 -1.40428E-02 
2.31376E-02 -1.40244E-02 
2.26626E-02 -1.39565E-02 
2.21539E-02 -1.38475E-02 
2.16400E-02 -1.37161E-02 
2.12006E-02 -1.36146E-02 
2.10641E-02 -1.36950E-02 
2.17380E-02 -1.42998E-02 
2.36169E-02 -1.57101E-02 
2.57914E-02 -1.73381E-02 
2.67658E-02 -1.81714E-02 
2.59418E-02 -1.15446E-02 
2.62100E-02 -1.21726E-02 
2.52655E-02 -1.19295E-02 
2.54893E-02 -1.24832E-02 
2.56422E-02 -1.29795E-02 
2.57232E-02 -1.34164E-02 
2.57334E-02 -1.37930E-02 
2.56947E-02 -1.40432E-02 
2.56759E-02 -1.41097E-02 
2.55419E-02 -1.43857E-02 
2.53358E-02 -1.45945E-02 
2.50594E-02 -1.47368E-02 
2.47169E-02 -1.48148E-02 
2.42199E-02 -1.47536E-02 
2.37768E-02 -1.47200E-02 
2.32813E-02 -1.46332E-02 
2.27393E-02 -1.44969E-02 
2.21589E-02 -1.43165E-02 
2.15528E-02 -1.41005E-02 
2.09491E-02 -1.38682E-02 
2.04238E-02 -1.36719E-02 
2.01945E-02 -1.36617E-02 
2.07403E-02 -1.41725E-02 
2.24245E-02 -1.54709E-02 
2.43728E-02 -1.69682E-02 
2.51766E-02 -1.76781E-02 
2.73665E-02 -1.36979E-02 
2.74718E-02 -1.41974E-02 
2.64332E-02 -1.38470E-02 
2.64937E-02 -1.42703E-02 
2.64826E-02 -1.46324E-02 
2.64043E-02 -1.49343E-02 
2.62605E-02 -1.51765E-02 
2.61064E-02 -1.53235E-02 
2.60545E-02 -1.53600E-02 
2.57668E-02 -1.54943E-02 
2.54150E-02 -1.55648E-02 
2.50020E-02 -1.55733E-02 
2.45314E-02 -1.55219E-02 
2.39282E-02 -1.53457E-02 
2.33725E-02 -1.51928E-02 
2.27714E-02 -1.49910E-02 
2.21314E-02 -1.47448E-02 
2.14607E-02 -1.44600E-02 
2.07722E-02 -1.41459E-02 
2.00931E-02 -1.38218E-02 
1.94958E-02 -1.35394E-02 
1.91857E-02 -1.34451E-02 
1.96108E-02 -1.38624E-02 
2.11027E-02 -1.50408E-02 
2.28288E-02 -1.63994E-02 
2.34738E-02 -1.69883E-02 
2.85123E-02 -1.56708E-02 
2.84419E-02 -1.60206E-02 
2.73201E-02 -1.55635E-02 
2.72317E-02 -1.58529E-02 
2.70772E-02 -1.60824E-02 
2.68551E-02 -1.62502E-02 
2.65683E-02 -1.63571E-02 
2.63047E-02 -1.63995E-02 
2.62212E-02 -1.64055E-02 
2.57851E-02 -1.63952E-02 
2.52896E-02 -1.63233E-02 
2.47393E-02 -1.61928E-02 
2.41401E-02 -1.60080E-02 
2.34320E-02 -1.57153E-02 
2.27689E-02 -1.54442E-02 
2.20699E-02 -1.51309E-02 
2.13417E-02 -1.47804E-02 
2.05926E-02 -1.43990E-02 
1.98350E-02 -1.39958E-02 
1.90944E-02 -1.35900E-02 
1.84390E-02 -1.32316E-02 
1.80604E-02 -1.30615E-02 
1.83741E-02 -1.33881E-02 
1.96792E-02 -1.44422E-02 
2.11903E-02 -1.56577E-02 
2.16901E-02 -1.61311E-02 
2.93822E-02 -1.74248E-02 
2.91461E-02 -1.76208E-02 
2.79462E-02 -1.70570E-02 
2.76929E-02 -1.71948E-02 
2.73704E-02 -1.72692E-02 
2.69861E-02 -1.72840E-02 
2.65466E-02 -1.72429E-02 
2.61718E-02 -1.71747E-02 
2.60570E-02 -1.71491E-02 
2.54796E-02 -1.69936E-02 
2.48566E-02 -1.67857E-02 
2.41911E-02 -1.65280E-02 
2.34872E-02 -1.62236E-02 
2.26966E-02 -1.58286E-02 
2.19482E-02 -1.54536E-02 
2.11724E-02 -1.50434E-02 
2.03762E-02 -1.46030E-02 
1.95676E-02 -1.41390E-02 
1.87587E-02 -1.36608E-02 
1.79737E-02 -1.31868E-02 
1.72760E-02 -1.27650E-02 
1.68429E-02 -1.25295E-02 
1.70561E-02 -1.27708E-02 
1.81831E-02 -1.36999E-02 
1.94895E-02 -1.47720E-02 
1.98595E-02 -1.51380E-02 
2.99266E-02 -1.89035E-02 
2.95071E-02 -1.89262E-02 
2.82266E-02 -1.82523E-02 
2.78145E-02 -1.82353E-02 
2.73533E-02 -1.81674E-02 
2.68438E-02 -1.80487E-02 
2.62790E-02 -1.78741E-02 
2.58102E-02 -1.77048E-02 
2.56688E-02 -1.76502E-02 
2.49668E-02 -1.73585E-02 
2.42242E-02 -1.70184E-02 
2.34494E-02 -1.66362E-02 
2.26481E-02 -1.62169E-02 
2.17831E-02 -1.57252E-02 
2.09597E-02 -1.52541E-02 
2.01189E-02 -1.47561E-02 
1.92678E-02 -1.42366E-02 
1.84141E-02 -1.37021E-02 
1.75690E-02 -1.31615E-02 
1.67547E-02 -1.26324E-02 
1.60294E-02 -1.21601E-02 
1.55554E-02 -1.18702E-02 
1.56798E-02 -1.20330E-02 
1.66389E-02 -1.28388E-02 
1.77530E-02 -1.37701E-02 
1.80089E-02 -1.40383E-02 
3.01197E-02 -2.00525E-02 
2.95452E-02 -1.99156E-02 
2.82039E-02 -1.91447E-02 
2.76550E-02 -1.89842E-02 
2.70566E-02 -1.87724E-02 
2.64048E-02 -1.85063E-02 
2.57101E-02 -1.81930E-02 
2.51499E-02 -1.79230E-02 
2.49831E-02 -1.78400E-02 
2.41726E-02 -1.74222E-02 
2.33368E-02 -1.69681E-02 
2.24789E-02 -1.64807E-02 
2.16039E-02 -1.59641E-02 
2.06858E-02 -1.53930E-02 
1.98104E-02 -1.48445E-02 
1.89272E-02 -1.42774E-02 
1.80424E-02 -1.36969E-02 
1.71634E-02 -1.31092E-02 
1.63003E-02 -1.25228E-02 
1.54736E-02 -1.19543E-02 
1.47363E-02 -1.14458E-02 
1.42356E-02 -1.11140E-02 
1.42844E-02 -1.12075E-02 
1.50894E-02 -1.18957E-02 
1.60274E-02 -1.26933E-02 
1.61863E-02 -1.28755E-02 
2.99597E-02 -2.08673E-02 
2.92385E-02 -2.05727E-02 
2.78439E-02 -1.97100E-02 
2.71536E-02 -1.94000E-02 
2.64260E-02 -1.90476E-02 
2.56732E-02 -1.86615E-02 
2.48942E-02 -1.82412E-02 
2.42693E-02 -1.78895E-02 
2.40831E-02 -1.77824E-02 
2.31797E-02 -1.72502E-02 
2.22598E-02 -1.66894E-02 
2.13309E-02 -1.61064E-02 
2.03968E-02 -1.55048E-02 
1.94406E-02 -1.48671E-02 
1.85284E-02 -1.42544E-02 
1.76180E-02 -1.36319E-02 
1.67150E-02 -1.30046E-02 
1.58261E-02 -1.23781E-02 
1.49603E-02 -1.17604E-02 
1.41359E-02 -1.11665E-02 
1.34005E-02 -1.06352E-02 
1.28860E-02 -1.02730E-02 
1.28711E-02 -1.03058E-02 
1.35345E-02 -1.08825E-02 
1.43107E-02 -1.15531E-02 
1.43879E-02 -1.16605E-02 
2.94462E-02 -2.13209E-02 
2.86023E-02 -2.08846E-02 
2.71697E-02 -1.99434E-02 
2.63633E-02 -1.95011E-02 
2.55379E-02 -1.90305E-02 
2.46924E-02 -1.85311E-02 
2.38216E-02 -1.79992E-02 
2.31353E-02 -1.75692E-02 
2.29336E-02 -1.74412E-02 
2.19669E-02 -1.68179E-02 
2.09944E-02 -1.61759E-02 
2.00208E-02 -1.55194E-02 
1.90508E-02 -1.48529E-02 
1.80750E-02 -1.41656E-02 
1.71448E-02 -1.35060E-02 
1.62251E-02 -1.28449E-02 
1.53210E-02 -1.21871E-02 
1.44382E-02 -1.15377E-02 
1.35849E-02 -1.09038E-02 
1.27771E-02 -1.02990E-02 
1.20568E-02 -9.75828E-03 
1.15409E-02 -9.37768E-03 
1.14750E-02 -9.35973E-03 
1.20114E-02 -9.83342E-03 
1.26427E-02 -1.03871E-02 
1.26539E-02 -1.04319E-02 
2.85944E-02 -2.14126E-02 
2.76379E-02 -2.08425E-02 
2.61908E-02 -1.98431E-02 
2.53006E-02 -1.92931E-02 
2.43933E-02 -1.87176E-02 
2.34716E-02 -1.81187E-02 
2.25386E-02 -1.74991E-02 
2.18100E-02 -1.70066E-02 
2.15963E-02 -1.68607E-02 
2.05795E-02 -1.61589E-02 
1.95678E-02 -1.54485E-02 
1.85681E-02 -1.47359E-02 
1.75846E-02 -1.40250E-02 
1.66111E-02 -1.33085E-02 
1.56840E-02 -1.26219E-02 
1.47744E-02 -1.19411E-02 
1.38869E-02 -1.12705E-02 
1.30265E-02 -1.06145E-02 
1.22002E-02 -9.97958E-03 
1.14220E-02 -9.37778E-03 
1.07287E-02 -8.84018E-03 
1.02227E-02 -8.45247E-03 
1.01178E-02 -8.39386E-03 
1.05424E-02 -8.77449E-03 
1.10460E-02 -9.22250E-03 
1.10059E-02 -9.21686E-03 
2.74263E-02 -2.11510E-02 
2.63918E-02 -2.04750E-02 
2.49483E-02 -1.94349E-02 
2.39853E-02 -1.87878E-02 
2.30097E-02 -1.81197E-02 
2.20354E-02 -1.74417E-02 
2.10654E-02 -1.67566E-02 
2.03212E-02 -1.62245E-02 
2.01045E-02 -1.60686E-02 
1.90708E-02 -1.53177E-02 
1.80428E-02 -1.45604E-02 
1.70334E-02 -1.38079E-02 
1.60503E-02 -1.30672E-02 
1.50928E-02 -1.23360E-02 
1.41842E-02 -1.16384E-02 
1.32999E-02 -1.09537E-02 
1.24432E-02 -1.02852E-02 
1.16182E-02 -9.63679E-03 
1.08308E-02 -9.01402E-03 
1.00931E-02 -8.42739E-03 
9.43672E-03 -7.90416E-03 
8.95027E-03 -7.51955E-03 
8.81773E-03 -7.43007E-03 
9.14547E-03 -7.72829E-03 
9.53847E-03 -8.08270E-03 
9.46069E-03 -8.03823E-03 
2.59837E-02 -2.05644E-02 
2.48780E-02 -1.97900E-02 
2.34510E-02 -1.87236E-02 
2.24537E-02 -1.80123E-02 
2.14454E-02 -1.72823E-02 
2.04470E-02 -1.65508E-02 
1.94635E-02 -1.58223E-02 
1.87042E-02 -1.52538E-02 
1.84826E-02 -1.50869E-02 
1.74380E-02 -1.42951E-02 
1.64219E-02 -1.35174E-02 
1.54346E-02 -1.27546E-02 
1.44772E-02 -1.20085E-02 
1.35527E-02 -1.12802E-02 
1.26767E-02 -1.05867E-02 
1.18297E-02 -9.91162E-03 
1.10151E-02 -9.25819E-03 
1.02362E-02 -8.62977E-03 
9.49774E-03 -8.03079E-03 
8.80943E-03 -7.47004E-03 
8.19818E-03 -6.97092E-03 
7.73945E-03 -6.59847E-03 
7.58945E-03 -6.48738E-03 
7.83501E-03 -6.71414E-03 
8.13390E-03 -6.98729E-03 
8.03050E-03 -6.91477E-03 
2.42858E-02 -1.96665E-02 
2.31532E-02 -1.88324E-02 
2.17612E-02 -1.77589E-02 
2.07404E-02 -1.69955E-02 
1.97282E-02 -1.62305E-02 
1.87275E-02 -1.54667E-02 
1.77437E-02 -1.47089E-02 
1.69926E-02 -1.41257E-02 
1.67747E-02 -1.39557E-02 
1.57522E-02 -1.31540E-02 
1.47608E-02 -1.23702E-02 
1.38055E-02 -1.16093E-02 
1.28864E-02 -1.08720E-02 
1.20086E-02 -1.01618E-02 
1.11798E-02 -9.48841E-03 
1.03839E-02 -8.83800E-03 
9.62347E-03 -8.21333E-03 
8.90099E-03 -7.61694E-03 
8.22002E-03 -7.05234E-03 
7.58848E-03 -6.52677E-03 
7.02878E-03 -6.06001E-03 
6.60435E-03 -5.70743E-03 
6.44594E-03 -5.58324E-03 
6.62325E-03 -5.74952E-03 
6.84371E-03 -5.95367E-03 
6.72524E-03 -5.86280E-03 
2.23910E-02 -1.85061E-02 
2.12533E-02 -1.76337E-02 
1.99193E-02 -1.65768E-02 
1.89072E-02 -1.57914E-02 
1.79030E-02 -1.50051E-02 
1.69146E-02 -1.42248E-02 
1.59503E-02 -1.34578E-02 
1.52224E-02 -1.28752E-02 
1.50132E-02 -1.27072E-02 
1.40377E-02 -1.19206E-02 
1.30941E-02 -1.11542E-02 
1.21831E-02 -1.04094E-02 
1.13128E-02 -9.69348E-03 
1.04926E-02 -9.01443E-03 
9.72253E-03 -8.37436E-03 
8.98814E-03 -7.76108E-03 
8.29080E-03 -7.17617E-03 
7.63219E-03 -6.62147E-03 
7.01490E-03 -6.09963E-03 
6.44519E-03 -5.61648E-03 
5.94144E-03 -5.18846E-03 
5.55610E-03 -4.86193E-03 
5.39702E-03 -4.73216E-03 
5.51906E-03 -4.84856E-03 
5.67565E-03 -4.99554E-03 
5.55100E-03 -4.89478E-03 
2.03468E-02 -1.71257E-02 
1.92343E-02 -1.62449E-02 
1.79687E-02 -1.52181E-02 
1.69803E-02 -1.44272E-02 
1.60126E-02 -1.36475E-02 
1.50591E-02 -1.28734E-02 
1.41343E-02 -1.21179E-02 
1.34430E-02 -1.15504E-02 
1.32449E-02 -1.13873E-02 
1.23244E-02 -1.06267E-02 
1.14390E-02 -9.89066E-03 
1.05919E-02 -9.18248E-03 
9.78785E-03 -8.50680E-03 
9.03543E-03 -7.87106E-03 
8.33178E-03 -7.27449E-03 
7.66535E-03 -6.70720E-03 
7.03661E-03 -6.16999E-03 
6.44634E-03 -5.66389E-03 
5.89627E-03 -5.19076E-03 
5.39117E-03 -4.75512E-03 
4.94572E-03 -4.37027E-03 
4.60255E-03 -4.07433E-03 
4.44910E-03 -3.94535E-03 
4.52764E-03 -4.02181E-03 
4.63357E-03 -4.12270E-03 
4.50994E-03 -4.01914E-03 
1.82051E-02 -1.55756E-02 
1.71350E-02 -1.47054E-02 
1.59581E-02 -1.37306E-02 
1.50109E-02 -1.29530E-02 
1.40926E-02 -1.21946E-02 
1.31979E-02 -1.14514E-02 
1.23315E-02 -1.07275E-02 
1.16860E-02 -1.01859E-02 
1.15018E-02 -1.00309E-02 
1.06482E-02 -9.31054E-03 
9.83191E-03 -8.61803E-03 
9.05686E-03 -7.95726E-03 
8.32744E-03 -7.33271E-03 
7.65192E-03 -6.75169E-03 
7.02249E-03 -6.20860E-03 
6.42931E-03 -5.69497E-03 
5.87288E-03 -5.21161E-03 
5.35365E-03 -4.75922E-03 
4.87261E-03 -4.33898E-03 
4.43316E-03 -3.95416E-03 
4.04674E-03 -3.61527E-03 
3.74731E-03 -3.35297E-03 
3.60443E-03 -3.23001E-03 
3.64989E-03 -3.27556E-03 
3.71680E-03 -3.34039E-03 
3.59978E-03 -3.23974E-03 
1.60412E-02 -1.39254E-02 
1.50302E-02 -1.30848E-02 
1.39511E-02 -1.21747E-02 
1.30659E-02 -1.14323E-02 
1.22076E-02 -1.07087E-02 
1.13825E-02 -1.00096E-02 
1.05886E-02 -9.33348E-03 
9.99973E-03 -8.83002E-03 
9.83208E-03 -8.68638E-03 
9.05513E-03 -8.01871E-03 
8.31593E-03 -7.38040E-03 
7.62080E-03 -6.77761E-03 
6.97273E-03 -6.21354E-03 
6.37644E-03 -5.69247E-03 
5.82286E-03 -5.20731E-03 
5.30437E-03 -4.75152E-03 
4.82099E-03 -4.32539E-03 
4.37268E-03 -3.92916E-03 
3.95979E-03 -3.56339E-03 
3.58455E-03 -3.23031E-03 
3.25566E-03 -2.93796E-03 
2.99962E-03 -2.71053E-03 
2.87075E-03 -2.59745E-03 
2.89234E-03 -2.62030E-03 
2.93057E-03 -2.65821E-03 
2.82409E-03 -2.56471E-03 
1.38816E-02 -1.22099E-02 
1.29440E-02 -1.14153E-02 
1.19728E-02 -1.05830E-02 
1.11620E-02 -9.89052E-03 
1.03786E-02 -9.21824E-03 
9.63128E-03 -8.57399E-03 
8.91675E-03 -7.95527E-03 
8.39054E-03 -7.49797E-03 
8.24079E-03 -7.36757E-03 
7.54913E-03 -6.76361E-03 
6.89618E-03 -6.19098E-03 
6.28771E-03 -5.65534E-03 
5.72261E-03 -5.15616E-03 
5.20607E-03 -4.69829E-03 
4.72912E-03 -4.27438E-03 
4.28560E-03 -3.87912E-03 
3.87489E-03 -3.51220E-03 
3.49637E-03 -3.17328E-03 
3.14985E-03 -2.86238E-03 
2.83662E-03 -2.58087E-03 
2.56303E-03 -2.33468E-03 
2.34925E-03 -2.14237E-03 
2.23669E-03 -2.04197E-03 
2.24186E-03 -2.04888E-03 
2.25975E-03 -2.06739E-03 
2.16643E-03 -1.98403E-03 
1.17897E-02 -1.04926E-02 
1.09390E-02 -9.75969E-03 
1.00762E-02 -9.00993E-03 
9.35001E-03 -8.37991E-03 
8.65095E-03 -7.77071E-03 
7.98739E-03 -7.19007E-03 
7.35805E-03 -6.63711E-03 
6.89576E-03 -6.22951E-03 
6.76495E-03 -6.11397E-03 
6.16403E-03 -5.58189E-03 
5.60021E-03 -5.08065E-03 
5.07717E-03 -4.61399E-03 
4.59537E-03 -4.18275E-03 
4.15876E-03 -3.79076E-03 
3.75788E-03 -3.42996E-03 
3.38738E-03 -3.09568E-03 
3.04648E-03 -2.78744E-03 
2.73429E-03 -2.50459E-03 
2.45023E-03 -2.24678E-03 
2.19488E-03 -2.01468E-03 
1.97268E-03 -1.81249E-03 
1.79858E-03 -1.65408E-03 
1.70335E-03 -1.56793E-03 
1.69826E-03 -1.56463E-03 
1.70279E-03 -1.57015E-03 
1.62388E-03 -1.49864E-03 
9.80955E-03 -8.82228E-03 
9.05659E-03 -8.16456E-03 
8.30382E-03 -7.50231E-03 
7.66572E-03 -6.94114E-03 
7.05638E-03 -6.40308E-03 
6.47923E-03 -5.89143E-03 
5.93701E-03 -5.40891E-03 
5.53998E-03 -5.05444E-03 
5.42805E-03 -4.95434E-03 
4.91751E-03 -4.49669E-03 
4.44236E-03 -4.06914E-03 
4.00362E-03 -3.67301E-03 
3.60259E-03 -3.30983E-03 
3.24226E-03 -2.98260E-03 
2.91366E-03 -2.68348E-03 
2.61204E-03 -2.40830E-03 
2.33632E-03 -2.15625E-03 
2.08546E-03 -1.92653E-03 
1.85863E-03 -1.71850E-03 
1.65590E-03 -1.53232E-03 
1.48021E-03 -1.37082E-03 
1.34228E-03 -1.24401E-03 
1.26435E-03 -1.17264E-03 
1.25379E-03 -1.16366E-03 
1.25039E-03 -1.16128E-03 
1.18606E-03 -1.10226E-03 
7.98461E-03 -7.24794E-03 
7.33253E-03 -6.67157E-03 
6.68811E-03 -6.09845E-03 
6.13847E-03 -5.60943E-03 
5.61901E-03 -5.14545E-03 
5.12919E-03 -4.70630E-03 
4.67270E-03 -4.29555E-03 
4.33983E-03 -3.99506E-03 
4.24604E-03 -3.91024E-03 
3.82214E-03 -3.52610E-03 
3.43189E-03 -3.17121E-03 
3.07436E-03 -2.84500E-03 
2.74928E-03 -2.54751E-03 
2.45966E-03 -2.28176E-03 
2.19751E-03 -2.04068E-03 
1.95871E-03 -1.82062E-03 
1.74200E-03 -1.62055E-03 
1.54621E-03 -1.43951E-03 
1.37035E-03 -1.27667E-03 
1.21412E-03 -1.13184E-03 
1.07932E-03 -1.00678E-03 
9.73377E-04 -9.08459E-04 
9.11862E-04 -8.51494E-04 
8.99326E-04 -8.40207E-04 
8.92027E-04 -8.33787E-04 
8.41579E-04 -7.86998E-04 
6.34698E-03 -5.80835E-03 
5.79191E-03 -5.31265E-03 
5.25276E-03 -4.82865E-03 
4.78963E-03 -4.41242E-03 
4.35726E-03 -4.02243E-03 
3.95103E-03 -3.65464E-03 
3.57581E-03 -3.31375E-03 
3.30465E-03 -3.06664E-03 
3.22829E-03 -2.99693E-03 
2.88468E-03 -2.68257E-03 
2.57271E-03 -2.39621E-03 
2.29030E-03 -2.13613E-03 
2.03480E-03 -1.90014E-03 
1.80876E-03 -1.69081E-03 
1.60582E-03 -1.50247E-03 
1.42267E-03 -1.33214E-03 
1.25784E-03 -1.17860E-03 
1.11004E-03 -1.04072E-03 
9.78196E-04 -9.17577E-04 
8.61805E-04 -8.08757E-04 
7.61869E-04 -7.15252E-04 
6.83308E-04 -6.41719E-04 
6.36636E-04 -5.98073E-04 
6.24490E-04 -5.86827E-04 
6.16103E-04 -5.79095E-04 
5.78171E-04 -5.43576E-04 
4.91781E-03 -4.53178E-03 
4.45552E-03 -4.11533E-03 
4.01431E-03 -3.71608E-03 
3.63300E-03 -3.37043E-03 
3.28074E-03 -3.05002E-03 
2.95325E-03 -2.75105E-03 
2.65210E-03 -2.47519E-03 
2.43745E-03 -2.27799E-03 
2.37714E-03 -2.22247E-03 
2.10703E-03 -1.97334E-03 
1.86469E-03 -1.74908E-03 
1.64769E-03 -1.54760E-03 
1.45370E-03 -1.36696E-03 
1.28373E-03 -1.20827E-03 
1.13224E-03 -1.06652E-03 
9.96671E-04 -9.39429E-04 
8.75769E-04 -8.25891E-04 
7.68275E-04 -7.24808E-04 
6.73137E-04 -6.35245E-04 
5.89728E-04 -5.56655E-04 
5.18496E-04 -4.89494E-04 
4.62542E-04 -4.36713E-04 
4.28685E-04 -4.04768E-04 
4.18334E-04 -3.95003E-04 
4.10618E-04 -3.87715E-04 
3.83410E-04 -3.62018E-04 
3.70406E-03 -3.43288E-03 
3.32867E-03 -3.09226E-03 
2.97493E-03 -2.76997E-03 
2.66964E-03 -2.49125E-03 
2.38903E-03 -2.23419E-03 
2.13204E-03 -1.99797E-03 
1.89785E-03 -1.78198E-03 
1.73244E-03 -1.62896E-03 
1.68631E-03 -1.58622E-03 
1.48093E-03 -1.39549E-03 
1.29908E-03 -1.22605E-03 
1.13802E-03 -1.07548E-03 
9.95874E-04 -9.42172E-04 
8.72887E-04 -8.26536E-04 
7.64571E-04 -7.24458E-04 
6.68696E-04 -6.33924E-04 
5.83970E-04 -5.53785E-04 
5.09292E-04 -4.83055E-04 
4.43744E-04 -4.20909E-04 
3.86700E-04 -3.66783E-04 
3.38266E-04 -3.20801E-04 
3.00292E-04 -2.84729E-04 
2.77007E-04 -2.62580E-04 
2.69096E-04 -2.55001E-04 
2.62979E-04 -2.49118E-04 
2.44514E-04 -2.31543E-04 
2.71404E-03 -2.52630E-03 
2.41537E-03 -2.25368E-03 
2.13821E-03 -1.99979E-03 
1.89900E-03 -1.78013E-03 
1.68160E-03 -1.57986E-03 
1.48504E-03 -1.39819E-03 
1.30792E-03 -1.23394E-03 
1.18425E-03 -1.11893E-03 
1.15006E-03 -1.08707E-03 
9.99220E-04 -9.46261E-04 
8.67404E-04 -8.22773E-04 
7.52321E-04 -7.14584E-04 
6.52361E-04 -6.20299E-04 
5.67196E-04 -5.39755E-04 
4.93126E-04 -4.69529E-04 
4.28390E-04 -4.08022E-04 
3.71857E-04 -3.54215E-04 
3.22550E-04 -3.07221E-04 
2.79664E-04 -2.66307E-04 
2.42635E-04 -2.30956E-04 
2.11395E-04 -2.01117E-04 
1.86982E-04 -1.77782E-04 
1.71913E-04 -1.63342E-04 
1.66503E-04 -1.58082E-04 
1.62273E-04 -1.53944E-04 
1.50502E-04 -1.42662E-04 
1.93173E-03 -1.80314E-03 
1.69975E-03 -1.59044E-03 
1.48690E-03 -1.39464E-03 
1.30476E-03 -1.22667E-03 
1.14058E-03 -1.07479E-03 
9.94534E-04 -9.39276E-04 
8.64401E-04 -8.18138E-04 
7.74914E-04 -7.34609E-04 
7.50449E-04 -7.11736E-04 
6.43290E-04 -6.11330E-04 
5.51306E-04 -5.24833E-04 
4.72752E-04 -4.50700E-04 
4.05808E-04 -3.87295E-04 
3.49675E-04 -3.33971E-04 
3.01675E-04 -2.88249E-04 
2.60357E-04 -2.48798E-04 
2.24782E-04 -2.14765E-04 
1.94142E-04 -1.85410E-04 
1.67772E-04 -1.60121E-04 
1.45206E-04 -1.38465E-04 
1.26302E-04 -1.20317E-04 
1.11609E-04 -1.06198E-04 
1.02578E-04 -9.74832E-05 
9.93671E-05 -9.43070E-05 
9.69019E-05 -9.18429E-05 
8.99580E-05 -8.51464E-05 
1.33784E-03 -1.24998E-03 
1.16163E-03 -1.08792E-03 
1.00193E-03 -9.40598E-04 
8.66558E-04 -8.15412E-04 
7.45983E-04 -7.03583E-04 
6.40110E-04 -6.05130E-04 
5.47588E-04 -5.18844E-04 
4.84727E-04 -4.60066E-04 
4.67742E-04 -4.44160E-04 
3.94467E-04 -3.75403E-04 
3.32939E-04 -3.17461E-04 
2.81492E-04 -2.68825E-04 
2.38823E-04 -2.28335E-04 
2.03852E-04 -1.95035E-04 
1.74551E-04 -1.67046E-04 
1.49836E-04 -1.43372E-04 
1.28943E-04 -1.23313E-04 
1.11227E-04 -1.06276E-04 
9.61684E-05 -9.17786E-05 
8.34045E-05 -7.94832E-05 
7.27939E-05 -6.92583E-05 
6.46188E-05 -6.13710E-05 
5.97179E-05 -5.66101E-05 
5.82114E-05 -5.50759E-05 
5.71544E-05 -5.39722E-05 
5.34377E-05 -5.03687E-05 
9.05663E-04 -8.45130E-04 
7.74600E-04 -7.24400E-04 
6.57487E-04 -6.16238E-04 
5.59177E-04 -5.25228E-04 
4.72839E-04 -4.45103E-04 
3.98055E-04 -3.75552E-04 
3.34052E-04 -3.15894E-04 
2.91164E-04 -2.75825E-04 
2.79742E-04 -2.65142E-04 
2.31228E-04 -2.19683E-04 
1.91503E-04 -1.82331E-04 
1.59335E-04 -1.51970E-04 
1.33433E-04 -1.27421E-04 
1.12847E-04 -1.07836E-04 
9.60979E-05 -9.18411E-05 
8.23597E-05 -7.86777E-05 
7.10216E-05 -6.77836E-05 
6.15930E-05 -5.87052E-05 
5.36987E-05 -5.10941E-05 
4.70763E-05 -4.47054E-05 
4.16141E-05 -3.94344E-05 
3.74694E-05 -3.54282E-05 
3.51586E-05 -3.31692E-05 
3.48166E-05 -3.27749E-05 
3.47324E-05 -3.26279E-05 
3.29843E-05 -3.09264E-05 
6.04324E-04 -5.61771E-04 
5.08857E-04 -4.73844E-04 
4.24651E-04 -3.96123E-04 
3.54806E-04 -3.31526E-04 
2.94330E-04 -2.75498E-04 
2.42634E-04 -2.27536E-04 
1.99196E-04 -1.87188E-04 
1.70625E-04 -1.60609E-04 
1.63096E-04 -1.53600E-04 
1.31685E-04 -1.24319E-04 
1.06828E-04 -1.01091E-04 
8.73286E-05 -8.28036E-05 
7.22067E-05 -6.85630E-05 
6.06753E-05 -5.76612E-05 
5.16851E-05 -4.91270E-05 
4.45824E-05 -4.23574E-05 
3.89186E-05 -3.69405E-05 
3.43405E-05 -3.25503E-05 
3.05797E-05 -2.89376E-05 
2.74561E-05 -2.59349E-05 
2.48963E-05 -2.34737E-05 
2.30092E-05 -2.16553E-05 
2.21566E-05 -2.08177E-05 
2.24973E-05 -2.11053E-05 
2.29790E-05 -2.15279E-05 
2.23015E-05 -2.08692E-05 
4.02416E-04 -3.71593E-04 
3.34140E-04 -3.08847E-04 
2.74711E-04 -2.54150E-04 
2.26016E-04 -2.09267E-04 
1.84363E-04 -1.70849E-04 
1.49104E-04 -1.38320E-04 
1.19869E-04 -1.11354E-04 
1.00951E-04 -9.39008E-05 
9.60021E-05 -8.93342E-05 
7.57639E-05 -7.06590E-05 
6.01985E-05 -5.62796E-05 
4.84525E-05 -4.54058E-05 
3.97790E-05 -3.73557E-05 
3.34672E-05 -3.14791E-05 
2.87821E-05 -2.71011E-05 
2.52686E-05 -2.38057E-05 
2.26168E-05 -2.13108E-05 
2.05627E-05 -1.93728E-05 
1.89182E-05 -1.78182E-05 
1.75621E-05 -1.65348E-05 
1.64522E-05 -1.54839E-05 
1.56802E-05 -1.47523E-05 
1.55323E-05 -1.46091E-05 
1.61768E-05 -1.52121E-05 
1.68961E-05 -1.58864E-05 
1.67151E-05 -1.57152E-05 
2.71250E-04 -2.48137E-04 
2.23366E-04 -2.04339E-04 
1.82097E-04 -1.66568E-04 
1.48675E-04 -1.35963E-04 
1.20265E-04 -1.09965E-04 
9.62914E-05 -8.80521E-05 
7.64339E-05 -6.99317E-05 
6.36983E-05 -5.83268E-05 
6.03700E-05 -5.52955E-05 
4.69373E-05 -4.30785E-05 
3.68438E-05 -3.39092E-05 
2.94306E-05 -2.71750E-05 
2.41187E-05 -2.23470E-05 
2.04118E-05 -1.89755E-05 
1.78127E-05 -1.66114E-05 
1.59888E-05 -1.49535E-05 
1.46899E-05 -1.37735E-05 
1.37329E-05 -1.29040E-05 
1.29887E-05 -1.22271E-05 
1.23742E-05 -1.16666E-05 
1.18662E-05 -1.12023E-05 
1.15431E-05 -1.09095E-05 
1.16361E-05 -1.10081E-05 
1.22980E-05 -1.16441E-05 
1.30000E-05 -1.23179E-05 
1.29843E-05 -1.23109E-05 
1.87720E-04 -1.69776E-04 
1.54681E-04 -1.39799E-04 
1.26405E-04 -1.14157E-04 
1.03765E-04 -9.36461E-05 
8.44216E-05 -7.61571E-05 
6.79106E-05 -6.12615E-05 
5.40702E-05 -4.88091E-05 
4.51218E-05 -4.07778E-05 
4.27732E-05 -3.86715E-05 
3.32436E-05 -3.01398E-05 
2.61336E-05 -2.37923E-05 
2.08953E-05 -1.91168E-05 
1.71372E-05 -1.57607E-05 
1.45181E-05 -1.34205E-05 
1.26968E-05 -1.17951E-05 
1.14250E-05 -1.06625E-05 
1.05279E-05 -9.86570E-06 
9.87058E-06 -9.28276E-06 
9.35845E-06 -8.82777E-06 
8.93275E-06 -8.44767E-06 
8.57756E-06 -8.12912E-06 
8.35046E-06 -7.92819E-06 
8.41975E-06 -8.00621E-06 
8.89656E-06 -8.47060E-06 
9.39826E-06 -8.95817E-06 
9.37741E-06 -8.94664E-06 
---
