PdfType: replica
Format: lhagrid1
---
1.00000E-06 1.28121E-06 1.64152E-06 2.10317E-06 2.69463E-06 3.45242E-06 4.42329E-06 5.66715E-06 7.26076E-06 9.30241E-06 1.19180E-05 1.52689E-05 1.95617E-05 2.50609E-05 3.21053E-05 4.11287E-05 5.26863E-05 6.74889E-05 8.64459E-05 1.10720E-04 1.41800E-04 1.81585E-04 2.32503E-04 2.97652E-04 3.80981E-04 4.87518E-04 6.26039E-04 8.00452E-04 1.02297E-03 1.30657E-03 1.66759E-03 2.12729E-03 2.71054E-03 3.44865E-03 4.37927E-03 5.54908E-03 7.01192E-03 8.83064E-03 1.10763E-02 1.38266E-02 1.71641E-02 2.11717E-02 2.59364E-02 3.15062E-02 3.79623E-02 4.53425E-02 5.36750E-02 6.29705E-02 7.32221E-02 8.44039E-02 9.64793E-02 1.09332E-01 1.23067E-01 1.37507E-01 1.52639E-01 1.68416E-01 1.84794E-01 2.01731E-01 2.19016E-01 2.36948E-01 2.55242E-01 2.73927E-01 2.92954E-01 3.12340E-01 3.32036E-01 3.52019E-01 3.72282E-01 3.92772E-01 4.13533E-01 4.34326E-01 4.55495E-01 4.76836E-01 4.98342E-01 5.20006E-01 5.41818E-01 5.63773E-01 5.85861E-01 6.08077E-01 6.30459E-01 6.52800E-01 6.75387E-01 6.98063E-01 7.20830E-01 7.43683E-01 7.66623E-01 7.89636E-01 8.12791E-01 8.35940E-01 8.59175E-01 8.82485E-01 9.05866E-01 9.29311E-01 9.52817E-01 9.76387E-01 1.00000E+00 
1.14018E+00 1.22539E+00 1.32482E+00 1.44156E+00 1.57954E+00 1.74381E+00 1.94091E+00 2.12132E+00 2.17945E+00 2.49622E+00 2.89383E+00 3.39925E+00 4.05063E+00 4.90286E+00 6.03623E+00 7.57063E+00 9.68869E+00 1.26749E+01 1.69835E+01 2.33578E+01 3.30501E+01 4.82334E+01 7.28041E+01 1.13998E+02 1.85779E+02 3.16228E+02 
908 909 
-5.72570E-03 2.22935E-04 
-5.72029E-03 2.24096E-04 
-5.70403E-03 2.21757E-04 
-5.67081E-03 2.21221E-04 
-5.63788E-03 2.20295E-04 
-5.60548E-03 2.18887E-04 
-5.57387E-03 2.16901E-04 
-5.55015E-03 2.14902E-04 
-5.54335E-03 2.14234E-04 
-5.51205E-03 2.10468E-04 
-5.48286E-03 2.05638E-04 
-5.45632E-03 1.99599E-04 
-5.43303E-03 1.92200E-04 
-5.41320E-03 1.83888E-04 
-5.39839E-03 1.72659E-04 
-5.38965E-03 1.59609E-04 
-5.38863E-03 1.44563E-04 
-5.39817E-03 1.27345E-04 
-5.42450E-03 1.07749E-04 
-5.48459E-03 8.54416E-05 
-5.63189E-03 5.95440E-05 
-6.03342E-03 2.71114E-05 
-7.09115E-03 -2.02841E-05 
-9.19966E-03 -9.50614E-05 
-1.17859E-02 -1.93158E-04 
-1.36596E-02 -2.89683E-04 
-5.67711E-03 2.30358E-04 
-5.67128E-03 2.31373E-04 
-5.65512E-03 2.28476E-04 
-5.62179E-03 2.27672E-04 
-5.58882E-03 2.26437E-04 
-5.55646E-03 2.24675E-04 
-5.52498E-03 2.22283E-04 
-5.50144E-03 2.19931E-04 
-5.49472E-03 2.19153E-04 
-5.46385E-03 2.14820E-04 
-5.43530E-03 2.09351E-04 
-5.40963E-03 2.02598E-04 
-5.38748E-03 1.94414E-04 
-5.36919E-03 1.85519E-04 
-5.35642E-03 1.73434E-04 
-5.35011E-03 1.59471E-04 
-5.35197E-03 1.43463E-04 
-5.36491E-03 1.25247E-04 
-5.39519E-03 1.04632E-04 
-5.45992E-03 8.13032E-05 
-5.61274E-03 5.43811E-05 
-6.02135E-03 2.08626E-05 
-7.08966E-03 -2.78892E-05 
-9.21511E-03 -1.04531E-04 
-1.18240E-02 -2.04607E-04 
-1.37206E-02 -3.02298E-04 
-5.62580E-03 2.36772E-04 
-5.61961E-03 2.37661E-04 
-5.60370E-03 2.34246E-04 
-5.57036E-03 2.33186E-04 
-5.53743E-03 2.31653E-04 
-5.50520E-03 2.29545E-04 
-5.47397E-03 2.26753E-04 
-5.45070E-03 2.24052E-04 
-5.44408E-03 2.23165E-04 
-5.41379E-03 2.18270E-04 
-5.38603E-03 2.12166E-04 
-5.36141E-03 2.04708E-04 
-5.34062E-03 1.95751E-04 
-5.32407E-03 1.86332E-04 
-5.31357E-03 1.73427E-04 
-5.30996E-03 1.58594E-04 
-5.31499E-03 1.41679E-04 
-5.33163E-03 1.22535E-04 
-5.36621E-03 1.00991E-04 
-5.43592E-03 7.67518E-05 
-5.59464E-03 4.89450E-05 
-6.01077E-03 1.45182E-05 
-7.09020E-03 -3.53456E-05 
-9.23337E-03 -1.13476E-04 
-1.18658E-02 -2.14976E-04 
-1.37863E-02 -3.13154E-04 
-5.57220E-03 2.42395E-04 
-5.56571E-03 2.43192E-04 
-5.55024E-03 2.39295E-04 
-5.51695E-03 2.38004E-04 
-5.48416E-03 2.36193E-04 
-5.45216E-03 2.33756E-04 
-5.42128E-03 2.30579E-04 
-5.39839E-03 2.27539E-04 
-5.39189E-03 2.26546E-04 
-5.36233E-03 2.21102E-04 
-5.33554E-03 2.14379E-04 
-5.31217E-03 2.06232E-04 
-5.29293E-03 1.96525E-04 
-5.27833E-03 1.86657E-04 
-5.27035E-03 1.72978E-04 
-5.26970E-03 1.57331E-04 
-5.27819E-03 1.39580E-04 
-5.29883E-03 1.19595E-04 
-5.33803E-03 9.72314E-05 
-5.41306E-03 7.22166E-05 
-5.57805E-03 4.36939E-05 
-6.00211E-03 8.57809E-06 
-7.09323E-03 -4.20811E-05 
-9.25494E-03 -1.21199E-04 
-1.19120E-02 -2.23412E-04 
-1.38571E-02 -3.21255E-04 
-5.51679E-03 2.47524E-04 
-5.51006E-03 2.48268E-04 
-5.49516E-03 2.43924E-04 
-5.46201E-03 2.42430E-04 
-5.42945E-03 2.40368E-04 
-5.39778E-03 2.37624E-04 
-5.36737E-03 2.34081E-04 
-5.34494E-03 2.30716E-04 
-5.33860E-03 2.29620E-04 
-5.30993E-03 2.23645E-04 
-5.28428E-03 2.16322E-04 
-5.26234E-03 2.07511E-04 
-5.24488E-03 1.97085E-04 
-5.23240E-03 1.86853E-04 
-5.22718E-03 1.72456E-04 
-5.22975E-03 1.56064E-04 
-5.24198E-03 1.37560E-04 
-5.26692E-03 1.16838E-04 
-5.31106E-03 9.37816E-05 
-5.39175E-03 6.81494E-05 
-5.56335E-03 3.91087E-05 
-5.99575E-03 3.56604E-06 
-7.09909E-03 -4.74966E-05 
-9.28014E-03 -1.26972E-04 
-1.19627E-02 -2.29016E-04 
-1.39333E-02 -3.25555E-04 
-5.45996E-03 2.52477E-04 
-5.45304E-03 2.53209E-04 
-5.43885E-03 2.48452E-04 
-5.40592E-03 2.46789E-04 
-5.37367E-03 2.44503E-04 
-5.34244E-03 2.41475E-04 
-5.31260E-03 2.37587E-04 
-5.29074E-03 2.33911E-04 
-5.28458E-03 2.32717E-04 
-5.25694E-03 2.26234E-04 
-5.23260E-03 2.18334E-04 
-5.21229E-03 2.08889E-04 
-5.19681E-03 1.97781E-04 
-5.18663E-03 1.87280E-04 
-5.18440E-03 1.72230E-04 
-5.19045E-03 1.55173E-04 
-5.20669E-03 1.36013E-04 
-5.23623E-03 1.14674E-04 
-5.28560E-03 9.10723E-05 
-5.37226E-03 6.50050E-05 
-5.55081E-03 3.56754E-05 
-5.99192E-03 1.33827E-08 
-7.10800E-03 -5.09814E-05 
-9.30915E-03 -1.30047E-04 
-1.20181E-02 -2.30867E-04 
-1.40148E-02 -3.24977E-04 
-5.40203E-03 2.57557E-04 
-5.39494E-03 2.58318E-04 
-5.38161E-03 2.53190E-04 
-5.34897E-03 2.51390E-04 
-5.31712E-03 2.48908E-04 
-5.28641E-03 2.45622E-04 
-5.25725E-03 2.41410E-04 
-5.23604E-03 2.37440E-04 
-5.23009E-03 2.36153E-04 
-5.20363E-03 2.29184E-04 
-5.18077E-03 2.20736E-04 
-5.16227E-03 2.10691E-04 
-5.14898E-03 1.98946E-04 
-5.14127E-03 1.88287E-04 
-5.14226E-03 1.72659E-04 
-5.15204E-03 1.55027E-04 
-5.17254E-03 1.35324E-04 
-5.20695E-03 1.13506E-04 
-5.26184E-03 8.95297E-05 
-5.35477E-03 6.32367E-05 
-5.54057E-03 3.38817E-05 
-5.99073E-03 -1.54242E-06 
-7.12002E-03 -5.19133E-05 
-9.34197E-03 -1.29655E-04 
-1.20782E-02 -2.28011E-04 
-1.41015E-02 -3.18405E-04 
-5.34318E-03 2.63036E-04 
-5.33597E-03 2.63867E-04 
-5.32363E-03 2.58422E-04 
-5.29135E-03 2.56521E-04 
-5.25997E-03 2.53872E-04 
-5.22987E-03 2.50352E-04 
-5.20149E-03 2.45839E-04 
-5.18102E-03 2.41592E-04 
-5.17532E-03 2.40218E-04 
-5.15018E-03 2.32791E-04 
-5.12895E-03 2.23828E-04 
-5.11246E-03 2.13225E-04 
-5.10157E-03 2.00899E-04 
-5.09647E-03 1.90205E-04 
-5.10090E-03 1.74086E-04 
-5.11463E-03 1.55987E-04 
-5.13966E-03 1.35871E-04 
-5.17919E-03 1.13735E-04 
-5.23987E-03 8.95801E-05 
-5.33933E-03 6.33021E-05 
-5.53264E-03 3.42239E-05 
-5.99217E-03 -5.50890E-07 
-7.13508E-03 -4.96503E-05 
-9.37845E-03 -1.25002E-04 
-1.21425E-02 -2.19456E-04 
-1.41928E-02 -3.04671E-04 
-5.28355E-03 2.69150E-04 
-5.27623E-03 2.70090E-04 
-5.26503E-03 2.64411E-04 
-5.23316E-03 2.62443E-04 
-5.20231E-03 2.59657E-04 
-5.17290E-03 2.55930E-04 
-5.14540E-03 2.51141E-04 
-5.12576E-03 2.46638E-04 
-5.12032E-03 2.45182E-04 
-5.09665E-03 2.37330E-04 
-5.07723E-03 2.27894E-04 
-5.06292E-03 2.16787E-04 
-5.05463E-03 2.03946E-04 
-5.05228E-03 1.93363E-04 
-5.06037E-03 1.76855E-04 
-5.07828E-03 1.58412E-04 
-5.10806E-03 1.38036E-04 
-5.15297E-03 1.15768E-04 
-5.21967E-03 9.16610E-05 
-5.32590E-03 6.56743E-05 
-5.52697E-03 3.72187E-05 
-5.99611E-03 3.56479E-06 
-7.15298E-03 -4.35167E-05 
-9.41826E-03 -1.15244E-04 
-1.22107E-02 -2.04149E-04 
-1.42881E-02 -2.82539E-04 
-5.22314E-03 2.76105E-04 
-5.21572E-03 2.77196E-04 
-5.20583E-03 2.71400E-04 
-5.17442E-03 2.69403E-04 
-5.14417E-03 2.66512E-04 
-5.11553E-03 2.62607E-04 
-5.08899E-03 2.57573E-04 
-5.07026E-03 2.52838E-04 
-5.06512E-03 2.51308E-04 
-5.04306E-03 2.43073E-04 
-5.02561E-03 2.33215E-04 
-5.01366E-03 2.21669E-04 
-5.00818E-03 2.08399E-04 
-5.00870E-03 1.98093E-04 
-5.02064E-03 1.81316E-04 
-5.04295E-03 1.62675E-04 
-5.07771E-03 1.42218E-04 
-5.12820E-03 1.20034E-04 
-5.20115E-03 9.62367E-05 
-5.31436E-03 7.08580E-05 
-5.52338E-03 4.34194E-05 
-6.00232E-03 1.14237E-05 
-7.17341E-03 -3.27857E-05 
-9.46094E-03 -9.94773E-05 
-1.22820E-02 -1.80961E-04 
-1.43865E-02 -2.50682E-04 
-5.16192E-03 2.84094E-04 
-5.15440E-03 2.85377E-04 
-5.14599E-03 2.79633E-04 
-5.11509E-03 2.77646E-04 
-5.08549E-03 2.74687E-04 
-5.05769E-03 2.70639E-04 
-5.03222E-03 2.65395E-04 
-5.01448E-03 2.60459E-04 
-5.00967E-03 2.58865E-04 
-4.98936E-03 2.50298E-04 
-4.97404E-03 2.40084E-04 
-4.96464E-03 2.28183E-04 
-4.96216E-03 2.14588E-04 
-4.96564E-03 2.04753E-04 
-4.98162E-03 1.87848E-04 
-5.00853E-03 1.69182E-04 
-5.04847E-03 1.48851E-04 
-5.10476E-03 1.27002E-04 
-5.18414E-03 1.03815E-04 
-5.30449E-03 7.94058E-05 
-5.52160E-03 5.34322E-05 
-6.01048E-03 2.37041E-05 
-7.19592E-03 -1.66624E-05 
-9.50586E-03 -7.67118E-05 
-1.23555E-02 -1.48658E-04 
-1.44868E-02 -2.07662E-04 
-5.09980E-03 2.93308E-04 
-5.09217E-03 2.94825E-04 
-5.08544E-03 2.89369E-04 
-5.05508E-03 2.87438E-04 
-5.02619E-03 2.84451E-04 
-4.99930E-03 2.80299E-04 
-4.97498E-03 2.74889E-04 
-4.95833E-03 2.69791E-04 
-4.95386E-03 2.68145E-04 
-4.93544E-03 2.59315E-04 
-4.92241E-03 2.48827E-04 
-4.91574E-03 2.36674E-04 
-4.91645E-03 2.22882E-04 
-4.92298E-03 2.13742E-04 
-4.94319E-03 1.96874E-04 
-4.97488E-03 1.78384E-04 
-5.02018E-03 1.58421E-04 
-5.08243E-03 1.37197E-04 
-5.16840E-03 1.14964E-04 
-5.29601E-03 9.19357E-05 
-5.52129E-03 6.79333E-05 
-6.02014E-03 4.11601E-05 
-7.21996E-03 5.73400E-06 
-9.55226E-03 -4.58571E-05 
-1.24303E-02 -1.05889E-04 
-1.45876E-02 -1.51908E-04 
-5.03666E-03 3.03956E-04 
-5.02890E-03 3.05755E-04 
-5.02406E-03 3.00904E-04 
-4.99427E-03 2.99076E-04 
-4.96614E-03 2.96108E-04 
-4.94023E-03 2.91903E-04 
-4.91715E-03 2.86381E-04 
-4.90166E-03 2.81169E-04 
-4.89757E-03 2.79487E-04 
-4.88118E-03 2.70476E-04 
-4.87060E-03 2.59819E-04 
-4.86682E-03 2.47541E-04 
-4.87092E-03 2.33705E-04 
-4.88055E-03 2.25516E-04 
-4.90514E-03 2.08880E-04 
-4.94177E-03 1.90799E-04 
-4.99259E-03 1.71483E-04 
-5.06094E-03 1.51214E-04 
-5.15360E-03 1.30328E-04 
-5.28854E-03 1.09145E-04 
-5.52201E-03 8.76824E-05 
-6.03077E-03 6.46345E-05 
-7.24482E-03 3.53823E-05 
-9.59918E-03 -5.70817E-06 
-1.25049E-02 -5.11723E-05 
-1.46873E-02 -8.17084E-05 
-4.97237E-03 3.16287E-04 
-4.96446E-03 3.18417E-04 
-4.96172E-03 3.14588E-04 
-4.93252E-03 3.12918E-04 
-4.90519E-03 3.10023E-04 
-4.88033E-03 3.05822E-04 
-4.85858E-03 3.00256E-04 
-4.84433E-03 2.94990E-04 
-4.84064E-03 2.93290E-04 
-4.82641E-03 2.84202E-04 
-4.81843E-03 2.73500E-04 
-4.81773E-03 2.61249E-04 
-4.82538E-03 2.47554E-04 
-4.83813E-03 2.40607E-04 
-4.86724E-03 2.24426E-04 
-4.90894E-03 2.07022E-04 
-4.96540E-03 1.88673E-04 
-5.03994E-03 1.69737E-04 
-5.13935E-03 1.50639E-04 
-5.28162E-03 1.31822E-04 
-5.52320E-03 1.13534E-04 
-6.04172E-03 9.50696E-05 
-7.26967E-03 7.33698E-05 
-9.64551E-03 4.50642E-05 
-1.25780E-02 1.71176E-05 
-1.47840E-02 4.79437E-06 
-4.90678E-03 3.30606E-04 
-4.89868E-03 3.33119E-04 
-4.89827E-03 3.30851E-04 
-4.86967E-03 3.29397E-04 
-4.84317E-03 3.26636E-04 
-4.81942E-03 3.22507E-04 
-4.79908E-03 3.16976E-04 
-4.78615E-03 3.11727E-04 
-4.78289E-03 3.10033E-04 
-4.77095E-03 3.00989E-04 
-4.76571E-03 2.90393E-04 
-4.76823E-03 2.78350E-04 
-4.77958E-03 2.65011E-04 
-4.79543E-03 2.59632E-04 
-4.82918E-03 2.44162E-04 
-4.87606E-03 2.27740E-04 
-4.93823E-03 2.10721E-04 
-5.01901E-03 1.93543E-04 
-5.12516E-03 1.76728E-04 
-5.27468E-03 1.60858E-04 
-5.52420E-03 1.46446E-04 
-6.05216E-03 1.33515E-04 
-7.29351E-03 1.20900E-04 
-9.68988E-03 1.07920E-04 
-1.26476E-02 1.00751E-04 
-1.48753E-02 1.09610E-04 
-4.83974E-03 3.47292E-04 
-4.83140E-03 3.50243E-04 
-4.83353E-03 3.50213E-04 
-4.80553E-03 3.49037E-04 
-4.77990E-03 3.46477E-04 
-4.75729E-03 3.42499E-04 
-4.73844E-03 3.37094E-04 
-4.72689E-03 3.31947E-04 
-4.72408E-03 3.30285E-04 
-4.71455E-03 3.21432E-04 
-4.71219E-03 3.11116E-04 
-4.71805E-03 2.99489E-04 
-4.73324E-03 2.86752E-04 
-4.75212E-03 2.83301E-04 
-4.79058E-03 2.68832E-04 
-4.84269E-03 2.53739E-04 
-4.91060E-03 2.38457E-04 
-4.99760E-03 2.23512E-04 
-5.11041E-03 2.09531E-04 
-5.26702E-03 1.97247E-04 
-5.52420E-03 1.87484E-04 
-6.06116E-03 1.81132E-04 
-7.31513E-03 1.79292E-04 
-9.73071E-03 1.84449E-04 
-1.27117E-02 2.01639E-04 
-1.49587E-02 2.34887E-04 
-4.77107E-03 3.66813E-04 
-4.76243E-03 3.70256E-04 
-4.76728E-03 3.73303E-04 
-4.73988E-03 3.72468E-04 
-4.71512E-03 3.70183E-04 
-4.69371E-03 3.66442E-04 
-4.67639E-03 3.61269E-04 
-4.66630E-03 3.56319E-04 
-4.66395E-03 3.54721E-04 
-4.65693E-03 3.46223E-04 
-4.65754E-03 3.36387E-04 
-4.66686E-03 3.25415E-04 
-4.68598E-03 3.13558E-04 
-4.70775E-03 3.12427E-04 
-4.75096E-03 2.99283E-04 
-4.80832E-03 2.85906E-04 
-4.88195E-03 2.72814E-04 
-4.97507E-03 2.60629E-04 
-5.09437E-03 2.50090E-04 
-5.25779E-03 2.42093E-04 
-5.52222E-03 2.37821E-04 
-6.06755E-03 2.39187E-04 
-7.33310E-03 2.49978E-04 
-9.76612E-03 2.76363E-04 
-1.27678E-02 3.21823E-04 
-1.50310E-02 3.82899E-04 
-4.70059E-03 3.89740E-04 
-4.69157E-03 3.93729E-04 
-4.69928E-03 4.00873E-04 
-4.67244E-03 4.00441E-04 
-4.64855E-03 3.98505E-04 
-4.62835E-03 3.95094E-04 
-4.61263E-03 3.90268E-04 
-4.60403E-03 3.85622E-04 
-4.60216E-03 3.84122E-04 
-4.59772E-03 3.76166E-04 
-4.60138E-03 3.67034E-04 
-4.61423E-03 3.56980E-04 
-4.63733E-03 3.46313E-04 
-4.66179E-03 3.47921E-04 
-4.70974E-03 3.36464E-04 
-4.77230E-03 3.25231E-04 
-4.85153E-03 3.14831E-04 
-4.95061E-03 3.05985E-04 
-5.07613E-03 2.99550E-04 
-5.24597E-03 2.96603E-04 
-5.51709E-03 2.98732E-04 
-6.06996E-03 3.09051E-04 
-7.34575E-03 3.34496E-04 
-9.79392E-03 3.85485E-04 
-1.28129E-02 4.63456E-04 
-1.50888E-02 5.56017E-04 
-4.62805E-03 4.16758E-04 
-4.61857E-03 4.21340E-04 
-4.62919E-03 4.33799E-04 
-4.60286E-03 4.33826E-04 
-4.57982E-03 4.32314E-04 
-4.56084E-03 4.29329E-04 
-4.54672E-03 4.24973E-04 
-4.53964E-03 4.20747E-04 
-4.53827E-03 4.19383E-04 
-4.53645E-03 4.12171E-04 
-4.54321E-03 4.03986E-04 
-4.55960E-03 3.95142E-04 
-4.58669E-03 3.86002E-04 
-4.61355E-03 3.90792E-04 
-4.66616E-03 3.81419E-04 
-4.73380E-03 3.72801E-04 
-4.81846E-03 3.65643E-04 
-4.92323E-03 3.60768E-04 
-5.05458E-03 3.59157E-04 
-5.23031E-03 3.62079E-04 
-5.50740E-03 3.71587E-04 
-6.06676E-03 3.92184E-04 
-7.35108E-03 4.34470E-04 
-9.81153E-03 5.13725E-04 
-1.28439E-02 6.28774E-04 
-1.51280E-02 7.56672E-04 
-4.55316E-03 4.48668E-04 
-4.54310E-03 4.53883E-04 
-4.55658E-03 4.73089E-04 
-4.53068E-03 4.73618E-04 
-4.50845E-03 4.72596E-04 
-4.49067E-03 4.70133E-04 
-4.47815E-03 4.66374E-04 
-4.47259E-03 4.62690E-04 
-4.47171E-03 4.61500E-04 
-4.47251E-03 4.55248E-04 
-4.48237E-03 4.48274E-04 
-4.50229E-03 4.40952E-04 
-4.53330E-03 4.33705E-04 
-4.56218E-03 4.42131E-04 
-4.61932E-03 4.35275E-04 
-4.69185E-03 4.29788E-04 
-4.78166E-03 4.26471E-04 
-4.89172E-03 4.26252E-04 
-5.02839E-03 4.30237E-04 
-5.20934E-03 4.39906E-04 
-5.49147E-03 4.57833E-04 
-6.05602E-03 4.90119E-04 
-7.34678E-03 5.51592E-04 
-9.81598E-03 6.63051E-04 
-1.28568E-02 8.20050E-04 
-1.51439E-02 9.87299E-04 
-4.47552E-03 4.86397E-04 
-4.46475E-03 4.92272E-04 
-4.48088E-03 5.19875E-04 
-4.45531E-03 5.20930E-04 
-4.43381E-03 5.20453E-04 
-4.41717E-03 5.18599E-04 
-4.40622E-03 5.15562E-04 
-4.40216E-03 5.12544E-04 
-4.40176E-03 5.11570E-04 
-4.40515E-03 5.06503E-04 
-4.41804E-03 5.01018E-04 
-4.44140E-03 4.95549E-04 
-4.47621E-03 4.90584E-04 
-4.50660E-03 5.03104E-04 
-4.56807E-03 4.99239E-04 
-4.64520E-03 4.97443E-04 
-4.73978E-03 4.98616E-04 
-4.85464E-03 5.03788E-04 
-4.99597E-03 5.14196E-04 
-5.18128E-03 5.31541E-04 
-5.46735E-03 5.58979E-04 
-6.03550E-03 6.04443E-04 
-7.33014E-03 6.87598E-04 
-9.80383E-03 8.35466E-04 
-1.28473E-02 1.03957E-03 
-1.51312E-02 1.25030E-03 
-4.39465E-03 5.30983E-04 
-4.38301E-03 5.37527E-04 
-4.40135E-03 5.75390E-04 
-4.37598E-03 5.76969E-04 
-4.35510E-03 5.77071E-04 
-4.33952E-03 5.75902E-04 
-4.33005E-03 5.73705E-04 
-4.32743E-03 5.71475E-04 
-4.32750E-03 5.70758E-04 
-4.33339E-03 5.67106E-04 
-4.34919E-03 5.63396E-04 
-4.37585E-03 5.60128E-04 
-4.41425E-03 5.57856E-04 
-4.44554E-03 5.74919E-04 
-4.51105E-03 5.74559E-04 
-4.59240E-03 5.77060E-04 
-4.69125E-03 5.83421E-04 
-4.81026E-03 5.94772E-04 
-4.95544E-03 6.12478E-04 
-5.14406E-03 6.38473E-04 
-5.43271E-03 6.76561E-04 
-6.00258E-03 7.36752E-04 
-7.29805E-03 8.44214E-04 
-9.77113E-03 1.03293E-03 
-1.28104E-02 1.28952E-03 
-1.50841E-02 1.54793E-03 
-4.30986E-03 5.83578E-04 
-4.29718E-03 5.90778E-04 
-4.31700E-03 6.40953E-04 
-4.29166E-03 6.43016E-04 
-4.27127E-03 6.43705E-04 
-4.25663E-03 6.43276E-04 
-4.24854E-03 6.42023E-04 
-4.24726E-03 6.40697E-04 
-4.24777E-03 6.40278E-04 
-4.25601E-03 6.38270E-04 
-4.27455E-03 6.36631E-04 
-4.30426E-03 6.35926E-04 
-4.34597E-03 6.36778E-04 
-4.37741E-03 6.58808E-04 
-4.44658E-03 6.62511E-04 
-4.53167E-03 6.69966E-04 
-4.63417E-03 6.82264E-04 
-4.75655E-03 7.00631E-04 
-4.90457E-03 7.26554E-04 
-5.09526E-03 7.62210E-04 
-5.38489E-03 8.12119E-04 
-5.95425E-03 8.88633E-04 
-7.24695E-03 1.02313E-03 
-9.71343E-03 1.25732E-03 
-1.27403E-02 1.57196E-03 
-1.49958E-02 1.88222E-03 
-4.22031E-03 6.45417E-04 
-4.20639E-03 6.53234E-04 
-4.22659E-03 7.17914E-04 
-4.20109E-03 7.20381E-04 
-4.18102E-03 7.21628E-04 
-4.16715E-03 7.21966E-04 
-4.16027E-03 7.21745E-04 
-4.16021E-03 7.21432E-04 
-4.16112E-03 7.21349E-04 
-4.17150E-03 7.21212E-04 
-4.19253E-03 7.21944E-04 
-4.22500E-03 7.24179E-04 
-4.26964E-03 7.28606E-04 
-4.30034E-03 7.55989E-04 
-4.37270E-03 7.64364E-04 
-4.46094E-03 7.77483E-04 
-4.56632E-03 7.96519E-04 
-4.69111E-03 8.22786E-04 
-4.84080E-03 8.57882E-04 
-5.03210E-03 9.04237E-04 
-5.32083E-03 9.67150E-04 
-5.88707E-03 1.06160E-03 
-7.17280E-03 1.22592E-03 
-9.62566E-03 1.51037E-03 
-1.26309E-02 1.88871E-03 
-1.48590E-02 2.25486E-03 
-4.12489E-03 7.17795E-04 
-4.10952E-03 7.26160E-04 
-4.12850E-03 8.07599E-04 
-4.10263E-03 8.10337E-04 
-4.08267E-03 8.12075E-04 
-4.06940E-03 8.13180E-04 
-4.06354E-03 8.14056E-04 
-4.06453E-03 8.14855E-04 
-4.06578E-03 8.15144E-04 
-4.07804E-03 8.17105E-04 
-4.10124E-03 8.20517E-04 
-4.13609E-03 8.26084E-04 
-4.18321E-03 8.34563E-04 
-4.21214E-03 8.67629E-04 
-4.28713E-03 8.81343E-04 
-4.37778E-03 9.00892E-04 
-4.48515E-03 9.27522E-04 
-4.61122E-03 9.62615E-04 
-4.76118E-03 1.00787E-03 
-4.95136E-03 1.06597E-03 
-5.23704E-03 1.14306E-03 
-5.79715E-03 1.25705E-03 
-7.07105E-03 1.45402E-03 
-9.50219E-03 1.79354E-03 
-1.24751E-02 2.24122E-03 
-1.46653E-02 2.66707E-03 
-4.02221E-03 8.02020E-04 
-4.00518E-03 8.10835E-04 
-4.02075E-03 9.11226E-04 
-3.99427E-03 9.14048E-04 
-3.97422E-03 9.16168E-04 
-3.96132E-03 9.18009E-04 
-3.95625E-03 9.20031E-04 
-3.95810E-03 9.22034E-04 
-3.95964E-03 9.22732E-04 
-3.97346E-03 9.27018E-04 
-3.99846E-03 9.33434E-04 
-4.03523E-03 9.42752E-04 
-4.08427E-03 9.55795E-04 
-4.11027E-03 9.94802E-04 
-4.18723E-03 1.01459E-03 
-4.27944E-03 1.04140E-03 
-4.38773E-03 1.07653E-03 
-4.51376E-03 1.12142E-03 
-4.66237E-03 1.17783E-03 
-4.84946E-03 1.24871E-03 
-5.12960E-03 1.34111E-03 
-5.68015E-03 1.47618E-03 
-6.93664E-03 1.70855E-03 
-9.33677E-03 2.10795E-03 
-1.22651E-02 2.63045E-03 
-1.44058E-02 3.11942E-03 
-3.90875E-03 9.00969E-04 
-3.88980E-03 9.10116E-04 
-3.89891E-03 1.03176E-03 
-3.87159E-03 1.03442E-03 
-3.85121E-03 1.03678E-03 
-3.83845E-03 1.03932E-03 
-3.83393E-03 1.04254E-03 
-3.83644E-03 1.04586E-03 
-3.83820E-03 1.04701E-03 
-3.85324E-03 1.05392E-03 
-3.87963E-03 1.06374E-03 
-3.91783E-03 1.07734E-03 
-3.96818E-03 1.09559E-03 
-3.98986E-03 1.14081E-03 
-4.06802E-03 1.16760E-03 
-4.16082E-03 1.20271E-03 
-4.26876E-03 1.24746E-03 
-4.39319E-03 1.30330E-03 
-4.53854E-03 1.37207E-03 
-4.72018E-03 1.45693E-03 
-4.99181E-03 1.56596E-03 
-5.52865E-03 1.72390E-03 
-6.76097E-03 1.99492E-03 
-9.11878E-03 2.45984E-03 
-1.19878E-02 3.06358E-03 
-1.40651E-02 3.61955E-03 
-3.78589E-03 1.01272E-03 
-3.76486E-03 1.02205E-03 
-3.76379E-03 1.16611E-03 
-3.73543E-03 1.16835E-03 
-3.71453E-03 1.17078E-03 
-3.70169E-03 1.17393E-03 
-3.69746E-03 1.17839E-03 
-3.70039E-03 1.18313E-03 
-3.70230E-03 1.18477E-03 
-3.71816E-03 1.19453E-03 
-3.74546E-03 1.20813E-03 
-3.78449E-03 1.22647E-03 
-3.83542E-03 1.25047E-03 
-3.85142E-03 1.30187E-03 
-3.92987E-03 1.33647E-03 
-4.02210E-03 1.38073E-03 
-4.12827E-03 1.43597E-03 
-4.24935E-03 1.50360E-03 
-4.38935E-03 1.58550E-03 
-4.56305E-03 1.68504E-03 
-4.82308E-03 1.81136E-03 
-5.34201E-03 1.99305E-03 
-6.54334E-03 2.30453E-03 
-8.84746E-03 2.83826E-03 
-1.16426E-02 3.52659E-03 
-1.36431E-02 4.15058E-03 
-3.64942E-03 1.13964E-03 
-3.62615E-03 1.14903E-03 
-3.61008E-03 1.31624E-03 
-3.58054E-03 1.31776E-03 
-3.55897E-03 1.32010E-03 
-3.54588E-03 1.32385E-03 
-3.54172E-03 1.32964E-03 
-3.54487E-03 1.33594E-03 
-3.54686E-03 1.33813E-03 
-3.56317E-03 1.35112E-03 
-3.59089E-03 1.36899E-03 
-3.63013E-03 1.39268E-03 
-3.68089E-03 1.42317E-03 
-3.68968E-03 1.48071E-03 
-3.76742E-03 1.52414E-03 
-3.85778E-03 1.57860E-03 
-3.96054E-03 1.64536E-03 
-4.07628E-03 1.72578E-03 
-4.20852E-03 1.82168E-03 
-4.37139E-03 1.93667E-03 
-4.61627E-03 2.08098E-03 
-5.11238E-03 2.28740E-03 
-6.27471E-03 2.64136E-03 
-8.51179E-03 3.24764E-03 
-1.12159E-02 4.02435E-03 
-1.31240E-02 4.71737E-03 
-3.49640E-03 1.28233E-03 
-3.47081E-03 1.29170E-03 
-3.43380E-03 1.48164E-03 
-3.40305E-03 1.48222E-03 
-3.38074E-03 1.48437E-03 
-3.36729E-03 1.48876E-03 
-3.36305E-03 1.49606E-03 
-3.36625E-03 1.50416E-03 
-3.36827E-03 1.50699E-03 
-3.38468E-03 1.52371E-03 
-3.41235E-03 1.54647E-03 
-3.45118E-03 1.57627E-03 
-3.50093E-03 1.61409E-03 
-3.50092E-03 1.67763E-03 
-3.57681E-03 1.73103E-03 
-3.66380E-03 1.79681E-03 
-3.76130E-03 1.87614E-03 
-3.86943E-03 1.97026E-03 
-3.99120E-03 2.08093E-03 
-4.14002E-03 2.21192E-03 
-4.36577E-03 2.37464E-03 
-4.83363E-03 2.60634E-03 
-5.94807E-03 3.00429E-03 
-8.10330E-03 3.68609E-03 
-1.06975E-02 4.55385E-03 
-1.24966E-02 5.31562E-03 
-3.32348E-03 1.44097E-03 
-3.29559E-03 1.45032E-03 
-3.23048E-03 1.66106E-03 
-3.19864E-03 1.66056E-03 
-3.17568E-03 1.66257E-03 
-3.16190E-03 1.66779E-03 
-3.15753E-03 1.67696E-03 
-3.16068E-03 1.68725E-03 
-3.16268E-03 1.69084E-03 
-3.17890E-03 1.71196E-03 
-3.20606E-03 1.74045E-03 
-3.24383E-03 1.77729E-03 
-3.29171E-03 1.82345E-03 
-3.28125E-03 1.89274E-03 
-3.35398E-03 1.95733E-03 
-3.43592E-03 2.03559E-03 
-3.52604E-03 2.12850E-03 
-3.62398E-03 2.23714E-03 
-3.73223E-03 2.36313E-03 
-3.86338E-03 2.51036E-03 
-4.06563E-03 2.69149E-03 
-4.49927E-03 2.94853E-03 
-5.55604E-03 3.39125E-03 
-7.61312E-03 4.15047E-03 
-1.00769E-02 5.11052E-03 
-1.17489E-02 5.93914E-03 
-3.12661E-03 1.61553E-03 
-3.09658E-03 1.62502E-03 
-2.99494E-03 1.85265E-03 
-2.96235E-03 1.85115E-03 
-2.93902E-03 1.85329E-03 
-2.92511E-03 1.85980E-03 
-2.92070E-03 1.87145E-03 
-2.92378E-03 1.88449E-03 
-2.92575E-03 1.88903E-03 
-2.94158E-03 1.91554E-03 
-2.96782E-03 1.95083E-03 
-3.00386E-03 1.99588E-03 
-3.04892E-03 2.05159E-03 
-3.02633E-03 2.12627E-03 
-3.09440E-03 2.20341E-03 
-3.16931E-03 2.29532E-03 
-3.24960E-03 2.40275E-03 
-3.33442E-03 2.52653E-03 
-3.42569E-03 2.66807E-03 
-3.53515E-03 2.83140E-03 
-3.70905E-03 3.03042E-03 
-4.10186E-03 3.31219E-03 
-5.09020E-03 3.79960E-03 
-7.03120E-03 4.63690E-03 
-9.34204E-03 5.68873E-03 
-1.08679E-02 6.58047E-03 
-2.90215E-03 1.80476E-03 
-2.87034E-03 1.81484E-03 
-2.72264E-03 2.05294E-03 
-2.68995E-03 2.05090E-03 
-2.66679E-03 2.05380E-03 
-2.65317E-03 2.06240E-03 
-2.64900E-03 2.07751E-03 
-2.65211E-03 2.09416E-03 
-2.65404E-03 2.09991E-03 
-2.66937E-03 2.13310E-03 
-2.69430E-03 2.17660E-03 
-2.72793E-03 2.23128E-03 
-2.76913E-03 2.29791E-03 
-2.73279E-03 2.37752E-03 
-2.79441E-03 2.46854E-03 
-2.86003E-03 2.57516E-03 
-2.92768E-03 2.69781E-03 
-2.99607E-03 2.83698E-03 
-3.06653E-03 2.99384E-03 
-3.14990E-03 3.17249E-03 
-3.29019E-03 3.38813E-03 
-3.63515E-03 3.69310E-03 
-4.54356E-03 4.22385E-03 
-6.34935E-03 5.13794E-03 
-8.48358E-03 6.27860E-03 
-9.84351E-03 7.22729E-03 
-2.64617E-03 2.00714E-03 
-2.61317E-03 2.01861E-03 
-2.40905E-03 2.25793E-03 
-2.37724E-03 2.25631E-03 
-2.35509E-03 2.26112E-03 
-2.34244E-03 2.27314E-03 
-2.33898E-03 2.29315E-03 
-2.34233E-03 2.31459E-03 
-2.34426E-03 2.32190E-03 
-2.35904E-03 2.36352E-03 
-2.38227E-03 2.41694E-03 
-2.41271E-03 2.48290E-03 
-2.44886E-03 2.56199E-03 
-2.39720E-03 2.64598E-03 
-2.45027E-03 2.75214E-03 
-2.50390E-03 2.87429E-03 
-2.55572E-03 3.01247E-03 
-2.60392E-03 3.16678E-03 
-2.64930E-03 3.33807E-03 
-2.70175E-03 3.53048E-03 
-2.80283E-03 3.76058E-03 
-3.09244E-03 4.08612E-03 
-3.90871E-03 4.65738E-03 
-5.55899E-03 5.64479E-03 
-7.49175E-03 6.86854E-03 
-8.66562E-03 7.86542E-03 
-2.35520E-03 2.22050E-03 
-2.32185E-03 2.23464E-03 
-2.05060E-03 2.46291E-03 
-2.02104E-03 2.46337E-03 
-2.00107E-03 2.47190E-03 
-1.99029E-03 2.48927E-03 
-1.98819E-03 2.51619E-03 
-1.99206E-03 2.54400E-03 
-1.99404E-03 2.55333E-03 
-2.00825E-03 2.60553E-03 
-2.02933E-03 2.67093E-03 
-2.05564E-03 2.75004E-03 
-2.08530E-03 2.84316E-03 
-2.01683E-03 2.93085E-03 
-2.05878E-03 3.05314E-03 
-2.09729E-03 3.19122E-03 
-2.12955E-03 3.34467E-03 
-2.15335E-03 3.51312E-03 
-2.16896E-03 3.69707E-03 
-2.18531E-03 3.90071E-03 
-2.24122E-03 4.14197E-03 
-2.46770E-03 4.48416E-03 
-3.17912E-03 5.09128E-03 
-4.65278E-03 6.14590E-03 
-6.35852E-03 7.44375E-03 
-7.32637E-03 8.47715E-03 
-2.02610E-03 2.44276E-03 
-1.99351E-03 2.46150E-03 
-1.64469E-03 2.66342E-03 
-1.61913E-03 2.66847E-03 
-1.60277E-03 2.68333E-03 
-1.59499E-03 2.70868E-03 
-1.59498E-03 2.74514E-03 
-1.59968E-03 2.78130E-03 
-1.60175E-03 2.79322E-03 
-1.61525E-03 2.85856E-03 
-1.63350E-03 2.93825E-03 
-1.65443E-03 3.03245E-03 
-1.67577E-03 3.14107E-03 
-1.58906E-03 3.23161E-03 
-1.61673E-03 3.37052E-03 
-1.63638E-03 3.52427E-03 
-1.64480E-03 3.69188E-03 
-1.63944E-03 3.87250E-03 
-1.62010E-03 4.06626E-03 
-1.59479E-03 4.27738E-03 
-1.59933E-03 4.52521E-03 
-1.75463E-03 4.87860E-03 
-2.34808E-03 5.51496E-03 
-3.62336E-03 6.62772E-03 
-5.07611E-03 7.98709E-03 
-5.81845E-03 9.04231E-03 
-1.65738E-03 2.67172E-03 
-1.62681E-03 2.69766E-03 
-1.19139E-03 2.85540E-03 
-1.17184E-03 2.86850E-03 
-1.16071E-03 2.89313E-03 
-1.15709E-03 2.92983E-03 
-1.15985E-03 2.97900E-03 
-1.16555E-03 3.02581E-03 
-1.16769E-03 3.04096E-03 
-1.18007E-03 3.12226E-03 
-1.19440E-03 3.21856E-03 
-1.20822E-03 3.32960E-03 
-1.21884E-03 3.45482E-03 
-1.11247E-03 3.54711E-03 
-1.12202E-03 3.70229E-03 
-1.11838E-03 3.87040E-03 
-1.09807E-03 4.04991E-03 
-1.05827E-03 4.23944E-03 
-9.98457E-04 4.43877E-03 
-9.25710E-04 4.65219E-03 
-8.72606E-04 4.90051E-03 
-9.48734E-04 5.25797E-03 
-1.41119E-03 5.91467E-03 
-2.46643E-03 7.07309E-03 
-3.64075E-03 8.47740E-03 
-4.13955E-03 9.53660E-03 
-1.24916E-03 2.90600E-03 
-1.22197E-03 2.94244E-03 
-6.93494E-04 3.03654E-03 
-6.82038E-04 3.06210E-03 
-6.77686E-04 3.10071E-03 
-6.79193E-04 3.15267E-03 
-6.85107E-04 3.21813E-03 
-6.91659E-04 3.27805E-03 
-6.93765E-04 3.29708E-03 
-7.04018E-04 3.39709E-03 
-7.12681E-04 3.51203E-03 
-7.16905E-04 3.64112E-03 
-7.13628E-04 3.78326E-03 
-5.86152E-04 3.87576E-03 
-5.72896E-04 4.04563E-03 
-5.40792E-04 4.22542E-03 
-4.86220E-04 4.41306E-03 
-4.06256E-04 4.60669E-03 
-3.00154E-04 4.80575E-03 
-1.74128E-04 5.01470E-03 
-5.72640E-05 5.25582E-03 
-4.65831E-05 5.60847E-03 
-3.65475E-04 6.27419E-03 
-1.17968E-03 7.46223E-03 
-2.05147E-03 8.89079E-03 
-2.29090E-03 9.93315E-03 
-8.03847E-04 3.14561E-03 
-7.81198E-04 3.19638E-03 
-1.57215E-04 3.20726E-03 
-1.55668E-04 3.25041E-03 
-1.59230E-04 3.30770E-03 
-1.66300E-04 3.37910E-03 
-1.75068E-04 3.46442E-03 
-1.81746E-04 3.53972E-03 
-1.83518E-04 3.56323E-03 
-1.89730E-04 3.68417E-03 
-1.90005E-04 3.81899E-03 
-1.81151E-04 3.96629E-03 
-1.59821E-04 4.12439E-03 
-9.65683E-06 4.21499E-03 
3.20137E-05 4.39627E-03 
9.85031E-05 4.58331E-03 
1.93416E-04 4.77350E-03 
3.19612E-04 4.96459E-03 
4.77899E-04 5.15581E-03 
6.62851E-04 5.35187E-03 
8.49126E-04 5.57650E-03 
9.53532E-04 5.91375E-03 
7.89776E-04 6.57478E-03 
2.36125E-04 7.77274E-03 
-3.11338E-04 9.20082E-03 
-2.78636E-04 1.02030E-02 
-3.26342E-04 3.39242E-03 
-3.08877E-04 3.46160E-03 
4.07659E-04 3.37151E-03 
3.98235E-04 3.43763E-03 
3.86509E-04 3.51828E-03 
3.74448E-04 3.61302E-03 
3.64214E-04 3.72119E-03 
3.59034E-04 3.81355E-03 
3.58156E-04 3.84190E-03 
3.59190E-04 3.98482E-03 
3.71312E-04 4.13931E-03 
3.97964E-04 4.30336E-03 
4.42650E-04 4.47468E-03 
6.17324E-04 4.56038E-03 
6.93904E-04 4.74772E-03 
8.01360E-04 4.93546E-03 
9.43081E-04 5.12061E-03 
1.12167E-03 5.30061E-03 
1.33780E-03 5.47466E-03 
1.58678E-03 5.64783E-03 
1.84725E-03 5.84526E-03 
2.05111E-03 6.15500E-03 
2.05244E-03 6.79549E-03 
1.77647E-03 7.98022E-03 
1.57174E-03 9.37942E-03 
1.88530E-03 1.03160E-02 
1.76198E-04 3.65055E-03 
1.88795E-04 3.74186E-03 
9.88401E-04 3.53713E-03 
9.68293E-04 3.63115E-03 
9.49600E-04 3.73907E-03 
9.34635E-04 3.85996E-03 
9.25878E-04 3.99265E-03 
9.25023E-04 4.10253E-03 
9.25952E-04 4.13574E-03 
9.39068E-04 4.29977E-03 
9.69138E-04 4.47162E-03 
1.01970E-03 4.64870E-03 
1.09425E-03 4.82816E-03 
1.29558E-03 4.90485E-03 
1.41431E-03 5.09050E-03 
1.56974E-03 5.27015E-03 
1.76482E-03 5.44056E-03 
2.00167E-03 5.59908E-03 
2.28070E-03 5.74505E-03 
2.59783E-03 5.88403E-03 
2.93595E-03 6.04251E-03 
3.24330E-03 6.31156E-03 
3.41742E-03 6.91388E-03 
3.43300E-03 8.05931E-03 
3.58497E-03 9.39822E-03 
4.18332E-03 1.02431E-02 
6.94884E-04 3.92595E-03 
7.04392E-04 4.04205E-03 
1.57045E-03 3.71532E-03 
1.54193E-03 3.84070E-03 
1.51949E-03 3.97805E-03 
1.50571E-03 4.12592E-03 
1.50333E-03 4.28260E-03 
1.51108E-03 4.40865E-03 
1.51514E-03 4.44615E-03 
1.54703E-03 4.62772E-03 
1.60224E-03 4.81188E-03 
1.68421E-03 4.99550E-03 
1.79622E-03 5.17533E-03 
2.02668E-03 5.23758E-03 
2.19521E-03 5.41133E-03 
2.40564E-03 5.57188E-03 
2.66026E-03 5.71596E-03 
2.96050E-03 5.84109E-03 
3.30631E-03 5.94693E-03 
3.69421E-03 6.03968E-03 
4.11164E-03 6.14699E-03 
4.52428E-03 6.36175E-03 
4.87598E-03 6.90721E-03 
5.19277E-03 7.98510E-03 
5.70993E-03 9.23043E-03 
6.59145E-03 9.95747E-03 
1.22126E-03 4.22588E-03 
1.23140E-03 4.36749E-03 
2.14042E-03 3.91923E-03 
2.10831E-03 4.07689E-03 
2.08781E-03 4.24311E-03 
2.08169E-03 4.41589E-03 
2.09280E-03 4.59300E-03 
2.11502E-03 4.73150E-03 
2.12397E-03 4.77204E-03 
2.18322E-03 4.96431E-03 
2.27235E-03 5.15247E-03 
2.39445E-03 5.33309E-03 
2.55234E-03 5.50269E-03 
2.81472E-03 5.54365E-03 
3.04067E-03 5.69298E-03 
3.31268E-03 5.82153E-03 
3.63215E-03 5.92625E-03 
3.99965E-03 6.00507E-03 
4.41455E-03 6.05819E-03 
4.87395E-03 6.09259E-03 
5.37013E-03 6.13676E-03 
5.88738E-03 6.28390E-03 
6.41822E-03 6.75353E-03 
7.04134E-03 7.73447E-03 
7.92649E-03 8.85215E-03 
9.08402E-03 9.43671E-03 
1.74510E-03 4.55474E-03 
1.76187E-03 4.71956E-03 
2.68449E-03 4.15959E-03 
2.65652E-03 4.34669E-03 
2.64632E-03 4.53738E-03 
2.65673E-03 4.72919E-03 
2.69052E-03 4.91946E-03 
2.73442E-03 5.06389E-03 
2.75038E-03 5.10545E-03 
2.84702E-03 5.29791E-03 
2.97978E-03 5.47849E-03 
3.15119E-03 5.64365E-03 
3.36333E-03 5.78994E-03 
3.66030E-03 5.80157E-03 
3.95023E-03 5.91248E-03 
4.28888E-03 5.99517E-03 
4.67659E-03 6.04713E-03 
5.11296E-03 6.06691E-03 
5.59669E-03 6.05549E-03 
6.12554E-03 6.02062E-03 
6.69689E-03 5.99126E-03 
7.31455E-03 6.05911E-03 
8.02147E-03 6.43521E-03 
8.94915E-03 7.29058E-03 
1.01967E-02 8.24819E-03 
1.16159E-02 8.66925E-03 
2.26418E-03 4.91636E-03 
2.29597E-03 5.09857E-03 
3.19930E-03 4.44460E-03 
3.18607E-03 4.65402E-03 
3.19712E-03 4.86062E-03 
3.23515E-03 5.06156E-03 
3.30267E-03 5.25393E-03 
3.37665E-03 5.39504E-03 
3.40202E-03 5.43480E-03 
3.54716E-03 5.61357E-03 
3.73388E-03 5.77202E-03 
3.96386E-03 5.90678E-03 
4.23826E-03 6.01474E-03 
4.57235E-03 5.98800E-03 
4.93149E-03 6.04564E-03 
5.34015E-03 6.06837E-03 
5.79752E-03 6.05442E-03 
6.30213E-03 6.00323E-03 
6.85204E-03 5.91668E-03 
7.44574E-03 5.80328E-03 
8.08611E-03 5.69195E-03 
8.79728E-03 5.67079E-03 
9.67390E-03 5.93725E-03 
1.09000E-02 6.63971E-03 
1.24990E-02 7.40683E-03 
1.41610E-02 7.64692E-03 
2.77856E-03 5.30737E-03 
2.83599E-03 5.49713E-03 
3.68618E-03 4.77377E-03 
3.70077E-03 4.99367E-03 
3.74604E-03 5.20321E-03 
3.82431E-03 5.39938E-03 
3.93765E-03 5.57921E-03 
4.05055E-03 5.70530E-03 
4.08782E-03 5.73980E-03 
4.29261E-03 5.88823E-03 
4.54307E-03 6.00787E-03 
4.83986E-03 6.09584E-03 
5.18300E-03 6.14966E-03 
5.55595E-03 6.07523E-03 
5.98712E-03 6.06527E-03 
6.46649E-03 6.01503E-03 
6.99203E-03 5.92373E-03 
7.56123E-03 5.79181E-03 
8.17161E-03 5.62216E-03 
8.82256E-03 5.42394E-03 
9.52276E-03 5.22533E-03 
1.03173E-02 5.10863E-03 
1.13531E-02 5.25243E-03 
1.28653E-02 5.77792E-03 
1.47980E-02 6.32851E-03 
1.66785E-02 6.37562E-03 
3.29561E-03 5.71740E-03 
3.39094E-03 5.90098E-03 
4.15617E-03 5.13692E-03 
4.21329E-03 5.35116E-03 
4.30684E-03 5.54686E-03 
4.43857E-03 5.72107E-03 
4.60989E-03 5.87100E-03 
4.77027E-03 5.96868E-03 
4.82180E-03 5.99404E-03 
5.09640E-03 6.09388E-03 
5.41891E-03 6.15716E-03 
5.78881E-03 6.18177E-03 
6.20487E-03 6.16611E-03 
6.61718E-03 6.03515E-03 
7.12024E-03 5.94505E-03 
7.66791E-03 5.81114E-03 
8.25700E-03 5.63377E-03 
8.88406E-03 5.41449E-03 
9.54618E-03 5.15716E-03 
1.02439E-02 4.87140E-03 
1.09921E-02 4.58388E-03 
1.18570E-02 4.36881E-03 
1.30379E-02 4.38070E-03 
1.48188E-02 4.70959E-03 
1.70616E-02 5.02307E-03 
1.91324E-02 4.87106E-03 
3.83003E-03 6.12789E-03 
3.97627E-03 6.28826E-03 
4.62937E-03 5.51316E-03 
4.74415E-03 5.70222E-03 
4.89993E-03 5.86454E-03 
5.09771E-03 5.99749E-03 
5.33806E-03 6.09871E-03 
5.55330E-03 6.15393E-03 
5.62105E-03 6.16613E-03 
5.97348E-03 6.19900E-03 
6.37384E-03 6.18894E-03 
6.82031E-03 6.13485E-03 
7.31042E-03 6.03623E-03 
7.76087E-03 5.84125E-03 
8.33227E-03 5.66144E-03 
8.94245E-03 5.43652E-03 
9.58718E-03 5.16802E-03 
1.02622E-02 4.85862E-03 
1.09645E-02 4.51305E-03 
1.16960E-02 4.14107E-03 
1.24779E-02 3.76704E-03 
1.33980E-02 3.45476E-03 
1.47068E-02 3.32982E-03 
1.67346E-02 3.44779E-03 
1.92589E-02 3.51000E-03 
2.14887E-02 3.15889E-03 
4.40248E-03 6.51159E-03 
4.61230E-03 6.62940E-03 
5.13254E-03 5.87092E-03 
5.31910E-03 6.01327E-03 
5.54959E-03 6.12137E-03 
5.82407E-03 6.19316E-03 
6.14215E-03 6.22692E-03 
6.41760E-03 6.22612E-03 
6.50288E-03 6.22137E-03 
6.93796E-03 6.17033E-03 
7.41849E-03 6.07204E-03 
7.94139E-03 5.92659E-03 
8.50297E-03 5.73471E-03 
8.98813E-03 5.47045E-03 
9.62063E-03 5.19534E-03 
1.02840E-02 4.87629E-03 
1.09732E-02 4.51597E-03 
1.16835E-02 4.11809E-03 
1.24118E-02 3.68806E-03 
1.31618E-02 3.23544E-03 
1.39613E-02 2.78140E-03 
1.49194E-02 2.37717E-03 
1.63364E-02 2.11507E-03 
1.85851E-02 2.01377E-03 
2.13583E-02 1.81755E-03 
2.37138E-02 1.27350E-03 
5.03445E-03 6.82910E-03 
5.31918E-03 6.88465E-03 
5.69341E-03 6.16708E-03 
5.96372E-03 6.24138E-03 
6.27880E-03 6.27527E-03 
6.63768E-03 6.26746E-03 
7.03894E-03 6.21711E-03 
7.37726E-03 6.14871E-03 
7.48060E-03 6.12385E-03 
7.99922E-03 5.97531E-03 
8.55824E-03 5.77771E-03 
9.15341E-03 5.53242E-03 
9.77998E-03 5.24140E-03 
1.02940E-02 4.90581E-03 
1.09767E-02 4.53467E-03 
1.16807E-02 4.12321E-03 
1.24002E-02 3.67517E-03 
1.31304E-02 3.19507E-03 
1.38685E-02 2.68879E-03 
1.46200E-02 2.16526E-03 
1.54196E-02 1.64165E-03 
1.63972E-02 1.15468E-03 
1.79005E-02 7.59797E-04 
2.03407E-02 4.37310E-04 
2.33263E-02 -1.70877E-05 
2.57728E-02 -7.41998E-04 
5.74999E-03 7.03905E-03 
6.11803E-03 7.01350E-03 
6.34077E-03 6.35549E-03 
6.70306E-03 6.34220E-03 
7.10862E-03 6.28433E-03 
7.55547E-03 6.18151E-03 
8.04113E-03 6.03388E-03 
8.44167E-03 5.88928E-03 
8.56262E-03 5.84206E-03 
9.16112E-03 5.58701E-03 
9.79249E-03 5.28390E-03 
1.04515E-02 4.93531E-03 
1.11326E-02 4.54442E-03 
1.16669E-02 4.13913E-03 
1.23856E-02 3.67637E-03 
1.31146E-02 3.17923E-03 
1.38479E-02 2.65229E-03 
1.45806E-02 2.10072E-03 
1.53106E-02 1.53053E-03 
1.60457E-02 9.49595E-04 
1.68271E-02 3.70340E-04 
1.78048E-02 -1.86630E-04 
1.93710E-02 -7.05426E-04 
2.19703E-02 -1.24449E-03 
2.51289E-02 -1.94939E-03 
2.76309E-02 -2.83769E-03 
6.56676E-03 7.09864E-03 
7.02256E-03 6.97690E-03 
7.09650E-03 6.39086E-03 
7.55405E-03 6.27495E-03 
8.05099E-03 6.11264E-03 
8.58432E-03 5.90456E-03 
9.15062E-03 5.65185E-03 
9.60897E-03 5.42673E-03 
9.74601E-03 5.35617E-03 
1.04157E-02 4.99167E-03 
1.11087E-02 4.58289E-03 
1.18189E-02 4.13358E-03 
1.25402E-02 3.64791E-03 
1.30839E-02 3.17877E-03 
1.38216E-02 2.63414E-03 
1.45578E-02 2.06303E-03 
1.52867E-02 1.47061E-03 
1.60034E-02 8.62385E-04 
1.67071E-02 2.44207E-04 
1.74076E-02 -3.77479E-04 
1.81530E-02 -9.95634E-04 
1.91118E-02 -1.60684E-03 
2.07165E-02 -2.23618E-03 
2.34401E-02 -2.97997E-03 
2.67304E-02 -3.91962E-03 
2.92530E-02 -4.94874E-03 
7.52528E-03 6.97580E-03 
8.06936E-03 6.74492E-03 
8.00003E-03 6.23718E-03 
8.55153E-03 6.00688E-03 
9.13621E-03 5.73091E-03 
9.75015E-03 5.41097E-03 
1.03891E-02 5.04923E-03 
1.08978E-02 4.74229E-03 
1.10485E-02 4.64830E-03 
1.17768E-02 4.17561E-03 
1.25170E-02 3.66519E-03 
1.32625E-02 3.12171E-03 
1.40071E-02 2.55016E-03 
1.45471E-02 2.02585E-03 
1.52850E-02 1.41240E-03 
1.60094E-02 7.81942E-04 
1.67146E-02 1.40011E-04 
1.73966E-02 -5.07858E-04 
1.80554E-02 -1.15630E-03 
1.87036E-02 -1.80068E-03 
1.93955E-02 -2.43985E-03 
2.03171E-02 -3.08843E-03 
2.19372E-02 -3.81325E-03 
2.47516E-02 -4.74718E-03 
2.81341E-02 -5.90294E-03 
3.06449E-02 -7.04908E-03 
8.63268E-03 6.63549E-03 
9.26033E-03 6.28883E-03 
9.05838E-03 5.86073E-03 
9.69650E-03 5.51118E-03 
1.03594E-02 5.11936E-03 
1.10425E-02 4.68797E-03 
1.17409E-02 4.22010E-03 
1.22886E-02 3.83524E-03 
1.24495E-02 3.71922E-03 
1.32191E-02 3.14656E-03 
1.39879E-02 2.54508E-03 
1.47495E-02 1.92013E-03 
1.54976E-02 1.27721E-03 
1.60190E-02 7.10534E-04 
1.67370E-02 4.57289E-05 
1.74297E-02 -6.25589E-04 
1.80922E-02 -1.29786E-03 
1.87210E-02 -1.96579E-03 
1.93177E-02 -2.62479E-03 
1.98973E-02 -3.27234E-03 
2.05201E-02 -3.91349E-03 
2.13875E-02 -4.58104E-03 
2.30001E-02 -5.38297E-03 
2.58709E-02 -6.48605E-03 
2.93053E-02 -7.83229E-03 
3.17740E-02 -9.06830E-03 
9.88637E-03 6.04488E-03 
1.05874E-02 5.58199E-03 
1.02659E-02 5.23255E-03 
1.09783E-02 4.76582E-03 
1.17055E-02 4.26277E-03 
1.24425E-02 3.72693E-03 
1.31839E-02 3.16213E-03 
1.37573E-02 2.70785E-03 
1.39245E-02 2.57249E-03 
1.47160E-02 1.91392E-03 
1.54936E-02 1.23719E-03 
1.62511E-02 5.48025E-04 
1.69824E-02 -1.47815E-04 
1.74702E-02 -7.41202E-04 
1.81484E-02 -1.43720E-03 
1.87904E-02 -2.12880E-03 
1.93917E-02 -2.81066E-03 
1.99503E-02 -3.47801E-03 
2.04689E-02 -4.12727E-03 
2.09651E-02 -4.75825E-03 
2.15047E-02 -5.38232E-03 
2.23027E-02 -6.05021E-03 
2.38858E-02 -6.90945E-03 
2.67788E-02 -8.15743E-03 
3.02256E-02 -9.66508E-03 
3.26238E-02 -1.09629E-02 
1.12753E-02 5.18820E-03 
1.20351E-02 4.61603E-03 
1.16089E-02 4.34272E-03 
1.23795E-02 3.76819E-03 
1.31541E-02 3.16526E-03 
1.39274E-02 2.53805E-03 
1.46937E-02 1.89092E-03 
1.52783E-02 1.37945E-03 
1.54474E-02 1.22847E-03 
1.62400E-02 5.02432E-04 
1.70056E-02 -2.30000E-04 
1.77381E-02 -9.62962E-04 
1.84322E-02 -1.69073E-03 
1.88710E-02 -2.29334E-03 
1.94904E-02 -2.99892E-03 
2.00634E-02 -3.68925E-03 
2.05868E-02 -4.35949E-03 
2.10596E-02 -5.00559E-03 
2.14862E-02 -5.62521E-03 
2.18865E-02 -6.22062E-03 
2.23311E-02 -6.80946E-03 
2.30465E-02 -7.45966E-03 
2.45800E-02 -8.35577E-03 
2.74624E-02 -9.72188E-03 
3.08841E-02 -1.13593E-02 
3.31866E-02 -1.26910E-02 
1.28419E-02 4.07926E-03 
1.36434E-02 3.40748E-03 
1.31219E-02 3.20519E-03 
1.39289E-02 2.53466E-03 
1.47276E-02 1.84550E-03 
1.55125E-02 1.14238E-03 
1.62782E-02 4.30030E-04 
1.68543E-02 -1.24426E-04 
1.70197E-02 -2.86724E-04 
1.77866E-02 -1.05901E-03 
1.85140E-02 -1.82501E-03 
1.91969E-02 -2.57913E-03 
1.98308E-02 -3.31603E-03 
2.02034E-02 -3.90898E-03 
2.07443E-02 -4.60183E-03 
2.12307E-02 -5.26922E-03 
2.16605E-02 -5.90700E-03 
2.20338E-02 -6.51206E-03 
2.23566E-02 -7.08341E-03 
2.26510E-02 -7.62586E-03 
2.29915E-02 -8.16305E-03 
2.36139E-02 -8.77899E-03 
2.50803E-02 -9.69198E-03 
2.79221E-02 -1.11485E-02 
3.12848E-02 -1.28834E-02 
3.34708E-02 -1.42224E-02 
1.45116E-02 2.70920E-03 
1.53329E-02 1.95560E-03 
1.47289E-02 1.82134E-03 
1.55494E-02 1.07504E-03 
1.63495E-02 3.21038E-04 
1.71239E-02 -4.35766E-04 
1.78676E-02 -1.19055E-03 
1.84190E-02 -1.77015E-03 
1.85760E-02 -1.93854E-03 
1.92954E-02 -2.73215E-03 
1.99640E-02 -3.50703E-03 
2.05778E-02 -4.25805E-03 
2.11333E-02 -4.98051E-03 
2.14264E-02 -5.54476E-03 
2.18736E-02 -6.20318E-03 
2.22598E-02 -6.82699E-03 
2.25840E-02 -7.41290E-03 
2.28477E-02 -7.95887E-03 
2.30583E-02 -8.46534E-03 
2.32398E-02 -8.93956E-03 
2.34702E-02 -9.41084E-03 
2.39916E-02 -9.97775E-03 
2.53756E-02 -1.08883E-02 
2.81491E-02 -1.24069E-02 
3.14215E-02 -1.42064E-02 
3.34735E-02 -1.55281E-02 
1.62365E-02 1.12338E-03 
1.70481E-02 3.11641E-04 
1.63695E-02 2.42686E-04 
1.71766E-02 -5.54183E-04 
1.79532E-02 -1.34757E-03 
1.86947E-02 -2.13283E-03 
1.93961E-02 -2.90538E-03 
1.99086E-02 -3.49151E-03 
2.00531E-02 -3.66064E-03 
2.07069E-02 -4.45059E-03 
2.13000E-02 -5.21030E-03 
2.18292E-02 -5.93525E-03 
2.22922E-02 -6.62147E-03 
2.24963E-02 -7.13981E-03 
2.28388E-02 -7.74457E-03 
2.31155E-02 -8.30693E-03 
2.33265E-02 -8.82459E-03 
2.34747E-02 -9.29665E-03 
2.35689E-02 -9.72500E-03 
2.36348E-02 -1.01192E-02 
2.37528E-02 -1.05137E-02 
2.41692E-02 -1.10197E-02 
2.54591E-02 -1.19103E-02 
2.81399E-02 -1.34625E-02 
3.12952E-02 -1.52943E-02 
3.32006E-02 -1.65766E-02 
1.80750E-02 -6.78964E-04 
1.88608E-02 -1.52665E-03 
1.81167E-02 -1.53088E-03 
1.88894E-02 -2.35557E-03 
1.96190E-02 -3.16522E-03 
2.03012E-02 -3.95513E-03 
2.09325E-02 -4.72098E-03 
2.13840E-02 -5.29448E-03 
2.15098E-02 -5.45874E-03 
2.20690E-02 -6.21859E-03 
2.25602E-02 -6.93751E-03 
2.29814E-02 -7.61193E-03 
2.33313E-02 -8.23882E-03 
2.34309E-02 -8.69260E-03 
2.36542E-02 -9.22411E-03 
2.38095E-02 -9.70728E-03 
2.38983E-02 -1.01409E-02 
2.39246E-02 -1.05251E-02 
2.38982E-02 -1.08632E-02 
2.38459E-02 -1.11671E-02 
2.38500E-02 -1.14753E-02 
2.41580E-02 -1.19101E-02 
2.53433E-02 -1.27648E-02 
2.79096E-02 -1.43249E-02 
3.09235E-02 -1.61597E-02 
3.26717E-02 -1.73834E-02 
1.98996E-02 -2.62816E-03 
2.06275E-02 -3.48268E-03 
1.98192E-02 -3.42158E-03 
2.05287E-02 -4.24525E-03 
2.11861E-02 -5.04309E-03 
2.17881E-02 -5.81093E-03 
2.23325E-02 -6.54511E-03 
2.27128E-02 -7.08794E-03 
2.28170E-02 -7.24225E-03 
2.32694E-02 -7.94873E-03 
2.36476E-02 -8.60517E-03 
2.39513E-02 -9.20913E-03 
2.41807E-02 -9.75878E-03 
2.41718E-02 -1.01345E-02 
2.42719E-02 -1.05787E-02 
2.43036E-02 -1.09704E-02 
2.42692E-02 -1.13094E-02 
2.41740E-02 -1.15970E-02 
2.40288E-02 -1.18379E-02 
2.38614E-02 -1.20455E-02 
2.37546E-02 -1.22625E-02 
2.39554E-02 -1.26195E-02 
2.50300E-02 -1.34252E-02 
2.74644E-02 -1.49689E-02 
3.03184E-02 -1.67793E-02 
3.19044E-02 -1.79290E-02 
2.16999E-02 -4.68517E-03 
2.23426E-02 -5.51747E-03 
2.14679E-02 -5.38713E-03 
2.20868E-02 -6.18033E-03 
2.26479E-02 -6.93848E-03 
2.31490E-02 -7.65823E-03 
2.35882E-02 -8.33653E-03 
2.38842E-02 -8.83115E-03 
2.39634E-02 -8.97060E-03 
2.42949E-02 -9.60207E-03 
2.45499E-02 -1.01771E-02 
2.47286E-02 -1.06939E-02 
2.48319E-02 -1.11517E-02 
2.47118E-02 -1.14386E-02 
2.46865E-02 -1.17846E-02 
2.45939E-02 -1.20757E-02 
2.44375E-02 -1.23126E-02 
2.42234E-02 -1.24979E-02 
2.39634E-02 -1.26373E-02 
2.36859E-02 -1.27460E-02 
2.34736E-02 -1.28694E-02 
2.35703E-02 -1.31446E-02 
2.45305E-02 -1.38907E-02 
2.68194E-02 -1.53966E-02 
2.94987E-02 -1.71585E-02 
3.09206E-02 -1.82223E-02 
2.34190E-02 -6.79045E-03 
2.39709E-02 -7.57830E-03 
2.30440E-02 -7.38021E-03 
2.35615E-02 -8.12125E-03 
2.40173E-02 -8.82001E-03 
2.44069E-02 -9.47242E-03 
2.47270E-02 -1.00752E-02 
2.49272E-02 -1.05064E-02 
2.49779E-02 -1.06266E-02 
2.51715E-02 -1.11622E-02 
2.52871E-02 -1.16361E-02 
2.53271E-02 -1.20482E-02 
2.52940E-02 -1.23988E-02 
2.50564E-02 -1.25856E-02 
2.49024E-02 -1.28236E-02 
2.46850E-02 -1.30066E-02 
2.44085E-02 -1.31364E-02 
2.40797E-02 -1.32162E-02 
2.37108E-02 -1.32528E-02 
2.33303E-02 -1.32626E-02 
2.30198E-02 -1.32932E-02 
2.30179E-02 -1.34855E-02 
2.38630E-02 -1.41643E-02 
2.59965E-02 -1.56141E-02 
2.84912E-02 -1.73073E-02 
2.97509E-02 -1.82771E-02 
2.50331E-02 -8.89858E-03 
2.54526E-02 -9.60864E-03 
2.44576E-02 -9.33304E-03 
2.48434E-02 -9.99199E-03 
2.51622E-02 -1.06011E-02 
2.54141E-02 -1.11589E-02 
2.56001E-02 -1.16644E-02 
2.56996E-02 -1.20194E-02 
2.57213E-02 -1.21172E-02 
2.57788E-02 -1.25450E-02 
2.57615E-02 -1.29096E-02 
2.56711E-02 -1.32112E-02 
2.55107E-02 -1.34509E-02 
2.51649E-02 -1.35363E-02 
2.48914E-02 -1.36650E-02 
2.45585E-02 -1.37398E-02 
2.41716E-02 -1.37633E-02 
2.37380E-02 -1.37396E-02 
2.32704E-02 -1.36763E-02 
2.27973E-02 -1.35909E-02 
2.23986E-02 -1.35321E-02 
2.23056E-02 -1.36430E-02 
2.30369E-02 -1.42493E-02 
2.50084E-02 -1.56276E-02 
2.73117E-02 -1.72352E-02 
2.84133E-02 -1.81059E-02 
2.64462E-02 -1.09300E-02 
2.67353E-02 -1.15457E-02 
2.56990E-02 -1.12006E-02 
2.59622E-02 -1.17673E-02 
2.61548E-02 -1.22793E-02 
2.62758E-02 -1.27347E-02 
2.63267E-02 -1.31328E-02 
2.63199E-02 -1.34020E-02 
2.63105E-02 -1.34743E-02 
2.62222E-02 -1.37805E-02 
2.60629E-02 -1.40233E-02 
2.58343E-02 -1.42034E-02 
2.55404E-02 -1.43227E-02 
2.50828E-02 -1.43002E-02 
2.46896E-02 -1.43152E-02 
2.42442E-02 -1.42799E-02 
2.37524E-02 -1.41975E-02 
2.32218E-02 -1.40728E-02 
2.26650E-02 -1.39138E-02 
2.21097E-02 -1.37384E-02 
2.16333E-02 -1.35959E-02 
2.14581E-02 -1.36291E-02 
2.20796E-02 -1.41603E-02 
2.38863E-02 -1.54556E-02 
2.59961E-02 -1.69650E-02 
2.69470E-02 -1.77351E-02 
2.76894E-02 -1.28587E-02 
2.78279E-02 -1.33579E-02 
2.67277E-02 -1.29308E-02 
2.68371E-02 -1.33781E-02 
2.68756E-02 -1.37675E-02 
2.68478E-02 -1.41002E-02 
2.67554E-02 -1.43766E-02 
2.66418E-02 -1.45525E-02 
2.66019E-02 -1.45979E-02 
2.63720E-02 -1.47768E-02 
2.60791E-02 -1.48958E-02 
2.57261E-02 -1.49565E-02 
2.53159E-02 -1.49609E-02 
2.47639E-02 -1.48377E-02 
2.42684E-02 -1.47467E-02 
2.37273E-02 -1.46094E-02 
2.31465E-02 -1.44295E-02 
2.25341E-02 -1.42125E-02 
2.19026E-02 -1.39667E-02 
2.12791E-02 -1.37103E-02 
2.07379E-02 -1.34923E-02 
2.04914E-02 -1.34539E-02 
2.10089E-02 -1.39099E-02 
2.26513E-02 -1.51138E-02 
2.45689E-02 -1.65161E-02 
2.53784E-02 -1.71869E-02 
2.86592E-02 -1.46028E-02 
2.86379E-02 -1.49688E-02 
2.74872E-02 -1.44642E-02 
2.74602E-02 -1.47913E-02 
2.73681E-02 -1.50623E-02 
2.72095E-02 -1.52755E-02 
2.69872E-02 -1.54318E-02 
2.67743E-02 -1.55149E-02 
2.67057E-02 -1.55332E-02 
2.63411E-02 -1.55842E-02 
2.59179E-02 -1.55774E-02 
2.54402E-02 -1.55156E-02 
2.49136E-02 -1.54025E-02 
2.42683E-02 -1.51780E-02 
2.36755E-02 -1.49828E-02 
2.30456E-02 -1.47473E-02 
2.23851E-02 -1.44757E-02 
2.17017E-02 -1.41737E-02 
2.10076E-02 -1.38496E-02 
2.03287E-02 -1.35215E-02 
1.97352E-02 -1.32373E-02 
1.94281E-02 -1.31344E-02 
1.98491E-02 -1.35173E-02 
2.13302E-02 -1.46247E-02 
2.30602E-02 -1.59146E-02 
2.37393E-02 -1.64898E-02 
2.93723E-02 -1.61367E-02 
2.92039E-02 -1.63684E-02 
2.80087E-02 -1.57890E-02 
2.78312E-02 -1.59814E-02 
2.75854E-02 -1.61148E-02 
2.72787E-02 -1.61926E-02 
2.69177E-02 -1.62184E-02 
2.66040E-02 -1.62043E-02 
2.65071E-02 -1.61949E-02 
2.60154E-02 -1.61186E-02 
2.54782E-02 -1.59932E-02 
2.48982E-02 -1.58209E-02 
2.42788E-02 -1.56043E-02 
2.35623E-02 -1.52924E-02 
2.28934E-02 -1.50070E-02 
2.21952E-02 -1.46872E-02 
2.14739E-02 -1.43375E-02 
2.07373E-02 -1.39636E-02 
1.99971E-02 -1.35740E-02 
1.92780E-02 -1.31863E-02 
1.86463E-02 -1.28471E-02 
1.82909E-02 -1.26888E-02 
1.86242E-02 -1.30027E-02 
1.99501E-02 -1.40115E-02 
2.14998E-02 -1.51871E-02 
2.20608E-02 -1.56726E-02 
2.97883E-02 -1.74152E-02 
2.94567E-02 -1.74969E-02 
2.82147E-02 -1.68414E-02 
2.78938E-02 -1.68981E-02 
2.75246E-02 -1.69075E-02 
2.71079E-02 -1.68699E-02 
2.66363E-02 -1.67802E-02 
2.62396E-02 -1.66789E-02 
2.61192E-02 -1.66445E-02 
2.55172E-02 -1.64508E-02 
2.48736E-02 -1.62113E-02 
2.41963E-02 -1.59317E-02 
2.34905E-02 -1.56160E-02 
2.27094E-02 -1.52221E-02 
2.19734E-02 -1.48536E-02 
2.12169E-02 -1.44578E-02 
2.04463E-02 -1.40395E-02 
1.96688E-02 -1.36043E-02 
1.88956E-02 -1.31604E-02 
1.81494E-02 -1.27246E-02 
1.74922E-02 -1.23414E-02 
1.70999E-02 -1.21368E-02 
1.73549E-02 -1.23869E-02 
1.85332E-02 -1.32975E-02 
1.99118E-02 -1.43595E-02 
2.03675E-02 -1.47624E-02 
2.98894E-02 -1.83950E-02 
2.94238E-02 -1.83414E-02 
2.81534E-02 -1.76228E-02 
2.77118E-02 -1.75557E-02 
2.72211E-02 -1.74412E-02 
2.66769E-02 -1.72763E-02 
2.60895E-02 -1.70672E-02 
2.56115E-02 -1.68793E-02 
2.54688E-02 -1.68206E-02 
2.47714E-02 -1.65193E-02 
2.40467E-02 -1.61831E-02 
2.32971E-02 -1.58142E-02 
2.25269E-02 -1.54161E-02 
2.17008E-02 -1.49559E-02 
2.09190E-02 -1.45214E-02 
2.01250E-02 -1.40665E-02 
1.93243E-02 -1.35959E-02 
1.85238E-02 -1.31148E-02 
1.77336E-02 -1.26311E-02 
1.69752E-02 -1.21607E-02 
1.63060E-02 -1.17458E-02 
1.58889E-02 -1.15054E-02 
1.60763E-02 -1.16987E-02 
1.71177E-02 -1.25147E-02 
1.83378E-02 -1.34676E-02 
1.87021E-02 -1.37971E-02 
2.96773E-02 -1.90755E-02 
2.90866E-02 -1.88903E-02 
2.77936E-02 -1.81141E-02 
2.72268E-02 -1.79193E-02 
2.66223E-02 -1.76850E-02 
2.59917E-02 -1.74193E-02 
2.53336E-02 -1.71212E-02 
2.48009E-02 -1.68654E-02 
2.46414E-02 -1.67865E-02 
2.38632E-02 -1.63890E-02 
2.30650E-02 -1.59630E-02 
2.22534E-02 -1.55138E-02 
2.14317E-02 -1.50443E-02 
2.05735E-02 -1.45292E-02 
1.97590E-02 -1.40402E-02 
1.89404E-02 -1.35382E-02 
1.81228E-02 -1.30275E-02 
1.73123E-02 -1.25128E-02 
1.65182E-02 -1.20014E-02 
1.57600E-02 -1.15083E-02 
1.50904E-02 -1.10727E-02 
1.46590E-02 -1.08060E-02 
1.47883E-02 -1.09492E-02 
1.57023E-02 -1.16744E-02 
1.67751E-02 -1.25227E-02 
1.70603E-02 -1.27872E-02 
2.91556E-02 -1.94368E-02 
2.84633E-02 -1.91362E-02 
2.71608E-02 -1.83149E-02 
2.64936E-02 -1.80093E-02 
2.58059E-02 -1.76771E-02 
2.50961E-02 -1.73175E-02 
2.43585E-02 -1.69267E-02 
2.37731E-02 -1.66060E-02 
2.36004E-02 -1.65099E-02 
2.27695E-02 -1.60381E-02 
2.19275E-02 -1.55459E-02 
2.10782E-02 -1.50366E-02 
2.02258E-02 -1.45137E-02 
1.93518E-02 -1.39586E-02 
1.85209E-02 -1.34303E-02 
1.76931E-02 -1.28957E-02 
1.68731E-02 -1.23586E-02 
1.60663E-02 -1.18237E-02 
1.52811E-02 -1.12975E-02 
1.45348E-02 -1.07935E-02 
1.38757E-02 -1.03482E-02 
1.34401E-02 -1.00647E-02 
1.35214E-02 -1.01655E-02 
1.43196E-02 -1.08060E-02 
1.52583E-02 -1.15569E-02 
1.54769E-02 -1.17656E-02 
2.83417E-02 -1.94823E-02 
2.75573E-02 -1.90751E-02 
2.62658E-02 -1.82268E-02 
2.55294E-02 -1.78344E-02 
2.47732E-02 -1.74173E-02 
2.39994E-02 -1.69771E-02 
2.32101E-02 -1.65157E-02 
2.25895E-02 -1.61447E-02 
2.24068E-02 -1.60343E-02 
2.15337E-02 -1.54993E-02 
2.06585E-02 -1.49519E-02 
1.97876E-02 -1.43977E-02 
1.89245E-02 -1.38396E-02 
1.80539E-02 -1.32624E-02 
1.72254E-02 -1.27122E-02 
1.64056E-02 -1.21612E-02 
1.55986E-02 -1.16129E-02 
1.48092E-02 -1.10715E-02 
1.40449E-02 -1.05429E-02 
1.33214E-02 -1.00394E-02 
1.26824E-02 -9.59453E-03 
1.22516E-02 -9.30315E-03 
1.22945E-02 -9.36907E-03 
1.29887E-02 -9.93219E-03 
1.38071E-02 -1.05938E-02 
1.39709E-02 -1.07559E-02 
2.72595E-02 -1.92246E-02 
2.64160E-02 -1.87376E-02 
2.51504E-02 -1.78777E-02 
2.43544E-02 -1.74087E-02 
2.35416E-02 -1.69184E-02 
2.27252E-02 -1.64166E-02 
2.19076E-02 -1.59050E-02 
2.12771E-02 -1.55052E-02 
2.10929E-02 -1.53875E-02 
2.02088E-02 -1.48162E-02 
1.93210E-02 -1.42330E-02 
1.84419E-02 -1.36477E-02 
1.75788E-02 -1.30663E-02 
1.67226E-02 -1.24789E-02 
1.59090E-02 -1.19199E-02 
1.51094E-02 -1.13654E-02 
1.43269E-02 -1.08182E-02 
1.35653E-02 -1.02816E-02 
1.28314E-02 -9.76092E-03 
1.21392E-02 -9.26746E-03 
1.15280E-02 -8.83170E-03 
1.11095E-02 -8.54017E-03 
1.11226E-02 -8.57853E-03 
1.17247E-02 -9.07196E-03 
1.24362E-02 -9.65306E-03 
1.25559E-02 -9.77704E-03 
2.59528E-02 -1.86954E-02 
2.50551E-02 -1.81361E-02 
2.38246E-02 -1.72765E-02 
2.30055E-02 -1.67617E-02 
2.21695E-02 -1.62265E-02 
2.13369E-02 -1.56864E-02 
2.05121E-02 -1.51449E-02 
1.98697E-02 -1.47180E-02 
1.96813E-02 -1.45919E-02 
1.87885E-02 -1.39902E-02 
1.79135E-02 -1.33943E-02 
1.70557E-02 -1.28044E-02 
1.62156E-02 -1.22212E-02 
1.53877E-02 -1.16380E-02 
1.46002E-02 -1.10824E-02 
1.38299E-02 -1.05349E-02 
1.30802E-02 -9.99849E-03 
1.23544E-02 -9.47607E-03 
1.16582E-02 -8.97218E-03 
1.10039E-02 -8.49671E-03 
1.04264E-02 -8.07716E-03 
1.00262E-02 -7.79203E-03 
1.00172E-02 -7.80946E-03 
1.05386E-02 -8.24110E-03 
1.11561E-02 -8.75059E-03 
1.12409E-02 -8.84414E-03 
2.44435E-02 -1.79143E-02 
2.35331E-02 -1.73182E-02 
2.23520E-02 -1.64748E-02 
2.15181E-02 -1.59248E-02 
2.06850E-02 -1.53691E-02 
1.98551E-02 -1.48093E-02 
1.90330E-02 -1.42495E-02 
1.84000E-02 -1.38147E-02 
1.82154E-02 -1.36873E-02 
1.73440E-02 -1.30825E-02 
1.64907E-02 -1.24852E-02 
1.56602E-02 -1.18994E-02 
1.48518E-02 -1.13251E-02 
1.40630E-02 -1.07579E-02 
1.33131E-02 -1.02182E-02 
1.25832E-02 -9.68961E-03 
1.18757E-02 -9.17451E-03 
1.11935E-02 -8.67532E-03 
1.05413E-02 -8.19589E-03 
9.92993E-03 -7.74497E-03 
9.39062E-03 -7.34730E-03 
9.01311E-03 -7.07380E-03 
8.98872E-03 -7.07618E-03 
9.44002E-03 -7.45378E-03 
9.97570E-03 -7.90037E-03 
1.00335E-02 -7.97015E-03 
2.27932E-02 -1.69345E-02 
2.18883E-02 -1.63203E-02 
2.07751E-02 -1.55125E-02 
1.99554E-02 -1.49540E-02 
1.91336E-02 -1.43886E-02 
1.83172E-02 -1.38222E-02 
1.75137E-02 -1.32605E-02 
1.69022E-02 -1.28304E-02 
1.67258E-02 -1.27058E-02 
1.58977E-02 -1.21192E-02 
1.50861E-02 -1.15400E-02 
1.42910E-02 -1.09686E-02 
1.35206E-02 -1.04116E-02 
1.27780E-02 -9.86967E-03 
1.20742E-02 -9.35553E-03 
1.13920E-02 -8.85478E-03 
1.07330E-02 -8.36870E-03 
1.00993E-02 -7.89925E-03 
9.49486E-03 -7.44971E-03 
8.92934E-03 -7.02784E-03 
8.43055E-03 -6.65589E-03 
8.07861E-03 -6.39774E-03 
8.04413E-03 -6.38991E-03 
8.43510E-03 -6.72075E-03 
8.89998E-03 -7.11260E-03 
8.93720E-03 -7.16408E-03 
2.10534E-02 -1.58048E-02 
2.01800E-02 -1.51979E-02 
1.91397E-02 -1.44344E-02 
1.83448E-02 -1.38805E-02 
1.75592E-02 -1.33291E-02 
1.67745E-02 -1.27741E-02 
1.60057E-02 -1.22270E-02 
1.54261E-02 -1.18129E-02 
1.52591E-02 -1.16932E-02 
1.44772E-02 -1.11312E-02 
1.37130E-02 -1.05785E-02 
1.29694E-02 -1.00375E-02 
1.22514E-02 -9.51249E-03 
1.15615E-02 -9.00398E-03 
1.09080E-02 -8.52168E-03 
1.02768E-02 -8.05386E-03 
9.66871E-03 -7.60124E-03 
9.08524E-03 -7.16516E-03 
8.52976E-03 -6.74841E-03 
8.01071E-03 -6.35791E-03 
7.55287E-03 -6.01358E-03 
7.22769E-03 -5.77290E-03 
7.18712E-03 -5.75856E-03 
7.52633E-03 -6.04917E-03 
7.93011E-03 -6.39360E-03 
7.95162E-03 -6.43100E-03 
1.92814E-02 -1.45825E-02 
1.84512E-02 -1.39970E-02 
1.74979E-02 -1.32934E-02 
1.67403E-02 -1.27577E-02 
1.59983E-02 -1.22304E-02 
1.52653E-02 -1.17064E-02 
1.45451E-02 -1.11888E-02 
1.40028E-02 -1.07975E-02 
1.38471E-02 -1.06850E-02 
1.31182E-02 -1.01564E-02 
1.24070E-02 -9.63799E-03 
1.17178E-02 -9.13298E-03 
1.10563E-02 -8.64610E-03 
1.04254E-02 -8.17830E-03 
9.82673E-03 -7.73385E-03 
9.24854E-03 -7.30270E-03 
8.69200E-03 -6.88591E-03 
8.15869E-03 -6.48486E-03 
7.65152E-03 -6.10200E-03 
7.17793E-03 -5.74343E-03 
6.75997E-03 -5.42705E-03 
6.46134E-03 -5.20457E-03 
6.41741E-03 -5.18627E-03 
6.71207E-03 -5.44218E-03 
7.06300E-03 -5.74542E-03 
7.07224E-03 -5.77170E-03 
1.75532E-02 -1.33404E-02 
1.67763E-02 -1.27887E-02 
1.59125E-02 -1.21509E-02 
1.52071E-02 -1.16490E-02 
1.45133E-02 -1.11530E-02 
1.38368E-02 -1.06673E-02 
1.31745E-02 -1.01895E-02 
1.26765E-02 -9.82909E-03 
1.25336E-02 -9.72554E-03 
1.18620E-02 -9.23701E-03 
1.12066E-02 -8.75765E-03 
1.05754E-02 -8.29392E-03 
9.97313E-03 -7.84959E-03 
9.39904E-03 -7.42296E-03 
8.85297E-03 -7.01629E-03 
8.32592E-03 -6.62196E-03 
7.81886E-03 -6.24082E-03 
7.33316E-03 -5.87405E-03 
6.87137E-03 -5.52384E-03 
6.44012E-03 -5.19567E-03 
6.05909E-03 -4.90570E-03 
5.78528E-03 -4.70060E-03 
5.73948E-03 -4.67974E-03 
5.99583E-03 -4.90571E-03 
6.30109E-03 -5.17320E-03 
6.30030E-03 -5.19019E-03 
1.59054E-02 -1.21248E-02 
1.51879E-02 -1.16154E-02 
1.44158E-02 -1.10482E-02 
1.37681E-02 -1.05873E-02 
1.31307E-02 -1.01318E-02 
1.25123E-02 -9.68834E-03 
1.19082E-02 -9.25322E-03 
1.14558E-02 -8.92640E-03 
1.13257E-02 -8.83222E-03 
1.07140E-02 -8.38781E-03 
1.01181E-02 -7.95256E-03 
9.54663E-03 -7.53322E-03 
8.99966E-03 -7.12986E-03 
8.47824E-03 -6.74229E-03 
7.98148E-03 -6.37190E-03 
7.50235E-03 -6.01276E-03 
7.04139E-03 -5.66536E-03 
6.59963E-03 -5.33064E-03 
6.17934E-03 -5.01056E-03 
5.78647E-03 -4.71010E-03 
5.43874E-03 -4.44399E-03 
5.18723E-03 -4.25449E-03 
5.13991E-03 -4.23137E-03 
5.36236E-03 -4.43065E-03 
5.62710E-03 -4.66615E-03 
5.61725E-03 -4.67452E-03 
1.44015E-02 -1.10020E-02 
1.37475E-02 -1.05405E-02 
1.30590E-02 -1.00394E-02 
1.24713E-02 -9.62361E-03 
1.18920E-02 -9.21189E-03 
1.13299E-02 -8.81102E-03 
1.07831E-02 -8.41931E-03 
1.03721E-02 -8.12376E-03 
1.02543E-02 -8.03894E-03 
9.70159E-03 -7.63934E-03 
9.16240E-03 -7.24699E-03 
8.64319E-03 -6.86703E-03 
8.14659E-03 -6.50149E-03 
7.67394E-03 -6.15045E-03 
7.22248E-03 -5.81363E-03 
6.78616E-03 -5.48598E-03 
6.36573E-03 -5.16815E-03 
5.96223E-03 -4.86111E-03 
5.57779E-03 -4.56677E-03 
5.21790E-03 -4.28978E-03 
4.89859E-03 -4.04365E-03 
4.66584E-03 -3.86688E-03 
4.61644E-03 -3.84087E-03 
4.80839E-03 -4.01582E-03 
5.03671E-03 -4.22218E-03 
5.01796E-03 -4.22178E-03 
1.30855E-02 -1.00231E-02 
1.24961E-02 -9.61167E-03 
1.18829E-02 -9.17120E-03 
1.13497E-02 -8.79719E-03 
1.08259E-02 -8.42802E-03 
1.03149E-02 -8.06629E-03 
9.81936E-03 -7.71383E-03 
9.44534E-03 -7.44653E-03 
9.33821E-03 -7.36979E-03 
8.83693E-03 -7.00931E-03 
8.34800E-03 -6.65492E-03 
7.87434E-03 -6.30901E-03 
7.42069E-03 -5.97532E-03 
6.98857E-03 -5.65413E-03 
6.57480E-03 -5.34463E-03 
6.17415E-03 -5.04251E-03 
5.78714E-03 -4.74830E-03 
5.41501E-03 -4.46316E-03 
5.05987E-03 -4.18900E-03 
4.72683E-03 -3.93030E-03 
4.43053E-03 -3.69954E-03 
4.21251E-03 -3.53200E-03 
4.15973E-03 -3.50172E-03 
4.32344E-03 -3.65366E-03 
4.51822E-03 -3.83265E-03 
4.49012E-03 -3.82274E-03 
1.19966E-02 -9.23444E-03 
1.14646E-02 -8.86752E-03 
1.09145E-02 -8.47767E-03 
1.04271E-02 -8.13838E-03 
9.94972E-03 -7.80445E-03 
9.48260E-03 -7.47578E-03 
9.02934E-03 -7.15505E-03 
8.68519E-03 -6.90986E-03 
8.58600E-03 -6.83894E-03 
8.12460E-03 -6.50766E-03 
7.67595E-03 -6.18265E-03 
7.24017E-03 -5.86396E-03 
6.81944E-03 -5.55331E-03 
6.41802E-03 -5.25329E-03 
6.03255E-03 -4.96282E-03 
5.65862E-03 -4.67832E-03 
5.29687E-03 -4.40047E-03 
4.94850E-03 -4.13045E-03 
4.61563E-03 -3.87025E-03 
4.30307E-03 -3.62416E-03 
4.02423E-03 -3.40385E-03 
3.81676E-03 -3.24173E-03 
3.75891E-03 -3.20533E-03 
3.89572E-03 -3.33476E-03 
4.05888E-03 -3.48730E-03 
4.02066E-03 -3.46679E-03 
1.11573E-02 -8.66637E-03 
1.06666E-02 -8.33025E-03 
1.01669E-02 -7.97928E-03 
9.71340E-03 -7.66435E-03 
9.27135E-03 -7.35552E-03 
8.83513E-03 -7.04830E-03 
8.41200E-03 -6.74823E-03 
8.09034E-03 -6.51823E-03 
7.99695E-03 -6.45111E-03 
7.56093E-03 -6.13597E-03 
7.13947E-03 -5.82830E-03 
6.73071E-03 -5.52670E-03 
6.33227E-03 -5.22913E-03 
5.95039E-03 -4.93999E-03 
5.58289E-03 -4.65898E-03 
5.22657E-03 -4.38364E-03 
4.88178E-03 -4.11445E-03 
4.54961E-03 -3.85255E-03 
4.23211E-03 -3.59995E-03 
3.93389E-03 -3.36085E-03 
3.66730E-03 -3.14619E-03 
3.46646E-03 -2.98582E-03 
3.40172E-03 -2.94131E-03 
3.51231E-03 -3.04811E-03 
3.64507E-03 -3.17447E-03 
3.59599E-03 -3.14232E-03 
1.05683E-02 -8.32796E-03 
1.01036E-02 -8.00842E-03 
9.63755E-03 -7.68069E-03 
9.20422E-03 -7.37708E-03 
8.78178E-03 -7.07881E-03 
8.36449E-03 -6.78137E-03 
7.95597E-03 -6.48746E-03 
7.64719E-03 -6.26338E-03 
7.55702E-03 -6.19752E-03 
7.13445E-03 -5.88674E-03 
6.72539E-03 -5.58248E-03 
6.32722E-03 -5.28266E-03 
5.93982E-03 -4.98723E-03 
5.56912E-03 -4.70060E-03 
5.21054E-03 -4.42030E-03 
4.86237E-03 -4.14513E-03 
4.52590E-03 -3.87641E-03 
4.20239E-03 -3.61552E-03 
3.89388E-03 -3.36449E-03 
3.60461E-03 -3.12734E-03 
3.34586E-03 -2.91421E-03 
3.14844E-03 -2.75250E-03 
3.07527E-03 -2.69812E-03 
3.16002E-03 -2.78188E-03 
3.26326E-03 -2.88208E-03 
3.20299E-03 -2.83760E-03 
1.02061E-02 -8.20432E-03 
9.75285E-03 -7.88674E-03 
9.30088E-03 -7.56369E-03 
8.87530E-03 -7.25884E-03 
8.45582E-03 -6.95522E-03 
8.04241E-03 -6.65288E-03 
7.63670E-03 -6.35312E-03 
7.32826E-03 -6.12288E-03 
7.23837E-03 -6.05535E-03 
6.81506E-03 -5.73486E-03 
6.40530E-03 -5.42097E-03 
6.00569E-03 -5.11098E-03 
5.61650E-03 -4.80524E-03 
5.24511E-03 -4.50962E-03 
4.88690E-03 -4.22146E-03 
4.54029E-03 -3.93973E-03 
4.20616E-03 -3.66550E-03 
3.88597E-03 -3.40034E-03 
3.58187E-03 -3.14644E-03 
3.29782E-03 -2.90763E-03 
3.04398E-03 -2.69326E-03 
2.84795E-03 -2.52823E-03 
2.76547E-03 -2.46280E-03 
2.82472E-03 -2.52315E-03 
2.89929E-03 -2.59719E-03 
2.82822E-03 -2.54044E-03 
1.00246E-02 -8.25361E-03 
9.56656E-03 -7.92203E-03 
9.11313E-03 -7.58814E-03 
8.67992E-03 -7.26698E-03 
8.25176E-03 -6.94600E-03 
7.82863E-03 -6.62514E-03 
7.41196E-03 -6.30576E-03 
7.09434E-03 -6.05974E-03 
7.00207E-03 -5.98785E-03 
6.56770E-03 -5.64684E-03 
6.14513E-03 -5.31112E-03 
5.73343E-03 -4.98013E-03 
5.33357E-03 -4.65492E-03 
4.95413E-03 -4.34275E-03 
4.58934E-03 -4.03976E-03 
4.23819E-03 -3.74543E-03 
3.90173E-03 -3.46104E-03 
3.58146E-03 -3.18823E-03 
3.27927E-03 -2.92905E-03 
2.99872E-03 -2.68700E-03 
2.74877E-03 -2.47047E-03 
2.55371E-03 -2.30173E-03 
2.46216E-03 -2.22524E-03 
2.49691E-03 -2.26245E-03 
2.54433E-03 -2.31107E-03 
2.46393E-03 -2.24324E-03 
9.94132E-03 -8.39852E-03 
9.46734E-03 -8.04138E-03 
8.99899E-03 -7.68315E-03 
8.54961E-03 -7.33642E-03 
8.10214E-03 -6.98714E-03 
7.66070E-03 -6.63859E-03 
7.22274E-03 -6.28895E-03 
6.89015E-03 -6.02089E-03 
6.79376E-03 -5.94276E-03 
6.33741E-03 -5.57013E-03 
5.89377E-03 -5.20388E-03 
5.46488E-03 -4.84614E-03 
5.04933E-03 -4.49596E-03 
4.65716E-03 -4.16229E-03 
4.28290E-03 -3.84129E-03 
3.92531E-03 -3.53227E-03 
3.58562E-03 -3.23669E-03 
3.26507E-03 -2.95603E-03 
2.96526E-03 -2.69206E-03 
2.68922E-03 -2.44785E-03 
2.44457E-03 -2.23069E-03 
2.25212E-03 -2.05990E-03 
2.15318E-03 -1.97378E-03 
2.16521E-03 -1.98900E-03 
2.18779E-03 -2.01376E-03 
2.10084E-03 -1.93740E-03 
9.84570E-03 -8.52967E-03 
9.34942E-03 -8.14004E-03 
8.86053E-03 -7.75124E-03 
8.38967E-03 -7.37322E-03 
7.91925E-03 -6.99124E-03 
7.45424E-03 -6.60943E-03 
6.99329E-03 -6.22692E-03 
6.64209E-03 -5.93284E-03 
6.54053E-03 -5.84736E-03 
6.06184E-03 -5.44189E-03 
5.59617E-03 -5.04343E-03 
5.14870E-03 -4.65715E-03 
4.71752E-03 -4.28168E-03 
4.31432E-03 -3.92778E-03 
3.93292E-03 -3.59081E-03 
3.57187E-03 -3.26989E-03 
3.23223E-03 -2.96636E-03 
2.91524E-03 -2.68169E-03 
2.62212E-03 -2.41733E-03 
2.35505E-03 -2.17558E-03 
2.12007E-03 -1.96232E-03 
1.93425E-03 -1.79361E-03 
1.83139E-03 -1.70118E-03 
1.82388E-03 -1.69699E-03 
1.82520E-03 -1.70088E-03 
1.73592E-03 -1.62007E-03 
9.60305E-03 -8.51016E-03 
9.08363E-03 -8.08679E-03 
8.57642E-03 -7.66899E-03 
8.08634E-03 -7.26144E-03 
7.59697E-03 -6.85005E-03 
7.11226E-03 -6.43826E-03 
6.63317E-03 -6.02711E-03 
6.26760E-03 -5.71076E-03 
6.16231E-03 -5.61923E-03 
5.66706E-03 -5.18617E-03 
5.18652E-03 -4.76216E-03 
4.72768E-03 -4.35414E-03 
4.28992E-03 -3.96198E-03 
3.88479E-03 -3.59671E-03 
3.50465E-03 -3.25210E-03 
3.14905E-03 -2.92819E-03 
2.81873E-03 -2.62605E-03 
2.51441E-03 -2.34666E-03 
2.23664E-03 -2.09084E-03 
1.98664E-03 -1.85997E-03 
1.76870E-03 -1.65831E-03 
1.59597E-03 -1.49838E-03 
1.49461E-03 -1.40502E-03 
1.47237E-03 -1.38578E-03 
1.45762E-03 -1.37346E-03 
1.37157E-03 -1.29378E-03 
9.07357E-03 -8.19481E-03 
8.54023E-03 -7.74632E-03 
8.02315E-03 -7.30760E-03 
7.52411E-03 -6.88033E-03 
7.02677E-03 -6.45013E-03 
6.53426E-03 -6.01987E-03 
6.05060E-03 -5.59333E-03 
5.68190E-03 -5.26564E-03 
5.57585E-03 -5.17099E-03 
5.08056E-03 -4.72660E-03 
4.60301E-03 -4.29463E-03 
4.15053E-03 -3.88248E-03 
3.72345E-03 -3.49095E-03 
3.33323E-03 -3.13130E-03 
2.97148E-03 -2.79637E-03 
2.63749E-03 -2.48594E-03 
2.33178E-03 -2.20088E-03 
2.05431E-03 -1.94144E-03 
1.80478E-03 -1.70757E-03 
1.58332E-03 -1.49962E-03 
1.39239E-03 -1.32008E-03 
1.24119E-03 -1.17779E-03 
1.14843E-03 -1.09071E-03 
1.11793E-03 -1.06260E-03 
1.09379E-03 -1.04043E-03 
1.01735E-03 -9.68409E-04 
8.16745E-03 -7.48541E-03 
7.63386E-03 -7.02522E-03 
7.11938E-03 -6.57791E-03 
6.62527E-03 -6.14479E-03 
6.13663E-03 -5.71236E-03 
5.65397E-03 -5.28124E-03 
5.18575E-03 -4.85950E-03 
4.83126E-03 -4.53785E-03 
4.72934E-03 -4.44501E-03 
4.25840E-03 -4.01401E-03 
3.80985E-03 -3.60046E-03 
3.39077E-03 -3.21164E-03 
3.00120E-03 -2.84814E-03 
2.65021E-03 -2.51908E-03 
2.33050E-03 -2.21820E-03 
2.04049E-03 -1.94442E-03 
1.77951E-03 -1.69738E-03 
1.54655E-03 -1.47641E-03 
1.34048E-03 -1.28062E-03 
1.16044E-03 -1.10933E-03 
1.00722E-03 -9.63403E-04 
8.86346E-04 -8.48221E-04 
8.09791E-04 -7.75322E-04 
7.78557E-04 -7.45737E-04 
7.52530E-04 -7.21089E-04 
6.91656E-04 -6.62993E-04 
6.91086E-03 -6.39920E-03 
6.39151E-03 -5.94188E-03 
5.89329E-03 -5.49988E-03 
5.41864E-03 -5.07564E-03 
4.95491E-03 -4.65768E-03 
4.50296E-03 -4.24694E-03 
4.07114E-03 -3.85160E-03 
3.74902E-03 -3.55473E-03 
3.65719E-03 -3.46981E-03 
3.23813E-03 -3.08066E-03 
2.84820E-03 -2.71617E-03 
2.49164E-03 -2.38099E-03 
2.16819E-03 -2.07539E-03 
1.88387E-03 -1.80563E-03 
1.63065E-03 -1.56458E-03 
1.40604E-03 -1.35020E-03 
1.20831E-03 -1.16107E-03 
1.03543E-03 -9.95425E-04 
8.85390E-04 -8.51493E-04 
7.56527E-04 -7.27760E-04 
6.48402E-04 -6.23872E-04 
5.63657E-04 -5.42413E-04 
5.08915E-04 -4.89784E-04 
4.83713E-04 -4.65561E-04 
4.62398E-04 -4.45061E-04 
4.20487E-04 -4.04722E-04 
5.47860E-03 -5.10468E-03 
4.99004E-03 -4.66730E-03 
4.52439E-03 -4.24749E-03 
4.08601E-03 -3.84959E-03 
3.66423E-03 -3.46392E-03 
3.26182E-03 -3.09334E-03 
2.88490E-03 -2.74400E-03 
2.61114E-03 -2.48885E-03 
2.53387E-03 -2.41662E-03 
2.18830E-03 -2.09243E-03 
1.87807E-03 -1.79978E-03 
1.60422E-03 -1.54019E-03 
1.36534E-03 -1.31279E-03 
1.16316E-03 -1.11962E-03 
9.88933E-04 -9.52690E-04 
8.39094E-04 -8.08796E-04 
7.10874E-04 -6.85446E-04 
6.01526E-04 -5.80112E-04 
5.08609E-04 -4.90522E-04 
4.30194E-04 -4.14869E-04 
3.65302E-04 -3.52238E-04 
3.14844E-04 -3.03522E-04 
2.82005E-04 -2.71795E-04 
2.66055E-04 -2.56347E-04 
2.52583E-04 -2.43285E-04 
2.28236E-04 -2.19753E-04 
---
