PdfType: replica
Format: lhagrid1
---
1.00000E-06 1.28121E-06 1.64152E-06 2.10317E-06 2.69463E-06 3.45242E-06 4.42329E-06 5.66715E-06 7.26076E-06 9.30241E-06 1.19180E-05 1.52689E-05 1.95617E-05 2.50609E-05 3.21053E-05 4.11287E-05 5.26863E-05 6.74889E-05 8.64459E-05 1.10720E-04 1.41800E-04 1.81585E-04 2.32503E-04 2.97652E-04 3.80981E-04 4.87518E-04 6.26039E-04 8.00452E-04 1.02297E-03 1.30657E-03 1.66759E-03 2.12729E-03 2.71054E-03 3.44865E-03 4.37927E-03 5.54908E-03 7.01192E-03 8.83064E-03 1.10763E-02 1.38266E-02 1.71641E-02 2.11717E-02 2.59364E-02 3.15062E-02 3.79623E-02 4.53425E-02 5.36750E-02 6.29705E-02 7.32221E-02 8.44039E-02 9.64793E-02 1.09332E-01 1.23067E-01 1.37507E-01 1.52639E-01 1.68416E-01 1.84794E-01 2.01731E-01 2.19016E-01 2.36948E-01 2.55242E-01 2.73927E-01 2.92954E-01 3.12340E-01 3.32036E-01 3.52019E-01 3.72282E-01 3.92772E-01 4.13533E-01 4.34326E-01 4.55495E-01 4.76836E-01 4.98342E-01 5.20006E-01 5.41818E-01 5.63773E-01 5.85861E-01 6.08077E-01 6.30459E-01 6.52800E-01 6.75387E-01 6.98063E-01 7.20830E-01 7.43683E-01 7.66623E-01 7.89636E-01 8.12791E-01 8.35940E-01 8.59175E-01 8.82485E-01 9.05866E-01 9.29311E-01 9.52817E-01 9.76387E-01 1.00000E+00 
1.14018E+00 1.22539E+00 1.32482E+00 1.44156E+00 1.57954E+00 1.74381E+00 1.94091E+00 2.12132E+00 2.17945E+00 2.49622E+00 2.89383E+00 3.39925E+00 4.05063E+00 4.90286E+00 6.03623E+00 7.57063E+00 9.68869E+00 1.26749E+01 1.69835E+01 2.33578E+01 3.30501E+01 4.82334E+01 7.28041E+01 1.13998E+02 1.85779E+02 3.16228E+02 
908 909 
-8.01795E-05 -4.28542E-05 
-8.39143E-05 -4.35376E-05 
-7.77349E-05 -4.43193E-05 
-8.31240E-05 -4.50889E-05 
-8.87888E-05 -4.58952E-05 
-9.47468E-05 -4.67529E-05 
-1.01021E-04 -4.76782E-05 
-1.06110E-04 -4.84517E-05 
-1.07639E-04 -4.86887E-05 
-1.15202E-04 -4.98952E-05 
-1.23259E-04 -5.12457E-05 
-1.31876E-04 -5.27634E-05 
-1.41129E-04 -5.44693E-05 
-1.49748E-04 -5.62787E-05 
-1.61583E-04 -5.84197E-05 
-1.74460E-04 -6.07809E-05 
-1.88515E-04 -6.33738E-05 
-2.03921E-04 -6.62093E-05 
-2.20926E-04 -6.93087E-05 
-2.40016E-04 -7.27470E-05 
-2.62485E-04 -7.68131E-05 
-2.92349E-04 -8.25151E-05 
-3.40088E-04 -9.24632E-05 
-4.19108E-04 -1.09514E-04 
-5.20934E-04 -1.30207E-04 
-6.15426E-04 -1.46162E-04 
-8.91687E-05 -4.46739E-05 
-9.29368E-05 -4.55129E-05 
-8.67612E-05 -4.65126E-05 
-9.22118E-05 -4.74300E-05 
-9.79438E-05 -4.83883E-05 
-1.03977E-04 -4.94034E-05 
-1.10336E-04 -5.04930E-05 
-1.15501E-04 -5.13989E-05 
-1.17055E-04 -5.16756E-05 
-1.24746E-04 -5.30771E-05 
-1.32959E-04 -5.46324E-05 
-1.41766E-04 -5.63639E-05 
-1.51247E-04 -5.82912E-05 
-1.60186E-04 -6.02487E-05 
-1.72377E-04 -6.25900E-05 
-1.85666E-04 -6.51492E-05 
-2.00198E-04 -6.79330E-05 
-2.16151E-04 -7.09468E-05 
-2.33785E-04 -7.42060E-05 
-2.53606E-04 -7.77827E-05 
-2.76973E-04 -8.19764E-05 
-3.08100E-04 -8.78509E-05 
-3.57987E-04 -9.81605E-05 
-4.40655E-04 -1.15870E-04 
-5.47062E-04 -1.37189E-04 
-6.45472E-04 -1.53187E-04 
-9.74543E-05 -4.78173E-05 
-1.01317E-04 -4.87864E-05 
-9.52548E-05 -4.99404E-05 
-1.00824E-04 -5.09823E-05 
-1.06682E-04 -5.20687E-05 
-1.12850E-04 -5.32171E-05 
-1.19358E-04 -5.44463E-05 
-1.24649E-04 -5.54651E-05 
-1.26241E-04 -5.57757E-05 
-1.34134E-04 -5.73436E-05 
-1.42581E-04 -5.90737E-05 
-1.51657E-04 -6.09871E-05 
-1.61453E-04 -6.31011E-05 
-1.70797E-04 -6.51523E-05 
-1.83432E-04 -6.76485E-05 
-1.97227E-04 -7.03553E-05 
-2.12331E-04 -7.32742E-05 
-2.28931E-04 -7.64038E-05 
-2.47295E-04 -7.97530E-05 
-2.67951E-04 -8.33901E-05 
-2.92321E-04 -8.76257E-05 
-3.24834E-04 -9.35816E-05 
-3.77043E-04 -1.04159E-04 
-4.63620E-04 -1.22417E-04 
-5.74913E-04 -1.44192E-04 
-6.77468E-04 -1.59989E-04 
-1.05607E-04 -5.20092E-05 
-1.09622E-04 -5.30781E-05 
-1.03766E-04 -5.43244E-05 
-1.09509E-04 -5.54634E-05 
-1.15549E-04 -5.66503E-05 
-1.21909E-04 -5.79042E-05 
-1.28625E-04 -5.92448E-05 
-1.34089E-04 -6.03544E-05 
-1.35735E-04 -6.06922E-05 
-1.43899E-04 -6.23948E-05 
-1.52651E-04 -6.42663E-05 
-1.62074E-04 -6.63260E-05 
-1.72264E-04 -6.85881E-05 
-1.82086E-04 -7.06750E-05 
-1.95249E-04 -7.32759E-05 
-2.09635E-04 -7.60754E-05 
-2.25398E-04 -7.90682E-05 
-2.42733E-04 -8.22453E-05 
-2.61917E-04 -8.56077E-05 
-2.83498E-04 -8.92191E-05 
-3.08968E-04 -9.33999E-05 
-3.42983E-04 -9.93281E-05 
-3.97693E-04 -1.10044E-04 
-4.88470E-04 -1.28676E-04 
-6.04979E-04 -1.50659E-04 
-7.11903E-04 -1.65945E-04 
-1.14163E-04 -5.69319E-05 
-1.18384E-04 -5.80697E-05 
-1.12805E-04 -5.93530E-05 
-1.18770E-04 -6.05609E-05 
-1.25040E-04 -6.18204E-05 
-1.31644E-04 -6.31516E-05 
-1.38620E-04 -6.45754E-05 
-1.44299E-04 -6.57535E-05 
-1.46010E-04 -6.61120E-05 
-1.54507E-04 -6.79171E-05 
-1.63629E-04 -6.98963E-05 
-1.73467E-04 -7.20659E-05 
-1.84123E-04 -7.44365E-05 
-1.94484E-04 -7.64992E-05 
-2.08247E-04 -7.91525E-05 
-2.23297E-04 -8.19866E-05 
-2.39795E-04 -8.49885E-05 
-2.57940E-04 -8.81403E-05 
-2.78019E-04 -9.14337E-05 
-3.00602E-04 -9.49261E-05 
-3.27251E-04 -9.89451E-05 
-3.62872E-04 -1.04720E-04 
-4.20262E-04 -1.15411E-04 
-5.15539E-04 -1.34179E-04 
-6.37605E-04 -1.56044E-04 
-7.49099E-04 -1.70446E-04 
-1.23576E-04 -6.22749E-05 
-1.28044E-04 -6.34523E-05 
-1.22793E-04 -6.47255E-05 
-1.29021E-04 -6.59753E-05 
-1.35564E-04 -6.72805E-05 
-1.42454E-04 -6.86625E-05 
-1.49733E-04 -7.01427E-05 
-1.55663E-04 -7.13681E-05 
-1.57451E-04 -7.17411E-05 
-1.66333E-04 -7.36178E-05 
-1.75880E-04 -7.56715E-05 
-1.86191E-04 -7.79150E-05 
-1.97376E-04 -8.03539E-05 
-2.08324E-04 -8.23309E-05 
-2.22747E-04 -8.49824E-05 
-2.38523E-04 -8.77904E-05 
-2.55818E-04 -9.07330E-05 
-2.74835E-04 -9.37820E-05 
-2.95870E-04 -9.69180E-05 
-3.19513E-04 -1.00190E-04 
-3.47405E-04 -1.03929E-04 
-3.84721E-04 -1.09406E-04 
-4.44959E-04 -1.19875E-04 
-5.45033E-04 -1.38481E-04 
-6.72982E-04 -1.59824E-04 
-7.89211E-04 -1.72903E-04 
-1.34191E-04 -6.77621E-05 
-1.38940E-04 -6.89525E-05 
-1.34048E-04 -7.01753E-05 
-1.40572E-04 -7.14419E-05 
-1.47420E-04 -7.27680E-05 
-1.54630E-04 -7.41760E-05 
-1.62249E-04 -7.56873E-05 
-1.68459E-04 -7.69400E-05 
-1.70332E-04 -7.73214E-05 
-1.79643E-04 -7.92399E-05 
-1.89663E-04 -8.13355E-05 
-2.00497E-04 -8.36165E-05 
-2.12264E-04 -8.60825E-05 
-2.23834E-04 -8.79093E-05 
-2.38967E-04 -9.05018E-05 
-2.55519E-04 -9.32192E-05 
-2.73661E-04 -9.60291E-05 
-2.93599E-04 -9.88913E-05 
-3.15635E-04 -1.01774E-04 
-3.40381E-04 -1.04714E-04 
-3.69562E-04 -1.08043E-04 
-4.08642E-04 -1.13058E-04 
-4.71878E-04 -1.23070E-04 
-5.77028E-04 -1.41153E-04 
-7.11154E-04 -1.61492E-04 
-8.32234E-04 -1.72745E-04 
-1.46243E-04 -7.31638E-05 
-1.51297E-04 -7.43433E-05 
-1.46784E-04 -7.54796E-05 
-1.53628E-04 -7.67392E-05 
-1.60808E-04 -7.80628E-05 
-1.68365E-04 -7.94731E-05 
-1.76352E-04 -8.09914E-05 
-1.82867E-04 -8.22518E-05 
-1.84832E-04 -8.26357E-05 
-1.94608E-04 -8.45659E-05 
-2.05140E-04 -8.66699E-05 
-2.16542E-04 -8.89501E-05 
-2.28935E-04 -9.13989E-05 
-2.41151E-04 -9.30060E-05 
-2.57033E-04 -9.54775E-05 
-2.74401E-04 -9.80337E-05 
-2.93428E-04 -1.00630E-04 
-3.14322E-04 -1.03213E-04 
-3.37391E-04 -1.05734E-04 
-3.63266E-04 -1.08219E-04 
-3.93764E-04 -1.10991E-04 
-4.34658E-04 -1.15358E-04 
-5.01019E-04 -1.24641E-04 
-6.11487E-04 -1.41775E-04 
-7.52037E-04 -1.60547E-04 
-8.78021E-04 -1.69399E-04 
-1.59871E-04 -7.82967E-05 
-1.65246E-04 -7.94433E-05 
-1.61123E-04 -8.04573E-05 
-1.68306E-04 -8.16865E-05 
-1.75836E-04 -8.29843E-05 
-1.83762E-04 -8.43735E-05 
-1.92142E-04 -8.58740E-05 
-1.98980E-04 -8.71217E-05 
-2.01043E-04 -8.75017E-05 
-2.11316E-04 -8.94117E-05 
-2.22395E-04 -9.14874E-05 
-2.34400E-04 -9.37242E-05 
-2.47459E-04 -9.61060E-05 
-2.60336E-04 -9.74160E-05 
-2.76999E-04 -9.96971E-05 
-2.95212E-04 -1.02013E-04 
-3.15151E-04 -1.04305E-04 
-3.37024E-04 -1.06503E-04 
-3.61141E-04 -1.08543E-04 
-3.88158E-04 -1.10432E-04 
-4.19979E-04 -1.12481E-04 
-4.62714E-04 -1.15986E-04 
-5.32294E-04 -1.24227E-04 
-6.48282E-04 -1.39918E-04 
-7.95439E-04 -1.56471E-04 
-9.26306E-04 -1.62271E-04 
-1.75134E-04 -8.30160E-05 
-1.80842E-04 -8.41081E-05 
-1.77112E-04 -8.49600E-05 
-1.84649E-04 -8.61343E-05 
-1.92545E-04 -8.73818E-05 
-2.00856E-04 -8.87243E-05 
-2.09647E-04 -9.01798E-05 
-2.16826E-04 -9.13919E-05 
-2.18993E-04 -9.17611E-05 
-2.29790E-04 -9.36142E-05 
-2.41446E-04 -9.56192E-05 
-2.54087E-04 -9.77630E-05 
-2.67848E-04 -1.00019E-04 
-2.81389E-04 -1.00944E-04 
-2.98855E-04 -1.02955E-04 
-3.17935E-04 -1.04938E-04 
-3.38802E-04 -1.06821E-04 
-3.61665E-04 -1.08514E-04 
-3.86834E-04 -1.09934E-04 
-4.14983E-04 -1.11068E-04 
-4.48116E-04 -1.12204E-04 
-4.92692E-04 -1.14605E-04 
-5.65551E-04 -1.21442E-04 
-6.87203E-04 -1.35119E-04 
-8.41072E-04 -1.48709E-04 
-9.76712E-04 -1.50721E-04 
-1.92034E-04 -8.72024E-05 
-1.98081E-04 -8.82172E-05 
-1.94747E-04 -8.88586E-05 
-2.02647E-04 -8.99507E-05 
-2.10921E-04 -9.11200E-05 
-2.19632E-04 -9.23864E-05 
-2.28852E-04 -9.37650E-05 
-2.36387E-04 -9.49142E-05 
-2.38663E-04 -9.52641E-05 
-2.50007E-04 -9.70164E-05 
-2.62268E-04 -9.88994E-05 
-2.75576E-04 -1.00890E-04 
-2.90068E-04 -1.02951E-04 
-3.04269E-04 -1.03386E-04 
-3.22553E-04 -1.05034E-04 
-3.42511E-04 -1.06579E-04 
-3.64313E-04 -1.07930E-04 
-3.88163E-04 -1.08978E-04 
-4.14370E-04 -1.09619E-04 
-4.43627E-04 -1.09815E-04 
-4.78035E-04 -1.09822E-04 
-5.24422E-04 -1.10841E-04 
-6.00577E-04 -1.15860E-04 
-7.27969E-04 -1.26868E-04 
-8.88566E-04 -1.36644E-04 
-1.02877E-03 -1.34038E-04 
-2.10535E-04 -9.07468E-05 
-2.16923E-04 -9.16586E-05 
-2.13988E-04 -9.20278E-05 
-2.22260E-04 -9.30054E-05 
-2.30922E-04 -9.40631E-05 
-2.40045E-04 -9.52178E-05 
-2.49709E-04 -9.64802E-05 
-2.57614E-04 -9.75330E-05 
-2.60003E-04 -9.78531E-05 
-2.71919E-04 -9.94500E-05 
-2.84809E-04 -1.01148E-04 
-2.98810E-04 -1.02912E-04 
-3.14061E-04 -1.04691E-04 
-3.28906E-04 -1.04517E-04 
-3.48016E-04 -1.05692E-04 
-3.68854E-04 -1.06673E-04 
-3.91584E-04 -1.07349E-04 
-4.16404E-04 -1.07591E-04 
-4.43618E-04 -1.07268E-04 
-4.73935E-04 -1.06315E-04 
-5.09557E-04 -1.04945E-04 
-5.57692E-04 -1.04267E-04 
-6.37108E-04 -1.06994E-04 
-7.70239E-04 -1.14582E-04 
-9.37471E-04 -1.19573E-04 
-1.08191E-03 -1.11421E-04 
-2.30579E-04 -9.35328E-05 
-2.37311E-04 -9.43113E-05 
-2.34777E-04 -9.43287E-05 
-2.43425E-04 -9.51528E-05 
-2.52485E-04 -9.60578E-05 
-2.62032E-04 -9.70564E-05 
-2.72154E-04 -9.81535E-05 
-2.80442E-04 -9.90676E-05 
-2.82948E-04 -9.93448E-05 
-2.95457E-04 -1.00718E-04 
-3.09001E-04 -1.02152E-04 
-3.23719E-04 -1.03599E-04 
-3.39750E-04 -1.04993E-04 
-3.55212E-04 -1.04069E-04 
-3.75145E-04 -1.04639E-04 
-3.96852E-04 -1.04909E-04 
-4.20491E-04 -1.04744E-04 
-4.46247E-04 -1.03991E-04 
-4.74417E-04 -1.02492E-04 
-5.05721E-04 -1.00149E-04 
-5.42463E-04 -9.71207E-05 
-5.92241E-04 -9.43840E-05 
-6.74827E-04 -9.42790E-05 
-8.13605E-04 -9.75886E-05 
-9.87254E-04 -9.66948E-05 
-1.13547E-03 -8.19529E-05 
-2.52100E-04 -9.54212E-05 
-2.59175E-04 -9.60294E-05 
-2.57045E-04 -9.55932E-05 
-2.66075E-04 -9.62157E-05 
-2.75538E-04 -9.69169E-05 
-2.85519E-04 -9.77038E-05 
-2.96114E-04 -9.85739E-05 
-3.04797E-04 -9.92965E-05 
-3.07424E-04 -9.95144E-05 
-3.20545E-04 -1.00579E-04 
-3.34762E-04 -1.01652E-04 
-3.50216E-04 -1.02670E-04 
-3.67044E-04 -1.03553E-04 
-3.83082E-04 -1.01715E-04 
-4.03823E-04 -1.01528E-04 
-4.26376E-04 -1.00913E-04 
-4.50885E-04 -9.97134E-05 
-4.77522E-04 -9.77480E-05 
-5.06570E-04 -9.48298E-05 
-5.38759E-04 -9.08207E-05 
-5.76492E-04 -8.58147E-05 
-6.27764E-04 -8.06110E-05 
-7.13358E-04 -7.70584E-05 
-8.57583E-04 -7.51120E-05 
-1.03729E-03 -6.70850E-05 
-1.18868E-03 -4.45903E-05 
-2.75034E-04 -9.62338E-05 
-2.82448E-04 -9.66266E-05 
-2.80723E-04 -9.56083E-05 
-2.90137E-04 -9.59699E-05 
-3.00010E-04 -9.64040E-05 
-3.10433E-04 -9.69098E-05 
-3.21511E-04 -9.74759E-05 
-3.30600E-04 -9.79412E-05 
-3.33351E-04 -9.80794E-05 
-3.47101E-04 -9.87312E-05 
-3.62007E-04 -9.93243E-05 
-3.78209E-04 -9.97796E-05 
-3.95839E-04 -9.99994E-05 
-4.12395E-04 -9.70568E-05 
-4.33913E-04 -9.59336E-05 
-4.57269E-04 -9.42343E-05 
-4.82589E-04 -9.17753E-05 
-5.10026E-04 -8.83477E-05 
-5.39846E-04 -8.37317E-05 
-5.72782E-04 -7.77456E-05 
-6.11333E-04 -7.04006E-05 
-6.63892E-04 -6.22691E-05 
-7.52255E-04 -5.45711E-05 
-9.01603E-04 -4.62567E-05 
-1.08684E-03 -2.96861E-05 
-1.24061E-03 1.85603E-06 
-2.99315E-04 -9.57397E-05 
-3.07066E-04 -9.58620E-05 
-3.05742E-04 -9.41019E-05 
-3.15539E-04 -9.41302E-05 
-3.25823E-04 -9.42189E-05 
-3.36695E-04 -9.43579E-05 
-3.48265E-04 -9.45251E-05 
-3.57767E-04 -9.46524E-05 
-3.60645E-04 -9.46859E-05 
-3.75033E-04 -9.47967E-05 
-3.90635E-04 -9.47663E-05 
-4.07588E-04 -9.44979E-05 
-4.26014E-04 -9.38756E-05 
-4.43004E-04 -8.96113E-05 
-4.65252E-04 -8.73437E-05 
-4.89345E-04 -8.43283E-05 
-5.15392E-04 -8.03533E-05 
-5.43517E-04 -7.51791E-05 
-5.73964E-04 -6.85506E-05 
-6.07467E-04 -6.02366E-05 
-6.46612E-04 -5.01481E-05 
-7.00189E-04 -3.85716E-05 
-7.90986E-04 -2.59403E-05 
-9.44989E-04 -9.99782E-06 
-1.13504E-03 1.67051E-05 
-1.29022E-03 5.87286E-05 
-3.24883E-04 -9.36425E-05 
-3.32961E-04 -9.34273E-05 
-3.32026E-04 -9.07304E-05 
-3.42202E-04 -9.03374E-05 
-3.52896E-04 -8.99853E-05 
-3.64218E-04 -8.96529E-05 
-3.76283E-04 -8.93056E-05 
-3.86201E-04 -8.89967E-05 
-3.89206E-04 -8.88955E-05 
-4.04233E-04 -8.83114E-05 
-4.20528E-04 -8.74861E-05 
-4.38219E-04 -8.63038E-05 
-4.57418E-04 -8.46294E-05 
-4.74732E-04 -7.87973E-05 
-4.97637E-04 -7.51462E-05 
-5.22374E-04 -7.05500E-05 
-5.49028E-04 -6.47667E-05 
-5.77691E-04 -5.75245E-05 
-6.08579E-04 -4.85299E-05 
-6.42416E-04 -3.74961E-05 
-6.81873E-04 -2.42139E-05 
-7.36122E-04 -8.61567E-06 
-8.28912E-04 9.83460E-06 
-9.86931E-04 3.48270E-05 
-1.18085E-03 7.34443E-05 
-1.33624E-03 1.27529E-04 
-3.51668E-04 -8.95683E-05 
-3.60060E-04 -8.89353E-05 
-3.59490E-04 -8.50666E-05 
-3.70033E-04 -8.41465E-05 
-3.81130E-04 -8.32385E-05 
-3.92896E-04 -8.23084E-05 
-4.05451E-04 -8.13075E-05 
-4.15780E-04 -8.04453E-05 
-4.18910E-04 -8.01732E-05 
-4.34565E-04 -7.87117E-05 
-4.51534E-04 -7.68896E-05 
-4.69933E-04 -7.45714E-05 
-4.89858E-04 -7.16018E-05 
-5.07350E-04 -6.39262E-05 
-5.30809E-04 -5.86191E-05 
-5.56064E-04 -5.21417E-05 
-5.83167E-04 -4.42207E-05 
-6.12175E-04 -3.45499E-05 
-6.43264E-04 -2.27950E-05 
-6.77144E-04 -8.60707E-06 
-7.16561E-04 8.36642E-06 
-7.71048E-04 2.86257E-05 
-8.65261E-04 5.38850E-05 
-1.02646E-03 8.95247E-05 
-1.22305E-03 1.42046E-04 
-1.37718E-03 2.09925E-04 
-3.79587E-04 -8.30558E-05 
-3.88276E-04 -8.19086E-05 
-3.88026E-04 -7.65889E-05 
-3.98916E-04 -7.50156E-05 
-4.10399E-04 -7.34145E-05 
-4.22594E-04 -7.17362E-05 
-4.35622E-04 -6.99167E-05 
-4.46347E-04 -6.83624E-05 
-4.49598E-04 -6.78772E-05 
-4.65853E-04 -6.53240E-05 
-4.83455E-04 -6.22702E-05 
-5.02506E-04 -5.85599E-05 
-5.23081E-04 -5.40170E-05 
-5.40564E-04 -4.41928E-05 
-5.64437E-04 -3.69214E-05 
-5.90042E-04 -2.82250E-05 
-6.17390E-04 -1.77975E-05 
-6.46494E-04 -5.29688E-06 
-6.77486E-04 9.65410E-06 
-7.11049E-04 2.74739E-05 
-7.49991E-04 4.86843E-05 
-8.04182E-04 7.43080E-05 
-8.99102E-04 1.07477E-04 
-1.06242E-03 1.55550E-04 
-1.26019E-03 2.24186E-04 
-1.41131E-03 3.07743E-04 
-4.08529E-04 -7.35451E-05 
-4.17487E-04 -7.17691E-05 
-4.17486E-04 -6.46714E-05 
-4.28694E-04 -6.22961E-05 
-4.40534E-04 -5.98395E-05 
-4.53129E-04 -5.72357E-05 
-4.66598E-04 -5.44037E-05 
-4.77691E-04 -5.19956E-05 
-4.81053E-04 -5.12478E-05 
-4.97856E-04 -4.73549E-05 
-5.16025E-04 -4.27996E-05 
-5.35641E-04 -3.74047E-05 
-5.56754E-04 -3.09733E-05 
-5.73989E-04 -1.86673E-05 
-5.98096E-04 -9.08581E-06 
-6.23833E-04 2.20666E-06 
-6.51166E-04 1.55502E-05 
-6.80056E-04 3.13233E-05 
-7.10581E-04 4.99484E-05 
-7.43387E-04 7.19211E-05 
-7.81329E-04 9.79616E-05 
-8.34575E-04 1.29718E-04 
-9.29315E-04 1.72013E-04 
-1.09342E-03 2.34502E-04 
-1.29053E-03 3.21693E-04 
-1.43655E-03 4.22967E-04 
-4.38342E-04 -6.03669E-05 
-4.47534E-04 -5.78263E-05 
-4.47677E-04 -4.85718E-05 
-4.59156E-04 -4.52201E-05 
-4.71309E-04 -4.17179E-05 
-4.84258E-04 -3.79816E-05 
-4.98116E-04 -3.39122E-05 
-5.09529E-04 -3.04634E-05 
-5.12987E-04 -2.93962E-05 
-5.30257E-04 -2.38792E-05 
-5.48892E-04 -1.75152E-05 
-5.68947E-04 -1.01056E-05 
-5.90442E-04 -1.43221E-06 
-6.07132E-04 1.37154E-05 
-6.31241E-04 2.59920E-05 
-6.56837E-04 4.02986E-05 
-6.83832E-04 5.70095E-05 
-7.12125E-04 7.65400E-05 
-7.41731E-04 9.93596E-05 
-7.73251E-04 1.26049E-04 
-8.09562E-04 1.57559E-04 
-8.61079E-04 1.96282E-04 
-9.54559E-04 2.49037E-04 
-1.11782E-03 3.28136E-04 
-1.31204E-03 4.36560E-04 
-1.45051E-03 5.57734E-04 
-4.68814E-04 -4.27325E-05 
-4.78193E-04 -3.92664E-05 
-4.78326E-04 -2.74230E-05 
-4.90015E-04 -2.28923E-05 
-5.02416E-04 -1.81243E-05 
-5.15648E-04 -1.30166E-05 
-5.29817E-04 -7.45147E-06 
-5.41482E-04 -2.74857E-06 
-5.45014E-04 -1.29738E-06 
-5.62634E-04 6.16596E-06 
-5.81591E-04 1.46843E-05 
-6.01912E-04 2.44778E-05 
-6.23581E-04 3.57858E-05 
-6.39361E-04 5.41573E-05 
-6.63180E-04 6.95549E-05 
-6.88295E-04 8.73353E-05 
-7.14554E-04 1.07907E-04 
-7.41786E-04 1.31721E-04 
-7.69933E-04 1.59296E-04 
-7.99533E-04 1.91306E-04 
-8.33464E-04 2.28969E-04 
-8.82319E-04 2.75551E-04 
-9.73234E-04 3.40220E-04 
-1.13366E-03 4.38332E-04 
-1.32231E-03 5.70906E-04 
-1.45036E-03 7.14298E-04 
-4.99657E-04 -1.97188E-05 
-5.09162E-04 -1.51370E-05 
-5.09075E-04 -2.18636E-07 
-5.20888E-04 5.72470E-06 
-5.33448E-04 1.20116E-05 
-5.46866E-04 1.87639E-05 
-5.61235E-04 2.61183E-05 
-5.73054E-04 3.23166E-05 
-5.76630E-04 3.42246E-05 
-5.94436E-04 4.39959E-05 
-6.13523E-04 5.50539E-05 
-6.33881E-04 6.76401E-05 
-6.55455E-04 8.20150E-05 
-6.69882E-04 1.04011E-04 
-6.93053E-04 1.22997E-04 
-7.17272E-04 1.44753E-04 
-7.42314E-04 1.69720E-04 
-7.67928E-04 1.98386E-04 
-7.93970E-04 2.31316E-04 
-8.20900E-04 2.69285E-04 
-8.51567E-04 3.13821E-04 
-8.96658E-04 3.69213E-04 
-9.83452E-04 4.47366E-04 
-1.13866E-03 5.67110E-04 
-1.31856E-03 7.26984E-04 
-1.43285E-03 8.95022E-04 
-5.30492E-04 9.74670E-06 
-5.40046E-04 1.56688E-05 
-5.39453E-04 3.41990E-05 
-5.51277E-04 4.18221E-05 
-5.63876E-04 4.99160E-05 
-5.77346E-04 5.86221E-05 
-5.91765E-04 6.80961E-05 
-6.03607E-04 7.60596E-05 
-6.07185E-04 7.85058E-05 
-6.24963E-04 9.09866E-05 
-6.43928E-04 1.05010E-04 
-6.64031E-04 1.20838E-04 
-6.85168E-04 1.38751E-04 
-6.97711E-04 1.64782E-04 
-7.19799E-04 1.87867E-04 
-7.42621E-04 2.14143E-04 
-7.65870E-04 2.44082E-04 
-7.89203E-04 2.78203E-04 
-8.12378E-04 3.17120E-04 
-8.35760E-04 3.61717E-04 
-8.62131E-04 4.13876E-04 
-9.02166E-04 4.79075E-04 
-9.82994E-04 5.72390E-04 
-1.13014E-03 7.16592E-04 
-1.29754E-03 9.07138E-04 
-1.39420E-03 1.10233E-03 
-5.60827E-04 4.69030E-05 
-5.70333E-04 5.44308E-05 
-5.68857E-04 7.71531E-05 
-5.80545E-04 8.67585E-05 
-5.93023E-04 9.69841E-05 
-6.06370E-04 1.07991E-04 
-6.20640E-04 1.19952E-04 
-6.32334E-04 1.29979E-04 
-6.35861E-04 1.33053E-04 
-6.53332E-04 1.48686E-04 
-6.71856E-04 1.66139E-04 
-6.91335E-04 1.85697E-04 
-7.11615E-04 2.07661E-04 
-7.21646E-04 2.38140E-04 
-7.42129E-04 2.65876E-04 
-7.62957E-04 2.97256E-04 
-7.83730E-04 3.32779E-04 
-8.04002E-04 3.72993E-04 
-8.23418E-04 4.18555E-04 
-8.42228E-04 4.70468E-04 
-8.63104E-04 5.31015E-04 
-8.96580E-04 6.07050E-04 
-9.69276E-04 7.17300E-04 
-1.10501E-03 8.88980E-04 
-1.25550E-03 1.11377E-03 
-1.33011E-03 1.33867E-03 
-5.90038E-04 9.31775E-05 
-5.99378E-04 1.02624E-04 
-5.96525E-04 1.30148E-04 
-6.07890E-04 1.42075E-04 
-6.20043E-04 1.54795E-04 
-6.33039E-04 1.68486E-04 
-6.46906E-04 1.83339E-04 
-6.58233E-04 1.95759E-04 
-6.61641E-04 1.99559E-04 
-6.78457E-04 2.18824E-04 
-6.96141E-04 2.40212E-04 
-7.14544E-04 2.64027E-04 
-7.33456E-04 2.90590E-04 
-7.40239E-04 3.25921E-04 
-7.58498E-04 3.58900E-04 
-7.76627E-04 3.96006E-04 
-7.94122E-04 4.37757E-04 
-8.10419E-04 4.84724E-04 
-8.25039E-04 5.37603E-04 
-8.38093E-04 5.97524E-04 
-8.52091E-04 6.67223E-04 
-8.77266E-04 7.55134E-04 
-9.39302E-04 8.84165E-04 
-1.05969E-03 1.08651E-03 
-1.18815E-03 1.34926E-03 
-1.23566E-03 1.60639E-03 
-6.17754E-04 1.51189E-04 
-6.26776E-04 1.62960E-04 
-6.21878E-04 1.95992E-04 
-6.32671E-04 2.10663E-04 
-6.44228E-04 2.26324E-04 
-6.56575E-04 2.43172E-04 
-6.69706E-04 2.61415E-04 
-6.80380E-04 2.76627E-04 
-6.83582E-04 2.81273E-04 
-6.99288E-04 3.04760E-04 
-7.15621E-04 3.30699E-04 
-7.32372E-04 3.59413E-04 
-7.49269E-04 3.91244E-04 
-7.51882E-04 4.31891E-04 
-7.67136E-04 4.70839E-04 
-7.81677E-04 5.14426E-04 
-7.94884E-04 5.63183E-04 
-8.06061E-04 6.17694E-04 
-8.14581E-04 6.78689E-04 
-8.20394E-04 7.47431E-04 
-8.25781E-04 8.27176E-04 
-8.40477E-04 9.28193E-04 
-8.88686E-04 1.07823E-03 
-9.88798E-04 1.31510E-03 
-1.08883E-03 1.62030E-03 
-1.10294E-03 1.91264E-03 
-6.42163E-04 2.21036E-04 
-6.50691E-04 2.35529E-04 
-6.42969E-04 2.74577E-04 
-6.52902E-04 2.92366E-04 
-6.63547E-04 3.11361E-04 
-6.74894E-04 3.31776E-04 
-6.86902E-04 3.53835E-04 
-6.96598E-04 3.72181E-04 
-6.99491E-04 3.77774E-04 
-7.13577E-04 4.05975E-04 
-7.27990E-04 4.36974E-04 
-7.42459E-04 4.71112E-04 
-7.56643E-04 5.08747E-04 
-7.54169E-04 5.54966E-04 
-7.65607E-04 6.00452E-04 
-7.75648E-04 6.51095E-04 
-7.83538E-04 7.07426E-04 
-7.88440E-04 7.70029E-04 
-7.89567E-04 8.39658E-04 
-7.86678E-04 9.17710E-04 
-7.81760E-04 1.00802E-03 
-7.83831E-04 1.12290E-03 
-8.15024E-04 1.29550E-03 
-8.89832E-04 1.56977E-03 
-9.55021E-04 1.92060E-03 
-9.29723E-04 2.24980E-03 
-6.62580E-04 3.05696E-04 
-6.70395E-04 3.23413E-04 
-6.58843E-04 3.68992E-04 
-6.67554E-04 3.90345E-04 
-6.76888E-04 4.13143E-04 
-6.86800E-04 4.37613E-04 
-6.97205E-04 4.63995E-04 
-7.05517E-04 4.85880E-04 
-7.07979E-04 4.92540E-04 
-7.19816E-04 5.26043E-04 
-7.31616E-04 5.62708E-04 
-7.43037E-04 6.02894E-04 
-7.53662E-04 6.46971E-04 
-7.44997E-04 6.99039E-04 
-7.51629E-04 7.51738E-04 
-7.56052E-04 8.10110E-04 
-7.57369E-04 8.74671E-04 
-7.54586E-04 9.45988E-04 
-7.46740E-04 1.02483E-03 
-7.33367E-04 1.11272E-03 
-7.16079E-04 1.21415E-03 
-7.02914E-04 1.34374E-03 
-7.13214E-04 1.54070E-03 
-7.56611E-04 1.85571E-03 
-7.79173E-04 2.25588E-03 
-7.07192E-04 2.62380E-03 
-6.77661E-04 4.07623E-04 
-6.84494E-04 4.29142E-04 
-6.67870E-04 4.81633E-04 
-6.74916E-04 5.07027E-04 
-6.82460E-04 5.34124E-04 
-6.90411E-04 5.63164E-04 
-6.98639E-04 5.94403E-04 
-7.05088E-04 6.20251E-04 
-7.06971E-04 6.28105E-04 
-7.15820E-04 6.67522E-04 
-7.24193E-04 7.10482E-04 
-7.31674E-04 7.57358E-04 
-7.37761E-04 8.08529E-04 
-7.21667E-04 8.66634E-04 
-7.22347E-04 9.27216E-04 
-7.19863E-04 9.93964E-04 
-7.13162E-04 1.06736E-03 
-7.01077E-04 1.14794E-03 
-6.82452E-04 1.23645E-03 
-6.56571E-04 1.33457E-03 
-6.24576E-04 1.44749E-03 
-5.93217E-04 1.59244E-03 
-5.78204E-04 1.81539E-03 
-5.83208E-04 2.17434E-03 
-5.54304E-04 2.62727E-03 
-4.27526E-04 3.03523E-03 
-6.85830E-04 5.29617E-04 
-6.91349E-04 5.55599E-04 
-6.68143E-04 6.15166E-04 
-6.72995E-04 6.45100E-04 
-6.78172E-04 6.77013E-04 
-6.83538E-04 7.11159E-04 
-6.88912E-04 7.47808E-04 
-6.92935E-04 7.78058E-04 
-6.94069E-04 7.87237E-04 
-6.99066E-04 8.33197E-04 
-7.03071E-04 8.83094E-04 
-7.05580E-04 9.37307E-04 
-7.05998E-04 9.96214E-04 
-6.81104E-04 1.06043E-03 
-6.74506E-04 1.12953E-03 
-6.63628E-04 1.20524E-03 
-6.47247E-04 1.28797E-03 
-6.24011E-04 1.37821E-03 
-5.92553E-04 1.47668E-03 
-5.51870E-04 1.58519E-03 
-5.02534E-04 1.70970E-03 
-4.49646E-04 1.87038E-03 
-4.04308E-04 2.12066E-03 
-3.62977E-04 2.52643E-03 
-2.72623E-04 3.03507E-03 
-8.20588E-05 3.48365E-03 
-6.85247E-04 6.75092E-04 
-6.89043E-04 7.06290E-04 
-6.57432E-04 7.72793E-04 
-6.59455E-04 8.07787E-04 
-6.61584E-04 8.45055E-04 
-6.63628E-04 8.84864E-04 
-6.65352E-04 9.27495E-04 
-6.66289E-04 9.62600E-04 
-6.66473E-04 9.73237E-04 
-6.66613E-04 1.02638E-03 
-6.65153E-04 1.08386E-03 
-6.61493E-04 1.14605E-03 
-6.54934E-04 1.21332E-03 
-6.19713E-04 1.28357E-03 
-6.04290E-04 1.36175E-03 
-5.83288E-04 1.44689E-03 
-5.55299E-04 1.53932E-03 
-5.18776E-04 1.63942E-03 
-4.72127E-04 1.74787E-03 
-4.14028E-04 1.86661E-03 
-3.44359E-04 2.00248E-03 
-2.66158E-04 2.17884E-03 
-1.84785E-04 2.45740E-03 
-8.80474E-05 2.91244E-03 
7.50881E-05 3.47906E-03 
3.39447E-04 3.96789E-03 
-6.73789E-04 8.47381E-04 
-6.75356E-04 8.84618E-04 
-6.33209E-04 9.57470E-04 
-6.31669E-04 9.98037E-04 
-6.29957E-04 1.04119E-03 
-6.27829E-04 1.08720E-03 
-6.24990E-04 1.13637E-03 
-6.22086E-04 1.17677E-03 
-6.21091E-04 1.18899E-03 
-6.15227E-04 1.24993E-03 
-6.07051E-04 1.31559E-03 
-5.95858E-04 1.38633E-03 
-5.80826E-04 1.46247E-03 
-5.33636E-04 1.53846E-03 
-5.07613E-04 1.62611E-03 
-4.74507E-04 1.72093E-03 
-4.32720E-04 1.82313E-03 
-3.80499E-04 1.93295E-03 
-3.16015E-04 2.05099E-03 
-2.37593E-04 2.17934E-03 
-1.44290E-04 2.32577E-03 
-3.66079E-05 2.51719E-03 
8.71327E-05 2.82428E-03 
2.49377E-04 3.33011E-03 
4.97798E-04 3.95577E-03 
8.46730E-04 4.48309E-03 
-6.49067E-04 1.05037E-03 
-6.47780E-04 1.09453E-03 
-5.92647E-04 1.17258E-03 
-5.86690E-04 1.21921E-03 
-5.80227E-04 1.26876E-03 
-5.72951E-04 1.32150E-03 
-5.64501E-04 1.37773E-03 
-5.56892E-04 1.42381E-03 
-5.54456E-04 1.43774E-03 
-5.41270E-04 1.50701E-03 
-5.24944E-04 1.58136E-03 
-5.04648E-04 1.66109E-03 
-4.79426E-04 1.74647E-03 
-4.18490E-04 1.82764E-03 
-3.79811E-04 1.92488E-03 
-3.32324E-04 2.02929E-03 
-2.74232E-04 2.14093E-03 
-2.03575E-04 2.25985E-03 
-1.18284E-04 2.38656E-03 
-1.63011E-05 2.52327E-03 
1.04281E-04 2.67879E-03 
2.46040E-04 2.88387E-03 
4.19174E-04 3.21885E-03 
6.58167E-04 3.77582E-03 
1.00568E-03 4.46002E-03 
1.45078E-03 5.02238E-03 
-6.08394E-04 1.28808E-03 
-6.03475E-04 1.34006E-03 
-5.32616E-04 1.42146E-03 
-5.21268E-04 1.47460E-03 
-5.09014E-04 1.53099E-03 
-4.95478E-04 1.59091E-03 
-4.80222E-04 1.65464E-03 
-4.66920E-04 1.70675E-03 
-4.62741E-04 1.72247E-03 
-4.40726E-04 1.80049E-03 
-4.14601E-04 1.88386E-03 
-3.83396E-04 1.97281E-03 
-3.46004E-04 2.06752E-03 
-2.69427E-04 2.15295E-03 
-2.15717E-04 2.25949E-03 
-1.51236E-04 2.37293E-03 
-7.39896E-05 2.49310E-03 
1.81818E-05 2.61987E-03 
1.27584E-04 2.75359E-03 
2.56685E-04 2.89662E-03 
4.08512E-04 3.05888E-03 
5.89334E-04 3.27526E-03 
8.19543E-04 3.63629E-03 
1.14765E-03 4.24310E-03 
1.60927E-03 4.98327E-03 
2.16279E-03 5.57510E-03 
-5.48685E-04 1.56503E-03 
-5.39157E-04 1.62571E-03 
-4.49570E-04 1.70778E-03 
-4.31714E-04 1.76779E-03 
-4.12476E-04 1.83138E-03 
-3.91400E-04 1.89882E-03 
-3.67959E-04 1.97036E-03 
-3.47819E-04 2.02870E-03 
-3.41549E-04 2.04626E-03 
-3.08950E-04 2.13321E-03 
-2.71104E-04 2.22565E-03 
-2.26882E-04 2.32372E-03 
-1.75012E-04 2.42743E-03 
-8.07512E-05 2.51576E-03 
-9.24765E-06 2.63073E-03 
7.52382E-05 2.75195E-03 
1.74885E-04 2.87901E-03 
2.92036E-04 3.01152E-03 
4.29219E-04 3.14968E-03 
5.89330E-04 3.29599E-03 
7.76687E-04 3.46157E-03 
1.00195E-03 3.68571E-03 
1.29762E-03 4.06946E-03 
1.72840E-03 4.72273E-03 
2.32047E-03 5.51369E-03 
2.99525E-03 6.12701E-03 
-4.66482E-04 1.88527E-03 
-4.51117E-04 1.95540E-03 
-3.39645E-04 2.03450E-03 
-3.14008E-04 2.10159E-03 
-2.86420E-04 2.17255E-03 
-2.56331E-04 2.24764E-03 
-2.23111E-04 2.32705E-03 
-1.94804E-04 2.39159E-03 
-1.86039E-04 2.41098E-03 
-1.40812E-04 2.50665E-03 
-8.90029E-05 2.60777E-03 
-2.93075E-05 2.71430E-03 
3.97229E-05 2.82606E-03 
1.53834E-04 2.91536E-03 
2.46303E-04 3.03707E-03 
3.54206E-04 3.16393E-03 
4.79880E-04 3.29522E-03 
6.25820E-04 3.43030E-03 
7.94747E-04 3.56919E-03 
9.89996E-04 3.71455E-03 
1.21736E-03 3.87879E-03 
1.49270E-03 4.10570E-03 
1.86272E-03 4.50699E-03 
2.41073E-03 5.20064E-03 
3.15055E-03 6.03395E-03 
3.95962E-03 6.65786E-03 
-3.57754E-04 2.25233E-03 
-3.34996E-04 2.33236E-03 
-1.98452E-04 2.40385E-03 
-1.63568E-04 2.47796E-03 
-1.26046E-04 2.55619E-03 
-8.52282E-05 2.63871E-03 
-4.03594E-05 2.72566E-03 
-2.32614E-06 2.79602E-03 
9.41081E-06 2.81710E-03 
6.96676E-05 2.92073E-03 
1.38073E-04 3.02946E-03 
2.16114E-04 3.14304E-03 
3.05417E-04 3.26105E-03 
4.41673E-04 3.34864E-03 
5.58714E-04 3.47436E-03 
6.93852E-04 3.60357E-03 
8.49539E-04 3.73523E-03 
1.02837E-03 3.86843E-03 
1.23322E-03 4.00302E-03 
1.46786E-03 4.14187E-03 
1.73978E-03 4.29869E-03 
2.07090E-03 4.52182E-03 
2.52455E-03 4.93330E-03 
3.20514E-03 5.65801E-03 
4.11073E-03 6.52135E-03 
5.06692E-03 7.14184E-03 
-2.17699E-04 2.66837E-03 
-1.85575E-04 2.75827E-03 
-2.09136E-05 2.81644E-03 
2.49303E-05 2.89713E-03 
7.42436E-05 2.98206E-03 
1.27815E-04 3.07129E-03 
1.86540E-04 3.16484E-03 
2.36145E-04 3.24014E-03 
2.51416E-04 3.26263E-03 
3.29535E-04 3.37262E-03 
4.17620E-04 3.48698E-03 
5.17340E-04 3.60518E-03 
6.30489E-04 3.72651E-03 
7.91292E-04 3.80887E-03 
9.36916E-04 3.93456E-03 
1.10345E-03 4.06147E-03 
1.29340E-03 4.18825E-03 
1.50939E-03 4.31371E-03 
1.75438E-03 4.43756E-03 
2.03259E-03 4.56291E-03 
2.35342E-03 4.70479E-03 
2.74587E-03 4.91595E-03 
3.29251E-03 5.32789E-03 
4.12153E-03 6.07062E-03 
5.21115E-03 6.94730E-03 
6.32655E-03 7.54715E-03 
-4.04105E-05 3.13304E-03 
3.56160E-06 3.23205E-03 
1.99033E-04 3.27023E-03 
2.57850E-04 3.35647E-03 
3.21151E-04 3.44686E-03 
3.89871E-04 3.54134E-03 
4.65060E-04 3.63974E-03 
5.28405E-04 3.71841E-03 
5.47871E-04 3.74180E-03 
6.47154E-04 3.85548E-03 
7.58477E-04 3.97229E-03 
8.83672E-04 4.09139E-03 
1.02467E-03 4.21176E-03 
1.21246E-03 4.28441E-03 
1.39098E-03 4.40458E-03 
1.59326E-03 4.52307E-03 
1.82179E-03 4.63824E-03 
2.07913E-03 4.74864E-03 
2.36826E-03 4.85392E-03 
2.69383E-03 4.95745E-03 
3.06744E-03 5.07558E-03 
3.52622E-03 5.26501E-03 
4.17487E-03 5.66523E-03 
5.16808E-03 6.40889E-03 
6.45958E-03 7.27762E-03 
7.74478E-03 7.83657E-03 
1.81601E-04 3.64221E-03 
2.40487E-04 3.74853E-03 
4.68855E-04 3.75926E-03 
5.43016E-04 3.84923E-03 
6.22887E-04 3.94301E-03 
7.09561E-04 4.04030E-03 
8.04248E-04 4.14076E-03 
8.83838E-04 4.22032E-03 
9.08256E-04 4.24385E-03 
1.03247E-03 4.35722E-03 
1.17101E-03 4.47192E-03 
1.32586E-03 4.58676E-03 
1.49900E-03 4.70039E-03 
1.71617E-03 4.75785E-03 
1.93195E-03 4.86552E-03 
2.17427E-03 4.96802E-03 
2.44547E-03 5.06344E-03 
2.74795E-03 5.15020E-03 
3.08461E-03 5.22791E-03 
3.46056E-03 5.30028E-03 
3.88985E-03 5.38484E-03 
4.41901E-03 5.54154E-03 
5.17782E-03 5.91558E-03 
6.35021E-03 6.63907E-03 
7.86011E-03 7.47408E-03 
9.32339E-03 7.96939E-03 
4.57787E-04 4.18627E-03 
5.35233E-04 4.29684E-03 
7.97679E-04 4.27220E-03 
8.89912E-04 4.36313E-03 
9.89309E-04 4.45713E-03 
1.09712E-03 4.55370E-03 
1.21471E-03 4.65219E-03 
1.31333E-03 4.72923E-03 
1.34353E-03 4.75182E-03 
1.49676E-03 4.85947E-03 
1.66678E-03 4.96602E-03 
1.85561E-03 5.06996E-03 
2.06526E-03 5.16960E-03 
2.31387E-03 5.20555E-03 
2.57103E-03 5.29241E-03 
2.85721E-03 5.37014E-03 
3.17450E-03 5.43664E-03 
3.52503E-03 5.49027E-03 
3.91155E-03 5.53073E-03 
4.33961E-03 5.56208E-03 
4.82607E-03 5.60283E-03 
5.42809E-03 5.71515E-03 
6.30367E-03 6.04677E-03 
7.66849E-03 6.72542E-03 
9.41087E-03 7.49711E-03 
1.10572E-02 7.90458E-03 
8.00341E-04 4.74972E-03 
9.00493E-04 4.86008E-03 
1.19700E-03 4.79215E-03 
1.31034E-03 4.88021E-03 
1.43251E-03 4.97018E-03 
1.56492E-03 5.06127E-03 
1.70907E-03 5.15256E-03 
1.82963E-03 5.22266E-03 
1.86649E-03 5.24298E-03 
2.05294E-03 5.33811E-03 
2.25869E-03 5.42913E-03 
2.48571E-03 5.51421E-03 
2.73591E-03 5.59140E-03 
3.01751E-03 5.59891E-03 
3.31946E-03 5.65574E-03 
3.65244E-03 5.69915E-03 
4.01815E-03 5.72701E-03 
4.41834E-03 5.73772E-03 
4.85550E-03 5.73117E-03 
5.33569E-03 5.71181E-03 
5.87893E-03 5.69882E-03 
6.55435E-03 5.75509E-03 
7.55123E-03 6.02701E-03 
9.11921E-03 6.63343E-03 
1.11048E-02 7.30949E-03 
1.29353E-02 7.60464E-03 
1.22094E-03 5.30645E-03 
1.34800E-03 5.41089E-03 
1.67679E-03 5.29274E-03 
1.81420E-03 5.37320E-03 
1.96231E-03 5.45392E-03 
2.12263E-03 5.53384E-03 
2.29674E-03 5.61173E-03 
2.44193E-03 5.66976E-03 
2.48623E-03 5.68624E-03 
2.70960E-03 5.76111E-03 
2.95465E-03 5.82837E-03 
3.22321E-03 5.88594E-03 
3.51697E-03 5.93169E-03 
3.83199E-03 5.90396E-03 
4.18067E-03 5.92146E-03 
4.56168E-03 5.92122E-03 
4.97621E-03 5.90120E-03 
5.42552E-03 5.85999E-03 
5.91184E-03 5.79778E-03 
6.44173E-03 5.71938E-03 
7.03877E-03 5.64420E-03 
7.78525E-03 5.63411E-03 
8.90442E-03 5.82950E-03 
1.06814E-02 6.33559E-03 
1.29148E-02 6.88339E-03 
1.49248E-02 7.04389E-03 
1.73486E-03 5.82935E-03 
1.89286E-03 5.92125E-03 
2.25032E-03 5.74735E-03 
2.41460E-03 5.81482E-03 
2.59157E-03 5.88042E-03 
2.78280E-03 5.94279E-03 
2.98989E-03 6.00045E-03 
3.16199E-03 6.04082E-03 
3.21439E-03 6.05180E-03 
3.47772E-03 6.09815E-03 
3.76481E-03 6.13302E-03 
4.07725E-03 6.15420E-03 
4.41638E-03 6.15948E-03 
4.76410E-03 6.09011E-03 
5.15989E-03 6.05943E-03 
5.58841E-03 6.00689E-03 
6.05028E-03 5.93071E-03 
6.54618E-03 5.82981E-03 
7.07800E-03 5.70477E-03 
7.65293E-03 5.56073E-03 
8.29845E-03 5.41676E-03 
9.11119E-03 5.33167E-03 
1.03507E-02 5.43476E-03 
1.23385E-02 5.81268E-03 
1.48195E-02 6.20046E-03 
1.69995E-02 6.20670E-03 
2.35306E-03 6.28583E-03 
2.54522E-03 6.35828E-03 
2.92554E-03 6.12553E-03 
3.11883E-03 6.17442E-03 
3.32685E-03 6.21885E-03 
3.55117E-03 6.25720E-03 
3.79332E-03 6.28774E-03 
3.99384E-03 6.30489E-03 
4.05475E-03 6.30870E-03 
4.35976E-03 6.31848E-03 
4.69019E-03 6.31272E-03 
5.04724E-03 6.28921E-03 
5.43177E-03 6.24584E-03 
5.80999E-03 6.12958E-03 
6.25118E-03 6.04321E-03 
6.72452E-03 5.93136E-03 
7.22993E-03 5.79265E-03 
7.76747E-03 5.62648E-03 
8.33872E-03 5.43387E-03 
8.95158E-03 5.22020E-03 
9.63777E-03 5.00359E-03 
1.05092E-02 4.83759E-03 
1.18633E-02 4.83512E-03 
1.40581E-02 5.05965E-03 
1.67797E-02 5.25919E-03 
1.91149E-02 5.09634E-03 
3.08145E-03 6.64687E-03 
3.30987E-03 6.69322E-03 
3.70514E-03 6.40139E-03 
3.92874E-03 6.42632E-03 
4.16910E-03 6.44376E-03 
4.42769E-03 6.45188E-03 
4.70590E-03 6.44882E-03 
4.93542E-03 6.43758E-03 
5.00496E-03 6.43269E-03 
5.35199E-03 6.39853E-03 
5.72552E-03 6.34481E-03 
6.12622E-03 6.26943E-03 
6.55439E-03 6.17054E-03 
6.95955E-03 6.00354E-03 
7.44249E-03 5.85579E-03 
7.95591E-03 5.67966E-03 
8.49900E-03 5.47432E-03 
9.07121E-03 5.23975E-03 
9.67380E-03 4.97749E-03 
1.03155E-02 4.69299E-03 
1.10326E-02 4.40279E-03 
1.19528E-02 4.15296E-03 
1.34123E-02 4.03491E-03 
1.58051E-02 4.08482E-03 
1.87539E-02 4.07299E-03 
2.12251E-02 3.73168E-03 
3.91758E-03 6.89235E-03 
4.18315E-03 6.90648E-03 
4.58391E-03 6.55808E-03 
4.83831E-03 6.55396E-03 
5.11142E-03 6.53892E-03 
5.40454E-03 6.51103E-03 
5.71879E-03 6.46838E-03 
5.97704E-03 6.42405E-03 
6.05510E-03 6.40909E-03 
6.44318E-03 6.32451E-03 
6.85816E-03 6.21654E-03 
7.30009E-03 6.08340E-03 
7.76860E-03 5.92364E-03 
8.19610E-03 5.70345E-03 
8.71551E-03 5.49053E-03 
9.26266E-03 5.24727E-03 
9.83601E-03 4.97350E-03 
1.04344E-02 4.66987E-03 
1.10588E-02 4.33845E-03 
1.17189E-02 3.98461E-03 
1.24557E-02 3.62262E-03 
1.34132E-02 3.28901E-03 
1.49663E-02 3.04896E-03 
1.75430E-02 2.90798E-03 
2.07004E-02 2.66779E-03 
2.32848E-02 2.14435E-03 
4.84851E-03 7.01454E-03 
5.15132E-03 6.99052E-03 
5.54739E-03 6.59003E-03 
5.83268E-03 6.55166E-03 
6.13850E-03 6.49866E-03 
6.46584E-03 6.42910E-03 
6.81546E-03 6.34114E-03 
7.10160E-03 6.25936E-03 
7.18787E-03 6.23307E-03 
7.61515E-03 6.09225E-03 
8.06895E-03 5.92465E-03 
8.54863E-03 5.72897E-03 
9.05306E-03 5.50432E-03 
9.49776E-03 5.22964E-03 
1.00472E-02 4.94952E-03 
1.06207E-02 4.63822E-03 
1.12158E-02 4.29632E-03 
1.18308E-02 3.92519E-03 
1.24667E-02 3.52739E-03 
1.31341E-02 3.10806E-03 
1.38788E-02 2.67855E-03 
1.48609E-02 2.26394E-03 
1.64935E-02 1.89914E-03 
1.92359E-02 1.55645E-03 
2.25785E-02 1.07746E-03 
2.52509E-02 3.73803E-04 
5.84840E-03 7.01366E-03 
6.18880E-03 6.94567E-03 
6.57083E-03 6.49905E-03 
6.88766E-03 6.42099E-03 
7.22656E-03 6.32440E-03 
7.58810E-03 6.20750E-03 
7.97259E-03 6.06868E-03 
8.28583E-03 5.94532E-03 
8.37999E-03 5.90652E-03 
8.84450E-03 5.70423E-03 
9.33426E-03 5.47241E-03 
9.84785E-03 5.21043E-03 
1.03833E-02 4.91812E-03 
1.08401E-02 4.58853E-03 
1.14127E-02 4.24079E-03 
1.20044E-02 3.86230E-03 
1.26123E-02 3.45444E-03 
1.32341E-02 3.01932E-03 
1.38706E-02 2.55997E-03 
1.45338E-02 2.08106E-03 
1.52743E-02 1.59047E-03 
1.62680E-02 1.10015E-03 
1.79640E-02 6.11460E-04 
2.08505E-02 6.18331E-05 
2.43510E-02 -6.59713E-04 
2.70845E-02 -1.53642E-03 
6.88831E-03 6.90216E-03 
7.26764E-03 6.78285E-03 
7.62825E-03 6.29533E-03 
7.97834E-03 6.17068E-03 
8.35161E-03 6.02370E-03 
8.74808E-03 5.85293E-03 
9.16749E-03 5.65713E-03 
9.50734E-03 5.48783E-03 
9.60917E-03 5.43533E-03 
1.01092E-02 5.16636E-03 
1.06321E-02 4.86613E-03 
1.11756E-02 4.53479E-03 
1.17371E-02 4.17300E-03 
1.22010E-02 3.78877E-03 
1.27893E-02 3.37444E-03 
1.33910E-02 2.93121E-03 
1.40023E-02 2.46131E-03 
1.46207E-02 1.96756E-03 
1.52471E-02 1.45336E-03 
1.58945E-02 9.22710E-04 
1.66186E-02 3.79445E-04 
1.76102E-02 -1.78927E-04 
1.93525E-02 -7.87132E-04 
2.23585E-02 -1.54338E-03 
2.59864E-02 -2.50470E-03 
2.87530E-02 -3.54236E-03 
7.93782E-03 6.69389E-03 
8.35932E-03 6.51457E-03 
8.69466E-03 5.98998E-03 
9.08132E-03 5.81055E-03 
9.49148E-03 5.60544E-03 
9.92454E-03 5.37364E-03 
1.03795E-02 5.11445E-03 
1.07458E-02 4.89488E-03 
1.08551E-02 4.82753E-03 
1.13890E-02 4.48715E-03 
1.19422E-02 4.11514E-03 
1.25115E-02 3.71255E-03 
1.30935E-02 3.28097E-03 
1.35596E-02 2.84344E-03 
1.41560E-02 2.36545E-03 
1.47588E-02 1.86198E-03 
1.53640E-02 1.33608E-03 
1.59686E-02 7.91199E-04 
1.65739E-02 2.30973E-04 
1.71942E-02 -3.41493E-04 
1.78897E-02 -9.26877E-04 
1.88657E-02 -1.54312E-03 
2.06361E-02 -2.26257E-03 
2.37348E-02 -3.21880E-03 
2.74576E-02 -4.40987E-03 
3.02290E-02 -5.59130E-03 
9.01274E-03 6.39554E-03 
9.48107E-03 6.14389E-03 
9.78906E-03 5.58226E-03 
1.02163E-02 5.33713E-03 
1.06663E-02 5.06389E-03 
1.11377E-02 4.76217E-03 
1.16289E-02 4.43196E-03 
1.20212E-02 4.15714E-03 
1.21377E-02 4.07365E-03 
1.27033E-02 3.65676E-03 
1.32831E-02 3.20966E-03 
1.38732E-02 2.73437E-03 
1.44694E-02 2.23343E-03 
1.49318E-02 1.74469E-03 
1.55276E-02 1.20721E-03 
1.61220E-02 6.49391E-04 
1.67105E-02 7.50142E-05 
1.72903E-02 -5.11965E-04 
1.78627E-02 -1.10786E-03 
1.84438E-02 -1.71073E-03 
1.90984E-02 -2.32624E-03 
2.00449E-02 -2.98870E-03 
2.18255E-02 -3.80938E-03 
2.49909E-02 -4.95667E-03 
2.87771E-02 -6.36488E-03 
3.15260E-02 -7.67096E-03 
1.01146E-02 5.99262E-03 
1.06348E-02 5.65621E-03 
1.09156E-02 5.05654E-03 
1.13871E-02 4.73526E-03 
1.18789E-02 4.38490E-03 
1.23892E-02 4.00588E-03 
1.29155E-02 3.59896E-03 
1.33319E-02 3.26573E-03 
1.34550E-02 3.16537E-03 
1.40480E-02 2.66982E-03 
1.46484E-02 2.14762E-03 
1.52519E-02 1.60174E-03 
1.58537E-02 1.03558E-03 
1.63049E-02 5.00865E-04 
1.68896E-02 -8.82432E-05 
1.74642E-02 -6.90885E-04 
1.80242E-02 -1.30271E-03 
1.85668E-02 -1.91945E-03 
1.90941E-02 -2.53759E-03 
1.96234E-02 -3.15663E-03 
2.02243E-02 -3.78760E-03 
2.11271E-02 -4.48166E-03 
2.28988E-02 -5.38924E-03 
2.61029E-02 -6.71187E-03 
2.99193E-02 -8.31705E-03 
3.26184E-02 -9.72371E-03 
1.12619E-02 5.44261E-03 
1.18371E-02 5.01064E-03 
1.20909E-02 4.37305E-03 
1.26083E-02 3.96760E-03 
1.31423E-02 3.53407E-03 
1.36902E-02 3.07367E-03 
1.42488E-02 2.58799E-03 
1.46862E-02 2.19611E-03 
1.48147E-02 2.07905E-03 
1.54288E-02 1.50695E-03 
1.60422E-02 9.13976E-04 
1.66499E-02 3.03923E-04 
1.72467E-02 -3.19076E-04 
1.76775E-02 -8.90827E-04 
1.82387E-02 -1.51985E-03 
1.87805E-02 -2.15413E-03 
1.92985E-02 -2.78895E-03 
1.97902E-02 -3.41995E-03 
2.02585E-02 -4.04403E-03 
2.07226E-02 -4.66243E-03 
2.12560E-02 -5.29182E-03 
2.21002E-02 -6.00050E-03 
2.38429E-02 -6.97749E-03 
2.70558E-02 -8.45511E-03 
3.08675E-02 -1.02320E-02 
3.34892E-02 -1.17120E-02 
1.24881E-02 4.69320E-03 
1.31176E-02 4.16011E-03 
1.33432E-02 3.48823E-03 
1.39054E-02 2.99572E-03 
1.44790E-02 2.47811E-03 
1.50603E-02 1.93742E-03 
1.56455E-02 1.37600E-03 
1.60984E-02 9.29129E-04 
1.62304E-02 7.96635E-04 
1.68560E-02 1.55386E-04 
1.74710E-02 -4.98902E-04 
1.80701E-02 -1.16174E-03 
1.86481E-02 -1.82842E-03 
1.90461E-02 -2.42408E-03 
1.95688E-02 -3.07714E-03 
2.00624E-02 -3.72603E-03 
2.05229E-02 -4.36592E-03 
2.09486E-02 -4.99260E-03 
2.13432E-02 -5.60368E-03 
2.17277E-02 -6.20240E-03 
2.21797E-02 -6.81129E-03 
2.29499E-02 -7.51561E-03 
2.46430E-02 -8.54163E-03 
2.78341E-02 -1.01493E-02 
3.16053E-02 -1.20678E-02 
3.41226E-02 -1.35912E-02 
1.38986E-02 3.70111E-03 
1.45764E-02 3.06526E-03 
1.47654E-02 2.36420E-03 
1.53621E-02 1.78554E-03 
1.59623E-02 1.18715E-03 
1.65618E-02 5.71877E-04 
1.71567E-02 -5.72018E-05 
1.76110E-02 -5.51277E-04 
1.77425E-02 -6.96682E-04 
1.83591E-02 -1.39369E-03 
1.89550E-02 -2.09385E-03 
1.95248E-02 -2.79228E-03 
2.00635E-02 -3.48406E-03 
2.04109E-02 -4.08573E-03 
2.08758E-02 -4.74266E-03 
2.13026E-02 -5.38540E-03 
2.16880E-02 -6.00928E-03 
2.20309E-02 -6.61056E-03 
2.23362E-02 -7.18779E-03 
2.26268E-02 -7.74642E-03 
2.29835E-02 -8.31491E-03 
2.36651E-02 -8.99491E-03 
2.52885E-02 -1.00477E-02 
2.84273E-02 -1.17570E-02 
3.21236E-02 -1.37835E-02 
3.45116E-02 -1.53197E-02 
1.54687E-02 2.40113E-03 
1.61803E-02 1.67209E-03 
1.63217E-02 9.56757E-04 
1.69390E-02 3.03451E-04 
1.75509E-02 -3.62235E-04 
1.81531E-02 -1.03685E-03 
1.87413E-02 -1.71679E-03 
1.91839E-02 -2.24411E-03 
1.93110E-02 -2.39821E-03 
1.98998E-02 -3.13009E-03 
2.04570E-02 -3.85414E-03 
2.09778E-02 -4.56537E-03 
2.14574E-02 -5.25888E-03 
2.17371E-02 -5.84499E-03 
2.21258E-02 -6.48251E-03 
2.24681E-02 -7.09587E-03 
2.27615E-02 -7.68082E-03 
2.30059E-02 -8.23433E-03 
2.32075E-02 -8.75612E-03 
2.33908E-02 -9.25397E-03 
2.36399E-02 -9.76214E-03 
2.42193E-02 -1.03977E-02 
2.57533E-02 -1.14536E-02 
2.88092E-02 -1.32329E-02 
3.23960E-02 -1.53306E-02 
3.46317E-02 -1.68484E-02 
1.71940E-02 7.88556E-04 
1.79117E-02 -1.29948E-05 
1.79854E-02 -7.20378E-04 
1.86003E-02 -1.42764E-03 
1.92020E-02 -2.13882E-03 
1.97862E-02 -2.85029E-03 
2.03482E-02 -3.55813E-03 
2.07646E-02 -4.10072E-03 
2.08830E-02 -4.25822E-03 
2.14240E-02 -4.99959E-03 
2.19228E-02 -5.72193E-03 
2.23749E-02 -6.42033E-03 
2.27766E-02 -7.09016E-03 
2.29725E-02 -7.63783E-03 
2.32681E-02 -8.23196E-03 
2.35101E-02 -8.79258E-03 
2.36969E-02 -9.31617E-03 
2.38298E-02 -9.80058E-03 
2.39162E-02 -1.02469E-02 
2.39825E-02 -1.06653E-02 
2.41150E-02 -1.10955E-02 
2.45818E-02 -1.16682E-02 
2.60094E-02 -1.27037E-02 
2.89535E-02 -1.45191E-02 
3.23987E-02 -1.66493E-02 
3.44637E-02 -1.81193E-02 
1.91583E-02 -1.17058E-03 
1.98633E-02 -2.02078E-03 
1.98523E-02 -2.69564E-03 
2.04430E-02 -3.43420E-03 
2.10090E-02 -4.16689E-03 
2.15460E-02 -4.88957E-03 
2.20499E-02 -5.59823E-03 
2.24147E-02 -6.13437E-03 
2.25170E-02 -6.28884E-03 
2.29755E-02 -7.00884E-03 
2.33832E-02 -7.69873E-03 
2.37365E-02 -8.35406E-03 
2.40323E-02 -8.97075E-03 
2.41212E-02 -9.45371E-03 
2.43016E-02 -9.97810E-03 
2.44240E-02 -1.04611E-02 
2.44876E-02 -1.09002E-02 
2.44949E-02 -1.12941E-02 
2.44546E-02 -1.16454E-02 
2.43943E-02 -1.19666E-02 
2.44020E-02 -1.23023E-02 
2.47470E-02 -1.27952E-02 
2.60520E-02 -1.37880E-02 
2.88564E-02 -1.56068E-02 
3.21294E-02 -1.77322E-02 
3.40068E-02 -1.91274E-02 
2.12282E-02 -3.41163E-03 
2.18811E-02 -4.27500E-03 
2.17564E-02 -4.88510E-03 
2.22907E-02 -5.62295E-03 
2.27916E-02 -6.34535E-03 
2.32556E-02 -7.04825E-03 
2.36795E-02 -7.72791E-03 
2.39777E-02 -8.23544E-03 
2.40597E-02 -8.38052E-03 
2.44165E-02 -9.04944E-03 
2.47147E-02 -9.67817E-03 
2.49519E-02 -1.02631E-02 
2.51263E-02 -1.08010E-02 
2.50964E-02 -1.11974E-02 
2.51503E-02 -1.16305E-02 
2.51431E-02 -1.20161E-02 
2.50755E-02 -1.23525E-02 
2.49509E-02 -1.26398E-02 
2.47794E-02 -1.28820E-02 
2.45897E-02 -1.30936E-02 
2.44705E-02 -1.33235E-02 
2.46898E-02 -1.37240E-02 
2.58610E-02 -1.46546E-02 
2.85025E-02 -1.64446E-02 
3.15782E-02 -1.85293E-02 
3.32581E-02 -1.98272E-02 
2.33713E-02 -5.88048E-03 
2.39355E-02 -6.71884E-03 
2.36677E-02 -7.22967E-03 
2.41123E-02 -7.93186E-03 
2.45182E-02 -8.61028E-03 
2.48823E-02 -9.26129E-03 
2.52011E-02 -9.88129E-03 
2.54145E-02 -1.03374E-02 
2.54713E-02 -1.04667E-02 
2.57048E-02 -1.10554E-02 
2.58756E-02 -1.15964E-02 
2.59817E-02 -1.20865E-02 
2.60219E-02 -1.25233E-02 
2.58636E-02 -1.28147E-02 
2.57822E-02 -1.31385E-02 
2.56388E-02 -1.34106E-02 
2.54351E-02 -1.36304E-02 
2.51760E-02 -1.37992E-02 
2.48726E-02 -1.39223E-02 
2.45544E-02 -1.40162E-02 
2.43101E-02 -1.41332E-02 
2.44036E-02 -1.44326E-02 
2.54333E-02 -1.52847E-02 
2.78924E-02 -1.70168E-02 
3.07502E-02 -1.90284E-02 
3.22273E-02 -2.02111E-02 
2.54908E-02 -8.48263E-03 
2.59528E-02 -9.26506E-03 
2.55355E-02 -9.65192E-03 
2.58747E-02 -1.02916E-02 
2.61712E-02 -1.09008E-02 
2.64186E-02 -1.14746E-02 
2.66122E-02 -1.20087E-02 
2.67241E-02 -1.23930E-02 
2.67504E-02 -1.25004E-02 
2.68364E-02 -1.29804E-02 
2.68566E-02 -1.34063E-02 
2.68112E-02 -1.37765E-02 
2.67006E-02 -1.40898E-02 
2.64024E-02 -1.42583E-02 
2.61773E-02 -1.44571E-02 
2.58925E-02 -1.46028E-02 
2.55509E-02 -1.46957E-02 
2.51582E-02 -1.47383E-02 
2.47261E-02 -1.47371E-02 
2.42845E-02 -1.47101E-02 
2.39209E-02 -1.47118E-02 
2.38924E-02 -1.49059E-02 
2.47773E-02 -1.56673E-02 
2.70399E-02 -1.73165E-02 
2.96653E-02 -1.92273E-02 
3.09399E-02 -2.02826E-02 
2.75197E-02 -1.11309E-02 
2.78285E-02 -1.18137E-02 
2.72264E-02 -1.20415E-02 
2.74246E-02 -1.25827E-02 
2.75740E-02 -1.30860E-02 
2.76734E-02 -1.35492E-02 
2.77219E-02 -1.39701E-02 
2.77242E-02 -1.42659E-02 
2.77189E-02 -1.43472E-02 
2.76552E-02 -1.47016E-02 
2.75275E-02 -1.49997E-02 
2.73354E-02 -1.52399E-02 
2.70798E-02 -1.54217E-02 
2.66490E-02 -1.54623E-02 
2.62869E-02 -1.55312E-02 
2.58681E-02 -1.55470E-02 
2.53967E-02 -1.55112E-02 
2.48792E-02 -1.54273E-02 
2.43282E-02 -1.53028E-02 
2.37736E-02 -1.51571E-02 
2.33008E-02 -1.50460E-02 
2.31581E-02 -1.51349E-02 
2.38984E-02 -1.57974E-02 
2.59545E-02 -1.73424E-02 
2.83376E-02 -1.91295E-02 
2.94140E-02 -2.00499E-02 
2.93120E-02 -1.36943E-02 
2.94659E-02 -1.42558E-02 
2.86977E-02 -1.43170E-02 
2.87636E-02 -1.47485E-02 
2.87760E-02 -1.51371E-02 
2.87323E-02 -1.54795E-02 
2.86322E-02 -1.57739E-02 
2.85169E-02 -1.59684E-02 
2.84771E-02 -1.60197E-02 
2.82505E-02 -1.62304E-02 
2.79627E-02 -1.63839E-02 
2.76133E-02 -1.64790E-02 
2.72044E-02 -1.65162E-02 
2.66362E-02 -1.64196E-02 
2.61359E-02 -1.63520E-02 
2.55856E-02 -1.62342E-02 
2.49900E-02 -1.60689E-02 
2.43562E-02 -1.58602E-02 
2.36970E-02 -1.56166E-02 
2.30416E-02 -1.53578E-02 
2.24721E-02 -1.51402E-02 
2.22257E-02 -1.51277E-02 
2.28257E-02 -1.56872E-02 
2.46711E-02 -1.71124E-02 
2.68086E-02 -1.87588E-02 
2.76959E-02 -1.95422E-02 
3.08684E-02 -1.61122E-02 
3.08436E-02 -1.65250E-02 
2.98801E-02 -1.63933E-02 
2.97796E-02 -1.66842E-02 
2.96246E-02 -1.69289E-02 
2.94183E-02 -1.71275E-02 
2.91606E-02 -1.72789E-02 
2.89269E-02 -1.73638E-02 
2.88531E-02 -1.73833E-02 
2.84679E-02 -1.74434E-02 
2.80290E-02 -1.74495E-02 
2.75370E-02 -1.74015E-02 
2.69932E-02 -1.72999E-02 
2.63075E-02 -1.70745E-02 
2.56882E-02 -1.68787E-02 
2.50250E-02 -1.66364E-02 
2.43234E-02 -1.63512E-02 
2.35911E-02 -1.60280E-02 
2.28411E-02 -1.56759E-02 
2.21020E-02 -1.53150E-02 
2.14521E-02 -1.50013E-02 
2.11155E-02 -1.48951E-02 
2.15827E-02 -1.53516E-02 
2.32179E-02 -1.66460E-02 
2.51116E-02 -1.81402E-02 
2.58221E-02 -1.87887E-02 
3.20518E-02 -1.82635E-02 
3.18393E-02 -1.85093E-02 
3.06961E-02 -1.81842E-02 
3.04503E-02 -1.83370E-02 
3.01551E-02 -1.84452E-02 
2.98069E-02 -1.85054E-02 
2.94068E-02 -1.85169E-02 
2.90633E-02 -1.84931E-02 
2.89576E-02 -1.84808E-02 
2.84221E-02 -1.83900E-02 
2.78362E-02 -1.82467E-02 
2.72025E-02 -1.80522E-02 
2.65250E-02 -1.78091E-02 
2.57255E-02 -1.74553E-02 
2.49940E-02 -1.71339E-02 
2.42276E-02 -1.67724E-02 
2.34322E-02 -1.63749E-02 
2.26157E-02 -1.59469E-02 
2.17907E-02 -1.54976E-02 
2.09843E-02 -1.50469E-02 
2.02704E-02 -1.46493E-02 
1.98582E-02 -1.44592E-02 
2.02025E-02 -1.48155E-02 
2.16322E-02 -1.59729E-02 
2.32883E-02 -1.73088E-02 
2.38372E-02 -1.78283E-02 
3.28698E-02 -2.01071E-02 
3.24860E-02 -2.01873E-02 
3.11757E-02 -1.96714E-02 
3.07714E-02 -1.96716E-02 
3.03127E-02 -1.96228E-02 
2.98057E-02 -1.95279E-02 
2.92557E-02 -1.93892E-02 
2.88025E-02 -1.92528E-02 
2.86659E-02 -1.92083E-02 
2.79904E-02 -1.89692E-02 
2.72775E-02 -1.86865E-02 
2.65283E-02 -1.83608E-02 
2.57451E-02 -1.79937E-02 
2.48586E-02 -1.75295E-02 
2.40404E-02 -1.71001E-02 
2.31951E-02 -1.66368E-02 
2.23292E-02 -1.61442E-02 
2.14505E-02 -1.56282E-02 
2.05713E-02 -1.50982E-02 
1.97176E-02 -1.45739E-02 
1.89580E-02 -1.41074E-02 
1.84863E-02 -1.38456E-02 
1.87202E-02 -1.41079E-02 
1.99528E-02 -1.51266E-02 
2.13822E-02 -1.63030E-02 
2.17867E-02 -1.67026E-02 
3.32768E-02 -2.15867E-02 
3.27070E-02 -2.14851E-02 
3.12361E-02 -2.07795E-02 
3.06841E-02 -2.06293E-02 
3.00979E-02 -2.04430E-02 
2.94762E-02 -2.02190E-02 
2.88089E-02 -1.99497E-02 
2.82668E-02 -1.97136E-02 
2.81047E-02 -1.96405E-02 
2.73094E-02 -1.92658E-02 
2.64800E-02 -1.88500E-02 
2.56233E-02 -1.83983E-02 
2.47437E-02 -1.79139E-02 
2.37812E-02 -1.73477E-02 
2.28885E-02 -1.68199E-02 
2.19784E-02 -1.62662E-02 
2.10573E-02 -1.56914E-02 
2.01331E-02 -1.51017E-02 
1.92173E-02 -1.45062E-02 
1.83337E-02 -1.39237E-02 
1.75457E-02 -1.34033E-02 
1.70302E-02 -1.30828E-02 
1.71665E-02 -1.32588E-02 
1.82132E-02 -1.41405E-02 
1.94292E-02 -1.51599E-02 
1.97072E-02 -1.54507E-02 
3.32614E-02 -2.26571E-02 
3.25415E-02 -2.23947E-02 
3.09428E-02 -2.15217E-02 
3.02704E-02 -2.12378E-02 
2.95606E-02 -2.09156E-02 
2.88070E-02 -2.05499E-02 
2.80190E-02 -2.01468E-02 
2.73917E-02 -1.98131E-02 
2.72061E-02 -1.97124E-02 
2.63099E-02 -1.92152E-02 
2.53937E-02 -1.86883E-02 
2.44591E-02 -1.81330E-02 
2.35097E-02 -1.75521E-02 
2.24961E-02 -1.69047E-02 
2.15546E-02 -1.62999E-02 
2.06047E-02 -1.56769E-02 
1.96523E-02 -1.50407E-02 
1.87047E-02 -1.43972E-02 
1.77729E-02 -1.37551E-02 
1.68787E-02 -1.31323E-02 
1.60799E-02 -1.25746E-02 
1.55368E-02 -1.22096E-02 
1.55903E-02 -1.23095E-02 
1.64664E-02 -1.30605E-02 
1.74868E-02 -1.39307E-02 
1.76576E-02 -1.41262E-02 
3.28348E-02 -2.33259E-02 
3.19777E-02 -2.29093E-02 
3.02699E-02 -2.18825E-02 
2.94740E-02 -2.14615E-02 
2.86510E-02 -2.10098E-02 
2.78121E-02 -2.05352E-02 
2.69542E-02 -2.00351E-02 
2.62716E-02 -1.96262E-02 
2.60689E-02 -1.95030E-02 
2.50896E-02 -1.88974E-02 
2.40972E-02 -1.82685E-02 
2.30983E-02 -1.76212E-02 
2.20956E-02 -1.69581E-02 
2.10480E-02 -1.62447E-02 
2.00746E-02 -1.55779E-02 
1.91017E-02 -1.49012E-02 
1.81351E-02 -1.42195E-02 
1.71814E-02 -1.35383E-02 
1.62505E-02 -1.28660E-02 
1.53622E-02 -1.22188E-02 
1.45682E-02 -1.16388E-02 
1.40118E-02 -1.12424E-02 
1.39961E-02 -1.12762E-02 
1.47154E-02 -1.19031E-02 
1.55564E-02 -1.26319E-02 
1.56374E-02 -1.27449E-02 
3.20153E-02 -2.35816E-02 
3.10490E-02 -2.30314E-02 
2.92603E-02 -2.18745E-02 
2.83690E-02 -2.13372E-02 
2.74673E-02 -2.07822E-02 
2.65520E-02 -2.02069E-02 
2.56159E-02 -1.96054E-02 
2.48814E-02 -1.91251E-02 
2.46659E-02 -1.89830E-02 
2.36353E-02 -1.82952E-02 
2.26006E-02 -1.75923E-02 
2.15657E-02 -1.68774E-02 
2.05345E-02 -1.61541E-02 
1.94738E-02 -1.53942E-02 
1.84885E-02 -1.46842E-02 
1.75120E-02 -1.39722E-02 
1.65495E-02 -1.32629E-02 
1.56072E-02 -1.25615E-02 
1.46939E-02 -1.18757E-02 
1.38270E-02 -1.12201E-02 
1.30523E-02 -1.06326E-02 
1.24964E-02 -1.02181E-02 
1.24254E-02 -1.01969E-02 
1.30044E-02 -1.07096E-02 
1.36851E-02 -1.13084E-02 
1.36939E-02 -1.13527E-02 
3.08341E-02 -2.34386E-02 
2.97706E-02 -2.27653E-02 
2.79373E-02 -2.15093E-02 
2.69849E-02 -2.08834E-02 
2.60208E-02 -2.02396E-02 
2.50463E-02 -1.95786E-02 
2.40629E-02 -1.89017E-02 
2.32964E-02 -1.83672E-02 
2.30718E-02 -1.82095E-02 
2.20032E-02 -1.74527E-02 
2.09399E-02 -1.66895E-02 
1.98884E-02 -1.59255E-02 
1.88523E-02 -1.51640E-02 
1.78019E-02 -1.43799E-02 
1.68270E-02 -1.36480E-02 
1.58673E-02 -1.29209E-02 
1.49278E-02 -1.22030E-02 
1.40141E-02 -1.14991E-02 
1.31339E-02 -1.08161E-02 
1.23025E-02 -1.01671E-02 
1.15600E-02 -9.58605E-03 
1.10169E-02 -9.16585E-03 
1.09040E-02 -9.10085E-03 
1.13597E-02 -9.51051E-03 
1.18995E-02 -9.99214E-03 
1.18527E-02 -9.98153E-03 
2.93270E-02 -2.29188E-02 
2.82036E-02 -2.21535E-02 
2.63552E-02 -2.08266E-02 
2.53519E-02 -2.01226E-02 
2.43385E-02 -1.94027E-02 
2.33284E-02 -1.86773E-02 
2.23235E-02 -1.79481E-02 
2.15525E-02 -1.73836E-02 
2.13279E-02 -1.72184E-02 
2.02556E-02 -1.64235E-02 
1.91870E-02 -1.56224E-02 
1.81353E-02 -1.48261E-02 
1.71083E-02 -1.40415E-02 
1.60829E-02 -1.32489E-02 
1.51340E-02 -1.25117E-02 
1.42068E-02 -1.17860E-02 
1.33051E-02 -1.10754E-02 
1.24337E-02 -1.03839E-02 
1.15991E-02 -9.71781E-03 
1.08147E-02 -9.08860E-03 
1.01149E-02 -8.52592E-03 
9.59497E-03 -8.11113E-03 
9.45255E-03 -8.01314E-03 
9.80195E-03 -8.33187E-03 
1.02201E-02 -8.71008E-03 
1.01327E-02 -8.65753E-03 
2.75481E-02 -2.20630E-02 
2.63710E-02 -2.12134E-02 
2.45311E-02 -1.98400E-02 
2.35154E-02 -1.90917E-02 
2.24884E-02 -1.83272E-02 
2.14710E-02 -1.75635E-02 
2.04675E-02 -1.68043E-02 
1.96911E-02 -1.62119E-02 
1.94642E-02 -1.60380E-02 
1.83929E-02 -1.52126E-02 
1.73475E-02 -1.44007E-02 
1.63283E-02 -1.36029E-02 
1.53363E-02 -1.28205E-02 
1.43534E-02 -1.20379E-02 
1.34448E-02 -1.13112E-02 
1.25623E-02 -1.06009E-02 
1.17099E-02 -9.91080E-03 
1.08916E-02 -9.24476E-03 
1.01129E-02 -8.60778E-03 
9.38475E-03 -8.00960E-03 
8.73622E-03 -7.47567E-03 
8.24820E-03 -7.07601E-03 
8.08751E-03 -6.95523E-03 
8.34694E-03 -7.19542E-03 
8.66199E-03 -7.48420E-03 
8.54754E-03 -7.40175E-03 
2.55240E-02 -2.08930E-02 
2.43390E-02 -2.00000E-02 
2.25359E-02 -1.86089E-02 
2.15164E-02 -1.78271E-02 
2.05034E-02 -1.70445E-02 
1.94992E-02 -1.62631E-02 
1.85090E-02 -1.54871E-02 
1.77504E-02 -1.48889E-02 
1.75300E-02 -1.47144E-02 
1.64927E-02 -1.38898E-02 
1.54825E-02 -1.30812E-02 
1.45049E-02 -1.22936E-02 
1.35601E-02 -1.15277E-02 
1.26336E-02 -1.07710E-02 
1.17799E-02 -1.00707E-02 
1.09559E-02 -9.39127E-03 
1.01650E-02 -8.73595E-03 
9.41034E-03 -8.10779E-03 
8.69629E-03 -7.51092E-03 
8.03179E-03 -6.95347E-03 
7.44111E-03 -6.45690E-03 
6.99184E-03 -6.08057E-03 
6.82278E-03 -5.94632E-03 
7.00784E-03 -6.12033E-03 
7.23743E-03 -6.33356E-03 
7.10752E-03 -6.23196E-03 
2.33212E-02 -1.94665E-02 
2.21490E-02 -1.85513E-02 
2.04149E-02 -1.71756E-02 
1.94222E-02 -1.63894E-02 
1.84329E-02 -1.56008E-02 
1.74550E-02 -1.48164E-02 
1.64965E-02 -1.40430E-02 
1.57699E-02 -1.34538E-02 
1.55606E-02 -1.32837E-02 
1.45815E-02 -1.24847E-02 
1.36292E-02 -1.17028E-02 
1.27049E-02 -1.09394E-02 
1.18171E-02 -1.02022E-02 
1.09580E-02 -9.48462E-03 
1.01703E-02 -8.82416E-03 
9.41515E-03 -8.18816E-03 
8.69453E-03 -7.57873E-03 
8.01087E-03 -6.99827E-03 
7.36753E-03 -6.45006E-03 
6.77168E-03 -5.94075E-03 
6.24318E-03 -5.48811E-03 
5.83761E-03 -5.14157E-03 
5.66857E-03 -5.00206E-03 
5.79376E-03 -5.12179E-03 
5.95418E-03 -5.27281E-03 
5.81859E-03 -5.16141E-03 
2.09921E-02 -1.78323E-02 
1.98625E-02 -1.69246E-02 
1.82152E-02 -1.55856E-02 
1.72614E-02 -1.48096E-02 
1.63228E-02 -1.40418E-02 
1.53919E-02 -1.32759E-02 
1.44838E-02 -1.25249E-02 
1.38017E-02 -1.19586E-02 
1.36056E-02 -1.17953E-02 
1.26913E-02 -1.10319E-02 
1.18062E-02 -1.02889E-02 
1.09543E-02 -9.57009E-03 
1.01409E-02 -8.88061E-03 
9.35887E-03 -8.21440E-03 
8.64457E-03 -7.60372E-03 
7.96421E-03 -7.01984E-03 
7.31902E-03 -6.46415E-03 
6.71051E-03 -5.93825E-03 
6.14112E-03 -5.44461E-03 
5.61641E-03 -4.98846E-03 
5.15222E-03 -4.58419E-03 
4.79336E-03 -4.27211E-03 
4.63116E-03 -4.13426E-03 
4.70960E-03 -4.21086E-03 
4.81559E-03 -4.31209E-03 
4.68219E-03 -4.19868E-03 
1.85927E-02 -1.60456E-02 
1.75210E-02 -1.51633E-02 
1.59874E-02 -1.38902E-02 
1.50879E-02 -1.31413E-02 
1.42100E-02 -1.24071E-02 
1.33485E-02 -1.16830E-02 
1.25083E-02 -1.09735E-02 
1.18787E-02 -1.04398E-02 
1.16983E-02 -1.02867E-02 
1.08593E-02 -9.57197E-03 
1.00513E-02 -8.88037E-03 
9.27900E-03 -8.21629E-03 
8.54761E-03 -7.58491E-03 
7.85144E-03 -6.98141E-03 
7.21779E-03 -6.43024E-03 
6.61709E-03 -5.90595E-03 
6.05061E-03 -5.40994E-03 
5.51951E-03 -4.94352E-03 
5.02547E-03 -4.50844E-03 
4.57253E-03 -4.10860E-03 
4.17301E-03 -3.75532E-03 
3.86228E-03 -3.48076E-03 
3.71222E-03 -3.35019E-03 
3.75546E-03 -3.39372E-03 
3.81998E-03 -3.45641E-03 
3.69482E-03 -3.34719E-03 
1.62035E-02 -1.41827E-02 
1.52044E-02 -1.33433E-02 
1.37982E-02 -1.21546E-02 
1.29710E-02 -1.14524E-02 
1.21623E-02 -1.07630E-02 
1.13787E-02 -1.00922E-02 
1.06187E-02 -9.43887E-03 
1.00512E-02 -8.94925E-03 
9.88903E-03 -8.80908E-03 
9.13379E-03 -8.15450E-03 
8.40965E-03 -7.52404E-03 
7.72385E-03 -6.92458E-03 
7.08033E-03 -6.36005E-03 
6.47156E-03 -5.82403E-03 
5.91944E-03 -5.33630E-03 
5.39918E-03 -4.87531E-03 
4.91152E-03 -4.44196E-03 
4.45712E-03 -4.03708E-03 
4.03691E-03 -3.66175E-03 
3.65373E-03 -3.31873E-03 
3.31683E-03 -3.01668E-03 
3.05354E-03 -2.78067E-03 
2.91926E-03 -2.66152E-03 
2.93748E-03 -2.68111E-03 
2.97197E-03 -2.71542E-03 
2.85922E-03 -2.61495E-03 
1.38503E-02 -1.22792E-02 
1.29362E-02 -1.14976E-02 
1.16713E-02 -1.04110E-02 
1.09261E-02 -9.76784E-03 
1.01992E-02 -9.13794E-03 
9.49966E-03 -8.52944E-03 
8.82491E-03 -7.94017E-03 
8.32438E-03 -7.50162E-03 
8.18135E-03 -7.37606E-03 
7.51716E-03 -6.79152E-03 
6.88501E-03 -6.23284E-03 
6.29158E-03 -5.70644E-03 
5.73660E-03 -5.21246E-03 
5.21488E-03 -4.74655E-03 
4.74432E-03 -4.32501E-03 
4.30407E-03 -3.92949E-03 
3.89419E-03 -3.56029E-03 
3.51469E-03 -3.21762E-03 
3.16591E-03 -2.90198E-03 
2.84962E-03 -2.61517E-03 
2.57255E-03 -2.36353E-03 
2.35518E-03 -2.16608E-03 
2.23906E-03 -2.06128E-03 
2.24046E-03 -2.06441E-03 
2.25411E-03 -2.07868E-03 
2.15650E-03 -1.99014E-03 
1.16000E-02 -1.04030E-02 
1.07823E-02 -9.69319E-03 
9.66110E-03 -8.71648E-03 
9.00542E-03 -8.14245E-03 
8.36727E-03 -7.58162E-03 
7.75571E-03 -7.04219E-03 
7.17016E-03 -6.52377E-03 
6.73662E-03 -6.13866E-03 
6.61342E-03 -6.02904E-03 
6.04429E-03 -5.52143E-03 
5.50568E-03 -5.03910E-03 
5.00215E-03 -4.58654E-03 
4.53504E-03 -4.16532E-03 
4.09959E-03 -3.77147E-03 
3.70920E-03 -3.41727E-03 
3.34619E-03 -3.08703E-03 
3.01042E-03 -2.78081E-03 
2.70158E-03 -2.49849E-03 
2.41954E-03 -2.24013E-03 
2.16526E-03 -2.00676E-03 
1.94342E-03 -1.80285E-03 
1.76888E-03 -1.64233E-03 
1.67189E-03 -1.55346E-03 
1.66321E-03 -1.54643E-03 
1.66362E-03 -1.54770E-03 
1.58237E-03 -1.47281E-03 
9.49751E-03 -8.60532E-03 
8.78448E-03 -7.97857E-03 
7.80955E-03 -7.11869E-03 
7.24405E-03 -6.61751E-03 
6.69772E-03 -6.13154E-03 
6.17468E-03 -5.66460E-03 
5.67851E-03 -5.22004E-03 
5.31206E-03 -4.89066E-03 
5.20830E-03 -4.79724E-03 
4.73235E-03 -4.36769E-03 
4.28541E-03 -3.96275E-03 
3.86945E-03 -3.58450E-03 
3.48657E-03 -3.23518E-03 
3.13259E-03 -2.91130E-03 
2.81764E-03 -2.62223E-03 
2.52684E-03 -2.35460E-03 
2.25967E-03 -2.10813E-03 
2.01563E-03 -1.88248E-03 
1.79427E-03 -1.67738E-03 
1.59594E-03 -1.49328E-03 
1.42370E-03 -1.33314E-03 
1.28793E-03 -1.20680E-03 
1.20989E-03 -1.13429E-03 
1.19629E-03 -1.12202E-03 
1.18936E-03 -1.11584E-03 
1.12447E-03 -1.05515E-03 
7.58633E-03 -6.93640E-03 
6.97861E-03 -6.39650E-03 
6.14762E-03 -5.65562E-03 
5.67014E-03 -5.22804E-03 
5.21351E-03 -4.81765E-03 
4.77792E-03 -4.42474E-03 
4.36790E-03 -4.05360E-03 
4.06626E-03 -3.77964E-03 
3.98088E-03 -3.70195E-03 
3.59285E-03 -3.34813E-03 
3.23243E-03 -3.01821E-03 
2.89964E-03 -2.71245E-03 
2.59500E-03 -2.43159E-03 
2.31572E-03 -2.17336E-03 
2.06940E-03 -1.94485E-03 
1.84380E-03 -1.73500E-03 
1.63816E-03 -1.54324E-03 
1.45176E-03 -1.36901E-03 
1.28394E-03 -1.21182E-03 
1.13462E-03 -1.07168E-03 
1.00561E-03 -9.50399E-04 
9.03836E-04 -8.54605E-04 
8.43620E-04 -7.97907E-04 
8.28832E-04 -7.84023E-04 
8.18849E-04 -7.74546E-04 
7.69393E-04 -7.27599E-04 
5.89736E-03 -5.43500E-03 
5.38871E-03 -4.97897E-03 
4.69666E-03 -4.35624E-03 
4.30300E-03 -4.00059E-03 
3.93110E-03 -3.66346E-03 
3.57738E-03 -3.34161E-03 
3.24737E-03 -3.04026E-03 
3.00682E-03 -2.81989E-03 
2.93876E-03 -2.75742E-03 
2.63089E-03 -2.47416E-03 
2.34900E-03 -2.21381E-03 
2.09199E-03 -1.97551E-03 
1.85806E-03 -1.75781E-03 
1.64511E-03 -1.55901E-03 
1.45920E-03 -1.38484E-03 
1.29065E-03 -1.22648E-03 
1.13848E-03 -1.08311E-03 
1.00174E-03 -9.53967E-04 
8.79664E-04 -8.38391E-04 
7.71880E-04 -7.36130E-04 
6.79337E-04 -6.48159E-04 
6.06375E-04 -5.78678E-04 
5.62138E-04 -5.36462E-04 
5.48624E-04 -5.23435E-04 
5.38525E-04 -5.13539E-04 
5.02854E-04 -4.79146E-04 
4.44950E-03 -4.12818E-03 
4.03328E-03 -3.75222E-03 
3.47000E-03 -3.24138E-03 
3.15339E-03 -2.95327E-03 
2.85738E-03 -2.68304E-03 
2.57891E-03 -2.42786E-03 
2.32023E-03 -2.18995E-03 
2.13443E-03 -2.01851E-03 
2.08199E-03 -1.97002E-03 
1.84600E-03 -1.75127E-03 
1.63273E-03 -1.55278E-03 
1.44067E-03 -1.37329E-03 
1.26819E-03 -1.21143E-03 
1.11275E-03 -1.06506E-03 
9.78510E-04 -9.38144E-04 
8.58083E-04 -8.23904E-04 
7.50562E-04 -7.21583E-04 
6.54990E-04 -6.30364E-04 
5.70537E-04 -5.49533E-04 
4.96688E-04 -4.78668E-04 
4.33785E-04 -4.18158E-04 
3.84317E-04 -3.70452E-04 
3.53738E-04 -3.40838E-04 
3.42897E-04 -3.30129E-04 
3.34456E-04 -3.21612E-04 
3.10486E-04 -2.98069E-04 
3.24605E-03 -3.02781E-03 
2.91411E-03 -2.72623E-03 
2.46569E-03 -2.31687E-03 
2.21843E-03 -2.09063E-03 
1.98838E-03 -1.87944E-03 
1.77544E-03 -1.68325E-03 
1.57954E-03 -1.50208E-03 
1.44028E-03 -1.37285E-03 
1.40131E-03 -1.33662E-03 
1.22717E-03 -1.17425E-03 
1.07218E-03 -1.02910E-03 
9.34465E-04 -8.99533E-04 
8.12765E-04 -7.84487E-04 
7.04655E-04 -6.81880E-04 
6.12949E-04 -5.94421E-04 
5.31876E-04 -5.16783E-04 
4.60447E-04 -4.48108E-04 
3.97795E-04 -3.87639E-04 
3.43162E-04 -3.34716E-04 
2.95987E-04 -2.88857E-04 
2.56246E-04 -2.50092E-04 
2.25182E-04 -2.19675E-04 
2.05739E-04 -2.00497E-04 
1.98149E-04 -1.92771E-04 
1.92235E-04 -1.86564E-04 
1.77720E-04 -1.71930E-04 
2.29007E-03 -2.14417E-03 
2.03048E-03 -1.90725E-03 
1.68177E-03 -1.58727E-03 
1.49272E-03 -1.41361E-03 
1.31892E-03 -1.25345E-03 
1.16031E-03 -1.10678E-03 
1.01626E-03 -9.73069E-04 
9.15272E-04 -8.79001E-04 
8.87288E-04 -8.52880E-04 
7.63679E-04 -7.37175E-04 
6.55559E-04 -6.35468E-04 
5.61316E-04 -5.46335E-04 
4.79840E-04 -4.68842E-04 
4.08885E-04 -4.01023E-04 
3.50080E-04 -3.44470E-04 
2.99153E-04 -2.95221E-04 
2.55209E-04 -2.52488E-04 
2.17439E-04 -2.15553E-04 
1.85148E-04 -1.83803E-04 
1.57800E-04 -1.56764E-04 
1.35175E-04 -1.34269E-04 
1.17736E-04 -1.16816E-04 
1.06839E-04 -1.05766E-04 
1.02453E-04 -1.01069E-04 
9.92541E-05 -9.74374E-05 
9.19252E-05 -8.96794E-05 
1.55935E-03 -1.46265E-03 
1.36068E-03 -1.28079E-03 
1.09515E-03 -1.03619E-03 
9.54370E-04 -9.06589E-04 
8.26093E-04 -7.88121E-04 
7.11074E-04 -6.81580E-04 
6.08101E-04 -5.85834E-04 
5.37225E-04 -5.19713E-04 
5.17859E-04 -5.01608E-04 
4.33244E-04 -4.22258E-04 
3.61078E-04 -3.54215E-04 
3.00104E-04 -2.96371E-04 
2.49008E-04 -2.47556E-04 
2.05651E-04 -2.05858E-04 
1.71058E-04 -1.72306E-04 
1.42080E-04 -1.43966E-04 
1.17939E-04 -1.20144E-04 
9.79416E-05 -1.00223E-04 
8.14844E-05 -8.36607E-05 
6.80831E-05 -7.00261E-05 
5.74304E-05 -5.90580E-05 
4.95419E-05 -5.08132E-05 
4.48446E-05 -4.57473E-05 
4.32589E-05 -4.37582E-05 
4.25483E-05 -4.25482E-05 
4.03884E-05 -3.98199E-05 
1.02743E-03 -9.63039E-04 
8.77981E-04 -8.26011E-04 
6.80178E-04 -6.43340E-04 
5.77176E-04 -5.48449E-04 
4.84454E-04 -4.62792E-04 
4.02473E-04 -3.86861E-04 
3.30763E-04 -3.20229E-04 
2.82200E-04 -2.74960E-04 
2.69134E-04 -2.62757E-04 
2.13242E-04 -2.10403E-04 
1.67207E-04 -1.67032E-04 
1.29714E-04 -1.31455E-04 
9.98902E-05 -1.02907E-04 
7.57409E-05 -7.95711E-05 
5.77120E-05 -6.19194E-05 
4.36160E-05 -4.79134E-05 
3.27883E-05 -3.69568E-05 
2.46292E-05 -2.85090E-05 
1.86257E-05 -2.21065E-05 
1.43617E-05 -1.73755E-05 
1.15114E-05 -1.40285E-05 
9.86419E-06 -1.18943E-05 
9.36732E-06 -1.09529E-05 
1.00010E-05 -1.11598E-05 
1.13339E-05 -1.19882E-05 
1.26595E-05 -1.27223E-05 
6.60235E-04 -6.16420E-04 
5.49257E-04 -5.14615E-04 
4.04756E-04 -3.81016E-04 
3.30173E-04 -3.12349E-04 
2.63864E-04 -2.51164E-04 
2.06011E-04 -1.97678E-04 
1.56556E-04 -1.51856E-04 
1.23676E-04 -1.21308E-04 
1.14989E-04 -1.13226E-04 
7.86851E-05 -7.93678E-05 
5.00628E-05 -5.25260E-05 
2.81503E-05 -3.18229E-05 
1.19795E-05 -1.63802E-05 
3.86211E-08 -4.81875E-06 
-7.57919E-06 2.73312E-06 
-1.24269E-05 7.72325E-06 
-1.50812E-05 1.06742E-05 
-1.60458E-05 1.20435E-05 
-1.57416E-05 1.22133E-05 
-1.45260E-05 1.15079E-05 
-1.27145E-05 1.02119E-05 
-1.06117E-05 8.59658E-06 
-8.47450E-06 6.89041E-06 
-6.22453E-06 5.03968E-06 
-3.35683E-06 2.63396E-06 
1.57444E-07 -3.40232E-07 
4.20160E-04 -3.89199E-04 
3.38591E-04 -3.14412E-04 
2.34532E-04 -2.18224E-04 
1.80723E-04 -1.68756E-04 
1.33284E-04 -1.25078E-04 
9.22583E-05 -8.72553E-05 
5.76985E-05 -5.53623E-05 
3.51956E-05 -3.45605E-05 
2.93227E-05 -2.91276E-05 
5.34868E-06 -6.91691E-06 
-1.25008E-05 9.67676E-06 
-2.52055E-05 2.15609E-05 
-3.34903E-05 2.93901E-05 
-3.84890E-05 3.41993E-05 
-4.03146E-05 3.60647E-05 
-4.00965E-05 3.60400E-05 
-3.83216E-05 3.45697E-05 
-3.54122E-05 3.20406E-05 
-3.17351E-05 2.87899E-05 
-2.76062E-05 2.51079E-05 
-2.33237E-05 2.12692E-05 
-1.92153E-05 1.75758E-05 
-1.55911E-05 1.43164E-05 
-1.22781E-05 1.13404E-05 
-8.37596E-06 7.82402E-06 
-3.62927E-06 3.52217E-06 
2.70657E-04 -2.47733E-04 
2.11215E-04 -1.93320E-04 
1.37185E-04 -1.25003E-04 
9.83897E-05 -8.94157E-05 
6.42075E-05 -5.80235E-05 
3.46388E-05 -3.08473E-05 
9.77278E-06 -7.98556E-06 
-6.25564E-06 6.76102E-06 
-1.04134E-05 1.05872E-05 
-2.70727E-05 2.59208E-05 
-3.90047E-05 3.69141E-05 
-4.68450E-05 4.41480E-05 
-5.11241E-05 4.80975E-05 
-5.27396E-05 4.95876E-05 
-5.19464E-05 4.88360E-05 
-4.95206E-05 4.65638E-05 
-4.58525E-05 4.31297E-05 
-4.13253E-05 3.88907E-05 
-3.62720E-05 3.41575E-05 
-3.09839E-05 2.92028E-05 
-2.57404E-05 2.42889E-05 
-2.08553E-05 1.97118E-05 
-1.66165E-05 1.57451E-05 
-1.27863E-05 1.21690E-05 
-8.38891E-06 8.06133E-06 
-3.19312E-06 3.19366E-06 
1.80426E-04 -1.62667E-04 
1.37835E-04 -1.23812E-04 
8.58780E-05 -7.60387E-05 
5.82022E-05 -5.07508E-05 
3.36481E-05 -2.82928E-05 
1.22072E-05 -8.66898E-06 
-6.03142E-06 8.03002E-06 
-1.78048E-05 1.88114E-05 
-2.08722E-05 2.16214E-05 
-3.30749E-05 3.27930E-05 
-4.16312E-05 4.06152E-05 
-4.70176E-05 4.55229E-05 
-4.96195E-05 4.78548E-05 
-5.00458E-05 4.81645E-05 
-4.85645E-05 4.66873E-05 
-4.57353E-05 4.39418E-05 
-4.19099E-05 4.02561E-05 
-3.74035E-05 3.59265E-05 
-3.24987E-05 3.12207E-05 
-2.74498E-05 2.63804E-05 
-2.24994E-05 2.16372E-05 
-1.79139E-05 1.72463E-05 
-1.39169E-05 1.34237E-05 
-1.02587E-05 9.93160E-06 
-6.10085E-06 5.96318E-06 
-1.32616E-06 1.39877E-06 
1.26443E-04 -1.12152E-04 
9.66761E-05 -8.51835E-05 
6.08869E-05 -5.25042E-05 
4.17770E-05 -3.51947E-05 
2.46305E-05 -1.96515E-05 
9.42958E-06 -5.86303E-06 
-3.65168E-06 6.00357E-06 
-1.21564E-05 1.37150E-05 
-1.43685E-05 1.57206E-05 
-2.31843E-05 2.37042E-05 
-2.92584E-05 2.91804E-05 
-3.30216E-05 3.25447E-05 
-3.47849E-05 3.40691E-05 
-3.49804E-05 3.41408E-05 
-3.38220E-05 3.29462E-05 
-3.17199E-05 3.08635E-05 
-2.89274E-05 2.81284E-05 
-2.56714E-05 2.49545E-05 
-2.21502E-05 2.15306E-05 
-1.85391E-05 1.80243E-05 
-1.50047E-05 1.45959E-05 
-1.17242E-05 1.14166E-05 
-8.83137E-06 8.61689E-06 
-6.12854E-06 6.00593E-06 
-3.06556E-06 3.04821E-06 
3.64934E-07 -2.68247E-07 
---
