PdfType: replica
Format: lhagrid1
---
1.00000E-06 1.28121E-06 1.64152E-06 2.10317E-06 2.69463E-06 3.45242E-06 4.42329E-06 5.66715E-06 7.26076E-06 9.30241E-06 1.19180E-05 1.52689E-05 1.95617E-05 2.50609E-05 3.21053E-05 4.11287E-05 5.26863E-05 6.74889E-05 8.64459E-05 1.10720E-04 1.41800E-04 1.81585E-04 2.32503E-04 2.97652E-04 3.80981E-04 4.87518E-04 6.26039E-04 8.00452E-04 1.02297E-03 1.30657E-03 1.66759E-03 2.12729E-03 2.71054E-03 3.44865E-03 4.37927E-03 5.54908E-03 7.01192E-03 8.83064E-03 1.10763E-02 1.38266E-02 1.71641E-02 2.11717E-02 2.59364E-02 3.15062E-02 3.79623E-02 4.53425E-02 5.36750E-02 6.29705E-02 7.32221E-02 8.44039E-02 9.64793E-02 1.09332E-01 1.23067E-01 1.37507E-01 1.52639E-01 1.68416E-01 1.84794E-01 2.01731E-01 2.19016E-01 2.36948E-01 2.55242E-01 2.73927E-01 2.92954E-01 3.12340E-01 3.32036E-01 3.52019E-01 3.72282E-01 3.92772E-01 4.13533E-01 4.34326E-01 4.55495E-01 4.76836E-01 4.98342E-01 5.20006E-01 5.41818E-01 5.63773E-01 5.85861E-01 6.08077E-01 6.30459E-01 6.52800E-01 6.75387E-01 6.98063E-01 7.20830E-01 7.43683E-01 7.66623E-01 7.89636E-01 8.12791E-01 8.35940E-01 8.59175E-01 8.82485E-01 9.05866E-01 9.29311E-01 9.52817E-01 9.76387E-01 1.00000E+00 
1.14018E+00 1.22539E+00 1.32482E+00 1.44156E+00 1.57954E+00 1.74381E+00 1.94091E+00 2.12132E+00 2.17945E+00 2.49622E+00 2.89383E+00 3.39925E+00 4.05063E+00 4.90286E+00 6.03623E+00 7.57063E+00 9.68869E+00 1.26749E+01 1.69835E+01 2.33578E+01 3.30501E+01 4.82334E+01 7.28041E+01 1.13998E+02 1.85779E+02 3.16228E+02 
908 909 
-3.11118E-03 1.76912E-05 
-3.12153E-03 1.78641E-05 
-3.12862E-03 1.60390E-05 
-3.12956E-03 1.52406E-05 
-3.13064E-03 1.42067E-05 
-3.13196E-03 1.28762E-05 
-3.13366E-03 1.11822E-05 
-3.13533E-03 9.57610E-06 
-3.13589E-03 9.05207E-06 
-3.13909E-03 6.17778E-06 
-3.14338E-03 2.60516E-06 
-3.14905E-03 -1.77063E-06 
-3.15648E-03 -7.05565E-06 
-3.16678E-03 -1.28167E-05 
-3.18008E-03 -2.06411E-05 
-3.19700E-03 -2.96880E-05 
-3.21835E-03 -4.00752E-05 
-3.24542E-03 -5.19233E-05 
-3.28055E-03 -6.53730E-05 
-3.32958E-03 -8.06578E-05 
-3.40985E-03 -9.83999E-05 
-3.57463E-03 -1.20661E-04 
-3.95272E-03 -1.53258E-04 
-4.67546E-03 -2.04566E-04 
-5.57131E-03 -2.71357E-04 
-6.26283E-03 -3.36253E-04 
-3.11304E-03 2.47489E-05 
-3.12327E-03 2.48420E-05 
-3.13047E-03 2.26262E-05 
-3.13147E-03 2.16712E-05 
-3.13265E-03 2.04564E-05 
-3.13412E-03 1.89164E-05 
-3.13603E-03 1.69797E-05 
-3.13791E-03 1.51608E-05 
-3.13854E-03 1.45702E-05 
-3.14215E-03 1.13505E-05 
-3.14697E-03 7.38436E-06 
-3.15334E-03 2.56649E-06 
-3.16165E-03 -3.20784E-06 
-3.17309E-03 -9.31046E-06 
-3.18787E-03 -1.76550E-05 
-3.20654E-03 -2.72547E-05 
-3.22996E-03 -3.82197E-05 
-3.25944E-03 -5.06602E-05 
-3.29739E-03 -6.47031E-05 
-3.34971E-03 -8.05650E-05 
-3.43389E-03 -9.88511E-05 
-3.60375E-03 -1.21617E-04 
-3.98948E-03 -1.54706E-04 
-4.72451E-03 -2.06528E-04 
-5.63658E-03 -2.73702E-04 
-6.34425E-03 -3.38540E-04 
-3.11252E-03 3.10860E-05 
-3.12268E-03 3.11286E-05 
-3.13014E-03 2.85727E-05 
-3.13125E-03 2.74822E-05 
-3.13259E-03 2.61064E-05 
-3.13428E-03 2.43754E-05 
-3.13647E-03 2.22135E-05 
-3.13863E-03 2.01948E-05 
-3.13935E-03 1.95414E-05 
-3.14347E-03 1.59940E-05 
-3.14894E-03 1.16530E-05 
-3.15614E-03 6.41368E-06 
-3.16547E-03 1.74061E-07 
-3.17817E-03 -6.21085E-06 
-3.19460E-03 -1.50330E-05 
-3.21521E-03 -2.51355E-05 
-3.24090E-03 -3.66192E-05 
-3.27300E-03 -4.95812E-05 
-3.31399E-03 -6.41321E-05 
-3.36982E-03 -8.04683E-05 
-3.45816E-03 -9.91730E-05 
-3.63337E-03 -1.22284E-04 
-4.02707E-03 -1.55644E-04 
-4.77480E-03 -2.07631E-04 
-5.70364E-03 -2.74698E-04 
-6.42793E-03 -3.38908E-04 
-3.11005E-03 3.69891E-05 
-3.12019E-03 3.70175E-05 
-3.12803E-03 3.41680E-05 
-3.12932E-03 3.29695E-05 
-3.13088E-03 3.14585E-05 
-3.13285E-03 2.95603E-05 
-3.13540E-03 2.71957E-05 
-3.13790E-03 2.49940E-05 
-3.13873E-03 2.42826E-05 
-3.14346E-03 2.04307E-05 
-3.14971E-03 1.57389E-05 
-3.15785E-03 1.01045E-05 
-3.16835E-03 3.43008E-06 
-3.18245E-03 -3.17026E-06 
-3.20069E-03 -1.24195E-05 
-3.22341E-03 -2.29663E-05 
-3.25155E-03 -3.48996E-05 
-3.28648E-03 -4.83011E-05 
-3.33071E-03 -6.32616E-05 
-3.39028E-03 -7.99536E-05 
-3.48302E-03 -9.89315E-05 
-3.66382E-03 -1.22199E-04 
-4.06581E-03 -1.55548E-04 
-4.82669E-03 -2.07256E-04 
-5.77279E-03 -2.73598E-04 
-6.51416E-03 -3.36505E-04 
-3.10605E-03 4.27942E-05 
-3.11620E-03 4.28473E-05 
-3.12452E-03 3.97426E-05 
-3.12604E-03 3.84664E-05 
-3.12788E-03 3.68481E-05 
-3.13020E-03 3.48085E-05 
-3.13318E-03 3.22653E-05 
-3.13608E-03 2.98986E-05 
-3.13704E-03 2.91344E-05 
-3.14248E-03 2.50029E-05 
-3.14961E-03 1.99866E-05 
-3.15883E-03 1.39866E-05 
-3.17063E-03 6.91171E-06 
-3.18623E-03 1.68472E-07 
-3.20644E-03 -9.45162E-06 
-3.23145E-03 -2.03773E-05 
-3.26222E-03 -3.26830E-05 
-3.30016E-03 -4.64320E-05 
-3.34784E-03 -6.16918E-05 
-3.41135E-03 -7.86062E-05 
-3.50870E-03 -9.76919E-05 
-3.69533E-03 -1.20895E-04 
-4.10589E-03 -1.53897E-04 
-4.88033E-03 -2.04780E-04 
-5.84418E-03 -2.69651E-04 
-6.60299E-03 -3.30470E-04 
-3.10082E-03 4.88358E-05 
-3.11102E-03 4.89524E-05 
-3.11991E-03 4.56226E-05 
-3.12171E-03 4.42997E-05 
-3.12388E-03 4.26020E-05 
-3.12660E-03 4.04468E-05 
-3.13007E-03 3.77490E-05 
-3.13343E-03 3.52351E-05 
-3.13454E-03 3.44234E-05 
-3.14078E-03 3.00378E-05 
-3.14889E-03 2.47245E-05 
-3.15931E-03 1.83904E-05 
-3.17254E-03 1.09526E-05 
-3.18976E-03 4.14474E-06 
-3.21208E-03 -5.78483E-06 
-3.23952E-03 -1.70173E-05 
-3.27309E-03 -2.96098E-05 
-3.31423E-03 -4.36038E-05 
-3.36554E-03 -5.90397E-05 
-3.43317E-03 -7.60270E-05 
-3.53533E-03 -9.50341E-05 
-3.72798E-03 -1.17920E-04 
-4.14739E-03 -1.50180E-04 
-4.93574E-03 -1.99590E-04 
-5.91776E-03 -2.62117E-04 
-6.69427E-03 -3.19949E-04 
-3.09457E-03 5.54159E-05 
-3.10483E-03 5.56337E-05 
-3.11437E-03 5.21035E-05 
-3.11648E-03 5.07646E-05 
-3.11903E-03 4.90153E-05 
-3.12221E-03 4.67696E-05 
-3.12624E-03 4.39407E-05 
-3.13010E-03 4.12974E-05 
-3.13138E-03 4.04433E-05 
-3.13850E-03 3.58295E-05 
-3.14769E-03 3.02482E-05 
-3.15942E-03 2.36141E-05 
-3.17421E-03 1.58553E-05 
-3.19314E-03 9.06832E-06 
-3.21771E-03 -1.10305E-06 
-3.24774E-03 -1.25623E-05 
-3.28426E-03 -2.53460E-05 
-3.32875E-03 -3.94702E-05 
-3.38385E-03 -5.49440E-05 
-3.45578E-03 -7.18363E-05 
-3.56290E-03 -9.05545E-05 
-3.76176E-03 -1.12836E-04 
-4.19022E-03 -1.43899E-04 
-4.99279E-03 -1.91081E-04 
-5.99327E-03 -2.50257E-04 
-6.78765E-03 -3.04089E-04 
-3.08740E-03 6.27917E-05 
-3.09773E-03 6.31469E-05 
-3.10799E-03 5.94407E-05 
-3.11044E-03 5.81167E-05 
-3.11340E-03 5.63432E-05 
-3.11708E-03 5.40318E-05 
-3.12171E-03 5.10953E-05 
-3.12614E-03 4.83409E-05 
-3.12759E-03 4.74500E-05 
-3.13569E-03 4.26355E-05 
-3.14605E-03 3.68180E-05 
-3.15919E-03 2.99227E-05 
-3.17567E-03 2.18910E-05 
-3.19638E-03 1.52201E-05 
-3.22332E-03 4.88285E-06 
-3.25607E-03 -6.71292E-06 
-3.29569E-03 -1.95797E-05 
-3.34368E-03 -3.37042E-05 
-3.40272E-03 -4.90595E-05 
-3.47909E-03 -6.56672E-05 
-3.59131E-03 -8.38593E-05 
-3.79652E-03 -1.05211E-04 
-4.23419E-03 -1.34555E-04 
-5.05119E-03 -1.78648E-04 
-6.07030E-03 -2.33325E-04 
-6.88255E-03 -2.82020E-04 
-3.07928E-03 7.11738E-05 
-3.08968E-03 7.17019E-05 
-3.10073E-03 6.78509E-05 
-3.10355E-03 6.65734E-05 
-3.10696E-03 6.48038E-05 
-3.11117E-03 6.24525E-05 
-3.11646E-03 5.94335E-05 
-3.12149E-03 5.65879E-05 
-3.12313E-03 5.56662E-05 
-3.13227E-03 5.06822E-05 
-3.14390E-03 4.46657E-05 
-3.15856E-03 3.75549E-05 
-3.17684E-03 2.93072E-05 
-3.19940E-03 2.28608E-05 
-3.22884E-03 1.24444E-05 
-3.26443E-03 8.15491E-07 
-3.30728E-03 -1.20105E-05 
-3.35890E-03 -2.59868E-05 
-3.42201E-03 -4.10456E-05 
-3.50293E-03 -5.71537E-05 
-3.62036E-03 -7.45514E-05 
-3.83200E-03 -9.46047E-05 
-4.27899E-03 -1.21639E-04 
-5.11050E-03 -1.61662E-04 
-6.14828E-03 -2.10547E-04 
-6.97823E-03 -2.52839E-04 
-3.07013E-03 8.07341E-05 
-3.08058E-03 8.14709E-05 
-3.09249E-03 7.75204E-05 
-3.09571E-03 7.63231E-05 
-3.09958E-03 7.45875E-05 
-3.10436E-03 7.22249E-05 
-3.11036E-03 6.91517E-05 
-3.11603E-03 6.62381E-05 
-3.11788E-03 6.52927E-05 
-3.12814E-03 6.01768E-05 
-3.14113E-03 5.40064E-05 
-3.15741E-03 4.67358E-05 
-3.17760E-03 3.83414E-05 
-3.20207E-03 3.22440E-05 
-3.23411E-03 2.18490E-05 
-3.27266E-03 1.03069E-05 
-3.31884E-03 -2.33534E-06 
-3.37421E-03 -1.59929E-05 
-3.44149E-03 -3.05516E-05 
-3.52706E-03 -4.59156E-05 
-3.64977E-03 -6.22152E-05 
-3.86789E-03 -8.05545E-05 
-4.32420E-03 -1.04612E-04 
-5.17020E-03 -1.39461E-04 
-6.22647E-03 -1.81101E-04 
-7.07378E-03 -2.15587E-04 
-3.05977E-03 9.16181E-05 
-3.07025E-03 9.26009E-05 
-3.08312E-03 8.86198E-05 
-3.08673E-03 8.75397E-05 
-3.09110E-03 8.58723E-05 
-3.09649E-03 8.35311E-05 
-3.10322E-03 8.04376E-05 
-3.10958E-03 7.74843E-05 
-3.11166E-03 7.65241E-05 
-3.12311E-03 7.13227E-05 
-3.13754E-03 6.50547E-05 
-3.15554E-03 5.76933E-05 
-3.17776E-03 4.92373E-05 
-3.20418E-03 4.36332E-05 
-3.23892E-03 3.33772E-05 
-3.28052E-03 2.20612E-05 
-3.33015E-03 9.76855E-06 
-3.38935E-03 -3.37365E-06 
-3.46088E-03 -1.71994E-05 
-3.55116E-03 -3.15414E-05 
-3.67918E-03 -4.64003E-05 
-3.90376E-03 -6.25580E-05 
-4.36932E-03 -8.28897E-05 
-5.22961E-03 -1.11324E-04 
-6.30401E-03 -1.44098E-04 
-7.16811E-03 -1.69229E-04 
-3.04800E-03 1.03961E-04 
-3.05849E-03 1.05230E-04 
-3.07241E-03 1.01321E-04 
-3.07643E-03 1.00400E-04 
-3.08130E-03 9.88404E-05 
-3.08733E-03 9.65598E-05 
-3.09485E-03 9.34876E-05 
-3.10193E-03 9.05300E-05 
-3.10424E-03 8.95660E-05 
-3.11696E-03 8.43377E-05 
-3.13292E-03 7.80426E-05 
-3.15274E-03 7.06762E-05 
-3.17710E-03 6.22625E-05 
-3.20548E-03 5.73191E-05 
-3.24300E-03 4.73396E-05 
-3.28776E-03 3.64123E-05 
-3.34090E-03 2.46610E-05 
-3.40402E-03 1.22602E-05 
-3.47986E-03 -5.66693E-07 
-3.57486E-03 -1.35718E-05 
-3.70817E-03 -2.66038E-05 
-3.93914E-03 -4.00557E-05 
-4.41376E-03 -5.58217E-05 
-5.28797E-03 -7.64526E-05 
-6.37989E-03 -9.85580E-05 
-7.25995E-03 -1.12630E-04 
-3.03458E-03 1.17906E-04 
-3.04505E-03 1.19506E-04 
-3.06013E-03 1.15815E-04 
-3.06456E-03 1.15101E-04 
-3.06995E-03 1.13696E-04 
-3.07664E-03 1.11524E-04 
-3.08498E-03 1.08524E-04 
-3.09284E-03 1.05606E-04 
-3.09540E-03 1.04653E-04 
-3.10945E-03 9.94706E-05 
-3.12703E-03 9.32363E-05 
-3.14876E-03 8.59704E-05 
-3.17535E-03 7.77254E-05 
-3.20571E-03 7.36359E-05 
-3.24609E-03 6.40931E-05 
-3.29406E-03 5.37428E-05 
-3.35079E-03 4.27540E-05 
-3.41786E-03 3.13533E-05 
-3.49802E-03 1.98275E-05 
-3.59773E-03 8.51458E-06 
-3.73626E-03 -2.25789E-06 
-3.97346E-03 -1.24184E-05 
-4.45683E-03 -2.26819E-05 
-5.34439E-03 -3.39624E-05 
-6.45295E-03 -4.33999E-05 
-7.34787E-03 -4.45488E-05 
-3.01926E-03 1.33620E-04 
-3.02967E-03 1.35599E-04 
-3.04604E-03 1.32329E-04 
-3.05088E-03 1.31878E-04 
-3.05680E-03 1.30682E-04 
-3.06417E-03 1.28676E-04 
-3.07338E-03 1.25813E-04 
-3.08204E-03 1.22990E-04 
-3.08486E-03 1.22063E-04 
-3.10032E-03 1.17019E-04 
-3.11959E-03 1.10953E-04 
-3.14333E-03 1.03916E-04 
-3.17224E-03 9.59908E-05 
-3.20456E-03 9.29766E-05 
-3.24785E-03 8.40559E-05 
-3.29909E-03 7.44996E-05 
-3.35943E-03 6.45264E-05 
-3.43046E-03 5.44201E-05 
-3.51492E-03 4.45365E-05 
-3.61928E-03 3.53141E-05 
-3.76288E-03 2.72834E-05 
-4.00607E-03 2.10645E-05 
-4.49775E-03 1.73449E-05 
-5.39785E-03 1.71329E-05 
-6.52185E-03 2.25702E-05 
-7.43021E-03 3.63752E-05 
-3.00179E-03 1.51309E-04 
-3.01209E-03 1.53724E-04 
-3.02988E-03 1.51144E-04 
-3.03512E-03 1.51021E-04 
-3.04158E-03 1.50099E-04 
-3.04966E-03 1.48329E-04 
-3.05977E-03 1.45679E-04 
-3.06927E-03 1.43018E-04 
-3.07236E-03 1.42140E-04 
-3.08929E-03 1.37344E-04 
-3.11032E-03 1.31577E-04 
-3.13614E-03 1.24921E-04 
-3.16746E-03 1.17495E-04 
-3.20169E-03 1.15807E-04 
-3.24793E-03 1.07721E-04 
-3.30244E-03 9.92064E-05 
-3.36641E-03 9.05363E-05 
-3.44137E-03 8.20563E-05 
-3.53006E-03 7.41975E-05 
-3.63893E-03 6.75090E-05 
-3.78741E-03 6.27541E-05 
-4.03624E-03 6.11952E-05 
-4.53561E-03 6.51715E-05 
-5.44719E-03 7.79290E-05 
-6.58507E-03 1.00667E-04 
-7.50511E-03 1.31628E-04 
-2.98192E-03 1.71238E-04 
-2.99205E-03 1.74149E-04 
-3.01141E-03 1.72616E-04 
-3.01703E-03 1.72892E-04 
-3.02403E-03 1.72320E-04 
-3.03282E-03 1.70868E-04 
-3.04385E-03 1.68524E-04 
-3.05423E-03 1.66105E-04 
-3.05761E-03 1.65300E-04 
-3.07606E-03 1.60884E-04 
-3.09892E-03 1.55570E-04 
-3.12688E-03 1.49476E-04 
-3.16066E-03 1.42757E-04 
-3.19672E-03 1.42677E-04 
-3.24591E-03 1.35667E-04 
-3.30370E-03 1.28474E-04 
-3.37124E-03 1.21430E-04 
-3.45007E-03 1.14948E-04 
-3.54285E-03 1.09539E-04 
-3.65604E-03 1.05875E-04 
-3.80910E-03 1.04983E-04 
-4.06311E-03 1.08873E-04 
-4.56939E-03 1.21813E-04 
-5.49106E-03 1.49634E-04 
-6.64088E-03 1.92328E-04 
-7.57044E-03 2.42816E-04 
-2.95938E-03 1.93741E-04 
-2.96929E-03 1.97216E-04 
-2.99035E-03 1.97180E-04 
-2.99632E-03 1.97937E-04 
-3.00385E-03 1.97802E-04 
-3.01336E-03 1.96763E-04 
-3.02534E-03 1.94833E-04 
-3.03661E-03 1.92751E-04 
-3.04028E-03 1.92049E-04 
-3.06030E-03 1.88168E-04 
-3.08503E-03 1.83487E-04 
-3.11518E-03 1.78162E-04 
-3.15145E-03 1.72388E-04 
-3.18923E-03 1.74226E-04 
-3.24133E-03 1.68563E-04 
-3.30234E-03 1.63006E-04 
-3.37338E-03 1.57950E-04 
-3.45593E-03 1.53878E-04 
-3.55262E-03 1.51388E-04 
-3.66986E-03 1.51285E-04 
-3.82709E-03 1.54897E-04 
-4.08569E-03 1.65096E-04 
-4.59787E-03 1.88388E-04 
-5.52794E-03 2.33565E-04 
-6.68729E-03 2.99106E-04 
-7.62376E-03 3.71659E-04 
-2.93391E-03 2.19236E-04 
-2.94352E-03 2.23347E-04 
-2.96641E-03 2.25377E-04 
-2.97270E-03 2.26702E-04 
-2.98073E-03 2.27100E-04 
-2.99096E-03 2.26584E-04 
-3.00389E-03 2.25192E-04 
-3.01607E-03 2.23555E-04 
-3.02003E-03 2.22991E-04 
-3.04163E-03 2.19822E-04 
-3.06826E-03 2.15979E-04 
-3.10062E-03 2.11659E-04 
-3.13939E-03 2.07098E-04 
-3.17869E-03 2.11194E-04 
-3.23365E-03 2.07179E-04 
-3.29778E-03 2.03606E-04 
-3.37217E-03 2.00936E-04 
-3.45825E-03 1.99727E-04 
-3.55858E-03 2.00669E-04 
-3.67948E-03 2.04713E-04 
-3.84039E-03 2.13521E-04 
-4.10284E-03 2.30961E-04 
-4.61969E-03 2.66115E-04 
-5.55605E-03 3.31147E-04 
-6.72203E-03 4.22661E-04 
-7.66231E-03 5.19976E-04 
-2.90523E-03 2.48236E-04 
-2.91445E-03 2.53059E-04 
-2.93927E-03 2.57853E-04 
-2.94581E-03 2.59842E-04 
-2.95431E-03 2.60879E-04 
-2.96523E-03 2.61006E-04 
-2.97910E-03 2.60291E-04 
-2.99219E-03 2.59222E-04 
-2.99644E-03 2.58833E-04 
-3.01963E-03 2.56576E-04 
-3.04816E-03 2.53803E-04 
-3.08270E-03 2.50750E-04 
-3.12393E-03 2.47700E-04 
-3.16452E-03 2.54418E-04 
-3.22222E-03 2.52384E-04 
-3.28932E-03 2.51177E-04 
-3.36685E-03 2.51330E-04 
-3.45618E-03 2.53479E-04 
-3.55978E-03 2.58410E-04 
-3.68389E-03 2.67229E-04 
-3.84784E-03 2.81979E-04 
-4.11322E-03 3.07661E-04 
-4.63325E-03 3.56307E-04 
-5.57336E-03 4.43899E-04 
-6.74249E-03 5.64745E-04 
-7.68296E-03 6.89660E-04 
-2.87301E-03 2.81354E-04 
-2.88173E-03 2.86970E-04 
-2.90855E-03 2.95374E-04 
-2.91527E-03 2.98124E-04 
-2.92417E-03 2.99914E-04 
-2.93575E-03 3.00816E-04 
-2.95053E-03 3.00932E-04 
-2.96449E-03 3.00565E-04 
-2.96904E-03 3.00394E-04 
-2.99379E-03 2.99271E-04 
-3.02416E-03 2.97819E-04 
-3.06082E-03 2.96324E-04 
-3.10442E-03 2.95109E-04 
-3.14600E-03 3.04833E-04 
-3.20626E-03 3.05142E-04 
-3.27611E-03 3.06719E-04 
-3.35650E-03 3.10170E-04 
-3.44872E-03 3.16212E-04 
-3.55514E-03 3.25729E-04 
-3.68185E-03 3.39997E-04 
-3.84808E-03 3.61482E-04 
-4.11529E-03 3.96470E-04 
-4.63669E-03 4.60357E-04 
-5.57753E-03 5.73415E-04 
-6.74572E-03 7.27172E-04 
-7.68215E-03 8.82643E-04 
-2.83689E-03 3.19322E-04 
-2.84499E-03 3.25813E-04 
-2.87380E-03 3.38835E-04 
-2.88060E-03 3.42446E-04 
-2.88982E-03 3.45105E-04 
-2.90198E-03 3.46921E-04 
-2.91760E-03 3.48032E-04 
-2.93241E-03 3.48514E-04 
-2.93722E-03 3.48607E-04 
-2.96346E-03 3.48855E-04 
-2.99560E-03 3.49001E-04 
-3.03427E-03 3.49374E-04 
-3.08010E-03 3.50347E-04 
-3.12227E-03 3.63475E-04 
-3.18486E-03 3.66519E-04 
-3.25716E-03 3.71331E-04 
-3.34005E-03 3.78594E-04 
-3.43470E-03 3.89101E-04 
-3.54336E-03 4.03843E-04 
-3.67196E-03 4.24274E-04 
-3.83954E-03 4.53328E-04 
-4.10726E-03 4.98749E-04 
-4.62790E-03 5.79735E-04 
-5.56590E-03 7.21355E-04 
-6.72833E-03 9.11805E-04 
-7.65585E-03 1.10088E-03 
-2.79643E-03 3.62987E-04 
-2.80376E-03 3.70432E-04 
-2.83446E-03 3.89255E-04 
-2.84121E-03 3.93820E-04 
-2.85064E-03 3.97466E-04 
-2.86328E-03 4.00340E-04 
-2.87966E-03 4.02618E-04 
-2.89522E-03 4.04102E-04 
-2.90029E-03 4.04507E-04 
-2.92789E-03 4.06382E-04 
-2.96166E-03 4.08417E-04 
-3.00218E-03 4.10990E-04 
-3.05002E-03 4.14524E-04 
-3.09228E-03 4.31459E-04 
-3.15690E-03 4.37660E-04 
-3.23128E-03 4.46194E-04 
-3.31621E-03 4.57814E-04 
-3.41273E-03 4.73399E-04 
-3.52293E-03 4.94040E-04 
-3.65256E-03 5.21381E-04 
-3.82037E-03 5.58874E-04 
-4.08707E-03 6.15900E-04 
-4.60444E-03 7.15941E-04 
-5.53543E-03 8.89390E-04 
-6.68651E-03 1.12048E-03 
-7.59954E-03 1.34624E-03 
-2.75109E-03 4.13321E-04 
-2.75749E-03 4.21797E-04 
-2.78985E-03 4.47783E-04 
-2.79638E-03 4.53385E-04 
-2.80587E-03 4.58131E-04 
-2.81886E-03 4.62205E-04 
-2.83585E-03 4.65825E-04 
-2.85207E-03 4.68469E-04 
-2.85736E-03 4.69237E-04 
-2.88616E-03 4.73001E-04 
-2.92135E-03 4.77232E-04 
-2.96348E-03 4.82355E-04 
-3.01304E-03 4.88842E-04 
-3.05482E-03 5.09981E-04 
-3.12108E-03 5.19793E-04 
-3.19708E-03 5.32565E-04 
-3.28348E-03 5.49127E-04 
-3.38118E-03 5.70434E-04 
-3.49209E-03 5.97679E-04 
-3.62172E-03 6.32706E-04 
-3.78847E-03 6.79534E-04 
-4.05235E-03 7.49375E-04 
-4.56354E-03 8.70502E-04 
-5.48265E-03 1.07919E-03 
-6.61596E-03 1.35499E-03 
-7.50815E-03 1.62051E-03 
-2.70022E-03 4.71424E-04 
-2.70549E-03 4.81002E-04 
-2.73909E-03 5.15683E-04 
-2.74521E-03 5.22390E-04 
-2.75458E-03 5.28336E-04 
-2.76774E-03 5.33747E-04 
-2.78517E-03 5.38882E-04 
-2.80190E-03 5.42846E-04 
-2.80736E-03 5.44026E-04 
-2.83713E-03 5.49950E-04 
-2.87349E-03 5.56691E-04 
-2.91691E-03 5.64725E-04 
-2.96782E-03 5.74574E-04 
-3.00841E-03 6.00299E-04 
-3.07584E-03 6.14201E-04 
-3.15290E-03 6.31763E-04 
-3.24010E-03 6.53882E-04 
-3.33817E-03 6.81586E-04 
-3.44880E-03 7.16167E-04 
-3.57723E-03 7.59673E-04 
-3.74142E-03 8.16743E-04 
-4.00040E-03 9.00625E-04 
-4.50205E-03 1.04492E-03 
-5.40370E-03 1.29235E-03 
-6.51185E-03 1.61701E-03 
-7.37605E-03 1.92526E-03 
-2.64301E-03 5.38514E-04 
-2.64694E-03 5.49259E-04 
-2.68112E-03 5.94320E-04 
-2.68659E-03 6.02176E-04 
-2.69563E-03 6.09405E-04 
-2.70873E-03 6.16276E-04 
-2.72637E-03 6.23090E-04 
-2.74342E-03 6.28529E-04 
-2.74899E-03 6.30174E-04 
-2.77944E-03 6.38527E-04 
-2.81662E-03 6.48098E-04 
-2.86095E-03 6.59415E-04 
-2.91276E-03 6.73049E-04 
-2.95133E-03 7.03705E-04 
-3.01939E-03 7.22213E-04 
-3.09684E-03 7.45147E-04 
-3.18403E-03 7.73468E-04 
-3.28150E-03 8.08270E-04 
-3.39071E-03 8.50934E-04 
-3.51656E-03 9.03718E-04 
-3.67647E-03 9.71932E-04 
-3.92816E-03 1.07107E-03 
-4.41643E-03 1.24064E-03 
-5.29422E-03 1.53036E-03 
-6.36883E-03 1.90798E-03 
-7.19700E-03 2.26178E-03 
-2.57846E-03 6.15926E-04 
-2.58083E-03 6.27891E-04 
-2.61461E-03 6.85127E-04 
-2.61916E-03 6.94145E-04 
-2.62760E-03 7.02715E-04 
-2.64038E-03 7.11151E-04 
-2.65795E-03 7.19795E-04 
-2.67508E-03 7.26859E-04 
-2.68071E-03 7.29017E-04 
-2.71146E-03 7.40067E-04 
-2.74906E-03 7.52792E-04 
-2.79382E-03 7.67771E-04 
-2.84598E-03 7.85623E-04 
-2.88159E-03 8.21512E-04 
-2.94961E-03 8.45170E-04 
-3.02667E-03 8.74090E-04 
-3.11293E-03 9.09287E-04 
-3.20870E-03 9.51905E-04 
-3.31516E-03 1.00341E-03 
-3.43685E-03 1.06625E-03 
-3.59050E-03 1.14649E-03 
-3.83221E-03 1.26207E-03 
-4.30271E-03 1.45896E-03 
-5.14936E-03 1.79448E-03 
-6.18097E-03 2.22907E-03 
-6.96416E-03 2.63091E-03 
-2.50417E-03 7.06571E-04 
-2.50467E-03 7.19818E-04 
-2.53666E-03 7.91298E-04 
-2.53996E-03 8.01470E-04 
-2.54747E-03 8.11431E-04 
-2.55961E-03 8.21538E-04 
-2.57677E-03 8.32178E-04 
-2.59371E-03 8.41037E-04 
-2.59929E-03 8.43763E-04 
-2.62993E-03 8.57822E-04 
-2.66744E-03 8.74083E-04 
-2.71207E-03 8.93177E-04 
-2.76393E-03 9.15772E-04 
-2.79544E-03 9.57214E-04 
-2.86265E-03 9.86696E-04 
-2.93840E-03 1.02236E-03 
-3.02261E-03 1.06525E-03 
-3.11534E-03 1.11655E-03 
-3.21746E-03 1.17778E-03 
-3.33308E-03 1.25162E-03 
-3.47811E-03 1.34488E-03 
-3.70655E-03 1.47828E-03 
-4.15395E-03 1.70494E-03 
-4.96056E-03 2.09043E-03 
-5.93762E-03 2.58668E-03 
-6.66500E-03 3.03943E-03 
-2.42095E-03 8.09142E-04 
-2.41933E-03 8.23687E-04 
-2.44767E-03 9.10970E-04 
-2.44941E-03 9.22208E-04 
-2.45566E-03 9.33532E-04 
-2.46682E-03 9.45341E-04 
-2.48319E-03 9.58064E-04 
-2.49963E-03 9.68823E-04 
-2.50507E-03 9.72156E-04 
-2.53509E-03 9.89438E-04 
-2.57196E-03 1.00951E-03 
-2.61581E-03 1.03306E-03 
-2.66664E-03 1.06079E-03 
-2.69290E-03 1.10785E-03 
-2.75847E-03 1.14369E-03 
-2.83189E-03 1.18666E-03 
-2.91285E-03 1.23784E-03 
-3.00113E-03 1.29841E-03 
-3.09726E-03 1.36993E-03 
-3.20486E-03 1.45528E-03 
-3.33888E-03 1.56210E-03 
-3.55081E-03 1.71399E-03 
-3.96987E-03 1.97176E-03 
-4.72779E-03 2.40956E-03 
-5.63921E-03 2.96982E-03 
-6.30069E-03 3.47416E-03 
-2.32594E-03 9.26484E-04 
-2.32192E-03 9.42355E-04 
-2.34412E-03 1.04700E-03 
-2.34394E-03 1.05919E-03 
-2.34859E-03 1.07184E-03 
-2.35837E-03 1.08539E-03 
-2.37355E-03 1.10030E-03 
-2.38913E-03 1.11309E-03 
-2.39433E-03 1.11707E-03 
-2.42318E-03 1.13784E-03 
-2.45879E-03 1.16208E-03 
-2.50115E-03 1.19050E-03 
-2.55013E-03 1.22385E-03 
-2.56984E-03 1.27659E-03 
-2.63279E-03 1.31944E-03 
-2.70272E-03 1.37043E-03 
-2.77905E-03 1.43060E-03 
-2.86124E-03 1.50113E-03 
-2.94945E-03 1.58359E-03 
-3.04675E-03 1.68103E-03 
-3.16699E-03 1.80195E-03 
-3.35860E-03 1.97310E-03 
-3.74312E-03 2.26347E-03 
-4.44205E-03 2.75627E-03 
-5.27473E-03 3.38321E-03 
-5.85847E-03 3.93979E-03 
-2.21704E-03 1.06007E-03 
-2.21033E-03 1.07730E-03 
-2.22321E-03 1.20045E-03 
-2.22076E-03 1.21346E-03 
-2.22342E-03 1.22738E-03 
-2.23144E-03 1.24268E-03 
-2.24499E-03 1.25989E-03 
-2.25935E-03 1.27484E-03 
-2.26419E-03 1.27953E-03 
-2.29128E-03 1.30408E-03 
-2.32496E-03 1.33285E-03 
-2.36506E-03 1.36659E-03 
-2.41128E-03 1.40609E-03 
-2.42302E-03 1.46444E-03 
-2.48228E-03 1.51501E-03 
-2.54742E-03 1.57472E-03 
-2.61756E-03 1.64458E-03 
-2.69182E-03 1.72571E-03 
-2.76995E-03 1.81965E-03 
-2.85442E-03 1.92960E-03 
-2.95778E-03 2.06497E-03 
-3.12486E-03 2.25583E-03 
-3.46800E-03 2.57991E-03 
-4.09657E-03 3.12977E-03 
-4.83610E-03 3.82517E-03 
-5.32928E-03 4.43364E-03 
-2.09178E-03 1.21128E-03 
-2.08212E-03 1.22992E-03 
-2.08165E-03 1.37206E-03 
-2.07661E-03 1.38573E-03 
-2.07693E-03 1.40085E-03 
-2.08279E-03 1.41795E-03 
-2.09428E-03 1.43758E-03 
-2.10704E-03 1.45487E-03 
-2.11141E-03 1.46031E-03 
-2.13614E-03 1.48898E-03 
-2.16717E-03 1.52271E-03 
-2.20417E-03 1.56229E-03 
-2.24668E-03 1.60850E-03 
-2.24895E-03 1.67227E-03 
-2.30332E-03 1.73129E-03 
-2.36221E-03 1.80043E-03 
-2.42440E-03 1.88063E-03 
-2.48867E-03 1.97289E-03 
-2.55432E-03 2.07869E-03 
-2.62315E-03 2.20136E-03 
-2.70623E-03 2.35121E-03 
-2.84415E-03 2.56185E-03 
-3.13837E-03 2.92017E-03 
-3.68412E-03 3.52833E-03 
-4.31479E-03 4.29281E-03 
-4.70371E-03 4.95151E-03 
-1.94708E-03 1.38156E-03 
-1.93421E-03 1.40171E-03 
-1.91543E-03 1.56239E-03 
-1.90753E-03 1.57659E-03 
-1.90522E-03 1.59290E-03 
-1.90857E-03 1.61188E-03 
-1.91759E-03 1.63413E-03 
-1.92839E-03 1.65396E-03 
-1.93217E-03 1.66024E-03 
-1.95392E-03 1.69344E-03 
-1.98156E-03 1.73265E-03 
-2.01459E-03 1.77865E-03 
-2.05233E-03 1.83222E-03 
-2.04356E-03 1.90109E-03 
-2.09169E-03 1.96933E-03 
-2.14267E-03 2.04860E-03 
-2.19494E-03 2.13971E-03 
-2.24690E-03 2.24349E-03 
-2.29737E-03 2.36131E-03 
-2.34744E-03 2.49660E-03 
-2.40647E-03 2.66059E-03 
-2.51014E-03 2.89058E-03 
-2.74713E-03 3.28300E-03 
-3.19630E-03 3.94965E-03 
-3.70097E-03 4.78243E-03 
-3.97094E-03 5.48822E-03 
-1.77996E-03 1.57149E-03 
-1.76370E-03 1.59334E-03 
-1.72069E-03 1.77076E-03 
-1.70976E-03 1.78543E-03 
-1.70460E-03 1.80299E-03 
-1.70519E-03 1.82404E-03 
-1.71139E-03 1.84921E-03 
-1.71991E-03 1.87190E-03 
-1.72299E-03 1.87911E-03 
-1.74117E-03 1.91738E-03 
-1.76470E-03 1.96269E-03 
-1.79284E-03 2.01578E-03 
-1.82469E-03 2.07739E-03 
-1.80330E-03 2.15089E-03 
-1.84368E-03 2.22908E-03 
-1.88490E-03 2.31909E-03 
-1.92506E-03 2.42149E-03 
-1.96213E-03 2.53692E-03 
-1.99447E-03 2.66657E-03 
-2.02237E-03 2.81392E-03 
-2.05331E-03 2.99115E-03 
-2.11726E-03 3.23934E-03 
-2.28817E-03 3.66469E-03 
-2.62612E-03 4.38846E-03 
-2.98670E-03 5.28676E-03 
-3.12257E-03 6.03451E-03 
-1.58694E-03 1.78148E-03 
-1.56719E-03 1.80533E-03 
-1.49309E-03 1.99604E-03 
-1.47912E-03 2.01127E-03 
-1.47105E-03 2.03031E-03 
-1.46872E-03 2.05379E-03 
-1.47186E-03 2.08235E-03 
-1.47782E-03 2.10833E-03 
-1.48012E-03 2.11661E-03 
-1.49418E-03 2.16067E-03 
-1.51285E-03 2.21282E-03 
-1.53515E-03 2.27378E-03 
-1.55991E-03 2.34416E-03 
-1.52434E-03 2.42166E-03 
-1.55525E-03 2.51047E-03 
-1.58465E-03 2.61164E-03 
-1.61021E-03 2.72546E-03 
-1.62954E-03 2.85231E-03 
-1.64049E-03 2.99313E-03 
-1.64252E-03 3.15141E-03 
-1.64102E-03 3.34027E-03 
-1.65945E-03 3.60467E-03 
-1.75484E-03 4.06059E-03 
-1.96601E-03 4.83831E-03 
-2.16347E-03 5.79703E-03 
-2.14973E-03 6.57945E-03 
-1.36448E-03 2.01128E-03 
-1.34125E-03 2.03764E-03 
-1.22837E-03 2.23615E-03 
-1.21158E-03 2.25229E-03 
-1.20071E-03 2.27330E-03 
-1.19547E-03 2.29982E-03 
-1.19543E-03 2.33249E-03 
-1.19863E-03 2.36237E-03 
-1.20006E-03 2.37190E-03 
-1.20951E-03 2.42263E-03 
-1.22258E-03 2.48255E-03 
-1.23803E-03 2.55223E-03 
-1.25439E-03 2.63213E-03 
-1.20310E-03 2.71281E-03 
-1.22262E-03 2.81274E-03 
-1.23781E-03 2.92520E-03 
-1.24602E-03 3.05018E-03 
-1.24443E-03 3.18769E-03 
-1.23043E-03 3.33838E-03 
-1.20263E-03 3.50574E-03 
-1.16408E-03 3.70379E-03 
-1.13091E-03 3.98133E-03 
-1.14093E-03 4.46399E-03 
-1.20912E-03 5.29030E-03 
-1.22388E-03 6.30162E-03 
-1.04506E-03 7.10890E-03 
-1.10876E-03 2.26043E-03 
-1.08220E-03 2.29005E-03 
-9.22256E-04 2.48864E-03 
-9.03098E-04 2.50640E-03 
-8.89760E-04 2.53023E-03 
-8.81776E-04 2.56074E-03 
-8.78552E-04 2.59853E-03 
-8.78864E-04 2.63312E-03 
-8.79354E-04 2.64416E-03 
-8.83708E-04 2.70268E-03 
-8.90391E-04 2.77140E-03 
-8.97858E-04 2.85070E-03 
-9.04328E-04 2.94082E-03 
-8.35853E-04 3.02367E-03 
-8.41694E-04 3.13490E-03 
-8.39989E-04 3.25838E-03 
-8.27707E-04 3.39368E-03 
-8.01682E-04 3.54040E-03 
-7.58852E-04 3.69888E-03 
-6.96948E-04 3.87253E-03 
-6.16497E-04 4.07629E-03 
-5.25397E-04 4.36270E-03 
-4.39835E-04 4.86658E-03 
-3.48272E-04 5.73360E-03 
-1.60330E-04 6.78664E-03 
1.98784E-04 7.60634E-03 
-8.16590E-04 2.52759E-03 
-7.86967E-04 2.56156E-03 
-5.71526E-04 2.75014E-03 
-5.50739E-04 2.77072E-03 
-5.35485E-04 2.79866E-03 
-5.25107E-04 2.83450E-03 
-5.18799E-04 2.87877E-03 
-5.16106E-04 2.91909E-03 
-5.15598E-04 2.93191E-03 
-5.14329E-04 2.99954E-03 
-5.13721E-04 3.07817E-03 
-5.11896E-04 3.16792E-03 
-5.06743E-04 3.26872E-03 
-4.19672E-04 3.35248E-03 
-4.09192E-04 3.47470E-03 
-3.87482E-04 3.60824E-03 
-3.51200E-04 3.75223E-03 
-2.96875E-04 3.90581E-03 
-2.21049E-04 4.06896E-03 
-1.20589E-04 4.24502E-03 
6.70889E-06 4.44979E-03 
1.62093E-04 4.73937E-03 
3.53481E-04 5.25701E-03 
6.21566E-04 6.15394E-03 
1.03184E-03 7.23435E-03 
1.58546E-03 8.05118E-03 
-4.85319E-04 2.81111E-03 
-4.53034E-04 2.85089E-03 
-1.74129E-04 3.01715E-03 
-1.52702E-04 3.04233E-03 
-1.36265E-04 3.07616E-03 
-1.23937E-04 3.11909E-03 
-1.14667E-04 3.17151E-03 
-1.08824E-04 3.21874E-03 
-1.07234E-04 3.23367E-03 
-9.96696E-05 3.31176E-03 
-9.06303E-05 3.40132E-03 
-7.78953E-05 3.50211E-03 
-5.90182E-05 3.61365E-03 
4.79981E-05 3.69673E-03 
7.79243E-05 3.82883E-03 
1.23196E-04 3.97058E-03 
1.87397E-04 4.12057E-03 
2.74222E-04 4.27751E-03 
3.87444E-04 4.44100E-03 
5.31028E-04 4.61430E-03 
7.10098E-04 4.81404E-03 
9.35968E-04 5.09956E-03 
1.24317E-03 5.62136E-03 
1.70410E-03 6.53427E-03 
2.35544E-03 7.62407E-03 
3.11620E-03 8.41997E-03 
-1.13422E-04 3.10915E-03 
-7.89268E-05 3.15655E-03 
2.70166E-04 3.28644E-03 
2.91083E-04 3.31857E-03 
3.07901E-04 3.36055E-03 
3.21764E-04 3.41267E-03 
3.33996E-04 3.47509E-03 
3.43289E-04 3.53046E-03 
3.46101E-04 3.54782E-03 
3.60954E-04 3.63760E-03 
3.79963E-04 3.73878E-03 
4.05690E-04 3.85065E-03 
4.40894E-04 3.97228E-03 
5.69197E-04 4.05262E-03 
6.22244E-04 4.19244E-03 
6.95127E-04 4.33932E-03 
7.91571E-04 4.49135E-03 
9.15380E-04 4.64678E-03 
1.07053E-03 4.80486E-03 
1.26178E-03 4.96883E-03 
1.49733E-03 5.15606E-03 
1.79947E-03 5.42868E-03 
2.23182E-03 5.94287E-03 
2.90091E-03 6.85457E-03 
3.81035E-03 7.93210E-03 
4.78863E-03 8.68644E-03 
2.99078E-04 3.41994E-03 
3.35411E-04 3.47705E-03 
7.59247E-04 3.55561E-03 
7.78530E-04 3.59752E-03 
7.95065E-04 3.65023E-03 
8.10288E-04 3.71376E-03 
8.25822E-04 3.78799E-03 
8.39193E-04 3.85256E-03 
8.43471E-04 3.87258E-03 
8.67149E-04 3.97481E-03 
8.98273E-04 4.08758E-03 
9.39716E-04 4.20970E-03 
9.94494E-04 4.33968E-03 
1.14548E-03 4.41461E-03 
1.22592E-03 4.55856E-03 
1.33095E-03 4.70600E-03 
1.46431E-03 4.85456E-03 
1.62976E-03 5.00206E-03 
1.83135E-03 5.14749E-03 
2.07455E-03 5.29411E-03 
2.37080E-03 5.45995E-03 
2.75427E-03 5.70932E-03 
3.32001E-03 6.20201E-03 
4.21080E-03 7.09212E-03 
5.39286E-03 8.13228E-03 
6.59602E-03 8.82232E-03 
7.50388E-04 3.74226E-03 
7.88475E-04 3.81119E-03 
1.28853E-03 3.82366E-03 
1.30538E-03 3.87839E-03 
1.32140E-03 3.94439E-03 
1.33835E-03 4.02134E-03 
1.35816E-03 4.10873E-03 
1.37677E-03 4.18306E-03 
1.38292E-03 4.20583E-03 
1.41777E-03 4.32031E-03 
1.46399E-03 4.44352E-03 
1.52469E-03 4.57368E-03 
1.60306E-03 4.70878E-03 
1.77826E-03 4.77481E-03 
1.89096E-03 4.91759E-03 
2.03310E-03 5.05930E-03 
2.20826E-03 5.19716E-03 
2.42000E-03 5.32868E-03 
2.67230E-03 5.45271E-03 
2.97122E-03 5.57260E-03 
3.33161E-03 5.70696E-03 
3.80035E-03 5.92143E-03 
4.50613E-03 6.37686E-03 
5.62977E-03 7.22216E-03 
7.09560E-03 8.19686E-03 
8.52728E-03 8.79849E-03 
1.23674E-03 4.07547E-03 
1.27709E-03 4.15799E-03 
1.85096E-03 4.09124E-03 
1.86528E-03 4.16155E-03 
1.88139E-03 4.24288E-03 
1.90134E-03 4.33448E-03 
1.92736E-03 4.43540E-03 
1.95315E-03 4.51914E-03 
1.96180E-03 4.54445E-03 
2.01125E-03 4.66950E-03 
2.07657E-03 4.80030E-03 
2.16102E-03 4.93452E-03 
2.26783E-03 5.06963E-03 
2.46899E-03 5.12223E-03 
2.61931E-03 5.25661E-03 
2.80377E-03 5.38444E-03 
3.02561E-03 5.50265E-03 
3.28801E-03 5.60862E-03 
3.59469E-03 5.70119E-03 
3.95225E-03 5.78390E-03 
4.37907E-03 5.87579E-03 
4.93551E-03 6.04285E-03 
5.78586E-03 6.44390E-03 
7.15030E-03 7.21887E-03 
8.90687E-03 8.09790E-03 
1.05664E-02 8.58659E-03 
1.75360E-03 4.42008E-03 
1.79767E-03 4.51707E-03 
2.43869E-03 4.36076E-03 
2.45161E-03 4.44848E-03 
2.46965E-03 4.54600E-03 
2.49517E-03 4.65209E-03 
2.53064E-03 4.76531E-03 
2.56654E-03 4.85674E-03 
2.57862E-03 4.88397E-03 
2.64738E-03 5.01583E-03 
2.73701E-03 5.14922E-03 
2.85074E-03 5.28131E-03 
2.99165E-03 5.40912E-03 
3.22081E-03 5.44258E-03 
3.41444E-03 5.55930E-03 
3.64649E-03 5.66326E-03 
3.91963E-03 5.75129E-03 
4.23649E-03 5.82082E-03 
4.60038E-03 5.87088E-03 
5.01834E-03 5.90531E-03 
5.51242E-03 5.94336E-03 
6.15721E-03 6.05012E-03 
7.15427E-03 6.37888E-03 
8.76403E-03 7.05643E-03 
1.08139E-02 7.80831E-03 
1.26961E-02 8.16008E-03 
2.29256E-03 4.77438E-03 
2.34314E-03 4.88507E-03 
3.04003E-03 4.63339E-03 
3.05430E-03 4.73851E-03 
3.07777E-03 4.85105E-03 
3.11301E-03 4.96928E-03 
3.16265E-03 5.09125E-03 
3.21264E-03 5.18685E-03 
3.22936E-03 5.21483E-03 
3.32342E-03 5.34720E-03 
3.44356E-03 5.47567E-03 
3.59280E-03 5.59704E-03 
3.77390E-03 5.70806E-03 
4.03315E-03 5.71555E-03 
4.27549E-03 5.80368E-03 
4.55971E-03 5.87246E-03 
4.88778E-03 5.91885E-03 
5.26156E-03 5.94056E-03 
5.68382E-03 5.93698E-03 
6.16200E-03 5.91235E-03 
6.72196E-03 5.88586E-03 
7.45305E-03 5.92029E-03 
8.59532E-03 6.15937E-03 
1.04495E-02 6.71266E-03 
1.27885E-02 7.30682E-03 
1.48825E-02 7.50040E-03 
2.85054E-03 5.13853E-03 
2.91211E-03 5.25991E-03 
3.65003E-03 4.91136E-03 
3.67043E-03 5.03139E-03 
3.70475E-03 5.15517E-03 
3.75567E-03 5.28050E-03 
3.82587E-03 5.40500E-03 
3.89507E-03 5.49916E-03 
3.91794E-03 5.52613E-03 
4.04460E-03 5.64993E-03 
4.20247E-03 5.76338E-03 
4.39415E-03 5.86309E-03 
4.62183E-03 5.94576E-03 
4.91344E-03 5.91927E-03 
5.20947E-03 5.96651E-03 
5.54975E-03 5.98783E-03 
5.93531E-03 5.98058E-03 
6.36712E-03 5.94296E-03 
6.84734E-03 5.87494E-03 
7.38377E-03 5.78120E-03 
8.00622E-03 5.68053E-03 
8.81941E-03 5.63169E-03 
1.01027E-02 5.76459E-03 
1.21970E-02 6.16724E-03 
1.48168E-02 6.57425E-03 
1.71073E-02 6.59109E-03 
3.42416E-03 5.50805E-03 
3.50305E-03 5.63421E-03 
4.26432E-03 5.19213E-03 
4.29777E-03 5.32135E-03 
4.35031E-03 5.44942E-03 
4.42458E-03 5.57372E-03 
4.52313E-03 5.69154E-03 
4.61755E-03 5.77650E-03 
4.64833E-03 5.80011E-03 
4.81568E-03 5.90358E-03 
5.01891E-03 5.98958E-03 
5.25994E-03 6.05479E-03 
5.54021E-03 6.09608E-03 
5.86610E-03 6.02695E-03 
6.21960E-03 6.02054E-03 
6.61823E-03 5.98218E-03 
7.06198E-03 5.90984E-03 
7.55082E-03 5.80246E-03 
8.08626E-03 5.66073E-03 
8.67651E-03 5.48979E-03 
9.35553E-03 5.30753E-03 
1.02438E-02 5.16691E-03 
1.16605E-02 5.17947E-03 
1.39854E-02 5.40756E-03 
1.68718E-02 5.60142E-03 
1.93390E-02 5.42769E-03 
4.01525E-03 5.87433E-03 
4.11958E-03 5.99615E-03 
4.88509E-03 5.46804E-03 
4.94053E-03 5.59726E-03 
5.02035E-03 5.71934E-03 
5.12698E-03 5.83143E-03 
5.26265E-03 5.93064E-03 
5.38883E-03 5.99676E-03 
5.42935E-03 6.01413E-03 
5.64575E-03 6.08336E-03 
5.90174E-03 6.12783E-03 
6.19839E-03 6.14454E-03 
6.53617E-03 6.13087E-03 
6.89762E-03 6.01036E-03 
7.31055E-03 5.93806E-03 
7.76775E-03 5.82885E-03 
8.26809E-03 5.68156E-03 
8.81054E-03 5.49600E-03 
9.39593E-03 5.27373E-03 
1.00330E-02 5.02024E-03 
1.07601E-02 4.75200E-03 
1.17137E-02 4.51420E-03 
1.32528E-02 4.39544E-03 
1.57947E-02 4.42866E-03 
1.89286E-02 4.38800E-03 
2.15487E-02 4.01531E-03 
4.63200E-03 6.22282E-03 
4.77128E-03 6.32801E-03 
5.52189E-03 5.72440E-03 
5.60966E-03 5.84110E-03 
5.72685E-03 5.94396E-03 
5.87549E-03 6.03006E-03 
6.05731E-03 6.09656E-03 
6.22166E-03 6.13285E-03 
6.27369E-03 6.14077E-03 
6.54684E-03 6.16059E-03 
6.86193E-03 6.14878E-03 
7.21899E-03 6.10298E-03 
7.61740E-03 6.02127E-03 
8.01441E-03 5.84136E-03 
8.48633E-03 5.69261E-03 
8.99975E-03 5.50353E-03 
9.55239E-03 5.27399E-03 
1.01423E-02 5.00483E-03 
1.07697E-02 4.69845E-03 
1.14440E-02 4.36060E-03 
1.22081E-02 4.00565E-03 
1.32147E-02 3.66903E-03 
1.48623E-02 3.41192E-03 
1.76035E-02 3.23469E-03 
2.09614E-02 2.94392E-03 
2.37074E-02 2.36996E-03 
5.28861E-03 6.53150E-03 
5.47298E-03 6.60501E-03 
6.19054E-03 5.93832E-03 
6.32154E-03 6.02725E-03 
6.48631E-03 6.09541E-03 
6.68629E-03 6.14002E-03 
6.92253E-03 6.15853E-03 
7.13061E-03 6.15347E-03 
7.19565E-03 6.14864E-03 
7.53159E-03 6.10383E-03 
7.91008E-03 6.02162E-03 
8.33000E-03 5.90047E-03 
8.78952E-03 5.73945E-03 
9.22029E-03 5.49375E-03 
9.74777E-03 5.26079E-03 
1.03120E-02 4.98605E-03 
1.09096E-02 4.67052E-03 
1.15378E-02 4.31612E-03 
1.21965E-02 3.92606E-03 
1.28958E-02 3.50610E-03 
1.36835E-02 3.06783E-03 
1.47285E-02 2.63493E-03 
1.64678E-02 2.23707E-03 
1.93865E-02 1.83946E-03 
2.29406E-02 1.28975E-03 
2.57826E-02 5.18691E-04 
6.00038E-03 6.76642E-03 
6.24000E-03 6.79200E-03 
6.90824E-03 6.07637E-03 
7.09317E-03 6.12110E-03 
7.31506E-03 6.13843E-03 
7.57460E-03 6.12598E-03 
7.87200E-03 6.08171E-03 
8.12794E-03 6.02452E-03 
8.20699E-03 6.00391E-03 
8.60936E-03 5.88097E-03 
9.05282E-03 5.71646E-03 
9.53503E-03 5.50992E-03 
1.00530E-02 5.26153E-03 
1.05135E-02 4.94639E-03 
1.10898E-02 4.62537E-03 
1.16962E-02 4.26334E-03 
1.23284E-02 3.86244E-03 
1.29829E-02 3.42560E-03 
1.36593E-02 2.95676E-03 
1.43692E-02 2.46135E-03 
1.51648E-02 1.94747E-03 
1.62314E-02 1.42524E-03 
1.80427E-02 8.89216E-04 
2.11134E-02 2.67810E-04 
2.48317E-02 -5.42092E-04 
2.77375E-02 -1.49948E-03 
6.78689E-03 6.89123E-03 
7.09041E-03 6.85221E-03 
7.69521E-03 6.10211E-03 
7.94307E-03 6.08614E-03 
8.22957E-03 6.03707E-03 
8.55450E-03 5.95315E-03 
8.91712E-03 5.83303E-03 
9.22280E-03 5.71465E-03 
9.31619E-03 5.67580E-03 
9.78525E-03 5.46417E-03 
1.02917E-02 5.20893E-03 
1.08320E-02 4.91082E-03 
1.14022E-02 4.57121E-03 
1.18857E-02 4.18643E-03 
1.25007E-02 3.77813E-03 
1.31373E-02 3.33189E-03 
1.37907E-02 2.85096E-03 
1.44567E-02 2.33916E-03 
1.51353E-02 1.80092E-03 
1.58390E-02 1.24106E-03 
1.66254E-02 6.63464E-04 
1.76950E-02 6.30891E-05 
1.95565E-02 -6.03394E-04 
2.27497E-02 -1.44503E-03 
2.65963E-02 -2.50841E-03 
2.95321E-02 -3.63500E-03 
7.66276E-03 6.86751E-03 
8.03636E-03 6.74945E-03 
8.56676E-03 5.97956E-03 
8.88373E-03 5.88862E-03 
9.23915E-03 5.76033E-03 
9.63183E-03 5.59374E-03 
1.00601E-02 5.38832E-03 
1.04144E-02 5.20274E-03 
1.05216E-02 5.14410E-03 
1.10534E-02 4.83789E-03 
1.16167E-02 4.48847E-03 
1.22070E-02 4.09777E-03 
1.28191E-02 3.66837E-03 
1.33163E-02 3.21797E-03 
1.39565E-02 2.72842E-03 
1.46087E-02 2.20621E-03 
1.52674E-02 1.65552E-03 
1.59283E-02 1.08090E-03 
1.65917E-02 4.87024E-04 
1.72717E-02 -1.22288E-04 
1.80308E-02 -7.47969E-04 
1.90844E-02 -1.41137E-03 
2.09724E-02 -2.19533E-03 
2.42559E-02 -3.24576E-03 
2.81923E-02 -4.54703E-03 
3.11237E-02 -5.81959E-03 
8.66978E-03 6.66417E-03 
9.11638E-03 6.45366E-03 
9.56205E-03 5.67674E-03 
9.95067E-03 5.49822E-03 
1.03756E-02 5.27993E-03 
1.08346E-02 5.02185E-03 
1.13251E-02 4.72444E-03 
1.17242E-02 4.46796E-03 
1.18438E-02 4.38872E-03 
1.24306E-02 3.98554E-03 
1.30410E-02 3.54211E-03 
1.36695E-02 3.06155E-03 
1.43103E-02 2.54755E-03 
1.48092E-02 2.03857E-03 
1.54589E-02 1.47738E-03 
1.61097E-02 8.90822E-04 
1.67561E-02 2.83825E-04 
1.73939E-02 -3.38580E-04 
1.80239E-02 -9.71781E-04 
1.86620E-02 -1.61331E-03 
1.93757E-02 -2.26948E-03 
2.03940E-02 -2.97889E-03 
2.22853E-02 -3.86498E-03 
2.56271E-02 -5.10939E-03 
2.96153E-02 -6.62941E-03 
3.25096E-02 -8.02259E-03 
9.81484E-03 6.24803E-03 
1.03332E-02 5.93659E-03 
1.06862E-02 5.16547E-03 
1.11444E-02 4.89172E-03 
1.16346E-02 4.57794E-03 
1.21538E-02 4.22512E-03 
1.26983E-02 3.83474E-03 
1.31346E-02 3.50817E-03 
1.32643E-02 3.40881E-03 
1.38935E-02 2.91258E-03 
1.45367E-02 2.38158E-03 
1.51878E-02 1.81998E-03 
1.58407E-02 1.23239E-03 
1.63271E-02 6.76377E-04 
1.69680E-02 5.81554E-05 
1.75990E-02 -5.76550E-04 
1.82144E-02 -1.22233E-03 
1.88106E-02 -1.87397E-03 
1.93891E-02 -2.52719E-03 
1.99677E-02 -3.18123E-03 
2.06186E-02 -3.84813E-03 
2.15832E-02 -4.58410E-03 
2.34543E-02 -5.55278E-03 
2.68207E-02 -6.96911E-03 
3.08217E-02 -8.68079E-03 
3.36474E-02 -1.01650E-02 
1.10951E-02 5.58675E-03 
1.16791E-02 5.17109E-03 
1.19324E-02 4.41971E-03 
1.24541E-02 4.04848E-03 
1.30019E-02 3.63929E-03 
1.35717E-02 3.19411E-03 
1.41593E-02 2.71538E-03 
1.46233E-02 2.32377E-03 
1.47601E-02 2.20602E-03 
1.54169E-02 1.62629E-03 
1.60769E-02 1.01945E-03 
1.67335E-02 3.90487E-04 
1.73804E-02 -2.55279E-04 
1.78394E-02 -8.43426E-04 
1.84529E-02 -1.50064E-03 
1.90452E-02 -2.16437E-03 
1.96111E-02 -2.82898E-03 
2.01475E-02 -3.48934E-03 
2.06570E-02 -4.14181E-03 
2.11594E-02 -4.78760E-03 
2.17314E-02 -5.44473E-03 
2.26248E-02 -6.18685E-03 
2.44526E-02 -7.21646E-03 
2.78092E-02 -8.77854E-03 
3.17833E-02 -1.06504E-02 
3.45108E-02 -1.21945E-02 
1.25006E-02 4.66421E-03 
1.31402E-02 4.14764E-03 
1.32888E-02 3.43071E-03 
1.38647E-02 2.96587E-03 
1.44595E-02 2.46719E-03 
1.50682E-02 1.93754E-03 
1.56857E-02 1.38017E-03 
1.61663E-02 9.32244E-04 
1.63069E-02 7.98823E-04 
1.69745E-02 1.49776E-04 
1.76333E-02 -5.17023E-04 
1.82768E-02 -1.19594E-03 
1.88986E-02 -1.88119E-03 
1.93147E-02 -2.48422E-03 
1.98817E-02 -3.16008E-03 
2.04166E-02 -3.83185E-03 
2.09150E-02 -4.49397E-03 
2.13745E-02 -5.14169E-03 
2.17990E-02 -5.77226E-03 
2.22103E-02 -6.38908E-03 
2.26891E-02 -7.01619E-03 
2.34959E-02 -7.74411E-03 
2.52585E-02 -8.81177E-03 
2.85719E-02 -1.04903E-02 
3.24810E-02 -1.24877E-02 
3.50833E-02 -1.40601E-02 
1.40821E-02 3.48982E-03 
1.47640E-02 2.87831E-03 
1.48003E-02 2.20707E-03 
1.54143E-02 1.65517E-03 
1.60373E-02 1.07570E-03 
1.66644E-02 4.72410E-04 
1.72901E-02 -1.50684E-04 
1.77700E-02 -6.43644E-04 
1.79092E-02 -7.89231E-04 
1.85631E-02 -1.48983E-03 
1.91967E-02 -2.19723E-03 
1.98034E-02 -2.90554E-03 
2.03775E-02 -3.60886E-03 
2.07323E-02 -4.20753E-03 
2.12325E-02 -4.88006E-03 
2.16911E-02 -5.53787E-03 
2.21044E-02 -6.17575E-03 
2.24711E-02 -6.78956E-03 
2.27964E-02 -7.37771E-03 
2.31039E-02 -7.94590E-03 
2.34776E-02 -8.52405E-03 
2.41849E-02 -9.21852E-03 
2.58629E-02 -1.03015E-02 
2.91023E-02 -1.20656E-02 
3.29118E-02 -1.41529E-02 
3.53664E-02 -1.57234E-02 
1.57622E-02 2.05486E-03 
1.64688E-02 1.36206E-03 
1.63883E-02 7.51469E-04 
1.70236E-02 1.26597E-04 
1.76579E-02 -5.17847E-04 
1.82858E-02 -1.17749E-03 
1.89019E-02 -1.84779E-03 
1.93671E-02 -2.37075E-03 
1.95008E-02 -2.52400E-03 
2.01216E-02 -3.25422E-03 
2.07103E-02 -3.97968E-03 
2.12611E-02 -4.69447E-03 
2.17687E-02 -5.39287E-03 
2.20478E-02 -5.96725E-03 
2.24646E-02 -6.61426E-03 
2.28314E-02 -7.23639E-03 
2.31454E-02 -7.82900E-03 
2.34066E-02 -8.38881E-03 
2.36215E-02 -8.91551E-03 
2.38155E-02 -9.41718E-03 
2.40752E-02 -9.92931E-03 
2.46727E-02 -1.05727E-02 
2.62490E-02 -1.16487E-02 
2.93854E-02 -1.34668E-02 
3.30628E-02 -1.56072E-02 
3.53506E-02 -1.71473E-02 
1.74966E-02 4.02488E-04 
1.82014E-02 -3.51535E-04 
1.79977E-02 -8.87023E-04 
1.86324E-02 -1.56536E-03 
1.92572E-02 -2.25435E-03 
1.98670E-02 -2.94944E-03 
2.04559E-02 -3.64581E-03 
2.08936E-02 -4.18235E-03 
2.10182E-02 -4.33847E-03 
2.15886E-02 -5.07539E-03 
2.21158E-02 -5.79607E-03 
2.25946E-02 -6.49476E-03 
2.30207E-02 -7.16609E-03 
2.32127E-02 -7.69760E-03 
2.35332E-02 -8.29856E-03 
2.37964E-02 -8.86532E-03 
2.40009E-02 -9.39408E-03 
2.41479E-02 -9.88258E-03 
2.42454E-02 -1.03319E-02 
2.43205E-02 -1.07525E-02 
2.44617E-02 -1.11849E-02 
2.49432E-02 -1.17624E-02 
2.64044E-02 -1.28107E-02 
2.94124E-02 -1.46509E-02 
3.29299E-02 -1.68083E-02 
3.50374E-02 -1.82925E-02 
1.93517E-02 -1.47550E-03 
2.00415E-02 -2.27198E-03 
1.97135E-02 -2.71972E-03 
2.03303E-02 -3.43343E-03 
2.09248E-02 -4.14757E-03 
2.14918E-02 -4.85708E-03 
2.20264E-02 -5.55708E-03 
2.24148E-02 -6.08907E-03 
2.25240E-02 -6.24269E-03 
2.30145E-02 -6.96054E-03 
2.34528E-02 -7.65079E-03 
2.38345E-02 -8.30826E-03 
2.41563E-02 -8.92822E-03 
2.42438E-02 -9.39632E-03 
2.44507E-02 -9.92970E-03 
2.45960E-02 -1.04211E-02 
2.46791E-02 -1.08676E-02 
2.47026E-02 -1.12680E-02 
2.46758E-02 -1.16251E-02 
2.46268E-02 -1.19512E-02 
2.46455E-02 -1.22916E-02 
2.50055E-02 -1.27901E-02 
2.63395E-02 -1.37919E-02 
2.91956E-02 -1.56248E-02 
3.25277E-02 -1.77659E-02 
3.44429E-02 -1.91716E-02 
2.11985E-02 -3.50924E-03 
2.18427E-02 -4.32139E-03 
2.13822E-02 -4.66711E-03 
2.19552E-02 -5.39128E-03 
2.24962E-02 -6.10566E-03 
2.30007E-02 -6.80530E-03 
2.34648E-02 -7.48558E-03 
2.37936E-02 -7.99577E-03 
2.38844E-02 -8.14193E-03 
2.42820E-02 -8.81757E-03 
2.46188E-02 -9.45505E-03 
2.48920E-02 -1.00501E-02 
2.50996E-02 -1.05989E-02 
2.50768E-02 -1.09880E-02 
2.51635E-02 -1.14373E-02 
2.51854E-02 -1.18384E-02 
2.51434E-02 -1.21893E-02 
2.50414E-02 -1.24901E-02 
2.48895E-02 -1.27448E-02 
2.47173E-02 -1.29682E-02 
2.46147E-02 -1.32089E-02 
2.48527E-02 -1.36192E-02 
2.60521E-02 -1.45586E-02 
2.87383E-02 -1.63566E-02 
3.18655E-02 -1.84503E-02 
3.35832E-02 -1.97594E-02 
2.30314E-02 -5.66441E-03 
2.36032E-02 -6.46452E-03 
2.30015E-02 -6.69347E-03 
2.35044E-02 -7.40116E-03 
2.39683E-02 -8.08964E-03 
2.43896E-02 -8.75441E-03 
2.47641E-02 -9.39106E-03 
2.50193E-02 -9.86164E-03 
2.50879E-02 -9.99531E-03 
2.53766E-02 -1.06061E-02 
2.55994E-02 -1.11702E-02 
2.57540E-02 -1.16842E-02 
2.58391E-02 -1.21448E-02 
2.57009E-02 -1.24417E-02 
2.56623E-02 -1.27934E-02 
2.55576E-02 -1.30920E-02 
2.53890E-02 -1.33370E-02 
2.51614E-02 -1.35296E-02 
2.48864E-02 -1.36752E-02 
2.45941E-02 -1.37903E-02 
2.43739E-02 -1.39268E-02 
2.44920E-02 -1.42428E-02 
2.55522E-02 -1.51067E-02 
2.80538E-02 -1.68451E-02 
3.09610E-02 -1.88640E-02 
3.24792E-02 -2.00622E-02 
2.47952E-02 -7.88379E-03 
2.52895E-02 -8.65086E-03 
2.45587E-02 -8.75739E-03 
2.49810E-02 -9.42864E-03 
2.53587E-02 -1.00724E-02 
2.56847E-02 -1.06830E-02 
2.59539E-02 -1.12555E-02 
2.61220E-02 -1.16701E-02 
2.61644E-02 -1.17864E-02 
2.63240E-02 -1.23091E-02 
2.64133E-02 -1.27775E-02 
2.64322E-02 -1.31895E-02 
2.63812E-02 -1.35435E-02 
2.61189E-02 -1.37343E-02 
2.59486E-02 -1.39753E-02 
2.57138E-02 -1.41609E-02 
2.54179E-02 -1.42918E-02 
2.50668E-02 -1.43704E-02 
2.46727E-02 -1.44031E-02 
2.42659E-02 -1.44080E-02 
2.39344E-02 -1.44389E-02 
2.39373E-02 -1.46577E-02 
2.48569E-02 -1.54362E-02 
2.71639E-02 -1.70940E-02 
2.98411E-02 -1.90151E-02 
3.11622E-02 -2.00926E-02 
2.64684E-02 -1.01251E-02 
2.68410E-02 -1.08242E-02 
2.59626E-02 -1.07912E-02 
2.62725E-02 -1.13956E-02 
2.65294E-02 -1.19630E-02 
2.67315E-02 -1.24904E-02 
2.68777E-02 -1.29750E-02 
2.69519E-02 -1.33193E-02 
2.69669E-02 -1.34147E-02 
2.69966E-02 -1.38350E-02 
2.69560E-02 -1.41970E-02 
2.68447E-02 -1.44987E-02 
2.66639E-02 -1.47395E-02 
2.62852E-02 -1.48206E-02 
2.59897E-02 -1.49467E-02 
2.56320E-02 -1.50165E-02 
2.52164E-02 -1.50317E-02 
2.47500E-02 -1.49958E-02 
2.42456E-02 -1.49165E-02 
2.37337E-02 -1.48129E-02 
2.33003E-02 -1.47404E-02 
2.31952E-02 -1.48621E-02 
2.39756E-02 -1.55482E-02 
2.60810E-02 -1.71075E-02 
2.85214E-02 -1.89113E-02 
2.96506E-02 -1.98618E-02 
2.79527E-02 -1.23073E-02 
2.82043E-02 -1.29209E-02 
2.72071E-02 -1.27538E-02 
2.74124E-02 -1.32811E-02 
2.75578E-02 -1.37640E-02 
2.76403E-02 -1.41987E-02 
2.76593E-02 -1.45829E-02 
2.76313E-02 -1.48448E-02 
2.76162E-02 -1.49155E-02 
2.75021E-02 -1.52160E-02 
2.73185E-02 -1.54551E-02 
2.70653E-02 -1.56315E-02 
2.67450E-02 -1.57457E-02 
2.62437E-02 -1.57075E-02 
2.58201E-02 -1.57110E-02 
2.53399E-02 -1.56601E-02 
2.48083E-02 -1.55574E-02 
2.42329E-02 -1.54074E-02 
2.36268E-02 -1.52184E-02 
2.30198E-02 -1.50104E-02 
2.24948E-02 -1.48390E-02 
2.22907E-02 -1.48664E-02 
2.29360E-02 -1.54564E-02 
2.48374E-02 -1.69036E-02 
2.70398E-02 -1.85756E-02 
2.79858E-02 -1.93970E-02 
2.92824E-02 -1.44079E-02 
2.93889E-02 -1.49104E-02 
2.82514E-02 -1.45935E-02 
2.83163E-02 -1.50126E-02 
2.83176E-02 -1.53814E-02 
2.82582E-02 -1.56993E-02 
2.81380E-02 -1.59650E-02 
2.80043E-02 -1.61345E-02 
2.79586E-02 -1.61781E-02 
2.77013E-02 -1.63493E-02 
2.73800E-02 -1.64599E-02 
2.69958E-02 -1.65101E-02 
2.65507E-02 -1.65004E-02 
2.59432E-02 -1.63485E-02 
2.54070E-02 -1.62347E-02 
2.48196E-02 -1.60691E-02 
2.41868E-02 -1.58551E-02 
2.35168E-02 -1.55982E-02 
2.28232E-02 -1.53074E-02 
2.21351E-02 -1.50031E-02 
2.15319E-02 -1.47407E-02 
2.12402E-02 -1.46794E-02 
2.17570E-02 -1.51725E-02 
2.34556E-02 -1.64979E-02 
2.54223E-02 -1.80277E-02 
2.61963E-02 -1.87214E-02 
3.03483E-02 -1.63398E-02 
3.02963E-02 -1.67108E-02 
2.90361E-02 -1.62482E-02 
2.89748E-02 -1.65563E-02 
2.88526E-02 -1.68128E-02 
2.86662E-02 -1.70143E-02 
2.84164E-02 -1.71598E-02 
2.81818E-02 -1.72345E-02 
2.81066E-02 -1.72502E-02 
2.77093E-02 -1.72875E-02 
2.72495E-02 -1.72636E-02 
2.67307E-02 -1.71803E-02 
2.61575E-02 -1.70403E-02 
2.54431E-02 -1.67713E-02 
2.47972E-02 -1.65393E-02 
2.41080E-02 -1.62605E-02 
2.33823E-02 -1.59392E-02 
2.26283E-02 -1.55815E-02 
2.18593E-02 -1.51968E-02 
2.11032E-02 -1.48051E-02 
2.04352E-02 -1.44609E-02 
2.00678E-02 -1.43183E-02 
2.04645E-02 -1.47162E-02 
2.19644E-02 -1.59135E-02 
2.37013E-02 -1.72950E-02 
2.43166E-02 -1.78652E-02 
3.11661E-02 -1.80768E-02 
3.09647E-02 -1.83115E-02 
2.95926E-02 -1.77072E-02 
2.93854E-02 -1.78843E-02 
2.91105E-02 -1.80033E-02 
2.87740E-02 -1.80666E-02 
2.83810E-02 -1.80763E-02 
2.80406E-02 -1.80480E-02 
2.79355E-02 -1.80341E-02 
2.74018E-02 -1.79339E-02 
2.68172E-02 -1.77793E-02 
2.61838E-02 -1.75718E-02 
2.55047E-02 -1.73133E-02 
2.47051E-02 -1.69403E-02 
2.39699E-02 -1.66025E-02 
2.31990E-02 -1.62234E-02 
2.23993E-02 -1.58078E-02 
2.15794E-02 -1.53621E-02 
2.07522E-02 -1.48961E-02 
1.99446E-02 -1.44298E-02 
1.92270E-02 -1.40156E-02 
1.87976E-02 -1.38013E-02 
1.90845E-02 -1.41083E-02 
2.03934E-02 -1.51751E-02 
2.19100E-02 -1.64063E-02 
2.23815E-02 -1.68601E-02 
3.16904E-02 -1.95689E-02 
3.13175E-02 -1.96451E-02 
2.98359E-02 -1.88990E-02 
2.94849E-02 -1.89390E-02 
2.90840E-02 -1.89309E-02 
2.86326E-02 -1.88731E-02 
2.81214E-02 -1.87589E-02 
2.76906E-02 -1.86352E-02 
2.75596E-02 -1.85937E-02 
2.69031E-02 -1.83621E-02 
2.61982E-02 -1.80775E-02 
2.54526E-02 -1.77454E-02 
2.46719E-02 -1.73700E-02 
2.37927E-02 -1.68964E-02 
2.29762E-02 -1.64581E-02 
2.21333E-02 -1.59857E-02 
2.12711E-02 -1.54845E-02 
2.03983E-02 -1.49613E-02 
1.95271E-02 -1.44256E-02 
1.86825E-02 -1.38968E-02 
1.79298E-02 -1.34248E-02 
1.74515E-02 -1.31490E-02 
1.76398E-02 -1.33710E-02 
1.87670E-02 -1.43076E-02 
2.00748E-02 -1.53895E-02 
2.04182E-02 -1.57357E-02 
3.18963E-02 -2.07643E-02 
3.13773E-02 -2.06926E-02 
2.98116E-02 -1.98219E-02 
2.93350E-02 -1.97324E-02 
2.88046E-02 -1.95913E-02 
2.82148E-02 -1.93938E-02 
2.75754E-02 -1.91461E-02 
2.70531E-02 -1.89240E-02 
2.68966E-02 -1.88546E-02 
2.61295E-02 -1.84978E-02 
2.53277E-02 -1.80982E-02 
2.44940E-02 -1.76580E-02 
2.36330E-02 -1.71810E-02 
2.26947E-02 -1.66226E-02 
2.18185E-02 -1.61005E-02 
2.09250E-02 -1.55519E-02 
2.00209E-02 -1.49821E-02 
1.91144E-02 -1.43978E-02 
1.82172E-02 -1.38083E-02 
1.73524E-02 -1.32321E-02 
1.65801E-02 -1.27162E-02 
1.60673E-02 -1.23911E-02 
1.61700E-02 -1.25365E-02 
1.71287E-02 -1.33474E-02 
1.82434E-02 -1.42856E-02 
1.84761E-02 -1.45357E-02 
3.17806E-02 -2.16591E-02 
3.11194E-02 -2.14373E-02 
2.94810E-02 -2.04503E-02 
2.88681E-02 -2.02203E-02 
2.82110E-02 -1.99447E-02 
2.75214E-02 -1.96315E-02 
2.67974E-02 -1.92790E-02 
2.62085E-02 -1.89754E-02 
2.60317E-02 -1.88816E-02 
2.51661E-02 -1.84077E-02 
2.42729E-02 -1.78968E-02 
2.33599E-02 -1.73550E-02 
2.24308E-02 -1.67858E-02 
2.14465E-02 -1.61534E-02 
2.05241E-02 -1.55588E-02 
1.95939E-02 -1.49460E-02 
1.86623E-02 -1.43204E-02 
1.77370E-02 -1.36884E-02 
1.68286E-02 -1.30587E-02 
1.59582E-02 -1.24487E-02 
1.51803E-02 -1.19019E-02 
1.46459E-02 -1.15388E-02 
1.46749E-02 -1.16156E-02 
1.54770E-02 -1.23056E-02 
1.64125E-02 -1.31060E-02 
1.65500E-02 -1.32707E-02 
3.13382E-02 -2.22224E-02 
3.05542E-02 -2.18621E-02 
2.88628E-02 -2.07754E-02 
2.81341E-02 -2.04172E-02 
2.73777E-02 -2.00255E-02 
2.65917E-02 -1.95986E-02 
2.57698E-02 -1.91318E-02 
2.51141E-02 -1.87466E-02 
2.49201E-02 -1.86308E-02 
2.39830E-02 -1.80600E-02 
2.30280E-02 -1.74607E-02 
2.20601E-02 -1.68370E-02 
2.10847E-02 -1.61936E-02 
2.00719E-02 -1.55027E-02 
1.91210E-02 -1.48514E-02 
1.81712E-02 -1.41900E-02 
1.72287E-02 -1.35241E-02 
1.63005E-02 -1.28596E-02 
1.53963E-02 -1.22047E-02 
1.45348E-02 -1.15752E-02 
1.37649E-02 -1.10109E-02 
1.32217E-02 -1.06217E-02 
1.31896E-02 -1.06397E-02 
1.38496E-02 -1.12166E-02 
1.46227E-02 -1.18881E-02 
1.46813E-02 -1.19799E-02 
3.05775E-02 -2.24478E-02 
2.96756E-02 -2.19519E-02 
2.79590E-02 -2.07892E-02 
2.71424E-02 -2.03230E-02 
2.62979E-02 -1.98235E-02 
2.54277E-02 -1.92923E-02 
2.45346E-02 -1.87316E-02 
2.38289E-02 -1.82781E-02 
2.36205E-02 -1.81426E-02 
2.26216E-02 -1.74837E-02 
2.16151E-02 -1.68055E-02 
2.06091E-02 -1.61149E-02 
1.96085E-02 -1.54162E-02 
1.85888E-02 -1.46865E-02 
1.76302E-02 -1.39975E-02 
1.66804E-02 -1.33060E-02 
1.57450E-02 -1.26171E-02 
1.48305E-02 -1.19364E-02 
1.39454E-02 -1.12715E-02 
1.31066E-02 -1.06367E-02 
1.23573E-02 -1.00680E-02 
1.18171E-02 -9.66434E-03 
1.17364E-02 -9.63342E-03 
1.22696E-02 -1.01065E-02 
1.28978E-02 -1.06601E-02 
1.28931E-02 -1.06912E-02 
2.95123E-02 -2.23365E-02 
2.85236E-02 -2.17286E-02 
2.68035E-02 -2.05107E-02 
2.59049E-02 -1.99418E-02 
2.49813E-02 -1.93423E-02 
2.40471E-02 -1.87234E-02 
2.31053E-02 -1.80875E-02 
2.23752E-02 -1.75871E-02 
2.21613E-02 -1.74393E-02 
2.11326E-02 -1.67199E-02 
2.00963E-02 -1.59824E-02 
1.90670E-02 -1.52391E-02 
1.80538E-02 -1.44980E-02 
1.70405E-02 -1.37433E-02 
1.60893E-02 -1.30318E-02 
1.51546E-02 -1.23255E-02 
1.42410E-02 -1.16287E-02 
1.33537E-02 -1.09462E-02 
1.25004E-02 -1.02849E-02 
1.16959E-02 -9.65745E-03 
1.09780E-02 -9.09609E-03 
1.04514E-02 -8.68873E-03 
1.03340E-02 -8.61889E-03 
1.07556E-02 -8.99854E-03 
1.12564E-02 -9.44598E-03 
1.12029E-02 -9.42851E-03 
2.81767E-02 -2.19085E-02 
2.71028E-02 -2.11913E-02 
2.53949E-02 -1.99353E-02 
2.44502E-02 -1.92931E-02 
2.34806E-02 -1.86210E-02 
2.25086E-02 -1.79370E-02 
2.15398E-02 -1.72458E-02 
2.07830E-02 -1.66987E-02 
2.05608E-02 -1.65368E-02 
1.95053E-02 -1.57620E-02 
1.84670E-02 -1.49906E-02 
1.74471E-02 -1.42242E-02 
1.64474E-02 -1.34651E-02 
1.54576E-02 -1.27027E-02 
1.45283E-02 -1.19838E-02 
1.36212E-02 -1.12763E-02 
1.27410E-02 -1.05847E-02 
1.18926E-02 -9.91324E-03 
1.10821E-02 -9.26785E-03 
1.03219E-02 -8.65941E-03 
9.64461E-03 -8.11600E-03 
9.14071E-03 -7.71471E-03 
8.99753E-03 -7.61560E-03 
9.32274E-03 -7.91274E-03 
9.71337E-03 -8.26640E-03 
9.62432E-03 -8.21186E-03 
2.65792E-02 -2.11676E-02 
2.54631E-02 -2.03771E-02 
2.37889E-02 -1.91052E-02 
2.28049E-02 -1.83976E-02 
2.18162E-02 -1.76772E-02 
2.08262E-02 -1.69468E-02 
1.98413E-02 -1.62118E-02 
1.90811E-02 -1.56389E-02 
1.88592E-02 -1.54708E-02 
1.78105E-02 -1.46710E-02 
1.67820E-02 -1.38788E-02 
1.57805E-02 -1.31003E-02 
1.48070E-02 -1.23370E-02 
1.38551E-02 -1.15824E-02 
1.29632E-02 -1.08725E-02 
1.20987E-02 -1.01798E-02 
1.12656E-02 -9.50798E-03 
1.04675E-02 -8.86078E-03 
9.70973E-03 -8.24300E-03 
9.00251E-03 -7.66395E-03 
8.37360E-03 -7.14781E-03 
7.90010E-03 -6.76126E-03 
7.74113E-03 -6.64200E-03 
7.98467E-03 -6.86780E-03 
8.28171E-03 -7.14025E-03 
8.16891E-03 -7.05925E-03 
2.47709E-02 -2.01540E-02 
2.36316E-02 -1.93088E-02 
2.20177E-02 -1.80480E-02 
2.10253E-02 -1.73030E-02 
2.00270E-02 -1.65451E-02 
1.90320E-02 -1.57820E-02 
1.80497E-02 -1.50218E-02 
1.73008E-02 -1.44378E-02 
1.70845E-02 -1.42684E-02 
1.60685E-02 -1.34689E-02 
1.50743E-02 -1.26798E-02 
1.41038E-02 -1.19033E-02 
1.31670E-02 -1.11484E-02 
1.22650E-02 -1.04152E-02 
1.14233E-02 -9.72854E-03 
1.06133E-02 -9.06409E-03 
9.83753E-03 -8.42436E-03 
9.09892E-03 -7.81230E-03 
8.40152E-03 -7.23185E-03 
7.75381E-03 -6.69074E-03 
7.17898E-03 -6.20949E-03 
6.74190E-03 -5.84493E-03 
6.57592E-03 -5.71382E-03 
6.75169E-03 -5.87933E-03 
6.97082E-03 -6.08297E-03 
6.84451E-03 -5.98498E-03 
2.27906E-02 -1.89016E-02 
2.16583E-02 -1.80301E-02 
2.01171E-02 -1.67960E-02 
1.91297E-02 -1.60282E-02 
1.81507E-02 -1.52601E-02 
1.71731E-02 -1.44862E-02 
1.62140E-02 -1.37213E-02 
1.54903E-02 -1.31406E-02 
1.52817E-02 -1.29727E-02 
1.43063E-02 -1.21840E-02 
1.33572E-02 -1.14110E-02 
1.24393E-02 -1.06584E-02 
1.15592E-02 -9.93239E-03 
1.07186E-02 -9.23406E-03 
9.93638E-03 -8.58209E-03 
9.18887E-03 -7.95608E-03 
8.47761E-03 -7.35779E-03 
7.80450E-03 -6.78925E-03 
7.17259E-03 -6.25351E-03 
6.58862E-03 -5.75683E-03 
6.07162E-03 -5.31626E-03 
5.67531E-03 -4.97940E-03 
5.50973E-03 -4.84372E-03 
5.63062E-03 -4.95953E-03 
5.78629E-03 -5.10619E-03 
5.65506E-03 -4.99946E-03 
2.06839E-02 -1.74524E-02 
1.95753E-02 -1.65729E-02 
1.81303E-02 -1.53907E-02 
1.71650E-02 -1.46176E-02 
1.62177E-02 -1.38535E-02 
1.52831E-02 -1.30943E-02 
1.43674E-02 -1.23452E-02 
1.36787E-02 -1.17789E-02 
1.34811E-02 -1.16160E-02 
1.25592E-02 -1.08530E-02 
1.16676E-02 -1.01103E-02 
1.08118E-02 -9.39348E-03 
9.99848E-03 -8.70878E-03 
9.23072E-03 -8.05864E-03 
8.51792E-03 -7.45316E-03 
7.84009E-03 -6.87501E-03 
7.19881E-03 -6.32595E-03 
6.59561E-03 -5.80767E-03 
6.03263E-03 -5.32241E-03 
5.51501E-03 -4.87501E-03 
5.05799E-03 -4.47931E-03 
4.70528E-03 -4.17445E-03 
4.54622E-03 -4.04040E-03 
4.62383E-03 -4.11637E-03 
4.72906E-03 -4.21702E-03 
4.59987E-03 -4.10841E-03 
1.85204E-02 -1.58692E-02 
1.74531E-02 -1.50008E-02 
1.61157E-02 -1.38860E-02 
1.51948E-02 -1.31303E-02 
1.42906E-02 -1.23837E-02 
1.34112E-02 -1.16532E-02 
1.25551E-02 -1.09379E-02 
1.19140E-02 -1.03997E-02 
1.17306E-02 -1.02453E-02 
1.08743E-02 -9.52224E-03 
1.00500E-02 -8.82232E-03 
9.26680E-03 -8.15397E-03 
8.52955E-03 -7.52214E-03 
7.83865E-03 -6.92707E-03 
7.19874E-03 -6.37431E-03 
6.59398E-03 -5.85005E-03 
6.02534E-03 -5.35547E-03 
5.49372E-03 -4.89169E-03 
5.00044E-03 -4.46017E-03 
4.54923E-03 -4.06452E-03 
4.15203E-03 -3.71569E-03 
3.84380E-03 -3.44530E-03 
3.69590E-03 -3.31783E-03 
3.74082E-03 -3.36320E-03 
3.80748E-03 -3.42813E-03 
3.68563E-03 -3.32313E-03 
1.63228E-02 -1.41825E-02 
1.53125E-02 -1.33424E-02 
1.40954E-02 -1.23110E-02 
1.32330E-02 -1.15885E-02 
1.23893E-02 -1.08777E-02 
1.15750E-02 -1.01880E-02 
1.07872E-02 -9.51750E-03 
1.02015E-02 -9.01688E-03 
1.00340E-02 -8.87333E-03 
9.25448E-03 -8.20340E-03 
8.50994E-03 -7.56036E-03 
7.80880E-03 -6.95219E-03 
7.15124E-03 -6.37958E-03 
6.53956E-03 -5.84464E-03 
5.97543E-03 -5.34994E-03 
5.44607E-03 -4.88429E-03 
4.95164E-03 -4.44810E-03 
4.49226E-03 -4.04178E-03 
4.06853E-03 -3.66610E-03 
3.68296E-03 -3.32355E-03 
3.34465E-03 -3.02256E-03 
3.08093E-03 -2.78810E-03 
2.94762E-03 -2.67107E-03 
2.96860E-03 -2.69362E-03 
3.00648E-03 -2.73148E-03 
2.89582E-03 -2.63422E-03 
1.41526E-02 -1.24516E-02 
1.32155E-02 -1.16581E-02 
1.21208E-02 -1.07166E-02 
1.13299E-02 -1.00422E-02 
1.05588E-02 -9.38132E-03 
9.81811E-03 -8.74351E-03 
9.10742E-03 -8.12868E-03 
8.58016E-03 -7.67074E-03 
8.43017E-03 -7.54022E-03 
7.73618E-03 -6.93460E-03 
7.07725E-03 -6.35698E-03 
6.45927E-03 -5.81308E-03 
5.88429E-03 -5.30522E-03 
5.35443E-03 -4.83547E-03 
4.86793E-03 -4.40307E-03 
4.41413E-03 -3.99862E-03 
3.99292E-03 -3.62226E-03 
3.60399E-03 -3.27393E-03 
3.24737E-03 -2.95389E-03 
2.92460E-03 -2.66371E-03 
2.64239E-03 -2.40967E-03 
2.42161E-03 -2.21101E-03 
2.30502E-03 -2.10703E-03 
2.30958E-03 -2.11363E-03 
2.32713E-03 -2.13208E-03 
2.23009E-03 -2.04538E-03 
1.20533E-02 -1.07243E-02 
1.12044E-02 -9.99404E-03 
1.02354E-02 -9.14996E-03 
9.52239E-03 -8.53254E-03 
8.83277E-03 -7.93265E-03 
8.17150E-03 -7.35488E-03 
7.54278E-03 -6.80322E-03 
7.07764E-03 -6.39362E-03 
6.94579E-03 -6.27728E-03 
6.33998E-03 -5.74142E-03 
5.76930E-03 -5.23455E-03 
5.23628E-03 -4.75934E-03 
4.74396E-03 -4.31897E-03 
4.29429E-03 -3.91541E-03 
3.88374E-03 -3.54608E-03 
3.50330E-03 -3.20299E-03 
3.15238E-03 -2.88579E-03 
2.83039E-03 -2.59416E-03 
2.53694E-03 -2.32789E-03 
2.27281E-03 -2.08785E-03 
2.04273E-03 -1.87852E-03 
1.86226E-03 -1.71435E-03 
1.76332E-03 -1.62492E-03 
1.75757E-03 -1.62124E-03 
1.76168E-03 -1.62660E-03 
1.67942E-03 -1.55211E-03 
1.00718E-02 -9.05132E-03 
9.31796E-03 -8.39417E-03 
8.47470E-03 -7.65108E-03 
7.84331E-03 -7.09712E-03 
7.23869E-03 -6.56436E-03 
6.66130E-03 -6.05348E-03 
6.11643E-03 -5.56947E-03 
5.71473E-03 -5.21138E-03 
5.60087E-03 -5.10968E-03 
5.08240E-03 -4.64557E-03 
4.59918E-03 -4.21139E-03 
4.15110E-03 -3.80736E-03 
3.73903E-03 -3.43460E-03 
3.36590E-03 -3.09604E-03 
3.02732E-03 -2.78813E-03 
2.71583E-03 -2.50422E-03 
2.43049E-03 -2.24360E-03 
2.17041E-03 -2.00563E-03 
1.93489E-03 -1.78978E-03 
1.72410E-03 -1.59634E-03 
1.54124E-03 -1.42835E-03 
1.39753E-03 -1.29633E-03 
1.31618E-03 -1.22194E-03 
1.30486E-03 -1.21247E-03 
1.30092E-03 -1.20980E-03 
1.23356E-03 -1.14809E-03 
8.24569E-03 -7.47600E-03 
7.58614E-03 -6.89431E-03 
6.86725E-03 -6.25448E-03 
6.31901E-03 -5.76793E-03 
5.80025E-03 -5.30571E-03 
5.30620E-03 -4.86374E-03 
4.84385E-03 -4.44859E-03 
4.50578E-03 -4.14403E-03 
4.40994E-03 -4.05752E-03 
3.97518E-03 -3.66426E-03 
3.57537E-03 -3.30132E-03 
3.20872E-03 -2.96738E-03 
2.87284E-03 -2.66049E-03 
2.57075E-03 -2.38370E-03 
2.29844E-03 -2.13365E-03 
2.05009E-03 -1.90512E-03 
1.82436E-03 -1.69700E-03 
1.62005E-03 -1.50833E-03 
1.43622E-03 -1.33834E-03 
1.27268E-03 -1.18691E-03 
1.13142E-03 -1.05600E-03 
1.02028E-03 -9.52996E-04 
9.55613E-04 -8.93259E-04 
9.42205E-04 -8.81362E-04 
9.34226E-04 -8.74510E-04 
8.81036E-04 -8.25278E-04 
6.60328E-03 -6.03310E-03 
6.03756E-03 -5.52916E-03 
5.43666E-03 -4.98972E-03 
4.97038E-03 -4.57179E-03 
4.53352E-03 -4.17880E-03 
4.12142E-03 -3.80665E-03 
3.73705E-03 -3.45827E-03 
3.45961E-03 -3.20605E-03 
3.38108E-03 -3.13452E-03 
3.02622E-03 -2.81060E-03 
2.70328E-03 -2.51482E-03 
2.40988E-03 -2.24521E-03 
2.14397E-03 -2.00012E-03 
1.90703E-03 -1.78115E-03 
1.69458E-03 -1.58438E-03 
1.50223E-03 -1.40587E-03 
1.32883E-03 -1.24466E-03 
1.17310E-03 -1.09967E-03 
1.03400E-03 -9.69989E-04 
9.11048E-04 -8.55237E-04 
8.05357E-04 -7.56519E-04 
7.22173E-04 -6.78808E-04 
6.72628E-04 -6.32626E-04 
6.59502E-04 -6.20651E-04 
6.50298E-04 -6.12342E-04 
6.09903E-04 -5.74623E-04 
5.16009E-03 -4.74549E-03 
4.68602E-03 -4.31961E-03 
4.19268E-03 -3.87338E-03 
3.80614E-03 -3.52404E-03 
3.44531E-03 -3.19673E-03 
3.10961E-03 -2.89112E-03 
2.79890E-03 -2.60728E-03 
2.57629E-03 -2.40331E-03 
2.51371E-03 -2.34586E-03 
2.23218E-03 -2.08688E-03 
1.97886E-03 -1.85309E-03 
1.75077E-03 -1.64189E-03 
1.54622E-03 -1.45192E-03 
1.36602E-03 -1.28412E-03 
1.20599E-03 -1.13478E-03 
1.06247E-03 -1.00059E-03 
9.34090E-04 -8.80355E-04 
8.19671E-04 -7.73042E-04 
7.18224E-04 -6.77785E-04 
6.29151E-04 -5.94066E-04 
5.52980E-04 -5.22422E-04 
4.93053E-04 -4.66044E-04 
4.56644E-04 -4.31841E-04 
4.45231E-04 -4.21248E-04 
4.36584E-04 -4.13255E-04 
4.07220E-04 -3.85626E-04 
3.93679E-03 -3.63972E-03 
3.54675E-03 -3.28682E-03 
3.14994E-03 -2.92567E-03 
2.83552E-03 -2.63951E-03 
2.54489E-03 -2.37408E-03 
2.27751E-03 -2.12903E-03 
2.03232E-03 -1.90358E-03 
1.85830E-03 -1.74309E-03 
1.80974E-03 -1.69823E-03 
1.59300E-03 -1.49760E-03 
1.39990E-03 -1.31825E-03 
1.22804E-03 -1.15811E-03 
1.07587E-03 -1.01588E-03 
9.43550E-04 -8.91892E-04 
8.27142E-04 -7.82573E-04 
7.23818E-04 -6.85353E-04 
6.32298E-04 -5.99097E-04 
5.51454E-04 -5.22799E-04 
4.80340E-04 -4.55612E-04 
4.18339E-04 -3.96983E-04 
3.65610E-04 -3.47090E-04 
3.24173E-04 -3.07871E-04 
2.98584E-04 -2.83673E-04 
2.89538E-04 -2.75177E-04 
2.82391E-04 -2.68475E-04 
2.62011E-04 -2.49175E-04 
2.92733E-03 -2.71722E-03 
2.61343E-03 -2.43157E-03 
2.29992E-03 -2.14480E-03 
2.05079E-03 -1.91678E-03 
1.82195E-03 -1.70661E-03 
1.61444E-03 -1.51545E-03 
1.42573E-03 -1.34102E-03 
1.29352E-03 -1.21848E-03 
1.25698E-03 -1.18456E-03 
1.09463E-03 -1.03354E-03 
9.51974E-04 -9.00389E-04 
8.27262E-04 -7.83619E-04 
7.18390E-04 -6.81358E-04 
6.24871E-04 -5.93289E-04 
5.43605E-04 -5.16587E-04 
4.72301E-04 -4.49154E-04 
4.09835E-04 -3.89980E-04 
3.55202E-04 -3.38158E-04 
3.07564E-04 -2.92923E-04 
2.66349E-04 -2.53756E-04 
2.31510E-04 -2.20629E-04 
2.04187E-04 -1.94641E-04 
1.87098E-04 -1.78395E-04 
1.80510E-04 -1.72153E-04 
1.75184E-04 -1.67109E-04 
1.61765E-04 -1.54336E-04 
2.12292E-03 -1.97548E-03 
1.87544E-03 -1.74928E-03 
1.63285E-03 -1.52653E-03 
1.43974E-03 -1.34902E-03 
1.26407E-03 -1.18703E-03 
1.10652E-03 -1.04132E-03 
9.65535E-04 -9.10541E-04 
8.67633E-04 -8.19486E-04 
8.40831E-04 -7.94521E-04 
7.23174E-04 -6.84721E-04 
6.21438E-04 -5.89467E-04 
5.33855E-04 -5.07197E-04 
4.58850E-04 -4.36522E-04 
3.95493E-04 -3.76659E-04 
3.41190E-04 -3.25226E-04 
2.94204E-04 -2.80630E-04 
2.53560E-04 -2.41989E-04 
2.18414E-04 -2.08529E-04 
1.88063E-04 -1.79606E-04 
1.62020E-04 -1.54767E-04 
1.40145E-04 -1.33894E-04 
1.23037E-04 -1.17565E-04 
1.12243E-04 -1.07263E-04 
1.07829E-04 -1.03055E-04 
1.04222E-04 -9.96158E-05 
9.58744E-05 -9.16407E-05 
1.50531E-03 -1.40196E-03 
1.31396E-03 -1.22651E-03 
1.13011E-03 -1.05727E-03 
9.83612E-04 -9.22224E-04 
8.51982E-04 -8.00527E-04 
7.35227E-04 -6.92307E-04 
6.32585E-04 -5.96921E-04 
5.62015E-04 -5.31178E-04 
5.42918E-04 -5.13365E-04 
4.60051E-04 -4.35934E-04 
3.89641E-04 -3.69936E-04 
3.30356E-04 -3.14189E-04 
2.80582E-04 -2.67233E-04 
2.39371E-04 -2.28246E-04 
2.04650E-04 -1.95313E-04 
1.75109E-04 -1.67232E-04 
1.49923E-04 -1.43247E-04 
1.28411E-04 -1.22732E-04 
1.10033E-04 -1.05186E-04 
9.43985E-05 -9.02495E-05 
8.13532E-05 -7.77804E-05 
7.11869E-05 -6.80602E-05 
6.47442E-05 -6.18988E-05 
6.20213E-05 -5.92935E-05 
5.97944E-05 -5.71611E-05 
5.48913E-05 -5.24683E-05 
1.04884E-03 -9.75865E-04 
9.03879E-04 -8.42727E-04 
7.67087E-04 -7.16677E-04 
6.58345E-04 -6.16303E-04 
5.61895E-04 -5.27056E-04 
4.77303E-04 -4.48613E-04 
4.04140E-04 -3.80637E-04 
3.54539E-04 -3.34456E-04 
3.41220E-04 -3.22043E-04 
2.84213E-04 -2.68834E-04 
2.36879E-04 -2.24533E-04 
1.97824E-04 -1.87865E-04 
1.65758E-04 -1.57659E-04 
1.39830E-04 -1.33164E-04 
1.18452E-04 -1.12913E-04 
1.00586E-04 -9.59475E-05 
8.56020E-05 -8.16904E-05 
7.29858E-05 -6.96676E-05 
6.23290E-05 -5.95008E-05 
5.33420E-05 -5.09206E-05 
4.58902E-05 -4.38029E-05 
4.01058E-05 -3.82763E-05 
3.64422E-05 -3.47742E-05 
3.48844E-05 -3.32821E-05 
3.36217E-05 -3.20714E-05 
3.08775E-05 -2.94469E-05 
7.23654E-04 -6.71310E-04 
6.15838E-04 -5.72289E-04 
5.15847E-04 -4.80208E-04 
4.36740E-04 -4.07228E-04 
3.67473E-04 -3.43208E-04 
3.07326E-04 -2.87532E-04 
2.56007E-04 -2.39973E-04 
2.21709E-04 -2.08143E-04 
2.12545E-04 -1.99632E-04 
1.73924E-04 -1.63727E-04 
1.42483E-04 -1.34428E-04 
1.17142E-04 -1.10748E-04 
9.68735E-05 -9.17489E-05 
8.08365E-05 -7.66695E-05 
6.78741E-05 -6.44435E-05 
5.72432E-05 -5.43892E-05 
4.84921E-05 -4.60947E-05 
4.12297E-05 -3.91994E-05 
3.51638E-05 -3.34331E-05 
3.00893E-05 -2.86054E-05 
2.59043E-05 -2.46221E-05 
2.26684E-05 -2.15413E-05 
2.06302E-05 -1.95994E-05 
1.97820E-05 -1.87886E-05 
1.91080E-05 -1.81435E-05 
1.76039E-05 -1.67106E-05 
4.98895E-04 -4.60525E-04 
4.20200E-04 -3.88380E-04 
3.48213E-04 -3.22257E-04 
2.91696E-04 -2.70256E-04 
2.42709E-04 -2.25139E-04 
2.00525E-04 -1.86262E-04 
1.64775E-04 -1.53305E-04 
1.41166E-04 -1.31530E-04 
1.34875E-04 -1.25725E-04 
1.08681E-04 -1.01543E-04 
8.77597E-05 -8.21987E-05 
7.12041E-05 -6.68514E-05 
5.81892E-05 -5.47468E-05 
4.80952E-05 -4.53268E-05 
4.01084E-05 -3.78484E-05 
3.36864E-05 -3.18172E-05 
2.84734E-05 -2.69085E-05 
2.41986E-05 -2.28749E-05 
2.06618E-05 -1.95327E-05 
1.77207E-05 -1.67510E-05 
1.53038E-05 -1.44637E-05 
1.34409E-05 -1.27001E-05 
1.22788E-05 -1.15991E-05 
1.18187E-05 -1.11615E-05 
1.14639E-05 -1.08238E-05 
1.06154E-05 -1.00207E-05 
3.47065E-04 -3.18190E-04 
2.90432E-04 -2.66475E-04 
2.39193E-04 -2.19635E-04 
1.99404E-04 -1.83219E-04 
1.65062E-04 -1.51786E-04 
1.35531E-04 -1.24764E-04 
1.10532E-04 -1.01903E-04 
9.40947E-05 -8.68802E-05 
8.97194E-05 -8.28800E-05 
7.15550E-05 -6.62731E-05 
5.72701E-05 -5.32034E-05 
4.60747E-05 -4.29327E-05 
3.73714E-05 -3.49179E-05 
3.07093E-05 -2.87579E-05 
2.55196E-05 -2.39401E-05 
2.13998E-05 -2.01015E-05 
1.80978E-05 -1.70149E-05 
1.54156E-05 -1.45012E-05 
1.32087E-05 -1.24290E-05 
1.13790E-05 -1.07086E-05 
9.87674E-06 -9.29504E-06 
8.72113E-06 -8.20715E-06 
8.01074E-06 -7.53803E-06 
7.75248E-06 -7.29433E-06 
7.56093E-06 -7.11369E-06 
7.04025E-06 -6.62406E-06 
---
