PdfType: replica
Format: lhagrid1
---
1.00000E-06 1.28121E-06 1.64152E-06 2.10317E-06 2.69463E-06 3.45242E-06 4.42329E-06 5.66715E-06 7.26076E-06 9.30241E-06 1.19180E-05 1.52689E-05 1.95617E-05 2.50609E-05 3.21053E-05 4.11287E-05 5.26863E-05 6.74889E-05 8.64459E-05 1.10720E-04 1.41800E-04 1.81585E-04 2.32503E-04 2.97652E-04 3.80981E-04 4.87518E-04 6.26039E-04 8.00452E-04 1.02297E-03 1.30657E-03 1.66759E-03 2.12729E-03 2.71054E-03 3.44865E-03 4.37927E-03 5.54908E-03 7.01192E-03 8.83064E-03 1.10763E-02 1.38266E-02 1.71641E-02 2.11717E-02 2.59364E-02 3.15062E-02 3.79623E-02 4.53425E-02 5.36750E-02 6.29705E-02 7.32221E-02 8.44039E-02 9.64793E-02 1.09332E-01 1.23067E-01 1.37507E-01 1.52639E-01 1.68416E-01 1.84794E-01 2.01731E-01 2.19016E-01 2.36948E-01 2.55242E-01 2.73927E-01 2.92954E-01 3.12340E-01 3.32036E-01 3.52019E-01 3.72282E-01 3.92772E-01 4.13533E-01 4.34326E-01 4.55495E-01 4.76836E-01 4.98342E-01 5.20006E-01 5.41818E-01 5.63773E-01 5.85861E-01 6.08077E-01 6.30459E-01 6.52800E-01 6.75387E-01 6.98063E-01 7.20830E-01 7.43683E-01 7.66623E-01 7.89636E-01 8.12791E-01 8.35940E-01 8.59175E-01 8.82485E-01 9.05866E-01 9.29311E-01 9.52817E-01 9.76387E-01 1.00000E+00 
1.14018E+00 1.22539E+00 1.32482E+00 1.44156E+00 1.57954E+00 1.74381E+00 1.94091E+00 2.12132E+00 2.17945E+00 2.49622E+00 2.89383E+00 3.39925E+00 4.05063E+00 4.90286E+00 6.03623E+00 7.57063E+00 9.68869E+00 1.26749E+01 1.69835E+01 2.33578E+01 3.30501E+01 4.82334E+01 7.28041E+01 1.13998E+02 1.85779E+02 3.16228E+02 
908 909 
-1.51012E-04 -5.08246E-05 
-1.53432E-04 -5.17909E-05 
-1.56083E-04 -5.33935E-05 
-1.58475E-04 -5.45432E-05 
-1.60962E-04 -5.57720E-05 
-1.63561E-04 -5.70983E-05 
-1.66294E-04 -5.85427E-05 
-1.68520E-04 -5.97555E-05 
-1.69191E-04 -6.01276E-05 
-1.72539E-04 -6.20214E-05 
-1.76174E-04 -6.41381E-05 
-1.80163E-04 -6.65104E-05 
-1.84586E-04 -6.91718E-05 
-1.90316E-04 -7.20730E-05 
-1.96484E-04 -7.54960E-05 
-2.03492E-04 -7.93180E-05 
-2.11496E-04 -8.35794E-05 
-2.20685E-04 -8.83249E-05 
-2.31311E-04 -9.36136E-05 
-2.43784E-04 -9.95567E-05 
-2.59023E-04 -1.06461E-04 
-2.79609E-04 -1.15302E-04 
-3.12118E-04 -1.28655E-04 
-3.65318E-04 -1.49820E-04 
-4.35276E-04 -1.76606E-04 
-5.04399E-04 -2.01329E-04 
-1.60919E-04 -5.38954E-05 
-1.63523E-04 -5.49243E-05 
-1.66431E-04 -5.66862E-05 
-1.69032E-04 -5.79219E-05 
-1.71738E-04 -5.92477E-05 
-1.74569E-04 -6.06836E-05 
-1.77552E-04 -6.22520E-05 
-1.79984E-04 -6.35714E-05 
-1.80719E-04 -6.39766E-05 
-1.84387E-04 -6.60399E-05 
-1.88379E-04 -6.83467E-05 
-1.92770E-04 -7.09303E-05 
-1.97648E-04 -7.38243E-05 
-2.03924E-04 -7.69206E-05 
-2.10713E-04 -8.06018E-05 
-2.18425E-04 -8.47011E-05 
-2.27225E-04 -8.92578E-05 
-2.37316E-04 -9.43143E-05 
-2.48966E-04 -9.99276E-05 
-2.62614E-04 -1.06209E-04 
-2.79246E-04 -1.13474E-04 
-3.01646E-04 -1.22742E-04 
-3.36926E-04 -1.36705E-04 
-3.94566E-04 -1.58783E-04 
-4.70258E-04 -1.86593E-04 
-5.44873E-04 -2.12034E-04 
-1.71445E-04 -5.71279E-05 
-1.74239E-04 -5.82297E-05 
-1.77441E-04 -6.01553E-05 
-1.80261E-04 -6.14903E-05 
-1.83198E-04 -6.29271E-05 
-1.86275E-04 -6.44877E-05 
-1.89523E-04 -6.61958E-05 
-1.92177E-04 -6.76346E-05 
-1.92980E-04 -6.80766E-05 
-1.96994E-04 -7.03278E-05 
-2.01374E-04 -7.28433E-05 
-2.06203E-04 -7.56569E-05 
-2.11578E-04 -7.88014E-05 
-2.18444E-04 -8.20994E-05 
-2.25906E-04 -8.60519E-05 
-2.34379E-04 -9.04403E-05 
-2.44041E-04 -9.53016E-05 
-2.55105E-04 -1.00676E-04 
-2.67858E-04 -1.06616E-04 
-2.82767E-04 -1.13234E-04 
-3.00887E-04 -1.20854E-04 
-3.25219E-04 -1.30536E-04 
-3.63441E-04 -1.45086E-04 
-4.25787E-04 -1.68032E-04 
-5.07540E-04 -1.96783E-04 
-5.87930E-04 -2.22825E-04 
-1.82570E-04 -6.05903E-05 
-1.85566E-04 -6.17735E-05 
-1.89096E-04 -6.38685E-05 
-1.92150E-04 -6.53136E-05 
-1.95334E-04 -6.68736E-05 
-1.98677E-04 -6.85718E-05 
-2.02214E-04 -7.04336E-05 
-2.05110E-04 -7.20029E-05 
-2.05987E-04 -7.24850E-05 
-2.10379E-04 -7.49402E-05 
-2.15185E-04 -7.76808E-05 
-2.20495E-04 -8.07401E-05 
-2.26415E-04 -8.41501E-05 
-2.33919E-04 -8.76528E-05 
-2.42114E-04 -9.18863E-05 
-2.51413E-04 -9.65715E-05 
-2.62006E-04 -1.01743E-04 
-2.74122E-04 -1.07436E-04 
-2.88061E-04 -1.13701E-04 
-3.04320E-04 -1.20647E-04 
-3.24031E-04 -1.28606E-04 
-3.50418E-04 -1.38678E-04 
-3.91767E-04 -1.53773E-04 
-4.59103E-04 -1.77508E-04 
-5.47262E-04 -2.07074E-04 
-6.33714E-04 -2.33560E-04 
-1.94302E-04 -6.43376E-05 
-1.97514E-04 -6.56090E-05 
-2.01409E-04 -6.78796E-05 
-2.04716E-04 -6.94439E-05 
-2.08170E-04 -7.11369E-05 
-2.11804E-04 -7.29839E-05 
-2.15656E-04 -7.50112E-05 
-2.18818E-04 -7.67207E-05 
-2.19776E-04 -7.72458E-05 
-2.24586E-04 -7.99189E-05 
-2.29860E-04 -8.28983E-05 
-2.35701E-04 -8.62166E-05 
-2.42222E-04 -8.99042E-05 
-2.50414E-04 -9.36109E-05 
-2.59405E-04 -9.81316E-05 
-2.69601E-04 -1.03118E-04 
-2.81202E-04 -1.08599E-04 
-2.94451E-04 -1.14609E-04 
-3.09664E-04 -1.21191E-04 
-3.27369E-04 -1.28450E-04 
-3.48773E-04 -1.36726E-04 
-3.77345E-04 -1.47152E-04 
-4.22009E-04 -1.62729E-04 
-4.94632E-04 -1.87138E-04 
-5.89550E-04 -2.17348E-04 
-6.82347E-04 -2.44082E-04 
-2.06675E-04 -6.84129E-05 
-2.10121E-04 -6.97772E-05 
-2.14418E-04 -7.22298E-05 
-2.18002E-04 -7.39201E-05 
-2.21752E-04 -7.57545E-05 
-2.25704E-04 -7.77594E-05 
-2.29905E-04 -7.99624E-05 
-2.33359E-04 -8.18204E-05 
-2.34408E-04 -8.23910E-05 
-2.39678E-04 -8.52938E-05 
-2.45471E-04 -8.85237E-05 
-2.51896E-04 -9.21117E-05 
-2.59079E-04 -9.60862E-05 
-2.68015E-04 -9.99925E-05 
-2.77871E-04 -1.04803E-04 
-2.89037E-04 -1.10091E-04 
-3.01727E-04 -1.15880E-04 
-3.16193E-04 -1.22197E-04 
-3.32771E-04 -1.29082E-04 
-3.52017E-04 -1.36635E-04 
-3.75221E-04 -1.45196E-04 
-4.06107E-04 -1.55928E-04 
-4.54281E-04 -1.71903E-04 
-5.32491E-04 -1.96836E-04 
-6.34519E-04 -2.27473E-04 
-7.33929E-04 -2.54219E-04 
-2.19742E-04 -7.28483E-05 
-2.23442E-04 -7.43087E-05 
-2.28182E-04 -7.69483E-05 
-2.32070E-04 -7.87698E-05 
-2.36145E-04 -8.07520E-05 
-2.40448E-04 -8.29227E-05 
-2.45032E-04 -8.53101E-05 
-2.48811E-04 -8.73237E-05 
-2.49959E-04 -8.79419E-05 
-2.55737E-04 -9.10845E-05 
-2.62102E-04 -9.45745E-05 
-2.69172E-04 -9.84408E-05 
-2.77081E-04 -1.02709E-04 
-2.86817E-04 -1.06806E-04 
-2.97610E-04 -1.11908E-04 
-3.09825E-04 -1.17492E-04 
-3.23685E-04 -1.23581E-04 
-3.39457E-04 -1.30194E-04 
-3.57492E-04 -1.37363E-04 
-3.78377E-04 -1.45181E-04 
-4.03485E-04 -1.53988E-04 
-4.36815E-04 -1.64966E-04 
-4.88689E-04 -1.81234E-04 
-5.72781E-04 -2.06504E-04 
-6.82256E-04 -2.37304E-04 
-7.88526E-04 -2.63787E-04 
-2.33571E-04 -7.76671E-05 
-2.37547E-04 -7.92257E-05 
-2.42775E-04 -8.20546E-05 
-2.46996E-04 -8.40111E-05 
-2.51427E-04 -8.61465E-05 
-2.56117E-04 -8.84895E-05 
-2.61124E-04 -9.10688E-05 
-2.65260E-04 -9.32441E-05 
-2.66518E-04 -9.39118E-05 
-2.72857E-04 -9.73028E-05 
-2.79851E-04 -1.01061E-04 
-2.87629E-04 -1.05211E-04 
-2.96334E-04 -1.09777E-04 
-3.06928E-04 -1.14054E-04 
-3.18733E-04 -1.19442E-04 
-3.32076E-04 -1.25318E-04 
-3.47192E-04 -1.31695E-04 
-3.64358E-04 -1.38585E-04 
-3.83943E-04 -1.46012E-04 
-4.06562E-04 -1.54061E-04 
-4.33679E-04 -1.63067E-04 
-4.69576E-04 -1.74218E-04 
-5.25336E-04 -1.90653E-04 
-6.15590E-04 -2.16034E-04 
-7.32829E-04 -2.46684E-04 
-8.46174E-04 -2.72585E-04 
-2.48243E-04 -8.28869E-05 
-2.52518E-04 -8.45447E-05 
-2.58282E-04 -8.75608E-05 
-2.62867E-04 -8.96549E-05 
-2.67690E-04 -9.19479E-05 
-2.72804E-04 -9.44690E-05 
-2.78276E-04 -9.72467E-05 
-2.82804E-04 -9.95890E-05 
-2.84182E-04 -1.00308E-04 
-2.91137E-04 -1.03954E-04 
-2.98822E-04 -1.07986E-04 
-3.07375E-04 -1.12425E-04 
-3.16949E-04 -1.17289E-04 
-3.28460E-04 -1.21729E-04 
-3.41353E-04 -1.27398E-04 
-3.55905E-04 -1.33554E-04 
-3.72362E-04 -1.40204E-04 
-3.91013E-04 -1.47349E-04 
-4.12238E-04 -1.55003E-04 
-4.36686E-04 -1.63240E-04 
-4.65910E-04 -1.72388E-04 
-5.04494E-04 -1.83628E-04 
-5.64312E-04 -2.00078E-04 
-6.60992E-04 -2.25305E-04 
-7.86278E-04 -2.55441E-04 
-9.06873E-04 -2.80397E-04 
-2.63845E-04 -8.85211E-05 
-2.68443E-04 -9.02786E-05 
-2.74798E-04 -9.34731E-05 
-2.79780E-04 -9.57069E-05 
-2.85029E-04 -9.81612E-05 
-2.90607E-04 -1.00865E-04 
-2.96588E-04 -1.03847E-04 
-3.01545E-04 -1.06361E-04 
-3.03056E-04 -1.07132E-04 
-3.10685E-04 -1.11040E-04 
-3.19125E-04 -1.15349E-04 
-3.28523E-04 -1.20078E-04 
-3.39042E-04 -1.25239E-04 
-3.51527E-04 -1.29822E-04 
-3.65586E-04 -1.35763E-04 
-3.81431E-04 -1.42185E-04 
-3.99315E-04 -1.49086E-04 
-4.19537E-04 -1.56458E-04 
-4.42493E-04 -1.64301E-04 
-4.68860E-04 -1.72678E-04 
-5.00286E-04 -1.81900E-04 
-5.41665E-04 -1.93128E-04 
-6.05700E-04 -2.09420E-04 
-7.09038E-04 -2.34185E-04 
-8.42613E-04 -2.63387E-04 
-9.70588E-04 -2.86986E-04 
-2.80469E-04 -9.45810E-05 
-2.85415E-04 -9.64385E-05 
-2.92420E-04 -9.97939E-05 
-2.97832E-04 -1.02169E-04 
-3.03544E-04 -1.04788E-04 
-3.09628E-04 -1.07680E-04 
-3.16164E-04 -1.10871E-04 
-3.21591E-04 -1.13560E-04 
-3.23246E-04 -1.14384E-04 
-3.31610E-04 -1.18557E-04 
-3.40871E-04 -1.23147E-04 
-3.51187E-04 -1.28165E-04 
-3.62728E-04 -1.33618E-04 
-3.76246E-04 -1.38320E-04 
-3.91550E-04 -1.44519E-04 
-4.08768E-04 -1.51189E-04 
-4.28163E-04 -1.58316E-04 
-4.50044E-04 -1.65879E-04 
-4.74817E-04 -1.73867E-04 
-5.03189E-04 -1.82325E-04 
-5.36903E-04 -1.91545E-04 
-5.81177E-04 -2.02647E-04 
-6.49566E-04 -2.18579E-04 
-7.59761E-04 -2.42525E-04 
-9.01815E-04 -2.70316E-04 
-1.03724E-03 -2.92095E-04 
-2.98212E-04 -1.01077E-04 
-3.03530E-04 -1.03035E-04 
-3.11252E-04 -1.06523E-04 
-3.17126E-04 -1.09040E-04 
-3.23341E-04 -1.11827E-04 
-3.29972E-04 -1.14911E-04 
-3.37112E-04 -1.18316E-04 
-3.43048E-04 -1.21184E-04 
-3.44859E-04 -1.22062E-04 
-3.54023E-04 -1.26503E-04 
-3.64175E-04 -1.31372E-04 
-3.75483E-04 -1.36677E-04 
-3.88126E-04 -1.42414E-04 
-4.02732E-04 -1.47204E-04 
-4.19358E-04 -1.53646E-04 
-4.38032E-04 -1.60541E-04 
-4.59023E-04 -1.67862E-04 
-4.82645E-04 -1.75577E-04 
-5.09317E-04 -1.83657E-04 
-5.39773E-04 -1.92129E-04 
-5.75853E-04 -2.01259E-04 
-6.23105E-04 -2.12104E-04 
-6.95962E-04 -2.27445E-04 
-8.13169E-04 -2.50168E-04 
-9.63831E-04 -2.76002E-04 
-1.10671E-03 -2.95447E-04 
-3.17172E-04 -1.08021E-04 
-3.22887E-04 -1.10081E-04 
-3.31395E-04 -1.13657E-04 
-3.37767E-04 -1.16319E-04 
-3.44522E-04 -1.19277E-04 
-3.51746E-04 -1.22556E-04 
-3.59538E-04 -1.26178E-04 
-3.66026E-04 -1.29227E-04 
-3.68007E-04 -1.30160E-04 
-3.78034E-04 -1.34870E-04 
-3.89149E-04 -1.40018E-04 
-4.01527E-04 -1.45602E-04 
-4.15352E-04 -1.51611E-04 
-4.31098E-04 -1.56455E-04 
-4.49125E-04 -1.63120E-04 
-4.69334E-04 -1.70212E-04 
-4.92001E-04 -1.77692E-04 
-5.17445E-04 -1.85510E-04 
-5.46092E-04 -1.93621E-04 
-5.78703E-04 -2.02032E-04 
-6.17214E-04 -2.10971E-04 
-6.67511E-04 -2.21410E-04 
-7.44921E-04 -2.35900E-04 
-8.69243E-04 -2.56936E-04 
-1.02857E-03 -2.80201E-04 
-1.17883E-03 -2.96736E-04 
-3.37449E-04 -1.15424E-04 
-3.43585E-04 -1.17586E-04 
-3.52955E-04 -1.21191E-04 
-3.59858E-04 -1.23999E-04 
-3.67193E-04 -1.27131E-04 
-3.75055E-04 -1.30610E-04 
-3.83551E-04 -1.34453E-04 
-3.90634E-04 -1.37685E-04 
-3.92798E-04 -1.38673E-04 
-4.03757E-04 -1.43651E-04 
-4.15907E-04 -1.49072E-04 
-4.29431E-04 -1.54925E-04 
-4.44520E-04 -1.61192E-04 
-4.61454E-04 -1.66050E-04 
-4.80958E-04 -1.72914E-04 
-5.02781E-04 -1.80171E-04 
-5.27200E-04 -1.87765E-04 
-5.54540E-04 -1.95632E-04 
-5.85231E-04 -2.03706E-04 
-6.20058E-04 -2.11969E-04 
-6.61053E-04 -2.20604E-04 
-7.14442E-04 -2.30471E-04 
-7.96454E-04 -2.43812E-04 
-9.27935E-04 -2.62638E-04 
-1.09590E-03 -2.82645E-04 
-1.25338E-03 -2.95637E-04 
-3.59147E-04 -1.23297E-04 
-3.65726E-04 -1.25565E-04 
-3.76037E-04 -1.29116E-04 
-3.83506E-04 -1.32073E-04 
-3.91461E-04 -1.35384E-04 
-4.00006E-04 -1.39066E-04 
-4.09258E-04 -1.43133E-04 
-4.16980E-04 -1.46548E-04 
-4.19341E-04 -1.47591E-04 
-4.31300E-04 -1.52834E-04 
-4.44560E-04 -1.58521E-04 
-4.59309E-04 -1.64632E-04 
-4.75742E-04 -1.71136E-04 
-4.93908E-04 -1.75964E-04 
-5.14963E-04 -1.82999E-04 
-5.38473E-04 -1.90383E-04 
-5.64718E-04 -1.98042E-04 
-5.94021E-04 -2.05895E-04 
-6.26815E-04 -2.13853E-04 
-6.63907E-04 -2.21870E-04 
-7.07422E-04 -2.30077E-04 
-7.63925E-04 -2.39184E-04 
-8.50549E-04 -2.51044E-04 
-9.89161E-04 -2.67071E-04 
-1.16563E-03 -2.83046E-04 
-1.33007E-03 -2.91799E-04 
-3.82372E-04 -1.31652E-04 
-3.89416E-04 -1.34031E-04 
-4.00750E-04 -1.37420E-04 
-4.08817E-04 -1.40531E-04 
-4.17432E-04 -1.44024E-04 
-4.26707E-04 -1.47915E-04 
-4.36768E-04 -1.52208E-04 
-4.45176E-04 -1.55806E-04 
-4.47747E-04 -1.56903E-04 
-4.60776E-04 -1.62408E-04 
-4.75220E-04 -1.68352E-04 
-4.91272E-04 -1.74703E-04 
-5.09129E-04 -1.81421E-04 
-5.28562E-04 -1.86170E-04 
-5.51239E-04 -1.93344E-04 
-5.76507E-04 -2.00810E-04 
-6.04643E-04 -2.08478E-04 
-6.35968E-04 -2.16245E-04 
-6.70915E-04 -2.23999E-04 
-7.10307E-04 -2.31663E-04 
-7.56358E-04 -2.39300E-04 
-8.15972E-04 -2.47441E-04 
-9.07169E-04 -2.57446E-04 
-1.05280E-03 -2.70013E-04 
-1.23754E-03 -2.81099E-04 
-1.40855E-03 -2.84850E-04 
-4.07234E-04 -1.40497E-04 
-4.14764E-04 -1.42994E-04 
-4.27201E-04 -1.46086E-04 
-4.35899E-04 -1.49356E-04 
-4.45213E-04 -1.53039E-04 
-4.55266E-04 -1.57142E-04 
-4.66190E-04 -1.61664E-04 
-4.75328E-04 -1.65446E-04 
-4.78124E-04 -1.66597E-04 
-4.92293E-04 -1.72357E-04 
-5.07995E-04 -1.78545E-04 
-5.25426E-04 -1.85118E-04 
-5.44785E-04 -1.92021E-04 
-5.65512E-04 -1.96638E-04 
-5.89879E-04 -2.03914E-04 
-6.16968E-04 -2.11413E-04 
-6.47055E-04 -2.19025E-04 
-6.80451E-04 -2.26626E-04 
-7.17587E-04 -2.34080E-04 
-7.59296E-04 -2.41270E-04 
-8.07878E-04 -2.48184E-04 
-8.70566E-04 -2.55128E-04 
-9.66243E-04 -2.62863E-04 
-1.11869E-03 -2.71233E-04 
-1.31131E-03 -2.76480E-04 
-1.48840E-03 -2.74401E-04 
-4.33847E-04 -1.49841E-04 
-4.41883E-04 -1.52467E-04 
-4.55499E-04 -1.55091E-04 
-4.64860E-04 -1.58530E-04 
-4.74913E-04 -1.62411E-04 
-4.85790E-04 -1.66732E-04 
-4.97631E-04 -1.71486E-04 
-5.07546E-04 -1.75450E-04 
-5.10580E-04 -1.76655E-04 
-5.25958E-04 -1.82663E-04 
-5.42991E-04 -1.89081E-04 
-5.61876E-04 -1.95853E-04 
-5.82809E-04 -2.02912E-04 
-6.04849E-04 -2.07341E-04 
-6.30966E-04 -2.14676E-04 
-6.59935E-04 -2.22151E-04 
-6.92021E-04 -2.29637E-04 
-7.27527E-04 -2.36983E-04 
-7.66872E-04 -2.44027E-04 
-8.10898E-04 -2.50612E-04 
-8.61982E-04 -2.56634E-04 
-9.27668E-04 -2.62129E-04 
-1.02767E-03 -2.67135E-04 
-1.18661E-03 -2.70490E-04 
-1.38660E-03 -2.68852E-04 
-1.56910E-03 -2.60050E-04 
-4.62329E-04 -1.59687E-04 
-4.70890E-04 -1.62456E-04 
-4.85754E-04 -1.64404E-04 
-4.95806E-04 -1.68026E-04 
-5.06637E-04 -1.72116E-04 
-5.18385E-04 -1.76665E-04 
-5.31197E-04 -1.81655E-04 
-5.41933E-04 -1.85802E-04 
-5.45220E-04 -1.87059E-04 
-5.61875E-04 -1.93308E-04 
-5.80310E-04 -1.99941E-04 
-6.00719E-04 -2.06888E-04 
-6.23295E-04 -2.14068E-04 
-6.46651E-04 -2.18249E-04 
-6.74575E-04 -2.25597E-04 
-7.05473E-04 -2.32987E-04 
-7.39598E-04 -2.40265E-04 
-7.77237E-04 -2.47258E-04 
-8.18795E-04 -2.53774E-04 
-8.65114E-04 -2.59609E-04 
-9.18641E-04 -2.64556E-04 
-9.87212E-04 -2.68326E-04 
-1.09131E-03 -2.70096E-04 
-1.25629E-03 -2.67537E-04 
-1.46296E-03 -2.57872E-04 
-1.65004E-03 -2.41391E-04 
-4.92804E-04 -1.70033E-04 
-5.01907E-04 -1.72967E-04 
-5.18070E-04 -1.73990E-04 
-5.28843E-04 -1.77812E-04 
-5.40489E-04 -1.82127E-04 
-5.53154E-04 -1.86916E-04 
-5.66988E-04 -1.92149E-04 
-5.78590E-04 -1.96481E-04 
-5.82142E-04 -1.97790E-04 
-6.00139E-04 -2.04274E-04 
-6.20043E-04 -2.11105E-04 
-6.42043E-04 -2.18201E-04 
-6.66324E-04 -2.25465E-04 
-6.90988E-04 -2.29341E-04 
-7.20767E-04 -2.36650E-04 
-7.53634E-04 -2.43884E-04 
-7.89825E-04 -2.50867E-04 
-8.29605E-04 -2.57398E-04 
-8.73359E-04 -2.63255E-04 
-9.21925E-04 -2.68186E-04 
-9.77804E-04 -2.71858E-04 
-1.04910E-03 -2.73603E-04 
-1.15697E-03 -2.71584E-04 
-1.32740E-03 -2.62126E-04 
-1.53985E-03 -2.43194E-04 
-1.73052E-03 -2.18019E-04 
-5.25398E-04 -1.80875E-04 
-5.35059E-04 -1.84002E-04 
-5.52552E-04 -1.83805E-04 
-5.64071E-04 -1.87855E-04 
-5.76569E-04 -1.92418E-04 
-5.90194E-04 -1.97464E-04 
-6.05100E-04 -2.02952E-04 
-6.17611E-04 -2.07471E-04 
-6.21441E-04 -2.08832E-04 
-6.40843E-04 -2.15546E-04 
-6.62277E-04 -2.22561E-04 
-6.85928E-04 -2.29779E-04 
-7.11970E-04 -2.37088E-04 
-7.37915E-04 -2.40601E-04 
-7.69592E-04 -2.47814E-04 
-8.04457E-04 -2.54816E-04 
-8.42726E-04 -2.61405E-04 
-8.84638E-04 -2.67355E-04 
-9.30552E-04 -2.72412E-04 
-9.81289E-04 -2.76269E-04 
-1.03939E-03 -2.78452E-04 
-1.11319E-03 -2.77850E-04 
-1.22444E-03 -2.71441E-04 
-1.39956E-03 -2.54013E-04 
-1.61667E-03 -2.24480E-04 
-1.80972E-03 -1.89545E-04 
-5.60237E-04 -1.92202E-04 
-5.70470E-04 -1.95558E-04 
-5.89289E-04 -1.93804E-04 
-6.01580E-04 -1.98119E-04 
-6.14962E-04 -2.02961E-04 
-6.29589E-04 -2.08288E-04 
-6.45617E-04 -2.14047E-04 
-6.59075E-04 -2.18760E-04 
-6.63195E-04 -2.20176E-04 
-6.84060E-04 -2.27116E-04 
-7.07082E-04 -2.34302E-04 
-7.32436E-04 -2.41616E-04 
-7.60284E-04 -2.48930E-04 
-7.87469E-04 -2.52028E-04 
-8.21075E-04 -2.59080E-04 
-8.57957E-04 -2.65763E-04 
-8.98302E-04 -2.71851E-04 
-9.42318E-04 -2.77090E-04 
-9.90328E-04 -2.81193E-04 
-1.04313E-03 -2.83794E-04 
-1.10330E-03 -2.84260E-04 
-1.17933E-03 -2.80964E-04 
-1.29344E-03 -2.69519E-04 
-1.47229E-03 -2.42967E-04 
-1.69270E-03 -2.01409E-04 
-1.88670E-03 -1.55607E-04 
-5.97446E-04 -2.04001E-04 
-6.08266E-04 -2.07636E-04 
-6.28363E-04 -2.03943E-04 
-6.41445E-04 -2.08572E-04 
-6.55744E-04 -2.13736E-04 
-6.71413E-04 -2.19377E-04 
-6.88606E-04 -2.25431E-04 
-7.03050E-04 -2.30351E-04 
-7.07472E-04 -2.31823E-04 
-7.29852E-04 -2.38994E-04 
-7.54514E-04 -2.46338E-04 
-7.81617E-04 -2.53723E-04 
-8.11309E-04 -2.61002E-04 
-8.39670E-04 -2.63637E-04 
-8.75230E-04 -2.70457E-04 
-9.14134E-04 -2.76726E-04 
-9.56537E-04 -2.82192E-04 
-1.00261E-03 -2.86577E-04 
-1.05263E-03 -2.89559E-04 
-1.10736E-03 -2.90709E-04 
-1.16937E-03 -2.89213E-04 
-1.24730E-03 -2.82856E-04 
-1.36363E-03 -2.65682E-04 
-1.54506E-03 -2.28775E-04 
-1.76713E-03 -1.73689E-04 
-1.96039E-03 -1.15884E-04 
-6.37147E-04 -2.16259E-04 
-6.48566E-04 -2.20235E-04 
-6.69830E-04 -2.14188E-04 
-6.83724E-04 -2.19196E-04 
-6.98969E-04 -2.24736E-04 
-7.15718E-04 -2.30737E-04 
-7.34120E-04 -2.37121E-04 
-7.49583E-04 -2.42265E-04 
-7.54317E-04 -2.43796E-04 
-7.78262E-04 -2.51206E-04 
-8.04608E-04 -2.58702E-04 
-8.33500E-04 -2.66133E-04 
-8.65064E-04 -2.73333E-04 
-8.94521E-04 -2.75469E-04 
-9.32048E-04 -2.81974E-04 
-9.72968E-04 -2.87720E-04 
-1.01739E-03 -2.92432E-04 
-1.06545E-03 -2.95804E-04 
-1.11736E-03 -2.97484E-04 
-1.17384E-03 -2.96974E-04 
-1.23746E-03 -2.93259E-04 
-1.31686E-03 -2.83451E-04 
-1.43466E-03 -2.59816E-04 
-1.61725E-03 -2.11250E-04 
-1.83902E-03 -1.41067E-04 
-2.02961E-03 -7.01162E-05 
-6.79448E-04 -2.28969E-04 
-6.91483E-04 -2.33363E-04 
-7.13720E-04 -2.24521E-04 
-7.28445E-04 -2.29993E-04 
-7.44666E-04 -2.35981E-04 
-7.62531E-04 -2.42401E-04 
-7.82182E-04 -2.49158E-04 
-7.98699E-04 -2.54551E-04 
-8.03755E-04 -2.56147E-04 
-8.29309E-04 -2.63811E-04 
-8.57381E-04 -2.71454E-04 
-8.88094E-04 -2.78906E-04 
-9.21549E-04 -2.85981E-04 
-9.52004E-04 -2.87592E-04 
-9.91505E-04 -2.93686E-04 
-1.03442E-03 -2.98786E-04 
-1.08081E-03 -3.02592E-04 
-1.13075E-03 -3.04778E-04 
-1.18441E-03 -3.04958E-04 
-1.24244E-03 -3.02565E-04 
-1.30734E-03 -2.96359E-04 
-1.38773E-03 -2.82694E-04 
-1.50608E-03 -2.51829E-04 
-1.68817E-03 -1.90242E-04 
-1.90737E-03 -1.03348E-04 
-2.09304E-03 -1.81221E-05 
-7.24443E-04 -2.42133E-04 
-7.37111E-04 -2.47041E-04 
-7.60028E-04 -2.34962E-04 
-7.75604E-04 -2.41001E-04 
-7.92831E-04 -2.47528E-04 
-8.11849E-04 -2.54439E-04 
-8.32792E-04 -2.61626E-04 
-8.50396E-04 -2.67299E-04 
-8.55782E-04 -2.68967E-04 
-8.82991E-04 -2.76904E-04 
-9.12826E-04 -2.84692E-04 
-9.45388E-04 -2.92137E-04 
-9.80750E-04 -2.99036E-04 
-1.01208E-03 -3.00108E-04 
-1.05356E-03 -3.05676E-04 
-1.09844E-03 -3.09985E-04 
-1.14673E-03 -3.12716E-04 
-1.19843E-03 -3.13520E-04 
-1.25366E-03 -3.11985E-04 
-1.31298E-03 -3.07470E-04 
-1.37881E-03 -2.98489E-04 
-1.45961E-03 -2.80545E-04 
-1.57744E-03 -2.41655E-04 
-1.75707E-03 -1.65644E-04 
-1.97102E-03 -6.04058E-05 
-2.14923E-03 4.01795E-05 
-7.72968E-04 -2.55991E-04 
-7.86304E-04 -2.61540E-04 
-8.09473E-04 -2.45744E-04 
-8.25941E-04 -2.52491E-04 
-8.44226E-04 -2.59675E-04 
-8.64459E-04 -2.67176E-04 
-8.86760E-04 -2.74868E-04 
-9.05504E-04 -2.80863E-04 
-9.11237E-04 -2.82612E-04 
-9.40173E-04 -2.90849E-04 
-9.71839E-04 -2.98776E-04 
-1.00631E-03 -3.06180E-04 
-1.04362E-03 -3.12834E-04 
-1.07571E-03 -3.13359E-04 
-1.11918E-03 -3.18250E-04 
-1.16601E-03 -3.21582E-04 
-1.21613E-03 -3.23018E-04 
-1.26948E-03 -3.22197E-04 
-1.32608E-03 -3.18678E-04 
-1.38641E-03 -3.11748E-04 
-1.45275E-03 -2.99646E-04 
-1.53329E-03 -2.76915E-04 
-1.64931E-03 -2.29046E-04 
-1.82411E-03 -1.36932E-04 
-2.02961E-03 -1.14111E-05 
-2.19731E-03 1.05797E-04 
-8.23559E-04 -2.70169E-04 
-8.37588E-04 -2.76483E-04 
-8.60418E-04 -2.56675E-04 
-8.77801E-04 -2.64271E-04 
-8.97174E-04 -2.72229E-04 
-9.18654E-04 -2.80412E-04 
-9.42348E-04 -2.88675E-04 
-9.62257E-04 -2.95024E-04 
-9.68344E-04 -2.96862E-04 
-9.99034E-04 -3.05413E-04 
-1.03255E-03 -3.13462E-04 
-1.06893E-03 -3.20775E-04 
-1.10817E-03 -3.27104E-04 
-1.14086E-03 -3.27101E-04 
-1.18629E-03 -3.31150E-04 
-1.23498E-03 -3.33314E-04 
-1.28679E-03 -3.33246E-04 
-1.34158E-03 -3.30575E-04 
-1.39928E-03 -3.24844E-04 
-1.46026E-03 -3.15265E-04 
-1.52662E-03 -2.99784E-04 
-1.60614E-03 -2.71904E-04 
-1.71892E-03 -2.14378E-04 
-1.88633E-03 -1.04998E-04 
-2.07997E-03 4.20508E-05 
-2.23409E-03 1.76500E-04 
-8.76969E-04 -2.84980E-04 
-8.91743E-04 -2.92211E-04 
-9.13461E-04 -2.68160E-04 
-9.31815E-04 -2.76775E-04 
-9.52341E-04 -2.85644E-04 
-9.75140E-04 -2.94615E-04 
-1.00030E-03 -3.03523E-04 
-1.02143E-03 -3.10262E-04 
-1.02788E-03 -3.12193E-04 
-1.06040E-03 -3.21062E-04 
-1.09582E-03 -3.29197E-04 
-1.13415E-03 -3.36342E-04 
-1.17535E-03 -3.42233E-04 
-1.20850E-03 -3.41717E-04 
-1.25587E-03 -3.44707E-04 
-1.30635E-03 -3.45456E-04 
-1.35973E-03 -3.43616E-04 
-1.41575E-03 -3.38816E-04 
-1.47426E-03 -3.30588E-04 
-1.53550E-03 -3.18075E-04 
-1.60133E-03 -2.98906E-04 
-1.67895E-03 -2.65447E-04 
-1.78685E-03 -1.97472E-04 
-1.94388E-03 -6.94743E-05 
-2.12172E-03 1.00532E-04 
-2.25871E-03 2.52913E-04 
-9.33169E-04 -3.00580E-04 
-9.48765E-04 -3.08892E-04 
-9.68385E-04 -2.80554E-04 
-9.87797E-04 -2.90366E-04 
-1.00957E-03 -3.00289E-04 
-1.03379E-03 -3.10150E-04 
-1.06051E-03 -3.19763E-04 
-1.08294E-03 -3.26910E-04 
-1.08979E-03 -3.28936E-04 
-1.12422E-03 -3.38099E-04 
-1.16164E-03 -3.46247E-04 
-1.20198E-03 -3.53106E-04 
-1.24516E-03 -3.58396E-04 
-1.27864E-03 -3.57384E-04 
-1.32793E-03 -3.59038E-04 
-1.38012E-03 -3.58072E-04 
-1.43491E-03 -3.54147E-04 
-1.49193E-03 -3.46901E-04 
-1.55092E-03 -3.35867E-04 
-1.61197E-03 -3.20120E-04 
-1.67666E-03 -2.96954E-04 
-1.75139E-03 -2.57505E-04 
-1.85256E-03 -1.78337E-04 
-1.99581E-03 -3.04757E-05 
-2.15343E-03 1.63726E-04 
-2.26936E-03 3.34484E-04 
-9.92100E-04 -3.17195E-04 
-1.00863E-03 -3.26753E-04 
-1.02493E-03 -2.94350E-04 
-1.04553E-03 -3.05535E-04 
-1.06869E-03 -3.16639E-04 
-1.09447E-03 -3.27468E-04 
-1.12290E-03 -3.37817E-04 
-1.14673E-03 -3.45360E-04 
-1.15400E-03 -3.47472E-04 
-1.19049E-03 -3.56853E-04 
-1.23001E-03 -3.64884E-04 
-1.27245E-03 -3.71278E-04 
-1.31767E-03 -3.75741E-04 
-1.35136E-03 -3.74231E-04 
-1.40256E-03 -3.74204E-04 
-1.45636E-03 -3.71162E-04 
-1.51237E-03 -3.64784E-04 
-1.57012E-03 -3.54735E-04 
-1.62921E-03 -3.40559E-04 
-1.68957E-03 -3.21268E-04 
-1.75242E-03 -2.93806E-04 
-1.82317E-03 -2.47989E-04 
-1.91552E-03 -1.56961E-04 
-2.04119E-03 1.18374E-05 
-2.17366E-03 2.31194E-04 
-2.26429E-03 4.20454E-04 
-1.05377E-03 -3.35154E-04 
-1.07141E-03 -3.46110E-04 
-1.08290E-03 -3.10217E-04 
-1.10489E-03 -3.22924E-04 
-1.12964E-03 -3.35299E-04 
-1.15719E-03 -3.47128E-04 
-1.18753E-03 -3.58184E-04 
-1.21291E-03 -3.66063E-04 
-1.22064E-03 -3.68238E-04 
-1.25938E-03 -3.77681E-04 
-1.30116E-03 -3.85381E-04 
-1.34582E-03 -3.91039E-04 
-1.39315E-03 -3.94360E-04 
-1.42696E-03 -3.92319E-04 
-1.48004E-03 -3.90179E-04 
-1.53535E-03 -3.84620E-04 
-1.59236E-03 -3.75361E-04 
-1.65053E-03 -3.62105E-04 
-1.70928E-03 -3.44423E-04 
-1.76837E-03 -3.21272E-04 
-1.82860E-03 -2.89227E-04 
-1.89414E-03 -2.36707E-04 
-1.97532E-03 -1.33255E-04 
-2.07917E-03 5.73372E-05 
-2.18100E-03 3.02466E-04 
-2.24170E-03 5.09978E-04 
-1.11796E-03 -3.54799E-04 
-1.13693E-03 -3.67263E-04 
-1.14190E-03 -3.28913E-04 
-1.16557E-03 -3.43224E-04 
-1.19220E-03 -3.56884E-04 
-1.22179E-03 -3.69656E-04 
-1.25431E-03 -3.81298E-04 
-1.28143E-03 -3.89373E-04 
-1.28968E-03 -3.91562E-04 
-1.33091E-03 -4.00799E-04 
-1.37517E-03 -4.07836E-04 
-1.42221E-03 -4.12374E-04 
-1.47175E-03 -4.14127E-04 
-1.50563E-03 -4.11471E-04 
-1.56054E-03 -4.06691E-04 
-1.61720E-03 -3.98103E-04 
-1.67497E-03 -3.85479E-04 
-1.73316E-03 -3.68582E-04 
-1.79109E-03 -3.47021E-04 
-1.84826E-03 -3.19710E-04 
-1.90502E-03 -2.82843E-04 
-1.96399E-03 -2.23379E-04 
-2.03143E-03 -1.07135E-04 
-2.10878E-03 1.05717E-04 
-2.17408E-03 3.76677E-04 
-2.19995E-03 6.01658E-04 
-1.18457E-03 -3.76546E-04 
-1.20519E-03 -3.90552E-04 
-1.20171E-03 -3.51318E-04 
-1.22745E-03 -3.67203E-04 
-1.25635E-03 -3.82039E-04 
-1.28836E-03 -3.95568E-04 
-1.32342E-03 -4.07534E-04 
-1.35255E-03 -4.15557E-04 
-1.36139E-03 -4.17679E-04 
-1.40542E-03 -4.26288E-04 
-1.45240E-03 -4.32181E-04 
-1.50202E-03 -4.35070E-04 
-1.55389E-03 -4.34696E-04 
-1.58784E-03 -4.31260E-04 
-1.64452E-03 -4.23216E-04 
-1.70233E-03 -4.11009E-04 
-1.76054E-03 -3.94486E-04 
-1.81831E-03 -3.73486E-04 
-1.87482E-03 -3.47678E-04 
-1.92936E-03 -3.15937E-04 
-1.98168E-03 -2.74071E-04 
-2.03261E-03 -2.07537E-04 
-2.08350E-03 -7.83775E-05 
-2.12930E-03 1.56730E-04 
-2.15167E-03 4.52928E-04 
-2.13761E-03 6.93988E-04 
-1.25351E-03 -4.00798E-04 
-1.27620E-03 -4.16260E-04 
-1.26221E-03 -3.78311E-04 
-1.29055E-03 -3.95569E-04 
-1.32223E-03 -4.11290E-04 
-1.35716E-03 -4.25205E-04 
-1.39520E-03 -4.37048E-04 
-1.42667E-03 -4.44627E-04 
-1.43618E-03 -4.46562E-04 
-1.48340E-03 -4.53927E-04 
-1.53342E-03 -4.58010E-04 
-1.58583E-03 -4.58555E-04 
-1.64014E-03 -4.55348E-04 
-1.67423E-03 -4.50865E-04 
-1.73253E-03 -4.38837E-04 
-1.79124E-03 -4.22359E-04 
-1.84947E-03 -4.01369E-04 
-1.90630E-03 -3.75806E-04 
-1.96073E-03 -3.45408E-04 
-2.01182E-03 -3.09025E-04 
-2.05867E-03 -2.62076E-04 
-2.09996E-03 -1.88510E-04 
-2.13127E-03 -4.66299E-05 
-2.14007E-03 2.10112E-04 
-2.11279E-03 5.30129E-04 
-2.05355E-03 7.85169E-04 
-1.32488E-03 -4.27909E-04 
-1.35020E-03 -4.44564E-04 
-1.32362E-03 -4.10687E-04 
-1.35525E-03 -4.28876E-04 
-1.39036E-03 -4.44951E-04 
-1.42881E-03 -4.58638E-04 
-1.47040E-03 -4.69676E-04 
-1.50458E-03 -4.76241E-04 
-1.51488E-03 -4.77818E-04 
-1.56572E-03 -4.83093E-04 
-1.61911E-03 -4.84492E-04 
-1.67454E-03 -4.81813E-04 
-1.73140E-03 -4.74910E-04 
-1.76573E-03 -4.68985E-04 
-1.82545E-03 -4.52175E-04 
-1.88469E-03 -4.30726E-04 
-1.94245E-03 -4.04694E-04 
-1.99768E-03 -3.74128E-04 
-2.04927E-03 -3.38855E-04 
-2.09600E-03 -2.97702E-04 
-2.13623E-03 -2.45708E-04 
-2.16615E-03 -1.65342E-04 
-2.17465E-03 -1.13277E-05 
-2.14066E-03 2.65696E-04 
-2.05664E-03 6.07157E-04 
-1.94687E-03 8.73292E-04 
-1.39902E-03 -4.58036E-04 
-1.42765E-03 -4.75383E-04 
-1.38657E-03 -4.48926E-04 
-1.42233E-03 -4.67288E-04 
-1.46167E-03 -4.82877E-04 
-1.50436E-03 -4.95428E-04 
-1.55013E-03 -5.04697E-04 
-1.58745E-03 -5.09477E-04 
-1.59864E-03 -5.10466E-04 
-1.65358E-03 -5.12553E-04 
-1.71068E-03 -5.10177E-04 
-1.76932E-03 -5.03214E-04 
-1.82876E-03 -4.91615E-04 
-1.86349E-03 -4.83709E-04 
-1.92429E-03 -4.61277E-04 
-1.98357E-03 -4.34160E-04 
-2.04022E-03 -4.02547E-04 
-2.09308E-03 -3.66613E-04 
-2.14093E-03 -3.26280E-04 
-2.18228E-03 -2.80360E-04 
-2.21466E-03 -2.23527E-04 
-2.23140E-03 -1.36847E-04 
-2.21370E-03 2.82270E-05 
-2.13090E-03 3.23272E-04 
-1.98290E-03 6.82661E-04 
-1.81739E-03 9.56127E-04 
-1.47615E-03 -4.90837E-04 
-1.50891E-03 -5.08084E-04 
-1.45180E-03 -4.92805E-04 
-1.49268E-03 -5.10213E-04 
-1.53714E-03 -5.24125E-04 
-1.58487E-03 -5.34302E-04 
-1.63550E-03 -5.40541E-04 
-1.67641E-03 -5.42558E-04 
-1.68862E-03 -5.42674E-04 
-1.74809E-03 -5.40236E-04 
-1.80918E-03 -5.32797E-04 
-1.87112E-03 -5.20346E-04 
-1.93307E-03 -5.02954E-04 
-1.96837E-03 -4.92391E-04 
-2.02975E-03 -4.63520E-04 
-2.08840E-03 -4.30101E-04 
-2.14314E-03 -3.92469E-04 
-2.19272E-03 -3.50932E-04 
-2.23581E-03 -3.05507E-04 
-2.27068E-03 -2.55000E-04 
-2.29391E-03 -1.93740E-04 
-2.29559E-03 -1.01539E-04 
-2.24820E-03 7.29372E-05 
-2.11044E-03 3.82683E-04 
-1.89125E-03 7.55192E-04 
-1.66504E-03 1.03130E-03 
-1.55719E-03 -5.25579E-04 
-1.59499E-03 -5.41588E-04 
-1.52100E-03 -5.41396E-04 
-1.56808E-03 -5.56305E-04 
-1.61863E-03 -5.66968E-04 
-1.67222E-03 -5.73197E-04 
-1.72839E-03 -5.74850E-04 
-1.77329E-03 -5.72930E-04 
-1.78661E-03 -5.71838E-04 
-1.85098E-03 -5.63324E-04 
-1.91621E-03 -5.49388E-04 
-1.98140E-03 -5.30155E-04 
-2.04560E-03 -5.05843E-04 
-2.08163E-03 -4.91822E-04 
-2.14287E-03 -4.55790E-04 
-2.20003E-03 -4.15569E-04 
-2.25187E-03 -3.71644E-04 
-2.29709E-03 -3.24454E-04 
-2.33430E-03 -2.74110E-04 
-2.36148E-03 -2.19404E-04 
-2.37421E-03 -1.54370E-04 
-2.35893E-03 -5.77772E-05 
-2.27835E-03 1.23805E-04 
-2.07954E-03 4.43781E-04 
-1.78216E-03 8.23247E-04 
-1.49079E-03 1.09640E-03 
-1.64336E-03 -5.60748E-04 
-1.68720E-03 -5.74018E-04 
-1.59644E-03 -5.92589E-04 
-1.65084E-03 -6.03046E-04 
-1.70841E-03 -6.08532E-04 
-1.76862E-03 -6.08936E-04 
-1.83089E-03 -6.04207E-04 
-1.88008E-03 -5.97031E-04 
-1.89458E-03 -5.94358E-04 
-1.96401E-03 -5.78096E-04 
-2.03332E-03 -5.56170E-04 
-2.10148E-03 -5.28869E-04 
-2.16744E-03 -4.96576E-04 
-2.20425E-03 -4.78220E-04 
-2.26439E-03 -4.34497E-04 
-2.31897E-03 -3.87195E-04 
-2.36672E-03 -3.36943E-04 
-2.40637E-03 -2.84302E-04 
-2.43643E-03 -2.29459E-04 
-2.45468E-03 -1.71192E-04 
-2.45555E-03 -1.03297E-04 
-2.42144E-03 -3.80647E-06 
-2.30429E-03 1.81902E-04 
-2.03858E-03 5.06427E-04 
-1.65653E-03 8.85314E-04 
-1.29622E-03 1.14910E-03 
-1.73583E-03 -5.93993E-04 
-1.78669E-03 -6.02677E-04 
-1.68052E-03 -6.42982E-04 
-1.74328E-03 -6.46682E-04 
-1.80869E-03 -6.44780E-04 
-1.87612E-03 -6.37271E-04 
-1.94486E-03 -6.24223E-04 
-1.99846E-03 -6.10412E-04 
-2.01415E-03 -6.05776E-04 
-2.08854E-03 -5.80089E-04 
-2.16157E-03 -5.48749E-04 
-2.23212E-03 -5.12224E-04 
-2.29905E-03 -4.71073E-04 
-2.33659E-03 -4.47496E-04 
-2.39440E-03 -3.95840E-04 
-2.44509E-03 -3.41483E-04 
-2.48742E-03 -2.85179E-04 
-2.52012E-03 -2.27587E-04 
-2.54174E-03 -1.68947E-04 
-2.54978E-03 -1.08021E-04 
-2.53748E-03 -3.84487E-05 
-2.48280E-03 6.20848E-05 
-2.32591E-03 2.48260E-04 
-1.98797E-03 5.70469E-04 
-1.51559E-03 9.39969E-04 
-1.08353E-03 1.18732E-03 
-1.83640E-03 -6.22052E-04 
-1.89517E-03 -6.24011E-04 
-1.77641E-03 -6.87795E-04 
-1.84834E-03 -6.82202E-04 
-1.92216E-03 -6.70551E-04 
-1.99710E-03 -6.52971E-04 
-2.07234E-03 -6.29670E-04 
-2.13023E-03 -6.07897E-04 
-2.14703E-03 -6.00939E-04 
-2.22591E-03 -5.64302E-04 
-2.30193E-03 -5.22341E-04 
-2.37392E-03 -4.75707E-04 
-2.44070E-03 -4.25131E-04 
-2.47874E-03 -3.95524E-04 
-2.53272E-03 -3.36077E-04 
-2.57798E-03 -2.75066E-04 
-2.61337E-03 -2.13343E-04 
-2.63770E-03 -1.51631E-04 
-2.64953E-03 -9.01941E-05 
-2.64612E-03 -2.77735E-05 
-2.61944E-03 4.20401E-05 
-2.54264E-03 1.41427E-04 
-2.34325E-03 3.23792E-04 
-1.92851E-03 6.35780E-04 
-1.36131E-03 9.86049E-04 
-8.55846E-04 1.20948E-03 
-1.94691E-03 -6.40878E-04 
-2.01431E-03 -6.33769E-04 
-1.88733E-03 -7.21093E-04 
-1.96889E-03 -7.03596E-04 
-2.05129E-03 -6.79843E-04 
-2.13364E-03 -6.50120E-04 
-2.21503E-03 -6.14794E-04 
-2.27675E-03 -5.83900E-04 
-2.29451E-03 -5.74318E-04 
-2.37695E-03 -5.25510E-04 
-2.45482E-03 -4.72074E-04 
-2.52692E-03 -4.14834E-04 
-2.59209E-03 -3.54678E-04 
-2.63014E-03 -3.18401E-04 
-2.67856E-03 -2.51742E-04 
-2.71671E-03 -1.84893E-04 
-2.74354E-03 -1.18764E-04 
-2.75800E-03 -5.40989E-05 
-2.75872E-03 8.84678E-06 
-2.74271E-03 7.13533E-05 
-2.70057E-03 1.39747E-04 
-2.60032E-03 2.35514E-04 
-2.35615E-03 4.09279E-04 
-1.86098E-03 7.02324E-04 
-1.19581E-03 1.02279E-03 
-6.16539E-04 1.21467E-03 
-2.06868E-03 -6.45555E-04 
-2.14507E-03 -6.27040E-04 
-2.01573E-03 -7.35804E-04 
-2.10687E-03 -7.04021E-04 
-2.19750E-03 -6.66122E-04 
-2.28663E-03 -6.22561E-04 
-2.37328E-03 -5.73872E-04 
-2.43798E-03 -5.33066E-04 
-2.45643E-03 -5.20668E-04 
-2.54102E-03 -4.59020E-04 
-2.61916E-03 -3.93829E-04 
-2.68967E-03 -3.26065E-04 
-2.75145E-03 -2.56737E-04 
-2.78877E-03 -2.13479E-04 
-2.82975E-03 -1.40708E-04 
-2.85901E-03 -6.93060E-05 
-2.87567E-03 -1.90100E-07 
-2.87885E-03 6.59199E-05 
-2.86726E-03 1.28814E-04 
-2.83769E-03 1.89785E-04 
-2.77928E-03 2.54925E-04 
-2.65469E-03 3.44413E-04 
-2.36432E-03 5.04512E-04 
-1.78677E-03 7.69559E-04 
-1.02261E-03 1.04960E-03 
-3.70904E-04 1.20273E-03 
-2.20408E-03 -6.30528E-04 
-2.28949E-03 -5.98356E-04 
-2.16480E-03 -7.24380E-04 
-2.26490E-03 -6.76281E-04 
-2.36284E-03 -6.22606E-04 
-2.45758E-03 -5.63980E-04 
-2.54808E-03 -5.01097E-04 
-2.61454E-03 -4.50000E-04 
-2.63331E-03 -4.34717E-04 
-2.71817E-03 -3.60153E-04 
-2.79457E-03 -2.83519E-04 
-2.86141E-03 -2.05892E-04 
-2.91774E-03 -1.28353E-04 
-2.95327E-03 -7.81829E-05 
-2.98480E-03 -8.80626E-07 
-3.00332E-03 7.33663E-05 
-3.00817E-03 1.43686E-04 
-2.99867E-03 2.09431E-04 
-2.97364E-03 2.70468E-04 
-2.92963E-03 3.28090E-04 
-2.85428E-03 3.87984E-04 
-2.70470E-03 4.68379E-04 
-2.36725E-03 6.09562E-04 
-1.70643E-03 8.37422E-04 
-8.43720E-04 1.06653E-03 
-1.22027E-04 1.17414E-03 
-2.35502E-03 -5.89421E-04 
-2.44898E-03 -5.41696E-04 
-2.33666E-03 -6.78771E-04 
-2.44438E-03 -6.13005E-04 
-2.54806E-03 -5.42644E-04 
-2.64661E-03 -4.68471E-04 
-2.73899E-03 -3.91320E-04 
-2.80560E-03 -3.30139E-04 
-2.82420E-03 -3.12073E-04 
-2.90696E-03 -2.25315E-04 
-2.97921E-03 -1.38316E-04 
-3.04001E-03 -5.22061E-05 
-3.08856E-03 3.19194E-05 
-3.12091E-03 8.83870E-05 
-3.14090E-03 1.68115E-04 
-3.14683E-03 2.43050E-04 
-3.13829E-03 3.12417E-04 
-3.11481E-03 3.75684E-04 
-3.07534E-03 4.32824E-04 
-3.01617E-03 4.85106E-04 
-2.92340E-03 5.37635E-04 
-2.74855E-03 6.06050E-04 
-2.36394E-03 7.23122E-04 
-1.62056E-03 9.04976E-04 
-6.61679E-04 1.07342E-03 
1.26160E-04 1.12961E-03 
-2.52405E-03 -5.15129E-04 
-2.62545E-03 -4.50559E-04 
-2.53325E-03 -5.90991E-04 
-2.64651E-03 -5.07134E-04 
-2.75363E-03 -4.20116E-04 
-2.85354E-03 -3.30850E-04 
-2.94524E-03 -2.40278E-04 
-3.00996E-03 -1.69910E-04 
-3.02779E-03 -1.49359E-04 
-3.10560E-03 -5.20402E-05 
-3.17090E-03 4.33952E-05 
-3.22296E-03 1.35829E-04 
-3.26121E-03 2.24216E-04 
-3.28861E-03 2.85709E-04 
-3.29493E-03 3.65240E-04 
-3.28643E-03 4.38268E-04 
-3.26295E-03 5.04164E-04 
-3.22427E-03 5.62552E-04 
-3.16945E-03 6.13527E-04 
-3.09452E-03 6.58304E-04 
-2.98401E-03 7.01232E-04 
-2.78389E-03 7.54751E-04 
-2.35274E-03 8.42711E-04 
-1.52890E-03 9.70395E-04 
-4.77894E-04 1.06950E-03 
3.71186E-04 1.06938E-03 
-2.71401E-03 -4.00428E-04 
-2.82100E-03 -3.18593E-04 
-2.75590E-03 -4.53946E-04 
-2.87176E-03 -3.52712E-04 
-2.97924E-03 -2.50182E-04 
-3.07735E-03 -1.47363E-04 
-3.16517E-03 -4.52538E-05 
-3.22555E-03 3.26371E-05 
-3.24190E-03 5.51550E-05 
-3.31143E-03 1.60418E-04 
-3.36661E-03 2.61463E-04 
-3.40695E-03 3.57255E-04 
-3.43215E-03 4.46867E-04 
-3.45244E-03 5.11369E-04 
-3.44295E-03 5.87589E-04 
-3.41819E-03 6.55707E-04 
-3.37830E-03 7.15283E-04 
-3.32327E-03 7.66127E-04 
-3.25228E-03 8.08469E-04 
-3.16107E-03 8.43432E-04 
-3.03265E-03 8.74434E-04 
-2.80750E-03 9.10170E-04 
-2.33108E-03 9.64344E-04 
-1.43010E-03 1.03058E-03 
-2.92454E-04 1.05297E-03 
6.12120E-04 9.92744E-04 
-2.92687E-03 -2.37877E-04 
-3.03667E-03 -1.39656E-04 
-3.00423E-03 -2.61774E-04 
-3.11886E-03 -1.45330E-04 
-3.22286E-03 -2.98216E-05 
-3.31533E-03 8.37092E-05 
-3.39552E-03 1.94260E-04 
-3.44873E-03 2.77143E-04 
-3.46279E-03 3.00871E-04 
-3.52032E-03 4.10381E-04 
-3.56189E-03 5.13255E-04 
-3.58731E-03 6.08612E-04 
-3.59659E-03 6.95707E-04 
-3.60728E-03 7.60420E-04 
-3.57986E-03 8.29779E-04 
-3.53711E-03 8.89642E-04 
-3.47943E-03 9.39789E-04 
-3.40703E-03 9.80239E-04 
-3.31917E-03 1.01135E-03 
-3.21132E-03 1.03412E-03 
-3.06492E-03 1.05087E-03 
-2.81527E-03 1.06605E-03 
-2.29539E-03 1.08222E-03 
-1.32165E-03 1.08079E-03 
-1.04003E-04 1.02057E-03 
8.49686E-04 8.97622E-04 
-3.16319E-03 -2.18007E-05 
-3.27198E-03 9.03313E-05 
-3.27562E-03 -1.16668E-05 
-3.38436E-03 1.16216E-04 
-3.48027E-03 2.40683E-04 
-3.56265E-03 3.60717E-04 
-3.63093E-03 4.75379E-04 
-3.67383E-03 5.59858E-04 
-3.68472E-03 5.83800E-04 
-3.72620E-03 6.92826E-04 
-3.75048E-03 7.92874E-04 
-3.75768E-03 8.83276E-04 
-3.74816E-03 9.63529E-04 
-3.74654E-03 1.02496E-03 
-3.69924E-03 1.08363E-03 
-3.63695E-03 1.13171E-03 
-3.56031E-03 1.16923E-03 
-3.46973E-03 1.19640E-03 
-3.36454E-03 1.21373E-03 
-3.23988E-03 1.22201E-03 
-3.07572E-03 1.22231E-03 
-2.80239E-03 1.21447E-03 
-2.24141E-03 1.18904E-03 
-1.20018E-03 1.11496E-03 
8.98973E-05 9.67826E-04 
1.08582E-03 7.80834E-04 
-3.42076E-03 2.48942E-04 
-3.52369E-03 3.70863E-04 
-3.56432E-03 2.93889E-04 
-3.66170E-03 4.27966E-04 
-3.74430E-03 5.56054E-04 
-3.81164E-03 6.77231E-04 
-3.86340E-03 7.90678E-04 
-3.89266E-03 8.72696E-04 
-3.89943E-03 8.95679E-04 
-3.92071E-03 9.98754E-04 
-3.92399E-03 1.09074E-03 
-3.90979E-03 1.17125E-03 
-3.87876E-03 1.24005E-03 
-3.86212E-03 1.29430E-03 
-3.79333E-03 1.33845E-03 
-3.71031E-03 1.37132E-03 
-3.61392E-03 1.39316E-03 
-3.50474E-03 1.40441E-03 
-3.38212E-03 1.40566E-03 
-3.24087E-03 1.39747E-03 
-3.05953E-03 1.37951E-03 
-2.76375E-03 1.34663E-03 
-2.16460E-03 1.27682E-03 
-1.06193E-03 1.12651E-03 
2.92212E-04 8.89890E-04 
1.32301E-03 6.38936E-04 
-3.69027E-03 5.68662E-04 
-3.78182E-03 6.94652E-04 
-3.85774E-03 6.45023E-04 
-3.93811E-03 7.78788E-04 
-4.00214E-03 9.04105E-04 
-4.04958E-03 1.02020E-03 
-4.08041E-03 1.12645E-03 
-4.09294E-03 1.20157E-03 
-4.09475E-03 1.22233E-03 
-4.09210E-03 1.31367E-03 
-4.07127E-03 1.39224E-03 
-4.03307E-03 1.45795E-03 
-3.97849E-03 1.51088E-03 
-3.94460E-03 1.55405E-03 
-3.85345E-03 1.58032E-03 
-3.74923E-03 1.59506E-03 
-3.63301E-03 1.59877E-03 
-3.50550E-03 1.59208E-03 
-3.36602E-03 1.57562E-03 
-3.20903E-03 1.54965E-03 
-3.01167E-03 1.51234E-03 
-2.69534E-03 1.45327E-03 
-2.06174E-03 1.33757E-03 
-9.04689E-04 1.10942E-03 
5.04165E-04 7.83117E-04 
1.56192E-03 4.70136E-04 
-3.96452E-03 9.29103E-04 
-4.03857E-03 1.05252E-03 
-4.14630E-03 1.03062E-03 
-4.20373E-03 1.15702E-03 
-4.24376E-03 1.27278E-03 
-4.26643E-03 1.37733E-03 
-4.27200E-03 1.47026E-03 
-4.26483E-03 1.53402E-03 
-4.26088E-03 1.55131E-03 
-4.23089E-03 1.62524E-03 
-4.18316E-03 1.68526E-03 
-4.11881E-03 1.73160E-03 
-4.03912E-03 1.76465E-03 
-3.98621E-03 1.79316E-03 
-3.87235E-03 1.79872E-03 
-3.74704E-03 1.79302E-03 
-3.61148E-03 1.77677E-03 
-3.46645E-03 1.75072E-03 
-3.31120E-03 1.71554E-03 
-3.13979E-03 1.67108E-03 
-2.92805E-03 1.61390E-03 
-2.59346E-03 1.52811E-03 
-1.92943E-03 1.36567E-03 
-7.25246E-04 1.05894E-03 
7.28857E-04 6.43744E-04 
1.80545E-03 2.71565E-04 
-4.22236E-03 1.30943E-03 
-4.27348E-03 1.42318E-03 
-4.40805E-03 1.42721E-03 
-4.43776E-03 1.53922E-03 
-4.44961E-03 1.63886E-03 
-4.44396E-03 1.72582E-03 
-4.42132E-03 1.79994E-03 
-4.39260E-03 1.84847E-03 
-4.38241E-03 1.86121E-03 
-4.32322E-03 1.91305E-03 
-4.24736E-03 1.95049E-03 
-4.15624E-03 1.97406E-03 
-4.05137E-03 1.98446E-03 
-3.97889E-03 1.99572E-03 
-3.84332E-03 1.97908E-03 
-3.69828E-03 1.95192E-03 
-3.54503E-03 1.91513E-03 
-3.38435E-03 1.86957E-03 
-3.21539E-03 1.81583E-03 
-3.03180E-03 1.75336E-03 
-2.80817E-03 1.67697E-03 
-2.45846E-03 1.56521E-03 
-1.76909E-03 1.35699E-03 
-5.26367E-04 9.73629E-04 
9.62235E-04 4.73356E-04 
2.04883E-03 4.70397E-05 
-4.44655E-03 1.68948E-03 
-4.47026E-03 1.78690E-03 
-4.62612E-03 1.81389E-03 
-4.62449E-03 1.90521E-03 
-4.60523E-03 1.98304E-03 
-4.56894E-03 2.04731E-03 
-4.51645E-03 2.09814E-03 
-4.46531E-03 2.12840E-03 
-4.44870E-03 2.13578E-03 
-4.35981E-03 2.16206E-03 
-4.25595E-03 2.17414E-03 
-4.13873E-03 2.17283E-03 
-4.00982E-03 2.15909E-03 
-3.91836E-03 2.15165E-03 
-3.76316E-03 2.11253E-03 
-3.60070E-03 2.06409E-03 
-3.43229E-03 2.00734E-03 
-3.25866E-03 1.94317E-03 
-3.07879E-03 1.87209E-03 
-2.88590E-03 1.79301E-03 
-2.65344E-03 1.69897E-03 
-2.29233E-03 1.56296E-03 
-1.58333E-03 1.31122E-03 
-3.11391E-04 8.54990E-04 
1.20031E-03 2.75432E-04 
2.28775E-03 -1.98586E-04 
-4.61844E-03 2.04523E-03 
-4.61183E-03 2.12090E-03 
-4.78351E-03 2.16741E-03 
-4.74870E-03 2.23329E-03 
-4.69714E-03 2.28520E-03 
-4.62972E-03 2.32333E-03 
-4.54744E-03 2.34805E-03 
-4.47431E-03 2.35829E-03 
-4.45146E-03 2.35986E-03 
-4.33406E-03 2.35885E-03 
-4.20389E-03 2.34451E-03 
-4.06269E-03 2.31787E-03 
-3.91223E-03 2.28008E-03 
-3.80359E-03 2.25384E-03 
-3.63186E-03 2.19335E-03 
-3.45527E-03 2.12510E-03 
-3.27507E-03 2.05014E-03 
-3.09189E-03 1.96936E-03 
-2.90451E-03 1.88310E-03 
-2.70573E-03 1.78970E-03 
-2.46796E-03 1.68042E-03 
-2.09964E-03 1.52283E-03 
-1.37732E-03 1.23115E-03 
-8.62888E-05 7.07800E-04 
1.43646E-03 5.68549E-05 
2.51538E-03 -4.57123E-04 
-4.72577E-03 2.35449E-03 
-4.68782E-03 2.40485E-03 
-4.87063E-03 2.46772E-03 
-4.80248E-03 2.50533E-03 
-4.71903E-03 2.52912E-03 
-4.62137E-03 2.53955E-03 
-4.51071E-03 2.53720E-03 
-4.41701E-03 2.52706E-03 
-4.38838E-03 2.52279E-03 
-4.24497E-03 2.49467E-03 
-4.09139E-03 2.45461E-03 
-3.92944E-03 2.40382E-03 
-3.76091E-03 2.34356E-03 
-3.63780E-03 2.29972E-03 
-3.45343E-03 2.22020E-03 
-3.26662E-03 2.13469E-03 
-3.07855E-03 2.04425E-03 
-2.88967E-03 1.94971E-03 
-2.69853E-03 1.85117E-03 
-2.49752E-03 1.74641E-03 
-2.25818E-03 1.62490E-03 
-1.88707E-03 1.44912E-03 
-1.15815E-03 1.12223E-03 
1.41240E-04 5.39321E-04 
1.66251E-03 -1.73269E-04 
2.72365E-03 -7.18504E-04 
-4.75473E-03 2.60089E-03 
-4.68642E-03 2.62428E-03 
-4.87644E-03 2.70066E-03 
-4.77697E-03 2.70906E-03 
-4.66420E-03 2.70444E-03 
-4.53941E-03 2.68746E-03 
-4.40392E-03 2.65888E-03 
-4.29258E-03 2.62934E-03 
-4.25906E-03 2.61955E-03 
-4.09399E-03 2.56618E-03 
-3.92151E-03 2.50266E-03 
-3.74339E-03 2.43031E-03 
-3.56138E-03 2.35044E-03 
-3.42744E-03 2.29128E-03 
-3.23493E-03 2.19600E-03 
-3.04231E-03 2.09660E-03 
-2.85057E-03 1.99409E-03 
-2.66002E-03 1.88916E-03 
-2.46894E-03 1.78169E-03 
-2.26936E-03 1.66886E-03 
-2.03214E-03 1.53847E-03 
-1.66268E-03 1.34834E-03 
-9.34057E-04 9.91869E-04 
3.62631E-04 3.58451E-04 
1.86978E-03 -4.04582E-04 
2.90424E-03 -9.71823E-04 
-4.70447E-03 2.77263E-03 
-4.60931E-03 2.77004E-03 
-4.80437E-03 2.85814E-03 
-4.67789E-03 2.83899E-03 
-4.54026E-03 2.80792E-03 
-4.39279E-03 2.76576E-03 
-4.23690E-03 2.71344E-03 
-4.11141E-03 2.66660E-03 
-4.07403E-03 2.65193E-03 
-3.89225E-03 2.57653E-03 
-3.70581E-03 2.49300E-03 
-3.51644E-03 2.40271E-03 
-3.32576E-03 2.30697E-03 
-3.18485E-03 2.23548E-03 
-2.98873E-03 2.12829E-03 
-2.79457E-03 2.01880E-03 
-2.60322E-03 1.90793E-03 
-2.41476E-03 1.79622E-03 
-2.22725E-03 1.68330E-03 
-2.03239E-03 1.56574E-03 
-1.80061E-03 1.42989E-03 
-1.43689E-03 1.22948E-03 
-7.15251E-04 8.49801E-04 
5.67851E-04 1.76354E-04 
2.04878E-03 -6.24636E-04 
3.04874E-03 -1.20445E-03 
-4.58273E-03 2.87187E-03 
-4.46454E-03 2.84499E-03 
-4.66255E-03 2.94332E-03 
-4.51292E-03 2.89862E-03 
-4.35445E-03 2.84355E-03 
-4.18856E-03 2.77902E-03 
-4.01668E-03 2.70604E-03 
-3.88052E-03 2.64446E-03 
-3.84030E-03 2.62569E-03 
-3.64667E-03 2.53203E-03 
-3.45111E-03 2.43239E-03 
-3.25521E-03 2.32808E-03 
-3.06044E-03 2.22038E-03 
-2.91622E-03 2.13970E-03 
-2.72065E-03 2.02439E-03 
-2.52888E-03 1.90849E-03 
-2.34156E-03 1.79278E-03 
-2.15855E-03 1.67764E-03 
-1.97768E-03 1.56242E-03 
-1.79042E-03 1.44317E-03 
-1.56700E-03 1.30491E-03 
-1.21278E-03 1.09802E-03 
-5.04592E-04 7.01287E-04 
7.54154E-04 -1.87572E-06 
2.19693E-03 -8.28647E-04 
3.15487E-03 -1.41214E-03 
-4.39662E-03 2.90061E-03 
-4.26014E-03 2.85289E-03 
-4.45924E-03 2.96025E-03 
-4.29160E-03 2.89363E-03 
-4.11754E-03 2.81831E-03 
-3.93856E-03 2.73532E-03 
-3.75610E-03 2.64573E-03 
-3.61341E-03 2.57257E-03 
-3.57154E-03 2.55063E-03 
-3.37160E-03 2.44310E-03 
-3.17215E-03 2.33163E-03 
-2.97461E-03 2.21749E-03 
-2.78025E-03 2.10186E-03 
-2.63627E-03 2.01517E-03 
-2.44501E-03 1.89544E-03 
-2.25902E-03 1.77659E-03 
-2.07875E-03 1.65928E-03 
-1.90386E-03 1.54371E-03 
-1.73200E-03 1.42895E-03 
-1.55448E-03 1.31062E-03 
-1.34163E-03 1.17268E-03 
-9.99993E-04 9.62896E-04 
-3.11013E-04 5.55520E-04 
9.13563E-04 -1.66381E-04 
2.30767E-03 -1.00637E-03 
3.21775E-03 -1.58516E-03 
-4.16072E-03 2.86875E-03 
-4.01048E-03 2.80365E-03 
-4.20945E-03 2.91902E-03 
-4.02915E-03 2.83460E-03 
-3.84489E-03 2.74325E-03 
-3.65811E-03 2.64609E-03 
-3.47010E-03 2.54412E-03 
-3.32450E-03 2.46254E-03 
-3.28199E-03 2.43832E-03 
-3.08033E-03 2.32109E-03 
-2.88123E-03 2.20181E-03 
-2.68595E-03 2.08166E-03 
-2.49558E-03 1.96169E-03 
-2.35463E-03 1.87180E-03 
-2.17060E-03 1.75078E-03 
-1.99297E-03 1.63190E-03 
-1.82200E-03 1.51565E-03 
-1.65717E-03 1.40204E-03 
-1.49598E-03 1.28994E-03 
-1.32967E-03 1.17459E-03 
-1.12896E-03 1.03914E-03 
-8.02362E-04 8.29595E-04 
-1.37659E-04 4.17591E-04 
1.04388E-03 -3.12484E-04 
2.38000E-03 -1.15380E-03 
3.23755E-03 -1.72046E-03 
-3.89190E-03 2.79028E-03 
-3.73382E-03 2.71222E-03 
-3.93176E-03 2.83430E-03 
-3.74395E-03 2.73593E-03 
-3.55429E-03 2.63242E-03 
-3.36394E-03 2.52479E-03 
-3.17404E-03 2.41395E-03 
-3.02817E-03 2.32659E-03 
-2.98577E-03 2.30086E-03 
-2.78580E-03 2.17751E-03 
-2.59022E-03 2.05385E-03 
-2.40010E-03 1.93092E-03 
-2.21632E-03 1.80963E-03 
-2.08039E-03 1.71881E-03 
-1.90558E-03 1.59904E-03 
-1.73802E-03 1.48239E-03 
-1.57777E-03 1.36921E-03 
-1.42416E-03 1.25935E-03 
-1.27456E-03 1.15148E-03 
-1.12027E-03 1.04055E-03 
-9.32635E-04 9.09227E-04 
-6.22877E-04 7.02566E-04 
1.33199E-05 2.91464E-04 
1.14420E-03 -4.36857E-04 
2.41462E-03 -1.26855E-03 
3.21629E-03 -1.81672E-03 
-3.60599E-03 2.67920E-03 
-3.44245E-03 2.59085E-03 
-3.63633E-03 2.71751E-03 
-3.44398E-03 2.60864E-03 
-3.25217E-03 2.49641E-03 
-3.06174E-03 2.38161E-03 
-2.87373E-03 2.26521E-03 
-2.73045E-03 2.17462E-03 
-2.68898E-03 2.14811E-03 
-2.49438E-03 2.02199E-03 
-2.30554E-03 1.89698E-03 
-2.12329E-03 1.77396E-03 
-1.94831E-03 1.65366E-03 
-1.81892E-03 1.56354E-03 
-1.65475E-03 1.44680E-03 
-1.49833E-03 1.33394E-03 
-1.34961E-03 1.22516E-03 
-1.20777E-03 1.12018E-03 
-1.07013E-03 1.01751E-03 
-9.28125E-04 9.11933E-04 
-7.53993E-04 7.85858E-04 
-4.62342E-04 5.84227E-04 
1.41877E-04 1.78976E-04 
1.21569E-03 -5.38538E-04 
2.41410E-03 -1.35081E-03 
3.15767E-03 -1.87520E-03 
-3.31322E-03 2.54780E-03 
-3.14861E-03 2.45231E-03 
-3.33802E-03 2.58155E-03 
-3.14588E-03 2.46545E-03 
-2.95515E-03 2.34715E-03 
-2.76710E-03 2.22775E-03 
-2.58270E-03 2.10806E-03 
-2.44310E-03 2.01578E-03 
-2.40285E-03 1.98892E-03 
-2.21497E-03 1.86200E-03 
-2.03425E-03 1.73761E-03 
-1.86121E-03 1.61640E-03 
-1.69624E-03 1.49890E-03 
-1.57432E-03 1.41083E-03 
-1.42156E-03 1.29850E-03 
-1.27681E-03 1.19056E-03 
-1.13988E-03 1.08709E-03 
-1.00987E-03 9.87691E-04 
-8.84088E-04 8.90779E-04 
-7.54220E-04 7.91048E-04 
-5.93602E-04 6.70953E-04 
-3.20814E-04 4.76062E-04 
2.48790E-04 8.09773E-05 
1.26055E-03 -6.17723E-04 
2.38233E-03 -1.40212E-03 
3.06679E-03 -1.89858E-03 
-3.02631E-03 2.40519E-03 
-2.86279E-03 2.30531E-03 
-3.04468E-03 2.43506E-03 
-2.85471E-03 2.31470E-03 
-2.66787E-03 2.19350E-03 
-2.48491E-03 2.07223E-03 
-2.30659E-03 1.95174E-03 
-2.17234E-03 1.85951E-03 
-2.13375E-03 1.83275E-03 
-1.95429E-03 1.70690E-03 
-1.78262E-03 1.58436E-03 
-1.61922E-03 1.46574E-03 
-1.46442E-03 1.35156E-03 
-1.34989E-03 1.26571E-03 
-1.20837E-03 1.15815E-03 
-1.07501E-03 1.05539E-03 
-9.49482E-04 9.57410E-04 
-8.30841E-04 8.63714E-04 
-7.16398E-04 7.72632E-04 
-5.98157E-04 6.78858E-04 
-4.50738E-04 5.65115E-04 
-1.97155E-04 3.78271E-04 
3.35956E-04 -2.98870E-06 
1.28201E-03 -6.76016E-04 
2.32412E-03 -1.42550E-03 
2.94947E-03 -1.89091E-03 
-2.75092E-03 2.26207E-03 
-2.59072E-03 2.15942E-03 
-2.76346E-03 2.28675E-03 
-2.57717E-03 2.16307E-03 
-2.39489E-03 2.03966E-03 
-2.21759E-03 1.91748E-03 
-2.04598E-03 1.79706E-03 
-1.91762E-03 1.70559E-03 
-1.88086E-03 1.67917E-03 
-1.71062E-03 1.55557E-03 
-1.54887E-03 1.43611E-03 
-1.39580E-03 1.32124E-03 
-1.25152E-03 1.21129E-03 
-1.14450E-03 1.12824E-03 
-1.01410E-03 1.02592E-03 
-8.91804E-04 9.28640E-04 
-7.77239E-04 8.36280E-04 
-6.69402E-04 7.48291E-04 
-5.65676E-04 6.62975E-04 
-4.58443E-04 5.75111E-04 
-3.23764E-04 4.67911E-04 
-8.94585E-05 2.90133E-04 
4.05927E-04 -7.42522E-05 
1.28387E-03 -7.15902E-04 
2.24465E-03 -1.42481E-03 
2.81171E-03 -1.85702E-03 
-2.49370E-03 2.12301E-03 
-2.33579E-03 2.01727E-03 
-2.49605E-03 2.13876E-03 
-2.31538E-03 2.01393E-03 
-2.14014E-03 1.89088E-03 
-1.97035E-03 1.76950E-03 
-1.80660E-03 1.65033E-03 
-1.68453E-03 1.56022E-03 
-1.64963E-03 1.53426E-03 
-1.48847E-03 1.41322E-03 
-1.33606E-03 1.29695E-03 
-1.19275E-03 1.18594E-03 
-1.05850E-03 1.08033E-03 
-9.58508E-04 9.99991E-04 
-8.38527E-04 9.02807E-04 
-7.26568E-04 8.10823E-04 
-6.22181E-04 7.23854E-04 
-5.24347E-04 6.41302E-04 
-4.30544E-04 5.61479E-04 
-3.33578E-04 4.79314E-04 
-2.11052E-04 3.78686E-04 
4.16708E-06 2.10724E-04 
4.61261E-04 -1.34363E-04 
1.26996E-03 -7.40146E-04 
2.14921E-03 -1.40424E-03 
2.65963E-03 -1.80202E-03 
-2.25646E-03 1.99237E-03 
-2.10225E-03 1.88501E-03 
-2.24777E-03 1.99772E-03 
-2.07240E-03 1.87167E-03 
-1.90313E-03 1.74825E-03 
-1.74002E-03 1.62750E-03 
-1.58378E-03 1.50996E-03 
-1.46809E-03 1.42172E-03 
-1.43513E-03 1.39639E-03 
-1.28343E-03 1.27865E-03 
-1.14061E-03 1.16601E-03 
-1.00683E-03 1.05884E-03 
-8.82100E-04 9.57399E-04 
-7.88789E-04 8.79638E-04 
-6.78702E-04 7.87439E-04 
-5.76450E-04 7.00522E-04 
-4.81558E-04 6.18671E-04 
-3.93020E-04 5.41269E-04 
-3.08434E-04 4.66660E-04 
-2.21071E-04 3.89983E-04 
-1.10153E-04 2.95927E-04 
8.62535E-05 1.38381E-04 
5.04893E-04 -1.85469E-04 
1.24409E-03 -7.51897E-04 
2.04253E-03 -1.36810E-03 
2.49834E-03 -1.73083E-03 
-2.03797E-03 1.86934E-03 
-1.88891E-03 1.76169E-03 
-2.01862E-03 1.86402E-03 
-1.84901E-03 1.73780E-03 
-1.68548E-03 1.61413E-03 
-1.52943E-03 1.49423E-03 
-1.38094E-03 1.37838E-03 
-1.27127E-03 1.29177E-03 
-1.24010E-03 1.26699E-03 
-1.09697E-03 1.15215E-03 
-9.62904E-04 1.04290E-03 
-8.38117E-04 9.39648E-04 
-7.22361E-04 8.42378E-04 
-6.35200E-04 7.67079E-04 
-5.34201E-04 6.79612E-04 
-4.40848E-04 5.97480E-04 
-3.54654E-04 5.20444E-04 
-2.74633E-04 4.47879E-04 
-1.98516E-04 3.78188E-04 
-1.20054E-04 3.06763E-04 
-2.01088E-05 2.19208E-04 
1.58058E-04 7.24262E-05 
5.38932E-04 -2.28988E-04 
1.21004E-03 -7.54052E-04 
1.93022E-03 -1.32098E-03 
2.33447E-03 -1.64907E-03 
-1.83314E-03 1.75138E-03 
-1.68819E-03 1.64274E-03 
-1.80027E-03 1.73195E-03 
-1.63725E-03 1.60611E-03 
-1.48094E-03 1.48363E-03 
-1.33205E-03 1.36546E-03 
-1.19086E-03 1.25194E-03 
-1.08682E-03 1.16712E-03 
-1.05732E-03 1.14287E-03 
-9.22593E-04 1.03105E-03 
-7.97277E-04 9.25376E-04 
-6.81055E-04 8.25772E-04 
-5.73714E-04 7.32282E-04 
-4.92373E-04 6.59177E-04 
-3.99943E-04 5.76145E-04 
-3.14980E-04 4.98539E-04 
-2.36985E-04 4.26091E-04 
-1.64996E-04 3.58171E-04 
-9.68878E-05 2.93250E-04 
-2.69064E-05 2.26998E-04 
6.24297E-05 1.46016E-04 
2.22665E-04 1.04293E-05 
5.66184E-04 -2.67407E-04 
1.17022E-03 -7.49328E-04 
1.81420E-03 -1.26578E-03 
2.16936E-03 -1.55956E-03 
-1.64102E-03 1.63772E-03 
-1.49919E-03 1.52713E-03 
-1.59373E-03 1.60252E-03 
-1.43762E-03 1.47794E-03 
-1.28823E-03 1.35712E-03 
-1.14662E-03 1.24083E-03 
-1.01293E-03 1.12920E-03 
-9.15022E-04 1.04632E-03 
-8.87305E-04 1.02271E-03 
-7.60866E-04 9.14082E-04 
-6.43479E-04 8.11644E-04 
-5.35072E-04 7.15484E-04 
-4.35523E-04 6.25700E-04 
-3.59680E-04 5.54870E-04 
-2.75341E-04 4.76263E-04 
-1.98268E-04 4.03110E-04 
-1.27962E-04 3.35140E-04 
-6.35304E-05 2.71764E-04 
-2.99780E-06 2.11540E-04 
5.88998E-05 1.50437E-04 
1.38019E-04 7.60973E-05 
2.80842E-04 -4.80359E-05 
5.88084E-04 -3.01759E-04 
1.12739E-03 -7.39986E-04 
1.69863E-03 -1.20614E-03 
2.00788E-03 -1.46670E-03 
-1.46034E-03 1.52737E-03 
-1.32144E-03 1.41497E-03 
-1.39567E-03 1.47322E-03 
-1.24618E-03 1.34969E-03 
-1.10439E-03 1.23079E-03 
-9.70063E-04 1.11661E-03 
-8.43900E-04 1.00793E-03 
-7.51607E-04 9.27436E-04 
-7.25517E-04 9.04495E-04 
-6.06818E-04 7.98968E-04 
-4.97222E-04 6.99817E-04 
-3.96685E-04 6.07275E-04 
-3.04937E-04 5.21321E-04 
-2.34631E-04 4.52871E-04 
-1.58030E-04 3.78566E-04 
-8.85428E-05 3.09817E-04 
-2.56885E-05 2.46356E-04 
3.14074E-05 1.87585E-04 
8.45785E-05 1.32138E-04 
1.38612E-04 7.62904E-05 
2.07788E-04 8.73901E-06 
3.33718E-04 -1.03736E-04 
6.05999E-04 -3.33152E-04 
1.08345E-03 -7.27863E-04 
1.58590E-03 -1.14467E-03 
1.85254E-03 -1.37339E-03 
-1.28325E-03 1.41367E-03 
-1.14963E-03 1.30144E-03 
-1.20449E-03 1.34251E-03 
-1.06032E-03 1.21942E-03 
-9.25522E-04 1.10270E-03 
-7.99140E-04 9.91657E-04 
-6.80512E-04 8.85778E-04 
-5.94330E-04 8.07722E-04 
-5.70043E-04 7.85538E-04 
-4.59649E-04 6.83749E-04 
-3.58055E-04 5.88481E-04 
-2.65085E-04 4.99703E-04 
-1.80693E-04 4.17573E-04 
-1.15811E-04 3.51716E-04 
-4.67289E-05 2.81881E-04 
1.53589E-05 2.17705E-04 
7.09457E-05 1.58900E-04 
1.20863E-04 1.04892E-04 
1.66807E-04 5.43976E-05 
2.13112E-04 3.99779E-06 
2.72556E-04 -5.65670E-05 
3.82130E-04 -1.57234E-04 
6.20975E-04 -3.62459E-04 
1.03987E-03 -7.14472E-04 
1.47787E-03 -1.08351E-03 
1.70526E-03 -1.28206E-03 
-1.10436E-03 1.29170E-03 
-9.78466E-04 1.18193E-03 
-1.01750E-03 1.20843E-03 
-8.79543E-04 1.08672E-03 
-7.51166E-04 9.71638E-04 
-6.31776E-04 8.62948E-04 
-5.20928E-04 7.60573E-04 
-4.40709E-04 6.85437E-04 
-4.18111E-04 6.64088E-04 
-3.15569E-04 5.66107E-04 
-2.21682E-04 4.74669E-04 
-1.36501E-04 3.90083E-04 
-5.98729E-05 3.12401E-04 
-9.32297E-07 2.49808E-04 
6.03995E-05 1.84920E-04 
1.14914E-04 1.25756E-04 
1.63097E-04 7.20169E-05 
2.05732E-04 2.31521E-05 
2.44379E-04 -2.20347E-05 
2.82935E-04 -6.66609E-05 
3.32760E-04 -1.19967E-04 
4.26511E-04 -2.08717E-04 
6.33603E-04 -3.90128E-04 
9.97566E-04 -7.00795E-04 
1.37573E-03 -1.02419E-03 
1.56721E-03 -1.19439E-03 
-9.23325E-04 1.16042E-03 
-8.01757E-04 1.05067E-03 
-8.28270E-04 1.06496E-03 
-7.00133E-04 9.48103E-04 
-5.79796E-04 8.36670E-04 
-4.67820E-04 7.31221E-04 
-3.63610E-04 6.31562E-04 
-2.89075E-04 5.59152E-04 
-2.68283E-04 5.38763E-04 
-1.73986E-04 4.45211E-04 
-8.83581E-05 3.58493E-04 
-1.13361E-05 2.78790E-04 
5.73169E-05 2.06079E-04 
1.09992E-04 1.47320E-04 
1.63549E-04 8.77113E-05 
2.10406E-04 3.39354E-05 
2.51060E-04 -1.43251E-05 
2.86276E-04 -5.76249E-05 
3.17497E-04 -9.70909E-05 
3.48226E-04 -1.35564E-04 
3.88510E-04 -1.81316E-04 
4.66989E-04 -2.58094E-04 
6.44132E-04 -4.16300E-04 
9.57005E-04 -6.87406E-04 
1.28008E-03 -9.67677E-04 
1.43893E-03 -1.11148E-03 
-7.37011E-04 1.01688E-03 
-6.18375E-04 9.06344E-04 
-6.33927E-04 9.09428E-04 
-5.16326E-04 7.98397E-04 
-4.06001E-04 6.92657E-04 
-3.02549E-04 5.91912E-04 
-2.06467E-04 4.96695E-04 
-1.37804E-04 4.27456E-04 
-1.18689E-04 4.07973E-04 
-3.33310E-05 3.19761E-04 
4.33715E-05 2.38680E-04 
1.11900E-04 1.64503E-04 
1.72283E-04 9.73751E-05 
2.18112E-04 4.33013E-05 
2.63423E-04 -1.02354E-05 
3.02191E-04 -5.78823E-05 
3.34957E-04 -1.00007E-04 
3.62452E-04 -1.37149E-04 
3.86008E-04 -1.70366E-04 
4.08762E-04 -2.02234E-04 
4.39549E-04 -2.40113E-04 
5.03326E-04 -3.04922E-04 
6.52426E-04 -4.40731E-04 
9.18196E-04 -6.74412E-04 
1.19100E-03 -9.14381E-04 
1.32043E-03 -1.03381E-03 
-5.45271E-04 8.60335E-04 
-4.29099E-04 7.49023E-04 
-4.32659E-04 7.40114E-04 
-3.25950E-04 6.35588E-04 
-2.25976E-04 5.36215E-04 
-1.34098E-04 4.43153E-04 
-4.76536E-05 3.54070E-04 
1.40202E-05 2.89361E-04 
3.12145E-05 2.71128E-04 
1.07494E-04 1.88935E-04 
1.74754E-04 1.14396E-04 
2.33839E-04 4.69898E-05 
2.85023E-04 -1.33427E-05 
3.23015E-04 -6.15212E-05 
3.59552E-04 -1.08173E-04 
3.89872E-04 -1.49033E-04 
4.14412E-04 -1.84387E-04 
4.33878E-04 -2.14775E-04 
4.49516E-04 -2.41200E-04 
4.64137E-04 -2.66008E-04 
4.85480E-04 -2.95717E-04 
5.35166E-04 -3.48636E-04 
6.58194E-04 -4.63027E-04 
8.80912E-04 -6.61681E-04 
1.10823E-03 -8.64381E-04 
1.21131E-03 -9.61481E-04 
-3.45461E-04 6.88350E-04 
-2.33234E-04 5.77815E-04 
-2.26091E-04 5.58084E-04 
-1.31048E-04 4.61429E-04 
-4.23311E-05 3.69626E-04 
3.93760E-05 2.83424E-04 
1.14535E-04 2.02522E-04 
1.68060E-04 1.43700E-04 
1.82889E-04 1.27187E-04 
2.48324E-04 5.29597E-05 
3.05524E-04 -1.40990E-05 
3.54499E-04 -7.36938E-05 
3.95671E-04 -1.26080E-04 
4.25011E-04 -1.67248E-04 
4.52138E-04 -2.06054E-04 
4.73346E-04 -2.39161E-04 
4.89093E-04 -2.66886E-04 
5.00085E-04 -2.89782E-04 
5.07477E-04 -3.08804E-04 
5.13780E-04 -3.26071E-04 
5.25735E-04 -3.47330E-04 
5.61956E-04 -3.88495E-04 
6.60890E-04 -4.82557E-04 
8.44533E-04 -6.48711E-04 
1.03099E-03 -8.17236E-04 
1.11063E-03 -8.94031E-04 
-1.36912E-04 5.00176E-04 
-3.23922E-05 3.94225E-04 
-1.74043E-05 3.66386E-04 
6.64592E-05 2.77674E-04 
1.43371E-04 1.94444E-04 
2.14268E-04 1.16177E-04 
2.77932E-04 4.40321E-05 
3.21730E-04 -7.08732E-06 
3.33837E-04 -2.14336E-05 
3.87263E-04 -8.61009E-05 
4.32595E-04 -1.43499E-04 
4.70395E-04 -1.93884E-04 
5.00965E-04 -2.37358E-04 
5.21167E-04 -2.70698E-04 
5.38569E-04 -3.00995E-04 
5.50355E-04 -3.25700E-04 
5.57052E-04 -3.45211E-04 
5.59355E-04 -3.60092E-04 
5.58369E-04 -3.71277E-04 
5.56346E-04 -3.80700E-04 
5.59148E-04 -3.93410E-04 
5.82735E-04 -4.23184E-04 
6.59799E-04 -4.98321E-04 
8.08616E-04 -6.34905E-04 
9.59020E-04 -7.72689E-04 
1.01817E-03 -8.31354E-04 
8.15207E-05 2.94955E-04 
1.73895E-04 1.97904E-04 
1.95926E-04 1.62856E-04 
2.67459E-04 8.36566E-05 
3.28844E-04 1.29704E-05 
3.88568E-04 -5.65543E-05 
4.40382E-04 -1.19161E-04 
4.75715E-04 -1.63382E-04 
4.85095E-04 -1.75457E-04 
5.24415E-04 -2.28146E-04 
5.56757E-04 -2.74411E-04 
5.82528E-04 -3.14333E-04 
6.01697E-04 -3.47725E-04 
6.11791E-04 -3.71951E-04 
6.18777E-04 -3.92716E-04 
6.20605E-04 -4.08160E-04 
6.17834E-04 -4.18729E-04 
6.11165E-04 -4.25013E-04 
6.01642E-04 -4.27915E-04 
5.91280E-04 -4.29195E-04 
5.85155E-04 -4.33276E-04 
5.96865E-04 -4.52006E-04 
6.54029E-04 -5.09497E-04 
7.71717E-04 -6.19124E-04 
8.90215E-04 -7.29201E-04 
9.31436E-04 -7.71649E-04 
3.05800E-04 7.65818E-05 
3.82940E-04 -8.26604E-06 
4.07455E-04 -4.62496E-05 
4.67385E-04 -1.16016E-04 
5.12523E-04 -1.72998E-04 
5.57395E-04 -2.29898E-04 
5.96099E-04 -2.81259E-04 
6.21972E-04 -3.17316E-04 
6.28742E-04 -3.27129E-04 
6.56140E-04 -3.69363E-04 
6.75166E-04 -4.03666E-04 
6.88227E-04 -4.32056E-04 
6.95157E-04 -4.54148E-04 
6.94363E-04 -4.68132E-04 
6.90453E-04 -4.78526E-04 
6.81974E-04 -4.84019E-04 
6.69502E-04 -4.85094E-04 
6.53757E-04 -4.82375E-04 
6.35725E-04 -4.76737E-04 
6.17213E-04 -4.69785E-04 
6.02590E-04 -4.65375E-04 
6.03386E-04 -4.73643E-04 
6.42801E-04 -5.15017E-04 
7.33180E-04 -6.00543E-04 
8.23962E-04 -6.86121E-04 
8.49817E-04 -7.14367E-04 
5.30362E-04 -1.49257E-04 
5.90088E-04 -2.19366E-04 
6.11413E-04 -2.54962E-04 
6.62743E-04 -3.17460E-04 
6.92855E-04 -3.61289E-04 
7.19892E-04 -4.02407E-04 
7.45171E-04 -4.41743E-04 
7.60355E-04 -4.68119E-04 
7.64195E-04 -4.75270E-04 
7.77863E-04 -5.04881E-04 
7.84380E-04 -5.27505E-04 
7.84118E-04 -5.43282E-04 
7.78398E-04 -5.53257E-04 
7.66235E-04 -5.56170E-04 
7.51182E-04 -5.55608E-04 
7.32292E-04 -5.50723E-04 
7.10157E-04 -5.42030E-04 
6.85491E-04 -5.30170E-04 
6.59227E-04 -5.15995E-04 
6.32976E-04 -5.00964E-04 
6.10485E-04 -4.88423E-04 
6.01474E-04 -4.87001E-04 
6.25321E-04 -5.13901E-04 
6.92056E-04 -5.78177E-04 
7.59078E-04 -6.42385E-04 
7.72008E-04 -6.58413E-04 
7.47280E-04 -3.74336E-04 
7.89651E-04 -4.29262E-04 
8.02941E-04 -4.57760E-04 
8.46205E-04 -5.13074E-04 
8.63893E-04 -5.45620E-04 
8.73757E-04 -5.71047E-04 
8.84442E-04 -5.96899E-04 
8.88629E-04 -6.12955E-04 
8.89141E-04 -6.16964E-04 
8.87862E-04 -6.32369E-04 
8.80430E-04 -6.41516E-04 
8.66536E-04 -6.43957E-04 
8.47856E-04 -6.41113E-04 
8.24362E-04 -6.32629E-04 
7.98395E-04 -6.20976E-04 
7.69350E-04 -6.05636E-04 
7.37887E-04 -5.87206E-04 
7.04738E-04 -5.66367E-04 
6.70791E-04 -5.43950E-04 
6.37470E-04 -5.21271E-04 
6.07966E-04 -5.01217E-04 
5.90419E-04 -4.91085E-04 
6.00914E-04 -5.05272E-04 
6.47519E-04 -5.51127E-04 
6.94503E-04 -5.97004E-04 
6.96840E-04 -6.02777E-04 
9.47012E-04 -5.88682E-04 
9.73611E-04 -6.29397E-04 
9.75927E-04 -6.47789E-04 
1.00798E-03 -6.92715E-04 
1.01791E-03 -7.17805E-04 
1.01188E-03 -7.28225E-04 
1.00771E-03 -7.39963E-04 
1.00116E-03 -7.45655E-04 
9.98353E-04 -7.46441E-04 
9.80927E-04 -7.46047E-04 
9.58729E-04 -7.40552E-04 
9.31396E-04 -7.29474E-04 
9.00283E-04 -7.13943E-04 
8.65759E-04 -6.94005E-04 
8.29347E-04 -6.71395E-04 
7.90797E-04 -6.45938E-04 
7.50763E-04 -6.18246E-04 
7.09953E-04 -5.88994E-04 
6.69207E-04 -5.58992E-04 
6.29781E-04 -5.29423E-04 
5.94370E-04 -5.02759E-04 
5.69735E-04 -4.85121E-04 
5.69125E-04 -4.88470E-04 
5.98951E-04 -5.18692E-04 
6.29384E-04 -5.49168E-04 
6.23360E-04 -5.46628E-04 
1.11947E-03 -7.81483E-04 
1.13279E-03 -8.09842E-04 
1.12306E-03 -8.16811E-04 
1.14147E-03 -8.48838E-04 
1.14487E-03 -8.67247E-04 
1.12693E-03 -8.65957E-04 
1.10634E-03 -8.61738E-04 
1.08892E-03 -8.56685E-04 
1.08334E-03 -8.54682E-04 
1.05270E-03 -8.40884E-04 
1.01560E-03 -8.20253E-04 
9.75230E-04 -7.95667E-04 
9.32328E-04 -7.67732E-04 
8.87637E-04 -7.36889E-04 
8.41850E-04 -7.04095E-04 
7.94821E-04 -6.69278E-04 
7.47298E-04 -6.33162E-04 
7.00000E-04 -5.96455E-04 
6.53681E-04 -5.59903E-04 
6.09420E-04 -5.24545E-04 
5.69459E-04 -4.92470E-04 
5.39358E-04 -4.68758E-04 
5.29924E-04 -4.63249E-04 
5.46163E-04 -4.80581E-04 
5.63314E-04 -4.98482E-04 
5.51063E-04 -4.89543E-04 
1.25662E-03 -9.43708E-04 
1.25818E-03 -9.60740E-04 
1.23771E-03 -9.57203E-04 
1.23978E-03 -9.73607E-04 
1.23693E-03 -9.85319E-04 
1.20960E-03 -9.74347E-04 
1.17408E-03 -9.55227E-04 
1.14532E-03 -9.38726E-04 
1.13648E-03 -9.33403E-04 
1.09338E-03 -9.06628E-04 
1.04595E-03 -8.74865E-04 
9.94439E-04 -8.38306E-04 
9.41336E-04 -7.99223E-04 
8.87703E-04 -7.58425E-04 
8.33847E-04 -7.16497E-04 
7.79812E-04 -6.73560E-04 
7.26329E-04 -6.30345E-04 
6.74078E-04 -5.87543E-04 
6.23733E-04 -5.45840E-04 
5.76192E-04 -5.06123E-04 
5.33271E-04 -4.70109E-04 
4.99466E-04 -4.41947E-04 
4.83477E-04 -4.29624E-04 
4.89122E-04 -4.36707E-04 
4.95996E-04 -4.44699E-04 
4.79537E-04 -4.31227E-04 
1.35072E-03 -1.06622E-03 
1.34112E-03 -1.07217E-03 
1.31201E-03 -1.05983E-03 
1.29800E-03 -1.06058E-03 
1.28771E-03 -1.06435E-03 
1.25344E-03 -1.04575E-03 
1.20477E-03 -1.01313E-03 
1.16652E-03 -9.86737E-04 
1.15509E-03 -9.78693E-04 
1.10056E-03 -9.39664E-04 
1.04464E-03 -8.98334E-04 
9.85219E-04 -8.52669E-04 
9.23961E-04 -8.04228E-04 
8.63490E-04 -7.55353E-04 
8.03645E-04 -7.06170E-04 
7.44722E-04 -6.57059E-04 
6.87369E-04 -6.08692E-04 
6.32187E-04 -5.61704E-04 
5.79763E-04 -5.16710E-04 
5.30809E-04 -4.74433E-04 
4.86748E-04 -4.36240E-04 
4.51143E-04 -4.05453E-04 
4.30884E-04 -3.88447E-04 
4.28800E-04 -3.87888E-04 
4.28230E-04 -3.88551E-04 
4.09472E-04 -3.72362E-04 
1.39791E-03 -1.14386E-03 
1.37759E-03 -1.13897E-03 
1.34166E-03 -1.11926E-03 
1.31324E-03 -1.10568E-03 
1.29395E-03 -1.09997E-03 
1.25596E-03 -1.07654E-03 
1.19529E-03 -1.03138E-03 
1.15155E-03 -9.98729E-04 
1.13891E-03 -9.89207E-04 
1.07569E-03 -9.40388E-04 
1.01186E-03 -8.89909E-04 
9.45700E-04 -8.36169E-04 
8.78887E-04 -7.80774E-04 
8.14165E-04 -7.26244E-04 
7.51040E-04 -6.72375E-04 
6.89765E-04 -6.19521E-04 
6.30996E-04 -5.68378E-04 
5.75229E-04 -5.19494E-04 
5.22918E-04 -4.73367E-04 
4.74587E-04 -4.30551E-04 
4.31307E-04 -3.92091E-04 
3.95820E-04 -3.60570E-04 
3.73464E-04 -3.40964E-04 
3.66250E-04 -3.35183E-04 
3.60759E-04 -3.30870E-04 
3.41417E-04 -3.13639E-04 
1.39716E-03 -1.17426E-03 
1.36688E-03 -1.15905E-03 
1.32514E-03 -1.13274E-03 
1.28536E-03 -1.10746E-03 
1.25436E-03 -1.08966E-03 
1.21556E-03 -1.06401E-03 
1.14714E-03 -1.01017E-03 
1.09698E-03 -9.70374E-04 
1.08348E-03 -9.59705E-04 
1.01783E-03 -9.06926E-04 
9.47363E-04 -8.48503E-04 
8.77082E-04 -7.89180E-04 
8.07512E-04 -7.29515E-04 
7.41416E-04 -6.72126E-04 
6.77835E-04 -6.16343E-04 
6.16965E-04 -5.62468E-04 
5.59393E-04 -5.11155E-04 
5.05491E-04 -4.62837E-04 
4.55554E-04 -4.17869E-04 
4.09915E-04 -3.76622E-04 
3.69310E-04 -3.39834E-04 
3.35772E-04 -3.09433E-04 
3.13313E-04 -2.89190E-04 
3.03291E-04 -2.80403E-04 
2.95097E-04 -2.73229E-04 
2.76645E-04 -2.56432E-04 
1.35173E-03 -1.15944E-03 
1.31249E-03 -1.13469E-03 
1.26501E-03 -1.10171E-03 
1.21717E-03 -1.06765E-03 
1.17396E-03 -1.03720E-03 
1.13555E-03 -1.01042E-03 
1.06511E-03 -9.53181E-04 
1.00841E-03 -9.06109E-04 
9.93726E-04 -8.93993E-04 
9.26500E-04 -8.38133E-04 
8.54948E-04 -7.77089E-04 
7.82878E-04 -7.14490E-04 
7.13346E-04 -6.53336E-04 
6.48787E-04 -5.95998E-04 
5.87704E-04 -5.41269E-04 
5.30073E-04 -4.89254E-04 
4.76295E-04 -4.40432E-04 
4.26627E-04 -3.95129E-04 
3.81205E-04 -3.53547E-04 
3.40158E-04 -3.15864E-04 
3.03922E-04 -2.82530E-04 
2.73918E-04 -2.54906E-04 
2.53053E-04 -2.35742E-04 
2.42185E-04 -2.25861E-04 
2.33126E-04 -2.17617E-04 
2.16714E-04 -2.02442E-04 
1.26865E-03 -1.10538E-03 
1.22184E-03 -1.07222E-03 
1.16882E-03 -1.03269E-03 
1.11523E-03 -9.91881E-04 
1.06225E-03 -9.50944E-04 
1.02151E-03 -9.20575E-04 
9.56142E-04 -8.66551E-04 
8.95133E-04 -8.14350E-04 
8.79546E-04 -8.01069E-04 
8.07530E-04 -7.39171E-04 
7.37093E-04 -6.77705E-04 
6.68755E-04 -6.17247E-04 
6.02829E-04 -5.58202E-04 
5.42735E-04 -5.03920E-04 
4.86813E-04 -4.53010E-04 
4.34914E-04 -4.05459E-04 
3.87239E-04 -3.61558E-04 
3.43854E-04 -3.21450E-04 
3.04701E-04 -2.85146E-04 
2.69730E-04 -2.52644E-04 
2.39124E-04 -2.24153E-04 
2.13805E-04 -2.00562E-04 
1.95789E-04 -1.83789E-04 
1.85572E-04 -1.74309E-04 
1.77027E-04 -1.66370E-04 
1.63397E-04 -1.53620E-04 
1.15804E-03 -1.02139E-03 
1.10509E-03 -9.81068E-04 
1.04724E-03 -9.35591E-04 
9.90294E-04 -8.90223E-04 
9.29875E-04 -8.40941E-04 
8.84801E-04 -8.05185E-04 
8.27256E-04 -7.57008E-04 
7.66712E-04 -7.04210E-04 
7.50019E-04 -6.89603E-04 
6.75510E-04 -6.23993E-04 
6.06898E-04 -5.62951E-04 
5.44255E-04 -5.06704E-04 
4.85248E-04 -4.53154E-04 
4.31966E-04 -4.04405E-04 
3.83291E-04 -3.59557E-04 
3.39011E-04 -3.18526E-04 
2.99069E-04 -2.81351E-04 
2.63308E-04 -2.47954E-04 
2.31491E-04 -2.18165E-04 
2.03416E-04 -1.91828E-04 
1.79072E-04 -1.68960E-04 
1.59000E-04 -1.50088E-04 
1.44530E-04 -1.36482E-04 
1.35920E-04 -1.28390E-04 
1.28747E-04 -1.21638E-04 
1.18183E-04 -1.11671E-04 
1.03110E-03 -9.18174E-04 
9.73862E-04 -8.72399E-04 
9.12422E-04 -8.22141E-04 
8.53469E-04 -7.73496E-04 
7.89427E-04 -7.19462E-04 
7.39013E-04 -6.77426E-04 
6.89326E-04 -6.35315E-04 
6.32653E-04 -5.85197E-04 
6.15931E-04 -5.70307E-04 
5.43981E-04 -5.05961E-04 
4.80035E-04 -4.48253E-04 
4.22975E-04 -3.96336E-04 
3.71693E-04 -3.49298E-04 
3.26542E-04 -3.07580E-04 
2.86221E-04 -2.70092E-04 
2.50419E-04 -2.36640E-04 
2.18830E-04 -2.07009E-04 
1.91060E-04 -1.80882E-04 
1.66742E-04 -1.57952E-04 
1.45561E-04 -1.37949E-04 
1.27375E-04 -1.20753E-04 
1.12452E-04 -1.06631E-04 
1.01631E-04 -9.63834E-05 
9.50276E-05 -9.01215E-05 
8.95715E-05 -8.49399E-05 
8.19257E-05 -7.76823E-05 
8.98776E-04 -8.06465E-04 
8.39105E-04 -7.57009E-04 
7.76097E-04 -7.03898E-04 
7.16287E-04 -6.53146E-04 
6.52028E-04 -5.97638E-04 
5.98843E-04 -5.51849E-04 
5.56515E-04 -5.15535E-04 
5.05383E-04 -4.69808E-04 
4.88438E-04 -4.54488E-04 
4.22045E-04 -3.94434E-04 
3.66041E-04 -3.43412E-04 
3.15377E-04 -2.96833E-04 
2.71459E-04 -2.56188E-04 
2.34610E-04 -2.21891E-04 
2.02837E-04 -1.92160E-04 
1.75502E-04 -1.66473E-04 
1.51972E-04 -1.44285E-04 
1.31686E-04 -1.25105E-04 
1.14196E-04 -1.08536E-04 
9.91526E-05 -9.42642E-05 
8.63604E-05 -8.21162E-05 
7.59258E-05 -7.21988E-05 
6.83528E-05 -6.49925E-05 
6.36879E-05 -6.05417E-05 
5.98773E-05 -5.69004E-05 
5.46829E-05 -5.19500E-05 
---
