PdfType: replica
Format: lhagrid1
---
1.00000E-06 1.28121E-06 1.64152E-06 2.10317E-06 2.69463E-06 3.45242E-06 4.42329E-06 5.66715E-06 7.26076E-06 9.30241E-06 1.19180E-05 1.52689E-05 1.95617E-05 2.50609E-05 3.21053E-05 4.11287E-05 5.26863E-05 6.74889E-05 8.64459E-05 1.10720E-04 1.41800E-04 1.81585E-04 2.32503E-04 2.97652E-04 3.80981E-04 4.87518E-04 6.26039E-04 8.00452E-04 1.02297E-03 1.30657E-03 1.66759E-03 2.12729E-03 2.71054E-03 3.44865E-03 4.37927E-03 5.54908E-03 7.01192E-03 8.83064E-03 1.10763E-02 1.38266E-02 1.71641E-02 2.11717E-02 2.59364E-02 3.15062E-02 3.79623E-02 4.53425E-02 5.36750E-02 6.29705E-02 7.32221E-02 8.44039E-02 9.64793E-02 1.09332E-01 1.23067E-01 1.37507E-01 1.52639E-01 1.68416E-01 1.84794E-01 2.01731E-01 2.19016E-01 2.36948E-01 2.55242E-01 2.73927E-01 2.92954E-01 3.12340E-01 3.32036E-01 3.52019E-01 3.72282E-01 3.92772E-01 4.13533E-01 4.34326E-01 4.55495E-01 4.76836E-01 4.98342E-01 5.20006E-01 5.41818E-01 5.63773E-01 5.85861E-01 6.08077E-01 6.30459E-01 6.52800E-01 6.75387E-01 6.98063E-01 7.20830E-01 7.43683E-01 7.66623E-01 7.89636E-01 8.12791E-01 8.35940E-01 8.59175E-01 8.82485E-01 9.05866E-01 9.29311E-01 9.52817E-01 9.76387E-01 1.00000E+00 
1.14018E+00 1.22539E+00 1.32482E+00 1.44156E+00 1.57954E+00 1.74381E+00 1.94091E+00 2.12132E+00 2.17945E+00 2.49622E+00 2.89383E+00 3.39925E+00 4.05063E+00 4.90286E+00 6.03623E+00 7.57063E+00 9.68869E+00 1.26749E+01 1.69835E+01 2.33578E+01 3.30501E+01 4.82334E+01 7.28041E+01 1.13998E+02 1.85779E+02 3.16228E+02 
908 909 
-5.57002E-05 -3.66455E-05 
-5.71116E-05 -3.75907E-05 
-5.87744E-05 -3.91006E-05 
-6.03536E-05 -4.02469E-05 
-6.20262E-05 -4.14711E-05 
-6.38078E-05 -4.27899E-05 
-6.57189E-05 -4.42220E-05 
-6.73027E-05 -4.54205E-05 
-6.77854E-05 -4.57875E-05 
-7.02251E-05 -4.76499E-05 
-7.29326E-05 -4.97214E-05 
-7.59680E-05 -5.20318E-05 
-7.94028E-05 -5.46117E-05 
-8.40405E-05 -5.74405E-05 
-8.91248E-05 -6.07369E-05 
-9.49686E-05 -6.44034E-05 
-1.01709E-04 -6.84768E-05 
-1.09508E-04 -7.29970E-05 
-1.18574E-04 -7.80153E-05 
-1.29224E-04 -8.36245E-05 
-1.42108E-04 -9.00750E-05 
-1.59010E-04 -9.81614E-05 
-1.84581E-04 -1.10002E-04 
-2.25524E-04 -1.28371E-04 
-2.80226E-04 -1.51595E-04 
-3.36675E-04 -1.73364E-04 
-6.17120E-05 -4.01414E-05 
-6.32853E-05 -4.11690E-05 
-6.51771E-05 -4.28441E-05 
-6.69486E-05 -4.40947E-05 
-6.88234E-05 -4.54338E-05 
-7.08200E-05 -4.68797E-05 
-7.29621E-05 -4.84525E-05 
-7.47382E-05 -4.97702E-05 
-7.52796E-05 -5.01737E-05 
-7.80171E-05 -5.22221E-05 
-8.10570E-05 -5.44993E-05 
-8.44661E-05 -5.70357E-05 
-8.83234E-05 -5.98620E-05 
-9.34736E-05 -6.29049E-05 
-9.91352E-05 -6.64735E-05 
-1.05631E-04 -7.04313E-05 
-1.13108E-04 -7.48138E-05 
-1.21742E-04 -7.96592E-05 
-1.31753E-04 -8.50169E-05 
-1.43481E-04 -9.09800E-05 
-1.57631E-04 -9.78080E-05 
-1.76148E-04 -1.06336E-04 
-2.04111E-04 -1.18791E-04 
-2.48813E-04 -1.38059E-04 
-3.08384E-04 -1.62288E-04 
-3.69588E-04 -1.84781E-04 
-6.83309E-05 -4.39328E-05 
-7.00766E-05 -4.50539E-05 
-7.22331E-05 -4.69002E-05 
-7.42107E-05 -4.82687E-05 
-7.63035E-05 -4.97374E-05 
-7.85330E-05 -5.13259E-05 
-8.09267E-05 -5.30558E-05 
-8.29128E-05 -5.45058E-05 
-8.35186E-05 -5.49499E-05 
-8.65833E-05 -5.72034E-05 
-8.99893E-05 -5.97059E-05 
-9.38108E-05 -6.24879E-05 
-9.81348E-05 -6.55798E-05 
-1.03843E-04 -6.88457E-05 
-1.10136E-04 -7.27015E-05 
-1.17345E-04 -7.69644E-05 
-1.25625E-04 -8.16679E-05 
-1.35165E-04 -8.68478E-05 
-1.46200E-04 -9.25510E-05 
-1.59092E-04 -9.88700E-05 
-1.74604E-04 -1.06073E-04 
-1.94852E-04 -1.15035E-04 
-2.25374E-04 -1.28089E-04 
-2.74088E-04 -1.48222E-04 
-3.38836E-04 -1.73389E-04 
-4.05066E-04 -1.96504E-04 
-7.55726E-05 -4.80847E-05 
-7.75051E-05 -4.93095E-05 
-7.99617E-05 -5.13347E-05 
-8.21638E-05 -5.28337E-05 
-8.44949E-05 -5.44452E-05 
-8.69800E-05 -5.61908E-05 
-8.96508E-05 -5.80931E-05 
-9.18691E-05 -5.96878E-05 
-9.25460E-05 -6.01761E-05 
-9.59732E-05 -6.26525E-05 
-9.97854E-05 -6.53982E-05 
-1.04065E-04 -6.84437E-05 
-1.08906E-04 -7.18183E-05 
-1.15222E-04 -7.53132E-05 
-1.22208E-04 -7.94686E-05 
-1.30195E-04 -8.40472E-05 
-1.39351E-04 -8.90800E-05 
-1.49876E-04 -9.45997E-05 
-1.62019E-04 -1.00650E-04 
-1.76167E-04 -1.07321E-04 
-1.93142E-04 -1.14890E-04 
-2.15245E-04 -1.24268E-04 
-2.48503E-04 -1.37888E-04 
-3.01503E-04 -1.58819E-04 
-3.71758E-04 -1.84812E-04 
-4.43290E-04 -2.08410E-04 
-8.34737E-05 -5.26566E-05 
-8.56107E-05 -5.39941E-05 
-8.84041E-05 -5.62070E-05 
-9.08534E-05 -5.78474E-05 
-9.34476E-05 -5.96140E-05 
-9.62157E-05 -6.15297E-05 
-9.91940E-05 -6.36185E-05 
-1.01670E-04 -6.53691E-05 
-1.02427E-04 -6.59050E-05 
-1.06257E-04 -6.86205E-05 
-1.10521E-04 -7.16257E-05 
-1.15310E-04 -7.49505E-05 
-1.20726E-04 -7.86228E-05 
-1.27704E-04 -8.23495E-05 
-1.35448E-04 -8.68140E-05 
-1.44285E-04 -9.17157E-05 
-1.54395E-04 -9.70826E-05 
-1.65987E-04 -1.02943E-04 
-1.79328E-04 -1.09337E-04 
-1.94827E-04 -1.16351E-04 
-2.13371E-04 -1.24269E-04 
-2.37457E-04 -1.34035E-04 
-2.73640E-04 -1.48167E-04 
-3.31211E-04 -1.69796E-04 
-4.07314E-04 -1.96462E-04 
-4.84423E-04 -2.20367E-04 
-9.20924E-05 -5.77012E-05 
-9.44550E-05 -5.91593E-05 
-9.76238E-05 -6.15689E-05 
-1.00347E-04 -6.33603E-05 
-1.03233E-04 -6.52928E-05 
-1.06316E-04 -6.73905E-05 
-1.09637E-04 -6.96785E-05 
-1.12401E-04 -7.15954E-05 
-1.13245E-04 -7.21819E-05 
-1.17526E-04 -7.51514E-05 
-1.22294E-04 -7.84307E-05 
-1.27648E-04 -8.20486E-05 
-1.33702E-04 -8.60311E-05 
-1.41400E-04 -8.99894E-05 
-1.49972E-04 -9.47696E-05 
-1.59736E-04 -9.99986E-05 
-1.70882E-04 -1.05700E-04 
-1.83630E-04 -1.11898E-04 
-1.98260E-04 -1.18627E-04 
-2.15210E-04 -1.25970E-04 
-2.35431E-04 -1.34212E-04 
-2.61631E-04 -1.44325E-04 
-3.00929E-04 -1.58896E-04 
-3.63364E-04 -1.81088E-04 
-4.45654E-04 -2.08231E-04 
-5.28605E-04 -2.32227E-04 
-1.01505E-04 -6.32645E-05 
-1.04117E-04 -6.48498E-05 
-1.07703E-04 -6.74643E-05 
-1.10730E-04 -6.94151E-05 
-1.13941E-04 -7.15230E-05 
-1.17375E-04 -7.38135E-05 
-1.21077E-04 -7.63123E-05 
-1.24162E-04 -7.84049E-05 
-1.25105E-04 -7.90448E-05 
-1.29886E-04 -8.22814E-05 
-1.35215E-04 -8.58477E-05 
-1.41198E-04 -8.97707E-05 
-1.47956E-04 -9.40736E-05 
-1.56435E-04 -9.82597E-05 
-1.65911E-04 -1.03359E-04 
-1.76683E-04 -1.08916E-04 
-1.88950E-04 -1.14950E-04 
-2.02944E-04 -1.21478E-04 
-2.18960E-04 -1.28527E-04 
-2.37460E-04 -1.36176E-04 
-2.59466E-04 -1.44710E-04 
-2.87913E-04 -1.55119E-04 
-3.30517E-04 -1.70035E-04 
-3.98106E-04 -1.92619E-04 
-4.86915E-04 -2.19997E-04 
-5.75954E-04 -2.43832E-04 
-1.11806E-04 -6.93867E-05 
-1.14694E-04 -7.11051E-05 
-1.18743E-04 -7.39302E-05 
-1.22107E-04 -7.60474E-05 
-1.25679E-04 -7.83395E-05 
-1.29501E-04 -8.08326E-05 
-1.33629E-04 -8.35528E-05 
-1.37070E-04 -8.58295E-05 
-1.38122E-04 -8.65255E-05 
-1.43461E-04 -9.00411E-05 
-1.49411E-04 -9.39056E-05 
-1.56089E-04 -9.81433E-05 
-1.63626E-04 -1.02774E-04 
-1.72949E-04 -1.07181E-04 
-1.83407E-04 -1.12600E-04 
-1.95270E-04 -1.18483E-04 
-2.08747E-04 -1.24841E-04 
-2.24080E-04 -1.31685E-04 
-2.41579E-04 -1.39035E-04 
-2.61730E-04 -1.46962E-04 
-2.85631E-04 -1.55747E-04 
-3.16453E-04 -1.66389E-04 
-3.62552E-04 -1.81534E-04 
-4.35573E-04 -2.04304E-04 
-5.31214E-04 -2.31626E-04 
-6.26562E-04 -2.55005E-04 
-1.23101E-04 -7.61035E-05 
-1.26294E-04 -7.79601E-05 
-1.30856E-04 -8.09977E-05 
-1.34593E-04 -8.32876E-05 
-1.38565E-04 -8.57715E-05 
-1.42820E-04 -8.84761E-05 
-1.47418E-04 -9.14275E-05 
-1.51255E-04 -9.38962E-05 
-1.52429E-04 -9.46503E-05 
-1.58384E-04 -9.84554E-05 
-1.65021E-04 -1.02627E-04 
-1.72466E-04 -1.07188E-04 
-1.80858E-04 -1.12152E-04 
-1.91090E-04 -1.16767E-04 
-2.02612E-04 -1.22504E-04 
-2.15652E-04 -1.28705E-04 
-2.30430E-04 -1.35377E-04 
-2.47197E-04 -1.42519E-04 
-2.66276E-04 -1.50144E-04 
-2.88179E-04 -1.58313E-04 
-3.14081E-04 -1.67299E-04 
-3.47405E-04 -1.78095E-04 
-3.97175E-04 -1.93333E-04 
-4.75893E-04 -2.16040E-04 
-5.78651E-04 -2.42969E-04 
-6.80492E-04 -2.65553E-04 
-1.35511E-04 -8.34471E-05 
-1.39039E-04 -8.54464E-05 
-1.44170E-04 -8.86927E-05 
-1.48318E-04 -9.11609E-05 
-1.52730E-04 -9.38437E-05 
-1.57463E-04 -9.67681E-05 
-1.62582E-04 -9.99595E-05 
-1.66856E-04 -1.02627E-04 
-1.68163E-04 -1.03441E-04 
-1.74799E-04 -1.07545E-04 
-1.82194E-04 -1.12032E-04 
-1.90481E-04 -1.16919E-04 
-1.99809E-04 -1.22218E-04 
-2.11015E-04 -1.27027E-04 
-2.23685E-04 -1.33076E-04 
-2.37991E-04 -1.39585E-04 
-2.54162E-04 -1.46553E-04 
-2.72458E-04 -1.53970E-04 
-2.93214E-04 -1.61837E-04 
-3.16968E-04 -1.70203E-04 
-3.44974E-04 -1.79330E-04 
-3.80918E-04 -1.90189E-04 
-4.34526E-04 -2.05358E-04 
-5.19179E-04 -2.27715E-04 
-6.29302E-04 -2.53855E-04 
-7.37779E-04 -2.75259E-04 
-1.49163E-04 -9.14475E-05 
-1.53057E-04 -9.35938E-05 
-1.58820E-04 -9.70372E-05 
-1.63419E-04 -9.96885E-05 
-1.68316E-04 -1.02577E-04 
-1.73573E-04 -1.05729E-04 
-1.79265E-04 -1.09168E-04 
-1.84020E-04 -1.12040E-04 
-1.85475E-04 -1.12917E-04 
-1.92860E-04 -1.17326E-04 
-2.01085E-04 -1.22133E-04 
-2.10294E-04 -1.27350E-04 
-2.20641E-04 -1.32983E-04 
-2.32888E-04 -1.37964E-04 
-2.46792E-04 -1.44315E-04 
-2.62454E-04 -1.51118E-04 
-2.80111E-04 -1.58359E-04 
-3.00031E-04 -1.66020E-04 
-3.22559E-04 -1.74089E-04 
-3.48260E-04 -1.82601E-04 
-3.78467E-04 -1.91797E-04 
-4.17140E-04 -2.02614E-04 
-4.74735E-04 -2.17524E-04 
-5.65531E-04 -2.39195E-04 
-6.83223E-04 -2.64096E-04 
-7.98426E-04 -2.83883E-04 
-1.64196E-04 -1.00133E-04 
-1.68490E-04 -1.02431E-04 
-1.74952E-04 -1.06049E-04 
-1.80044E-04 -1.08888E-04 
-1.85470E-04 -1.11988E-04 
-1.91303E-04 -1.15374E-04 
-1.97624E-04 -1.19069E-04 
-2.02906E-04 -1.22151E-04 
-2.04523E-04 -1.23090E-04 
-2.12727E-04 -1.27811E-04 
-2.21860E-04 -1.32941E-04 
-2.32072E-04 -1.38488E-04 
-2.43527E-04 -1.44449E-04 
-2.56879E-04 -1.49577E-04 
-2.72104E-04 -1.56216E-04 
-2.89212E-04 -1.63292E-04 
-3.08448E-04 -1.70779E-04 
-3.30085E-04 -1.78647E-04 
-3.54479E-04 -1.86869E-04 
-3.82217E-04 -1.95464E-04 
-4.14716E-04 -2.04647E-04 
-4.56216E-04 -2.15299E-04 
-5.17926E-04 -2.29732E-04 
-6.15035E-04 -2.50332E-04 
-7.40442E-04 -2.73477E-04 
-8.62403E-04 -2.91159E-04 
-1.80757E-04 -1.09531E-04 
-1.85484E-04 -1.11984E-04 
-1.92719E-04 -1.15744E-04 
-1.98346E-04 -1.18775E-04 
-2.04350E-04 -1.22092E-04 
-2.10811E-04 -1.25718E-04 
-2.17818E-04 -1.29673E-04 
-2.23676E-04 -1.32970E-04 
-2.25469E-04 -1.33973E-04 
-2.34567E-04 -1.39008E-04 
-2.44688E-04 -1.44461E-04 
-2.55989E-04 -1.50333E-04 
-2.68641E-04 -1.56613E-04 
-2.83163E-04 -1.61857E-04 
-2.99796E-04 -1.68767E-04 
-3.18441E-04 -1.76089E-04 
-3.39346E-04 -1.83788E-04 
-3.62792E-04 -1.91818E-04 
-3.89140E-04 -2.00136E-04 
-4.19000E-04 -2.08742E-04 
-4.53870E-04 -2.17818E-04 
-4.98282E-04 -2.28162E-04 
-5.64209E-04 -2.41869E-04 
-6.67754E-04 -2.60956E-04 
-8.00957E-04 -2.81760E-04 
-9.29635E-04 -2.96791E-04 
-1.98999E-04 -1.19664E-04 
-2.04193E-04 -1.22278E-04 
-2.12280E-04 -1.26129E-04 
-2.18486E-04 -1.29356E-04 
-2.25118E-04 -1.32896E-04 
-2.32261E-04 -1.36768E-04 
-2.40015E-04 -1.40989E-04 
-2.46500E-04 -1.44502E-04 
-2.48485E-04 -1.45570E-04 
-2.58554E-04 -1.50919E-04 
-2.69745E-04 -1.56693E-04 
-2.82224E-04 -1.62881E-04 
-2.96164E-04 -1.69466E-04 
-3.11917E-04 -1.74790E-04 
-3.30045E-04 -1.81947E-04 
-3.50316E-04 -1.89485E-04 
-3.72981E-04 -1.97353E-04 
-3.98322E-04 -2.05492E-04 
-4.26707E-04 -2.13840E-04 
-4.58764E-04 -2.22372E-04 
-4.96075E-04 -2.31232E-04 
-5.43463E-04 -2.41109E-04 
-6.13678E-04 -2.53805E-04 
-7.23727E-04 -2.70877E-04 
-8.64728E-04 -2.88679E-04 
-1.00000E-03 -3.00451E-04 
-2.19085E-04 -1.30557E-04 
-2.24782E-04 -1.33335E-04 
-2.33805E-04 -1.37210E-04 
-2.40634E-04 -1.40637E-04 
-2.47943E-04 -1.44404E-04 
-2.55827E-04 -1.48527E-04 
-2.64390E-04 -1.53017E-04 
-2.71555E-04 -1.56748E-04 
-2.73748E-04 -1.57881E-04 
-2.84867E-04 -1.63543E-04 
-2.97214E-04 -1.69629E-04 
-3.10959E-04 -1.76122E-04 
-3.26280E-04 -1.82993E-04 
-3.43320E-04 -1.88355E-04 
-3.63030E-04 -1.95730E-04 
-3.85015E-04 -2.03445E-04 
-4.09525E-04 -2.11434E-04 
-4.36844E-04 -2.19619E-04 
-4.67340E-04 -2.27919E-04 
-5.01661E-04 -2.36284E-04 
-5.41468E-04 -2.44805E-04 
-5.91876E-04 -2.54033E-04 
-6.66412E-04 -2.65396E-04 
-7.82966E-04 -2.79884E-04 
-9.31677E-04 -2.93941E-04 
-1.07333E-03 -3.01785E-04 
-2.41188E-04 -1.42224E-04 
-2.47424E-04 -1.45175E-04 
-2.57466E-04 -1.48981E-04 
-2.64966E-04 -1.52614E-04 
-2.73005E-04 -1.56613E-04 
-2.81686E-04 -1.60990E-04 
-2.91124E-04 -1.65752E-04 
-2.99022E-04 -1.69700E-04 
-3.01439E-04 -1.70897E-04 
-3.13692E-04 -1.76867E-04 
-3.27281E-04 -1.83257E-04 
-3.42383E-04 -1.90037E-04 
-3.59176E-04 -1.97170E-04 
-3.77556E-04 -2.02521E-04 
-3.98933E-04 -2.10080E-04 
-4.22714E-04 -2.17927E-04 
-4.49150E-04 -2.25978E-04 
-4.78521E-04 -2.34138E-04 
-5.11195E-04 -2.42303E-04 
-5.47833E-04 -2.50393E-04 
-5.90173E-04 -2.58437E-04 
-6.43620E-04 -2.66813E-04 
-7.22467E-04 -2.76480E-04 
-8.45451E-04 -2.87743E-04 
-1.00167E-03 -2.97226E-04 
-1.14938E-03 -3.00408E-04 
-2.65489E-04 -1.54679E-04 
-2.72298E-04 -1.57809E-04 
-2.83448E-04 -1.61431E-04 
-2.91663E-04 -1.65274E-04 
-3.00484E-04 -1.69510E-04 
-3.10024E-04 -1.74145E-04 
-3.20403E-04 -1.79179E-04 
-3.29090E-04 -1.83343E-04 
-3.31748E-04 -1.84604E-04 
-3.45217E-04 -1.90874E-04 
-3.60136E-04 -1.97552E-04 
-3.76684E-04 -2.04599E-04 
-3.95042E-04 -2.11964E-04 
-4.14806E-04 -2.17250E-04 
-4.37930E-04 -2.24953E-04 
-4.63588E-04 -2.32879E-04 
-4.92024E-04 -2.40926E-04 
-5.23513E-04 -2.48978E-04 
-5.58418E-04 -2.56909E-04 
-5.97411E-04 -2.64603E-04 
-6.42302E-04 -2.72017E-04 
-6.98777E-04 -2.79314E-04 
-7.81873E-04 -2.86878E-04 
-9.11119E-04 -2.94201E-04 
-1.07453E-03 -2.98190E-04 
-1.22784E-03 -2.95907E-04 
-2.92177E-04 -1.67925E-04 
-2.99596E-04 -1.71243E-04 
-3.11936E-04 -1.74534E-04 
-3.20913E-04 -1.78594E-04 
-3.30571E-04 -1.83073E-04 
-3.41030E-04 -1.87970E-04 
-3.52418E-04 -1.93276E-04 
-3.61950E-04 -1.97653E-04 
-3.64866E-04 -1.98976E-04 
-3.79634E-04 -2.05535E-04 
-3.95971E-04 -2.12483E-04 
-4.14054E-04 -2.19770E-04 
-4.34064E-04 -2.27333E-04 
-4.55248E-04 -2.32496E-04 
-4.80198E-04 -2.40296E-04 
-5.07805E-04 -2.48239E-04 
-5.38307E-04 -2.56206E-04 
-5.71970E-04 -2.64058E-04 
-6.09146E-04 -2.71643E-04 
-6.50515E-04 -2.78808E-04 
-6.97950E-04 -2.85422E-04 
-7.57407E-04 -2.91389E-04 
-8.44629E-04 -2.96399E-04 
-9.79864E-04 -2.98985E-04 
-1.15000E-03 -2.96464E-04 
-1.30833E-03 -2.87850E-04 
-3.21453E-04 -1.81954E-04 
-3.29518E-04 -1.85473E-04 
-3.43126E-04 -1.88253E-04 
-3.52910E-04 -1.92540E-04 
-3.63459E-04 -1.97268E-04 
-3.74899E-04 -2.02430E-04 
-3.87362E-04 -2.08008E-04 
-3.97796E-04 -2.12593E-04 
-4.00987E-04 -2.13976E-04 
-4.17138E-04 -2.20811E-04 
-4.34978E-04 -2.28009E-04 
-4.54683E-04 -2.35506E-04 
-4.76429E-04 -2.43226E-04 
-4.99057E-04 -2.48204E-04 
-5.25904E-04 -2.56046E-04 
-5.55526E-04 -2.63937E-04 
-5.88150E-04 -2.71738E-04 
-6.24028E-04 -2.79285E-04 
-6.63500E-04 -2.86401E-04 
-7.07243E-04 -2.92889E-04 
-7.57189E-04 -2.98517E-04 
-8.19543E-04 -3.02878E-04 
-9.10698E-04 -3.04835E-04 
-1.05152E-03 -3.01805E-04 
-1.22775E-03 -2.91662E-04 
-1.39035E-03 -2.75787E-04 
-3.53523E-04 -1.96748E-04 
-3.62271E-04 -2.00484E-04 
-3.77210E-04 -2.02537E-04 
-3.87847E-04 -2.07061E-04 
-3.99340E-04 -2.12049E-04 
-4.11822E-04 -2.17480E-04 
-4.25429E-04 -2.23329E-04 
-4.36819E-04 -2.28119E-04 
-4.40302E-04 -2.29560E-04 
-4.57918E-04 -2.36656E-04 
-4.77343E-04 -2.44079E-04 
-4.98752E-04 -2.51751E-04 
-5.22314E-04 -2.59583E-04 
-5.46398E-04 -2.64310E-04 
-5.75206E-04 -2.72133E-04 
-6.06899E-04 -2.79894E-04 
-6.41690E-04 -2.87431E-04 
-6.79810E-04 -2.94559E-04 
-7.21581E-04 -3.01069E-04 
-7.67674E-04 -3.06718E-04 
-8.20066E-04 -3.11156E-04 
-8.85184E-04 -3.13611E-04 
-9.80001E-04 -3.11967E-04 
-1.12588E-03 -3.02357E-04 
-1.30738E-03 -2.83384E-04 
-1.47332E-03 -2.59258E-04 
-3.88604E-04 -2.12277E-04 
-3.98069E-04 -2.16250E-04 
-4.14386E-04 -2.17318E-04 
-4.25919E-04 -2.22099E-04 
-4.38409E-04 -2.27358E-04 
-4.51993E-04 -2.33066E-04 
-4.66811E-04 -2.39187E-04 
-4.79212E-04 -2.44177E-04 
-4.83003E-04 -2.45673E-04 
-5.02162E-04 -2.53014E-04 
-5.23252E-04 -2.60635E-04 
-5.46441E-04 -2.68445E-04 
-5.71889E-04 -2.76339E-04 
-5.97426E-04 -2.80749E-04 
-6.28251E-04 -2.88483E-04 
-6.62062E-04 -2.96026E-04 
-6.99049E-04 -3.03192E-04 
-7.39421E-04 -3.09771E-04 
-7.83474E-04 -3.15525E-04 
-8.31864E-04 -3.20159E-04 
-8.86603E-04 -3.23187E-04 
-9.54303E-04 -3.23408E-04 
-1.05241E-03 -3.17569E-04 
-1.20264E-03 -3.00329E-04 
-1.38838E-03 -2.71224E-04 
-1.55655E-03 -2.37806E-04 
-4.26911E-04 -2.28491E-04 
-4.37127E-04 -2.32728E-04 
-4.54839E-04 -2.32518E-04 
-4.67311E-04 -2.37577E-04 
-4.80850E-04 -2.43125E-04 
-4.95594E-04 -2.49122E-04 
-5.11687E-04 -2.55517E-04 
-5.25151E-04 -2.60703E-04 
-5.29265E-04 -2.62254E-04 
-5.50042E-04 -2.69823E-04 
-5.72870E-04 -2.77614E-04 
-5.97909E-04 -2.85521E-04 
-6.25307E-04 -2.93422E-04 
-6.52276E-04 -2.97450E-04 
-6.85166E-04 -3.05017E-04 
-7.21126E-04 -3.12242E-04 
-7.60324E-04 -3.18917E-04 
-8.02937E-04 -3.24806E-04 
-8.49230E-04 -3.29639E-04 
-8.99836E-04 -3.33066E-04 
-9.56782E-04 -3.34446E-04 
-1.02682E-03 -3.32083E-04 
-1.12776E-03 -3.21407E-04 
-1.28144E-03 -2.95407E-04 
-1.47014E-03 -2.54781E-04 
-1.63919E-03 -2.10986E-04 
-4.68659E-04 -2.45331E-04 
-4.79663E-04 -2.49866E-04 
-4.98747E-04 -2.48043E-04 
-5.12198E-04 -2.53413E-04 
-5.26834E-04 -2.59276E-04 
-5.42796E-04 -2.65576E-04 
-5.60224E-04 -2.72254E-04 
-5.74801E-04 -2.77635E-04 
-5.79254E-04 -2.79237E-04 
-6.01718E-04 -2.87019E-04 
-6.26352E-04 -2.94951E-04 
-6.53302E-04 -3.02911E-04 
-6.82702E-04 -3.10762E-04 
-7.11064E-04 -3.14345E-04 
-7.46055E-04 -3.21656E-04 
-7.84185E-04 -3.28452E-04 
-8.25590E-04 -3.34501E-04 
-8.70411E-04 -3.39544E-04 
-9.18874E-04 -3.43278E-04 
-9.71580E-04 -3.45291E-04 
-1.03055E-03 -3.44770E-04 
-1.10262E-03 -3.39448E-04 
-1.20579E-03 -3.23247E-04 
-1.36184E-03 -2.87279E-04 
-1.55195E-03 -2.33664E-04 
-1.72031E-03 -1.78379E-04 
-5.14059E-04 -2.62721E-04 
-5.25885E-04 -2.67599E-04 
-5.46266E-04 -2.63797E-04 
-5.60735E-04 -2.69522E-04 
-5.76516E-04 -2.75732E-04 
-5.93749E-04 -2.82360E-04 
-6.12571E-04 -2.89331E-04 
-6.28308E-04 -2.94908E-04 
-6.33112E-04 -2.96562E-04 
-6.57327E-04 -3.04542E-04 
-6.83827E-04 -3.12586E-04 
-7.12742E-04 -3.20554E-04 
-7.44187E-04 -3.28290E-04 
-7.73883E-04 -3.31370E-04 
-8.11000E-04 -3.38324E-04 
-8.51304E-04 -3.44567E-04 
-8.94893E-04 -3.49841E-04 
-9.41865E-04 -3.53864E-04 
-9.92400E-04 -3.56304E-04 
-1.04705E-03 -3.56682E-04 
-1.10782E-03 -3.53989E-04 
-1.18154E-03 -3.45311E-04 
-1.28623E-03 -3.22856E-04 
-1.44331E-03 -2.75643E-04 
-1.63297E-03 -2.07511E-04 
-1.79880E-03 -1.39613E-04 
-5.63308E-04 -2.80578E-04 
-5.75990E-04 -2.85852E-04 
-5.97523E-04 -2.79685E-04 
-6.13046E-04 -2.85820E-04 
-6.30019E-04 -2.92422E-04 
-6.48575E-04 -2.99409E-04 
-6.68847E-04 -3.06693E-04 
-6.85786E-04 -3.12471E-04 
-6.90955E-04 -3.14175E-04 
-7.16980E-04 -3.22342E-04 
-7.45399E-04 -3.30468E-04 
-7.76323E-04 -3.38394E-04 
-8.09845E-04 -3.45946E-04 
-8.40796E-04 -3.48473E-04 
-8.80053E-04 -3.54954E-04 
-9.22520E-04 -3.60500E-04 
-9.68248E-04 -3.64832E-04 
-1.01729E-03 -3.67646E-04 
-1.06976E-03 -3.68578E-04 
-1.12617E-03 -3.67083E-04 
-1.18844E-03 -3.61934E-04 
-1.26336E-03 -3.49483E-04 
-1.36870E-03 -3.20010E-04 
-1.52522E-03 -2.60220E-04 
-1.71226E-03 -1.75995E-04 
-1.87344E-03 -9.43747E-05 
-6.16579E-04 -2.98810E-04 
-6.30157E-04 -3.04549E-04 
-6.52604E-04 -2.95624E-04 
-6.69220E-04 -3.02241E-04 
-6.87429E-04 -3.09291E-04 
-7.07360E-04 -3.16679E-04 
-7.29134E-04 -3.24301E-04 
-7.47318E-04 -3.30287E-04 
-7.52863E-04 -3.32043E-04 
-7.80753E-04 -3.40386E-04 
-8.11138E-04 -3.48561E-04 
-8.44108E-04 -3.56390E-04 
-8.79730E-04 -3.63681E-04 
-9.11836E-04 -3.65612E-04 
-9.53236E-04 -3.71485E-04 
-9.97837E-04 -3.76170E-04 
-1.04564E-03 -3.79372E-04 
-1.09663E-03 -3.80765E-04 
-1.15088E-03 -3.79958E-04 
-1.20881E-03 -3.76335E-04 
-1.27225E-03 -3.68429E-04 
-1.34781E-03 -3.51775E-04 
-1.45278E-03 -3.14493E-04 
-1.60687E-03 -2.40754E-04 
-1.78873E-03 -1.38847E-04 
-1.94284E-03 -4.24344E-05 
-6.74942E-04 -3.17621E-04 
-6.89472E-04 -3.23914E-04 
-7.12490E-04 -3.11808E-04 
-7.30256E-04 -3.19005E-04 
-7.49769E-04 -3.26582E-04 
-7.71149E-04 -3.34429E-04 
-7.94505E-04 -3.42426E-04 
-8.13995E-04 -3.48635E-04 
-8.19934E-04 -3.50443E-04 
-8.49770E-04 -3.58952E-04 
-8.82198E-04 -3.67137E-04 
-9.17278E-04 -3.74802E-04 
-9.55048E-04 -3.81734E-04 
-9.88207E-04 -3.83027E-04 
-1.03177E-03 -3.88117E-04 
-1.07850E-03 -3.91735E-04 
-1.12831E-03 -3.93569E-04 
-1.18115E-03 -3.93278E-04 
-1.23699E-03 -3.90447E-04 
-1.29616E-03 -3.84385E-04 
-1.36039E-03 -3.73360E-04 
-1.43596E-03 -3.51981E-04 
-1.53932E-03 -3.05944E-04 
-1.68868E-03 -2.16622E-04 
-1.86229E-03 -9.51498E-05 
-2.00640E-03 1.72988E-05 
-7.36689E-04 -3.36350E-04 
-7.52205E-04 -3.43285E-04 
-7.75294E-04 -3.27729E-04 
-7.94239E-04 -3.35601E-04 
-8.15089E-04 -3.43779E-04 
-8.37953E-04 -3.52137E-04 
-8.62925E-04 -3.60538E-04 
-8.83744E-04 -3.66975E-04 
-8.90083E-04 -3.68836E-04 
-9.21891E-04 -3.77489E-04 
-9.56373E-04 -3.85635E-04 
-9.93561E-04 -3.93056E-04 
-1.03345E-03 -3.99522E-04 
-1.06752E-03 -4.00162E-04 
-1.11320E-03 -4.04285E-04 
-1.16194E-03 -4.06629E-04 
-1.21363E-03 -4.06869E-04 
-1.26810E-03 -4.04655E-04 
-1.32526E-03 -3.99553E-04 
-1.38533E-03 -3.90801E-04 
-1.44986E-03 -3.76380E-04 
-1.52468E-03 -3.49899E-04 
-1.62506E-03 -2.94431E-04 
-1.76723E-03 -1.88390E-04 
-1.92932E-03 -4.61417E-05 
-2.06051E-03 8.29679E-05 
-8.02756E-04 -3.55243E-04 
-8.19320E-04 -3.62924E-04 
-8.41830E-04 -3.43705E-04 
-8.62012E-04 -3.52369E-04 
-8.84267E-04 -3.61239E-04 
-9.08683E-04 -3.70168E-04 
-9.35338E-04 -3.79004E-04 
-9.57538E-04 -3.85674E-04 
-9.64292E-04 -3.87583E-04 
-9.98134E-04 -3.96347E-04 
-1.03472E-03 -4.04384E-04 
-1.07405E-03 -4.11455E-04 
-1.11607E-03 -4.17312E-04 
-1.15090E-03 -4.17275E-04 
-1.19867E-03 -4.20196E-04 
-1.24936E-03 -4.21002E-04 
-1.30277E-03 -4.19364E-04 
-1.35867E-03 -4.14932E-04 
-1.41686E-03 -4.07258E-04 
-1.47745E-03 -3.95509E-04 
-1.54174E-03 -3.77362E-04 
-1.61498E-03 -3.45334E-04 
-1.71078E-03 -2.79647E-04 
-1.84286E-03 -1.55573E-04 
-1.98962E-03 8.84264E-06 
-2.10447E-03 1.55312E-04 
-8.73137E-04 -3.74287E-04 
-8.90829E-04 -3.82827E-04 
-9.11920E-04 -3.59892E-04 
-9.33423E-04 -3.69471E-04 
-9.57167E-04 -3.79119E-04 
-9.83225E-04 -3.88674E-04 
-1.01165E-03 -3.97963E-04 
-1.03530E-03 -4.04853E-04 
-1.04248E-03 -4.06804E-04 
-1.07844E-03 -4.15616E-04 
-1.11719E-03 -4.23437E-04 
-1.15870E-03 -4.30011E-04 
-1.20287E-03 -4.35073E-04 
-1.23833E-03 -4.34333E-04 
-1.28814E-03 -4.35762E-04 
-1.34067E-03 -4.34716E-04 
-1.39565E-03 -4.30872E-04 
-1.45273E-03 -4.23889E-04 
-1.51162E-03 -4.13314E-04 
-1.57228E-03 -3.98247E-04 
-1.63573E-03 -3.76042E-04 
-1.70642E-03 -3.38036E-04 
-1.79584E-03 -2.61384E-04 
-1.91455E-03 -1.18065E-04 
-2.04172E-03 6.97235E-05 
-2.13648E-03 2.34021E-04 
-9.47762E-04 -3.93524E-04 
-9.66692E-04 -4.03031E-04 
-9.85320E-04 -3.76553E-04 
-1.00826E-03 -3.87163E-04 
-1.03361E-03 -3.97664E-04 
-1.06143E-03 -4.07875E-04 
-1.09175E-03 -4.17604E-04 
-1.11692E-03 -4.24674E-04 
-1.12456E-03 -4.26650E-04 
-1.16274E-03 -4.35400E-04 
-1.20374E-03 -4.42846E-04 
-1.24749E-03 -4.48715E-04 
-1.29384E-03 -4.52733E-04 
-1.32978E-03 -4.51248E-04 
-1.38159E-03 -4.50828E-04 
-1.43585E-03 -4.47556E-04 
-1.49219E-03 -4.41127E-04 
-1.55017E-03 -4.31218E-04 
-1.60937E-03 -4.17386E-04 
-1.66959E-03 -3.98668E-04 
-1.73152E-03 -3.72077E-04 
-1.79859E-03 -3.27689E-04 
-1.87960E-03 -2.39402E-04 
-1.98128E-03 -7.57859E-05 
-2.08411E-03 1.36320E-04 
-2.15470E-03 3.18616E-04 
-1.02663E-03 -4.13085E-04 
-1.04695E-03 -4.23651E-04 
-1.06184E-03 -3.94103E-04 
-1.08639E-03 -4.05832E-04 
-1.11352E-03 -4.17224E-04 
-1.14327E-03 -4.28077E-04 
-1.17564E-03 -4.38178E-04 
-1.20246E-03 -4.45340E-04 
-1.21060E-03 -4.47310E-04 
-1.25113E-03 -4.55812E-04 
-1.29451E-03 -4.62642E-04 
-1.34058E-03 -4.67516E-04 
-1.38914E-03 -4.70156E-04 
-1.42547E-03 -4.67850E-04 
-1.47921E-03 -4.65140E-04 
-1.53506E-03 -4.59192E-04 
-1.59253E-03 -4.49735E-04 
-1.65107E-03 -4.36480E-04 
-1.71014E-03 -4.19003E-04 
-1.76936E-03 -3.96287E-04 
-1.82898E-03 -3.64990E-04 
-1.89123E-03 -3.13853E-04 
-1.96155E-03 -2.13349E-04 
-2.04208E-03 -2.85861E-05 
-2.11532E-03 2.08466E-04 
-2.15728E-03 4.08585E-04 
-1.10941E-03 -4.33089E-04 
-1.13132E-03 -4.44763E-04 
-1.14101E-03 -4.13006E-04 
-1.16740E-03 -4.25881E-04 
-1.19655E-03 -4.38130E-04 
-1.22846E-03 -4.49529E-04 
-1.26310E-03 -4.59847E-04 
-1.29173E-03 -4.66940E-04 
-1.30040E-03 -4.68850E-04 
-1.34349E-03 -4.76811E-04 
-1.38940E-03 -4.82675E-04 
-1.43790E-03 -4.86154E-04 
-1.48873E-03 -4.86976E-04 
-1.52535E-03 -4.83720E-04 
-1.58096E-03 -4.78189E-04 
-1.63821E-03 -4.69044E-04 
-1.69652E-03 -4.56061E-04 
-1.75523E-03 -4.39003E-04 
-1.81366E-03 -4.17482E-04 
-1.87123E-03 -3.90431E-04 
-1.92770E-03 -3.54146E-04 
-1.98379E-03 -2.95977E-04 
-2.04093E-03 -1.82856E-04 
-2.09583E-03 2.35467E-05 
-2.13379E-03 2.85660E-04 
-2.14244E-03 5.02931E-04 
-1.19588E-03 -4.53725E-04 
-1.21966E-03 -4.66477E-04 
-1.22250E-03 -4.33826E-04 
-1.25106E-03 -4.47770E-04 
-1.28255E-03 -4.60726E-04 
-1.31694E-03 -4.72452E-04 
-1.35414E-03 -4.82701E-04 
-1.38479E-03 -4.89461E-04 
-1.39405E-03 -4.91226E-04 
-1.43994E-03 -4.98209E-04 
-1.48858E-03 -5.02611E-04 
-1.53965E-03 -5.04154E-04 
-1.59281E-03 -5.02587E-04 
-1.62970E-03 -4.98175E-04 
-1.68704E-03 -4.89192E-04 
-1.74547E-03 -4.76249E-04 
-1.80428E-03 -4.59187E-04 
-1.86270E-03 -4.37839E-04 
-1.91991E-03 -4.11868E-04 
-1.97509E-03 -3.80170E-04 
-2.02746E-03 -3.38668E-04 
-2.07595E-03 -2.73287E-04 
-2.11718E-03 -1.47366E-04 
-2.14158E-03 8.07428E-05 
-2.13817E-03 3.67439E-04 
-2.10860E-03 6.00634E-04 
-1.28577E-03 -4.75151E-04 
-1.31180E-03 -4.88827E-04 
-1.30603E-03 -4.57091E-04 
-1.33721E-03 -4.71863E-04 
-1.37147E-03 -4.85208E-04 
-1.40874E-03 -4.96867E-04 
-1.44888E-03 -5.06582E-04 
-1.48182E-03 -5.12607E-04 
-1.49174E-03 -5.14104E-04 
-1.54075E-03 -5.19481E-04 
-1.59235E-03 -5.21747E-04 
-1.64616E-03 -5.20651E-04 
-1.70172E-03 -5.15976E-04 
-1.73887E-03 -5.10096E-04 
-1.79779E-03 -4.96935E-04 
-1.85711E-03 -4.79524E-04 
-1.91601E-03 -4.57792E-04 
-1.97359E-03 -4.31659E-04 
-2.02889E-03 -4.00854E-04 
-2.08087E-03 -3.64244E-04 
-2.12809E-03 -3.17384E-04 
-2.16739E-03 -2.44757E-04 
-2.18980E-03 -1.06146E-04 
-2.17850E-03 1.43184E-04 
-2.12730E-03 4.53238E-04 
-2.05447E-03 7.00474E-04 
-1.37904E-03 -4.97433E-04 
-1.40781E-03 -5.11698E-04 
-1.39168E-03 -4.83185E-04 
-1.42605E-03 -4.98317E-04 
-1.46365E-03 -5.11497E-04 
-1.50432E-03 -5.22460E-04 
-1.54788E-03 -5.30948E-04 
-1.58342E-03 -5.35662E-04 
-1.59409E-03 -5.36717E-04 
-1.64658E-03 -5.39633E-04 
-1.70142E-03 -5.38880E-04 
-1.75813E-03 -5.34251E-04 
-1.81614E-03 -5.25593E-04 
-1.85362E-03 -5.17802E-04 
-1.91388E-03 -4.99650E-04 
-1.97370E-03 -4.77051E-04 
-2.03215E-03 -4.50041E-04 
-2.08823E-03 -4.18645E-04 
-2.14085E-03 -3.82672E-04 
-2.18869E-03 -3.40969E-04 
-2.22962E-03 -2.88724E-04 
-2.25803E-03 -2.09005E-04 
-2.25847E-03 -5.81633E-05 
-2.20597E-03 2.11247E-04 
-2.10022E-03 5.42576E-04 
-1.97901E-03 8.01235E-04 
-1.47583E-03 -5.20369E-04 
-1.50797E-03 -5.34636E-04 
-1.47988E-03 -5.12088E-04 
-1.51819E-03 -5.26802E-04 
-1.55981E-03 -5.38964E-04 
-1.60450E-03 -5.48311E-04 
-1.65203E-03 -5.54598E-04 
-1.69055E-03 -5.57222E-04 
-1.70208E-03 -5.57605E-04 
-1.75845E-03 -5.56953E-04 
-1.81680E-03 -5.52076E-04 
-1.87654E-03 -5.42840E-04 
-1.93700E-03 -5.29176E-04 
-1.97490E-03 -5.18890E-04 
-2.03612E-03 -4.94889E-04 
-2.09592E-03 -4.66380E-04 
-2.15326E-03 -4.33520E-04 
-2.20704E-03 -3.96456E-04 
-2.25605E-03 -3.55087E-04 
-2.29872E-03 -3.08245E-04 
-2.33209E-03 -2.50764E-04 
-2.34780E-03 -1.64358E-04 
-2.32300E-03 -2.20416E-06 
-2.22355E-03 2.85329E-04 
-2.05640E-03 6.34809E-04 
-1.88175E-03 9.01440E-04 
-1.57628E-03 -5.43133E-04 
-1.61253E-03 -5.56499E-04 
-1.57127E-03 -5.42942E-04 
-1.61440E-03 -5.56091E-04 
-1.66083E-03 -5.66028E-04 
-1.71026E-03 -5.72508E-04 
-1.76236E-03 -5.75321E-04 
-1.80424E-03 -5.74866E-04 
-1.81672E-03 -5.74289E-04 
-1.87735E-03 -5.68715E-04 
-1.93944E-03 -5.58410E-04 
-2.00226E-03 -5.43341E-04 
-2.06504E-03 -5.23554E-04 
-2.10345E-03 -5.10054E-04 
-2.16510E-03 -4.79374E-04 
-2.22418E-03 -4.44301E-04 
-2.27958E-03 -4.05133E-04 
-2.33011E-03 -3.62144E-04 
-2.37444E-03 -3.15326E-04 
-2.41075E-03 -2.63503E-04 
-2.43519E-03 -2.01172E-04 
-2.43629E-03 -1.08807E-04 
-2.38286E-03 6.31817E-05 
-2.23061E-03 3.65902E-04 
-1.99518E-03 7.29212E-04 
-1.76227E-03 9.99452E-04 
-1.68131E-03 -5.64237E-04 
-1.72258E-03 -5.75422E-04 
-1.66752E-03 -5.73923E-04 
-1.71646E-03 -5.83941E-04 
-1.76858E-03 -5.90061E-04 
-1.82349E-03 -5.92081E-04 
-1.88075E-03 -5.89847E-04 
-1.92636E-03 -5.85128E-04 
-1.93987E-03 -5.83251E-04 
-2.00505E-03 -5.71191E-04 
-2.07096E-03 -5.54010E-04 
-2.13676E-03 -5.31804E-04 
-2.20155E-03 -5.04758E-04 
-2.24052E-03 -4.87230E-04 
-2.30182E-03 -4.49158E-04 
-2.35926E-03 -4.07034E-04 
-2.41165E-03 -3.61303E-04 
-2.45775E-03 -3.12366E-04 
-2.49616E-03 -2.60306E-04 
-2.52480E-03 -2.03933E-04 
-2.53883E-03 -1.37441E-04 
-2.52333E-03 -4.02364E-05 
-2.43781E-03 1.39461E-04 
-2.22692E-03 4.53334E-04 
-1.91649E-03 8.24844E-04 
-1.62085E-03 1.09338E-03 
-1.79249E-03 -5.81019E-04 
-1.83972E-03 -5.88345E-04 
-1.77111E-03 -6.01677E-04 
-1.82687E-03 -6.06584E-04 
-1.88553E-03 -6.06937E-04 
-1.94660E-03 -6.02608E-04 
-2.00952E-03 -5.93523E-04 
-2.05909E-03 -5.83222E-04 
-2.07368E-03 -5.79672E-04 
-2.14349E-03 -5.59462E-04 
-2.21308E-03 -5.33931E-04 
-2.28147E-03 -5.03332E-04 
-2.34768E-03 -4.68009E-04 
-2.38712E-03 -4.45627E-04 
-2.44699E-03 -3.99711E-04 
-2.50156E-03 -3.50349E-04 
-2.54962E-03 -2.98127E-04 
-2.58989E-03 -2.43566E-04 
-2.62094E-03 -1.86825E-04 
-2.64044E-03 -1.26693E-04 
-2.64250E-03 -5.71067E-05 
-2.60834E-03 4.33520E-05 
-2.48729E-03 2.27880E-04 
-2.21204E-03 5.47636E-04 
-1.82025E-03 9.20301E-04 
-1.45794E-03 1.18088E-03 
-1.91165E-03 -5.89387E-04 
-1.96578E-03 -5.90819E-04 
-1.88494E-03 -6.21082E-04 
-1.94845E-03 -6.18567E-04 
-2.01436E-03 -6.10952E-04 
-2.08206E-03 -5.98210E-04 
-2.15088E-03 -5.80379E-04 
-2.20445E-03 -5.63159E-04 
-2.22011E-03 -5.57572E-04 
-2.29431E-03 -5.27619E-04 
-2.36705E-03 -4.92424E-04 
-2.43729E-03 -4.52409E-04 
-2.50393E-03 -4.08089E-04 
-2.54353E-03 -3.80149E-04 
-2.60054E-03 -3.26358E-04 
-2.65070E-03 -2.70018E-04 
-2.69280E-03 -2.11839E-04 
-2.72562E-03 -1.52440E-04 
-2.74769E-03 -9.20308E-05 
-2.75645E-03 -2.93726E-05 
-2.74488E-03 4.17999E-05 
-2.69002E-03 1.43399E-04 
-2.53007E-03 3.29051E-04 
-2.18505E-03 6.48096E-04 
-1.70609E-03 1.01341E-03 
-1.27389E-03 1.25886E-03 
-2.04170E-03 -5.83617E-04 
-2.10351E-03 -5.76892E-04 
-2.01289E-03 -6.25151E-04 
-2.08479E-03 -6.12759E-04 
-2.15832E-03 -5.94926E-04 
-2.23275E-03 -5.71753E-04 
-2.30730E-03 -5.43417E-04 
-2.36454E-03 -5.18109E-04 
-2.38114E-03 -5.10174E-04 
-2.45897E-03 -4.69213E-04 
-2.53385E-03 -4.23443E-04 
-2.60466E-03 -3.73461E-04 
-2.67027E-03 -3.19949E-04 
-2.70938E-03 -2.86047E-04 
-2.76167E-03 -2.24952E-04 
-2.80549E-03 -1.62497E-04 
-2.83972E-03 -9.94873E-05 
-2.86320E-03 -3.66026E-05 
-2.87449E-03 2.59282E-05 
-2.87081E-03 8.93862E-05 
-2.84393E-03 1.60152E-04 
-2.76637E-03 2.60216E-04 
-2.56435E-03 4.42422E-04 
-2.14459E-03 7.52813E-04 
-1.57344E-03 1.10086E-03 
-1.06899E-03 1.32323E-03 
-2.18596E-03 -5.56462E-04 
-2.25583E-03 -5.39330E-04 
-2.15901E-03 -6.05378E-04 
-2.23942E-03 -5.80795E-04 
-2.32039E-03 -5.50735E-04 
-2.40106E-03 -5.15453E-04 
-2.48055E-03 -4.75279E-04 
-2.54067E-03 -4.41093E-04 
-2.55795E-03 -4.30621E-04 
-2.63799E-03 -3.78001E-04 
-2.71334E-03 -3.21416E-04 
-2.78285E-03 -2.61630E-04 
-2.84540E-03 -1.99467E-04 
-2.88291E-03 -1.59696E-04 
-2.92819E-03 -9.26161E-05 
-2.96341E-03 -2.56301E-05 
-2.98756E-03 4.04060E-05 
-2.99962E-03 1.04798E-04 
-2.99821E-03 1.67338E-04 
-2.98034E-03 2.29360E-04 
-2.93648E-03 2.97248E-04 
-2.83429E-03 3.92549E-04 
-2.58727E-03 5.65893E-04 
-2.08834E-03 8.58382E-04 
-1.42083E-03 1.17795E-03 
-8.42696E-04 1.36869E-03 
-2.34678E-03 -5.00017E-04 
-2.42440E-03 -4.70684E-04 
-2.32585E-03 -5.52895E-04 
-2.41407E-03 -5.14442E-04 
-2.50144E-03 -4.70872E-04 
-2.58703E-03 -4.22599E-04 
-2.66987E-03 -3.70109E-04 
-2.73147E-03 -3.26952E-04 
-2.74900E-03 -3.13959E-04 
-2.82905E-03 -2.50029E-04 
-2.90248E-03 -1.83405E-04 
-2.96817E-03 -1.14979E-04 
-3.02508E-03 -4.56773E-05 
-3.05943E-03 -8.43087E-07 
-3.09508E-03 7.00384E-05 
-3.11921E-03 1.39183E-04 
-3.13096E-03 2.05739E-04 
-3.12949E-03 2.69052E-04 
-3.11352E-03 3.28982E-04 
-3.07985E-03 3.86911E-04 
-3.01757E-03 4.49082E-04 
-2.88920E-03 5.35987E-04 
-2.59491E-03 6.94404E-04 
-2.01358E-03 9.58790E-04 
-1.24722E-03 1.23788E-03 
-5.95511E-04 1.38841E-03 
-2.52653E-03 -4.06523E-04 
-2.61071E-03 -3.63993E-04 
-2.51532E-03 -4.59633E-04 
-2.60966E-03 -4.06588E-04 
-2.70146E-03 -3.49229E-04 
-2.78972E-03 -2.88125E-04 
-2.87345E-03 -2.23902E-04 
-2.93450E-03 -1.72501E-04 
-2.95167E-03 -1.57244E-04 
-3.02873E-03 -8.34794E-05 
-3.09716E-03 -8.67875E-06 
-3.15594E-03 6.61901E-05 
-3.20415E-03 1.40158E-04 
-3.23331E-03 1.88504E-04 
-3.25649E-03 2.60231E-04 
-3.26689E-03 3.28490E-04 
-3.26388E-03 3.92497E-04 
-3.24683E-03 4.51691E-04 
-3.21457E-03 5.06037E-04 
-3.16368E-03 5.56955E-04 
-3.08181E-03 6.10361E-04 
-2.92602E-03 6.84978E-04 
-2.58262E-03 8.21923E-04 
-1.91642E-03 1.04725E-03 
-1.04975E-03 1.27331E-03 
-3.25652E-04 1.37516E-03 
-2.72376E-03 -2.71248E-04 
-2.81225E-03 -2.15764E-04 
-2.72492E-03 -3.21222E-04 
-2.82259E-03 -2.54221E-04 
-2.91583E-03 -1.84146E-04 
-3.00360E-03 -1.11694E-04 
-3.08493E-03 -3.75984E-05 
-3.14284E-03 2.03715E-05 
-3.15888E-03 3.73676E-05 
-3.22934E-03 1.18267E-04 
-3.28921E-03 1.98266E-04 
-3.33763E-03 2.76386E-04 
-3.37389E-03 3.51684E-04 
-3.39558E-03 4.01300E-04 
-3.40353E-03 4.70349E-04 
-3.39778E-03 5.34249E-04 
-3.37796E-03 5.92342E-04 
-3.34365E-03 6.44214E-04 
-3.29384E-03 6.89957E-04 
-3.22483E-03 7.30997E-04 
-3.12273E-03 7.72702E-04 
-2.93894E-03 8.31235E-04 
-2.54554E-03 9.40142E-04 
-1.79350E-03 1.11539E-03 
-8.26980E-04 1.27621E-03 
-3.33629E-05 1.32183E-03 
-2.93260E-03 -9.50254E-05 
-3.02217E-03 -2.81687E-05 
-2.94748E-03 -1.39282E-04 
-3.04480E-03 -6.03561E-05 
-3.13568E-03 2.00440E-05 
-3.21916E-03 1.01135E-04 
-3.29430E-03 1.82119E-04 
-3.34619E-03 2.44196E-04 
-3.36027E-03 2.62189E-04 
-3.42026E-03 3.46583E-04 
-3.46793E-03 4.28014E-04 
-3.50262E-03 5.05568E-04 
-3.52387E-03 5.78397E-04 
-3.53592E-03 6.26670E-04 
-3.52636E-03 6.89380E-04 
-3.50260E-03 7.45452E-04 
-3.46454E-03 7.94404E-04 
-3.41200E-03 8.35999E-04 
-3.34408E-03 8.70471E-04 
-3.25679E-03 8.99191E-04 
-3.13459E-03 9.26727E-04 
-2.92306E-03 9.65851E-04 
-2.47989E-03 1.04063E-03 
-1.64276E-03 1.15547E-03 
-5.78990E-04 1.23998E-03 
2.79523E-04 1.22337E-03 
-3.14159E-03 1.13357E-04 
-3.22857E-03 1.89041E-04 
-3.17068E-03 7.69363E-05 
-3.26355E-03 1.64778E-04 
-3.34807E-03 2.52254E-04 
-3.42332E-03 3.38545E-04 
-3.48853E-03 4.22843E-04 
-3.53164E-03 4.86200E-04 
-3.54299E-03 5.04359E-04 
-3.58900E-03 5.88274E-04 
-3.62129E-03 6.67205E-04 
-3.63948E-03 7.40364E-04 
-3.64339E-03 8.07061E-04 
-3.64412E-03 8.51483E-04 
-3.61566E-03 9.04610E-04 
-3.57296E-03 9.49910E-04 
-3.51619E-03 9.87108E-04 
-3.44540E-03 1.01616E-03 
-3.35975E-03 1.03744E-03 
-3.25492E-03 1.05217E-03 
-3.11366E-03 1.06386E-03 
-2.87562E-03 1.08109E-03 
-2.38431E-03 1.11668E-03 
-1.46492E-03 1.16229E-03 
-3.08944E-04 1.16154E-03 
6.07978E-04 1.07879E-03 
-3.33467E-03 3.38737E-04 
-3.41577E-03 4.20416E-04 
-3.37872E-03 3.12587E-04 
-3.46347E-03 4.06009E-04 
-3.53811E-03 4.97120E-04 
-3.60189E-03 5.85112E-04 
-3.65416E-03 6.69221E-04 
-3.68638E-03 7.31178E-04 
-3.69441E-03 7.48728E-04 
-3.72393E-03 8.28547E-04 
-3.73875E-03 9.01530E-04 
-3.73880E-03 9.67069E-04 
-3.72418E-03 1.02468E-03 
-3.71278E-03 1.06329E-03 
-3.66518E-03 1.10446E-03 
-3.60374E-03 1.13697E-03 
-3.52889E-03 1.16076E-03 
-3.44085E-03 1.17598E-03 
-3.33882E-03 1.18309E-03 
-3.21810E-03 1.18313E-03 
-3.05967E-03 1.17825E-03 
-2.79734E-03 1.17212E-03 
-2.26092E-03 1.16490E-03 
-1.26442E-03 1.13477E-03 
-2.38718E-05 1.04269E-03 
9.43243E-04 8.92360E-04 
-3.49707E-03 5.64087E-04 
-3.57005E-03 6.49493E-04 
-3.55791E-03 5.51933E-04 
-3.63189E-03 6.48018E-04 
-3.69425E-03 7.39825E-04 
-3.74440E-03 8.26607E-04 
-3.78191E-03 9.07689E-04 
-3.80206E-03 9.66128E-04 
-3.80647E-03 9.82465E-04 
-3.81826E-03 1.05544E-03 
-3.81482E-03 1.11995E-03 
-3.79634E-03 1.17561E-03 
-3.76323E-03 1.22218E-03 
-3.73976E-03 1.25377E-03 
-3.67389E-03 1.28163E-03 
-3.59495E-03 1.30034E-03 
-3.50357E-03 1.31004E-03 
-3.40010E-03 1.31108E-03 
-3.28376E-03 1.30396E-03 
-3.14941E-03 1.28941E-03 
-2.97629E-03 1.26807E-03 
-2.69261E-03 1.23813E-03 
-2.11545E-03 1.18610E-03 
-1.04920E-03 1.07650E-03 
2.65848E-04 8.90371E-04 
1.27361E-03 6.73482E-04 
-3.62218E-03 7.77540E-04 
-3.68608E-03 8.65434E-04 
-3.70266E-03 7.84651E-04 
-3.76429E-03 8.81276E-04 
-3.81304E-03 9.71663E-04 
-3.84851E-03 1.05517E-03 
-3.87048E-03 1.13124E-03 
-3.87814E-03 1.18471E-03 
-3.87885E-03 1.19943E-03 
-3.87274E-03 1.26372E-03 
-3.85120E-03 1.31815E-03 
-3.81473E-03 1.36256E-03 
-3.76398E-03 1.39696E-03 
-3.72902E-03 1.42083E-03 
-3.64639E-03 1.43481E-03 
-3.55171E-03 1.43941E-03 
-3.44578E-03 1.43500E-03 
-3.32905E-03 1.42206E-03 
-3.20069E-03 1.40113E-03 
-3.05513E-03 1.37257E-03 
-2.86992E-03 1.33532E-03 
-2.56816E-03 1.28182E-03 
-1.95553E-03 1.18447E-03 
-8.28711E-04 9.94453E-04 
5.48931E-04 7.14805E-04 
1.58712E-03 4.34419E-04 
-3.71416E-03 9.78909E-04 
-3.76879E-03 1.06854E-03 
-3.81677E-03 1.01040E-03 
-3.86519E-03 1.10574E-03 
-3.89967E-03 1.19289E-03 
-3.92003E-03 1.27136E-03 
-3.92626E-03 1.34076E-03 
-3.92147E-03 1.38806E-03 
-3.91850E-03 1.40082E-03 
-3.89482E-03 1.45493E-03 
-3.85579E-03 1.49798E-03 
-3.80218E-03 1.53007E-03 
-3.73490E-03 1.55147E-03 
-3.68900E-03 1.56692E-03 
-3.59122E-03 1.56667E-03 
-3.48257E-03 1.55706E-03 
-3.36398E-03 1.53864E-03 
-3.23598E-03 1.51203E-03 
-3.09766E-03 1.47778E-03 
-2.94301E-03 1.43581E-03 
-2.74808E-03 1.38333E-03 
-2.43146E-03 1.30696E-03 
-1.78919E-03 1.16514E-03 
-6.12304E-04 8.96560E-04 
8.14786E-04 5.27077E-04 
1.87311E-03 1.87984E-04 
-3.79190E-03 1.18241E-03 
-3.83624E-03 1.27251E-03 
-3.91630E-03 1.24127E-03 
-3.94987E-03 1.33297E-03 
-3.96864E-03 1.41454E-03 
-3.97267E-03 1.48567E-03 
-3.96218E-03 1.54617E-03 
-3.94434E-03 1.58565E-03 
-3.93755E-03 1.59599E-03 
-3.89579E-03 1.63784E-03 
-3.83906E-03 1.66762E-03 
-3.76838E-03 1.68574E-03 
-3.68488E-03 1.69272E-03 
-3.62780E-03 1.69834E-03 
-3.51574E-03 1.68299E-03 
-3.39416E-03 1.65854E-03 
-3.26410E-03 1.62572E-03 
-3.12611E-03 1.58526E-03 
-2.97919E-03 1.53766E-03 
-2.81693E-03 1.48243E-03 
-2.61405E-03 1.41499E-03 
-2.28529E-03 1.31623E-03 
-1.61888E-03 1.13105E-03 
-4.02201E-04 7.86588E-04 
1.06160E-03 3.31821E-04 
2.13052E-03 -6.10087E-05 
-3.87107E-03 1.40331E-03 
-3.90277E-03 1.49069E-03 
-4.01241E-03 1.48717E-03 
-4.02860E-03 1.57133E-03 
-4.02942E-03 1.64359E-03 
-4.01518E-03 1.70383E-03 
-3.98634E-03 1.75213E-03 
-3.95440E-03 1.78142E-03 
-3.94353E-03 1.78867E-03 
-3.88258E-03 1.81527E-03 
-3.80739E-03 1.82914E-03 
-3.71918E-03 1.83096E-03 
-3.61932E-03 1.82157E-03 
-3.55028E-03 1.81531E-03 
-3.42441E-03 1.78366E-03 
-3.29055E-03 1.74345E-03 
-3.14981E-03 1.69558E-03 
-3.00275E-03 1.64086E-03 
-2.84826E-03 1.57976E-03 
-2.67954E-03 1.51130E-03 
-2.47021E-03 1.42921E-03 
-2.13191E-03 1.30886E-03 
-1.44696E-03 1.08243E-03 
-2.01010E-04 6.66709E-04 
1.28679E-03 1.33326E-04 
2.35730E-03 -3.07166E-04 
-3.96307E-03 1.65393E-03 
-3.97779E-03 1.73309E-03 
-4.11142E-03 1.75455E-03 
-4.10630E-03 1.82555E-03 
-4.08568E-03 1.88320E-03 
-4.05013E-03 1.92765E-03 
-4.00034E-03 1.95923E-03 
-3.95259E-03 1.97511E-03 
-3.93718E-03 1.97839E-03 
-3.85521E-03 1.98581E-03 
-3.76016E-03 1.98033E-03 
-3.65349E-03 1.96295E-03 
-3.53669E-03 1.93475E-03 
-3.45462E-03 1.91414E-03 
-3.31518E-03 1.86478E-03 
-3.16952E-03 1.80779E-03 
-3.01878E-03 1.74419E-03 
-2.86349E-03 1.67486E-03 
-2.70241E-03 1.60017E-03 
-2.52840E-03 1.51868E-03 
-2.31414E-03 1.42243E-03 
-1.96889E-03 1.28159E-03 
-1.27081E-03 1.01649E-03 
-5.61594E-06 5.34844E-04 
1.49422E-03 -6.97983E-05 
2.55794E-03 -5.51495E-04 
-4.06185E-03 1.92873E-03 
-4.05424E-03 1.99267E-03 
-4.20426E-03 2.03368E-03 
-4.17354E-03 2.08514E-03 
-4.12782E-03 2.12236E-03 
-4.06790E-03 2.14578E-03 
-3.99469E-03 2.15598E-03 
-3.92958E-03 2.15524E-03 
-3.90923E-03 2.15367E-03 
-3.80469E-03 2.13813E-03 
-3.68880E-03 2.11019E-03 
-3.56315E-03 2.07110E-03 
-3.42935E-03 2.02216E-03 
-3.33375E-03 1.98525E-03 
-3.18152E-03 1.91740E-03 
-3.02510E-03 1.84327E-03 
-2.86559E-03 1.76394E-03 
-2.70347E-03 1.68033E-03 
-2.53732E-03 1.59266E-03 
-2.35969E-03 1.49901E-03 
-2.14249E-03 1.38978E-03 
-1.79323E-03 1.23023E-03 
-1.08754E-03 9.29830E-04 
1.87178E-04 3.88495E-04 
1.68763E-03 -2.79166E-04 
2.73651E-03 -7.94950E-04 
-4.14810E-03 2.20448E-03 
-4.11341E-03 2.24646E-03 
-4.27208E-03 2.30072E-03 
-4.21232E-03 2.32701E-03 
-4.13871E-03 2.33889E-03 
-4.05226E-03 2.33707E-03 
-3.95410E-03 2.32238E-03 
-3.87088E-03 2.30278E-03 
-3.84544E-03 2.29577E-03 
-3.71798E-03 2.25494E-03 
-3.58146E-03 2.20288E-03 
-3.43754E-03 2.14103E-03 
-3.28789E-03 2.07086E-03 
-3.17945E-03 2.01703E-03 
-3.01632E-03 1.93127E-03 
-2.85123E-03 1.84092E-03 
-2.68520E-03 1.74713E-03 
-2.51857E-03 1.65073E-03 
-2.34975E-03 1.55179E-03 
-2.17096E-03 1.44787E-03 
-1.95348E-03 1.32778E-03 
-1.60370E-03 1.15222E-03 
-8.96228E-04 8.20811E-04 
3.78390E-04 2.27050E-04 
1.86833E-03 -4.94394E-04 
2.89446E-03 -1.03640E-03 
-4.18807E-03 2.44842E-03 
-4.12393E-03 2.46363E-03 
-4.28493E-03 2.52553E-03 
-4.19531E-03 2.52313E-03 
-4.09373E-03 2.50694E-03 
-3.98138E-03 2.47790E-03 
-3.85950E-03 2.43704E-03 
-3.75944E-03 2.39804E-03 
-3.72933E-03 2.38550E-03 
-3.58121E-03 2.31932E-03 
-3.42668E-03 2.24366E-03 
-3.26742E-03 2.16010E-03 
-3.10503E-03 2.07021E-03 
-2.98624E-03 2.00064E-03 
-2.81562E-03 1.89923E-03 
-2.64529E-03 1.79516E-03 
-2.47615E-03 1.68955E-03 
-2.30837E-03 1.58315E-03 
-2.14013E-03 1.47579E-03 
-1.96337E-03 1.36450E-03 
-1.74891E-03 1.23660E-03 
-1.40258E-03 1.04859E-03 
-6.99449E-04 6.91413E-04 
5.65348E-04 5.36008E-05 
2.03374E-03 -7.11326E-04 
3.02936E-03 -1.27104E-03 
-4.15549E-03 2.62558E-03 
-4.06361E-03 2.61318E-03 
-4.22401E-03 2.67967E-03 
-4.10747E-03 2.64889E-03 
-3.98115E-03 2.60540E-03 
-3.84630E-03 2.55034E-03 
-3.70425E-03 2.48492E-03 
-3.59024E-03 2.42801E-03 
-3.55634E-03 2.41043E-03 
-3.39183E-03 2.32146E-03 
-3.22373E-03 2.22515E-03 
-3.05364E-03 2.12315E-03 
-2.88306E-03 2.01702E-03 
-2.75771E-03 1.93467E-03 
-2.58404E-03 1.82139E-03 
-2.41276E-03 1.70745E-03 
-2.24462E-03 1.59385E-03 
-2.07958E-03 1.48121E-03 
-1.91560E-03 1.36912E-03 
-1.74434E-03 1.25405E-03 
-1.53637E-03 1.12197E-03 
-1.19754E-03 9.25714E-04 
-5.04895E-04 5.48914E-04 
7.40527E-04 -1.23261E-04 
2.17683E-03 -9.20178E-04 
3.13496E-03 -1.48869E-03 
-4.03901E-03 2.71857E-03 
-3.92320E-03 2.68015E-03 
-4.08178E-03 2.75015E-03 
-3.94237E-03 2.69315E-03 
-3.79564E-03 2.62505E-03 
-3.64292E-03 2.54711E-03 
-3.48555E-03 2.46063E-03 
-3.36146E-03 2.38874E-03 
-3.32490E-03 2.36700E-03 
-3.14949E-03 2.25961E-03 
-2.97331E-03 2.14719E-03 
-2.79780E-03 2.03135E-03 
-2.62431E-03 1.91362E-03 
-2.49686E-03 1.82243E-03 
-2.32498E-03 1.70181E-03 
-2.15736E-03 1.58240E-03 
-1.99452E-03 1.46507E-03 
-1.83623E-03 1.35026E-03 
-1.68020E-03 1.23728E-03 
-1.51789E-03 1.12212E-03 
-1.31977E-03 9.89507E-04 
-9.92445E-04 7.89171E-04 
-3.16458E-04 3.98901E-04 
8.99820E-04 -2.97896E-04 
2.29326E-03 -1.11536E-03 
3.20688E-03 -1.68403E-03 
-3.83684E-03 2.71894E-03 
-3.70343E-03 2.65945E-03 
-3.86078E-03 2.73382E-03 
-3.70502E-03 2.65563E-03 
-3.54445E-03 2.56809E-03 
-3.38047E-03 2.47254E-03 
-3.21442E-03 2.37039E-03 
-3.08532E-03 2.28772E-03 
-3.04756E-03 2.26305E-03 
-2.86801E-03 2.14301E-03 
-2.69016E-03 2.02010E-03 
-2.51527E-03 1.89588E-03 
-2.34446E-03 1.77181E-03 
-2.21952E-03 1.67615E-03 
-2.05412E-03 1.55295E-03 
-1.89442E-03 1.43254E-03 
-1.74073E-03 1.31565E-03 
-1.59260E-03 1.20253E-03 
-1.44755E-03 1.09225E-03 
-1.29690E-03 9.80312E-04 
-1.11130E-03 8.50462E-04 
-7.98756E-04 6.50028E-04 
-1.44932E-04 2.52678E-04 
1.03324E-03 -4.58278E-04 
2.37428E-03 -1.28436E-03 
3.23797E-03 -1.84503E-03 
-3.56440E-03 2.63613E-03 
-3.42008E-03 2.56130E-03 
-3.57783E-03 2.64178E-03 
-3.41285E-03 2.54847E-03 
-3.24554E-03 2.44756E-03 
-3.07723E-03 2.34049E-03 
-2.90907E-03 2.22860E-03 
-2.77969E-03 2.13954E-03 
-2.74206E-03 2.11318E-03 
-2.56442E-03 1.98628E-03 
-2.39048E-03 1.85840E-03 
-2.22133E-03 1.73104E-03 
-2.05789E-03 1.60551E-03 
-1.93927E-03 1.50940E-03 
-1.78412E-03 1.38778E-03 
-1.63566E-03 1.27021E-03 
-1.49402E-03 1.15725E-03 
-1.35854E-03 1.04897E-03 
-1.22659E-03 9.44187E-04 
-1.08944E-03 8.38058E-04 
-9.18173E-04 7.13559E-04 
-6.22929E-04 5.16394E-04 
3.94359E-06 1.17922E-04 
1.13584E-03 -5.97044E-04 
2.41593E-03 -1.42035E-03 
3.22540E-03 -1.96583E-03 
-3.24648E-03 2.49082E-03 
-3.09911E-03 2.40732E-03 
-3.25899E-03 2.49537E-03 
-3.09142E-03 2.39261E-03 
-2.92357E-03 2.28391E-03 
-2.75646E-03 2.17062E-03 
-2.59111E-03 2.05400E-03 
-2.46502E-03 1.96230E-03 
-2.42853E-03 1.93534E-03 
-2.25739E-03 1.80658E-03 
-2.09158E-03 1.67847E-03 
-1.93199E-03 1.55235E-03 
-1.77930E-03 1.42940E-03 
-1.66968E-03 1.33603E-03 
-1.52727E-03 1.21926E-03 
-1.39218E-03 1.10742E-03 
-1.26432E-03 1.00092E-03 
-1.14288E-03 8.99662E-04 
-1.02509E-03 8.02274E-04 
-9.02294E-04 7.03628E-04 
-7.46240E-04 5.86230E-04 
-4.69926E-04 3.94965E-04 
1.26149E-04 7.08874E-07 
1.20478E-03 -7.08753E-04 
2.41687E-03 -1.51881E-03 
3.16925E-03 -2.04307E-03 
-2.90852E-03 2.30626E-03 
-2.76210E-03 2.21871E-03 
-2.92342E-03 2.31469E-03 
-2.75754E-03 2.20750E-03 
-2.59352E-03 2.09587E-03 
-2.43204E-03 1.98092E-03 
-2.27401E-03 1.86399E-03 
-2.15456E-03 1.77294E-03 
-2.12014E-03 1.74631E-03 
-1.95966E-03 1.61990E-03 
-1.80557E-03 1.49530E-03 
-1.65852E-03 1.37372E-03 
-1.51899E-03 1.25615E-03 
-1.42003E-03 1.16758E-03 
-1.29181E-03 1.05771E-03 
-1.17113E-03 9.53339E-04 
-1.05776E-03 8.54753E-04 
-9.50752E-04 7.61699E-04 
-8.47290E-04 6.72654E-04 
-7.38857E-04 5.82315E-04 
-5.98140E-04 4.72987E-04 
-3.41637E-04 2.89534E-04 
2.20660E-04 -9.58948E-05 
1.24024E-03 -7.91245E-04 
2.37867E-03 -1.57875E-03 
3.07226E-03 -2.07693E-03 
-2.56966E-03 2.10369E-03 
-2.42931E-03 2.01646E-03 
-2.59289E-03 2.12010E-03 
-2.43370E-03 2.01251E-03 
-2.27699E-03 1.90130E-03 
-2.12387E-03 1.78789E-03 
-1.97516E-03 1.67349E-03 
-1.86357E-03 1.58503E-03 
-1.83157E-03 1.55926E-03 
-1.68323E-03 1.43761E-03 
-1.54231E-03 1.31884E-03 
-1.40912E-03 1.20395E-03 
-1.28385E-03 1.09374E-03 
-1.19633E-03 1.01140E-03 
-1.08282E-03 9.09777E-04 
-9.76756E-04 8.13907E-04 
-8.77785E-04 7.23957E-04 
-7.84865E-04 6.39568E-04 
-6.95190E-04 5.59124E-04 
-6.00497E-04 4.77255E-04 
-4.74628E-04 3.76342E-04 
-2.38163E-04 2.01988E-04 
2.88301E-04 -1.70765E-04 
1.24447E-03 -8.44511E-04 
2.30528E-03 -1.60154E-03 
2.93966E-03 -2.07003E-03 
-2.24750E-03 1.89813E-03 
-2.11583E-03 1.81479E-03 
-2.27971E-03 1.92541E-03 
-2.12934E-03 1.82087E-03 
-1.98280E-03 1.71359E-03 
-1.84066E-03 1.60473E-03 
-1.70354E-03 1.49552E-03 
-1.60131E-03 1.41146E-03 
-1.57210E-03 1.38702E-03 
-1.43727E-03 1.27202E-03 
-1.31003E-03 1.16023E-03 
-1.19067E-03 1.05263E-03 
-1.07932E-03 9.50044E-04 
-1.00267E-03 8.73869E-04 
-9.03161E-04 7.80503E-04 
-8.10878E-04 6.93015E-04 
-7.25348E-04 6.11467E-04 
-6.45466E-04 5.35408E-04 
-5.68461E-04 4.63155E-04 
-4.86399E-04 3.89355E-04 
-3.74456E-04 2.96701E-04 
-1.57759E-04 1.32211E-04 
3.31621E-04 -2.24762E-04 
1.22140E-03 -8.70612E-04 
2.20217E-03 -1.59071E-03 
2.77795E-03 -2.02699E-03 
-1.95122E-03 1.70421E-03 
-1.83025E-03 1.62667E-03 
-1.99309E-03 1.74214E-03 
-1.85261E-03 1.64159E-03 
-1.71655E-03 1.53900E-03 
-1.58561E-03 1.43562E-03 
-1.46028E-03 1.33233E-03 
-1.36754E-03 1.25323E-03 
-1.34116E-03 1.23031E-03 
-1.22008E-03 1.12282E-03 
-1.10683E-03 1.01891E-03 
-1.00141E-03 9.19415E-04 
-9.03747E-04 8.24994E-04 
-8.37496E-04 7.55141E-04 
-7.51241E-04 6.70042E-04 
-6.71792E-04 5.90722E-04 
-5.98602E-04 5.17169E-04 
-5.30542E-04 4.48884E-04 
-4.64923E-04 3.84174E-04 
-3.94219E-04 3.17796E-04 
-2.95096E-04 2.32984E-04 
-9.75964E-05 7.87683E-05 
3.54105E-04 -2.59977E-04 
1.17571E-03 -8.72825E-04 
2.07543E-03 -1.55093E-03 
2.59401E-03 -1.95346E-03 
-1.68799E-03 1.52823E-03 
-1.57640E-03 1.45626E-03 
-1.73515E-03 1.57385E-03 
-1.60601E-03 1.47930E-03 
-1.48223E-03 1.38360E-03 
-1.36360E-03 1.28699E-03 
-1.25055E-03 1.19044E-03 
-1.16728E-03 1.11663E-03 
-1.14365E-03 1.09527E-03 
-1.03557E-03 9.95269E-04 
-9.35104E-04 8.98947E-04 
-8.42420E-04 8.07196E-04 
-7.57279E-04 7.20534E-04 
-7.00289E-04 6.56420E-04 
-6.25903E-04 5.78893E-04 
-5.57850E-04 5.06952E-04 
-4.95524E-04 4.40533E-04 
-4.37793E-04 3.79108E-04 
-3.82082E-04 3.21013E-04 
-3.21322E-04 2.61189E-04 
-2.33777E-04 1.83594E-04 
-5.46460E-05 3.97571E-05 
3.59436E-04 -2.78967E-04 
1.11236E-03 -8.54938E-04 
1.93143E-03 -1.48743E-03 
2.39500E-03 -1.85557E-03 
-1.46031E-03 1.37589E-03 
-1.35899E-03 1.31083E-03 
-1.51113E-03 1.42780E-03 
-1.39229E-03 1.33878E-03 
-1.27916E-03 1.24893E-03 
-1.17158E-03 1.15874E-03 
-1.06995E-03 1.06900E-03 
-9.95724E-04 1.00066E-03 
-9.74752E-04 9.80909E-04 
-8.79267E-04 8.88543E-04 
-7.91010E-04 7.99593E-04 
-7.10000E-04 7.14925E-04 
-6.36085E-04 6.35183E-04 
-5.87235E-04 5.76007E-04 
-5.23437E-04 5.05217E-04 
-4.65406E-04 4.39732E-04 
-4.12528E-04 3.79473E-04 
-3.63700E-04 3.23915E-04 
-3.16492E-04 2.71453E-04 
-2.64332E-04 2.17272E-04 
-1.87163E-04 1.46205E-04 
-2.54973E-05 1.26799E-05 
3.51409E-04 -2.84725E-04 
1.03598E-03 -8.20943E-04 
1.77567E-03 -1.40535E-03 
2.18680E-03 -1.73909E-03 
-1.26694E-03 1.24760E-03 
-1.17679E-03 1.19049E-03 
-1.32107E-03 1.30540E-03 
-1.21231E-03 1.22249E-03 
-1.10866E-03 1.13794E-03 
-1.01135E-03 1.05344E-03 
-9.20324E-04 9.69754E-04 
-8.54134E-04 9.06084E-04 
-8.35501E-04 8.87728E-04 
-7.50909E-04 8.01917E-04 
-6.73267E-04 7.19456E-04 
-6.02626E-04 6.41241E-04 
-5.38589E-04 5.67696E-04 
-4.96576E-04 5.12626E-04 
-4.41793E-04 4.47576E-04 
-3.92223E-04 3.87510E-04 
-3.47256E-04 3.32349E-04 
-3.05833E-04 2.81591E-04 
-2.65684E-04 2.33721E-04 
-2.20759E-04 1.84220E-04 
-1.52703E-04 1.18906E-04 
-7.33526E-06 -4.63401E-06 
3.33648E-04 -2.80158E-04 
9.51815E-04 -7.75224E-04 
1.61520E-03 -1.31074E-03 
1.97738E-03 -1.61108E-03 
-1.10457E-03 1.14272E-03 
-1.02350E-03 1.09220E-03 
-1.15731E-03 1.20198E-03 
-1.05837E-03 1.12488E-03 
-9.64841E-04 1.04638E-03 
-8.77278E-04 9.67961E-04 
-7.95761E-04 8.90423E-04 
-7.36564E-04 8.31073E-04 
-7.19938E-04 8.13911E-04 
-6.45067E-04 7.33886E-04 
-5.77017E-04 6.57172E-04 
-5.15342E-04 5.84238E-04 
-4.59692E-04 5.15603E-04 
-4.23296E-04 4.63507E-04 
-3.76157E-04 4.03039E-04 
-3.33708E-04 3.47276E-04 
-2.95349E-04 2.96146E-04 
-2.60074E-04 2.49171E-04 
-2.25790E-04 2.04942E-04 
-1.86983E-04 1.59268E-04 
-1.27021E-04 9.90382E-05 
2.96629E-06 -1.47838E-05 
3.09005E-04 -2.67936E-04 
8.62331E-04 -7.20676E-04 
1.45196E-03 -1.20671E-03 
1.76814E-03 -1.47453E-03 
-9.73039E-04 1.06251E-03 
-8.98804E-04 1.01656E-03 
-1.02152E-03 1.12005E-03 
-9.31782E-04 1.04882E-03 
-8.46962E-04 9.75879E-04 
-7.67941E-04 9.02504E-04 
-6.94761E-04 8.29383E-04 
-6.42140E-04 7.73622E-04 
-6.27399E-04 7.57525E-04 
-5.61051E-04 6.82428E-04 
-5.00736E-04 6.10118E-04 
-4.46241E-04 5.41244E-04 
-3.97342E-04 4.76427E-04 
-3.65275E-04 4.26405E-04 
-3.24386E-04 3.69542E-04 
-2.87687E-04 3.17070E-04 
-2.54604E-04 2.68948E-04 
-2.24226E-04 2.24779E-04 
-1.94650E-04 1.83284E-04 
-1.60895E-04 1.40622E-04 
-1.08020E-04 8.48067E-05 
7.67040E-06 -1.97272E-05 
2.80364E-04 -2.50608E-04 
7.71684E-04 -6.61069E-04 
1.29148E-03 -1.09836E-03 
1.56522E-03 -1.33529E-03 
-8.72656E-04 1.00823E-03 
-8.03532E-04 9.65610E-04 
-9.10732E-04 1.05815E-03 
-8.28277E-04 9.91053E-04 
-7.51406E-04 9.22542E-04 
-6.79704E-04 8.53246E-04 
-6.13758E-04 7.84524E-04 
-5.66298E-04 7.31911E-04 
-5.53007E-04 7.16652E-04 
-4.93302E-04 6.45053E-04 
-4.39302E-04 5.75878E-04 
-3.90867E-04 5.09998E-04 
-3.47629E-04 4.47944E-04 
-3.18909E-04 3.98999E-04 
-2.82968E-04 3.44571E-04 
-2.50817E-04 2.94337E-04 
-2.21931E-04 2.48301E-04 
-1.95454E-04 2.06098E-04 
-1.69662E-04 1.66574E-04 
-1.40098E-04 1.26250E-04 
-9.34627E-05 7.42764E-05 
8.96239E-06 -2.14219E-05 
2.50101E-04 -2.30445E-04 
6.82743E-04 -5.99387E-04 
1.13708E-03 -9.89427E-04 
1.37201E-03 -1.19735E-03 
-7.95290E-04 9.73769E-04 
-7.31799E-04 9.34724E-04 
-8.22777E-04 1.01480E-03 
-7.44838E-04 9.49759E-04 
-6.73847E-04 8.84490E-04 
-6.08657E-04 8.18822E-04 
-5.48457E-04 7.52806E-04 
-5.05518E-04 7.02206E-04 
-4.93539E-04 6.87535E-04 
-4.39647E-04 6.18604E-04 
-3.90870E-04 5.51800E-04 
-3.46928E-04 4.87722E-04 
-3.07729E-04 4.27157E-04 
-2.81180E-04 3.78337E-04 
-2.49015E-04 3.25419E-04 
-2.20356E-04 2.76570E-04 
-1.94695E-04 2.31816E-04 
-1.71252E-04 1.90862E-04 
-1.48479E-04 1.52684E-04 
-1.22417E-04 1.14165E-04 
-8.13249E-05 6.55768E-05 
8.80250E-06 -2.17294E-05 
2.20316E-04 -2.09567E-04 
5.97983E-04 -5.38351E-04 
9.91566E-04 -8.83238E-04 
1.19129E-03 -1.06421E-03 
-7.34245E-04 9.53600E-04 
-6.76827E-04 9.18363E-04 
-7.53343E-04 9.86902E-04 
-6.79035E-04 9.23062E-04 
-6.11681E-04 8.58737E-04 
-5.50507E-04 7.94272E-04 
-4.94891E-04 7.30176E-04 
-4.55272E-04 6.80961E-04 
-4.44186E-04 6.66628E-04 
-3.94233E-04 5.98889E-04 
-3.49070E-04 5.32915E-04 
-3.08662E-04 4.69718E-04 
-2.72813E-04 4.10005E-04 
-2.47942E-04 3.60823E-04 
-2.18878E-04 3.08830E-04 
-1.93069E-04 2.60826E-04 
-1.70050E-04 2.16876E-04 
-1.49122E-04 1.76754E-04 
-1.28909E-04 1.39570E-04 
-1.05926E-04 1.02560E-04 
-6.98969E-05 5.70850E-05 
8.78145E-06 -2.22060E-05 
1.92659E-04 -1.89704E-04 
5.19304E-04 -4.80160E-04 
8.57019E-04 -7.82444E-04 
1.02499E-03 -9.38581E-04 
-6.85764E-04 9.43760E-04 
-6.28898E-04 9.07721E-04 
-6.92359E-04 9.65210E-04 
-6.23661E-04 9.04286E-04 
-5.60017E-04 8.41263E-04 
-5.01816E-04 7.77295E-04 
-4.48290E-04 7.12817E-04 
-4.10734E-04 6.63682E-04 
-4.00372E-04 6.49493E-04 
-3.53407E-04 5.82073E-04 
-3.11166E-04 5.16425E-04 
-2.73540E-04 4.53501E-04 
-2.40268E-04 3.93980E-04 
-2.16556E-04 3.43965E-04 
-1.89913E-04 2.92310E-04 
-1.66430E-04 2.44708E-04 
-1.45664E-04 2.01251E-04 
-1.26966E-04 1.61756E-04 
-1.09109E-04 1.25446E-04 
-8.90277E-05 8.98761E-05 
-5.77946E-05 4.74332E-05 
1.01412E-05 -2.41229E-05 
1.68364E-04 -1.72231E-04 
4.48048E-04 -4.26522E-04 
7.34809E-04 -6.89040E-04 
8.74292E-04 -8.22433E-04 
-6.41219E-04 9.36225E-04 
-5.81501E-04 8.96375E-04 
-6.31593E-04 9.41888E-04 
-5.67754E-04 8.83191E-04 
-5.08487E-04 8.22022E-04 
-4.53187E-04 7.58682E-04 
-4.02090E-04 6.94227E-04 
-3.65955E-04 6.44632E-04 
-3.55969E-04 6.30261E-04 
-3.11702E-04 5.62808E-04 
-2.72088E-04 4.97209E-04 
-2.36710E-04 4.34118E-04 
-2.05571E-04 3.74459E-04 
-1.82997E-04 3.23661E-04 
-1.58778E-04 2.72458E-04 
-1.37693E-04 2.25424E-04 
-1.19279E-04 1.82646E-04 
-1.02943E-04 1.43994E-04 
-8.75888E-05 1.08796E-04 
-7.05376E-05 7.49021E-05 
-4.40830E-05 3.56512E-05 
1.36429E-05 -2.83101E-05 
1.48120E-04 -1.58009E-04 
3.84902E-04 -3.78499E-04 
6.25525E-04 -6.04237E-04 
7.39526E-04 -7.16868E-04 
-5.92825E-04 9.22627E-04 
-5.28042E-04 8.77022E-04 
-5.62164E-04 9.08095E-04 
-5.02534E-04 8.51069E-04 
-4.46998E-04 7.91235E-04 
-3.96737E-04 7.30321E-04 
-3.48846E-04 6.66599E-04 
-3.14777E-04 6.17268E-04 
-3.05273E-04 6.02880E-04 
-2.63243E-04 5.35284E-04 
-2.26341E-04 4.69954E-04 
-1.93800E-04 4.07317E-04 
-1.65394E-04 3.48150E-04 
-1.44682E-04 2.97293E-04 
-1.23270E-04 2.46989E-04 
-1.04892E-04 2.00923E-04 
-8.92082E-05 1.59295E-04 
-7.56654E-05 1.22008E-04 
-6.32610E-05 8.84649E-05 
-4.96401E-05 5.67644E-05 
-2.81818E-05 2.11005E-05 
1.96836E-05 -3.52499E-05 
1.32199E-04 -1.47488E-04 
3.30009E-04 -3.36610E-04 
5.29087E-04 -5.28553E-04 
6.20301E-04 -6.22232E-04 
-5.29031E-04 8.91423E-04 
-4.59311E-04 8.39948E-04 
-4.77529E-04 8.56378E-04 
-4.22184E-04 8.01466E-04 
-3.70828E-04 7.43438E-04 
-3.23883E-04 6.83610E-04 
-2.80625E-04 6.22245E-04 
-2.49654E-04 5.74215E-04 
-2.41055E-04 5.60197E-04 
-2.02995E-04 4.94102E-04 
-1.69361E-04 4.29689E-04 
-1.40374E-04 3.68369E-04 
-1.15721E-04 3.10815E-04 
-9.79765E-05 2.61075E-04 
-8.03698E-05 2.12775E-04 
-6.57683E-05 1.68837E-04 
-5.38381E-05 1.29477E-04 
-4.40366E-05 9.46085E-05 
-3.54425E-05 6.36911E-05 
-2.59879E-05 3.50483E-05 
-1.00124E-05 3.63913E-06 
2.81236E-05 -4.48882E-05 
1.20247E-04 -1.40489E-04 
2.82719E-04 -3.00570E-04 
4.44448E-04 -4.61523E-04 
5.15201E-04 -5.37809E-04 
-4.38142E-04 8.30179E-04 
-3.66350E-04 7.75425E-04 
-3.70779E-04 7.78981E-04 
-3.19085E-04 7.25833E-04 
-2.72630E-04 6.70539E-04 
-2.29986E-04 6.12953E-04 
-1.91979E-04 5.54706E-04 
-1.66081E-04 5.10035E-04 
-1.58874E-04 4.96920E-04 
-1.26642E-04 4.34376E-04 
-9.88885E-05 3.73613E-04 
-7.53098E-05 3.15579E-04 
-5.57973E-05 2.61207E-04 
-4.23177E-05 2.14037E-04 
-2.97164E-05 1.69103E-04 
-2.01377E-05 1.28703E-04 
-1.31746E-05 9.29851E-05 
-8.28108E-06 6.18564E-05 
-4.56887E-06 3.47928E-05 
-1.92294E-07 1.02851E-05 
9.68327E-06 -1.60449E-05 
3.81452E-05 -5.64574E-05 
1.11424E-04 -1.36269E-04 
2.42177E-04 -2.69728E-04 
3.70650E-04 -4.02525E-04 
4.23103E-04 -4.62890E-04 
-3.10953E-04 7.29206E-04 
-2.40819E-04 6.74444E-04 
-2.31758E-04 6.65334E-04 
-1.85059E-04 6.15463E-04 
-1.47684E-04 5.67136E-04 
-1.10433E-04 5.13135E-04 
-7.92090E-05 4.59729E-04 
-5.80946E-05 4.18432E-04 
-5.25575E-05 4.06555E-04 
-2.95248E-05 3.51079E-04 
-1.00884E-05 2.96590E-04 
5.84055E-06 2.44307E-04 
1.79688E-05 1.95551E-04 
2.47927E-05 1.53502E-04 
3.02765E-05 1.14234E-04 
3.29052E-05 7.94857E-05 
3.31270E-05 4.93709E-05 
3.15174E-05 2.37619E-05 
2.89383E-05 2.14372E-06 
2.70500E-05 -1.68559E-05 
2.99714E-05 -3.70378E-05 
4.85472E-05 -6.88023E-05 
1.04075E-04 -1.33319E-04 
2.05930E-04 -2.41988E-04 
3.04340E-04 -3.48785E-04 
3.40104E-04 -3.94260E-04 
-1.42327E-04 5.82037E-04 
-7.64326E-05 5.29721E-04 
-5.82376E-05 5.11770E-04 
-1.63427E-05 4.65411E-04 
1.02514E-05 4.25989E-04 
3.71196E-05 3.80589E-04 
5.88796E-05 3.35032E-04 
7.28482E-05 2.99639E-04 
7.64021E-05 2.89392E-04 
9.02568E-05 2.41488E-04 
9.87698E-05 1.96254E-04 
1.04159E-04 1.52877E-04 
1.05878E-04 1.13036E-04 
1.03230E-04 7.91874E-05 
9.91315E-05 4.83304E-05 
9.25378E-05 2.17781E-05 
8.39457E-05 -4.03955E-07 
7.39870E-05 -1.84020E-05 
6.35260E-05 -3.27493E-05 
5.40741E-05 -4.47129E-05 
4.91298E-05 -5.75894E-05 
5.75759E-05 -8.01313E-05 
9.63744E-05 -1.29807E-04 
1.71966E-04 -2.15413E-04 
2.43250E-04 -2.98206E-04 
2.63791E-04 -3.29730E-04 
6.79624E-05 3.87242E-04 
1.28116E-04 3.38882E-04 
1.50040E-04 3.16922E-04 
1.89529E-04 2.72306E-04 
2.05403E-04 2.42240E-04 
2.17242E-04 2.10129E-04 
2.27252E-04 1.75085E-04 
2.31292E-04 1.48635E-04 
2.32031E-04 1.40921E-04 
2.32206E-04 1.05396E-04 
2.27700E-04 7.19942E-05 
2.18939E-04 4.15623E-05 
2.07033E-04 1.42400E-05 
1.91820E-04 -7.97391E-06 
1.75369E-04 -2.73126E-05 
1.57035E-04 -4.28255E-05 
1.37388E-04 -5.45176E-05 
1.17125E-04 -6.26491E-05 
9.71279E-05 -6.77914E-05 
7.87906E-05 -7.11315E-05 
6.50690E-05 -7.55217E-05 
6.31127E-05 -8.82374E-05 
8.60288E-05 -1.23395E-04 
1.37565E-04 -1.87341E-04 
1.84169E-04 -2.47746E-04 
1.90731E-04 -2.66094E-04 
3.14728E-04 1.48941E-04 
3.69937E-04 1.03839E-04 
3.91271E-04 8.18513E-05 
4.28481E-04 3.90872E-05 
4.35298E-04 1.73363E-05 
4.31188E-04 -3.49406E-08 
4.26190E-04 -2.10473E-05 
4.17952E-04 -3.58884E-05 
4.14876E-04 -3.99861E-05 
3.97171E-04 -5.85142E-05 
3.75011E-04 -7.50208E-05 
3.48537E-04 -8.84376E-05 
3.19355E-04 -9.91166E-05 
2.88395E-04 -1.06070E-04 
2.56733E-04 -1.10598E-04 
2.24023E-04 -1.12023E-04 
1.90986E-04 -1.10506E-04 
1.58423E-04 -1.06420E-04 
1.27256E-04 -1.00397E-04 
9.87733E-05 -9.35525E-05 
7.54423E-05 -8.83340E-05 
6.28485E-05 -9.06570E-05 
7.05994E-05 -1.11528E-04 
9.98955E-05 -1.54906E-04 
1.23824E-04 -1.94187E-04 
1.17509E-04 -2.00039E-04 
5.87289E-04 -1.23114E-04 
6.40207E-04 -1.67392E-04 
6.58839E-04 -1.87465E-04 
6.90791E-04 -2.25523E-04 
6.92610E-04 -2.42289E-04 
6.72609E-04 -2.44389E-04 
6.50490E-04 -2.48843E-04 
6.28441E-04 -2.50174E-04 
6.20971E-04 -2.49958E-04 
5.81103E-04 -2.46685E-04 
5.37061E-04 -2.41553E-04 
4.89368E-04 -2.33890E-04 
4.39698E-04 -2.24128E-04 
3.89742E-04 -2.12034E-04 
3.39957E-04 -1.98321E-04 
2.90343E-04 -1.82644E-04 
2.41735E-04 -1.65287E-04 
1.95036E-04 -1.46740E-04 
1.51227E-04 -1.27710E-04 
1.11515E-04 -1.09268E-04 
7.79139E-05 -9.34721E-05 
5.45556E-05 -8.49461E-05 
4.77838E-05 -9.17194E-05 
5.63165E-05 -1.15351E-04 
5.92014E-05 -1.34475E-04 
4.10430E-05 -1.28484E-04 
8.70298E-04 -4.14049E-04 
9.24597E-04 -4.60946E-04 
9.40787E-04 -4.79393E-04 
9.65786E-04 -5.11147E-04 
9.64006E-04 -5.23959E-04 
9.31614E-04 -5.13601E-04 
8.89522E-04 -4.98294E-04 
8.52170E-04 -4.84250E-04 
8.40376E-04 -4.79638E-04 
7.78583E-04 -4.54033E-04 
7.09274E-04 -4.23263E-04 
6.37097E-04 -3.90593E-04 
5.63794E-04 -3.56594E-04 
4.92080E-04 -3.22075E-04 
4.21705E-04 -2.87072E-04 
3.52851E-04 -2.51418E-04 
2.86663E-04 -2.15715E-04 
2.24229E-04 -1.80658E-04 
1.66583E-04 -1.47027E-04 
1.14838E-04 -1.15832E-04 
7.05645E-05 -8.87425E-05 
3.65011E-05 -6.91039E-05 
1.58579E-05 -6.20064E-05 
4.87939E-06 -6.65448E-05 
-1.18882E-05 -6.62955E-05 
-4.08375E-05 -4.91760E-05 
1.14702E-03 -7.07001E-04 
1.20536E-03 -7.59152E-04 
1.22195E-03 -7.78729E-04 
1.23868E-03 -8.03052E-04 
1.23454E-03 -8.12965E-04 
1.19279E-03 -7.92674E-04 
1.13200E-03 -7.58330E-04 
1.07816E-03 -7.27352E-04 
1.06127E-03 -7.17492E-04 
9.76488E-04 -6.67873E-04 
8.83834E-04 -6.12475E-04 
7.85935E-04 -5.52809E-04 
6.87098E-04 -4.91945E-04 
5.91330E-04 -4.32045E-04 
4.98192E-04 -3.72946E-04 
4.08258E-04 -3.14874E-04 
3.22968E-04 -2.58760E-04 
2.43614E-04 -2.05524E-04 
1.71319E-04 -1.56059E-04 
1.07104E-04 -1.11311E-04 
5.20822E-05 -7.25318E-05 
7.60871E-06 -4.17635E-05 
-2.61908E-05 -2.11140E-05 
-5.55679E-05 -7.11954E-06 
-9.07407E-05 1.18103E-05 
-1.29352E-04 3.92322E-05 
1.39624E-03 -9.79993E-04 
1.45969E-03 -1.03858E-03 
1.48005E-03 -1.06260E-03 
1.49038E-03 -1.08130E-03 
1.48424E-03 -1.08876E-03 
1.43702E-03 -1.06207E-03 
1.36039E-03 -1.01105E-03 
1.29219E-03 -9.64844E-04 
1.27089E-03 -9.50283E-04 
1.16374E-03 -8.76676E-04 
1.04836E-03 -7.96593E-04 
9.26027E-04 -7.10409E-04 
8.01225E-04 -6.21516E-04 
6.80827E-04 -5.34959E-04 
5.64205E-04 -4.50383E-04 
4.52550E-04 -3.68647E-04 
3.47685E-04 -2.91099E-04 
2.51156E-04 -2.18944E-04 
1.64210E-04 -1.53225E-04 
8.77747E-05 -9.48190E-05 
2.24966E-05 -4.45439E-05 
-3.16418E-05 -3.10455E-06 
-7.75522E-05 3.04113E-05 
-1.23961E-04 6.20764E-05 
-1.76034E-04 9.86832E-05 
-2.22914E-04 1.35270E-04 
1.60019E-03 -1.21410E-03 
1.66858E-03 -1.27919E-03 
1.69494E-03 -1.30983E-03 
1.70167E-03 -1.32568E-03 
1.69375E-03 -1.33109E-03 
1.64617E-03 -1.30275E-03 
1.55694E-03 -1.23806E-03 
1.47962E-03 -1.18138E-03 
1.45558E-03 -1.16362E-03 
1.33011E-03 -1.06948E-03 
1.19314E-03 -9.65316E-04 
1.04727E-03 -8.52902E-04 
8.98047E-04 -7.36816E-04 
7.54209E-04 -6.24111E-04 
6.15190E-04 -5.14489E-04 
4.82648E-04 -4.09319E-04 
3.59016E-04 -3.10600E-04 
2.46177E-04 -2.19914E-04 
1.45515E-04 -1.38473E-04 
5.78804E-05 -6.70981E-05 
-1.65391E-05 -6.16512E-06 
-7.91131E-05 4.49727E-05 
-1.35701E-04 9.02423E-05 
-1.97403E-04 1.38290E-04 
-2.64486E-04 1.91132E-04 
-3.17966E-04 2.35425E-04 
1.74325E-03 -1.39210E-03 
1.81495E-03 -1.46223E-03 
1.84722E-03 -1.49952E-03 
1.85316E-03 -1.51519E-03 
1.84165E-03 -1.51706E-03 
1.79828E-03 -1.49146E-03 
1.70306E-03 -1.41932E-03 
1.61781E-03 -1.35332E-03 
1.59202E-03 -1.33328E-03 
1.45703E-03 -1.22679E-03 
1.30238E-03 -1.10202E-03 
1.13757E-03 -9.67414E-04 
9.68088E-04 -8.27679E-04 
8.04449E-04 -6.91870E-04 
6.46188E-04 -5.59790E-04 
4.95634E-04 -4.33518E-04 
3.55870E-04 -3.15776E-04 
2.29173E-04 -2.08590E-04 
1.17091E-04 -1.13372E-04 
2.04031E-05 -3.08901E-05 
-6.11484E-05 3.89196E-05 
-1.30204E-04 9.80101E-05 
-1.95333E-04 1.53163E-04 
-2.69730E-04 2.15381E-04 
-3.49073E-04 2.82084E-04 
-4.07031E-04 3.32116E-04 
1.81651E-03 -1.50327E-03 
1.88814E-03 -1.57512E-03 
1.92308E-03 -1.61597E-03 
1.92924E-03 -1.63233E-03 
1.91290E-03 -1.62958E-03 
1.87510E-03 -1.60813E-03 
1.78113E-03 -1.53542E-03 
1.68985E-03 -1.46195E-03 
1.66264E-03 -1.43998E-03 
1.52265E-03 -1.32552E-03 
1.35990E-03 -1.18926E-03 
1.18272E-03 -1.03866E-03 
9.99841E-04 -8.81699E-04 
8.22909E-04 -7.28840E-04 
6.51565E-04 -5.80004E-04 
4.88666E-04 -4.37884E-04 
3.37886E-04 -3.05867E-04 
2.01945E-04 -1.86478E-04 
8.25615E-05 -8.13411E-05 
-1.95632E-05 8.83202E-06 
-1.05087E-04 8.45137E-05 
-1.77733E-04 1.48808E-04 
-2.48292E-04 2.10923E-04 
-3.31505E-04 2.83726E-04 
-4.19087E-04 3.60547E-04 
-4.78842E-04 4.13726E-04 
1.81893E-03 -1.54467E-03 
1.88596E-03 -1.61365E-03 
1.91860E-03 -1.65313E-03 
1.92297E-03 -1.66809E-03 
1.90102E-03 -1.65979E-03 
1.86438E-03 -1.63844E-03 
1.77820E-03 -1.57132E-03 
1.68416E-03 -1.49361E-03 
1.65620E-03 -1.47038E-03 
1.51118E-03 -1.34812E-03 
1.34729E-03 -1.20721E-03 
1.16896E-03 -1.05152E-03 
9.82519E-04 -8.86927E-04 
8.01704E-04 -7.26194E-04 
6.26325E-04 -5.69417E-04 
4.59663E-04 -4.19800E-04 
3.05805E-04 -2.81242E-04 
1.67729E-04 -1.56599E-04 
4.72292E-05 -4.76073E-05 
-5.50813E-05 4.50893E-05 
-1.40171E-04 1.22291E-04 
-2.12513E-04 1.87942E-04 
-2.84288E-04 2.52900E-04 
-3.70919E-04 3.31056E-04 
-4.61229E-04 4.12634E-04 
-5.19550E-04 4.65739E-04 
1.75771E-03 -1.52176E-03 
1.81503E-03 -1.58254E-03 
1.84006E-03 -1.61531E-03 
1.83935E-03 -1.62538E-03 
1.80926E-03 -1.60887E-03 
1.76812E-03 -1.58223E-03 
1.69000E-03 -1.52087E-03 
1.59749E-03 -1.44301E-03 
1.56881E-03 -1.41859E-03 
1.42273E-03 -1.29255E-03 
1.26175E-03 -1.15114E-03 
1.09020E-03 -9.98348E-04 
9.11361E-04 -8.37274E-04 
7.37375E-04 -6.79388E-04 
5.68767E-04 -5.25501E-04 
4.08968E-04 -3.79047E-04 
2.62002E-04 -2.43958E-04 
1.30744E-04 -1.23060E-04 
1.68555E-05 -1.80014E-05 
-7.91979E-05 7.07081E-05 
-1.58580E-04 1.44087E-04 
-2.26048E-04 2.06465E-04 
-2.94042E-04 2.69242E-04 
-3.77534E-04 3.46204E-04 
-4.63957E-04 4.25918E-04 
-5.17355E-04 4.75383E-04 
1.64563E-03 -1.44591E-03 
1.68924E-03 -1.49421E-03 
1.70220E-03 -1.51557E-03 
1.69223E-03 -1.51640E-03 
1.65249E-03 -1.48987E-03 
1.60183E-03 -1.45298E-03 
1.52858E-03 -1.39436E-03 
1.43924E-03 -1.31785E-03 
1.41068E-03 -1.29306E-03 
1.26897E-03 -1.16863E-03 
1.11622E-03 -1.03218E-03 
9.56182E-04 -8.87324E-04 
7.92899E-04 -7.38023E-04 
6.35450E-04 -5.92971E-04 
4.83919E-04 -4.52568E-04 
3.41356E-04 -3.19939E-04 
2.11131E-04 -1.98451E-04 
9.55349E-05 -9.04123E-05 
-4.14958E-06 2.86970E-06 
-8.77014E-05 8.11211E-05 
-1.56362E-04 1.45464E-04 
-2.14662E-04 2.00106E-04 
-2.74092E-04 2.55770E-04 
-3.48001E-04 3.24942E-04 
-4.24107E-04 3.96190E-04 
-4.69519E-04 4.38796E-04 
1.49842E-03 -1.33181E-03 
1.52589E-03 -1.36485E-03 
1.52438E-03 -1.37206E-03 
1.50219E-03 -1.36050E-03 
1.45228E-03 -1.32311E-03 
1.39126E-03 -1.27493E-03 
1.32006E-03 -1.21635E-03 
1.23418E-03 -1.14150E-03 
1.20527E-03 -1.11591E-03 
1.07070E-03 -9.95925E-04 
9.31592E-04 -8.70026E-04 
7.87569E-04 -7.38004E-04 
6.44575E-04 -6.05695E-04 
5.10139E-04 -4.80445E-04 
3.83219E-04 -3.61562E-04 
2.65592E-04 -2.50960E-04 
1.59302E-04 -1.50755E-04 
6.57156E-05 -6.23759E-05 
-1.44662E-05 1.34251E-05 
-8.12872E-05 7.66363E-05 
-1.35928E-04 1.28345E-04 
-1.82265E-04 1.72201E-04 
-2.29884E-04 2.17259E-04 
-2.89648E-04 2.73790E-04 
-3.50951E-04 3.31783E-04 
-3.86569E-04 3.65508E-04 
---
