PdfType: replica
Format: lhagrid1
---
1.00000E-06 1.28121E-06 1.64152E-06 2.10317E-06 2.69463E-06 3.45242E-06 4.42329E-06 5.66715E-06 7.26076E-06 9.30241E-06 1.19180E-05 1.52689E-05 1.95617E-05 2.50609E-05 3.21053E-05 4.11287E-05 5.26863E-05 6.74889E-05 8.64459E-05 1.10720E-04 1.41800E-04 1.81585E-04 2.32503E-04 2.97652E-04 3.80981E-04 4.87518E-04 6.26039E-04 8.00452E-04 1.02297E-03 1.30657E-03 1.66759E-03 2.12729E-03 2.71054E-03 3.44865E-03 4.37927E-03 5.54908E-03 7.01192E-03 8.83064E-03 1.10763E-02 1.38266E-02 1.71641E-02 2.11717E-02 2.59364E-02 3.15062E-02 3.79623E-02 4.53425E-02 5.36750E-02 6.29705E-02 7.32221E-02 8.44039E-02 9.64793E-02 1.09332E-01 1.23067E-01 1.37507E-01 1.52639E-01 1.68416E-01 1.84794E-01 2.01731E-01 2.19016E-01 2.36948E-01 2.55242E-01 2.73927E-01 2.92954E-01 3.12340E-01 3.32036E-01 3.52019E-01 3.72282E-01 3.92772E-01 4.13533E-01 4.34326E-01 4.55495E-01 4.76836E-01 4.98342E-01 5.20006E-01 5.41818E-01 5.63773E-01 5.85861E-01 6.08077E-01 6.30459E-01 6.52800E-01 6.75387E-01 6.98063E-01 7.20830E-01 7.43683E-01 7.66623E-01 7.89636E-01 8.12791E-01 8.35940E-01 8.59175E-01 8.82485E-01 9.05866E-01 9.29311E-01 9.52817E-01 9.76387E-01 1.00000E+00 
1.14018E+00 1.22539E+00 1.32482E+00 1.44156E+00 1.57954E+00 1.74381E+00 1.94091E+00 2.12132E+00 2.17945E+00 2.49622E+00 2.89383E+00 3.39925E+00 4.05063E+00 4.90286E+00 6.03623E+00 7.57063E+00 9.68869E+00 1.26749E+01 1.69835E+01 2.33578E+01 3.30501E+01 4.82334E+01 7.28041E+01 1.13998E+02 1.85779E+02 3.16228E+02 
908 909 
2.67357E-03 -2.13232E-04 
2.66740E-03 -2.16728E-04 
2.65450E-03 -2.20647E-04 
2.63393E-03 -2.24063E-04 
2.61303E-03 -2.27492E-04 
2.59185E-03 -2.30937E-04 
2.57044E-03 -2.34403E-04 
2.55376E-03 -2.37102E-04 
2.54887E-03 -2.37894E-04 
2.52547E-03 -2.41693E-04 
2.50200E-03 -2.45534E-04 
2.47852E-03 -2.49426E-04 
2.45510E-03 -2.53375E-04 
2.43003E-03 -2.57416E-04 
2.40498E-03 -2.61284E-04 
2.38023E-03 -2.65230E-04 
2.35618E-03 -2.69255E-04 
2.33369E-03 -2.73354E-04 
2.31511E-03 -2.77510E-04 
2.30766E-03 -2.81665E-04 
2.33497E-03 -2.85613E-04 
2.47167E-03 -2.88685E-04 
2.89630E-03 -2.89255E-04 
3.77770E-03 -2.85833E-04 
4.84647E-03 -2.80910E-04 
5.56888E-03 -2.79045E-04 
2.63290E-03 -2.26634E-04 
2.62598E-03 -2.30262E-04 
2.61228E-03 -2.34374E-04 
2.59097E-03 -2.37905E-04 
2.56932E-03 -2.41454E-04 
2.54739E-03 -2.45026E-04 
2.52524E-03 -2.48625E-04 
2.50799E-03 -2.51432E-04 
2.50293E-03 -2.52257E-04 
2.47873E-03 -2.56217E-04 
2.45446E-03 -2.60230E-04 
2.43017E-03 -2.64303E-04 
2.40593E-03 -2.68443E-04 
2.38001E-03 -2.72648E-04 
2.35416E-03 -2.76704E-04 
2.32861E-03 -2.80847E-04 
2.30374E-03 -2.85077E-04 
2.28042E-03 -2.89389E-04 
2.26101E-03 -2.93768E-04 
2.25274E-03 -2.98162E-04 
2.27933E-03 -3.02404E-04 
2.41569E-03 -3.05937E-04 
2.84103E-03 -3.07420E-04 
3.72482E-03 -3.05635E-04 
4.79662E-03 -3.02634E-04 
5.52074E-03 -3.02087E-04 
2.58930E-03 -2.40477E-04 
2.58160E-03 -2.44244E-04 
2.56705E-03 -2.48552E-04 
2.54497E-03 -2.52205E-04 
2.52255E-03 -2.55882E-04 
2.49986E-03 -2.59588E-04 
2.47694E-03 -2.63329E-04 
2.45909E-03 -2.66252E-04 
2.45386E-03 -2.67111E-04 
2.42883E-03 -2.71243E-04 
2.40372E-03 -2.75437E-04 
2.37859E-03 -2.79701E-04 
2.35350E-03 -2.84041E-04 
2.32667E-03 -2.88410E-04 
2.29999E-03 -2.92659E-04 
2.27359E-03 -2.97003E-04 
2.24785E-03 -3.01441E-04 
2.22364E-03 -3.05966E-04 
2.20334E-03 -3.10564E-04 
2.19419E-03 -3.15195E-04 
2.21999E-03 -3.19724E-04 
2.35590E-03 -3.23717E-04 
2.78173E-03 -3.26128E-04 
3.66753E-03 -3.26013E-04 
4.74192E-03 -3.24960E-04 
5.46740E-03 -3.25713E-04 
2.54268E-03 -2.54800E-04 
2.53418E-03 -2.58711E-04 
2.51874E-03 -2.63218E-04 
2.49586E-03 -2.66999E-04 
2.47265E-03 -2.70810E-04 
2.44916E-03 -2.74657E-04 
2.42545E-03 -2.78547E-04 
2.40698E-03 -2.81591E-04 
2.40156E-03 -2.82487E-04 
2.37567E-03 -2.86797E-04 
2.34968E-03 -2.91179E-04 
2.32367E-03 -2.95641E-04 
2.29768E-03 -3.00186E-04 
2.26991E-03 -3.04718E-04 
2.24235E-03 -3.09162E-04 
2.21505E-03 -3.13707E-04 
2.18838E-03 -3.18350E-04 
2.16324E-03 -3.23084E-04 
2.14199E-03 -3.27896E-04 
2.13189E-03 -3.32754E-04 
2.15681E-03 -3.37559E-04 
2.29214E-03 -3.42003E-04 
2.71824E-03 -3.45339E-04 
3.60565E-03 -3.46906E-04 
4.68214E-03 -3.47799E-04 
5.40861E-03 -3.49808E-04 
2.49297E-03 -2.69633E-04 
2.48363E-03 -2.73692E-04 
2.46725E-03 -2.78400E-04 
2.44355E-03 -2.82312E-04 
2.41952E-03 -2.86261E-04 
2.39520E-03 -2.90254E-04 
2.37065E-03 -2.94298E-04 
2.35154E-03 -2.97466E-04 
2.34593E-03 -2.98399E-04 
2.31913E-03 -3.02893E-04 
2.29223E-03 -3.07469E-04 
2.26528E-03 -3.12132E-04 
2.23835E-03 -3.16886E-04 
2.20960E-03 -3.21573E-04 
2.18110E-03 -3.26210E-04 
2.15284E-03 -3.30953E-04 
2.12520E-03 -3.35796E-04 
2.09906E-03 -3.40732E-04 
2.07679E-03 -3.45746E-04 
2.06567E-03 -3.50815E-04 
2.08964E-03 -3.55879E-04 
2.22427E-03 -3.60754E-04 
2.65039E-03 -3.65003E-04 
3.53898E-03 -3.68239E-04 
4.61705E-03 -3.71047E-04 
5.34416E-03 -3.74245E-04 
2.44005E-03 -2.84993E-04 
2.42983E-03 -2.89201E-04 
2.41247E-03 -2.94114E-04 
2.38791E-03 -2.98159E-04 
2.36302E-03 -3.02248E-04 
2.33784E-03 -3.06389E-04 
2.31243E-03 -3.10589E-04 
2.29264E-03 -3.13884E-04 
2.28684E-03 -3.14855E-04 
2.25908E-03 -3.19536E-04 
2.23122E-03 -3.24307E-04 
2.20330E-03 -3.29173E-04 
2.17537E-03 -3.34135E-04 
2.14558E-03 -3.38969E-04 
2.11609E-03 -3.43794E-04 
2.08683E-03 -3.48727E-04 
2.05815E-03 -3.53761E-04 
2.03095E-03 -3.58885E-04 
2.00760E-03 -3.64084E-04 
1.99540E-03 -3.69345E-04 
2.01832E-03 -3.74643E-04 
2.15211E-03 -3.79923E-04 
2.57800E-03 -3.85055E-04 
3.46734E-03 -3.89926E-04 
4.54648E-03 -3.94592E-04 
5.27384E-03 -3.98889E-04 
2.38379E-03 -3.00889E-04 
2.37267E-03 -3.05246E-04 
2.35426E-03 -3.10364E-04 
2.32882E-03 -3.14541E-04 
2.30304E-03 -3.18771E-04 
2.27696E-03 -3.23061E-04 
2.25065E-03 -3.27418E-04 
2.23015E-03 -3.30840E-04 
2.22414E-03 -3.31849E-04 
2.19539E-03 -3.36717E-04 
2.16651E-03 -3.41683E-04 
2.13756E-03 -3.46750E-04 
2.10858E-03 -3.51917E-04 
2.07770E-03 -3.56884E-04 
2.04718E-03 -3.61889E-04 
2.01685E-03 -3.67002E-04 
1.98708E-03 -3.72212E-04 
1.95876E-03 -3.77506E-04 
1.93426E-03 -3.82870E-04 
1.92090E-03 -3.88295E-04 
1.94269E-03 -3.93796E-04 
2.07551E-03 -3.99445E-04 
2.50093E-03 -4.05418E-04 
3.39055E-03 -4.11868E-04 
4.47021E-03 -4.18307E-04 
5.19747E-03 -4.23587E-04 
2.32407E-03 -3.17318E-04 
2.31199E-03 -3.21823E-04 
2.29250E-03 -3.27145E-04 
2.26614E-03 -3.31452E-04 
2.23942E-03 -3.35820E-04 
2.21241E-03 -3.40257E-04 
2.18516E-03 -3.44770E-04 
2.16392E-03 -3.48319E-04 
2.15769E-03 -3.49366E-04 
2.12790E-03 -3.54419E-04 
2.09795E-03 -3.59577E-04 
2.06792E-03 -3.64840E-04 
2.03783E-03 -3.70205E-04 
2.00582E-03 -3.75287E-04 
1.97420E-03 -3.80460E-04 
1.94275E-03 -3.85737E-04 
1.91183E-03 -3.91106E-04 
1.88232E-03 -3.96549E-04 
1.85661E-03 -4.02049E-04 
1.84202E-03 -4.07606E-04 
1.86259E-03 -4.13270E-04 
1.99432E-03 -4.19242E-04 
2.41900E-03 -4.26001E-04 
3.30844E-03 -4.33951E-04 
4.38810E-03 -4.42052E-04 
5.11488E-03 -4.48176E-04 
2.26074E-03 -3.34272E-04 
2.24767E-03 -3.38922E-04 
2.22703E-03 -3.44442E-04 
2.19971E-03 -3.48874E-04 
2.17203E-03 -3.53377E-04 
2.14405E-03 -3.57958E-04 
2.11580E-03 -3.62624E-04 
2.09380E-03 -3.66296E-04 
2.08734E-03 -3.67380E-04 
2.05645E-03 -3.72614E-04 
2.02539E-03 -3.77958E-04 
1.99421E-03 -3.83410E-04 
1.96296E-03 -3.88962E-04 
1.92977E-03 -3.94136E-04 
1.89700E-03 -3.99460E-04 
1.86436E-03 -4.04884E-04 
1.83223E-03 -4.10388E-04 
1.80148E-03 -4.15951E-04 
1.77450E-03 -4.21554E-04 
1.75861E-03 -4.27203E-04 
1.77789E-03 -4.32985E-04 
1.90838E-03 -4.39224E-04 
2.33207E-03 -4.46697E-04 
3.22088E-03 -4.56046E-04 
4.30000E-03 -4.65667E-04 
5.02594E-03 -4.72470E-04 
2.19365E-03 -3.51733E-04 
2.17955E-03 -3.56522E-04 
2.15771E-03 -3.62228E-04 
2.12939E-03 -3.66780E-04 
2.10071E-03 -3.71412E-04 
2.07171E-03 -3.76132E-04 
2.04244E-03 -3.80945E-04 
2.01963E-03 -3.84737E-04 
2.01293E-03 -3.85857E-04 
1.98090E-03 -3.91264E-04 
1.94867E-03 -3.96784E-04 
1.91629E-03 -4.02413E-04 
1.88381E-03 -4.08138E-04 
1.84940E-03 -4.13377E-04 
1.81542E-03 -4.18833E-04 
1.78154E-03 -4.24378E-04 
1.74814E-03 -4.29989E-04 
1.71608E-03 -4.35637E-04 
1.68776E-03 -4.41304E-04 
1.67052E-03 -4.46998E-04 
1.68842E-03 -4.52842E-04 
1.81756E-03 -4.59281E-04 
2.24000E-03 -4.67382E-04 
3.12772E-03 -4.78005E-04 
4.20577E-03 -4.88974E-04 
4.93054E-03 -4.96263E-04 
2.12266E-03 -3.69674E-04 
2.10750E-03 -3.74597E-04 
2.08439E-03 -3.80469E-04 
2.05504E-03 -3.85132E-04 
2.02531E-03 -3.89886E-04 
1.99526E-03 -3.94738E-04 
1.96492E-03 -3.99691E-04 
1.94126E-03 -4.03596E-04 
1.93432E-03 -4.04749E-04 
1.90108E-03 -4.10319E-04 
1.86763E-03 -4.16003E-04 
1.83399E-03 -4.21793E-04 
1.80023E-03 -4.27672E-04 
1.76454E-03 -4.32942E-04 
1.72931E-03 -4.38505E-04 
1.69413E-03 -4.44143E-04 
1.65940E-03 -4.49826E-04 
1.62598E-03 -4.55520E-04 
1.59627E-03 -4.61202E-04 
1.57760E-03 -4.66886E-04 
1.59406E-03 -4.72727E-04 
1.72173E-03 -4.79289E-04 
2.14267E-03 -4.87912E-04 
3.02886E-03 -4.99656E-04 
4.10533E-03 -5.11769E-04 
4.82861E-03 -5.19322E-04 
2.04763E-03 -3.88063E-04 
2.03135E-03 -3.93111E-04 
2.00690E-03 -3.99119E-04 
1.97649E-03 -4.03884E-04 
1.94568E-03 -4.08751E-04 
1.91453E-03 -4.13724E-04 
1.88307E-03 -4.18808E-04 
1.85854E-03 -4.22817E-04 
1.85134E-03 -4.24001E-04 
1.81685E-03 -4.29719E-04 
1.78211E-03 -4.35551E-04 
1.74717E-03 -4.41481E-04 
1.71206E-03 -4.47490E-04 
1.67506E-03 -4.52753E-04 
1.63851E-03 -4.58393E-04 
1.60199E-03 -4.64088E-04 
1.56587E-03 -4.69802E-04 
1.53103E-03 -4.75494E-04 
1.49988E-03 -4.81136E-04 
1.47973E-03 -4.86746E-04 
1.49468E-03 -4.92508E-04 
1.62077E-03 -4.99101E-04 
2.03998E-03 -5.08124E-04 
2.92419E-03 -5.20806E-04 
3.99858E-03 -5.33821E-04 
4.72009E-03 -5.41383E-04 
1.96839E-03 -4.06857E-04 
1.95097E-03 -4.12022E-04 
1.92511E-03 -4.18121E-04 
1.89359E-03 -4.22976E-04 
1.86167E-03 -4.27944E-04 
1.82938E-03 -4.33028E-04 
1.79676E-03 -4.38228E-04 
1.77132E-03 -4.42330E-04 
1.76384E-03 -4.43542E-04 
1.72805E-03 -4.49390E-04 
1.69198E-03 -4.55348E-04 
1.65566E-03 -4.61394E-04 
1.61915E-03 -4.67503E-04 
1.58079E-03 -4.72711E-04 
1.54288E-03 -4.78393E-04 
1.50496E-03 -4.84105E-04 
1.46741E-03 -4.89801E-04 
1.43111E-03 -4.95436E-04 
1.39846E-03 -5.00973E-04 
1.37680E-03 -5.06434E-04 
1.39017E-03 -5.12032E-04 
1.51458E-03 -5.18551E-04 
1.93183E-03 -5.27829E-04 
2.81364E-03 -5.41234E-04 
3.88549E-03 -5.54869E-04 
4.60497E-03 -5.62152E-04 
1.88481E-03 -4.26001E-04 
1.86620E-03 -4.31272E-04 
1.83886E-03 -4.37403E-04 
1.80620E-03 -4.42334E-04 
1.77312E-03 -4.47389E-04 
1.73966E-03 -4.52568E-04 
1.70584E-03 -4.57870E-04 
1.67944E-03 -4.62052E-04 
1.67169E-03 -4.63287E-04 
1.63454E-03 -4.69243E-04 
1.59708E-03 -4.75299E-04 
1.55934E-03 -4.81430E-04 
1.52136E-03 -4.87603E-04 
1.48162E-03 -4.92704E-04 
1.44230E-03 -4.98386E-04 
1.40293E-03 -5.04065E-04 
1.36390E-03 -5.09689E-04 
1.32609E-03 -5.15201E-04 
1.29192E-03 -5.20559E-04 
1.26869E-03 -5.25787E-04 
1.28045E-03 -5.31122E-04 
1.40309E-03 -5.37447E-04 
1.81817E-03 -5.46813E-04 
2.69718E-03 -5.60688E-04 
3.76604E-03 -5.74617E-04 
4.48328E-03 -5.81297E-04 
1.79675E-03 -4.45429E-04 
1.77691E-03 -4.50793E-04 
1.74801E-03 -4.56878E-04 
1.71418E-03 -4.61869E-04 
1.67991E-03 -4.66994E-04 
1.64523E-03 -4.72252E-04 
1.61016E-03 -4.77635E-04 
1.58279E-03 -4.81879E-04 
1.57475E-03 -4.83132E-04 
1.53619E-03 -4.89168E-04 
1.49728E-03 -4.95292E-04 
1.45806E-03 -5.01470E-04 
1.41857E-03 -5.07664E-04 
1.37741E-03 -5.12598E-04 
1.33664E-03 -5.18231E-04 
1.29578E-03 -5.23822E-04 
1.25523E-03 -5.29308E-04 
1.21588E-03 -5.34623E-04 
1.18014E-03 -5.39718E-04 
1.15533E-03 -5.44616E-04 
1.16545E-03 -5.49578E-04 
1.28624E-03 -5.55572E-04 
1.69896E-03 -5.64833E-04 
2.57481E-03 -5.78885E-04 
3.64028E-03 -5.92736E-04 
4.35510E-03 -5.98450E-04 
1.70406E-03 -4.65058E-04 
1.68296E-03 -4.70503E-04 
1.65242E-03 -4.76439E-04 
1.61739E-03 -4.81471E-04 
1.58189E-03 -4.86648E-04 
1.54595E-03 -4.91962E-04 
1.50960E-03 -4.97403E-04 
1.48121E-03 -5.01689E-04 
1.47287E-03 -5.02954E-04 
1.43286E-03 -5.09037E-04 
1.39245E-03 -5.15190E-04 
1.35170E-03 -5.21373E-04 
1.31065E-03 -5.27537E-04 
1.26806E-03 -5.32234E-04 
1.22579E-03 -5.37763E-04 
1.18341E-03 -5.43201E-04 
1.14132E-03 -5.48475E-04 
1.10040E-03 -5.53510E-04 
1.06308E-03 -5.58247E-04 
1.03667E-03 -5.62706E-04 
1.04512E-03 -5.67171E-04 
1.16402E-03 -5.72680E-04 
1.57421E-03 -5.81616E-04 
2.44654E-03 -5.95511E-04 
3.50828E-03 -6.08857E-04 
4.22056E-03 -6.13205E-04 
1.60661E-03 -4.84788E-04 
1.58422E-03 -4.90297E-04 
1.55196E-03 -4.95955E-04 
1.51570E-03 -5.01008E-04 
1.47894E-03 -5.06214E-04 
1.44171E-03 -5.11561E-04 
1.40404E-03 -5.17032E-04 
1.37460E-03 -5.21337E-04 
1.36595E-03 -5.22606E-04 
1.32443E-03 -5.28697E-04 
1.28249E-03 -5.34835E-04 
1.24016E-03 -5.40970E-04 
1.19750E-03 -5.47048E-04 
1.15347E-03 -5.51432E-04 
1.10968E-03 -5.56793E-04 
1.06575E-03 -5.62005E-04 
1.02208E-03 -5.66984E-04 
9.79587E-04 -5.71642E-04 
9.40680E-04 -5.75913E-04 
9.12669E-04 -5.79814E-04 
9.19452E-04 -5.83642E-04 
1.03643E-03 -5.88495E-04 
1.44395E-03 -5.96858E-04 
2.31248E-03 -6.10214E-04 
3.37018E-03 -6.22576E-04 
4.07989E-03 -6.25119E-04 
1.50426E-03 -5.04494E-04 
1.48055E-03 -5.10049E-04 
1.44651E-03 -5.15269E-04 
1.40899E-03 -5.20321E-04 
1.37094E-03 -5.25532E-04 
1.33239E-03 -5.30884E-04 
1.29336E-03 -5.36353E-04 
1.26284E-03 -5.40649E-04 
1.25387E-03 -5.41913E-04 
1.21081E-03 -5.47968E-04 
1.16728E-03 -5.54039E-04 
1.12334E-03 -5.60069E-04 
1.07904E-03 -5.65995E-04 
1.03357E-03 -5.69982E-04 
9.88236E-04 -5.75103E-04 
9.42740E-04 -5.80007E-04 
8.97491E-04 -5.84595E-04 
8.53413E-04 -5.88771E-04 
8.12929E-04 -5.92457E-04 
7.83340E-04 -5.95666E-04 
7.88482E-04 -5.98704E-04 
9.03526E-04 -6.02709E-04 
1.30828E-03 -6.10221E-04 
2.17276E-03 -6.22607E-04 
3.22619E-03 -6.33453E-04 
3.93336E-03 -6.33714E-04 
1.39690E-03 -5.24026E-04 
1.37184E-03 -5.29608E-04 
1.33594E-03 -5.34195E-04 
1.29715E-03 -5.39222E-04 
1.25779E-03 -5.44409E-04 
1.21789E-03 -5.49734E-04 
1.17746E-03 -5.55167E-04 
1.14585E-03 -5.59421E-04 
1.13655E-03 -5.60671E-04 
1.09191E-03 -5.66639E-04 
1.04677E-03 -5.72585E-04 
1.00118E-03 -5.78445E-04 
9.55208E-04 -5.84147E-04 
9.08311E-04 -5.87645E-04 
8.61426E-04 -5.92445E-04 
8.14358E-04 -5.96948E-04 
7.67533E-04 -6.01041E-04 
7.21886E-04 -6.04615E-04 
6.79854E-04 -6.07584E-04 
6.48729E-04 -6.09954E-04 
6.52276E-04 -6.12035E-04 
7.65413E-04 -6.14982E-04 
1.16734E-03 -6.21334E-04 
2.02759E-03 -6.32271E-04 
3.07662E-03 -6.41011E-04 
3.78134E-03 -6.38476E-04 
1.28443E-03 -5.43200E-04 
1.25799E-03 -5.48790E-04 
1.22019E-03 -5.52510E-04 
1.18010E-03 -5.57485E-04 
1.13941E-03 -5.62620E-04 
1.09813E-03 -5.67884E-04 
1.05629E-03 -5.73240E-04 
1.02355E-03 -5.77419E-04 
1.01392E-03 -5.78643E-04 
9.67671E-04 -5.84468E-04 
9.20888E-04 -5.90226E-04 
8.73631E-04 -5.95842E-04 
8.25978E-04 -6.01238E-04 
7.77694E-04 -6.04151E-04 
7.29255E-04 -6.08541E-04 
6.80624E-04 -6.12538E-04 
6.32241E-04 -6.16020E-04 
5.85061E-04 -6.18863E-04 
5.41530E-04 -6.20970E-04 
5.08934E-04 -6.22341E-04 
5.10964E-04 -6.23281E-04 
6.22253E-04 -6.24943E-04 
1.02134E-03 -6.29795E-04 
1.87725E-03 -6.38753E-04 
2.92182E-03 -6.44742E-04 
3.62433E-03 -6.38869E-04 
1.16673E-03 -5.61803E-04 
1.13890E-03 -5.67378E-04 
1.09916E-03 -5.69954E-04 
1.05777E-03 -5.74852E-04 
1.01573E-03 -5.79905E-04 
9.73063E-04 -5.85071E-04 
9.29790E-04 -5.90306E-04 
8.95913E-04 -5.94372E-04 
8.85945E-04 -5.95559E-04 
8.38072E-04 -6.01179E-04 
7.89632E-04 -6.06678E-04 
7.40696E-04 -6.11973E-04 
6.91356E-04 -6.16973E-04 
6.41741E-04 -6.19200E-04 
5.91761E-04 -6.23079E-04 
5.41590E-04 -6.26458E-04 
4.91689E-04 -6.29199E-04 
4.43029E-04 -6.31168E-04 
3.98074E-04 -6.32256E-04 
3.64102E-04 -6.32454E-04 
3.64721E-04 -6.32058E-04 
4.74265E-04 -6.32188E-04 
8.70555E-04 -6.35170E-04 
1.72210E-03 -6.41569E-04 
2.76230E-03 -6.44114E-04 
3.46290E-03 -6.34332E-04 
1.04375E-03 -5.79577E-04 
1.01451E-03 -5.85116E-04 
9.72844E-04 -5.86227E-04 
9.30149E-04 -5.91024E-04 
8.86753E-04 -5.95962E-04 
8.42683E-04 -6.00992E-04 
7.97966E-04 -6.06062E-04 
7.62945E-04 -6.09974E-04 
7.52638E-04 -6.11112E-04 
7.03131E-04 -6.16461E-04 
6.53032E-04 -6.21625E-04 
6.02423E-04 -6.26512E-04 
5.51409E-04 -6.31023E-04 
5.00540E-04 -6.32458E-04 
4.49049E-04 -6.35717E-04 
3.97381E-04 -6.38352E-04 
3.46019E-04 -6.40213E-04 
2.95960E-04 -6.41152E-04 
2.49682E-04 -6.41051E-04 
2.14459E-04 -6.39889E-04 
2.13814E-04 -6.37949E-04 
3.21758E-04 -6.36285E-04 
7.15364E-04 -6.36998E-04 
1.56264E-03 -6.40215E-04 
2.59865E-03 -6.38573E-04 
3.29781E-03 -6.24300E-04 
9.15455E-04 -5.96226E-04 
8.84784E-04 -6.01707E-04 
8.41232E-04 -6.00990E-04 
7.97238E-04 -6.05662E-04 
7.52490E-04 -6.10455E-04 
7.07018E-04 -6.15312E-04 
6.60857E-04 -6.20170E-04 
6.24693E-04 -6.23886E-04 
6.14049E-04 -6.24961E-04 
5.62914E-04 -6.29969E-04 
5.11168E-04 -6.34719E-04 
4.58906E-04 -6.39108E-04 
4.06249E-04 -6.43025E-04 
3.54229E-04 -6.43564E-04 
3.01274E-04 -6.46083E-04 
2.48172E-04 -6.47838E-04 
1.95433E-04 -6.48665E-04 
1.44079E-04 -6.48406E-04 
9.66106E-05 -6.46933E-04 
6.02984E-05 -6.44216E-04 
5.85767E-05 -6.40510E-04 
1.65120E-04 -6.36775E-04 
5.56230E-04 -6.34798E-04 
1.39943E-03 -6.34169E-04 
2.43161E-03 -6.27563E-04 
3.12991E-03 -6.08210E-04 
7.81830E-04 -6.11409E-04 
7.49733E-04 -6.16810E-04 
7.04388E-04 -6.13862E-04 
6.59109E-04 -6.18391E-04 
6.13021E-04 -6.23012E-04 
5.66159E-04 -6.27658E-04 
5.18565E-04 -6.32258E-04 
4.81269E-04 -6.35736E-04 
4.70291E-04 -6.36734E-04 
4.17550E-04 -6.41330E-04 
3.64185E-04 -6.45582E-04 
3.10309E-04 -6.49375E-04 
2.56060E-04 -6.52591E-04 
2.03019E-04 -6.52129E-04 
1.48666E-04 -6.53777E-04 
9.42159E-05 -6.54503E-04 
4.02081E-05 -6.54131E-04 
-1.23040E-05 -6.52494E-04 
-6.07948E-05 -6.49456E-04 
-9.79958E-05 -6.44976E-04 
-1.00562E-04 -6.39276E-04 
4.83874E-06 -6.33183E-04 
3.93727E-04 -6.28074E-04 
1.23319E-03 -6.22902E-04 
2.26206E-03 -6.10533E-04 
2.96025E-03 -5.85524E-04 
6.42930E-04 -6.24740E-04 
6.09410E-04 -6.30042E-04 
5.62440E-04 -6.24430E-04 
5.15902E-04 -6.28804E-04 
4.68496E-04 -6.33230E-04 
4.20266E-04 -6.37631E-04 
3.71264E-04 -6.41927E-04 
3.32858E-04 -6.45125E-04 
3.21553E-04 -6.46033E-04 
2.67243E-04 -6.50142E-04 
2.12306E-04 -6.53808E-04 
1.56873E-04 -6.56906E-04 
1.01104E-04 -6.59306E-04 
4.72009E-05 -6.57746E-04 
-8.46142E-06 -6.58379E-04 
-6.41482E-05 -6.57913E-04 
-1.19286E-04 -6.56164E-04 
-1.72786E-04 -6.52958E-04 
-2.22094E-04 -6.48152E-04 
-2.59940E-04 -6.41695E-04 
-2.63066E-04 -6.33766E-04 
-1.58486E-04 -6.25022E-04 
2.28553E-04 -6.16328E-04 
1.06477E-03 -6.05897E-04 
2.09104E-03 -5.86958E-04 
2.79003E-03 -5.55751E-04 
4.98870E-04 -6.35793E-04 
4.63938E-04 -6.40979E-04 
4.15602E-04 -6.32253E-04 
3.67840E-04 -6.36468E-04 
3.19150E-04 -6.40682E-04 
2.69588E-04 -6.44809E-04 
2.19216E-04 -6.48760E-04 
1.79732E-04 -6.51635E-04 
1.68110E-04 -6.52438E-04 
1.12285E-04 -6.55988E-04 
5.58415E-05 -6.58977E-04 
-1.06948E-06 -6.61273E-04 
-5.82649E-05 -6.62736E-04 
-1.12838E-04 -6.59988E-04 
-1.69698E-04 -6.59449E-04 
-2.26484E-04 -6.57618E-04 
-2.82582E-04 -6.54302E-04 
-3.36863E-04 -6.49324E-04 
-3.86740E-04 -6.42538E-04 
-4.24937E-04 -6.33885E-04 
-4.28284E-04 -6.23493E-04 
-3.24132E-04 -6.11807E-04 
6.15387E-05 -5.99073E-04 
8.95171E-04 -5.82664E-04 
1.91976E-03 -5.56366E-04 
2.62064E-03 -5.18475E-04 
3.47497E-04 -6.44207E-04 
3.11150E-04 -6.49263E-04 
2.61810E-04 -6.36923E-04 
2.12852E-04 -6.40982E-04 
1.62905E-04 -6.44972E-04 
1.12038E-04 -6.48797E-04 
6.03273E-05 -6.52356E-04 
1.97943E-05 -6.54862E-04 
7.86420E-06 -6.55546E-04 
-4.94252E-05 -6.58449E-04 
-1.07313E-04 -6.60656E-04 
-1.65624E-04 -6.62024E-04 
-2.24148E-04 -6.62402E-04 
-2.79174E-04 -6.58370E-04 
-3.37111E-04 -6.56466E-04 
-3.94840E-04 -6.53053E-04 
-4.51702E-04 -6.47939E-04 
-5.06523E-04 -6.40945E-04 
-5.56677E-04 -6.31929E-04 
-5.94879E-04 -6.20822E-04 
-5.98039E-04 -6.07694E-04 
-4.93836E-04 -5.92733E-04 
-1.08942E-04 -5.75442E-04 
7.22936E-04 -5.52247E-04 
1.74700E-03 -5.17716E-04 
2.45112E-03 -4.72634E-04 
1.93805E-04 -6.49228E-04 
1.56091E-04 -6.54148E-04 
1.06284E-04 -6.37844E-04 
5.62020E-05 -6.41768E-04 
5.07343E-06 -6.45538E-04 
-4.70189E-05 -6.49046E-04 
-9.99831E-05 -6.52185E-04 
-1.41494E-04 -6.54288E-04 
-1.53710E-04 -6.54840E-04 
-2.12352E-04 -6.57027E-04 
-2.71559E-04 -6.58365E-04 
-3.31127E-04 -6.58700E-04 
-3.90817E-04 -6.57873E-04 
-4.46034E-04 -6.52512E-04 
-5.04867E-04 -6.49075E-04 
-5.63321E-04 -6.43903E-04 
-6.20688E-04 -6.36804E-04 
-6.75746E-04 -6.27606E-04 
-7.25825E-04 -6.16176E-04 
-7.63626E-04 -6.02441E-04 
-7.66133E-04 -5.86404E-04 
-6.61320E-04 -5.67957E-04 
-2.76452E-04 -5.45763E-04 
5.54766E-04 -5.15231E-04 
1.57972E-03 -4.71938E-04 
2.28853E-03 -4.19505E-04 
3.58637E-05 -6.50507E-04 
-3.18497E-06 -6.55288E-04 
-5.27736E-05 -6.34704E-04 
-1.03919E-04 -6.38522E-04 
-1.56167E-04 -6.42079E-04 
-2.09419E-04 -6.45258E-04 
-2.63563E-04 -6.47942E-04 
-3.05988E-04 -6.49601E-04 
-3.18470E-04 -6.50007E-04 
-3.78364E-04 -6.51396E-04 
-4.38770E-04 -6.51758E-04 
-4.99456E-04 -6.50930E-04 
-5.60152E-04 -6.48747E-04 
-6.15277E-04 -6.42014E-04 
-6.74812E-04 -6.36839E-04 
-7.33755E-04 -6.29690E-04 
-7.91342E-04 -6.20383E-04 
-8.46296E-04 -6.08762E-04 
-8.95900E-04 -5.94707E-04 
-9.32838E-04 -5.78146E-04 
-9.34153E-04 -5.59009E-04 
-8.28082E-04 -5.36852E-04 
-4.42368E-04 -5.09393E-04 
3.89474E-04 -4.70954E-04 
1.41700E-03 -4.18375E-04 
2.13218E-03 -3.58493E-04 
-1.25769E-04 -6.47551E-04 
-1.66115E-04 -6.52196E-04 
-2.14604E-04 -6.27156E-04 
-2.66752E-04 -6.30905E-04 
-3.20056E-04 -6.34262E-04 
-3.74395E-04 -6.37101E-04 
-4.29640E-04 -6.39293E-04 
-4.72911E-04 -6.40462E-04 
-4.85638E-04 -6.40707E-04 
-5.46669E-04 -6.41205E-04 
-6.08143E-04 -6.40471E-04 
-6.69792E-04 -6.38337E-04 
-7.31309E-04 -6.34633E-04 
-7.86034E-04 -6.26502E-04 
-8.46048E-04 -6.19365E-04 
-9.05205E-04 -6.10008E-04 
-9.62680E-04 -5.98265E-04 
-1.01714E-03 -5.84002E-04 
-1.06581E-03 -5.67125E-04 
-1.10135E-03 -5.47566E-04 
-1.10086E-03 -5.25176E-04 
-9.92793E-04 -4.99136E-04 
-6.05213E-04 -4.66126E-04 
2.28777E-04 -4.19338E-04 
1.26081E-03 -3.57137E-04 
1.98427E-03 -2.89925E-04 
-2.90384E-04 -6.39908E-04 
-3.31987E-04 -6.44420E-04 
-3.78274E-04 -6.14958E-04 
-4.31370E-04 -6.18681E-04 
-4.85669E-04 -6.21851E-04 
-5.41028E-04 -6.24331E-04 
-5.97294E-04 -6.25985E-04 
-6.41340E-04 -6.26609E-04 
-6.54290E-04 -6.26673E-04 
-7.16339E-04 -6.26169E-04 
-7.78738E-04 -6.24201E-04 
-8.41180E-04 -6.20595E-04 
-9.03316E-04 -6.15185E-04 
-9.57312E-04 -6.05649E-04 
-1.01755E-03 -5.96308E-04 
-1.07660E-03 -5.84502E-04 
-1.13358E-03 -5.70093E-04 
-1.18709E-03 -5.52981E-04 
-1.23431E-03 -5.33106E-04 
-1.26786E-03 -5.10414E-04 
-1.26488E-03 -4.84670E-04 
-1.15397E-03 -4.54649E-04 
-7.63346E-04 -4.15912E-04 
7.45633E-05 -3.60509E-04 
1.11334E-03 -2.88602E-04 
1.84716E-03 -2.14454E-04 
-4.57344E-04 -6.27173E-04 
-5.00170E-04 -6.31555E-04 
-5.42908E-04 -5.97994E-04 
-5.96915E-04 -6.01725E-04 
-6.52162E-04 -6.04707E-04 
-7.08484E-04 -6.06796E-04 
-7.65700E-04 -6.07844E-04 
-8.10456E-04 -6.07849E-04 
-8.23606E-04 -6.07706E-04 
-8.86557E-04 -6.06061E-04 
-9.49734E-04 -6.02688E-04 
-1.01279E-03 -5.97416E-04 
-1.07532E-03 -5.90084E-04 
-1.12824E-03 -5.79154E-04 
-1.18840E-03 -5.67343E-04 
-1.24699E-03 -5.52834E-04 
-1.30303E-03 -5.35531E-04 
-1.35508E-03 -5.15379E-04 
-1.40025E-03 -4.92363E-04 
-1.43114E-03 -4.66448E-04 
-1.42490E-03 -4.37317E-04 
-1.31020E-03 -4.03304E-04 
-9.15189E-04 -3.58802E-04 
-7.13241E-05 -2.94744E-04 
9.76732E-04 -2.13361E-04 
1.72320E-03 -1.32996E-04 
-6.25231E-04 -6.09104E-04 
-6.69250E-04 -6.13349E-04 
-7.06854E-04 -5.76400E-04 
-7.61758E-04 -5.80153E-04 
-8.17932E-04 -5.82922E-04 
-8.75178E-04 -5.84553E-04 
-9.33288E-04 -5.84895E-04 
-9.78694E-04 -5.84179E-04 
-9.92025E-04 -5.83797E-04 
-1.05576E-03 -5.80832E-04 
-1.11957E-03 -5.75846E-04 
-1.18303E-03 -5.68678E-04 
-1.24572E-03 -5.59185E-04 
-1.29722E-03 -5.46886E-04 
-1.35697E-03 -5.32328E-04 
-1.41466E-03 -5.14868E-04 
-1.46928E-03 -4.94465E-04 
-1.51928E-03 -4.71121E-04 
-1.56175E-03 -4.44878E-04 
-1.58924E-03 -4.15730E-04 
-1.57889E-03 -3.83274E-04 
-1.45936E-03 -3.45392E-04 
-1.05848E-03 -2.95286E-04 
-2.06378E-04 -2.22857E-04 
8.53744E-04 -1.32657E-04 
1.61527E-03 -4.72009E-05 
-7.92688E-04 -5.85629E-04 
-8.37886E-04 -5.89711E-04 
-8.68547E-04 -5.50554E-04 
-9.24380E-04 -5.54298E-04 
-9.81491E-04 -5.56778E-04 
-1.03966E-03 -5.57836E-04 
-1.09863E-03 -5.57317E-04 
-1.14464E-03 -5.55738E-04 
-1.15813E-03 -5.55071E-04 
-1.22255E-03 -5.50550E-04 
-1.28683E-03 -5.43693E-04 
-1.35051E-03 -5.34358E-04 
-1.41309E-03 -5.22428E-04 
-1.46283E-03 -5.08794E-04 
-1.52177E-03 -4.91206E-04 
-1.57810E-03 -4.70560E-04 
-1.63072E-03 -4.46881E-04 
-1.67804E-03 -4.20244E-04 
-1.71707E-03 -3.90760E-04 
-1.74035E-03 -3.58460E-04 
-1.72498E-03 -3.22856E-04 
-1.59951E-03 -2.81377E-04 
-1.19112E-03 -2.26061E-04 
-3.28276E-04 -1.45935E-04 
7.46936E-04 -4.80760E-05 
1.52603E-03 4.08915E-05 
-9.58058E-04 -5.56927E-04 
-1.00445E-03 -5.60785E-04 
-1.02619E-03 -5.21139E-04 
-1.08303E-03 -5.24771E-04 
-1.14115E-03 -5.26812E-04 
-1.20026E-03 -5.27104E-04 
-1.26010E-03 -5.25494E-04 
-1.30669E-03 -5.22852E-04 
-1.32034E-03 -5.21839E-04 
-1.38534E-03 -5.15458E-04 
-1.44995E-03 -5.06412E-04 
-1.51363E-03 -4.94589E-04 
-1.57580E-03 -4.79916E-04 
-1.62347E-03 -4.64979E-04 
-1.68116E-03 -4.44085E-04 
-1.73558E-03 -4.20045E-04 
-1.78558E-03 -3.92966E-04 
-1.82949E-03 -3.63010E-04 
-1.86430E-03 -3.30364E-04 
-1.88250E-03 -2.95104E-04 
-1.86115E-03 -2.56664E-04 
-1.72856E-03 -2.12037E-04 
-1.31093E-03 -1.52187E-04 
-4.34638E-04 -6.54986E-05 
6.58859E-04 3.82716E-05 
1.45803E-03 1.28673E-04 
-1.11972E-03 -5.23428E-04 
-1.16734E-03 -5.26945E-04 
-1.17810E-03 -4.89105E-04 
-1.23611E-03 -4.92411E-04 
-1.29535E-03 -4.93755E-04 
-1.35550E-03 -4.92983E-04 
-1.41624E-03 -4.89952E-04 
-1.46341E-03 -4.85976E-04 
-1.47720E-03 -4.84536E-04 
-1.54272E-03 -4.75904E-04 
-1.60749E-03 -4.64277E-04 
-1.67093E-03 -4.49594E-04 
-1.73240E-03 -4.31841E-04 
-1.77769E-03 -4.15618E-04 
-1.83362E-03 -3.91160E-04 
-1.88553E-03 -3.63561E-04 
-1.93220E-03 -3.33026E-04 
-1.97193E-03 -2.99811E-04 
-2.00167E-03 -2.64191E-04 
-2.01388E-03 -2.26290E-04 
-1.98556E-03 -1.85474E-04 
-1.84462E-03 -1.38342E-04 
-1.41592E-03 -7.49446E-05 
-5.23335E-04 1.66445E-05 
5.91758E-04 1.23927E-04 
1.41345E-03 2.13161E-04 
-1.27578E-03 -4.85963E-04 
-1.32473E-03 -4.88939E-04 
-1.32250E-03 -4.55760E-04 
-1.38193E-03 -4.58378E-04 
-1.44249E-03 -4.58622E-04 
-1.50381E-03 -4.56352E-04 
-1.56553E-03 -4.51447E-04 
-1.61329E-03 -4.45781E-04 
-1.62722E-03 -4.43810E-04 
-1.69318E-03 -4.32438E-04 
-1.75797E-03 -4.17768E-04 
-1.82091E-03 -3.99805E-04 
-1.88129E-03 -3.78614E-04 
-1.92397E-03 -3.61095E-04 
-1.97755E-03 -3.32856E-04 
-2.02627E-03 -3.01605E-04 
-2.06886E-03 -2.67648E-04 
-2.10358E-03 -2.31348E-04 
-2.12736E-03 -1.93068E-04 
-2.13266E-03 -1.52987E-04 
-2.09636E-03 -1.10412E-04 
-1.94586E-03 -6.16198E-05 
-1.50425E-03 3.99533E-06 
-5.92468E-04 9.82391E-05 
5.47515E-04 2.05927E-04 
1.39399E-03 2.90875E-04 
-1.42403E-03 -4.45566E-04 
-1.47445E-03 -4.47692E-04 
-1.45750E-03 -4.22484E-04 
-1.51866E-03 -4.23867E-04 
-1.58079E-03 -4.22437E-04 
-1.64347E-03 -4.18082E-04 
-1.70628E-03 -4.10716E-04 
-1.75465E-03 -4.02916E-04 
-1.76872E-03 -4.00287E-04 
-1.83504E-03 -3.85593E-04 
-1.89965E-03 -3.67353E-04 
-1.96180E-03 -3.45661E-04 
-2.02070E-03 -3.20673E-04 
-2.06056E-03 -3.01807E-04 
-2.11114E-03 -2.69644E-04 
-2.15593E-03 -2.34739E-04 
-2.19361E-03 -1.97512E-04 
-2.22246E-03 -1.58430E-04 
-2.23940E-03 -1.17945E-04 
-2.23688E-03 -7.62862E-05 
-2.19164E-03 -3.27262E-05 
-2.03043E-03 1.66742E-05 
-1.57411E-03 8.28190E-05 
-6.40295E-04 1.76843E-04 
5.27719E-04 2.81093E-04 
1.40089E-03 3.58144E-04 
-1.56266E-03 -4.03688E-04 
-1.61475E-03 -4.04508E-04 
-1.58183E-03 -3.90835E-04 
-1.64512E-03 -3.90213E-04 
-1.70914E-03 -3.86336E-04 
-1.77341E-03 -3.79134E-04 
-1.83743E-03 -3.68574E-04 
-1.88644E-03 -3.58103E-04 
-1.90064E-03 -3.54665E-04 
-1.96722E-03 -3.35978E-04 
-2.03142E-03 -3.13591E-04 
-2.09242E-03 -2.87702E-04 
-2.14938E-03 -2.58579E-04 
-2.18629E-03 -2.38255E-04 
-2.23316E-03 -2.02116E-04 
-2.27321E-03 -1.63670E-04 
-2.30515E-03 -1.23449E-04 
-2.32726E-03 -8.20198E-05 
-2.33649E-03 -3.99149E-05 
-2.32529E-03 2.58956E-06 
-2.27028E-03 4.62307E-05 
-2.09732E-03 9.50134E-05 
-1.62464E-03 1.59670E-04 
-6.66118E-04 2.50004E-04 
5.32754E-04 3.46288E-04 
1.43408E-03 4.11442E-04 
-1.69011E-03 -3.61900E-04 
-1.74414E-03 -3.60784E-04 
-1.69479E-03 -3.62138E-04 
-1.76067E-03 -3.58504E-04 
-1.82692E-03 -3.51200E-04 
-1.89300E-03 -3.40218E-04 
-1.95833E-03 -3.25596E-04 
-2.00798E-03 -3.11838E-04 
-2.02230E-03 -3.07421E-04 
-2.08899E-03 -2.84007E-04 
-2.15249E-03 -2.56873E-04 
-2.21193E-03 -2.26337E-04 
-2.26640E-03 -1.92790E-04 
-2.30030E-03 -1.70824E-04 
-2.34266E-03 -1.30776E-04 
-2.37715E-03 -8.90335E-05 
-2.40250E-03 -4.62287E-05 
-2.41702E-03 -3.01621E-06 
-2.41774E-03 4.00056E-05 
-2.39715E-03 8.25212E-05 
-2.33164E-03 1.25243E-04 
-2.14608E-03 1.72048E-04 
-1.65563E-03 2.32910E-04 
-6.70066E-04 3.15534E-04 
5.61993E-04 3.98732E-04 
1.49230E-03 4.47726E-04 
-1.80492E-03 -3.21724E-04 
-1.86123E-03 -3.17838E-04 
-1.79606E-03 -3.37233E-04 
-1.86500E-03 -3.29344E-04 
-1.93383E-03 -3.17442E-04 
-2.00193E-03 -3.01598E-04 
-2.06864E-03 -2.81939E-04 
-2.11888E-03 -2.64225E-04 
-2.13329E-03 -2.58650E-04 
-2.19987E-03 -2.29749E-04 
-2.26231E-03 -1.97284E-04 
-2.31970E-03 -1.61704E-04 
-2.37109E-03 -1.23525E-04 
-2.40197E-03 -9.96557E-05 
-2.43901E-03 -5.59056E-05 
-2.46711E-03 -1.12462E-05 
-2.48505E-03 3.36029E-05 
-2.49124E-03 7.79221E-05 
-2.48279E-03 1.21069E-04 
-2.45222E-03 1.62699E-04 
-2.37571E-03 2.03454E-04 
-2.17697E-03 2.46845E-04 
-1.66765E-03 3.01387E-04 
-6.53200E-04 3.71837E-04 
6.13707E-04 4.36376E-04 
1.57308E-03 4.64849E-04 
-1.90679E-03 -2.84300E-04 
-1.96576E-03 -2.76593E-04 
-1.88665E-03 -3.16077E-04 
-1.95909E-03 -3.02493E-04 
-2.03078E-03 -2.84671E-04 
-2.10102E-03 -2.62783E-04 
-2.16910E-03 -2.37060E-04 
-2.21981E-03 -2.14710E-04 
-2.23426E-03 -2.07797E-04 
-2.30039E-03 -1.72682E-04 
-2.36130E-03 -1.34373E-04 
-2.41605E-03 -9.34479E-05 
-2.46370E-03 -5.05457E-05 
-2.49160E-03 -2.44457E-05 
-2.52248E-03 2.26482E-05 
-2.54338E-03 6.97029E-05 
-2.55316E-03 1.15939E-04 
-2.55037E-03 1.60600E-04 
-2.53223E-03 2.03026E-04 
-2.49131E-03 2.42854E-04 
-2.40355E-03 2.80602E-04 
-2.19132E-03 3.19129E-04 
-1.66243E-03 3.64698E-04 
-6.17857E-04 4.18213E-04 
6.84740E-04 4.58271E-04 
1.67247E-03 4.61952E-04 
-1.99627E-03 -2.49982E-04 
-2.05831E-03 -2.37184E-04 
-1.96856E-03 -2.97411E-04 
-2.04485E-03 -2.76550E-04 
-2.11956E-03 -2.51400E-04 
-2.19195E-03 -2.22250E-04 
-2.26122E-03 -1.89446E-04 
-2.31218E-03 -1.61815E-04 
-2.32659E-03 -1.53399E-04 
-2.39180E-03 -1.11433E-04 
-2.45059E-03 -6.68849E-05 
-2.50201E-03 -2.04547E-05 
-2.54518E-03 2.71142E-05 
-2.57015E-03 5.58145E-05 
-2.59404E-03 1.05734E-04 
-2.60696E-03 1.54528E-04 
-2.60794E-03 2.01391E-04 
-2.59564E-03 2.45563E-04 
-2.56746E-03 2.86399E-04 
-2.51602E-03 3.23525E-04 
-2.41698E-03 3.57264E-04 
-2.19123E-03 3.89507E-04 
-1.64249E-03 4.23393E-04 
-5.67217E-04 4.55039E-04 
7.71067E-04 4.64708E-04 
1.78567E-03 4.39543E-04 
-2.07473E-03 -2.18108E-04 
-2.14020E-03 -1.98816E-04 
-2.04455E-03 -2.78574E-04 
-2.12482E-03 -2.48882E-04 
-2.20252E-03 -2.15077E-04 
-2.27684E-03 -1.77569E-04 
-2.34695E-03 -1.36827E-04 
-2.39780E-03 -1.03414E-04 
-2.41204E-03 -9.33749E-05 
-2.47570E-03 -4.41464E-05 
-2.53164E-03 6.79976E-06 
-2.57897E-03 5.86629E-05 
-2.61688E-03 1.10621E-04 
-2.63894E-03 1.42254E-04 
-2.65503E-03 1.94291E-04 
-2.65932E-03 2.44024E-04 
-2.65097E-03 2.90655E-04 
-2.62885E-03 3.33462E-04 
-2.59049E-03 3.71841E-04 
-2.52860E-03 4.05413E-04 
-2.41852E-03 4.34230E-04 
-2.17959E-03 4.58868E-04 
-1.61123E-03 4.78447E-04 
-5.05493E-04 4.83411E-04 
8.67430E-04 4.57089E-04 
1.90658E-03 3.99554E-04 
-2.14549E-03 -1.86166E-04 
-2.21470E-03 -1.58873E-04 
-2.11899E-03 -2.55118E-04 
-2.20312E-03 -2.15143E-04 
-2.28351E-03 -1.71501E-04 
-2.35929E-03 -1.24724E-04 
-2.42965E-03 -7.53966E-05 
-2.47984E-03 -3.58777E-05 
-2.49376E-03 -2.41492E-05 
-2.55500E-03 3.24956E-05 
-2.60719E-03 8.97403E-05 
-2.64951E-03 1.46715E-04 
-2.68128E-03 2.02555E-04 
-2.70032E-03 2.37351E-04 
-2.70783E-03 2.90615E-04 
-2.70283E-03 3.40340E-04 
-2.68470E-03 3.85781E-04 
-2.65249E-03 4.26286E-04 
-2.60392E-03 4.61321E-04 
-2.53176E-03 4.90502E-04 
-2.41101E-03 5.13516E-04 
-2.15935E-03 5.29263E-04 
-1.57187E-03 5.31927E-04 
-4.36450E-04 5.05428E-04 
9.69413E-04 4.37687E-04 
2.03031E-03 3.44597E-04 
-2.21257E-03 -1.50134E-04 
-2.28561E-03 -1.13397E-04 
-2.19647E-03 -2.21247E-04 
-2.28396E-03 -1.69865E-04 
-2.36637E-03 -1.15559E-04 
-2.44284E-03 -5.89784E-05 
-2.51253E-03 -8.06056E-07 
-2.56132E-03 4.48435E-05 
-2.57469E-03 5.82416E-05 
-2.63243E-03 1.22050E-04 
-2.67977E-03 1.85110E-04 
-2.71603E-03 2.46522E-04 
-2.74067E-03 3.05423E-04 
-2.75641E-03 3.43379E-04 
-2.75455E-03 3.96751E-04 
-2.73967E-03 4.45346E-04 
-2.71137E-03 4.88511E-04 
-2.66890E-03 5.25696E-04 
-2.61018E-03 5.56461E-04 
-2.52802E-03 5.80405E-04 
-2.39705E-03 5.96753E-04 
-2.13327E-03 6.02360E-04 
-1.52746E-03 5.85585E-04 
-3.63690E-04 5.23082E-04 
1.07271E-03 4.08947E-04 
2.15214E-03 2.77642E-04 
-2.28103E-03 -1.04386E-04 
-2.35769E-03 -5.70109E-05 
-2.28195E-03 -1.70160E-04 
-2.37184E-03 -1.06760E-04 
-2.45519E-03 -4.14913E-05 
-2.53114E-03 2.49025E-05 
-2.59893E-03 9.16619E-05 
-2.64532E-03 1.43079E-04 
-2.65784E-03 1.58016E-04 
-2.71070E-03 2.28229E-04 
-2.75187E-03 2.96152E-04 
-2.78083E-03 3.60905E-04 
-2.79724E-03 4.21673E-04 
-2.80913E-03 4.62431E-04 
-2.79707E-03 5.14533E-04 
-2.77171E-03 5.60669E-04 
-2.73286E-03 6.00308E-04 
-2.68000E-03 6.33036E-04 
-2.61119E-03 6.58516E-04 
-2.51930E-03 6.76315E-04 
-2.37856E-03 6.85088E-04 
-2.10329E-03 6.79280E-04 
-1.48008E-03 6.40594E-04 
-2.89685E-04 5.37784E-04 
1.17440E-03 3.72736E-04 
2.26893E-03 2.01030E-04 
-2.35638E-03 -4.25303E-05 
-2.43598E-03 1.62547E-05 
-2.38004E-03 -9.50279E-05 
-2.47082E-03 -1.96611E-05 
-2.55350E-03 5.62168E-05 
-2.62730E-03 1.31797E-04 
-2.69151E-03 2.06277E-04 
-2.73424E-03 2.62651E-04 
-2.74555E-03 2.78869E-04 
-2.79183E-03 3.54152E-04 
-2.82524E-03 4.25467E-04 
-2.84547E-03 4.92001E-04 
-2.85238E-03 5.53037E-04 
-2.85955E-03 5.95785E-04 
-2.83643E-03 6.44962E-04 
-2.79995E-03 6.87079E-04 
-2.75014E-03 7.21760E-04 
-2.68670E-03 7.48741E-04 
-2.60784E-03 7.67797E-04 
-2.50645E-03 7.78438E-04 
-2.35633E-03 7.78636E-04 
-2.07015E-03 7.60080E-04 
-1.43055E-03 6.97048E-04 
-2.15507E-04 5.49905E-04 
1.27308E-03 3.29934E-04 
2.37920E-03 1.16109E-04 
-2.44326E-03 4.25720E-05 
-2.52461E-03 1.12818E-04 
-2.49389E-03 1.06413E-05 
-2.58349E-03 9.70322E-05 
-2.66342E-03 1.82315E-04 
-2.73297E-03 2.65653E-04 
-2.79158E-03 3.46244E-04 
-2.82912E-03 4.06227E-04 
-2.83878E-03 4.23320E-04 
-2.87652E-03 5.01675E-04 
-2.90036E-03 5.74319E-04 
-2.91023E-03 6.40559E-04 
-2.90623E-03 6.99820E-04 
-2.90750E-03 7.43212E-04 
-2.87240E-03 7.87527E-04 
-2.82413E-03 8.23834E-04 
-2.76293E-03 8.51932E-04 
-2.68869E-03 8.71720E-04 
-2.59976E-03 8.83079E-04 
-2.48902E-03 8.85430E-04 
-2.32983E-03 8.75950E-04 
-2.03324E-03 8.43246E-04 
-1.37826E-03 7.53495E-04 
-1.40741E-04 5.58333E-04 
1.36895E-03 2.80005E-04 
2.48314E-03 2.28453E-05 
-2.54542E-03 1.57468E-04 
-2.62666E-03 2.38297E-04 
-2.62504E-03 1.51762E-04 
-2.71082E-03 2.47228E-04 
-2.78539E-03 3.39771E-04 
-2.84819E-03 4.28568E-04 
-2.89879E-03 5.12863E-04 
-2.92938E-03 5.74551E-04 
-2.93690E-03 5.91957E-04 
-2.96385E-03 6.70704E-04 
-2.97611E-03 7.42027E-04 
-2.97386E-03 8.05399E-04 
-2.95746E-03 8.60427E-04 
-2.95135E-03 9.02577E-04 
-2.90335E-03 9.39852E-04 
-2.84260E-03 9.68367E-04 
-2.76957E-03 9.88106E-04 
-2.68430E-03 9.99134E-04 
-2.58525E-03 1.00143E-03 
-2.46524E-03 9.94278E-04 
-2.29723E-03 9.73954E-04 
-1.99070E-03 9.25686E-04 
-1.32140E-03 8.06986E-04 
-6.37474E-05 5.60589E-04 
1.46344E-03 2.21188E-04 
2.58217E-03 -7.99256E-05 
-2.66499E-03 3.06339E-04 
-2.74356E-03 3.95879E-04 
-2.77299E-03 3.30213E-04 
-2.85177E-03 4.31853E-04 
-2.91791E-03 5.28645E-04 
-2.97103E-03 6.19833E-04 
-3.01089E-03 7.04748E-04 
-3.03258E-03 7.65769E-04 
-3.03742E-03 7.82800E-04 
-3.05113E-03 8.58714E-04 
-3.04966E-03 9.25612E-04 
-3.03345E-03 9.83170E-04 
-3.00309E-03 1.03121E-03 
-2.98794E-03 1.06980E-03 
-2.92615E-03 1.09772E-03 
-2.85230E-03 1.11637E-03 
-2.76703E-03 1.12593E-03 
-2.67052E-03 1.12660E-03 
-2.56132E-03 1.11845E-03 
-2.43218E-03 1.10058E-03 
-2.25559E-03 1.06827E-03 
-1.93962E-03 1.00311E-03 
-1.25718E-03 8.53502E-04 
1.80164E-05 5.53293E-04 
1.55882E-03 1.50995E-04 
2.67845E-03 -1.93969E-04 
-2.79997E-03 4.90286E-04 
-2.87276E-03 5.85548E-04 
-2.93309E-03 5.44019E-04 
-3.00137E-03 6.47974E-04 
-3.05582E-03 7.45170E-04 
-3.09626E-03 8.34961E-04 
-3.12264E-03 9.16805E-04 
-3.13348E-03 9.74398E-04 
-3.13509E-03 9.90265E-04 
-3.13324E-03 1.05971E-03 
-3.11603E-03 1.11878E-03 
-3.08417E-03 1.16738E-03 
-3.03851E-03 1.20556E-03 
-3.01271E-03 1.23800E-03 
-2.93648E-03 1.25434E-03 
-2.84913E-03 1.26116E-03 
-2.75143E-03 1.25883E-03 
-2.64370E-03 1.24772E-03 
-2.52450E-03 1.22791E-03 
-2.38649E-03 1.19831E-03 
-2.20172E-03 1.15309E-03 
-1.87699E-03 1.07000E-03 
-1.18284E-03 8.88150E-04 
1.06860E-04 5.32696E-04 
1.65698E-03 6.71070E-05 
2.77369E-03 -3.20518E-04 
-2.94988E-03 7.08965E-04 
-3.01311E-03 8.06186E-04 
-3.10247E-03 7.90428E-04 
-3.15633E-03 8.92287E-04 
-3.19546E-03 9.85568E-04 
-3.21987E-03 1.06977E-03 
-3.22976E-03 1.14452E-03 
-3.22767E-03 1.19571E-03 
-3.22548E-03 1.20957E-03 
-3.20555E-03 1.26869E-03 
-3.17051E-03 1.31637E-03 
-3.12130E-03 1.35277E-03 
-3.05899E-03 1.37818E-03 
-3.02089E-03 1.40175E-03 
-2.92965E-03 1.40430E-03 
-2.82848E-03 1.39741E-03 
-2.71828E-03 1.38161E-03 
-2.59942E-03 1.35737E-03 
-2.47047E-03 1.32482E-03 
-2.32398E-03 1.28258E-03 
-2.13156E-03 1.22364E-03 
-1.79887E-03 1.12179E-03 
-1.09469E-03 9.06581E-04 
2.06135E-04 4.94860E-04 
1.76084E-03 -3.38639E-05 
2.87044E-03 -4.62464E-04 
-3.10554E-03 9.55305E-04 
-3.15542E-03 1.04990E-03 
-3.27023E-03 1.05931E-03 
-3.30609E-03 1.15416E-03 
-3.32666E-03 1.23885E-03 
-3.33221E-03 1.31307E-03 
-3.32314E-03 1.37664E-03 
-3.30645E-03 1.41849E-03 
-3.30003E-03 1.42951E-03 
-3.26017E-03 1.47461E-03 
-3.20585E-03 1.50761E-03 
-3.13821E-03 1.52890E-03 
-3.05852E-03 1.53902E-03 
-3.00699E-03 1.55125E-03 
-2.90075E-03 1.53833E-03 
-2.78599E-03 1.51636E-03 
-2.66370E-03 1.48600E-03 
-2.53427E-03 1.44783E-03 
-2.39626E-03 1.40197E-03 
-2.24207E-03 1.34672E-03 
-2.04291E-03 1.27382E-03 
-1.70351E-03 1.15302E-03 
-9.91561E-04 9.04467E-04 
3.16221E-04 4.37266E-04 
1.87004E-03 -1.52352E-04 
2.96798E-03 -6.18744E-04 
-3.25978E-03 1.22239E-03 
-3.29247E-03 1.30929E-03 
-3.42790E-03 1.34155E-03 
-3.44237E-03 1.42432E-03 
-3.44143E-03 1.49568E-03 
-3.42556E-03 1.55554E-03 
-3.39541E-03 1.60392E-03 
-3.36276E-03 1.63358E-03 
-3.35175E-03 1.64099E-03 
-3.29057E-03 1.66861E-03 
-3.21597E-03 1.68392E-03 
-3.12930E-03 1.68755E-03 
-3.03198E-03 1.68027E-03 
-2.96631E-03 1.67900E-03 
-2.84552E-03 1.64940E-03 
-2.71784E-03 1.61146E-03 
-2.58428E-03 1.56596E-03 
-2.44524E-03 1.51354E-03 
-2.29922E-03 1.45426E-03 
-2.13846E-03 1.38609E-03 
-1.93381E-03 1.29946E-03 
-1.58936E-03 1.16012E-03 
-8.72414E-04 8.79077E-04 
4.37427E-04 3.58464E-04 
1.98417E-03 -2.88383E-04 
3.06543E-03 -7.88375E-04 
-3.40242E-03 1.49872E-03 
-3.41435E-03 1.57286E-03 
-3.56475E-03 1.62425E-03 
-3.55503E-03 1.69016E-03 
-3.53025E-03 1.74385E-03 
-3.49113E-03 1.78542E-03 
-3.43848E-03 1.81512E-03 
-3.38905E-03 1.83020E-03 
-3.37324E-03 1.83333E-03 
-3.29004E-03 1.84066E-03 
-3.19489E-03 1.83596E-03 
-3.08928E-03 1.82008E-03 
-2.97472E-03 1.79398E-03 
-2.89484E-03 1.77770E-03 
-2.76054E-03 1.73088E-03 
-2.62112E-03 1.67676E-03 
-2.47762E-03 1.61617E-03 
-2.33039E-03 1.54979E-03 
-2.17784E-03 1.47758E-03 
-2.01205E-03 1.39713E-03 
-1.80357E-03 1.29760E-03 
-1.45614E-03 1.14081E-03 
-7.37579E-04 8.29117E-04 
5.68635E-04 2.58660E-04 
2.10135E-03 -4.40133E-04 
3.16053E-03 -9.68460E-04 
-3.52456E-03 1.77038E-03 
-3.51272E-03 1.82700E-03 
-3.67219E-03 1.89308E-03 
-3.63608E-03 1.93799E-03 
-3.58573E-03 1.97035E-03 
-3.52205E-03 1.99048E-03 
-3.44604E-03 1.99884E-03 
-3.37947E-03 1.99759E-03 
-3.35882E-03 1.99600E-03 
-3.25358E-03 1.98118E-03 
-3.13826E-03 1.95509E-03 
-3.01443E-03 1.91875E-03 
-2.88369E-03 1.87328E-03 
-2.79015E-03 1.84123E-03 
-2.64391E-03 1.77745E-03 
-2.49448E-03 1.70766E-03 
-2.34285E-03 1.63274E-03 
-2.18930E-03 1.55334E-03 
-2.03211E-03 1.46931E-03 
-1.86320E-03 1.37783E-03 
-1.65293E-03 1.26680E-03 
-1.30502E-03 1.09432E-03 
-5.88786E-04 7.54855E-04 
7.07364E-04 1.39615E-04 
2.21844E-03 -6.04296E-04 
3.24982E-03 -1.15475E-03 
-3.61238E-03 2.02432E-03 
-3.57464E-03 2.05923E-03 
-3.73729E-03 2.13492E-03 
-3.67380E-03 2.15544E-03 
-3.59743E-03 2.16364E-03 
-3.50925E-03 2.16006E-03 
-3.41042E-03 2.14532E-03 
-3.32737E-03 2.12673E-03 
-3.30210E-03 2.12016E-03 
-3.17611E-03 2.08230E-03 
-3.04219E-03 2.03437E-03 
-2.90194E-03 1.97757E-03 
-2.75696E-03 1.91308E-03 
-2.65119E-03 1.86534E-03 
-2.49528E-03 1.78566E-03 
-2.33815E-03 1.70146E-03 
-2.18071E-03 1.61365E-03 
-2.02314E-03 1.52283E-03 
-1.86359E-03 1.42867E-03 
-1.69383E-03 1.32796E-03 
-1.48412E-03 1.20738E-03 
-1.13860E-03 1.02164E-03 
-4.29123E-04 6.58207E-04 
8.49873E-04 4.63604E-06 
2.33116E-03 -7.76174E-04 
3.32887E-03 -1.34178E-03 
-3.65552E-03 2.24376E-03 
-3.59166E-03 2.25444E-03 
-3.75299E-03 2.33519E-03 
-3.66304E-03 2.32978E-03 
-3.56180E-03 2.31267E-03 
-3.45046E-03 2.28458E-03 
-3.33028E-03 2.24631E-03 
-3.23204E-03 2.21028E-03 
-3.20255E-03 2.19876E-03 
-3.05791E-03 2.13818E-03 
-2.90768E-03 2.06916E-03 
-2.75348E-03 1.99296E-03 
-2.59686E-03 1.91084E-03 
-2.48092E-03 1.84843E-03 
-2.31809E-03 1.75474E-03 
-2.15601E-03 1.65819E-03 
-1.99545E-03 1.55964E-03 
-1.83648E-03 1.45960E-03 
-1.67710E-03 1.35759E-03 
-1.50894E-03 1.24996E-03 
-1.30232E-03 1.12229E-03 
-9.62222E-04 9.26335E-04 
-2.64177E-04 5.43743E-04 
9.90379E-04 -1.40240E-04 
2.43382E-03 -9.48371E-04 
3.39245E-03 -1.52162E-03 
-3.65060E-03 2.42136E-03 
-3.56059E-03 2.40564E-03 
-3.71618E-03 2.48702E-03 
-3.60039E-03 2.45442E-03 
-3.47531E-03 2.41131E-03 
-3.34223E-03 2.35853E-03 
-3.20247E-03 2.29701E-03 
-3.09063E-03 2.24406E-03 
-3.05742E-03 2.22777E-03 
-2.89662E-03 2.14564E-03 
-2.73281E-03 2.05702E-03 
-2.56752E-03 1.96320E-03 
-2.40220E-03 1.86543E-03 
-2.27855E-03 1.78998E-03 
-2.11183E-03 1.68465E-03 
-1.94776E-03 1.57819E-03 
-1.78700E-03 1.47140E-03 
-1.62943E-03 1.36467E-03 
-1.47292E-03 1.25732E-03 
-1.30899E-03 1.14530E-03 
-1.10814E-03 1.01321E-03 
-7.76745E-04 8.10290E-04 
-9.52114E-05 4.13610E-04 
1.12691E-03 -2.92529E-04 
2.52367E-03 -1.11813E-03 
3.43731E-03 -1.69143E-03 
-3.58798E-03 2.54348E-03 
-3.47348E-03 2.50132E-03 
-3.62007E-03 2.57989E-03 
-3.48100E-03 2.52081E-03 
-3.33492E-03 2.45276E-03 
-3.18324E-03 2.37671E-03 
-3.02735E-03 2.29373E-03 
-2.90468E-03 2.22543E-03 
-2.86857E-03 2.20486E-03 
-2.69552E-03 2.10364E-03 
-2.52202E-03 1.99806E-03 
-2.34946E-03 1.88941E-03 
-2.17917E-03 1.77891E-03 
-2.05093E-03 1.69285E-03 
-1.88375E-03 1.57891E-03 
-1.72096E-03 1.46557E-03 
-1.56307E-03 1.35353E-03 
-1.40980E-03 1.24303E-03 
-1.25886E-03 1.13319E-03 
-1.10174E-03 1.01960E-03 
-9.09261E-04 8.86010E-04 
-5.89720E-04 6.79752E-04 
7.03981E-05 2.74725E-04 
1.25252E-03 -4.44305E-04 
2.59456E-03 -1.27675E-03 
3.45839E-03 -1.84252E-03 
-3.46517E-03 2.60282E-03 
-3.32858E-03 2.53503E-03 
-3.46439E-03 2.60844E-03 
-3.30579E-03 2.52496E-03 
-3.14274E-03 2.43440E-03 
-2.97666E-03 2.33784E-03 
-2.80879E-03 2.23631E-03 
-2.67841E-03 2.15497E-03 
-2.64029E-03 2.13080E-03 
-2.45918E-03 2.01377E-03 
-2.28003E-03 1.89461E-03 
-2.10416E-03 1.77456E-03 
-1.93269E-03 1.65475E-03 
-1.80312E-03 1.56102E-03 
-1.63892E-03 1.44182E-03 
-1.48067E-03 1.32488E-03 
-1.32868E-03 1.21076E-03 
-1.18252E-03 1.09954E-03 
-1.03976E-03 9.90140E-04 
-8.91876E-04 8.77801E-04 
-7.10227E-04 7.45658E-04 
-4.05550E-04 5.39714E-04 
2.28391E-04 1.32202E-04 
1.36313E-03 -5.90290E-04 
2.64285E-03 -1.41899E-03 
3.45255E-03 -1.97003E-03 
-3.28357E-03 2.59631E-03 
-3.13004E-03 2.50599E-03 
-3.25487E-03 2.57295E-03 
-3.08146E-03 2.46810E-03 
-2.90605E-03 2.35826E-03 
-2.72982E-03 2.24450E-03 
-2.55394E-03 2.12777E-03 
-2.41883E-03 2.03604E-03 
-2.37957E-03 2.00907E-03 
-2.19453E-03 1.88007E-03 
-2.01382E-03 1.75123E-03 
-1.83856E-03 1.62367E-03 
-1.66968E-03 1.49836E-03 
-1.54207E-03 1.40025E-03 
-1.38415E-03 1.27935E-03 
-1.23350E-03 1.16220E-03 
-1.09024E-03 1.04922E-03 
-9.53767E-04 9.40311E-04 
-8.21520E-04 8.34189E-04 
-6.85029E-04 7.25836E-04 
-5.16366E-04 5.97947E-04 
-2.29240E-04 3.95860E-04 
3.74165E-04 -8.33943E-06 
1.45478E-03 -7.24958E-04 
2.66542E-03 -1.53967E-03 
3.41760E-03 -2.06944E-03 
-3.04714E-03 2.52381E-03 
-2.87997E-03 2.41390E-03 
-2.99308E-03 2.47379E-03 
-2.80897E-03 2.35153E-03 
-2.62568E-03 2.22657E-03 
-2.44409E-03 2.09975E-03 
-2.26528E-03 1.97211E-03 
-2.12940E-03 1.87340E-03 
-2.09014E-03 1.84461E-03 
-1.90642E-03 1.70829E-03 
-1.72900E-03 1.57423E-03 
-1.55878E-03 1.44335E-03 
-1.39647E-03 1.31647E-03 
-1.27416E-03 1.21729E-03 
-1.12568E-03 1.09812E-03 
-9.85479E-04 9.83998E-04 
-8.53499E-04 8.75166E-04 
-7.28967E-04 7.71376E-04 
-6.09236E-04 6.71146E-04 
-4.85954E-04 5.69252E-04 
-3.32084E-04 4.48168E-04 
-6.48279E-05 2.53229E-04 
5.04137E-04 -1.42124E-04 
1.52455E-03 -8.43919E-04 
2.66022E-03 -1.63503E-03 
3.35230E-03 -2.13774E-03 
-2.75921E-03 2.38766E-03 
-2.58488E-03 2.26305E-03 
-2.68895E-03 2.31671E-03 
-2.50076E-03 2.18205E-03 
-2.31485E-03 2.04642E-03 
-2.13252E-03 1.91101E-03 
-1.95478E-03 1.77671E-03 
-1.82100E-03 1.67413E-03 
-1.78256E-03 1.64442E-03 
-1.60400E-03 1.50502E-03 
-1.43374E-03 1.36996E-03 
-1.27234E-03 1.23997E-03 
-1.12019E-03 1.11560E-03 
-1.00636E-03 1.01891E-03 
-8.70254E-04 9.04975E-04 
-7.43065E-04 7.97068E-04 
-6.24579E-04 6.95277E-04 
-5.13883E-04 5.99197E-04 
-4.08274E-04 5.07192E-04 
-2.99591E-04 4.13913E-04 
-1.61875E-04 3.01837E-04 
8.36987E-05 1.16961E-04 
6.15010E-04 -2.64471E-04 
1.57019E-03 -9.43181E-04 
2.62628E-03 -1.70204E-03 
3.25679E-03 -2.17291E-03 
-2.43049E-03 2.19276E-03 
-2.25451E-03 2.05913E-03 
-2.35072E-03 2.10833E-03 
-2.16348E-03 1.96694E-03 
-1.98073E-03 1.82653E-03 
-1.80325E-03 1.68800E-03 
-1.63187E-03 1.55227E-03 
-1.50398E-03 1.44964E-03 
-1.46741E-03 1.42008E-03 
-1.29858E-03 1.28233E-03 
-1.13917E-03 1.15034E-03 
-9.89641E-04 1.02471E-03 
-8.50280E-04 9.05955E-04 
-7.47159E-04 8.14404E-04 
-6.25398E-04 7.08328E-04 
-5.12944E-04 6.09058E-04 
-4.09420E-04 5.16516E-04 
-3.13783E-04 4.30135E-04 
-2.23295E-04 3.48142E-04 
-1.30048E-04 2.65123E-04 
-9.31665E-06 1.63776E-04 
2.13330E-04 -8.62461E-06 
7.04535E-04 -3.71693E-04 
1.59057E-03 -1.01999E-03 
2.56382E-03 -1.73912E-03 
3.13235E-03 -2.17447E-03 
-2.07063E-03 1.95053E-03 
-1.89903E-03 1.81335E-03 
-1.99019E-03 1.85978E-03 
-1.80875E-03 1.71606E-03 
-1.63321E-03 1.57506E-03 
-1.46444E-03 1.43770E-03 
-1.30310E-03 1.30455E-03 
-1.18387E-03 1.20495E-03 
-1.14998E-03 1.17644E-03 
-9.94620E-04 1.04461E-03 
-8.49700E-04 9.19848E-04 
-7.15351E-04 8.02543E-04 
-5.91571E-04 6.92956E-04 
-5.01471E-04 6.09519E-04 
-3.95906E-04 5.13991E-04 
-2.99675E-04 4.25682E-04 
-2.12262E-04 3.44366E-04 
-1.32528E-04 2.69349E-04 
-5.77431E-05 1.98767E-04 
1.96741E-05 1.27229E-04 
1.23058E-04 3.78725E-05 
3.22078E-04 -1.20161E-04 
7.71500E-04 -4.61136E-04 
1.58567E-03 -1.07277E-03 
2.47413E-03 -1.74604E-03 
2.98127E-03 -2.14325E-03 
-1.69415E-03 1.67194E-03 
-1.53021E-03 1.53526E-03 
-1.61769E-03 1.58043E-03 
-1.44740E-03 1.44014E-03 
-1.28463E-03 1.30444E-03 
-1.12935E-03 1.17320E-03 
-9.82093E-04 1.04702E-03 
-8.74129E-04 9.53426E-04 
-8.43577E-04 9.26769E-04 
-7.04409E-04 8.04347E-04 
-5.76051E-04 6.89867E-04 
-4.58697E-04 5.83678E-04 
-3.52121E-04 4.85797E-04 
-2.76375E-04 4.12562E-04 
-1.87887E-04 3.29360E-04 
-1.08500E-04 2.53515E-04 
-3.75683E-05 1.84662E-04 
2.61196E-05 1.21996E-04 
8.52472E-05 6.36022E-05 
1.47013E-04 4.18955E-06 
2.33239E-04 -7.24756E-05 
4.08557E-04 -2.14866E-04 
8.15423E-04 -5.30876E-04 
1.55637E-03 -1.10091E-03 
2.35967E-03 -1.72367E-03 
2.80706E-03 -2.08134E-03 
-1.31403E-03 1.37087E-03 
-1.16299E-03 1.24037E-03 
-1.24865E-03 1.28603E-03 
-1.09235E-03 1.15266E-03 
-9.44435E-04 1.02500E-03 
-8.04917E-04 9.03143E-04 
-6.74220E-04 7.87425E-04 
-5.79498E-04 7.02541E-04 
-5.52868E-04 6.78508E-04 
-4.32532E-04 5.68925E-04 
-3.22925E-04 4.67574E-04 
-2.24048E-04 3.74689E-04 
-1.35691E-04 2.90307E-04 
-7.51820E-05 2.28804E-04 
-4.26168E-06 1.59199E-04 
5.80977E-05 9.67877E-05 
1.12616E-04 4.11084E-05 
1.60540E-04 -8.72105E-06 
2.04469E-04 -5.46322E-05 
2.51162E-04 -1.01742E-04 
3.20820E-04 -1.65479E-04 
4.72825E-04 -2.91484E-04 
8.37049E-04 -5.80424E-04 
1.50447E-03 -1.10508E-03 
2.22332E-03 -1.67403E-03 
2.61333E-03 -1.99169E-03 
-9.44040E-04 1.06135E-03 
-8.10718E-04 9.42243E-04 
-8.96873E-04 9.90797E-04 
-7.57618E-04 8.68415E-04 
-6.26543E-04 7.51695E-04 
-5.04813E-04 6.41709E-04 
-3.92440E-04 5.38691E-04 
-3.11859E-04 4.63920E-04 
-2.89371E-04 4.42913E-04 
-1.88594E-04 3.47888E-04 
-9.83284E-05 2.61321E-04 
-1.85249E-05 1.83372E-04 
5.13302E-05 1.13769E-04 
9.65644E-05 6.48837E-05 
1.50351E-04 9.37956E-06 
1.96316E-04 -3.93424E-05 
2.35232E-04 -8.18215E-05 
2.68353E-04 -1.18989E-04 
2.98163E-04 -1.52749E-04 
3.30936E-04 -1.87977E-04 
3.85197E-04 -2.39155E-04 
5.15010E-04 -3.48760E-04 
8.37721E-04 -6.09667E-04 
1.43328E-03 -1.08700E-03 
2.07054E-03 -1.60088E-03 
2.40685E-03 -1.87945E-03 
-5.90934E-04 7.52069E-04 
-4.76746E-04 6.46802E-04 
-5.63923E-04 6.98791E-04 
-4.44094E-04 5.90176E-04 
-3.32864E-04 4.87930E-04 
-2.30844E-04 3.92953E-04 
-1.38075E-04 3.05396E-04 
-7.22228E-05 2.42280E-04 
-5.39835E-05 2.24627E-04 
2.65428E-05 1.45712E-04 
9.69399E-05 7.52222E-05 
1.57754E-04 1.28420E-05 
2.09493E-04 -4.16870E-05 
2.39828E-04 -7.77848E-05 
2.77205E-04 -1.19259E-04 
3.07642E-04 -1.54512E-04 
3.31954E-04 -1.84155E-04 
3.51386E-04 -2.09154E-04 
3.68275E-04 -2.31360E-04 
3.88372E-04 -2.55351E-04 
4.28469E-04 -2.94540E-04 
5.37242E-04 -3.87952E-04 
8.19540E-04 -6.20175E-04 
1.34475E-03 -1.04868E-03 
1.90302E-03 -1.50665E-03 
2.18900E-03 -1.74722E-03 
-2.68175E-04 4.57891E-04 
-1.73585E-04 3.67704E-04 
-2.63753E-04 4.25076E-04 
-1.64910E-04 3.32884E-04 
-7.40833E-05 2.47012E-04 
8.03911E-06 1.67940E-04 
8.13764E-05 9.57633E-05 
1.32158E-04 4.48035E-05 
1.46049E-04 3.07213E-05 
2.06456E-04 -3.13523E-05 
2.57853E-04 -8.56475E-05 
3.00701E-04 -1.32465E-04 
3.35456E-04 -1.72068E-04 
3.51929E-04 -1.95606E-04 
3.74230E-04 -2.23565E-04 
3.90625E-04 -2.46090E-04 
4.01933E-04 -2.63813E-04 
4.09321E-04 -2.77666E-04 
4.14947E-04 -2.89401E-04 
4.24022E-04 -3.03254E-04 
4.51599E-04 -3.31484E-04 
5.41032E-04 -4.09491E-04 
7.85008E-04 -6.13370E-04 
1.24304E-03 -9.93170E-04 
1.72664E-03 -1.39614E-03 
1.96661E-03 -1.60087E-03 
1.25122E-05 1.91982E-04 
8.73201E-05 1.18109E-04 
-2.93216E-06 1.78391E-04 
7.58472E-05 1.02490E-04 
1.46244E-04 3.32809E-05 
2.08707E-04 -2.93374E-05 
2.62720E-04 -8.47585E-05 
2.99183E-04 -1.23058E-04 
3.09006E-04 -1.33551E-04 
3.50737E-04 -1.79260E-04 
3.84513E-04 -2.18038E-04 
4.10665E-04 -2.49981E-04 
4.29788E-04 -2.75476E-04 
4.33752E-04 -2.87364E-04 
4.42732E-04 -3.03020E-04 
4.46852E-04 -3.14055E-04 
4.46909E-04 -3.21110E-04 
4.44024E-04 -3.25116E-04 
4.40165E-04 -3.27711E-04 
4.39988E-04 -3.32755E-04 
4.56822E-04 -3.51294E-04 
5.28839E-04 -4.15024E-04 
7.37049E-04 -5.91522E-04 
1.13186E-03 -9.23774E-04 
1.54588E-03 -1.27373E-03 
1.74443E-03 -1.44533E-03 
2.49013E-04 -4.05839E-05 
3.02908E-04 -9.66022E-05 
2.12682E-04 -3.36282E-05 
2.73320E-04 -9.39711E-05 
3.24892E-04 -1.46786E-04 
3.68382E-04 -1.92773E-04 
4.04726E-04 -2.32697E-04 
4.27844E-04 -2.59287E-04 
4.33818E-04 -2.66379E-04 
4.57989E-04 -2.96274E-04 
4.75492E-04 -3.20095E-04 
4.86957E-04 -3.38365E-04 
4.92733E-04 -3.51287E-04 
4.86211E-04 -3.52954E-04 
4.84016E-04 -3.57862E-04 
4.77982E-04 -3.59003E-04 
4.68888E-04 -3.57027E-04 
4.57766E-04 -3.52808E-04 
4.46384E-04 -3.47847E-04 
4.38845E-04 -3.45608E-04 
4.46810E-04 -3.55909E-04 
5.03493E-04 -4.06754E-04 
6.78864E-04 -5.57367E-04 
1.01505E-03 -8.44139E-04 
1.36517E-03 -1.14398E-03 
1.52702E-03 -1.28554E-03 
4.38631E-04 -2.34670E-04 
4.71618E-04 -2.72372E-04 
3.80010E-04 -2.05472E-04 
4.23719E-04 -2.50859E-04 
4.59143E-04 -2.89399E-04 
4.86704E-04 -3.21159E-04 
5.07125E-04 -3.46508E-04 
5.18650E-04 -3.62297E-04 
5.21394E-04 -3.66356E-04 
5.30973E-04 -3.82560E-04 
5.35095E-04 -3.93761E-04 
5.34061E-04 -4.00069E-04 
5.28367E-04 -4.01852E-04 
5.13044E-04 -3.94632E-04 
5.01592E-04 -3.90319E-04 
4.87360E-04 -3.83158E-04 
4.71069E-04 -3.73771E-04 
4.53636E-04 -3.62952E-04 
4.36603E-04 -3.52033E-04 
4.23523E-04 -3.44061E-04 
4.24456E-04 -3.47632E-04 
4.67932E-04 -3.87136E-04 
6.13628E-04 -5.13766E-04 
8.96265E-04 -7.57863E-04 
1.18853E-03 -1.01119E-03 
1.31841E-03 -1.12603E-03 
5.78067E-04 -3.85507E-04 
5.95724E-04 -4.09052E-04 
5.02557E-04 -3.38317E-04 
5.28740E-04 -3.67863E-04 
5.48984E-04 -3.92375E-04 
5.63028E-04 -4.11562E-04 
5.71473E-04 -4.25644E-04 
5.73631E-04 -4.32536E-04 
5.73583E-04 -4.33925E-04 
5.70804E-04 -4.38176E-04 
5.63652E-04 -4.38323E-04 
5.52521E-04 -4.34596E-04 
5.37931E-04 -4.27390E-04 
5.16145E-04 -4.13304E-04 
4.97926E-04 -4.01933E-04 
4.77811E-04 -3.88502E-04 
4.56468E-04 -3.73602E-04 
4.34719E-04 -3.57961E-04 
4.13897E-04 -3.42754E-04 
3.97041E-04 -3.30624E-04 
3.92711E-04 -3.28987E-04 
4.25091E-04 -3.58781E-04 
5.44407E-04 -4.63623E-04 
7.78845E-04 -6.68412E-04 
1.01952E-03 -8.79338E-04 
1.12201E-03 -9.70870E-04 
6.68394E-04 -4.91864E-04 
6.75603E-04 -5.05220E-04 
5.83072E-04 -4.32908E-04 
5.94310E-04 -4.48672E-04 
6.00738E-04 -4.60181E-04 
6.02923E-04 -4.67906E-04 
6.00899E-04 -4.71815E-04 
5.96025E-04 -4.71786E-04 
5.94071E-04 -4.71292E-04 
5.81845E-04 -4.66175E-04 
5.65956E-04 -4.57455E-04 
5.47376E-04 -4.45979E-04 
5.26419E-04 -4.31994E-04 
5.00247E-04 -4.12881E-04 
4.77299E-04 -3.96246E-04 
4.53245E-04 -3.78288E-04 
4.28719E-04 -3.59574E-04 
4.04422E-04 -3.40740E-04 
3.81473E-04 -3.22785E-04 
3.62420E-04 -3.07958E-04 
3.54438E-04 -3.02547E-04 
3.77732E-04 -3.24254E-04 
4.73983E-04 -4.09682E-04 
6.65704E-04 -5.78920E-04 
8.61074E-04 -7.51885E-04 
9.40500E-04 -8.23486E-04 
7.11865E-04 -5.54612E-04 
7.12753E-04 -5.61192E-04 
6.25585E-04 -4.91515E-04 
6.25133E-04 -4.96320E-04 
6.20743E-04 -4.97387E-04 
6.11995E-04 -4.94513E-04 
6.01453E-04 -4.89952E-04 
5.90875E-04 -4.84096E-04 
5.87446E-04 -4.82056E-04 
5.68759E-04 -4.70068E-04 
5.46894E-04 -4.54940E-04 
5.23070E-04 -4.37723E-04 
4.97790E-04 -4.18821E-04 
4.68967E-04 -3.96303E-04 
4.43250E-04 -3.76232E-04 
4.17207E-04 -3.55575E-04 
3.91287E-04 -3.34741E-04 
3.66068E-04 -3.14266E-04 
3.42476E-04 -2.94990E-04 
3.22614E-04 -2.78790E-04 
3.12403E-04 -2.70916E-04 
3.28473E-04 -2.86094E-04 
4.04897E-04 -3.54554E-04 
5.59353E-04 -4.92218E-04 
7.15549E-04 -6.31802E-04 
7.75930E-04 -6.86704E-04 
7.15116E-04 -5.78562E-04 
7.12369E-04 -5.80849E-04 
6.33225E-04 -5.16408E-04 
6.23864E-04 -5.12479E-04 
6.11670E-04 -5.05841E-04 
5.96377E-04 -4.96248E-04 
5.78984E-04 -4.84595E-04 
5.64198E-04 -4.74269E-04 
5.59613E-04 -4.70990E-04 
5.36199E-04 -4.53798E-04 
5.10951E-04 -4.34676E-04 
4.84259E-04 -4.13901E-04 
4.56698E-04 -3.92007E-04 
4.26996E-04 -3.67793E-04 
4.00226E-04 -3.45929E-04 
3.73685E-04 -3.24019E-04 
3.47744E-04 -3.02414E-04 
3.22875E-04 -2.81559E-04 
2.99817E-04 -2.62132E-04 
2.80257E-04 -2.45659E-04 
2.68994E-04 -2.36436E-04 
2.79483E-04 -2.46498E-04 
3.39125E-04 -3.00385E-04 
4.61538E-04 -4.10464E-04 
5.84356E-04 -5.21173E-04 
6.29288E-04 -5.62358E-04 
6.87865E-04 -5.71679E-04 
6.81773E-04 -5.70009E-04 
6.11930E-04 -5.12221E-04 
5.97341E-04 -5.02850E-04 
5.79984E-04 -4.90878E-04 
5.61065E-04 -4.77260E-04 
5.39731E-04 -4.61241E-04 
5.21457E-04 -4.47108E-04 
5.16031E-04 -4.42879E-04 
4.89902E-04 -4.22362E-04 
4.62555E-04 -4.00463E-04 
4.34683E-04 -3.77783E-04 
4.06725E-04 -3.54722E-04 
3.77876E-04 -3.30527E-04 
3.51714E-04 -3.08518E-04 
3.26114E-04 -2.86803E-04 
3.01416E-04 -2.65711E-04 
2.77985E-04 -2.45594E-04 
2.56407E-04 -2.27001E-04 
2.38026E-04 -2.11157E-04 
2.26663E-04 -2.01518E-04 
2.33041E-04 -2.07760E-04 
2.78856E-04 -2.49482E-04 
3.74416E-04 -3.36118E-04 
4.69518E-04 -4.22525E-04 
5.02284E-04 -4.52783E-04 
6.37885E-04 -5.40959E-04 
6.27755E-04 -5.34905E-04 
5.69802E-04 -4.86337E-04 
5.52051E-04 -4.73402E-04 
5.29145E-04 -4.55721E-04 
5.09139E-04 -4.40409E-04 
4.86523E-04 -4.22565E-04 
4.68110E-04 -4.07769E-04 
4.62452E-04 -4.03168E-04 
4.34392E-04 -3.80110E-04 
4.06480E-04 -3.56951E-04 
3.79131E-04 -3.34031E-04 
3.52307E-04 -3.11332E-04 
3.25344E-04 -2.88231E-04 
3.00811E-04 -2.67133E-04 
2.77105E-04 -2.46610E-04 
2.54493E-04 -2.26927E-04 
2.33253E-04 -2.08356E-04 
2.13820E-04 -1.91316E-04 
1.97231E-04 -1.76759E-04 
1.86468E-04 -1.67408E-04 
1.89907E-04 -1.70883E-04 
2.24393E-04 -2.02523E-04 
2.97552E-04 -2.69354E-04 
3.69750E-04 -3.35436E-04 
3.93025E-04 -3.57083E-04 
5.73816E-04 -4.94216E-04 
5.59625E-04 -4.83853E-04 
5.12553E-04 -4.43975E-04 
4.94797E-04 -4.30350E-04 
4.68018E-04 -4.08554E-04 
4.46030E-04 -3.90813E-04 
4.23255E-04 -3.72182E-04 
4.05506E-04 -3.57562E-04 
4.00224E-04 -3.53179E-04 
3.74526E-04 -3.31660E-04 
3.47821E-04 -3.08977E-04 
3.22268E-04 -2.87141E-04 
2.97457E-04 -2.65747E-04 
2.73059E-04 -2.44493E-04 
2.50880E-04 -2.25091E-04 
2.29695E-04 -2.06454E-04 
2.09694E-04 -1.88777E-04 
1.91076E-04 -1.72262E-04 
1.74154E-04 -1.57214E-04 
1.59703E-04 -1.44356E-04 
1.50000E-04 -1.35779E-04 
1.51460E-04 -1.37365E-04 
1.76908E-04 -1.60877E-04 
2.31864E-04 -2.11433E-04 
2.85630E-04 -2.60978E-04 
3.01731E-04 -2.76056E-04 
5.02851E-04 -4.38329E-04 
4.84682E-04 -4.23756E-04 
4.45507E-04 -3.90213E-04 
4.32535E-04 -3.80254E-04 
4.04866E-04 -3.57116E-04 
3.79896E-04 -3.36219E-04 
3.58480E-04 -3.18290E-04 
3.41502E-04 -3.03960E-04 
3.36637E-04 -2.99853E-04 
3.13256E-04 -2.79961E-04 
2.89986E-04 -2.59979E-04 
2.66905E-04 -2.39965E-04 
2.44828E-04 -2.20664E-04 
2.23425E-04 -2.01776E-04 
2.04025E-04 -1.84585E-04 
1.85726E-04 -1.68289E-04 
1.68624E-04 -1.52997E-04 
1.52838E-04 -1.38836E-04 
1.38580E-04 -1.26017E-04 
1.26410E-04 -1.15069E-04 
1.18029E-04 -1.07566E-04 
1.18246E-04 -1.07947E-04 
1.36631E-04 -1.25047E-04 
1.77082E-04 -1.62501E-04 
2.16307E-04 -1.98874E-04 
2.27125E-04 -2.09073E-04 
4.30402E-04 -3.78605E-04 
4.09928E-04 -3.61455E-04 
3.75608E-04 -3.31691E-04 
3.69211E-04 -3.27172E-04 
3.44241E-04 -3.06004E-04 
3.17885E-04 -2.83472E-04 
2.97815E-04 -2.66410E-04 
2.82165E-04 -2.52991E-04 
2.77558E-04 -2.49028E-04 
2.56251E-04 -2.30651E-04 
2.35787E-04 -2.12888E-04 
2.15532E-04 -1.95119E-04 
1.96348E-04 -1.78167E-04 
1.78241E-04 -1.62052E-04 
1.61899E-04 -1.47441E-04 
1.46608E-04 -1.33698E-04 
1.32437E-04 -1.20913E-04 
1.19462E-04 -1.09170E-04 
1.07815E-04 -9.86095E-05 
9.78879E-05 -8.96026E-05 
9.09158E-05 -8.33024E-05 
9.04262E-05 -8.29839E-05 
1.03405E-04 -9.51349E-05 
1.32541E-04 -1.22274E-04 
1.60539E-04 -1.48387E-04 
1.67572E-04 -1.55064E-04 
3.60370E-04 -3.19134E-04 
3.39790E-04 -3.01442E-04 
3.08494E-04 -2.73991E-04 
3.06187E-04 -2.72795E-04 
2.88744E-04 -2.58058E-04 
2.62472E-04 -2.35286E-04 
2.43858E-04 -2.19311E-04 
2.29988E-04 -2.07325E-04 
2.25698E-04 -2.03586E-04 
2.05454E-04 -1.85858E-04 
1.87076E-04 -1.69734E-04 
1.69676E-04 -1.54358E-04 
1.53605E-04 -1.40069E-04 
1.38674E-04 -1.26697E-04 
1.25300E-04 -1.14659E-04 
1.12964E-04 -1.03501E-04 
1.01635E-04 -9.32144E-05 
9.13205E-05 -8.38212E-05 
8.21015E-05 -7.54097E-05 
7.42504E-05 -6.82427E-05 
6.86463E-05 -6.31455E-05 
6.78177E-05 -6.24789E-05 
7.67517E-05 -7.08980E-05 
9.72549E-05 -9.01029E-05 
1.16779E-04 -1.08410E-04 
1.21181E-04 -1.12623E-04 
2.95493E-04 -2.62911E-04 
2.77241E-04 -2.46943E-04 
2.47961E-04 -2.20958E-04 
2.47302E-04 -2.21005E-04 
2.38333E-04 -2.13671E-04 
2.15510E-04 -1.93781E-04 
1.96338E-04 -1.77104E-04 
1.83809E-04 -1.66209E-04 
1.80252E-04 -1.63106E-04 
1.63160E-04 -1.48096E-04 
1.45961E-04 -1.32833E-04 
1.30962E-04 -1.19490E-04 
1.17682E-04 -1.07633E-04 
1.05693E-04 -9.68584E-05 
9.51018E-05 -8.72933E-05 
8.53835E-05 -7.84692E-05 
7.65309E-05 -7.03982E-05 
6.85395E-05 -6.30911E-05 
6.14342E-05 -5.65819E-05 
5.53878E-05 -5.10402E-05 
5.10093E-05 -4.70415E-05 
5.00685E-05 -4.62464E-05 
5.60440E-05 -5.19164E-05 
7.01211E-05 -6.51711E-05 
8.34064E-05 -7.76907E-05 
8.60358E-05 -8.02315E-05 
2.37955E-04 -2.12335E-04 
2.23048E-04 -1.99065E-04 
1.96702E-04 -1.75467E-04 
1.94331E-04 -1.73782E-04 
1.93345E-04 -1.73507E-04 
1.75433E-04 -1.57901E-04 
1.55962E-04 -1.40792E-04 
1.43353E-04 -1.29692E-04 
1.39805E-04 -1.26556E-04 
1.25293E-04 -1.13779E-04 
1.12136E-04 -1.02146E-04 
9.97060E-05 -9.10781E-05 
8.91153E-05 -8.16137E-05 
7.95597E-05 -7.30137E-05 
7.11894E-05 -6.54412E-05 
6.36280E-05 -5.85623E-05 
5.68281E-05 -5.23501E-05 
5.07469E-05 -4.67777E-05 
4.53752E-05 -4.18462E-05 
4.08134E-05 -3.76568E-05 
3.74649E-05 -3.45932E-05 
3.65348E-05 -3.37908E-05 
4.03907E-05 -3.74780E-05 
4.97914E-05 -4.63734E-05 
5.85877E-05 -5.47019E-05 
6.00592E-05 -5.61435E-05 
1.89449E-04 -1.69307E-04 
1.77499E-04 -1.58435E-04 
1.55288E-04 -1.38394E-04 
1.50193E-04 -1.34077E-04 
1.54725E-04 -1.38706E-04 
1.42534E-04 -1.28192E-04 
1.22700E-04 -1.10605E-04 
1.10383E-04 -9.96779E-05 
1.07056E-04 -9.67179E-05 
9.40419E-05 -8.52071E-05 
8.43564E-05 -7.67333E-05 
7.52405E-05 -6.86743E-05 
6.68499E-05 -6.11900E-05 
5.93594E-05 -5.44565E-05 
5.28168E-05 -4.85390E-05 
4.70385E-05 -4.32869E-05 
4.19016E-05 -3.85965E-05 
3.73379E-05 -3.44153E-05 
3.33346E-05 -3.07403E-05 
2.99399E-05 -2.76231E-05 
2.74116E-05 -2.53106E-05 
2.65512E-05 -2.45607E-05 
2.89372E-05 -2.68637E-05 
3.50469E-05 -3.26725E-05 
4.07196E-05 -3.80678E-05 
4.14656E-05 -3.88160E-05 
1.49943E-04 -1.34050E-04 
1.40321E-04 -1.25093E-04 
1.22832E-04 -1.09169E-04 
1.15251E-04 -1.02456E-04 
1.22288E-04 -1.09315E-04 
1.17160E-04 -1.05162E-04 
9.60161E-05 -8.62671E-05 
8.61340E-05 -7.75436E-05 
8.38202E-05 -7.55141E-05 
7.23462E-05 -6.53498E-05 
6.40912E-05 -5.81270E-05 
5.64936E-05 -5.14197E-05 
4.98251E-05 -4.54957E-05 
4.40245E-05 -4.03049E-05 
3.90596E-05 -3.58331E-05 
3.47080E-05 -3.18917E-05 
3.08899E-05 -2.84174E-05 
2.75205E-05 -2.53390E-05 
2.45722E-05 -2.26388E-05 
2.20653E-05 -2.03415E-05 
2.01636E-05 -1.86055E-05 
1.93904E-05 -1.79274E-05 
2.07796E-05 -1.92854E-05 
2.46286E-05 -2.29623E-05 
2.81791E-05 -2.63543E-05 
2.84839E-05 -2.66775E-05 
1.18774E-04 -1.06160E-04 
1.10993E-04 -9.87287E-05 
9.81379E-05 -8.68953E-05 
8.95612E-05 -7.91633E-05 
9.48532E-05 -8.43677E-05 
9.76251E-05 -8.74168E-05 
7.71166E-05 -6.90141E-05 
6.68118E-05 -5.98798E-05 
6.52849E-05 -5.85749E-05 
5.86085E-05 -5.28403E-05 
4.99450E-05 -4.51506E-05 
4.32304E-05 -3.92184E-05 
3.76212E-05 -3.42465E-05 
3.30348E-05 -3.01649E-05 
2.92089E-05 -2.67404E-05 
2.59082E-05 -2.37637E-05 
2.30615E-05 -2.11837E-05 
2.05666E-05 -1.89131E-05 
1.83827E-05 -1.69196E-05 
1.65153E-05 -1.52134E-05 
1.50663E-05 -1.38938E-05 
1.43733E-05 -1.32823E-05 
1.51051E-05 -1.40125E-05 
1.74471E-05 -1.62608E-05 
1.95977E-05 -1.83251E-05 
1.96444E-05 -1.83970E-05 
9.50462E-05 -8.49715E-05 
8.88621E-05 -7.88760E-05 
7.94712E-05 -7.00923E-05 
7.16330E-05 -6.29581E-05 
7.30331E-05 -6.45347E-05 
8.30709E-05 -7.42434E-05 
6.65376E-05 -5.94506E-05 
5.37290E-05 -4.79405E-05 
5.20694E-05 -4.65046E-05 
4.81493E-05 -4.33303E-05 
4.14114E-05 -3.74142E-05 
3.44890E-05 -3.12327E-05 
2.92307E-05 -2.65466E-05 
2.54136E-05 -2.31547E-05 
2.23924E-05 -2.04623E-05 
1.98357E-05 -1.81696E-05 
1.76310E-05 -1.61801E-05 
1.57136E-05 -1.44412E-05 
1.40461E-05 -1.29238E-05 
1.26170E-05 -1.16212E-05 
1.14839E-05 -1.05909E-05 
1.08598E-05 -1.00360E-05 
1.11734E-05 -1.03634E-05 
1.25414E-05 -1.16842E-05 
1.37958E-05 -1.28945E-05 
1.36994E-05 -1.28249E-05 
7.74997E-05 -6.94286E-05 
7.28857E-05 -6.46567E-05 
6.57498E-05 -5.78485E-05 
5.95221E-05 -5.21109E-05 
5.75783E-05 -5.05339E-05 
7.04272E-05 -6.28445E-05 
6.25730E-05 -5.60565E-05 
4.77337E-05 -4.26171E-05 
4.57126E-05 -4.08383E-05 
3.85969E-05 -3.46047E-05 
3.28134E-05 -2.95469E-05 
2.80099E-05 -2.53384E-05 
2.34905E-05 -2.13174E-05 
2.03319E-05 -1.85236E-05 
1.78115E-05 -1.62824E-05 
1.56989E-05 -1.43893E-05 
1.39037E-05 -1.27704E-05 
1.23667E-05 -1.13777E-05 
1.10389E-05 -1.01702E-05 
9.90048E-06 -9.13276E-06 
8.98037E-06 -8.29520E-06 
8.41143E-06 -7.78473E-06 
8.46887E-06 -7.86259E-06 
9.22643E-06 -8.59927E-06 
9.92357E-06 -9.27637E-06 
9.75383E-06 -9.13180E-06 
6.50895E-05 -5.86275E-05 
6.17184E-05 -5.48760E-05 
5.60631E-05 -4.93449E-05 
5.19710E-05 -4.55029E-05 
4.72184E-05 -4.12619E-05 
5.90584E-05 -5.26436E-05 
6.04050E-05 -5.43538E-05 
4.64215E-05 -4.16823E-05 
4.32607E-05 -3.88297E-05 
3.26111E-05 -2.92281E-05 
2.60490E-05 -2.33847E-05 
2.25995E-05 -2.04222E-05 
1.93309E-05 -1.75593E-05 
1.66610E-05 -1.52027E-05 
1.45026E-05 -1.32825E-05 
1.27282E-05 -1.16930E-05 
1.12332E-05 -1.03444E-05 
9.96484E-06 -9.19418E-06 
8.87437E-06 -8.20098E-06 
7.93954E-06 -7.34722E-06 
7.17203E-06 -6.64613E-06 
6.65457E-06 -6.17729E-06 
6.56597E-06 -6.11059E-06 
6.95383E-06 -6.49174E-06 
7.31505E-06 -6.84589E-06 
7.11425E-06 -6.66735E-06 
5.66176E-05 -5.14826E-05 
5.43426E-05 -4.86314E-05 
4.95544E-05 -4.38074E-05 
4.69502E-05 -4.12699E-05 
4.10648E-05 -3.59205E-05 
4.88518E-05 -4.34933E-05 
5.73559E-05 -5.18483E-05 
4.58976E-05 -4.14923E-05 
4.22001E-05 -3.81305E-05 
3.05669E-05 -2.75930E-05 
2.36620E-05 -2.13777E-05 
1.94911E-05 -1.76833E-05 
1.65345E-05 -1.50845E-05 
1.41449E-05 -1.29633E-05 
1.21421E-05 -1.11679E-05 
1.05314E-05 -9.71506E-06 
9.22450E-06 -8.53007E-06 
8.13019E-06 -7.53260E-06 
7.20714E-06 -6.68818E-06 
6.42307E-06 -5.96896E-06 
5.77250E-06 -5.37149E-06 
5.30713E-06 -4.94580E-06 
5.14501E-06 -4.80422E-06 
5.31694E-06 -4.97652E-06 
5.48221E-06 -5.14125E-06 
5.27715E-06 -4.95495E-06 
5.12126E-05 -4.72119E-05 
4.96485E-05 -4.49044E-05 
4.55349E-05 -4.05978E-05 
4.34156E-05 -3.84379E-05 
3.75008E-05 -3.29933E-05 
4.15874E-05 -3.70753E-05 
5.46869E-05 -4.97012E-05 
4.58299E-05 -4.17352E-05 
4.09979E-05 -3.72933E-05 
2.94284E-05 -2.67923E-05 
2.36409E-05 -2.16091E-05 
1.82332E-05 -1.66898E-05 
1.43713E-05 -1.31889E-05 
1.18946E-05 -1.09566E-05 
1.00243E-05 -9.26367E-06 
8.64510E-06 -8.01341E-06 
7.56176E-06 -7.02751E-06 
6.65573E-06 -6.19843E-06 
5.88232E-06 -5.48724E-06 
5.21992E-06 -4.87599E-06 
4.66595E-06 -4.36385E-06 
4.25404E-06 -3.98360E-06 
4.06389E-06 -3.81126E-06 
4.11535E-06 -3.86612E-06 
4.17094E-06 -3.92408E-06 
3.97696E-06 -3.74533E-06 
---
