PdfType: replica
Format: lhagrid1
---
1.00000E-06 1.28121E-06 1.64152E-06 2.10317E-06 2.69463E-06 3.45242E-06 4.42329E-06 5.66715E-06 7.26076E-06 9.30241E-06 1.19180E-05 1.52689E-05 1.95617E-05 2.50609E-05 3.21053E-05 4.11287E-05 5.26863E-05 6.74889E-05 8.64459E-05 1.10720E-04 1.41800E-04 1.81585E-04 2.32503E-04 2.97652E-04 3.80981E-04 4.87518E-04 6.26039E-04 8.00452E-04 1.02297E-03 1.30657E-03 1.66759E-03 2.12729E-03 2.71054E-03 3.44865E-03 4.37927E-03 5.54908E-03 7.01192E-03 8.83064E-03 1.10763E-02 1.38266E-02 1.71641E-02 2.11717E-02 2.59364E-02 3.15062E-02 3.79623E-02 4.53425E-02 5.36750E-02 6.29705E-02 7.32221E-02 8.44039E-02 9.64793E-02 1.09332E-01 1.23067E-01 1.37507E-01 1.52639E-01 1.68416E-01 1.84794E-01 2.01731E-01 2.19016E-01 2.36948E-01 2.55242E-01 2.73927E-01 2.92954E-01 3.12340E-01 3.32036E-01 3.52019E-01 3.72282E-01 3.92772E-01 4.13533E-01 4.34326E-01 4.55495E-01 4.76836E-01 4.98342E-01 5.20006E-01 5.41818E-01 5.63773E-01 5.85861E-01 6.08077E-01 6.30459E-01 6.52800E-01 6.75387E-01 6.98063E-01 7.20830E-01 7.43683E-01 7.66623E-01 7.89636E-01 8.12791E-01 8.35940E-01 8.59175E-01 8.82485E-01 9.05866E-01 9.29311E-01 9.52817E-01 9.76387E-01 1.00000E+00 
1.14018E+00 1.22539E+00 1.32482E+00 1.44156E+00 1.57954E+00 1.74381E+00 1.94091E+00 2.12132E+00 2.17945E+00 2.49622E+00 2.89383E+00 3.39925E+00 4.05063E+00 4.90286E+00 6.03623E+00 7.57063E+00 9.68869E+00 1.26749E+01 1.69835E+01 2.33578E+01 3.30501E+01 4.82334E+01 7.28041E+01 1.13998E+02 1.85779E+02 3.16228E+02 
908 909 
-2.57186E-04 -5.24672E-05 
-2.59727E-04 -5.33531E-05 
-2.62223E-04 -5.48131E-05 
-2.64163E-04 -5.58566E-05 
-2.66174E-04 -5.69808E-05 
-2.68273E-04 -5.82039E-05 
-2.70484E-04 -5.95463E-05 
-2.72290E-04 -6.06809E-05 
-2.72836E-04 -6.10302E-05 
-2.75572E-04 -6.28161E-05 
-2.78569E-04 -6.48255E-05 
-2.81893E-04 -6.70913E-05 
-2.85627E-04 -6.96469E-05 
-2.90625E-04 -7.24370E-05 
-2.95948E-04 -7.57657E-05 
-3.02088E-04 -7.94949E-05 
-3.09210E-04 -8.36663E-05 
-3.17529E-04 -8.83267E-05 
-3.27378E-04 -9.35411E-05 
-3.39420E-04 -9.94373E-05 
-3.55412E-04 -1.06374E-04 
-3.80575E-04 -1.15484E-04 
-4.27792E-04 -1.29712E-04 
-5.11734E-04 -1.52679E-04 
-6.18812E-04 -1.81593E-04 
-7.12533E-04 -2.07692E-04 
-2.67801E-04 -5.52066E-05 
-2.70508E-04 -5.61526E-05 
-2.73226E-04 -5.77718E-05 
-2.75350E-04 -5.89006E-05 
-2.77554E-04 -6.01212E-05 
-2.79861E-04 -6.14536E-05 
-2.82296E-04 -6.29199E-05 
-2.84289E-04 -6.41611E-05 
-2.84893E-04 -6.45435E-05 
-2.87921E-04 -6.64990E-05 
-2.91248E-04 -6.86990E-05 
-2.94948E-04 -7.11769E-05 
-2.99109E-04 -7.39661E-05 
-3.04622E-04 -7.69568E-05 
-3.10541E-04 -8.05465E-05 
-3.17358E-04 -8.45564E-05 
-3.25250E-04 -8.90267E-05 
-3.34446E-04 -9.40025E-05 
-3.45297E-04 -9.95462E-05 
-3.58500E-04 -1.05785E-04 
-3.75892E-04 -1.13082E-04 
-4.02951E-04 -1.22603E-04 
-4.53216E-04 -1.37375E-04 
-5.42178E-04 -1.61105E-04 
-6.55682E-04 -1.90858E-04 
-7.55344E-04 -2.17554E-04 
-2.78961E-04 -5.80985E-05 
-2.81840E-04 -5.91160E-05 
-2.84815E-04 -6.08994E-05 
-2.87131E-04 -6.21282E-05 
-2.89539E-04 -6.34611E-05 
-2.92065E-04 -6.49196E-05 
-2.94739E-04 -6.65274E-05 
-2.96934E-04 -6.78895E-05 
-2.97599E-04 -6.83091E-05 
-3.00945E-04 -7.04550E-05 
-3.04631E-04 -7.28666E-05 
-3.08740E-04 -7.55776E-05 
-3.13368E-04 -7.86210E-05 
-3.19437E-04 -8.18226E-05 
-3.26002E-04 -8.56894E-05 
-3.33552E-04 -8.99948E-05 
-3.42278E-04 -9.47770E-05 
-3.52420E-04 -1.00078E-04 
-3.64350E-04 -1.05958E-04 
-3.78795E-04 -1.12542E-04 
-3.97681E-04 -1.20197E-04 
-4.26748E-04 -1.30117E-04 
-4.80217E-04 -1.45408E-04 
-5.74436E-04 -1.69848E-04 
-6.94658E-04 -2.00347E-04 
-8.00517E-04 -2.27519E-04 
-2.90646E-04 -6.12104E-05 
-2.93705E-04 -6.23103E-05 
-2.96971E-04 -6.42652E-05 
-2.99491E-04 -6.56078E-05 
-3.02119E-04 -6.70678E-05 
-3.04881E-04 -6.86683E-05 
-3.07814E-04 -7.04342E-05 
-3.10228E-04 -7.19306E-05 
-3.10962E-04 -7.23915E-05 
-3.14655E-04 -7.47471E-05 
-3.18736E-04 -7.73899E-05 
-3.23294E-04 -8.03533E-05 
-3.28437E-04 -8.36698E-05 
-3.35107E-04 -8.70896E-05 
-3.42374E-04 -9.12473E-05 
-3.50721E-04 -9.58601E-05 
-3.60349E-04 -1.00964E-04 
-3.71514E-04 -1.06597E-04 
-3.84602E-04 -1.12815E-04 
-4.00378E-04 -1.19740E-04 
-4.20855E-04 -1.27744E-04 
-4.52048E-04 -1.38043E-04 
-5.08889E-04 -1.53809E-04 
-6.08616E-04 -1.78873E-04 
-7.35860E-04 -2.09983E-04 
-8.48172E-04 -2.37475E-04 
-3.02852E-04 -6.46068E-05 
-3.06103E-04 -6.57988E-05 
-3.09695E-04 -6.79345E-05 
-3.12437E-04 -6.94034E-05 
-3.15302E-04 -7.10039E-05 
-3.18324E-04 -7.27609E-05 
-3.21542E-04 -7.47005E-05 
-3.24198E-04 -7.63436E-05 
-3.25006E-04 -7.68496E-05 
-3.29084E-04 -7.94327E-05 
-3.33600E-04 -8.23247E-05 
-3.38656E-04 -8.55581E-05 
-3.44366E-04 -8.91640E-05 
-3.51687E-04 -9.28068E-05 
-3.59719E-04 -9.72661E-05 
-3.68932E-04 -1.02195E-04 
-3.79536E-04 -1.07626E-04 
-3.91803E-04 -1.13594E-04 
-4.06137E-04 -1.20148E-04 
-4.23336E-04 -1.27406E-04 
-4.45505E-04 -1.35741E-04 
-4.78945E-04 -1.46387E-04 
-5.39330E-04 -1.62567E-04 
-6.44826E-04 -1.88136E-04 
-7.79397E-04 -2.19682E-04 
-8.98411E-04 -2.47300E-04 
-3.15599E-04 -6.83469E-05 
-3.19057E-04 -6.96395E-05 
-3.23010E-04 -7.19665E-05 
-3.25996E-04 -7.35727E-05 
-3.29124E-04 -7.53260E-05 
-3.32432E-04 -7.72528E-05 
-3.35966E-04 -7.93803E-05 
-3.38890E-04 -8.11817E-05 
-3.39781E-04 -8.17361E-05 
-3.44284E-04 -8.45632E-05 
-3.49283E-04 -8.77206E-05 
-3.54889E-04 -9.12397E-05 
-3.61226E-04 -9.51494E-05 
-3.69253E-04 -9.90167E-05 
-3.78118E-04 -1.03786E-04 
-3.88269E-04 -1.09037E-04 
-3.99929E-04 -1.14798E-04 
-4.13383E-04 -1.21097E-04 
-4.29052E-04 -1.27980E-04 
-4.47769E-04 -1.35557E-04 
-4.71734E-04 -1.44200E-04 
-5.07544E-04 -1.55151E-04 
-5.71648E-04 -1.71663E-04 
-6.83171E-04 -1.97585E-04 
-8.25370E-04 -2.29348E-04 
-9.51320E-04 -2.56865E-04 
-3.28925E-04 -7.24839E-05 
-3.32609E-04 -7.38845E-05 
-3.36961E-04 -7.64136E-05 
-3.40216E-04 -7.81665E-05 
-3.43634E-04 -8.00836E-05 
-3.47260E-04 -8.21924E-05 
-3.51145E-04 -8.45211E-05 
-3.54367E-04 -8.64913E-05 
-3.55350E-04 -8.70973E-05 
-3.60326E-04 -9.01835E-05 
-3.65862E-04 -9.36210E-05 
-3.72077E-04 -9.74396E-05 
-3.79104E-04 -1.01665E-04 
-3.87894E-04 -1.05755E-04 
-3.97664E-04 -1.10840E-04 
-4.08831E-04 -1.16415E-04 
-4.21630E-04 -1.22504E-04 
-4.36358E-04 -1.29130E-04 
-4.53456E-04 -1.36328E-04 
-4.73789E-04 -1.44204E-04 
-4.99654E-04 -1.53122E-04 
-5.37956E-04 -1.64325E-04 
-6.05949E-04 -1.81069E-04 
-7.23750E-04 -2.07158E-04 
-8.73862E-04 -2.38879E-04 
-1.00696E-03 -2.66027E-04 
-3.42886E-04 -7.70660E-05 
-3.46817E-04 -7.85810E-05 
-3.51610E-04 -8.13214E-05 
-3.55163E-04 -8.32296E-05 
-3.58904E-04 -8.53205E-05 
-3.62883E-04 -8.76227E-05 
-3.67157E-04 -9.01647E-05 
-3.70711E-04 -9.23138E-05 
-3.71796E-04 -9.29742E-05 
-3.77297E-04 -9.63333E-05 
-3.83427E-04 -1.00064E-04 
-3.90315E-04 -1.04194E-04 
-3.98104E-04 -1.08745E-04 
-4.07716E-04 -1.13053E-04 
-4.18467E-04 -1.18455E-04 
-4.30731E-04 -1.24355E-04 
-4.44755E-04 -1.30767E-04 
-4.60848E-04 -1.37708E-04 
-4.79468E-04 -1.45205E-04 
-5.01513E-04 -1.53352E-04 
-5.29382E-04 -1.62505E-04 
-5.70297E-04 -1.73895E-04 
-6.42343E-04 -1.90750E-04 
-7.66658E-04 -2.16786E-04 
-9.24939E-04 -2.48158E-04 
-1.06536E-03 -2.74633E-04 
-3.57554E-04 -8.21376E-05 
-3.61755E-04 -8.37730E-05 
-3.67036E-04 -8.67310E-05 
-3.70919E-04 -8.88020E-05 
-3.75018E-04 -9.10761E-05 
-3.79388E-04 -9.35823E-05 
-3.84095E-04 -9.63493E-05 
-3.88016E-04 -9.86864E-05 
-3.89215E-04 -9.94040E-05 
-3.95297E-04 -1.03049E-04 
-4.02084E-04 -1.07085E-04 
-4.09713E-04 -1.11536E-04 
-4.18337E-04 -1.16420E-04 
-4.28834E-04 -1.20937E-04 
-4.40644E-04 -1.26657E-04 
-4.54089E-04 -1.32876E-04 
-4.69426E-04 -1.39602E-04 
-4.86977E-04 -1.46842E-04 
-5.07213E-04 -1.54613E-04 
-5.31070E-04 -1.62999E-04 
-5.61043E-04 -1.72338E-04 
-6.04686E-04 -1.83838E-04 
-6.80937E-04 -2.00662E-04 
-8.11980E-04 -2.26388E-04 
-9.78655E-04 -2.57060E-04 
-1.12654E-03 -2.82511E-04 
-3.73013E-04 -8.77409E-05 
-3.77509E-04 -8.95024E-05 
-3.83331E-04 -9.26792E-05 
-3.87578E-04 -9.49202E-05 
-3.92072E-04 -9.73864E-05 
-3.96875E-04 -1.00107E-04 
-4.02061E-04 -1.03110E-04 
-4.06388E-04 -1.05644E-04 
-4.07712E-04 -1.06421E-04 
-4.14437E-04 -1.10363E-04 
-4.21947E-04 -1.14714E-04 
-4.30390E-04 -1.19495E-04 
-4.39928E-04 -1.24716E-04 
-4.51373E-04 -1.29429E-04 
-4.64324E-04 -1.35464E-04 
-4.79036E-04 -1.41994E-04 
-4.95777E-04 -1.49021E-04 
-5.14877E-04 -1.56539E-04 
-5.36825E-04 -1.64555E-04 
-5.62587E-04 -1.73137E-04 
-5.94763E-04 -1.82604E-04 
-6.41240E-04 -1.94124E-04 
-7.21835E-04 -2.10752E-04 
-8.59789E-04 -2.35872E-04 
-1.03504E-03 -2.65439E-04 
-1.19048E-03 -2.89476E-04 
-3.89358E-04 -9.39177E-05 
-3.94175E-04 -9.58109E-05 
-4.00598E-04 -9.92007E-05 
-4.05245E-04 -1.01619E-04 
-4.10174E-04 -1.04285E-04 
-4.15455E-04 -1.07230E-04 
-4.21169E-04 -1.10479E-04 
-4.25944E-04 -1.13218E-04 
-4.27406E-04 -1.14057E-04 
-4.34838E-04 -1.18307E-04 
-4.43143E-04 -1.22982E-04 
-4.52476E-04 -1.28097E-04 
-4.63009E-04 -1.33658E-04 
-4.75466E-04 -1.38549E-04 
-4.89642E-04 -1.44892E-04 
-5.05709E-04 -1.51723E-04 
-5.23944E-04 -1.59031E-04 
-5.44687E-04 -1.66801E-04 
-5.68439E-04 -1.75025E-04 
-5.96200E-04 -1.83753E-04 
-6.30670E-04 -1.93281E-04 
-6.80078E-04 -2.04714E-04 
-7.65135E-04 -2.20957E-04 
-9.10150E-04 -2.45131E-04 
-1.09411E-03 -2.73136E-04 
-1.25714E-03 -2.95318E-04 
-4.06694E-04 -1.00711E-04 
-4.11861E-04 -1.02742E-04 
-4.18950E-04 -1.06329E-04 
-4.24035E-04 -1.08930E-04 
-4.29442E-04 -1.11807E-04 
-4.35247E-04 -1.14985E-04 
-4.41541E-04 -1.18491E-04 
-4.46809E-04 -1.21441E-04 
-4.48423E-04 -1.22345E-04 
-4.56631E-04 -1.26911E-04 
-4.65803E-04 -1.31916E-04 
-4.76108E-04 -1.37368E-04 
-4.87723E-04 -1.43268E-04 
-5.01255E-04 -1.48316E-04 
-5.16740E-04 -1.54957E-04 
-5.34252E-04 -1.62071E-04 
-5.54072E-04 -1.69637E-04 
-5.76549E-04 -1.77625E-04 
-6.02197E-04 -1.86011E-04 
-6.32044E-04 -1.94828E-04 
-6.68894E-04 -2.04336E-04 
-7.21319E-04 -2.15564E-04 
-8.10934E-04 -2.31204E-04 
-9.63116E-04 -2.54045E-04 
-1.15585E-03 -2.79970E-04 
-1.32644E-03 -2.99806E-04 
-4.25136E-04 -1.08163E-04 
-4.30680E-04 -1.10339E-04 
-4.38509E-04 -1.14096E-04 
-4.44072E-04 -1.16888E-04 
-4.50001E-04 -1.19982E-04 
-4.56380E-04 -1.23404E-04 
-4.63310E-04 -1.27175E-04 
-4.69117E-04 -1.30345E-04 
-4.70897E-04 -1.31314E-04 
-4.79952E-04 -1.36203E-04 
-4.90072E-04 -1.41543E-04 
-5.01431E-04 -1.47333E-04 
-5.14216E-04 -1.53565E-04 
-5.28886E-04 -1.58742E-04 
-5.45768E-04 -1.65668E-04 
-5.64812E-04 -1.73045E-04 
-5.86308E-04 -1.80837E-04 
-6.10610E-04 -1.89002E-04 
-6.38241E-04 -1.97499E-04 
-6.70257E-04 -2.06336E-04 
-7.09562E-04 -2.15733E-04 
-7.65074E-04 -2.26616E-04 
-8.59315E-04 -2.41406E-04 
-1.01872E-03 -2.62476E-04 
-1.22023E-03 -2.85736E-04 
-1.39829E-03 -3.02681E-04 
-4.44807E-04 -1.16321E-04 
-4.50756E-04 -1.18648E-04 
-4.59406E-04 -1.22532E-04 
-4.65488E-04 -1.25523E-04 
-4.71984E-04 -1.28843E-04 
-4.78991E-04 -1.32517E-04 
-4.86614E-04 -1.36563E-04 
-4.93009E-04 -1.39957E-04 
-4.94971E-04 -1.40994E-04 
-5.04949E-04 -1.46211E-04 
-5.16098E-04 -1.51886E-04 
-5.28599E-04 -1.58010E-04 
-5.42644E-04 -1.64566E-04 
-5.58514E-04 -1.69838E-04 
-5.76879E-04 -1.77031E-04 
-5.97545E-04 -1.84643E-04 
-6.20805E-04 -1.92626E-04 
-6.47019E-04 -2.00920E-04 
-6.76714E-04 -2.09464E-04 
-7.10974E-04 -2.18242E-04 
-7.52799E-04 -2.27424E-04 
-8.11452E-04 -2.37805E-04 
-9.10356E-04 -2.51466E-04 
-1.07698E-03 -2.70266E-04 
-1.28718E-03 -2.90207E-04 
-1.47252E-03 -3.03657E-04 
-4.65839E-04 -1.25230E-04 
-4.72225E-04 -1.27719E-04 
-4.81781E-04 -1.31667E-04 
-4.88424E-04 -1.34863E-04 
-4.95537E-04 -1.38419E-04 
-5.03225E-04 -1.42354E-04 
-5.11603E-04 -1.46682E-04 
-5.18639E-04 -1.50305E-04 
-5.20797E-04 -1.51411E-04 
-5.31777E-04 -1.56959E-04 
-5.44040E-04 -1.62968E-04 
-5.57772E-04 -1.69418E-04 
-5.73171E-04 -1.76283E-04 
-5.90299E-04 -1.81612E-04 
-6.10233E-04 -1.89048E-04 
-6.32608E-04 -1.96862E-04 
-6.57720E-04 -2.04992E-04 
-6.85927E-04 -2.13357E-04 
-7.17763E-04 -2.21876E-04 
-7.54332E-04 -2.30503E-04 
-7.98729E-04 -2.39351E-04 
-8.60554E-04 -2.49054E-04 
-9.64120E-04 -2.61268E-04 
-1.13790E-03 -2.77241E-04 
-1.35661E-03 -2.93129E-04 
-1.54896E-03 -3.02418E-04 
-4.88378E-04 -1.34938E-04 
-4.95231E-04 -1.37598E-04 
-5.05785E-04 -1.41525E-04 
-5.13032E-04 -1.44936E-04 
-5.20812E-04 -1.48736E-04 
-5.29239E-04 -1.52940E-04 
-5.38436E-04 -1.57557E-04 
-5.46166E-04 -1.61413E-04 
-5.48537E-04 -1.62587E-04 
-5.60602E-04 -1.68468E-04 
-5.74065E-04 -1.74804E-04 
-5.89120E-04 -1.81569E-04 
-6.05966E-04 -1.88724E-04 
-6.24405E-04 -1.94065E-04 
-6.45995E-04 -2.01714E-04 
-6.70165E-04 -2.09692E-04 
-6.97210E-04 -2.17914E-04 
-7.27488E-04 -2.26283E-04 
-7.61532E-04 -2.34694E-04 
-8.00464E-04 -2.43067E-04 
-8.47469E-04 -2.51447E-04 
-9.12474E-04 -2.60272E-04 
-1.02066E-03 -2.70684E-04 
-1.20144E-03 -2.83201E-04 
-1.42838E-03 -2.94222E-04 
-1.62734E-03 -2.98621E-04 
-5.12581E-04 -1.45489E-04 
-5.19932E-04 -1.48333E-04 
-5.31580E-04 -1.52126E-04 
-5.39476E-04 -1.55760E-04 
-5.47975E-04 -1.59814E-04 
-5.57199E-04 -1.64297E-04 
-5.67283E-04 -1.69208E-04 
-5.75761E-04 -1.73299E-04 
-5.78363E-04 -1.74542E-04 
-5.91597E-04 -1.80751E-04 
-6.06350E-04 -1.87407E-04 
-6.22820E-04 -1.94470E-04 
-6.41206E-04 -2.01889E-04 
-6.61005E-04 -2.07192E-04 
-6.84334E-04 -2.15020E-04 
-7.10381E-04 -2.23112E-04 
-7.39438E-04 -2.31365E-04 
-7.71856E-04 -2.39661E-04 
-8.08166E-04 -2.47869E-04 
-8.49502E-04 -2.55871E-04 
-8.99131E-04 -2.63631E-04 
-9.67296E-04 -2.71355E-04 
-1.08000E-03 -2.79566E-04 
-1.26755E-03 -2.87927E-04 
-1.50232E-03 -2.93176E-04 
-1.70738E-03 -2.91891E-04 
-5.38620E-04 -1.56925E-04 
-5.46502E-04 -1.59967E-04 
-5.59337E-04 -1.63481E-04 
-5.67927E-04 -1.67350E-04 
-5.77199E-04 -1.71668E-04 
-5.87284E-04 -1.76436E-04 
-5.98322E-04 -1.81647E-04 
-6.07608E-04 -1.85973E-04 
-6.10457E-04 -1.87285E-04 
-6.24946E-04 -1.93817E-04 
-6.41080E-04 -2.00779E-04 
-6.59057E-04 -2.08119E-04 
-6.79076E-04 -2.15773E-04 
-7.00276E-04 -2.20979E-04 
-7.25425E-04 -2.28944E-04 
-7.53427E-04 -2.37095E-04 
-7.84566E-04 -2.45308E-04 
-8.19184E-04 -2.53441E-04 
-8.57805E-04 -2.61337E-04 
-9.01570E-04 -2.68836E-04 
-9.53818E-04 -2.75808E-04 
-1.02509E-03 -2.82185E-04 
-1.14216E-03 -2.87752E-04 
-1.33614E-03 -2.91177E-04 
-1.57817E-03 -2.89656E-04 
-1.78869E-03 -2.81826E-04 
-5.66682E-04 -1.69279E-04 
-5.75128E-04 -1.72539E-04 
-5.89243E-04 -1.75590E-04 
-5.98574E-04 -1.79708E-04 
-6.08674E-04 -1.84302E-04 
-6.19682E-04 -1.89364E-04 
-6.31745E-04 -1.94878E-04 
-6.41896E-04 -1.99439E-04 
-6.45011E-04 -2.00819E-04 
-6.60842E-04 -2.07665E-04 
-6.78447E-04 -2.14917E-04 
-6.98023E-04 -2.22507E-04 
-7.19765E-04 -2.30360E-04 
-7.42396E-04 -2.35408E-04 
-7.69444E-04 -2.43460E-04 
-7.99473E-04 -2.51604E-04 
-8.32757E-04 -2.59694E-04 
-8.69625E-04 -2.67563E-04 
-9.10587E-04 -2.75024E-04 
-9.56786E-04 -2.81873E-04 
-1.01162E-03 -2.87871E-04 
-1.08591E-03 -2.92624E-04 
-1.20713E-03 -2.95057E-04 
-1.40707E-03 -2.92685E-04 
-1.65566E-03 -2.83301E-04 
-1.87083E-03 -2.67999E-04 
-5.96968E-04 -1.82578E-04 
-6.06012E-04 -1.86076E-04 
-6.21491E-04 -1.88440E-04 
-6.31610E-04 -1.92823E-04 
-6.42594E-04 -1.97706E-04 
-6.54591E-04 -2.03071E-04 
-6.67750E-04 -2.08892E-04 
-6.78827E-04 -2.13687E-04 
-6.82225E-04 -2.15134E-04 
-6.99485E-04 -2.22284E-04 
-7.18651E-04 -2.29804E-04 
-7.39915E-04 -2.37615E-04 
-7.63466E-04 -2.45624E-04 
-7.87548E-04 -2.50446E-04 
-8.16566E-04 -2.58528E-04 
-8.48687E-04 -2.66590E-04 
-8.84170E-04 -2.74461E-04 
-9.23324E-04 -2.81951E-04 
-9.66641E-04 -2.88840E-04 
-1.01526E-03 -2.94875E-04 
-1.07262E-03 -2.99693E-04 
-1.14979E-03 -3.02521E-04 
-1.27485E-03 -3.01279E-04 
-1.48016E-03 -2.92163E-04 
-1.73441E-03 -2.73725E-04 
-1.95326E-03 -2.49962E-04 
-6.29700E-04 -1.96834E-04 
-6.39379E-04 -2.00597E-04 
-6.56289E-04 -2.02002E-04 
-6.67243E-04 -2.06672E-04 
-6.79169E-04 -2.11861E-04 
-6.92219E-04 -2.17540E-04 
-7.06547E-04 -2.23672E-04 
-7.18608E-04 -2.28698E-04 
-7.22307E-04 -2.30211E-04 
-7.41084E-04 -2.37651E-04 
-7.61897E-04 -2.45416E-04 
-7.84935E-04 -2.53412E-04 
-8.10376E-04 -2.61529E-04 
-8.35915E-04 -2.66056E-04 
-8.66970E-04 -2.74100E-04 
-9.01239E-04 -2.81992E-04 
-9.38962E-04 -2.89537E-04 
-9.80423E-04 -2.96517E-04 
-1.02609E-03 -3.02682E-04 
-1.07708E-03 -3.07720E-04 
-1.13688E-03 -3.11133E-04 
-1.21674E-03 -3.11705E-04 
-1.34527E-03 -3.06197E-04 
-1.55518E-03 -2.89302E-04 
-1.81400E-03 -2.60522E-04 
-2.03536E-03 -2.27252E-04 
-6.65111E-04 -2.12042E-04 
-6.75461E-04 -2.16103E-04 
-6.93849E-04 -2.16230E-04 
-7.05684E-04 -2.21212E-04 
-7.18609E-04 -2.26727E-04 
-7.32777E-04 -2.32734E-04 
-7.48346E-04 -2.39183E-04 
-7.61450E-04 -2.44440E-04 
-7.65468E-04 -2.46015E-04 
-7.85845E-04 -2.53732E-04 
-8.08390E-04 -2.61716E-04 
-8.33281E-04 -2.69855E-04 
-8.60686E-04 -2.78026E-04 
-8.87673E-04 -2.82187E-04 
-9.20824E-04 -2.90115E-04 
-9.57288E-04 -2.97737E-04 
-9.97278E-04 -3.04833E-04 
-1.04105E-03 -3.11156E-04 
-1.08903E-03 -3.16424E-04 
-1.14233E-03 -3.20268E-04 
-1.20444E-03 -3.22027E-04 
-1.28675E-03 -3.19986E-04 
-1.41825E-03 -3.09568E-04 
-1.63184E-03 -2.83773E-04 
-1.89388E-03 -2.43270E-04 
-2.11637E-03 -1.99399E-04 
-7.03451E-04 -2.28180E-04 
-7.14511E-04 -2.32577E-04 
-7.34385E-04 -2.31058E-04 
-7.47149E-04 -2.36387E-04 
-7.61130E-04 -2.42255E-04 
-7.76482E-04 -2.48607E-04 
-7.93361E-04 -2.55381E-04 
-8.07565E-04 -2.60866E-04 
-8.11919E-04 -2.62505E-04 
-8.33978E-04 -2.70482E-04 
-8.58334E-04 -2.78654E-04 
-8.85153E-04 -2.86894E-04 
-9.14588E-04 -2.95058E-04 
-9.42995E-04 -2.98779E-04 
-9.78293E-04 -3.06501E-04 
-1.01699E-03 -3.13737E-04 
-1.05926E-03 -3.20243E-04 
-1.10532E-03 -3.25746E-04 
-1.15557E-03 -3.29928E-04 
-1.21107E-03 -3.32356E-04 
-1.27532E-03 -3.32195E-04 
-1.35978E-03 -3.27152E-04 
-1.49365E-03 -3.11131E-04 
-1.70978E-03 -2.75232E-04 
-1.97345E-03 -2.21538E-04 
-2.19544E-03 -1.65932E-04 
-7.44979E-04 -2.45202E-04 
-7.56790E-04 -2.49983E-04 
-7.78111E-04 -2.46401E-04 
-7.91850E-04 -2.52122E-04 
-8.06942E-04 -2.58377E-04 
-8.23542E-04 -2.65098E-04 
-8.41802E-04 -2.72209E-04 
-8.57162E-04 -2.77924E-04 
-8.61867E-04 -2.79623E-04 
-8.85685E-04 -2.87845E-04 
-9.11927E-04 -2.96174E-04 
-9.40742E-04 -3.04464E-04 
-9.72265E-04 -3.12554E-04 
-1.00205E-03 -3.15766E-04 
-1.03953E-03 -3.23174E-04 
-1.08048E-03 -3.29892E-04 
-1.12502E-03 -3.35648E-04 
-1.17334E-03 -3.40145E-04 
-1.22578E-03 -3.43029E-04 
-1.28334E-03 -3.43803E-04 
-1.34951E-03 -3.41432E-04 
-1.43574E-03 -3.32972E-04 
-1.57126E-03 -3.10606E-04 
-1.78857E-03 -2.63321E-04 
-2.05197E-03 -1.94893E-04 
-2.27160E-03 -1.26399E-04 
-7.89961E-04 -2.63040E-04 
-8.02568E-04 -2.68261E-04 
-8.25228E-04 -2.62162E-04 
-8.39989E-04 -2.68330E-04 
-8.56249E-04 -2.75016E-04 
-8.74160E-04 -2.82136E-04 
-8.93868E-04 -2.89600E-04 
-9.10438E-04 -2.95547E-04 
-9.15510E-04 -2.97306E-04 
-9.41161E-04 -3.05757E-04 
-9.69357E-04 -3.14207E-04 
-1.00023E-03 -3.22492E-04 
-1.03389E-03 -3.30430E-04 
-1.06497E-03 -3.33067E-04 
-1.10468E-03 -3.40036E-04 
-1.14789E-03 -3.46081E-04 
-1.19468E-03 -3.50906E-04 
-1.24519E-03 -3.54188E-04 
-1.29969E-03 -3.55542E-04 
-1.35915E-03 -3.54400E-04 
-1.42696E-03 -3.49508E-04 
-1.51452E-03 -3.37191E-04 
-1.65081E-03 -3.07695E-04 
-1.86769E-03 -2.47672E-04 
-2.12861E-03 -1.62909E-04 
-2.34373E-03 -8.03773E-05 
-8.38664E-04 -2.81599E-04 
-8.52116E-04 -2.87326E-04 
-8.75918E-04 -2.78231E-04 
-8.91748E-04 -2.84917E-04 
-9.09233E-04 -2.92088E-04 
-9.28518E-04 -2.99647E-04 
-9.49741E-04 -3.07485E-04 
-9.67572E-04 -3.13668E-04 
-9.73028E-04 -3.15486E-04 
-1.00058E-03 -3.24148E-04 
-1.03080E-03 -3.32680E-04 
-1.06378E-03 -3.40894E-04 
-1.09961E-03 -3.48591E-04 
-1.13192E-03 -3.50592E-04 
-1.17387E-03 -3.56974E-04 
-1.21933E-03 -3.62165E-04 
-1.26832E-03 -3.65850E-04 
-1.32093E-03 -3.67683E-04 
-1.37735E-03 -3.67250E-04 
-1.43848E-03 -3.63909E-04 
-1.50761E-03 -3.56167E-04 
-1.59595E-03 -3.39529E-04 
-1.73199E-03 -3.02082E-04 
-1.94655E-03 -2.27916E-04 
-2.20243E-03 -1.25186E-04 
-2.41058E-03 -2.74936E-05 
-8.92195E-04 -3.01060E-04 
-9.06561E-04 -3.07381E-04 
-9.31204E-04 -2.94752E-04 
-9.48171E-04 -3.02051E-04 
-9.66960E-04 -3.09784E-04 
-9.87708E-04 -3.17834E-04 
-1.01054E-03 -3.26079E-04 
-1.02971E-03 -3.32507E-04 
-1.03557E-03 -3.34384E-04 
-1.06512E-03 -3.43239E-04 
-1.09745E-03 -3.51803E-04 
-1.13262E-03 -3.59867E-04 
-1.17070E-03 -3.67212E-04 
-1.20414E-03 -3.68510E-04 
-1.24838E-03 -3.74111E-04 
-1.29610E-03 -3.78220E-04 
-1.34726E-03 -3.80503E-04 
-1.40186E-03 -3.80595E-04 
-1.46004E-03 -3.78056E-04 
-1.52258E-03 -3.72170E-04 
-1.59265E-03 -3.61177E-04 
-1.68114E-03 -3.39660E-04 
-1.81570E-03 -2.93271E-04 
-2.02565E-03 -2.03275E-04 
-2.27338E-03 -8.06290E-05 
-2.47162E-03 3.35390E-05 
-9.49135E-04 -3.20676E-04 
-9.64466E-04 -3.27671E-04 
-9.89477E-04 -3.11111E-04 
-1.00762E-03 -3.19116E-04 
-1.02776E-03 -3.27479E-04 
-1.05002E-03 -3.36068E-04 
-1.07450E-03 -3.44741E-04 
-1.09504E-03 -3.51412E-04 
-1.10131E-03 -3.53345E-04 
-1.13291E-03 -3.62360E-04 
-1.16738E-03 -3.70892E-04 
-1.20476E-03 -3.78712E-04 
-1.24508E-03 -3.85578E-04 
-1.27949E-03 -3.86135E-04 
-1.32599E-03 -3.90751E-04 
-1.37589E-03 -3.93545E-04 
-1.42908E-03 -3.94169E-04 
-1.48550E-03 -3.92250E-04 
-1.54517E-03 -3.87325E-04 
-1.60878E-03 -3.78605E-04 
-1.67930E-03 -3.64048E-04 
-1.76718E-03 -3.37234E-04 
-1.89888E-03 -2.81184E-04 
-2.10175E-03 -1.74161E-04 
-2.33806E-03 -3.03128E-05 
-2.52339E-03 1.01021E-04 
-1.01050E-03 -3.40589E-04 
-1.02688E-03 -3.48354E-04 
-1.05162E-03 -3.27496E-04 
-1.07101E-03 -3.36322E-04 
-1.09258E-03 -3.45401E-04 
-1.11642E-03 -3.54583E-04 
-1.14265E-03 -3.63706E-04 
-1.16461E-03 -3.70618E-04 
-1.17132E-03 -3.72602E-04 
-1.20504E-03 -3.81730E-04 
-1.24171E-03 -3.90145E-04 
-1.28135E-03 -3.97596E-04 
-1.32392E-03 -4.03821E-04 
-1.35918E-03 -4.03589E-04 
-1.40792E-03 -4.06957E-04 
-1.45993E-03 -4.08143E-04 
-1.51504E-03 -4.06794E-04 
-1.57306E-03 -4.02532E-04 
-1.63394E-03 -3.94882E-04 
-1.69823E-03 -3.82985E-04 
-1.76867E-03 -3.64493E-04 
-1.85510E-03 -3.31894E-04 
-1.98233E-03 -2.65337E-04 
-2.17522E-03 -1.39894E-04 
-2.39627E-03 2.66398E-05 
-2.56524E-03 1.75914E-04 
-1.07647E-03 -3.60627E-04 
-1.09398E-03 -3.69262E-04 
-1.11762E-03 -3.43877E-04 
-1.13835E-03 -3.53647E-04 
-1.16143E-03 -3.63529E-04 
-1.18697E-03 -3.73352E-04 
-1.21502E-03 -3.82938E-04 
-1.23849E-03 -3.90071E-04 
-1.24565E-03 -3.92095E-04 
-1.28158E-03 -4.01262E-04 
-1.32053E-03 -4.09438E-04 
-1.36247E-03 -4.16354E-04 
-1.40733E-03 -4.21730E-04 
-1.44328E-03 -4.20660E-04 
-1.49425E-03 -4.22464E-04 
-1.54828E-03 -4.21697E-04 
-1.60514E-03 -4.18012E-04 
-1.66452E-03 -4.11039E-04 
-1.72628E-03 -4.00299E-04 
-1.79079E-03 -3.84867E-04 
-1.86051E-03 -3.62071E-04 
-1.94450E-03 -3.23213E-04 
-2.06545E-03 -2.45348E-04 
-2.24507E-03 -1.00183E-04 
-2.44657E-03 9.03455E-05 
-2.59535E-03 2.58101E-04 
-1.14715E-03 -3.80616E-04 
-1.16592E-03 -3.90218E-04 
-1.18738E-03 -3.60293E-04 
-1.20956E-03 -3.71126E-04 
-1.23429E-03 -3.81885E-04 
-1.26164E-03 -3.92379E-04 
-1.29165E-03 -4.02409E-04 
-1.31671E-03 -4.09719E-04 
-1.32434E-03 -4.11765E-04 
-1.36259E-03 -4.20848E-04 
-1.40392E-03 -4.28612E-04 
-1.44823E-03 -4.34770E-04 
-1.49540E-03 -4.39029E-04 
-1.53190E-03 -4.37062E-04 
-1.58504E-03 -4.36918E-04 
-1.64098E-03 -4.33795E-04 
-1.69937E-03 -4.27364E-04 
-1.75983E-03 -4.17274E-04 
-1.82205E-03 -4.03057E-04 
-1.88625E-03 -3.83725E-04 
-1.95455E-03 -3.56268E-04 
-2.03499E-03 -3.10714E-04 
-2.14758E-03 -2.20815E-04 
-2.31022E-03 -5.47860E-05 
-2.48737E-03 1.60786E-04 
-2.61176E-03 3.47254E-04 
-1.22271E-03 -4.00414E-04 
-1.24290E-03 -4.11068E-04 
-1.26084E-03 -3.76887E-04 
-1.28463E-03 -3.88883E-04 
-1.31118E-03 -4.00565E-04 
-1.34051E-03 -4.11720E-04 
-1.37264E-03 -4.22129E-04 
-1.39942E-03 -4.29525E-04 
-1.40756E-03 -4.31562E-04 
-1.44828E-03 -4.40371E-04 
-1.49209E-03 -4.47474E-04 
-1.53885E-03 -4.52571E-04 
-1.58837E-03 -4.55364E-04 
-1.62527E-03 -4.52418E-04 
-1.68052E-03 -4.49862E-04 
-1.73822E-03 -4.43911E-04 
-1.79790E-03 -4.34267E-04 
-1.85906E-03 -4.20616E-04 
-1.92126E-03 -4.02513E-04 
-1.98455E-03 -3.78918E-04 
-2.05059E-03 -3.46464E-04 
-2.12622E-03 -2.93828E-04 
-2.22812E-03 -1.91270E-04 
-2.36961E-03 -3.44346E-06 
-2.51704E-03 2.37891E-04 
-2.61246E-03 4.42930E-04 
-1.30299E-03 -4.19827E-04 
-1.32481E-03 -4.31577E-04 
-1.33761E-03 -3.93837E-04 
-1.36325E-03 -4.07046E-04 
-1.39184E-03 -4.19635E-04 
-1.42337E-03 -4.31371E-04 
-1.45783E-03 -4.42014E-04 
-1.48647E-03 -4.49343E-04 
-1.49516E-03 -4.51318E-04 
-1.53853E-03 -4.59565E-04 
-1.58497E-03 -4.65658E-04 
-1.63428E-03 -4.69293E-04 
-1.68618E-03 -4.70176E-04 
-1.72335E-03 -4.66133E-04 
-1.78061E-03 -4.60624E-04 
-1.83985E-03 -4.51312E-04 
-1.90051E-03 -4.37947E-04 
-1.96193E-03 -4.20272E-04 
-2.02356E-03 -3.97882E-04 
-2.08521E-03 -3.69690E-04 
-2.14807E-03 -3.31965E-04 
-2.21747E-03 -2.71966E-04 
-2.30609E-03 -1.56332E-04 
-2.42184E-03 5.38425E-05 
-2.53374E-03 3.21114E-04 
-2.59531E-03 5.44042E-04 
-1.38787E-03 -4.38706E-04 
-1.41157E-03 -4.51536E-04 
-1.41737E-03 -4.11434E-04 
-1.44517E-03 -4.25818E-04 
-1.47610E-03 -4.39201E-04 
-1.51013E-03 -4.51330E-04 
-1.54719E-03 -4.61948E-04 
-1.57788E-03 -4.68964E-04 
-1.58718E-03 -4.70799E-04 
-1.63342E-03 -4.78067E-04 
-1.68266E-03 -4.82673E-04 
-1.73462E-03 -4.84320E-04 
-1.78894E-03 -4.82737E-04 
-1.82627E-03 -4.77427E-04 
-1.88539E-03 -4.68340E-04 
-1.94591E-03 -4.55072E-04 
-2.00713E-03 -4.37446E-04 
-2.06830E-03 -4.15277E-04 
-2.12869E-03 -3.88217E-04 
-2.18788E-03 -3.55146E-04 
-2.24650E-03 -3.11959E-04 
-2.30811E-03 -2.44456E-04 
-2.38062E-03 -1.15581E-04 
-2.46560E-03 1.17022E-04 
-2.53568E-03 4.09754E-04 
-2.55826E-03 6.49278E-04 
-1.47707E-03 -4.56898E-04 
-1.50300E-03 -4.70693E-04 
-1.49974E-03 -4.30013E-04 
-1.53011E-03 -4.45397E-04 
-1.56378E-03 -4.59314E-04 
-1.60068E-03 -4.71495E-04 
-1.64068E-03 -4.81675E-04 
-1.67367E-03 -4.88011E-04 
-1.68363E-03 -4.89591E-04 
-1.73301E-03 -4.95299E-04 
-1.78525E-03 -4.97785E-04 
-1.83998E-03 -4.96779E-04 
-1.89672E-03 -4.92050E-04 
-1.93415E-03 -4.85231E-04 
-1.99490E-03 -4.71869E-04 
-2.05634E-03 -4.54011E-04 
-2.11763E-03 -4.31571E-04 
-2.17789E-03 -4.04460E-04 
-2.23626E-03 -3.72402E-04 
-2.29207E-03 -3.34255E-04 
-2.34529E-03 -2.85537E-04 
-2.39740E-03 -2.10574E-04 
-2.45071E-03 -6.86339E-05 
-2.49952E-03 1.85856E-04 
-2.52107E-03 5.02750E-04 
-2.49936E-03 7.56847E-04 
-1.57042E-03 -4.74256E-04 
-1.59901E-03 -4.88759E-04 
-1.58448E-03 -4.49917E-04 
-1.61796E-03 -4.65927E-04 
-1.65488E-03 -4.79916E-04 
-1.69512E-03 -4.91608E-04 
-1.73849E-03 -5.00734E-04 
-1.77406E-03 -5.05874E-04 
-1.78477E-03 -5.07041E-04 
-1.83759E-03 -5.10412E-04 
-1.89305E-03 -5.09968E-04 
-1.95064E-03 -5.05488E-04 
-2.00979E-03 -4.96805E-04 
-2.04726E-03 -4.88143E-04 
-2.10932E-03 -4.69754E-04 
-2.17120E-03 -4.46650E-04 
-2.23195E-03 -4.18859E-04 
-2.29055E-03 -3.86409E-04 
-2.34599E-03 -3.49110E-04 
-2.39735E-03 -3.05807E-04 
-2.44389E-03 -2.51646E-04 
-2.48463E-03 -1.69498E-04 
-2.51541E-03 -1.50821E-05 
-2.52226E-03 2.60019E-04 
-2.48822E-03 5.98818E-04 
-2.41678E-03 8.64652E-04 
-1.66768E-03 -4.90577E-04 
-1.69946E-03 -5.05335E-04 
-1.67152E-03 -4.71375E-04 
-1.70878E-03 -4.87372E-04 
-1.74958E-03 -5.00709E-04 
-1.79372E-03 -5.11112E-04 
-1.84095E-03 -5.18329E-04 
-1.87941E-03 -5.21579E-04 
-1.89095E-03 -5.22128E-04 
-1.94755E-03 -5.22167E-04 
-2.00641E-03 -5.17797E-04 
-2.06692E-03 -5.08873E-04 
-2.12839E-03 -4.95318E-04 
-2.16587E-03 -4.84380E-04 
-2.22880E-03 -4.60195E-04 
-2.29051E-03 -4.31218E-04 
-2.34993E-03 -3.97610E-04 
-2.40595E-03 -3.59528E-04 
-2.45743E-03 -3.16884E-04 
-2.50317E-03 -2.68513E-04 
-2.54162E-03 -2.09206E-04 
-2.56903E-03 -1.20441E-04 
-2.57379E-03 4.53453E-05 
-2.53262E-03 3.38864E-04 
-2.43575E-03 6.96162E-04 
-2.30921E-03 9.69989E-04 
-1.76834E-03 -5.05370E-04 
-1.80395E-03 -5.19684E-04 
-1.76066E-03 -4.94180E-04 
-1.80251E-03 -5.09201E-04 
-1.84791E-03 -5.20851E-04 
-1.89660E-03 -5.28881E-04 
-1.94821E-03 -5.33069E-04 
-1.98990E-03 -5.33554E-04 
-2.00235E-03 -5.33230E-04 
-2.06301E-03 -5.28732E-04 
-2.12542E-03 -5.19274E-04 
-2.18882E-03 -5.04819E-04 
-2.25239E-03 -4.85407E-04 
-2.28987E-03 -4.71665E-04 
-2.35304E-03 -4.40966E-04 
-2.41378E-03 -4.05580E-04 
-2.47094E-03 -3.65820E-04 
-2.52331E-03 -3.21982E-04 
-2.56964E-03 -2.74081E-04 
-2.60848E-03 -2.20953E-04 
-2.63735E-03 -1.57050E-04 
-2.64938E-03 -6.25837E-05 
-2.62450E-03 1.12856E-04 
-2.52914E-03 4.21532E-04 
-2.36216E-03 7.92628E-04 
-2.17542E-03 1.06974E-03 
-1.87233E-03 -5.18022E-04 
-1.91249E-03 -5.30899E-04 
-1.85243E-03 -5.17753E-04 
-1.89977E-03 -5.30459E-04 
-1.95058E-03 -5.39045E-04 
-2.00447E-03 -5.43306E-04 
-2.06100E-03 -5.43078E-04 
-2.10622E-03 -5.39749E-04 
-2.11965E-03 -5.38250E-04 
-2.18461E-03 -5.27824E-04 
-2.25058E-03 -5.11993E-04 
-2.31668E-03 -4.90853E-04 
-2.38199E-03 -4.64593E-04 
-2.41942E-03 -4.47436E-04 
-2.48198E-03 -4.09625E-04 
-2.54076E-03 -3.67461E-04 
-2.59453E-03 -3.21414E-04 
-2.64202E-03 -2.71922E-04 
-2.68190E-03 -2.19101E-04 
-2.71245E-03 -1.61782E-04 
-2.73020E-03 -9.41209E-05 
-2.72476E-03 4.74682E-06 
-2.66662E-03 1.87455E-04 
-2.51091E-03 5.06868E-04 
-2.26674E-03 8.85690E-04 
-2.01513E-03 1.16043E-03 
-1.97977E-03 -5.27456E-04 
-2.02528E-03 -5.37580E-04 
-1.94779E-03 -5.40704E-04 
-2.00159E-03 -5.49369E-04 
-2.05860E-03 -5.53175E-04 
-2.11833E-03 -5.51987E-04 
-2.18022E-03 -5.45731E-04 
-2.22919E-03 -5.37402E-04 
-2.24363E-03 -5.34394E-04 
-2.31294E-03 -5.16542E-04 
-2.38230E-03 -4.93011E-04 
-2.45071E-03 -4.64060E-04 
-2.51713E-03 -4.30050E-04 
-2.55441E-03 -4.08832E-04 
-2.61528E-03 -3.63532E-04 
-2.67088E-03 -3.14474E-04 
-2.71993E-03 -2.62286E-04 
-2.76115E-03 -2.07535E-04 
-2.79315E-03 -1.50427E-04 
-2.81396E-03 -8.97858E-05 
-2.81904E-03 -1.95185E-05 
-2.79408E-03 8.20430E-05 
-2.69915E-03 2.68919E-04 
-2.47715E-03 5.93423E-04 
-2.14921E-03 9.72502E-04 
-1.82873E-03 1.23835E-03 
-2.09066E-03 -5.32018E-04 
-2.14232E-03 -5.37760E-04 
-2.04782E-03 -5.60654E-04 
-2.10901E-03 -5.63205E-04 
-2.17295E-03 -5.60235E-04 
-2.23903E-03 -5.51713E-04 
-2.30656E-03 -5.37678E-04 
-2.35934E-03 -5.23108E-04 
-2.37481E-03 -5.18249E-04 
-2.44827E-03 -4.91477E-04 
-2.52058E-03 -4.59002E-04 
-2.59062E-03 -4.21268E-04 
-2.65726E-03 -3.78819E-04 
-2.69416E-03 -3.52920E-04 
-2.75201E-03 -3.00076E-04 
-2.80298E-03 -2.44355E-04 
-2.84581E-03 -1.86522E-04 
-2.87925E-03 -1.27257E-04 
-2.90188E-03 -6.68302E-05 
-2.91149E-03 -4.04966E-06 
-2.90240E-03 6.73538E-05 
-2.85601E-03 1.69495E-04 
-2.72099E-03 3.56724E-04 
-2.42725E-03 6.79455E-04 
-2.00971E-03 1.05000E-03 
-1.61730E-03 1.29969E-03 
-2.20573E-03 -5.29357E-04 
-2.26427E-03 -5.28828E-04 
-2.15451E-03 -5.74093E-04 
-2.22384E-03 -5.68219E-04 
-2.29522E-03 -5.56320E-04 
-2.36790E-03 -5.38500E-04 
-2.44107E-03 -5.14944E-04 
-2.49749E-03 -4.92949E-04 
-2.51388E-03 -4.85921E-04 
-2.59096E-03 -4.48905E-04 
-2.66541E-03 -4.06482E-04 
-2.73605E-03 -3.59290E-04 
-2.80170E-03 -3.08056E-04 
-2.83783E-03 -2.76979E-04 
-2.89104E-03 -2.16961E-04 
-2.93572E-03 -1.55229E-04 
-2.97067E-03 -9.26596E-05 
-2.99471E-03 -3.00078E-05 
-3.00646E-03 3.24233E-05 
-3.00349E-03 9.58490E-05 
-2.97884E-03 1.66622E-04 
-2.90930E-03 2.66858E-04 
-2.73129E-03 4.49965E-04 
-2.36108E-03 7.62955E-04 
-1.84920E-03 1.11504E-03 
-1.38292E-03 1.34083E-03 
-2.32599E-03 -5.16381E-04 
-2.39196E-03 -5.07529E-04 
-2.27012E-03 -5.76433E-04 
-2.34805E-03 -5.59738E-04 
-2.42703E-03 -5.36767E-04 
-2.50618E-03 -5.07784E-04 
-2.58459E-03 -4.73140E-04 
-2.64416E-03 -4.42722E-04 
-2.66132E-03 -4.33269E-04 
-2.74103E-03 -3.85020E-04 
-2.81641E-03 -3.32039E-04 
-2.88622E-03 -2.75152E-04 
-2.94929E-03 -2.15253E-04 
-2.98404E-03 -1.78717E-04 
-3.03077E-03 -1.12388E-04 
-3.06732E-03 -4.57670E-05 
-3.09263E-03 2.01996E-05 
-3.10564E-03 8.47260E-05 
-3.10504E-03 1.47516E-04 
-3.08816E-03 2.09814E-04 
-3.04675E-03 2.77939E-04 
-2.95262E-03 3.73471E-04 
-2.72917E-03 5.47420E-04 
-2.27861E-03 8.41768E-04 
-1.66888E-03 1.16460E-03 
-1.12801E-03 1.35850E-03 
-2.45206E-03 -4.89416E-04 
-2.52568E-03 -4.70261E-04 
-2.39640E-03 -5.62242E-04 
-2.48287E-03 -5.32572E-04 
-2.56908E-03 -4.96713E-04 
-2.65405E-03 -4.55105E-04 
-2.73679E-03 -4.08272E-04 
-2.79862E-03 -3.68833E-04 
-2.81626E-03 -3.56823E-04 
-2.89713E-03 -2.96955E-04 
-2.97175E-03 -2.33435E-04 
-3.03893E-03 -1.67249E-04 
-3.09752E-03 -9.94258E-05 
-3.13004E-03 -5.75093E-05 
-3.16828E-03 1.37009E-05 
-3.19482E-03 8.35803E-05 
-3.20875E-03 1.51168E-04 
-3.20920E-03 2.15698E-04 
-3.19495E-03 2.76922E-04 
-3.16312E-03 3.36117E-04 
-3.10408E-03 3.99423E-04 
-2.98439E-03 4.87281E-04 
-2.71394E-03 6.46708E-04 
-2.18072E-03 9.13027E-04 
-1.47167E-03 1.19554E-03 
-8.57224E-04 1.34988E-03 
-2.58571E-03 -4.44141E-04 
-2.66678E-03 -4.12909E-04 
-2.53586E-03 -5.25613E-04 
-2.63022E-03 -4.81220E-04 
-2.72272E-03 -4.31131E-04 
-2.81229E-03 -3.75967E-04 
-2.89787E-03 -3.16422E-04 
-2.96069E-03 -2.67827E-04 
-2.97842E-03 -2.53263E-04 
-3.05844E-03 -1.82056E-04 
-3.13019E-03 -1.08676E-04 
-3.19255E-03 -3.42294E-05 
-3.24447E-03 4.01728E-05 
-3.27363E-03 8.69893E-05 
-3.30125E-03 1.61145E-04 
-3.31583E-03 2.32219E-04 
-3.31669E-03 2.99293E-04 
-3.30313E-03 3.61678E-04 
-3.27409E-03 4.19213E-04 
-3.22646E-03 4.73197E-04 
-3.14916E-03 5.29423E-04 
-3.00328E-03 6.06527E-04 
-2.68480E-03 7.45854E-04 
-2.06759E-03 9.74447E-04 
-1.25905E-03 1.20551E-03 
-5.73195E-04 1.31299E-03 
-2.72782E-03 -3.76261E-04 
-2.81560E-03 -3.31668E-04 
-2.68967E-03 -4.60892E-04 
-2.79054E-03 -4.00772E-04 
-2.88767E-03 -3.35895E-04 
-2.97996E-03 -2.67050E-04 
-3.06633E-03 -1.95082E-04 
-3.12844E-03 -1.37821E-04 
-3.14575E-03 -1.20887E-04 
-3.22246E-03 -3.94560E-05 
-3.28884E-03 4.23128E-05 
-3.34389E-03 1.23255E-04 
-3.38677E-03 2.02239E-04 
-3.41118E-03 2.52988E-04 
-3.42610E-03 3.27680E-04 
-3.42689E-03 3.97508E-04 
-3.41313E-03 4.61657E-04 
-3.38437E-03 5.19567E-04 
-3.33967E-03 5.71195E-04 
-3.27572E-03 6.17840E-04 
-3.17989E-03 6.64761E-04 
-3.00769E-03 7.28098E-04 
-2.64103E-03 8.41825E-04 
-1.94006E-03 1.02322E-03 
-1.03378E-03 1.19229E-03 
-2.80166E-04 1.24655E-03 
-2.87910E-03 -2.81886E-04 
-2.97220E-03 -2.23350E-04 
-2.85820E-03 -3.63393E-04 
-2.96344E-03 -2.87500E-04 
-3.06285E-03 -2.08235E-04 
-3.15534E-03 -1.26527E-04 
-3.23989E-03 -4.33326E-05 
-3.29923E-03 2.14352E-05 
-3.31551E-03 4.03640E-05 
-3.38605E-03 1.30043E-04 
-3.44427E-03 2.17957E-04 
-3.48936E-03 3.02950E-04 
-3.52074E-03 3.83943E-04 
-3.53883E-03 4.37166E-04 
-3.53908E-03 5.09634E-04 
-3.52445E-03 5.75528E-04 
-3.49479E-03 6.34193E-04 
-3.44992E-03 6.85239E-04 
-3.38903E-03 7.28765E-04 
-3.30856E-03 7.66036E-04 
-3.19431E-03 8.01568E-04 
-2.99614E-03 8.48310E-04 
-2.58198E-03 9.31243E-04 
-1.79890E-03 1.05660E-03 
-7.98425E-04 1.15417E-03 
1.80237E-05 1.15001E-03 
-3.03961E-03 -1.58471E-04 
-3.13596E-03 -8.62380E-05 
-3.04054E-03 -2.30372E-04 
-3.14723E-03 -1.39709E-04 
-3.24591E-03 -4.74669E-05 
-3.33554E-03 4.53316E-05 
-3.41518E-03 1.37665E-04 
-3.46940E-03 2.08144E-04 
-3.48399E-03 2.28518E-04 
-3.54522E-03 3.23693E-04 
-3.59233E-03 4.14840E-04 
-3.62477E-03 5.00890E-04 
-3.64225E-03 5.80886E-04 
-3.65233E-03 6.34696E-04 
-3.63618E-03 7.01990E-04 
-3.60478E-03 7.61175E-04 
-3.55829E-03 8.11800E-04 
-3.49676E-03 8.53678E-04 
-3.41951E-03 8.87057E-04 
-3.32269E-03 9.13118E-04 
-3.19051E-03 9.35427E-04 
-2.96721E-03 9.63071E-04 
-2.50705E-03 1.01056E-03 
-1.64499E-03 1.07205E-03 
-5.55549E-04 1.09011E-03 
3.17642E-04 1.02378E-03 
-3.20770E-03 -4.53690E-06 
-3.30467E-03 8.01445E-05 
-3.23376E-03 -6.09820E-05 
-3.33843E-03 4.22893E-05 
-3.43288E-03 1.45028E-04 
-3.51620E-03 2.46171E-04 
-3.58759E-03 3.44694E-04 
-3.63424E-03 4.18500E-04 
-3.64641E-03 4.39609E-04 
-3.69516E-03 5.36853E-04 
-3.72827E-03 6.27787E-04 
-3.74551E-03 7.11499E-04 
-3.74691E-03 7.87220E-04 
-3.74729E-03 8.39393E-04 
-3.71340E-03 8.98548E-04 
-3.66430E-03 9.48326E-04 
-3.60044E-03 9.88513E-04 
-3.52212E-03 1.01914E-03 
-3.42873E-03 1.04060E-03 
-3.31612E-03 1.05392E-03 
-3.16688E-03 1.06152E-03 
-2.91975E-03 1.06801E-03 
-2.41591E-03 1.07616E-03 
-1.47938E-03 1.06735E-03 
-3.07799E-04 9.99774E-04 
6.15049E-04 8.69129E-04 
-3.38080E-03 1.79552E-04 
-3.47523E-03 2.74422E-04 
-3.43354E-03 1.43119E-04 
-3.53225E-03 2.55753E-04 
-3.61867E-03 3.65539E-04 
-3.69204E-03 4.71441E-04 
-3.75178E-03 5.72491E-04 
-3.78838E-03 6.46780E-04 
-3.79747E-03 6.67796E-04 
-3.83067E-03 7.63205E-04 
-3.84711E-03 8.50150E-04 
-3.84691E-03 9.27936E-04 
-3.83041E-03 9.96040E-04 
-3.81956E-03 1.04415E-03 
-3.76703E-03 1.09238E-03 
-3.69978E-03 1.13031E-03 
-3.61849E-03 1.15797E-03 
-3.52367E-03 1.17562E-03 
-3.41478E-03 1.18376E-03 
-3.28731E-03 1.18322E-03 
-3.12225E-03 1.17505E-03 
-2.85305E-03 1.15890E-03 
-2.30864E-03 1.12478E-03 
-1.30348E-03 1.04096E-03 
-5.80362E-05 8.83787E-04 
9.06547E-04 6.88436E-04 
-3.55543E-03 3.90653E-04 
-3.64378E-03 4.92613E-04 
-3.63446E-03 3.77182E-04 
-3.72304E-03 4.95116E-04 
-3.79748E-03 6.07828E-04 
-3.85725E-03 7.14367E-04 
-3.90201E-03 8.13885E-04 
-3.92623E-03 8.85593E-04 
-3.93159E-03 9.05638E-04 
-3.94647E-03 9.95153E-04 
-3.94395E-03 1.07430E-03 
-3.92448E-03 1.14267E-03 
-3.88874E-03 1.19999E-03 
-3.86534E-03 1.24164E-03 
-3.79383E-03 1.27651E-03 
-3.70846E-03 1.30055E-03 
-3.61017E-03 1.31405E-03 
-3.49961E-03 1.31745E-03 
-3.37625E-03 1.31136E-03 
-3.23520E-03 1.29629E-03 
-3.05591E-03 1.27180E-03 
-2.76682E-03 1.23213E-03 
-2.18568E-03 1.15391E-03 
-1.11893E-03 9.92304E-04 
1.90815E-04 7.43935E-04 
1.18856E-03 4.85252E-04 
-3.72493E-03 6.22942E-04 
-3.80365E-03 7.28161E-04 
-3.82813E-03 6.33320E-04 
-3.90260E-03 7.51872E-04 
-3.96144E-03 8.62924E-04 
-4.00437E-03 9.65670E-04 
-4.03132E-03 1.05944E-03 
-4.04126E-03 1.12547E-03 
-4.04238E-03 1.14367E-03 
-4.03685E-03 1.22335E-03 
-4.01377E-03 1.29115E-03 
-3.97393E-03 1.34694E-03 
-3.91833E-03 1.39078E-03 
-3.88153E-03 1.42375E-03 
-3.79135E-03 1.44344E-03 
-3.68856E-03 1.45218E-03 
-3.57426E-03 1.45049E-03 
-3.44923E-03 1.43899E-03 
-3.31288E-03 1.41833E-03 
-3.15994E-03 1.38866E-03 
-2.96835E-03 1.34789E-03 
-2.66202E-03 1.28465E-03 
-2.04877E-03 1.16190E-03 
-9.28814E-04 9.22172E-04 
4.34370E-04 5.83902E-04 
1.45614E-03 2.65270E-04 
-3.88724E-03 8.71556E-04 
-3.95256E-03 9.75916E-04 
-4.01091E-03 9.05292E-04 
-4.06726E-03 1.01966E-03 
-4.10691E-03 1.12444E-03 
-4.12986E-03 1.21902E-03 
-4.13631E-03 1.30294E-03 
-4.13023E-03 1.36036E-03 
-4.12666E-03 1.37590E-03 
-4.09886E-03 1.44208E-03 
-4.05392E-03 1.49531E-03 
-3.99293E-03 1.53576E-03 
-3.91715E-03 1.56379E-03 
-3.86635E-03 1.58613E-03 
-3.75814E-03 1.58925E-03 
-3.63890E-03 1.58170E-03 
-3.50985E-03 1.56422E-03 
-3.37182E-03 1.53756E-03 
-3.22415E-03 1.50236E-03 
-3.06113E-03 1.45835E-03 
-2.85932E-03 1.40168E-03 
-2.53851E-03 1.31520E-03 
-1.89798E-03 1.14816E-03 
-7.33456E-04 8.31111E-04 
6.72062E-04 4.05518E-04 
1.70871E-03 3.11645E-05 
-4.03238E-03 1.12600E-03 
-4.08116E-03 1.22519E-03 
-4.17202E-03 1.18076E-03 
-4.20713E-03 1.28615E-03 
-4.22496E-03 1.38023E-03 
-4.22580E-03 1.46260E-03 
-4.21012E-03 1.53306E-03 
-4.18707E-03 1.57935E-03 
-4.17859E-03 1.59153E-03 
-4.12779E-03 1.64126E-03 
-4.06073E-03 1.67746E-03 
-3.97881E-03 1.70061E-03 
-3.88349E-03 1.71137E-03 
-3.81878E-03 1.72171E-03 
-3.69395E-03 1.70770E-03 
-3.55991E-03 1.68370E-03 
-3.41795E-03 1.65059E-03 
-3.26890E-03 1.60924E-03 
-3.11198E-03 1.56019E-03 
-2.94105E-03 1.50273E-03 
-2.73139E-03 1.43118E-03 
-2.39928E-03 1.32268E-03 
-1.73706E-03 1.11318E-03 
-5.37822E-04 7.22329E-04 
8.97840E-04 2.15034E-04 
1.93994E-03 -2.08903E-04 
-4.15540E-03 1.37917E-03 
-4.18490E-03 1.46897E-03 
-4.30577E-03 1.45134E-03 
-4.31712E-03 1.54330E-03 
-4.31112E-03 1.62262E-03 
-4.28834E-03 1.68919E-03 
-4.24952E-03 1.74303E-03 
-4.20907E-03 1.77608E-03 
-4.19559E-03 1.78435E-03 
-4.12172E-03 1.81525E-03 
-4.03297E-03 1.83259E-03 
-3.93092E-03 1.83713E-03 
-3.81724E-03 1.82976E-03 
-3.73915E-03 1.82720E-03 
-3.59955E-03 1.79613E-03 
-3.45272E-03 1.75607E-03 
-3.29999E-03 1.70803E-03 
-3.14213E-03 1.65291E-03 
-2.97820E-03 1.59114E-03 
-2.80165E-03 1.52150E-03 
-2.58664E-03 1.43651E-03 
-2.24655E-03 1.30773E-03 
-1.56849E-03 1.05856E-03 
-3.44795E-04 5.99023E-04 
1.10857E-03 1.73604E-05 
2.14682E-03 -4.49083E-04 
-4.25024E-03 1.62171E-03 
-4.25833E-03 1.69834E-03 
-4.40583E-03 1.70697E-03 
-4.39173E-03 1.78168E-03 
-4.36076E-03 1.84294E-03 
-4.31376E-03 1.89088E-03 
-4.25167E-03 1.92577E-03 
-4.19399E-03 1.94410E-03 
-4.17563E-03 1.94807E-03 
-4.07942E-03 1.95866E-03 
-3.97011E-03 1.95616E-03 
-3.84942E-03 1.94158E-03 
-3.71913E-03 1.91601E-03 
-3.62872E-03 1.90026E-03 
-3.47658E-03 1.85285E-03 
-3.31931E-03 1.79773E-03 
-3.15821E-03 1.73598E-03 
-2.99394E-03 1.66848E-03 
-2.82539E-03 1.59553E-03 
-2.64560E-03 1.51534E-03 
-2.42779E-03 1.41868E-03 
-2.08315E-03 1.27188E-03 
-1.39533E-03 9.86779E-04 
-1.57785E-04 4.65281E-04 
1.30069E-03 -1.81761E-04 
2.32609E-03 -6.82814E-04 
-4.31441E-03 1.84435E-03 
-4.29969E-03 1.90470E-03 
-4.46996E-03 1.93819E-03 
-4.42942E-03 1.99272E-03 
-4.37296E-03 2.03348E-03 
-4.30163E-03 2.06086E-03 
-4.21661E-03 2.07539E-03 
-4.14226E-03 2.07823E-03 
-4.11921E-03 2.07773E-03 
-4.00190E-03 2.06748E-03 
-3.87361E-03 2.04508E-03 
-3.73616E-03 2.01170E-03 
-3.59138E-03 1.96861E-03 
-3.49001E-03 1.93998E-03 
-3.32783E-03 1.87755E-03 
-3.16267E-03 1.80889E-03 
-2.99573E-03 1.73510E-03 
-2.82755E-03 1.65700E-03 
-2.65679E-03 1.57471E-03 
-2.47614E-03 1.48587E-03 
-2.25808E-03 1.37960E-03 
-1.91235E-03 1.21744E-03 
-1.22096E-03 9.00939E-04 
1.97163E-05 3.25548E-04 
1.47081E-03 -3.76575E-04 
2.47479E-03 -9.03813E-04 
-4.34003E-03 2.04034E-03 
-4.30190E-03 2.08190E-03 
-4.49062E-03 2.13798E-03 
-4.42383E-03 2.17015E-03 
-4.34259E-03 2.18881E-03 
-4.24818E-03 2.19457E-03 
-4.14190E-03 2.18816E-03 
-4.05239E-03 2.17537E-03 
-4.02512E-03 2.17040E-03 
-3.88910E-03 2.13962E-03 
-3.74441E-03 2.09800E-03 
-3.59291E-03 2.04688E-03 
-3.43640E-03 1.98760E-03 
-3.32601E-03 1.94694E-03 
-3.15665E-03 1.87129E-03 
-2.98637E-03 1.79103E-03 
-2.81627E-03 1.70721E-03 
-2.64672E-03 1.62057E-03 
-2.47617E-03 1.53100E-03 
-2.29698E-03 1.43560E-03 
-2.08116E-03 1.32197E-03 
-1.73773E-03 1.14739E-03 
-1.04893E-03 8.04657E-04 
1.84220E-04 1.84488E-04 
1.61578E-03 -5.61464E-04 
2.59037E-03 -1.10622E-03 
-4.32546E-03 2.20101E-03 
-4.26492E-03 2.22281E-03 
-4.46839E-03 2.29903E-03 
-4.37713E-03 2.30834E-03 
-4.27312E-03 2.30475E-03 
-4.15771E-03 2.28906E-03 
-4.03235E-03 2.26217E-03 
-3.92946E-03 2.23433E-03 
-3.89852E-03 2.22511E-03 
-3.74647E-03 2.17496E-03 
-3.58820E-03 2.11560E-03 
-3.42554E-03 2.04846E-03 
-3.26022E-03 1.97491E-03 
-3.14290E-03 1.92357E-03 
-2.96921E-03 1.83695E-03 
-2.79656E-03 1.74737E-03 
-2.62589E-03 1.65581E-03 
-2.45740E-03 1.56288E-03 
-2.28930E-03 1.46822E-03 
-2.11373E-03 1.36845E-03 
-1.90241E-03 1.24981E-03 
-1.56445E-03 1.06602E-03 
-8.84152E-04 7.02829E-04 
3.31333E-04 4.80233E-05 
1.73213E-03 -7.29678E-04 
2.67048E-03 -1.28326E-03 
-4.27350E-03 2.32586E-03 
-4.19148E-03 2.32696E-03 
-4.40571E-03 2.42057E-03 
-4.29116E-03 2.40654E-03 
-4.16586E-03 2.38072E-03 
-4.03128E-03 2.34406E-03 
-3.88894E-03 2.29759E-03 
-3.77446E-03 2.25562E-03 
-3.74039E-03 2.24244E-03 
-3.57499E-03 2.17456E-03 
-3.40594E-03 2.09935E-03 
-3.23494E-03 2.01823E-03 
-3.06363E-03 1.93259E-03 
-2.94149E-03 1.87214E-03 
-2.76623E-03 1.77689E-03 
-2.59383E-03 1.68032E-03 
-2.42507E-03 1.58329E-03 
-2.25991E-03 1.48627E-03 
-2.09640E-03 1.38866E-03 
-1.92645E-03 1.28660E-03 
-1.72179E-03 1.16521E-03 
-1.39237E-03 9.75282E-04 
-7.26336E-04 5.97247E-04 
4.61511E-04 -8.23335E-05 
1.82052E-03 -8.80134E-04 
2.71598E-03 -1.43435E-03 
-4.18111E-03 2.40971E-03 
-4.07942E-03 2.39077E-03 
-4.30036E-03 2.49890E-03 
-4.16508E-03 2.46252E-03 
-4.02132E-03 2.41575E-03 
-3.87067E-03 2.35968E-03 
-3.71469E-03 2.29546E-03 
-3.59129E-03 2.24094E-03 
-3.55487E-03 2.22429E-03 
-3.37983E-03 2.14106E-03 
-3.20358E-03 2.05247E-03 
-3.02770E-03 1.95992E-03 
-2.85363E-03 1.86475E-03 
-2.72908E-03 1.79709E-03 
-2.55505E-03 1.69576E-03 
-2.38547E-03 1.59465E-03 
-2.22090E-03 1.49451E-03 
-2.06115E-03 1.39563E-03 
-1.90406E-03 1.29716E-03 
-1.74145E-03 1.19485E-03 
-1.54526E-03 1.07289E-03 
-1.22706E-03 8.79977E-04 
-5.80510E-04 4.93020E-04 
5.70735E-04 -2.00952E-04 
1.87843E-03 -1.00698E-03 
2.72587E-03 -1.55407E-03 
-4.05103E-03 2.45148E-03 
-3.93181E-03 2.41336E-03 
-4.15626E-03 2.53337E-03 
-4.00355E-03 2.47648E-03 
-3.84486E-03 2.41092E-03 
-3.68178E-03 2.33786E-03 
-3.51572E-03 2.25846E-03 
-3.38601E-03 2.19337E-03 
-3.34798E-03 2.17381E-03 
-3.16669E-03 2.07796E-03 
-2.98647E-03 1.97874E-03 
-2.80874E-03 1.87751E-03 
-2.63478E-03 1.77548E-03 
-2.51002E-03 1.70263E-03 
-2.33970E-03 1.59773E-03 
-2.17519E-03 1.49447E-03 
-2.01685E-03 1.39344E-03 
-1.86428E-03 1.29476E-03 
-1.71516E-03 1.19736E-03 
-1.56131E-03 1.09663E-03 
-1.37513E-03 9.76132E-04 
-1.07052E-03 7.83180E-04 
-4.48176E-04 3.93020E-04 
6.58318E-04 -3.05311E-04 
1.90624E-03 -1.10832E-03 
2.70144E-03 -1.64127E-03 
-3.88772E-03 2.45318E-03 
-3.75523E-03 2.39836E-03 
-3.98093E-03 2.52775E-03 
-3.81475E-03 2.45263E-03 
-3.64493E-03 2.37073E-03 
-3.47279E-03 2.28319E-03 
-3.29963E-03 2.19107E-03 
-3.16580E-03 2.11736E-03 
-3.12678E-03 2.09549E-03 
-2.94218E-03 1.98985E-03 
-2.76080E-03 1.88284E-03 
-2.58392E-03 1.77568E-03 
-2.41255E-03 1.66945E-03 
-2.28949E-03 1.59345E-03 
-2.12498E-03 1.48739E-03 
-1.96741E-03 1.38421E-03 
-1.81691E-03 1.28434E-03 
-1.67292E-03 1.18771E-03 
-1.53300E-03 1.09307E-03 
-1.38899E-03 9.95540E-04 
-1.21401E-03 8.78264E-04 
-9.24936E-04 6.87990E-04 
-3.30904E-04 3.00044E-04 
7.23782E-04 -3.93137E-04 
1.90485E-03 -1.18269E-03 
2.64473E-03 -1.69539E-03 
-3.69654E-03 2.41768E-03 
-3.55255E-03 2.34787E-03 
-3.77574E-03 2.48394E-03 
-3.59863E-03 2.39330E-03 
-3.42062E-03 2.29791E-03 
-3.24277E-03 2.19873E-03 
-3.06625E-03 2.09689E-03 
-2.93124E-03 2.01695E-03 
-2.89209E-03 1.99346E-03 
-2.70808E-03 1.88127E-03 
-2.52912E-03 1.76953E-03 
-2.35621E-03 1.65928E-03 
-2.19016E-03 1.55142E-03 
-2.07080E-03 1.47414E-03 
-1.91409E-03 1.36906E-03 
-1.76511E-03 1.26790E-03 
-1.62385E-03 1.17094E-03 
-1.48958E-03 1.07793E-03 
-1.35976E-03 9.87457E-04 
-1.22638E-03 8.94447E-04 
-1.06351E-03 7.81895E-04 
-7.91553E-04 5.96718E-04 
-2.29334E-04 2.15979E-04 
7.67499E-04 -4.63260E-04 
1.87588E-03 -1.22991E-03 
2.55833E-03 -1.71717E-03 
-3.47973E-03 2.34829E-03 
-3.32890E-03 2.26651E-03 
-3.54918E-03 2.40731E-03 
-3.36637E-03 2.30447E-03 
-3.18404E-03 2.19845E-03 
-3.00360E-03 2.09052E-03 
-2.82619E-03 1.98165E-03 
-2.69168E-03 1.89740E-03 
-2.65288E-03 1.87284E-03 
-2.47167E-03 1.75669E-03 
-2.29736E-03 1.64284E-03 
-2.13062E-03 1.53209E-03 
-1.97194E-03 1.42509E-03 
-1.85796E-03 1.34853E-03 
-1.71064E-03 1.24653E-03 
-1.57158E-03 1.14923E-03 
-1.44059E-03 1.05675E-03 
-1.31683E-03 9.68711E-04 
-1.19771E-03 8.83557E-04 
-1.07545E-03 7.96133E-04 
-9.25227E-04 6.89524E-04 
-6.71561E-04 5.11525E-04 
-1.43925E-04 1.42461E-04 
7.90277E-04 -5.14964E-04 
1.82165E-03 -1.25048E-03 
2.44566E-03 -1.70816E-03 
-3.24584E-03 2.24829E-03 
-3.09135E-03 2.15806E-03 
-3.30607E-03 2.30212E-03 
-3.12061E-03 2.19089E-03 
-2.93782E-03 2.07826E-03 
-2.75863E-03 1.96521E-03 
-2.58392E-03 1.85273E-03 
-2.45245E-03 1.76665E-03 
-2.41469E-03 1.74169E-03 
-2.23922E-03 1.62450E-03 
-2.07178E-03 1.51085E-03 
-1.91289E-03 1.40145E-03 
-1.76294E-03 1.29688E-03 
-1.65532E-03 1.22215E-03 
-1.51827E-03 1.12451E-03 
-1.38982E-03 1.03222E-03 
-1.26962E-03 9.45241E-04 
-1.15670E-03 8.63050E-04 
-1.04849E-03 7.83974E-04 
-9.37468E-04 7.02844E-04 
-8.00121E-04 6.03062E-04 
-5.65480E-04 4.33936E-04 
-7.44726E-05 8.03970E-05 
7.93565E-04 -5.48403E-04 
1.74508E-03 -1.24587E-03 
2.31065E-03 -1.67087E-03 
-2.99929E-03 2.12593E-03 
-2.84502E-03 2.03029E-03 
-3.05350E-03 2.17570E-03 
-2.86859E-03 2.05840E-03 
-2.68762E-03 1.94127E-03 
-2.51180E-03 1.82543E-03 
-2.34197E-03 1.71157E-03 
-2.21524E-03 1.62542E-03 
-2.17901E-03 1.60061E-03 
-2.01162E-03 1.48495E-03 
-1.85327E-03 1.37404E-03 
-1.70420E-03 1.26838E-03 
-1.56449E-03 1.16832E-03 
-1.46434E-03 1.09697E-03 
-1.33842E-03 1.00516E-03 
-1.22116E-03 9.19067E-04 
-1.11209E-03 8.38519E-04 
-1.01018E-03 7.62894E-04 
-9.12854E-04 6.90454E-04 
-8.12983E-04 6.16102E-04 
-6.88479E-04 5.23768E-04 
-4.73240E-04 3.64852E-04 
-2.02238E-05 3.00542E-05 
7.79309E-04 -5.64429E-04 
1.64945E-03 -1.21829E-03 
2.15744E-03 -1.60850E-03 
-2.74906E-03 1.98665E-03 
-2.59599E-03 1.88714E-03 
-2.79584E-03 2.03167E-03 
-2.61515E-03 1.91212E-03 
-2.44025E-03 1.79467E-03 
-2.27135E-03 1.67935E-03 
-2.10913E-03 1.56685E-03 
-1.98871E-03 1.48235E-03 
-1.95437E-03 1.45811E-03 
-1.79637E-03 1.34578E-03 
-1.64791E-03 1.23910E-03 
-1.50933E-03 1.13854E-03 
-1.38049E-03 1.04423E-03 
-1.28825E-03 9.77156E-04 
-1.17364E-03 8.91959E-04 
-1.06760E-03 8.12680E-04 
-9.69538E-04 7.39021E-04 
-8.78367E-04 6.70272E-04 
-7.91593E-04 6.04674E-04 
-7.02481E-04 5.37267E-04 
-5.90496E-04 4.52695E-04 
-3.94631E-04 3.04928E-04 
1.97849E-05 -8.63063E-06 
7.49792E-04 -5.64360E-04 
1.53853E-03 -1.17052E-03 
1.99071E-03 -1.52485E-03 
-2.50129E-03 1.83811E-03 
-2.35278E-03 1.73812E-03 
-2.54275E-03 1.88005E-03 
-2.36784E-03 1.76001E-03 
-2.19967E-03 1.64323E-03 
-2.03837E-03 1.52989E-03 
-1.88482E-03 1.42059E-03 
-1.77182E-03 1.33934E-03 
-1.73975E-03 1.31615E-03 
-1.59287E-03 1.20928E-03 
-1.45579E-03 1.10853E-03 
-1.32855E-03 1.01422E-03 
-1.21103E-03 9.26504E-04 
-1.12709E-03 8.64348E-04 
-1.02393E-03 7.86349E-04 
-9.29005E-04 7.14262E-04 
-8.41700E-04 6.47710E-04 
-7.60889E-04 5.85929E-04 
-6.84184E-04 5.27166E-04 
-6.05305E-04 4.66672E-04 
-5.05355E-04 3.89959E-04 
-3.28583E-04 2.53961E-04 
4.71560E-05 -3.64701E-05 
7.07550E-04 -5.50090E-04 
1.41586E-03 -1.10569E-03 
1.81454E-03 -1.42382E-03 
-2.26127E-03 1.68526E-03 
-2.12034E-03 1.58794E-03 
-2.29988E-03 1.72647E-03 
-2.13269E-03 1.60857E-03 
-1.97252E-03 1.49415E-03 
-1.82077E-03 1.38447E-03 
-1.67747E-03 1.27981E-03 
-1.57244E-03 1.20252E-03 
-1.54273E-03 1.18057E-03 
-1.40709E-03 1.07990E-03 
-1.28137E-03 9.85827E-04 
-1.16562E-03 8.98646E-04 
-1.05942E-03 8.18200E-04 
-9.83634E-04 7.61345E-04 
-8.91429E-04 6.90714E-04 
-8.07053E-04 6.25841E-04 
-7.29832E-04 5.66291E-04 
-6.58642E-04 5.11264E-04 
-5.91222E-04 4.59053E-04 
-5.21778E-04 4.05172E-04 
-4.33079E-04 3.36116E-04 
-2.74635E-04 2.12055E-04 
6.33498E-05 -5.42726E-05 
6.55827E-04 -5.24065E-04 
1.28662E-03 -1.02810E-03 
1.63522E-03 -1.31087E-03 
-2.03009E-03 1.53144E-03 
-1.89730E-03 1.43772E-03 
-2.06507E-03 1.57080E-03 
-1.90779E-03 1.45702E-03 
-1.75819E-03 1.34765E-03 
-1.61689E-03 1.24360E-03 
-1.48412E-03 1.14518E-03 
-1.38724E-03 1.07273E-03 
-1.35992E-03 1.05219E-03 
-1.23606E-03 9.58673E-04 
-1.12228E-03 8.72168E-04 
-1.01805E-03 7.92431E-04 
-9.22932E-04 7.19305E-04 
-8.55111E-04 6.67737E-04 
-7.73430E-04 6.04362E-04 
-6.99063E-04 5.46514E-04 
-6.31307E-04 4.93705E-04 
-5.69060E-04 4.45113E-04 
-5.10209E-04 3.99099E-04 
-4.49475E-04 3.51482E-04 
-3.71324E-04 2.89839E-04 
-2.30539E-04 1.77804E-04 
7.04845E-05 -6.36425E-05 
5.96507E-04 -4.88230E-04 
1.15234E-03 -9.40004E-04 
1.45385E-03 -1.18831E-03 
-1.81409E-03 1.38291E-03 
-1.68942E-03 1.29305E-03 
-1.84515E-03 1.42013E-03 
-1.69874E-03 1.31229E-03 
-1.56002E-03 1.20926E-03 
-1.43000E-03 1.11176E-03 
-1.30865E-03 1.01985E-03 
-1.22070E-03 9.52802E-04 
-1.19596E-03 9.33895E-04 
-1.08399E-03 8.48142E-04 
-9.81415E-04 7.69150E-04 
-8.87925E-04 6.96790E-04 
-8.03138E-04 6.30918E-04 
-7.42726E-04 5.84581E-04 
-6.70812E-04 5.28259E-04 
-6.05616E-04 4.77092E-04 
-5.46425E-04 4.30568E-04 
-4.92207E-04 3.87902E-04 
-4.41018E-04 3.47555E-04 
-3.88099E-04 3.05685E-04 
-3.19597E-04 2.51010E-04 
-1.95444E-04 1.50732E-04 
7.02176E-05 -6.58336E-05 
5.32699E-04 -4.45257E-04 
1.01765E-03 -8.45618E-04 
1.27586E-03 -1.06123E-03 
-1.61807E-03 1.24539E-03 
-1.50167E-03 1.16016E-03 
-1.64221E-03 1.27762E-03 
-1.50688E-03 1.17605E-03 
-1.38004E-03 1.08007E-03 
-1.26133E-03 9.89653E-04 
-1.15124E-03 9.05441E-04 
-1.07163E-03 8.44275E-04 
-1.04928E-03 8.27040E-04 
-9.48495E-04 7.48930E-04 
-8.56758E-04 6.77374E-04 
-7.73722E-04 6.12335E-04 
-6.98836E-04 5.53513E-04 
-6.45347E-04 5.12083E-04 
-5.82285E-04 4.62217E-04 
-5.25333E-04 4.17131E-04 
-4.73810E-04 3.76317E-04 
-4.26726E-04 3.38994E-04 
-3.82310E-04 3.03726E-04 
-3.36325E-04 2.67032E-04 
-2.76554E-04 2.18797E-04 
-1.67886E-04 1.29815E-04 
6.43656E-05 -6.23524E-05 
4.66871E-04 -3.97535E-04 
8.85634E-04 -7.48245E-04 
1.10452E-03 -9.33361E-04 
-1.44007E-03 1.11842E-03 
-1.33407E-03 1.03979E-03 
-1.45926E-03 1.14675E-03 
-1.33345E-03 1.05089E-03 
-1.21760E-03 9.62142E-04 
-1.11053E-03 8.79655E-04 
-1.01138E-03 8.02753E-04 
-9.40219E-04 7.47269E-04 
-9.20303E-04 7.31695E-04 
-8.30565E-04 6.61370E-04 
-7.49102E-04 5.97267E-04 
-6.75456E-04 5.39055E-04 
-6.09252E-04 4.86586E-04 
-5.61802E-04 4.49534E-04 
-5.06610E-04 4.05539E-04 
-4.56940E-04 3.65918E-04 
-4.12116E-04 3.30153E-04 
-3.71223E-04 2.97509E-04 
-3.32673E-04 2.66678E-04 
-2.92737E-04 2.34548E-04 
-2.40769E-04 1.92168E-04 
-1.46353E-04 1.13867E-04 
5.47274E-05 -5.48047E-05 
4.01352E-04 -3.47439E-04 
7.59102E-04 -6.51025E-04 
9.42706E-04 -8.08129E-04 
-1.27917E-03 1.00239E-03 
-1.18523E-03 9.32014E-04 
-1.29700E-03 1.02965E-03 
-1.18096E-03 9.39956E-04 
-1.07482E-03 8.57375E-04 
-9.77706E-04 7.81456E-04 
-8.88897E-04 7.11879E-04 
-8.25439E-04 6.61998E-04 
-8.07676E-04 6.47997E-04 
-7.27689E-04 5.84705E-04 
-6.55340E-04 5.27139E-04 
-5.90306E-04 4.75243E-04 
-5.32123E-04 4.28746E-04 
-4.90147E-04 3.95714E-04 
-4.41975E-04 3.57030E-04 
-3.98708E-04 3.22275E-04 
-3.59713E-04 2.90946E-04 
-3.24162E-04 2.62369E-04 
-2.90654E-04 2.35374E-04 
-2.55955E-04 2.07224E-04 
-2.10903E-04 1.70111E-04 
-1.29473E-04 1.01772E-04 
4.28793E-05 -4.46428E-05 
3.38105E-04 -2.97052E-04 
6.40322E-04 -5.56647E-04 
7.92665E-04 -6.88415E-04 
-1.13814E-03 9.00056E-04 
-1.05180E-03 8.34658E-04 
-1.15157E-03 9.23546E-04 
-1.04768E-03 8.42435E-04 
-9.51707E-04 7.66976E-04 
-8.63904E-04 6.97481E-04 
-7.83249E-04 6.33439E-04 
-7.26253E-04 5.88128E-04 
-7.10458E-04 5.75564E-04 
-6.39196E-04 5.18647E-04 
-5.75101E-04 4.67193E-04 
-5.17738E-04 4.21014E-04 
-4.66561E-04 3.79758E-04 
-4.29251E-04 3.50117E-04 
-3.87046E-04 3.15924E-04 
-3.49213E-04 2.85276E-04 
-3.15155E-04 2.57689E-04 
-2.84119E-04 2.32538E-04 
-2.54883E-04 2.08785E-04 
-2.24672E-04 1.84054E-04 
-1.85702E-04 1.51623E-04 
-1.15987E-04 9.24556E-05 
3.02067E-05 -3.32007E-05 
2.78759E-04 -2.48199E-04 
5.31072E-04 -4.67372E-04 
6.56060E-04 -5.76562E-04 
-1.01558E-03 8.11286E-04 
-9.33974E-04 7.48600E-04 
-1.02128E-03 8.27657E-04 
-9.28885E-04 7.54766E-04 
-8.43510E-04 6.87054E-04 
-7.64542E-04 6.24032E-04 
-6.92014E-04 5.65806E-04 
-6.40618E-04 5.24418E-04 
-6.26384E-04 5.12934E-04 
-5.63098E-04 4.61781E-04 
-5.06376E-04 4.15809E-04 
-4.55522E-04 3.74474E-04 
-4.10229E-04 3.37610E-04 
-3.76874E-04 3.10840E-04 
-3.39877E-04 2.80608E-04 
-3.06757E-04 2.53546E-04 
-2.76927E-04 2.29170E-04 
-2.49731E-04 2.06929E-04 
-2.24121E-04 1.85925E-04 
-1.97756E-04 1.64128E-04 
-1.64112E-04 1.35842E-04 
-1.04872E-04 8.50253E-05 
1.77891E-05 -2.15585E-05 
2.24516E-04 -2.02316E-04 
4.32573E-04 -3.84931E-04 
5.33931E-04 -4.74300E-04 
-9.11631E-04 7.36379E-04 
-8.32431E-04 6.74616E-04 
-9.04216E-04 7.40920E-04 
-8.22002E-04 6.75268E-04 
-7.45943E-04 6.14368E-04 
-6.77100E-04 5.58978E-04 
-6.12486E-04 5.06536E-04 
-5.66577E-04 4.69174E-04 
-5.53784E-04 4.58744E-04 
-4.96958E-04 4.12333E-04 
-4.46623E-04 3.71112E-04 
-4.01743E-04 3.34256E-04 
-3.61760E-04 3.01384E-04 
-3.31927E-04 2.77173E-04 
-2.99357E-04 2.50293E-04 
-2.70127E-04 2.26158E-04 
-2.43795E-04 2.04411E-04 
-2.19793E-04 1.84567E-04 
-1.97229E-04 1.65855E-04 
-1.74145E-04 1.46560E-04 
-1.45148E-04 1.21922E-04 
-9.51892E-05 7.86281E-05 
6.55888E-06 -1.06865E-05 
1.76302E-04 -1.60596E-04 
3.45638E-04 -3.10660E-04 
4.26845E-04 -3.82879E-04 
-8.22776E-04 6.72808E-04 
-7.45284E-04 6.11339E-04 
-8.00677E-04 6.63752E-04 
-7.27706E-04 6.04912E-04 
-6.60043E-04 5.50089E-04 
-5.98215E-04 4.99789E-04 
-5.41466E-04 4.53360E-04 
-5.00810E-04 4.19923E-04 
-4.89486E-04 4.10590E-04 
-4.39064E-04 3.68942E-04 
-3.93956E-04 3.31525E-04 
-3.54061E-04 2.98391E-04 
-3.18741E-04 2.69027E-04 
-2.91998E-04 2.47039E-04 
-2.63311E-04 2.23106E-04 
-2.37526E-04 2.01577E-04 
-2.14268E-04 1.82145E-04 
-1.93049E-04 1.64390E-04 
-1.73129E-04 1.47666E-04 
-1.52905E-04 1.30559E-04 
-1.27990E-04 1.09160E-04 
-8.62206E-05 7.26024E-05 
-2.86742E-06 -1.26453E-06 
1.34563E-04 -1.23769E-04 
2.70427E-04 -2.45251E-04 
3.34646E-04 -3.02823E-04 
-7.44417E-04 6.16597E-04 
-6.70335E-04 5.57035E-04 
-7.10154E-04 5.95964E-04 
-6.44210E-04 5.42172E-04 
-5.83737E-04 4.92557E-04 
-5.27858E-04 4.46511E-04 
-4.77400E-04 4.04804E-04 
-4.42252E-04 3.75681E-04 
-4.32400E-04 3.67493E-04 
-3.87876E-04 3.30300E-04 
-3.48177E-04 2.97016E-04 
-3.12797E-04 2.67281E-04 
-2.81338E-04 2.40800E-04 
-2.56986E-04 2.20456E-04 
-2.31440E-04 1.98855E-04 
-2.08510E-04 1.79454E-04 
-1.87826E-04 1.61938E-04 
-1.68974E-04 1.45947E-04 
-1.51329E-04 1.30932E-04 
-1.33588E-04 1.15731E-04 
-1.12230E-04 9.71818E-05 
-7.75653E-05 6.65522E-05 
-1.00500E-05 6.18728E-06 
9.97911E-05 -9.25668E-05 
2.07386E-04 -1.89568E-04 
2.57594E-04 -2.34918E-04 
-6.72766E-04 5.64694E-04 
-6.04500E-04 5.09206E-04 
-6.27675E-04 5.33440E-04 
-5.68211E-04 4.84394E-04 
-5.16872E-04 4.41987E-04 
-4.65514E-04 3.99076E-04 
-4.20182E-04 3.61086E-04 
-3.88195E-04 3.34196E-04 
-3.79471E-04 3.26857E-04 
-3.41207E-04 2.94612E-04 
-3.06425E-04 2.65119E-04 
-2.74956E-04 2.38323E-04 
-2.46852E-04 2.14329E-04 
-2.24771E-04 1.95577E-04 
-2.02101E-04 1.76139E-04 
-1.81748E-04 1.58672E-04 
-1.63382E-04 1.42892E-04 
-1.46651E-04 1.28492E-04 
-1.31051E-04 1.15025E-04 
-1.15541E-04 1.01555E-04 
-9.73449E-05 8.55700E-05 
-6.88864E-05 6.01874E-05 
-1.50113E-05 1.16111E-05 
7.13168E-05 -6.66284E-05 
1.55084E-04 -1.42732E-04 
1.93744E-04 -1.77901E-04 
-6.05115E-04 5.14618E-04 
-5.44122E-04 4.64648E-04 
-5.53627E-04 4.76522E-04 
-4.98573E-04 4.30554E-04 
-4.55697E-04 3.94918E-04 
-4.10995E-04 3.57229E-04 
-3.70483E-04 3.22894E-04 
-3.41616E-04 2.98263E-04 
-3.33626E-04 2.91432E-04 
-2.98227E-04 2.61106E-04 
-2.67509E-04 2.34729E-04 
-2.39462E-04 2.10492E-04 
-2.14555E-04 1.88923E-04 
-1.94696E-04 1.71786E-04 
-1.74676E-04 1.54380E-04 
-1.56693E-04 1.38726E-04 
-1.40472E-04 1.24585E-04 
-1.25715E-04 1.11696E-04 
-1.12014E-04 9.96963E-05 
-9.85498E-05 8.78440E-05 
-8.31744E-05 7.41804E-05 
-6.00709E-05 5.33842E-05 
-1.77065E-05 1.48815E-05 
4.90388E-05 -4.60633E-05 
1.13185E-04 -1.04760E-04 
1.42527E-04 -1.31634E-04 
-5.39770E-04 4.64856E-04 
-4.87038E-04 4.21488E-04 
-4.87425E-04 4.24870E-04 
-4.32708E-04 3.78492E-04 
-3.96168E-04 3.47850E-04 
-3.60015E-04 3.17156E-04 
-3.23557E-04 2.85893E-04 
-2.98006E-04 2.63862E-04 
-2.90816E-04 2.57630E-04 
-2.59040E-04 2.30015E-04 
-2.30836E-04 2.05375E-04 
-2.06171E-04 1.83755E-04 
-1.84166E-04 1.64421E-04 
-1.66445E-04 1.48889E-04 
-1.48897E-04 1.33413E-04 
-1.33125E-04 1.19480E-04 
-1.18909E-04 1.06902E-04 
-1.06006E-04 9.54655E-05 
-9.40897E-05 8.48768E-05 
-8.25244E-05 7.45573E-05 
-6.96751E-05 6.30066E-05 
-5.11617E-05 4.61912E-05 
-1.83784E-05 1.61704E-05 
3.23225E-05 -3.04478E-05 
8.05776E-05 -7.48997E-05 
1.02507E-04 -9.51148E-05 
-4.76330E-04 4.15144E-04 
-4.31095E-04 3.77781E-04 
-4.26661E-04 3.76481E-04 
-3.71098E-04 3.28686E-04 
-3.37681E-04 3.00277E-04 
-3.08913E-04 2.75674E-04 
-2.76994E-04 2.47961E-04 
-2.54661E-04 2.28483E-04 
-2.48526E-04 2.23113E-04 
-2.20897E-04 1.98804E-04 
-1.96099E-04 1.76837E-04 
-1.74622E-04 1.57762E-04 
-1.55526E-04 1.40752E-04 
-1.39858E-04 1.26788E-04 
-1.24595E-04 1.13125E-04 
-1.10918E-04 1.00866E-04 
-9.86252E-05 8.98317E-05 
-8.75064E-05 7.98345E-05 
-7.72987E-05 7.06361E-05 
-6.75167E-05 6.17920E-05 
-5.69385E-05 5.21744E-05 
-4.23318E-05 3.87892E-05 
-1.74069E-05 1.57995E-05 
2.03801E-05 -1.91712E-05 
5.59954E-05 -5.21847E-05 
7.21104E-05 -6.71343E-05 
-4.15322E-04 3.66018E-04 
-3.75757E-04 3.33161E-04 
-3.69615E-04 3.29908E-04 
-3.15962E-04 2.83279E-04 
-2.80973E-04 2.52956E-04 
-2.58342E-04 2.33443E-04 
-2.31048E-04 2.09436E-04 
-2.11557E-04 1.92206E-04 
-2.06458E-04 1.87698E-04 
-1.84143E-04 1.67896E-04 
-1.63436E-04 1.49342E-04 
-1.45070E-04 1.32807E-04 
-1.28627E-04 1.17941E-04 
-1.15054E-04 1.05658E-04 
-1.02006E-04 9.38135E-05 
-9.02899E-05 8.31614E-05 
-7.97944E-05 7.36056E-05 
-7.03675E-05 6.50100E-05 
-6.17890E-05 5.71738E-05 
-5.36793E-05 4.97471E-05 
-4.51379E-05 4.18941E-05 
-3.38267E-05 3.14376E-05 
-1.52465E-05 1.41810E-05 
1.23396E-05 -1.15049E-05 
3.80897E-05 -3.55134E-05 
4.97128E-05 -4.63631E-05 
-3.57713E-04 3.18456E-04 
-3.21598E-04 2.88203E-04 
-3.15441E-04 2.84601E-04 
-2.66316E-04 2.41563E-04 
-2.28858E-04 2.08577E-04 
-2.08789E-04 1.91013E-04 
-1.88129E-04 1.72672E-04 
-1.71857E-04 1.58103E-04 
-1.67340E-04 1.54047E-04 
-1.48059E-04 1.36681E-04 
-1.32158E-04 1.22305E-04 
-1.17171E-04 1.08644E-04 
-1.03439E-04 9.60572E-05 
-9.19069E-05 8.54658E-05 
-8.09211E-05 7.53524E-05 
-7.11539E-05 6.63504E-05 
-6.24603E-05 5.83282E-05 
-5.46904E-05 5.11486E-05 
-4.76772E-05 4.46586E-05 
-4.11362E-05 3.85943E-05 
-3.44140E-05 3.23459E-05 
-2.58546E-05 2.43644E-05 
-1.23092E-05 1.16995E-05 
7.38510E-06 -6.74310E-06 
2.55952E-05 -2.38146E-05 
3.38027E-05 -3.15236E-05 
-3.03528E-04 2.72684E-04 
-2.69808E-04 2.44201E-04 
-2.63304E-04 2.39957E-04 
-2.21996E-04 2.03595E-04 
-1.82439E-04 1.68332E-04 
-1.63261E-04 1.51270E-04 
-1.48681E-04 1.38202E-04 
-1.36874E-04 1.27540E-04 
-1.33598E-04 1.24576E-04 
-1.17544E-04 1.09925E-04 
-1.03214E-04 9.67477E-05 
-9.10465E-05 8.54899E-05 
-7.96869E-05 7.49322E-05 
-7.03025E-05 6.61906E-05 
-6.15032E-05 5.79817E-05 
-5.37012E-05 5.06962E-05 
-4.67812E-05 4.42274E-05 
-4.06310E-05 3.84717E-05 
-3.51216E-05 3.33093E-05 
-3.00420E-05 2.85429E-05 
-2.49320E-05 2.37414E-05 
-1.86468E-05 1.78293E-05 
-9.03352E-06 8.78197E-06 
4.67125E-06 -4.12111E-06 
1.72285E-05 -1.59541E-05 
2.28745E-05 -2.12909E-05 
-2.53368E-04 2.29419E-04 
-2.22303E-04 2.03040E-04 
-2.14557E-04 1.97368E-04 
-1.81782E-04 1.68454E-04 
-1.42268E-04 1.32918E-04 
-1.22755E-04 1.15295E-04 
-1.13910E-04 1.07291E-04 
-1.05831E-04 9.99141E-05 
-1.03482E-04 9.77650E-05 
-9.12453E-05 8.64625E-05 
-7.85396E-05 7.45872E-05 
-6.78388E-05 6.45384E-05 
-5.87723E-05 5.59922E-05 
-5.13635E-05 4.89911E-05 
-4.45801E-05 4.25779E-05 
-3.85639E-05 3.68832E-05 
-3.32659E-05 3.18647E-05 
-2.86037E-05 2.74451E-05 
-2.44598E-05 2.35130E-05 
-2.06823E-05 1.99253E-05 
-1.69530E-05 1.63821E-05 
-1.24955E-05 1.21517E-05 
-5.86669E-06 5.87260E-06 
3.42841E-06 -2.92341E-06 
1.18733E-05 -1.09201E-05 
1.56464E-05 -1.45103E-05 
-2.07486E-04 1.89146E-04 
-1.79469E-04 1.65265E-04 
-1.70053E-04 1.57848E-04 
-1.45171E-04 1.35892E-04 
-1.08353E-04 1.02545E-04 
-8.66799E-05 8.27506E-05 
-8.39993E-05 8.02652E-05 
-7.70782E-05 7.38199E-05 
-7.47461E-05 7.16425E-05 
-6.57309E-05 6.31884E-05 
-5.60659E-05 5.40329E-05 
-4.80364E-05 4.63810E-05 
-4.11434E-05 3.97820E-05 
-3.55162E-05 3.43781E-05 
-3.04036E-05 2.94722E-05 
-2.59451E-05 2.51908E-05 
-2.20557E-05 2.14535E-05 
-1.86742E-05 1.82032E-05 
-1.57095E-05 1.53516E-05 
-1.30474E-05 1.27901E-05 
-1.04661E-05 1.03081E-05 
-7.44637E-06 7.41469E-06 
-3.03669E-06 3.20996E-06 
3.08169E-06 -2.60828E-06 
8.59774E-06 -7.85617E-06 
1.10234E-05 -1.01811E-05 
-1.66448E-04 1.52585E-04 
-1.41661E-04 1.31419E-04 
-1.30690E-04 1.22395E-04 
-1.11734E-04 1.05675E-04 
-8.13924E-05 7.80703E-05 
-5.62634E-05 5.49252E-05 
-5.71833E-05 5.56630E-05 
-5.39070E-05 5.24816E-05 
-5.16902E-05 5.03799E-05 
-4.19541E-05 4.11269E-05 
-3.65132E-05 3.58670E-05 
-3.11515E-05 3.06525E-05 
-2.64636E-05 2.60727E-05 
-2.25023E-05 2.21932E-05 
-1.89120E-05 1.86850E-05 
-1.58119E-05 1.56598E-05 
-1.31271E-05 1.30402E-05 
-1.08311E-05 1.07988E-05 
-8.85818E-06 8.87132E-06 
-7.12010E-06 7.17290E-06 
-5.46216E-06 5.55598E-06 
-3.54021E-06 3.69401E-06 
-7.34365E-07 9.99675E-07 
3.16045E-06 -2.72185E-06 
6.64861E-06 -6.05577E-06 
8.12944E-06 -7.48718E-06 
-1.30435E-04 1.20064E-04 
-1.08700E-04 1.01509E-04 
-9.73082E-05 9.19614E-05 
-8.20104E-05 7.84470E-05 
-5.98053E-05 5.81867E-05 
-3.12838E-05 3.17780E-05 
-3.18997E-05 3.21556E-05 
-3.38646E-05 3.37995E-05 
-3.25576E-05 3.25263E-05 
-2.35607E-05 2.38604E-05 
-1.93707E-05 1.97072E-05 
-1.71295E-05 1.74015E-05 
-1.47252E-05 1.49551E-05 
-1.22869E-05 1.25001E-05 
-9.98396E-06 1.01977E-05 
-8.02251E-06 8.23875E-06 
-6.37752E-06 6.59654E-06 
-5.00088E-06 5.22189E-06 
-3.83911E-06 4.06100E-06 
-2.83468E-06 3.05725E-06 
-1.88519E-06 2.11212E-06 
-7.67207E-07 1.01300E-06 
9.19237E-07 -6.19613E-07 
3.30602E-06 -2.91135E-06 
5.43228E-06 -4.95314E-06 
6.27198E-06 -5.77393E-06 
-9.95298E-05 9.18020E-05 
-8.04173E-05 7.55249E-05 
-6.96921E-05 6.64822E-05 
-5.66087E-05 5.49126E-05 
-4.14484E-05 4.10765E-05 
-1.35264E-05 1.50938E-05 
-8.55581E-06 1.02225E-05 
-1.48272E-05 1.58491E-05 
-1.45240E-05 1.55001E-05 
-1.16201E-05 1.25276E-05 
-9.07286E-06 9.88989E-06 
-7.02769E-06 7.73937E-06 
-5.94443E-06 6.53291E-06 
-4.62384E-06 5.12975E-06 
-3.41073E-06 3.85988E-06 
-2.41200E-06 2.81782E-06 
-1.59899E-06 1.96994E-06 
-9.35410E-07 1.27717E-06 
-3.94520E-07 7.11037E-07 
5.97926E-08 2.35047E-07 
4.92668E-07 -2.14167E-07 
1.04741E-06 -7.73433E-07 
1.98134E-06 -1.68721E-06 
3.37895E-06 -3.03623E-06 
4.61968E-06 -4.23372E-06 
5.04044E-06 -4.65240E-06 
-7.33283E-05 6.75463E-05 
-5.66615E-05 5.34500E-05 
-4.71727E-05 4.54735E-05 
-3.52769E-05 3.49361E-05 
-2.60834E-05 2.65771E-05 
-2.09798E-06 4.15017E-06 
9.50872E-06 -6.91852E-06 
2.22409E-06 -3.64546E-07 
8.64498E-07 8.37993E-07 
-2.08739E-06 3.35876E-06 
-2.37766E-06 3.40080E-06 
-7.82215E-07 1.67245E-06 
-1.30823E-08 7.63286E-07 
4.69294E-07 1.62206E-07 
8.83016E-07 -3.39825E-07 
1.20714E-06 -7.32731E-07 
1.43878E-06 -1.01955E-06 
1.60527E-06 -1.23107E-06 
1.71817E-06 -1.38181E-06 
1.79911E-06 -1.49479E-06 
1.88755E-06 -1.60909E-06 
2.07483E-06 -1.81235E-06 
2.52772E-06 -2.26320E-06 
3.30046E-06 -3.01373E-06 
3.98551E-06 -3.67887E-06 
4.14628E-06 -3.84580E-06 
-5.14548E-05 4.70577E-05 
-3.69350E-05 3.48978E-05 
-2.90150E-05 2.83419E-05 
-1.84702E-05 1.90195E-05 
-1.30639E-05 1.41478E-05 
4.44276E-06 -2.27676E-06 
2.10799E-05 -1.80680E-05 
1.48268E-05 -1.24691E-05 
1.25094E-05 -1.03710E-05 
6.72392E-06 -5.21184E-06 
4.51844E-06 -3.34489E-06 
4.04211E-06 -3.08620E-06 
3.96022E-06 -3.17335E-06 
3.76709E-06 -3.11357E-06 
3.51286E-06 -2.96521E-06 
3.29879E-06 -2.83208E-06 
3.11888E-06 -2.71488E-06 
2.94560E-06 -2.59193E-06 
2.78451E-06 -2.47218E-06 
2.63680E-06 -2.35895E-06 
2.51780E-06 -2.26819E-06 
2.48551E-06 -2.25584E-06 
2.64900E-06 -2.42589E-06 
3.04277E-06 -2.81160E-06 
3.39248E-06 -3.15391E-06 
3.40390E-06 -3.17461E-06 
-3.33211E-05 2.98526E-05 
-2.08826E-05 1.96077E-05 
-1.44179E-05 1.44110E-05 
-5.77748E-06 6.84512E-06 
-2.57560E-06 4.02608E-06 
9.23963E-06 -7.09741E-06 
2.87563E-05 -2.55994E-05 
2.39331E-05 -2.13194E-05 
2.01568E-05 -1.78423E-05 
1.30039E-05 -1.13983E-05 
1.07153E-05 -9.44944E-06 
8.01339E-06 -7.04395E-06 
6.20441E-06 -5.45928E-06 
5.25068E-06 -4.65497E-06 
4.56764E-06 -4.07959E-06 
4.11536E-06 -3.70464E-06 
3.76450E-06 -3.41231E-06 
3.44625E-06 -3.14102E-06 
3.15240E-06 -2.88572E-06 
2.88618E-06 -2.65162E-06 
2.66005E-06 -2.45190E-06 
2.51182E-06 -2.32328E-06 
2.51398E-06 -2.33503E-06 
2.68809E-06 -2.50809E-06 
2.84402E-06 -2.66282E-06 
2.77810E-06 -2.60650E-06 
---
