PdfType: replica
Format: lhagrid1
---
1.00000E-06 1.28121E-06 1.64152E-06 2.10317E-06 2.69463E-06 3.45242E-06 4.42329E-06 5.66715E-06 7.26076E-06 9.30241E-06 1.19180E-05 1.52689E-05 1.95617E-05 2.50609E-05 3.21053E-05 4.11287E-05 5.26863E-05 6.74889E-05 8.64459E-05 1.10720E-04 1.41800E-04 1.81585E-04 2.32503E-04 2.97652E-04 3.80981E-04 4.87518E-04 6.26039E-04 8.00452E-04 1.02297E-03 1.30657E-03 1.66759E-03 2.12729E-03 2.71054E-03 3.44865E-03 4.37927E-03 5.54908E-03 7.01192E-03 8.83064E-03 1.10763E-02 1.38266E-02 1.71641E-02 2.11717E-02 2.59364E-02 3.15062E-02 3.79623E-02 4.53425E-02 5.36750E-02 6.29705E-02 7.32221E-02 8.44039E-02 9.64793E-02 1.09332E-01 1.23067E-01 1.37507E-01 1.52639E-01 1.68416E-01 1.84794E-01 2.01731E-01 2.19016E-01 2.36948E-01 2.55242E-01 2.73927E-01 2.92954E-01 3.12340E-01 3.32036E-01 3.52019E-01 3.72282E-01 3.92772E-01 4.13533E-01 4.34326E-01 4.55495E-01 4.76836E-01 4.98342E-01 5.20006E-01 5.41818E-01 5.63773E-01 5.85861E-01 6.08077E-01 6.30459E-01 6.52800E-01 6.75387E-01 6.98063E-01 7.20830E-01 7.43683E-01 7.66623E-01 7.89636E-01 8.12791E-01 8.35940E-01 8.59175E-01 8.82485E-01 9.05866E-01 9.29311E-01 9.52817E-01 9.76387E-01 1.00000E+00 
1.14018E+00 1.22539E+00 1.32482E+00 1.44156E+00 1.57954E+00 1.74381E+00 1.94091E+00 2.12132E+00 2.17945E+00 2.49622E+00 2.89383E+00 3.39925E+00 4.05063E+00 4.90286E+00 6.03623E+00 7.57063E+00 9.68869E+00 1.26749E+01 1.69835E+01 2.33578E+01 3.30501E+01 4.82334E+01 7.28041E+01 1.13998E+02 1.85779E+02 3.16228E+02 
908 909 
-1.87720E-05 -2.22255E-05 
-1.99871E-05 -2.28099E-05 
-1.88125E-05 -2.33963E-05 
-2.04935E-05 -2.40265E-05 
-2.22588E-05 -2.46792E-05 
-2.41128E-05 -2.53581E-05 
-2.60610E-05 -2.60671E-05 
-2.76373E-05 -2.66388E-05 
-2.81101E-05 -2.68101E-05 
-3.04418E-05 -2.76539E-05 
-3.29119E-05 -2.85459E-05 
-3.55342E-05 -2.94898E-05 
-3.83240E-05 -3.04880E-05 
-4.09364E-05 -3.14834E-05 
-4.43590E-05 -3.25817E-05 
-4.80284E-05 -3.37323E-05 
-5.19671E-05 -3.49315E-05 
-5.62018E-05 -3.61734E-05 
-6.07707E-05 -3.74507E-05 
-6.57501E-05 -3.87580E-05 
-7.13544E-05 -4.01042E-05 
-7.82657E-05 -4.15434E-05 
-8.82823E-05 -4.32038E-05 
-1.03690E-04 -4.51060E-05 
-1.22919E-04 -4.67456E-05 
-1.40585E-04 -4.74668E-05 
-2.21015E-05 -2.47054E-05 
-2.34084E-05 -2.53502E-05 
-2.23201E-05 -2.60038E-05 
-2.40992E-05 -2.67001E-05 
-2.59642E-05 -2.74234E-05 
-2.79201E-05 -2.81778E-05 
-2.99732E-05 -2.89674E-05 
-3.16332E-05 -2.96053E-05 
-3.21310E-05 -2.97965E-05 
-3.45851E-05 -3.07389E-05 
-3.71844E-05 -3.17357E-05 
-3.99438E-05 -3.27899E-05 
-4.28800E-05 -3.39033E-05 
-4.56551E-05 -3.49945E-05 
-4.92493E-05 -3.62074E-05 
-5.31018E-05 -3.74744E-05 
-5.72357E-05 -3.87901E-05 
-6.16780E-05 -4.01465E-05 
-6.64672E-05 -4.15338E-05 
-7.16807E-05 -4.29441E-05 
-7.75378E-05 -4.43828E-05 
-8.47388E-05 -4.58990E-05 
-9.51282E-05 -4.76043E-05 
-1.11034E-04 -4.94774E-05 
-1.30799E-04 -5.09705E-05 
-1.48867E-04 -5.14406E-05 
-2.58198E-05 -2.74421E-05 
-2.72225E-05 -2.81596E-05 
-2.62364E-05 -2.88812E-05 
-2.81181E-05 -2.96571E-05 
-3.00883E-05 -3.04649E-05 
-3.21525E-05 -3.13088E-05 
-3.43180E-05 -3.21934E-05 
-3.60682E-05 -3.29085E-05 
-3.65931E-05 -3.31229E-05 
-3.91805E-05 -3.41796E-05 
-4.19215E-05 -3.52964E-05 
-4.48322E-05 -3.64759E-05 
-4.79307E-05 -3.77188E-05 
-5.08843E-05 -3.89150E-05 
-5.46683E-05 -4.02543E-05 
-5.87236E-05 -4.16484E-05 
-6.30735E-05 -4.30898E-05 
-6.77451E-05 -4.45683E-05 
-7.27769E-05 -4.60713E-05 
-7.82471E-05 -4.75879E-05 
-8.43795E-05 -4.91199E-05 
-9.18925E-05 -5.07096E-05 
-1.02677E-04 -5.24476E-05 
-1.19102E-04 -5.42594E-05 
-1.39419E-04 -5.55478E-05 
-1.57890E-04 -5.56946E-05 
-2.99208E-05 -3.05146E-05 
-3.14270E-05 -3.13168E-05 
-3.05582E-05 -3.21082E-05 
-3.25511E-05 -3.29765E-05 
-3.46360E-05 -3.38816E-05 
-3.68191E-05 -3.48284E-05 
-3.91087E-05 -3.58214E-05 
-4.09593E-05 -3.66241E-05 
-4.15143E-05 -3.68647E-05 
-4.42508E-05 -3.80500E-05 
-4.71508E-05 -3.93011E-05 
-5.02320E-05 -4.06196E-05 
-5.35136E-05 -4.20049E-05 
-5.66650E-05 -4.33135E-05 
-6.06617E-05 -4.47891E-05 
-6.49437E-05 -4.63189E-05 
-6.95345E-05 -4.78932E-05 
-7.44612E-05 -4.94991E-05 
-7.97618E-05 -5.11209E-05 
-8.55148E-05 -5.27441E-05 
-9.19487E-05 -5.43661E-05 
-9.98006E-05 -5.60195E-05 
-1.11010E-04 -5.77649E-05 
-1.27990E-04 -5.94593E-05 
-1.48885E-04 -6.04554E-05 
-1.67764E-04 -6.01837E-05 
-3.44236E-05 -3.39955E-05 
-3.60444E-05 -3.48935E-05 
-3.53075E-05 -3.57579E-05 
-3.74244E-05 -3.67303E-05 
-3.96374E-05 -3.77450E-05 
-4.19542E-05 -3.88070E-05 
-4.43839E-05 -3.99208E-05 
-4.63481E-05 -4.08207E-05 
-4.69372E-05 -4.10904E-05 
-4.98429E-05 -4.24177E-05 
-5.29239E-05 -4.38159E-05 
-5.61992E-05 -4.52857E-05 
-5.96892E-05 -4.68250E-05 
-6.30611E-05 -4.82522E-05 
-6.72970E-05 -4.98722E-05 
-7.18334E-05 -5.15444E-05 
-7.66937E-05 -5.32567E-05 
-8.19044E-05 -5.49930E-05 
-8.75027E-05 -5.67342E-05 
-9.35673E-05 -5.84616E-05 
-1.00331E-04 -6.01666E-05 
-1.08552E-04 -6.18676E-05 
-1.20223E-04 -6.35823E-05 
-1.37797E-04 -6.50799E-05 
-1.59302E-04 -6.56672E-05 
-1.78588E-04 -6.48594E-05 
-3.93717E-05 -3.79511E-05 
-4.11218E-05 -3.89554E-05 
-4.05313E-05 -3.98968E-05 
-4.27882E-05 -4.09842E-05 
-4.51467E-05 -4.21198E-05 
-4.76155E-05 -4.33085E-05 
-5.02050E-05 -4.45548E-05 
-5.22989E-05 -4.55611E-05 
-5.29271E-05 -4.58625E-05 
-5.60264E-05 -4.73442E-05 
-5.93144E-05 -4.89016E-05 
-6.28115E-05 -5.05339E-05 
-6.65389E-05 -5.22374E-05 
-7.01566E-05 -5.37880E-05 
-7.46617E-05 -5.55591E-05 
-7.94834E-05 -5.73790E-05 
-8.46445E-05 -5.92326E-05 
-9.01707E-05 -6.11004E-05 
-9.60980E-05 -6.29593E-05 
-1.02505E-04 -6.47857E-05 
-1.09629E-04 -6.65629E-05 
-1.18250E-04 -6.82892E-05 
-1.30419E-04 -6.99229E-05 
-1.48630E-04 -7.11218E-05 
-1.70770E-04 -7.11556E-05 
-1.90452E-04 -6.96719E-05 
-4.48299E-05 -4.24413E-05 
-4.67267E-05 -4.35621E-05 
-4.62977E-05 -4.45851E-05 
-4.87141E-05 -4.57979E-05 
-5.12386E-05 -4.70651E-05 
-5.38812E-05 -4.83916E-05 
-5.66535E-05 -4.97817E-05 
-5.88960E-05 -5.09030E-05 
-5.95689E-05 -5.12386E-05 
-6.28897E-05 -5.28864E-05 
-6.64143E-05 -5.46142E-05 
-7.01642E-05 -5.64195E-05 
-7.41618E-05 -5.82966E-05 
-7.80528E-05 -5.99742E-05 
-8.28599E-05 -6.19017E-05 
-8.80001E-05 -6.38731E-05 
-9.34957E-05 -6.58698E-05 
-9.93707E-05 -6.78682E-05 
-1.05660E-04 -6.98410E-05 
-1.12440E-04 -7.17584E-05 
-1.19955E-04 -7.35937E-05 
-1.29008E-04 -7.53174E-05 
-1.41709E-04 -7.68079E-05 
-1.60592E-04 -7.75836E-05 
-1.83382E-04 -7.68916E-05 
-2.03437E-04 -7.45703E-05 
-5.08814E-05 -4.75226E-05 
-5.29451E-05 -4.87697E-05 
-5.26935E-05 -4.98792E-05 
-5.52917E-05 -5.12276E-05 
-5.80057E-05 -5.26368E-05 
-6.08467E-05 -5.41119E-05 
-6.38279E-05 -5.56567E-05 
-6.62401E-05 -5.69014E-05 
-6.69639E-05 -5.72737E-05 
-7.05375E-05 -5.90991E-05 
-7.43315E-05 -6.10081E-05 
-7.83687E-05 -6.29961E-05 
-8.26720E-05 -6.50553E-05 
-8.68656E-05 -6.68622E-05 
-9.20097E-05 -6.89507E-05 
-9.75040E-05 -7.10761E-05 
-1.03369E-04 -7.32159E-05 
-1.09628E-04 -7.53425E-05 
-1.16312E-04 -7.74230E-05 
-1.23498E-04 -7.94211E-05 
-1.31434E-04 -8.12968E-05 
-1.40948E-04 -8.29841E-05 
-1.54212E-04 -8.42571E-05 
-1.73790E-04 -8.44635E-05 
-1.97227E-04 -8.28453E-05 
-2.17609E-04 -7.95020E-05 
-5.76248E-05 -5.32496E-05 
-5.98779E-05 -5.46332E-05 
-5.98211E-05 -5.58340E-05 
-6.26258E-05 -5.73278E-05 
-6.55552E-05 -5.88897E-05 
-6.86220E-05 -6.05242E-05 
-7.18408E-05 -6.22346E-05 
-7.44459E-05 -6.36113E-05 
-7.52278E-05 -6.40226E-05 
-7.90883E-05 -6.60368E-05 
-8.31875E-05 -6.81374E-05 
-8.75491E-05 -7.03175E-05 
-9.21965E-05 -7.25666E-05 
-9.67237E-05 -7.45043E-05 
-1.02242E-04 -7.67572E-05 
-1.08127E-04 -7.90378E-05 
-1.14399E-04 -8.13195E-05 
-1.21077E-04 -8.35697E-05 
-1.28191E-04 -8.57499E-05 
-1.35814E-04 -8.78155E-05 
-1.44199E-04 -8.97103E-05 
-1.54200E-04 -9.13212E-05 
-1.68050E-04 -9.22904E-05 
-1.88332E-04 -9.17580E-05 
-2.12387E-04 -8.89841E-05 
-2.33027E-04 -8.44113E-05 
-6.51713E-05 -5.96778E-05 
-6.76382E-05 -6.12084E-05 
-6.77953E-05 -6.25046E-05 
-7.08337E-05 -6.41542E-05 
-7.40070E-05 -6.58795E-05 
-7.73293E-05 -6.76846E-05 
-8.08170E-05 -6.95719E-05 
-8.36403E-05 -7.10888E-05 
-8.44877E-05 -7.15416E-05 
-8.86721E-05 -7.37559E-05 
-9.31151E-05 -7.60582E-05 
-9.78411E-05 -7.84393E-05 
-1.02873E-04 -8.08853E-05 
-1.07766E-04 -8.29544E-05 
-1.13697E-04 -8.53740E-05 
-1.20012E-04 -8.78099E-05 
-1.26729E-04 -9.02305E-05 
-1.33863E-04 -9.25980E-05 
-1.41440E-04 -9.48672E-05 
-1.49531E-04 -9.69843E-05 
-1.58393E-04 -9.88731E-05 
-1.68903E-04 -1.00361E-04 
-1.83350E-04 -1.00927E-04 
-2.04324E-04 -9.94620E-05 
-2.28942E-04 -9.52718E-05 
-2.49740E-04 -8.92367E-05 
-7.36432E-05 -6.68656E-05 
-7.63506E-05 -6.85546E-05 
-7.67424E-05 -6.99493E-05 
-8.00437E-05 -7.17653E-05 
-8.34914E-05 -7.36654E-05 
-8.71015E-05 -7.56525E-05 
-9.08920E-05 -7.77280E-05 
-9.39607E-05 -7.93940E-05 
-9.48818E-05 -7.98908E-05 
-9.94299E-05 -8.23161E-05 
-1.04258E-04 -8.48302E-05 
-1.09391E-04 -8.74205E-05 
-1.14852E-04 -9.00699E-05 
-1.20143E-04 -9.22696E-05 
-1.26527E-04 -9.48574E-05 
-1.33312E-04 -9.74469E-05 
-1.40512E-04 -1.00002E-04 
-1.48138E-04 -1.02478E-04 
-1.56212E-04 -1.04823E-04 
-1.64802E-04 -1.06972E-04 
-1.74165E-04 -1.08825E-04 
-1.85202E-04 -1.10138E-04 
-2.00246E-04 -1.10186E-04 
-2.21875E-04 -1.07568E-04 
-2.46965E-04 -1.01666E-04 
-2.67787E-04 -9.39090E-05 
-8.31735E-05 -7.48763E-05 
-8.61498E-05 -7.67360E-05 
-8.67994E-05 -7.82309E-05 
-9.03949E-05 -8.02248E-05 
-9.41500E-05 -8.23114E-05 
-9.80825E-05 -8.44926E-05 
-1.02212E-04 -8.67681E-05 
-1.05555E-04 -8.85918E-05 
-1.06559E-04 -8.91350E-05 
-1.11514E-04 -9.17826E-05 
-1.16771E-04 -9.45179E-05 
-1.22356E-04 -9.73251E-05 
-1.28291E-04 -1.00183E-04 
-1.34015E-04 -1.02512E-04 
-1.40894E-04 -1.05268E-04 
-1.48189E-04 -1.08008E-04 
-1.55912E-04 -1.10690E-04 
-1.64068E-04 -1.13263E-04 
-1.72673E-04 -1.15668E-04 
-1.81789E-04 -1.17827E-04 
-1.91675E-04 -1.19610E-04 
-2.03248E-04 -1.20685E-04 
-2.18878E-04 -1.20086E-04 
-2.41097E-04 -1.16063E-04 
-2.66527E-04 -1.08118E-04 
-2.87202E-04 -9.83492E-05 
-9.39052E-05 -8.37790E-05 
-9.71810E-05 -8.58227E-05 
-9.81131E-05 -8.74181E-05 
-1.02036E-04 -8.96019E-05 
-1.06134E-04 -9.18874E-05 
-1.10426E-04 -9.42751E-05 
-1.14934E-04 -9.67626E-05 
-1.18584E-04 -9.87527E-05 
-1.19679E-04 -9.93449E-05 
-1.25086E-04 -1.02225E-04 
-1.30819E-04 -1.05191E-04 
-1.36905E-04 -1.08222E-04 
-1.43361E-04 -1.11292E-04 
-1.49554E-04 -1.13747E-04 
-1.56970E-04 -1.16669E-04 
-1.64819E-04 -1.19555E-04 
-1.73104E-04 -1.22354E-04 
-1.81827E-04 -1.25011E-04 
-1.90995E-04 -1.27455E-04 
-2.00664E-04 -1.29596E-04 
-2.11091E-04 -1.31270E-04 
-2.23204E-04 -1.32038E-04 
-2.39388E-04 -1.30644E-04 
-2.62101E-04 -1.24932E-04 
-2.87696E-04 -1.14568E-04 
-3.08009E-04 -1.02465E-04 
-1.05992E-04 -9.36492E-05 
-1.09600E-04 -9.58915E-05 
-1.10842E-04 -9.75856E-05 
-1.15128E-04 -9.99721E-05 
-1.19607E-04 -1.02470E-04 
-1.24299E-04 -1.05076E-04 
-1.29227E-04 -1.07788E-04 
-1.33216E-04 -1.09953E-04 
-1.34413E-04 -1.10597E-04 
-1.40321E-04 -1.13720E-04 
-1.46581E-04 -1.16924E-04 
-1.53217E-04 -1.20184E-04 
-1.60247E-04 -1.23470E-04 
-1.66942E-04 -1.26046E-04 
-1.74941E-04 -1.29131E-04 
-1.83386E-04 -1.32153E-04 
-1.92275E-04 -1.35058E-04 
-2.01601E-04 -1.37780E-04 
-2.11363E-04 -1.40240E-04 
-2.21609E-04 -1.42332E-04 
-2.32590E-04 -1.43851E-04 
-2.45237E-04 -1.44231E-04 
-2.61928E-04 -1.41872E-04 
-2.85001E-04 -1.34149E-04 
-3.10533E-04 -1.20945E-04 
-3.30222E-04 -1.06152E-04 
-1.19602E-04 -1.04569E-04 
-1.23577E-04 -1.07026E-04 
-1.25155E-04 -1.08815E-04 
-1.29844E-04 -1.11418E-04 
-1.34744E-04 -1.14141E-04 
-1.39879E-04 -1.16979E-04 
-1.45272E-04 -1.19927E-04 
-1.49637E-04 -1.22276E-04 
-1.50947E-04 -1.22973E-04 
-1.57408E-04 -1.26349E-04 
-1.64248E-04 -1.29798E-04 
-1.71488E-04 -1.33290E-04 
-1.79144E-04 -1.36792E-04 
-1.86378E-04 -1.39483E-04 
-1.95006E-04 -1.42724E-04 
-2.04091E-04 -1.45872E-04 
-2.13624E-04 -1.48866E-04 
-2.23589E-04 -1.51631E-04 
-2.33974E-04 -1.54079E-04 
-2.44817E-04 -1.56084E-04 
-2.56361E-04 -1.57395E-04 
-2.69528E-04 -1.57296E-04 
-2.86656E-04 -1.53782E-04 
-3.09912E-04 -1.43682E-04 
-3.35095E-04 -1.27165E-04 
-3.53842E-04 -1.09285E-04 
-1.34915E-04 -1.16629E-04 
-1.39296E-04 -1.19317E-04 
-1.41240E-04 -1.21195E-04 
-1.46372E-04 -1.24028E-04 
-1.51738E-04 -1.26989E-04 
-1.57361E-04 -1.30073E-04 
-1.63268E-04 -1.33268E-04 
-1.68048E-04 -1.35808E-04 
-1.69482E-04 -1.36560E-04 
-1.76552E-04 -1.40197E-04 
-1.84028E-04 -1.43896E-04 
-1.91929E-04 -1.47623E-04 
-2.00266E-04 -1.51337E-04 
-2.08074E-04 -1.54137E-04 
-2.17379E-04 -1.57524E-04 
-2.27149E-04 -1.60784E-04 
-2.37365E-04 -1.63846E-04 
-2.48004E-04 -1.66628E-04 
-2.59040E-04 -1.69029E-04 
-2.70497E-04 -1.70904E-04 
-2.82606E-04 -1.71947E-04 
-2.96266E-04 -1.71265E-04 
-3.13736E-04 -1.66379E-04 
-3.36950E-04 -1.53489E-04 
-3.61431E-04 -1.33129E-04 
-3.78856E-04 -1.11728E-04 
-1.52130E-04 -1.29921E-04 
-1.56958E-04 -1.32860E-04 
-1.59297E-04 -1.34818E-04 
-1.64917E-04 -1.37895E-04 
-1.70795E-04 -1.41109E-04 
-1.76958E-04 -1.44450E-04 
-1.83430E-04 -1.47904E-04 
-1.88666E-04 -1.50641E-04 
-1.90237E-04 -1.51451E-04 
-1.97974E-04 -1.55354E-04 
-2.06146E-04 -1.59306E-04 
-2.14767E-04 -1.63266E-04 
-2.23844E-04 -1.67189E-04 
-2.32261E-04 -1.70087E-04 
-2.42291E-04 -1.73607E-04 
-2.52789E-04 -1.76959E-04 
-2.63730E-04 -1.80063E-04 
-2.75075E-04 -1.82829E-04 
-2.86785E-04 -1.85144E-04 
-2.98870E-04 -1.86839E-04 
-3.11538E-04 -1.87545E-04 
-3.25651E-04 -1.86162E-04 
-3.43340E-04 -1.79658E-04 
-3.66231E-04 -1.63517E-04 
-3.89580E-04 -1.38721E-04 
-4.05233E-04 -1.13320E-04 
-1.71465E-04 -1.44545E-04 
-1.76783E-04 -1.47755E-04 
-1.79547E-04 -1.49783E-04 
-1.85703E-04 -1.53119E-04 
-1.92145E-04 -1.56599E-04 
-1.98899E-04 -1.60209E-04 
-2.05993E-04 -1.63930E-04 
-2.11730E-04 -1.66871E-04 
-2.13450E-04 -1.67739E-04 
-2.21917E-04 -1.71913E-04 
-2.30847E-04 -1.76118E-04 
-2.40250E-04 -1.80307E-04 
-2.50125E-04 -1.84430E-04 
-2.59187E-04 -1.87414E-04 
-2.69990E-04 -1.91049E-04 
-2.81263E-04 -1.94468E-04 
-2.92967E-04 -1.97584E-04 
-3.05048E-04 -2.00295E-04 
-3.17454E-04 -2.02477E-04 
-3.30172E-04 -2.03934E-04 
-3.43386E-04 -2.04224E-04 
-3.57895E-04 -2.02008E-04 
-3.75647E-04 -1.93609E-04 
-3.97868E-04 -1.73696E-04 
-4.19567E-04 -1.43808E-04 
-4.32919E-04 -1.13886E-04 
-1.93158E-04 -1.60602E-04 
-1.99015E-04 -1.64104E-04 
-2.02233E-04 -1.66189E-04 
-2.08976E-04 -1.69798E-04 
-2.16035E-04 -1.73557E-04 
-2.23440E-04 -1.77447E-04 
-2.31214E-04 -1.81444E-04 
-2.37498E-04 -1.84592E-04 
-2.39381E-04 -1.85520E-04 
-2.48645E-04 -1.89966E-04 
-2.58399E-04 -1.94420E-04 
-2.68646E-04 -1.98831E-04 
-2.79381E-04 -2.03140E-04 
-2.89121E-04 -2.06198E-04 
-3.00748E-04 -2.09923E-04 
-3.12839E-04 -2.13379E-04 
-3.25342E-04 -2.16468E-04 
-3.38187E-04 -2.19079E-04 
-3.51303E-04 -2.21073E-04 
-3.64655E-04 -2.22226E-04 
-3.78391E-04 -2.22011E-04 
-3.93223E-04 -2.18811E-04 
-4.10842E-04 -2.08210E-04 
-4.31971E-04 -1.83945E-04 
-4.51402E-04 -1.48239E-04 
-4.61833E-04 -1.13230E-04 
-2.17472E-04 -1.78192E-04 
-2.23921E-04 -1.82008E-04 
-2.27619E-04 -1.84136E-04 
-2.35004E-04 -1.88033E-04 
-2.42740E-04 -1.92084E-04 
-2.50854E-04 -1.96262E-04 
-2.59373E-04 -2.00541E-04 
-2.66253E-04 -2.03899E-04 
-2.68313E-04 -2.04886E-04 
-2.78443E-04 -2.09603E-04 
-2.89089E-04 -2.14301E-04 
-3.00247E-04 -2.18920E-04 
-3.11904E-04 -2.23398E-04 
-3.22354E-04 -2.26514E-04 
-3.34853E-04 -2.30300E-04 
-3.47805E-04 -2.33754E-04 
-3.61141E-04 -2.36771E-04 
-3.74774E-04 -2.39227E-04 
-3.88610E-04 -2.40970E-04 
-4.02588E-04 -2.41743E-04 
-4.16810E-04 -2.40923E-04 
-4.31870E-04 -2.36572E-04 
-4.49116E-04 -2.23423E-04 
-4.68644E-04 -1.94165E-04 
-4.85070E-04 -1.51844E-04 
-4.91862E-04 -1.11138E-04 
-2.44699E-04 -1.97414E-04 
-2.51796E-04 -2.01569E-04 
-2.55998E-04 -2.03725E-04 
-2.64083E-04 -2.07924E-04 
-2.72557E-04 -2.12277E-04 
-2.81447E-04 -2.16752E-04 
-2.90776E-04 -2.21317E-04 
-2.98304E-04 -2.24885E-04 
-3.00558E-04 -2.25931E-04 
-3.11625E-04 -2.30912E-04 
-3.23233E-04 -2.35842E-04 
-3.35369E-04 -2.40654E-04 
-3.48010E-04 -2.45277E-04 
-3.59199E-04 -2.48433E-04 
-3.72620E-04 -2.52242E-04 
-3.86473E-04 -2.55649E-04 
-4.00673E-04 -2.58538E-04 
-4.15112E-04 -2.60776E-04 
-4.29672E-04 -2.62194E-04 
-4.44258E-04 -2.62501E-04 
-4.58916E-04 -2.60963E-04 
-4.74086E-04 -2.55274E-04 
-4.90666E-04 -2.39195E-04 
-5.07983E-04 -2.04236E-04 
-5.20538E-04 -1.54431E-04 
-5.22857E-04 -1.07378E-04 
-2.75152E-04 -2.18359E-04 
-2.82959E-04 -2.22878E-04 
-2.87684E-04 -2.25048E-04 
-2.96533E-04 -2.29563E-04 
-3.05812E-04 -2.34228E-04 
-3.15545E-04 -2.39006E-04 
-3.25753E-04 -2.43857E-04 
-3.33985E-04 -2.47632E-04 
-3.36447E-04 -2.48736E-04 
-3.48526E-04 -2.53972E-04 
-3.61167E-04 -2.59117E-04 
-3.74349E-04 -2.64098E-04 
-3.88036E-04 -2.68838E-04 
-3.99992E-04 -2.72014E-04 
-4.14381E-04 -2.75800E-04 
-4.29174E-04 -2.79104E-04 
-4.44265E-04 -2.81800E-04 
-4.59522E-04 -2.83745E-04 
-4.74799E-04 -2.84754E-04 
-4.89966E-04 -2.84496E-04 
-5.04995E-04 -2.82115E-04 
-5.20126E-04 -2.74881E-04 
-5.35689E-04 -2.55451E-04 
-5.50072E-04 -2.14017E-04 
-5.57737E-04 -1.55788E-04 
-5.54624E-04 -1.01702E-04 
-3.09178E-04 -2.41111E-04 
-3.17762E-04 -2.46019E-04 
-3.23024E-04 -2.48193E-04 
-3.32702E-04 -2.53036E-04 
-3.42855E-04 -2.58022E-04 
-3.53504E-04 -2.63105E-04 
-3.64664E-04 -2.68241E-04 
-3.73654E-04 -2.72218E-04 
-3.76341E-04 -2.73377E-04 
-3.89508E-04 -2.78853E-04 
-4.03256E-04 -2.84191E-04 
-4.17551E-04 -2.89312E-04 
-4.32346E-04 -2.94130E-04 
-4.45094E-04 -2.97305E-04 
-4.60496E-04 -3.01010E-04 
-4.76263E-04 -3.04143E-04 
-4.92265E-04 -3.06569E-04 
-5.08345E-04 -3.08135E-04 
-5.24326E-04 -3.08637E-04 
-5.40031E-04 -3.07705E-04 
-5.55348E-04 -3.04338E-04 
-5.70262E-04 -2.95332E-04 
-5.84388E-04 -2.72091E-04 
-5.94980E-04 -2.23343E-04 
-5.96568E-04 -1.55684E-04 
-5.86923E-04 -9.38476E-05 
-3.47152E-04 -2.65737E-04 
-3.56585E-04 -2.71062E-04 
-3.62389E-04 -2.73233E-04 
-3.72967E-04 -2.78418E-04 
-3.84067E-04 -2.83730E-04 
-3.95707E-04 -2.89119E-04 
-4.07895E-04 -2.94534E-04 
-4.17701E-04 -2.98704E-04 
-4.20630E-04 -2.99915E-04 
-4.34962E-04 -3.05609E-04 
-4.49889E-04 -3.11111E-04 
-4.65366E-04 -3.16334E-04 
-4.81329E-04 -3.21184E-04 
-4.94890E-04 -3.24335E-04 
-5.11347E-04 -3.27889E-04 
-5.28118E-04 -3.30770E-04 
-5.45046E-04 -3.32834E-04 
-5.61945E-04 -3.33918E-04 
-5.78602E-04 -3.33803E-04 
-5.94793E-04 -3.32070E-04 
-6.10294E-04 -3.27561E-04 
-6.24775E-04 -3.16532E-04 
-6.36966E-04 -2.88982E-04 
-6.42763E-04 -2.32019E-04 
-6.36893E-04 -1.53864E-04 
-6.19462E-04 -8.35390E-05 
-3.89476E-04 -2.92288E-04 
-3.99837E-04 -2.98055E-04 
-4.06179E-04 -3.00229E-04 
-4.17731E-04 -3.05765E-04 
-4.29856E-04 -3.11408E-04 
-4.42563E-04 -3.17100E-04 
-4.55856E-04 -3.22783E-04 
-4.66538E-04 -3.27132E-04 
-4.69726E-04 -3.28391E-04 
-4.85302E-04 -3.34275E-04 
-5.01483E-04 -3.39903E-04 
-5.18208E-04 -3.45179E-04 
-5.35398E-04 -3.50004E-04 
-5.49790E-04 -3.53103E-04 
-5.67341E-04 -3.56420E-04 
-5.85139E-04 -3.58952E-04 
-6.02999E-04 -3.60546E-04 
-6.20704E-04 -3.61031E-04 
-6.38000E-04 -3.60170E-04 
-6.54603E-04 -3.57494E-04 
-6.70161E-04 -3.51669E-04 
-6.83953E-04 -3.38346E-04 
-6.93625E-04 -3.05950E-04 
-6.93454E-04 -2.39814E-04 
-6.78533E-04 -1.50049E-04 
-6.51890E-04 -7.04913E-05 
-4.36583E-04 -3.20785E-04 
-4.47957E-04 -3.27022E-04 
-4.54820E-04 -3.29217E-04 
-4.67424E-04 -3.35114E-04 
-4.80653E-04 -3.41088E-04 
-4.94510E-04 -3.47076E-04 
-5.08988E-04 -3.53010E-04 
-5.20606E-04 -3.57520E-04 
-5.24069E-04 -3.58819E-04 
-5.40969E-04 -3.64856E-04 
-5.58477E-04 -3.70561E-04 
-5.76516E-04 -3.75832E-04 
-5.94989E-04 -3.80559E-04 
-6.10227E-04 -3.83575E-04 
-6.28907E-04 -3.86551E-04 
-6.47749E-04 -3.88616E-04 
-6.66540E-04 -3.89612E-04 
-6.85024E-04 -3.89360E-04 
-7.02905E-04 -3.87606E-04 
-7.19832E-04 -3.83829E-04 
-7.35294E-04 -3.76496E-04 
-7.48095E-04 -3.60583E-04 
-7.54563E-04 -3.22772E-04 
-7.47064E-04 -2.46458E-04 
-7.21260E-04 -1.43936E-04 
-6.83794E-04 -5.44118E-05 
-4.89785E-04 -3.51707E-04 
-5.02283E-04 -3.58445E-04 
-5.09644E-04 -3.60703E-04 
-5.23400E-04 -3.66973E-04 
-5.37836E-04 -3.73281E-04 
-5.52945E-04 -3.79555E-04 
-5.68711E-04 -3.85721E-04 
-5.81342E-04 -3.90367E-04 
-5.85103E-04 -3.91698E-04 
-6.03429E-04 -3.97839E-04 
-6.22360E-04 -4.03558E-04 
-6.41801E-04 -4.08744E-04 
-6.61633E-04 -4.13282E-04 
-6.77744E-04 -4.16174E-04 
-6.97598E-04 -4.18672E-04 
-7.17511E-04 -4.20120E-04 
-7.37233E-04 -4.20354E-04 
-7.56469E-04 -4.19190E-04 
-7.74873E-04 -4.16357E-04 
-7.92014E-04 -4.11276E-04 
-8.07194E-04 -4.02195E-04 
-8.18625E-04 -3.83330E-04 
-8.21025E-04 -3.39407E-04 
-8.04476E-04 -2.51697E-04 
-7.65477E-04 -1.35038E-04 
-7.15168E-04 -3.46753E-05 
-5.47914E-04 -3.84040E-04 
-5.61621E-04 -3.91291E-04 
-5.69424E-04 -3.93684E-04 
-5.84403E-04 -4.00323E-04 
-6.00115E-04 -4.06950E-04 
-6.16544E-04 -4.13484E-04 
-6.33662E-04 -4.19842E-04 
-6.47354E-04 -4.24587E-04 
-6.51427E-04 -4.25938E-04 
-6.71240E-04 -4.32115E-04 
-6.91645E-04 -4.37767E-04 
-7.12529E-04 -4.42773E-04 
-7.33752E-04 -4.47010E-04 
-7.50734E-04 -4.49733E-04 
-7.71767E-04 -4.51604E-04 
-7.92734E-04 -4.52274E-04 
-8.13346E-04 -4.51578E-04 
-8.33267E-04 -4.49327E-04 
-8.52096E-04 -4.45237E-04 
-8.69312E-04 -4.38671E-04 
-8.83997E-04 -4.27637E-04 
-8.93666E-04 -4.05528E-04 
-8.91139E-04 -3.54966E-04 
-8.63864E-04 -2.54984E-04 
-8.09480E-04 -1.23269E-04 
-7.44489E-04 -1.15953E-05 
-6.12264E-04 -4.18148E-04 
-6.27290E-04 -4.25928E-04 
-6.35472E-04 -4.28565E-04 
-6.51764E-04 -4.35570E-04 
-6.68845E-04 -4.42496E-04 
-6.86685E-04 -4.49256E-04 
-7.05245E-04 -4.55759E-04 
-7.20062E-04 -4.60554E-04 
-7.24465E-04 -4.61910E-04 
-7.45848E-04 -4.68037E-04 
-7.67804E-04 -4.73515E-04 
-7.90195E-04 -4.78218E-04 
-8.12858E-04 -4.82014E-04 
-8.30726E-04 -4.84504E-04 
-8.52951E-04 -4.85558E-04 
-8.74959E-04 -4.85248E-04 
-8.96422E-04 -4.83410E-04 
-9.16955E-04 -4.79856E-04 
-9.36097E-04 -4.74291E-04 
-9.53228E-04 -4.66013E-04 
-9.67166E-04 -4.52775E-04 
-9.74597E-04 -4.27073E-04 
-9.66089E-04 -3.69245E-04 
-9.26032E-04 -2.55960E-04 
-8.53572E-04 -1.08119E-04 
-7.71653E-04 1.54060E-05 
-6.83344E-04 -4.53858E-04 
-6.99812E-04 -4.62170E-04 
-7.08289E-04 -4.65212E-04 
-7.25994E-04 -4.72567E-04 
-7.44543E-04 -4.79762E-04 
-7.63892E-04 -4.86698E-04 
-7.83985E-04 -4.93277E-04 
-7.99998E-04 -4.98057E-04 
-8.04750E-04 -4.99395E-04 
-8.27790E-04 -5.05356E-04 
-8.51372E-04 -5.10525E-04 
-8.75334E-04 -5.14766E-04 
-8.99487E-04 -5.17942E-04 
-9.18257E-04 -5.20115E-04 
-9.41678E-04 -5.20122E-04 
-9.64703E-04 -5.18591E-04 
-9.86958E-04 -5.15364E-04 
-1.00801E-03 -5.10256E-04 
-1.02733E-03 -5.02965E-04 
-1.04418E-03 -4.92726E-04 
-1.05708E-03 -4.77014E-04 
-1.06173E-03 -4.47357E-04 
-1.04604E-03 -3.81647E-04 
-9.90868E-04 -2.54084E-04 
-8.97313E-04 -8.91573E-05 
-7.95986E-04 4.66163E-05 
-7.61672E-04 -4.90916E-04 
-7.79718E-04 -4.99747E-04 
-7.88394E-04 -5.03414E-04 
-8.07621E-04 -5.11090E-04 
-8.27745E-04 -5.18500E-04 
-8.48707E-04 -5.25538E-04 
-8.70434E-04 -5.32097E-04 
-8.87715E-04 -5.36772E-04 
-8.92838E-04 -5.38064E-04 
-9.17627E-04 -5.43706E-04 
-9.42916E-04 -5.48387E-04 
-9.68514E-04 -5.51963E-04 
-9.94203E-04 -5.54294E-04 
-1.01390E-03 -5.56035E-04 
-1.03851E-03 -5.54717E-04 
-1.06251E-03 -5.51679E-04 
-1.08547E-03 -5.46772E-04 
-1.10692E-03 -5.39822E-04 
-1.12625E-03 -5.30524E-04 
-1.14260E-03 -5.18048E-04 
-1.15412E-03 -4.99576E-04 
-1.15536E-03 -4.65601E-04 
-1.13113E-03 -3.91421E-04 
-1.05822E-03 -2.48704E-04 
-9.40207E-04 -6.59108E-05 
-8.16757E-04 8.23165E-05 
-8.47903E-04 -5.29022E-04 
-8.67683E-04 -5.38338E-04 
-8.76450E-04 -5.42923E-04 
-8.97323E-04 -5.50863E-04 
-9.19145E-04 -5.58407E-04 
-9.41839E-04 -5.65439E-04 
-9.65315E-04 -5.71842E-04 
-9.83947E-04 -5.76288E-04 
-9.89463E-04 -5.77495E-04 
-1.01610E-03 -5.82613E-04 
-1.04319E-03 -5.86570E-04 
-1.07049E-03 -5.89220E-04 
-1.09776E-03 -5.90421E-04 
-1.11842E-03 -5.91572E-04 
-1.14419E-03 -5.88594E-04 
-1.16910E-03 -5.83706E-04 
-1.19268E-03 -5.76779E-04 
-1.21437E-03 -5.67656E-04 
-1.23351E-03 -5.56034E-04 
-1.24908E-03 -5.41019E-04 
-1.25882E-03 -5.19484E-04 
-1.25594E-03 -4.80829E-04 
-1.22162E-03 -3.97639E-04 
-1.12801E-03 -2.39025E-04 
-9.81763E-04 -3.78086E-05 
-8.33201E-04 1.22841E-04 
-9.42386E-04 -5.67619E-04 
-9.64073E-04 -5.77346E-04 
-9.72824E-04 -5.83219E-04 
-9.95484E-04 -5.91330E-04 
-1.01914E-03 -5.98882E-04 
-1.04370E-03 -6.05750E-04 
-1.06905E-03 -6.11806E-04 
-1.08912E-03 -6.15855E-04 
-1.09505E-03 -6.16925E-04 
-1.12365E-03 -6.21247E-04 
-1.15262E-03 -6.24178E-04 
-1.18170E-03 -6.25570E-04 
-1.21059E-03 -6.25286E-04 
-1.23226E-03 -6.25635E-04 
-1.25914E-03 -6.20600E-04 
-1.28487E-03 -6.13469E-04 
-1.30891E-03 -6.04137E-04 
-1.33066E-03 -5.92473E-04 
-1.34936E-03 -5.78183E-04 
-1.36383E-03 -5.60310E-04 
-1.37135E-03 -5.35411E-04 
-1.36355E-03 -4.91747E-04 
-1.31742E-03 -3.99120E-04 
-1.19986E-03 -2.24132E-04 
-1.02129E-03 -4.31732E-06 
-8.44445E-04 1.68373E-04 
-1.04556E-03 -6.06051E-04 
-1.06936E-03 -6.16063E-04 
-1.07800E-03 -6.23673E-04 
-1.10261E-03 -6.31805E-04 
-1.12826E-03 -6.39178E-04 
-1.15483E-03 -6.45656E-04 
-1.18219E-03 -6.51105E-04 
-1.20381E-03 -6.54530E-04 
-1.21019E-03 -6.55392E-04 
-1.24087E-03 -6.58563E-04 
-1.27181E-03 -6.60078E-04 
-1.30272E-03 -6.59795E-04 
-1.33327E-03 -6.57589E-04 
-1.35600E-03 -6.56852E-04 
-1.38392E-03 -6.49299E-04 
-1.41034E-03 -6.39472E-04 
-1.43466E-03 -6.27303E-04 
-1.45622E-03 -6.12694E-04 
-1.47419E-03 -5.95367E-04 
-1.48719E-03 -5.74311E-04 
-1.49197E-03 -5.45755E-04 
-1.47835E-03 -4.96803E-04 
-1.41852E-03 -3.94459E-04 
-1.27342E-03 -2.02945E-04 
-1.05811E-03 3.51798E-05 
-8.49625E-04 2.19119E-04 
-1.15777E-03 -6.43449E-04 
-1.18389E-03 -6.53547E-04 
-1.19237E-03 -6.63408E-04 
-1.21913E-03 -6.71334E-04 
-1.24696E-03 -6.78256E-04 
-1.27572E-03 -6.84030E-04 
-1.30526E-03 -6.88516E-04 
-1.32852E-03 -6.91017E-04 
-1.33538E-03 -6.91579E-04 
-1.36826E-03 -6.93138E-04 
-1.40128E-03 -6.92746E-04 
-1.43409E-03 -6.90274E-04 
-1.46630E-03 -6.85617E-04 
-1.49016E-03 -6.83423E-04 
-1.51900E-03 -6.72825E-04 
-1.54592E-03 -6.59799E-04 
-1.57029E-03 -6.44321E-04 
-1.59137E-03 -6.26338E-04 
-1.60823E-03 -6.05599E-04 
-1.61933E-03 -5.81038E-04 
-1.62078E-03 -5.48562E-04 
-1.60033E-03 -4.94125E-04 
-1.52473E-03 -3.81992E-04 
-1.34825E-03 -1.74242E-04 
-1.09147E-03 8.13109E-05 
-8.47865E-04 2.75209E-04 
-1.27940E-03 -6.78753E-04 
-1.30813E-03 -6.88638E-04 
-1.31647E-03 -7.01312E-04 
-1.34560E-03 -7.08697E-04 
-1.37583E-03 -7.14783E-04 
-1.40699E-03 -7.19422E-04 
-1.43888E-03 -7.22472E-04 
-1.46392E-03 -7.23656E-04 
-1.47129E-03 -7.23799E-04 
-1.50652E-03 -7.23162E-04 
-1.54170E-03 -7.20252E-04 
-1.57644E-03 -7.14964E-04 
-1.61030E-03 -7.07227E-04 
-1.63538E-03 -7.03106E-04 
-1.66495E-03 -6.88875E-04 
-1.69213E-03 -6.72099E-04 
-1.71623E-03 -6.52811E-04 
-1.73645E-03 -6.31013E-04 
-1.75178E-03 -6.06488E-04 
-1.76046E-03 -5.78125E-04 
-1.75789E-03 -5.41518E-04 
-1.72951E-03 -4.81505E-04 
-1.63588E-03 -3.59778E-04 
-1.42387E-03 -1.36617E-04 
-1.12062E-03 1.34775E-04 
-8.38280E-04 3.36768E-04 
-1.41078E-03 -7.10605E-04 
-1.44242E-03 -7.19842E-04 
-1.45075E-03 -7.35891E-04 
-1.48254E-03 -7.42257E-04 
-1.51543E-03 -7.46978E-04 
-1.54921E-03 -7.49906E-04 
-1.58366E-03 -7.50903E-04 
-1.61061E-03 -7.50272E-04 
-1.61852E-03 -7.49848E-04 
-1.65622E-03 -7.46290E-04 
-1.69363E-03 -7.40124E-04 
-1.73031E-03 -7.31282E-04 
-1.76577E-03 -7.19740E-04 
-1.79213E-03 -7.13113E-04 
-1.82217E-03 -6.94618E-04 
-1.84928E-03 -6.73519E-04 
-1.87271E-03 -6.49919E-04 
-1.89162E-03 -6.23883E-04 
-1.90488E-03 -5.95236E-04 
-1.91052E-03 -5.62831E-04 
-1.90318E-03 -5.21967E-04 
-1.86565E-03 -4.56453E-04 
-1.75156E-03 -3.25678E-04 
-1.49967E-03 -8.86109E-05 
-1.14479E-03 1.96171E-04 
-8.20105E-04 4.03724E-04 
-1.55177E-03 -7.37175E-04 
-1.58668E-03 -7.45168E-04 
-1.59529E-03 -7.65090E-04 
-1.63005E-03 -7.69788E-04 
-1.66589E-03 -7.72446E-04 
-1.70256E-03 -7.72924E-04 
-1.73978E-03 -7.71098E-04 
-1.76876E-03 -7.68039E-04 
-1.77724E-03 -7.66867E-04 
-1.81750E-03 -7.59526E-04 
-1.85718E-03 -7.49246E-04 
-1.89575E-03 -7.36016E-04 
-1.93266E-03 -7.19873E-04 
-1.96035E-03 -7.10060E-04 
-1.99050E-03 -6.86665E-04 
-2.01710E-03 -6.60688E-04 
-2.03936E-03 -6.32312E-04 
-2.05637E-03 -6.01675E-04 
-2.06693E-03 -5.68650E-04 
-2.06883E-03 -5.32063E-04 
-2.05585E-03 -4.86954E-04 
-2.00785E-03 -4.16232E-04 
-1.87077E-03 -2.77399E-04 
-1.57450E-03 -2.87530E-05 
-1.16275E-03 2.65957E-04 
-7.92223E-04 4.75791E-04 
-1.70252E-03 -7.56380E-04 
-1.74108E-03 -7.62332E-04 
-1.75047E-03 -7.86476E-04 
-1.78858E-03 -7.88651E-04 
-1.82769E-03 -7.88351E-04 
-1.86750E-03 -7.85455E-04 
-1.90768E-03 -7.79868E-04 
-1.93880E-03 -7.73656E-04 
-1.94787E-03 -7.71525E-04 
-1.99076E-03 -7.59405E-04 
-2.03266E-03 -7.44051E-04 
-2.07298E-03 -7.25525E-04 
-2.11109E-03 -7.03946E-04 
-2.14010E-03 -6.90183E-04 
-2.16987E-03 -6.61287E-04 
-2.19539E-03 -6.29941E-04 
-2.21582E-03 -5.96413E-04 
-2.23023E-03 -5.60920E-04 
-2.23734E-03 -5.23389E-04 
-2.23467E-03 -4.82630E-04 
-2.21509E-03 -4.33468E-04 
-2.15521E-03 -3.58103E-04 
-1.99250E-03 -2.12722E-04 
-1.64730E-03 4.42549E-05 
-1.17354E-03 3.44336E-04 
-7.53867E-04 5.52387E-04 
-1.86307E-03 -7.65635E-04 
-1.90572E-03 -7.68525E-04 
-1.91663E-03 -7.96987E-04 
-1.95846E-03 -7.95563E-04 
-2.00115E-03 -7.91210E-04 
-2.04433E-03 -7.83842E-04 
-2.08763E-03 -7.73409E-04 
-2.12094E-03 -7.63222E-04 
-2.13062E-03 -7.59896E-04 
-2.17608E-03 -7.41908E-04 
-2.22003E-03 -7.20467E-04 
-2.26182E-03 -6.95724E-04 
-2.30075E-03 -6.67895E-04 
-2.33096E-03 -6.49384E-04 
-2.35968E-03 -6.14495E-04 
-2.38338E-03 -5.77420E-04 
-2.40117E-03 -5.38522E-04 
-2.41212E-03 -4.98097E-04 
-2.41487E-03 -4.56124E-04 
-2.40670E-03 -4.11410E-04 
-2.37945E-03 -3.58627E-04 
-2.30618E-03 -2.79524E-04 
-2.11518E-03 -1.29705E-04 
-1.71659E-03 1.31327E-04 
-1.17592E-03 4.31041E-04 
-7.04145E-04 6.32450E-04 
-2.03300E-03 -7.61885E-04 
-2.08016E-03 -7.60467E-04 
-2.09363E-03 -7.92985E-04 
-2.13956E-03 -7.86677E-04 
-2.18611E-03 -7.76998E-04 
-2.23285E-03 -7.63919E-04 
-2.27933E-03 -7.47448E-04 
-2.31481E-03 -7.32412E-04 
-2.32506E-03 -7.27645E-04 
-2.37291E-03 -7.02679E-04 
-2.41859E-03 -6.74159E-04 
-2.46138E-03 -6.42345E-04 
-2.50054E-03 -6.07565E-04 
-2.53170E-03 -5.83543E-04 
-2.55853E-03 -5.42360E-04 
-2.57947E-03 -4.99418E-04 
-2.59365E-03 -4.55168E-04 
-2.60012E-03 -4.09984E-04 
-2.59749E-03 -3.63895E-04 
-2.58275E-03 -3.15713E-04 
-2.54667E-03 -2.60041E-04 
-2.45847E-03 -1.78501E-04 
-2.23655E-03 -2.70190E-05 
-1.78033E-03 2.32713E-04 
-1.16828E-03 5.25131E-04 
-6.41939E-04 7.14274E-04 
-2.21223E-03 -7.41620E-04 
-2.26430E-03 -7.34453E-04 
-2.28162E-03 -7.70318E-04 
-2.33195E-03 -7.57676E-04 
-2.38253E-03 -7.41282E-04 
-2.43287E-03 -7.21180E-04 
-2.48243E-03 -6.97461E-04 
-2.51990E-03 -6.76718E-04 
-2.53066E-03 -6.70273E-04 
-2.58050E-03 -6.37299E-04 
-2.62734E-03 -6.00842E-04 
-2.67043E-03 -5.61284E-04 
-2.70898E-03 -5.19071E-04 
-2.74062E-03 -4.88914E-04 
-2.76448E-03 -4.41430E-04 
-2.78153E-03 -3.92790E-04 
-2.79092E-03 -3.43530E-04 
-2.79173E-03 -2.94089E-04 
-2.78253E-03 -2.44539E-04 
-2.76005E-03 -1.93709E-04 
-2.71389E-03 -1.36229E-04 
-2.60919E-03 -5.39889E-05 
-2.35384E-03 9.56885E-05 
-1.83613E-03 3.47695E-04 
-1.14889E-03 6.24765E-04 
-5.66146E-04 7.95366E-04 
-2.40065E-03 -7.00952E-04 
-2.45791E-03 -6.86457E-04 
-2.48060E-03 -7.24467E-04 
-2.53550E-03 -7.03958E-04 
-2.59011E-03 -6.79431E-04 
-2.64388E-03 -6.51024E-04 
-2.69621E-03 -6.18929E-04 
-2.73531E-03 -5.91722E-04 
-2.74646E-03 -5.83397E-04 
-2.79759E-03 -5.41588E-04 
-2.84475E-03 -4.96589E-04 
-2.88714E-03 -4.48911E-04 
-2.92396E-03 -3.99118E-04 
-2.95535E-03 -3.62452E-04 
-2.97491E-03 -3.09040E-04 
-2.98670E-03 -2.55267E-04 
-2.98995E-03 -2.01734E-04 
-2.98373E-03 -1.48928E-04 
-2.96664E-03 -9.69518E-05 
-2.93514E-03 -4.46656E-05 
-2.87760E-03 1.31577E-05 
-2.75483E-03 9.38999E-05 
-2.46368E-03 2.37620E-04 
-1.88111E-03 4.74470E-04 
-1.11557E-03 7.27144E-04 
-4.75294E-04 8.72397E-04 
-2.59701E-03 -6.36140E-04 
-2.65952E-03 -6.12782E-04 
-2.68921E-03 -6.51264E-04 
-2.74855E-03 -6.21472E-04 
-2.80692E-03 -5.87573E-04 
-2.86365E-03 -5.49819E-04 
-2.91809E-03 -5.08515E-04 
-2.95821E-03 -4.74350E-04 
-2.96956E-03 -4.64026E-04 
-3.02094E-03 -4.12971E-04 
-3.06722E-03 -3.59282E-04 
-3.10759E-03 -3.03594E-04 
-3.14127E-03 -2.46579E-04 
-3.17137E-03 -2.03450E-04 
-3.18510E-03 -1.44990E-04 
-3.19011E-03 -8.71386E-05 
-3.18569E-03 -3.05445E-05 
-3.17101E-03 2.42831E-05 
-3.14466E-03 7.72294E-05 
-3.10284E-03 1.29386E-04 
-3.03265E-03 1.85704E-04 
-2.89040E-03 2.62328E-04 
-2.56159E-03 3.95378E-04 
-1.91178E-03 6.08931E-04 
-1.06623E-03 8.27602E-04 
-3.68406E-04 9.40589E-04 
-2.80153E-03 -5.43115E-04 
-2.86906E-03 -5.09494E-04 
-2.90739E-03 -5.46409E-04 
-2.97073E-03 -5.06137E-04 
-3.03220E-03 -4.61910E-04 
-3.09106E-03 -4.14099E-04 
-3.14660E-03 -3.63134E-04 
-3.18685E-03 -3.21838E-04 
-3.19811E-03 -3.09496E-04 
-3.24831E-03 -2.49273E-04 
-3.29216E-03 -1.87264E-04 
-3.32884E-03 -1.24208E-04 
-3.35763E-03 -6.08646E-05 
-3.38508E-03 -1.17905E-05 
-3.39122E-03 5.03329E-05 
-3.38773E-03 1.10717E-04 
-3.37399E-03 1.68700E-04 
-3.34928E-03 2.23778E-04 
-3.31222E-03 2.75841E-04 
-3.25874E-03 3.25916E-04 
-3.17464E-03 3.78532E-04 
-3.01158E-03 4.48035E-04 
-2.64346E-03 5.65211E-04 
-1.92463E-03 7.46725E-04 
-9.98170E-04 9.21340E-04 
-2.43505E-04 9.95074E-04 
-3.01303E-03 -4.18617E-04 
-3.08494E-03 -3.73709E-04 
-3.13333E-03 -4.06825E-04 
-3.19979E-03 -3.55343E-04 
-3.26326E-03 -3.00342E-04 
-3.32297E-03 -2.42323E-04 
-3.37818E-03 -1.81832E-04 
-3.41733E-03 -1.33704E-04 
-3.42814E-03 -1.19460E-04 
-3.47533E-03 -5.08201E-05 
-3.51480E-03 1.84711E-05 
-3.54581E-03 8.75945E-05 
-3.56771E-03 1.55735E-04 
-3.59083E-03 2.09647E-04 
-3.58749E-03 2.73502E-04 
-3.57367E-03 3.34373E-04 
-3.54892E-03 3.91618E-04 
-3.51262E-03 4.44769E-04 
-3.46343E-03 4.93744E-04 
-3.39704E-03 5.39480E-04 
-3.29789E-03 5.85925E-04 
-3.11295E-03 6.45052E-04 
-2.70446E-03 7.40900E-04 
-1.91590E-03 8.81481E-04 
-9.09008E-04 1.00212E-03 
-9.92954E-05 1.03004E-03 
-3.23022E-03 -2.60288E-04 
-3.30537E-03 -2.03642E-04 
-3.36487E-03 -2.30762E-04 
-3.43304E-03 -1.67985E-04 
-3.49693E-03 -1.02446E-04 
-3.55573E-03 -3.47631E-05 
-3.60871E-03 3.44129E-05 
-3.64524E-03 8.85299E-05 
-3.65514E-03 1.04399E-04 
-3.69710E-03 1.79965E-04 
-3.72994E-03 2.54786E-04 
-3.75301E-03 3.27999E-04 
-3.76581E-03 3.98778E-04 
-3.78267E-03 4.55820E-04 
-3.76787E-03 5.18984E-04 
-3.74191E-03 5.77861E-04 
-3.70447E-03 6.31867E-04 
-3.65510E-03 6.80606E-04 
-3.59250E-03 7.24034E-04 
-3.51209E-03 7.62978E-04 
-3.39698E-03 8.00636E-04 
-3.18937E-03 8.46029E-04 
-2.74003E-03 9.15080E-04 
-1.88212E-03 1.00605E-03 
-7.96632E-04 1.06334E-03 
6.52999E-05 1.03961E-03 
-3.45128E-03 -6.75380E-05 
-3.52794E-03 6.01684E-07 
-3.59906E-03 -1.85684E-05 
-3.66696E-03 5.48361E-05 
-3.72914E-03 1.29924E-04 
-3.78480E-03 2.05977E-04 
-3.83323E-03 2.82263E-04 
-3.86532E-03 3.40976E-04 
-3.87377E-03 3.58036E-04 
-3.90794E-03 4.38314E-04 
-3.93163E-03 5.16236E-04 
-3.94434E-03 5.90949E-04 
-3.94570E-03 6.61659E-04 
-3.95420E-03 7.19580E-04 
-3.92603E-03 7.79255E-04 
-3.88619E-03 8.33350E-04 
-3.83455E-03 8.81380E-04 
-3.77080E-03 9.23046E-04 
-3.69371E-03 9.58363E-04 
-3.59844E-03 9.88010E-04 
-3.46672E-03 1.01427E-03 
-3.23611E-03 1.04266E-03 
-2.74614E-03 1.07971E-03 
-1.82043E-03 1.11302E-03 
-6.59580E-04 1.09864E-03 
2.50687E-04 1.01850E-03 
-3.67285E-03 1.58890E-04 
-3.74880E-03 2.37383E-04 
-3.83145E-03 2.27581E-04 
-3.89663E-03 3.10048E-04 
-3.95456E-03 3.92827E-04 
-4.00450E-03 4.75130E-04 
-4.04578E-03 5.56176E-04 
-4.07142E-03 6.17534E-04 
-4.07784E-03 6.35195E-04 
-4.10151E-03 7.17273E-04 
-4.11344E-03 7.95261E-04 
-4.11332E-03 8.68361E-04 
-4.10098E-03 9.35866E-04 
-4.09899E-03 9.91973E-04 
-4.05572E-03 1.04513E-03 
-4.00050E-03 1.09151E-03 
-3.93340E-03 1.13075E-03 
-3.85427E-03 1.16269E-03 
-3.76195E-03 1.18739E-03 
-3.65130E-03 1.20536E-03 
-3.50275E-03 1.21779E-03 
-3.24925E-03 1.22619E-03 
-2.71964E-03 1.22658E-03 
-1.72893E-03 1.19527E-03 
-4.97375E-04 1.10235E-03 
4.56313E-04 9.62407E-04 
-3.89093E-03 4.16285E-04 
-3.96343E-03 5.03048E-04 
-4.05684E-03 5.03305E-04 
-4.11644E-03 5.92361E-04 
-4.16725E-03 6.80125E-04 
-4.20860E-03 7.65777E-04 
-4.23995E-03 8.48531E-04 
-4.25704E-03 9.10095E-04 
-4.26083E-03 9.27636E-04 
-4.27126E-03 1.00804E-03 
-4.26888E-03 1.08260E-03 
-4.25359E-03 1.15062E-03 
-4.22547E-03 1.21153E-03 
-4.21100E-03 1.26286E-03 
-4.15120E-03 1.30645E-03 
-4.07946E-03 1.34223E-03 
-3.99603E-03 1.37000E-03 
-3.90094E-03 1.38973E-03 
-3.79305E-03 1.40156E-03 
-3.66697E-03 1.40576E-03 
-3.50178E-03 1.40232E-03 
-3.22609E-03 1.38824E-03 
-2.65867E-03 1.34817E-03 
-1.60702E-03 1.24670E-03 
-3.10846E-04 1.07027E-03 
6.80362E-04 8.68765E-04 
-4.10096E-03 6.99158E-04 
-4.16686E-03 7.91292E-04 
-4.26956E-03 8.01556E-04 
-4.32039E-03 8.93996E-04 
-4.36095E-03 9.83392E-04 
-4.39071E-03 1.06894E-03 
-4.40925E-03 1.14989E-03 
-4.41572E-03 1.20894E-03 
-4.41629E-03 1.22556E-03 
-4.41082E-03 1.30052E-03 
-4.39175E-03 1.36796E-03 
-4.35924E-03 1.42736E-03 
-4.31360E-03 1.47831E-03 
-4.28492E-03 1.52186E-03 
-4.20760E-03 1.55301E-03 
-4.11864E-03 1.57557E-03 
-4.01849E-03 1.58951E-03 
-3.90733E-03 1.59495E-03 
-3.78403E-03 1.59207E-03 
-3.64293E-03 1.58090E-03 
-3.46184E-03 1.56003E-03 
-3.16524E-03 1.52166E-03 
-2.56270E-03 1.43837E-03 
-1.45544E-03 1.26299E-03 
-1.02066E-04 1.00025E-03 
9.19854E-04 7.37165E-04 
-4.29524E-03 9.99028E-04 
-4.35130E-03 1.09289E-03 
-4.46131E-03 1.11227E-03 
-4.50023E-03 1.20427E-03 
-4.52758E-03 1.29145E-03 
-4.54298E-03 1.37306E-03 
-4.54619E-03 1.44843E-03 
-4.54024E-03 1.50209E-03 
-4.53711E-03 1.51698E-03 
-4.51358E-03 1.58269E-03 
-4.47601E-03 1.63942E-03 
-4.42480E-03 1.68684E-03 
-4.36049E-03 1.72475E-03 
-4.31642E-03 1.75775E-03 
-4.22123E-03 1.77408E-03 
-4.11502E-03 1.78134E-03 
-3.99841E-03 1.77967E-03 
-3.87169E-03 1.76934E-03 
-3.73377E-03 1.75057E-03 
-3.57866E-03 1.72308E-03 
-3.38300E-03 1.68399E-03 
-3.06749E-03 1.62044E-03 
-2.43349E-03 1.49264E-03 
-1.27736E-03 1.24196E-03 
1.24335E-04 8.92870E-04 
1.16930E-03 5.70304E-04 
-4.47164E-03 1.30986E-03 
-4.51428E-03 1.40143E-03 
-4.62916E-03 1.42858E-03 
-4.65280E-03 1.51609E-03 
-4.66380E-03 1.59702E-03 
-4.66198E-03 1.67075E-03 
-4.64729E-03 1.73673E-03 
-4.62715E-03 1.78219E-03 
-4.61983E-03 1.79453E-03 
-4.57620E-03 1.84730E-03 
-4.51850E-03 1.88991E-03 
-4.44735E-03 1.92225E-03 
-4.36356E-03 1.94434E-03 
-4.30321E-03 1.96431E-03 
-4.19016E-03 1.96383E-03 
-4.06702E-03 1.95412E-03 
-3.93457E-03 1.93551E-03 
-3.79318E-03 1.90840E-03 
-3.64176E-03 1.87303E-03 
-3.47402E-03 1.82875E-03 
-3.26546E-03 1.77114E-03 
-2.93336E-03 1.68208E-03 
-2.27199E-03 1.50926E-03 
-1.07425E-03 1.18303E-03 
3.66376E-04 7.48881E-04 
1.42636E-03 3.69957E-04 
-4.61925E-03 1.61841E-03 
-4.64546E-03 1.70343E-03 
-4.76279E-03 1.73644E-03 
-4.76847E-03 1.81530E-03 
-4.76077E-03 1.88604E-03 
-4.73971E-03 1.94816E-03 
-4.70544E-03 2.00129E-03 
-4.67006E-03 2.03604E-03 
-4.65829E-03 2.04514E-03 
-4.59353E-03 2.08187E-03 
-4.51505E-03 2.10762E-03 
-4.42372E-03 2.12251E-03 
-4.32057E-03 2.12683E-03 
-4.24390E-03 2.13197E-03 
-4.11385E-03 2.11356E-03 
-3.97493E-03 2.08610E-03 
-3.82803E-03 2.05010E-03 
-3.67358E-03 2.00608E-03 
-3.51046E-03 1.95425E-03 
-3.33206E-03 1.89358E-03 
-3.11288E-03 1.81805E-03 
-2.76722E-03 1.70428E-03 
-2.08354E-03 1.48768E-03 
-8.52827E-04 1.08841E-03 
6.16031E-04 5.73589E-04 
1.68240E-03 1.43563E-04 
-4.73285E-03 1.91591E-03 
-4.73994E-03 1.99015E-03 
-4.85724E-03 2.02681E-03 
-4.84269E-03 2.09305E-03 
-4.81438E-03 2.14987E-03 
-4.77254E-03 2.19695E-03 
-4.71754E-03 2.23409E-03 
-4.66629E-03 2.25596E-03 
-4.64992E-03 2.26122E-03 
-4.56362E-03 2.27932E-03 
-4.46437E-03 2.28605E-03 
-4.35327E-03 2.28178E-03 
-4.23151E-03 2.26701E-03 
-4.13907E-03 2.25615E-03 
-3.99346E-03 2.21937E-03 
-3.84043E-03 2.17407E-03 
-3.68095E-03 2.12093E-03 
-3.51551E-03 2.06053E-03 
-3.34287E-03 1.99305E-03 
-3.15618E-03 1.91702E-03 
-2.92899E-03 1.82480E-03 
-2.57317E-03 1.68788E-03 
-1.87275E-03 1.42987E-03 
-6.18351E-04 9.61812E-04 
8.67491E-04 3.72549E-04 
1.93142E-03 -1.02124E-04 
-4.80598E-03 2.19119E-03 
-4.79180E-03 2.25083E-03 
-4.90681E-03 2.28892E-03 
-4.87044E-03 2.33907E-03 
-4.82035E-03 2.37885E-03 
-4.75699E-03 2.40814E-03 
-4.68092E-03 2.42693E-03 
-4.61379E-03 2.43433E-03 
-4.59286E-03 2.43533E-03 
-4.48543E-03 2.43306E-03 
-4.36621E-03 2.41948E-03 
-4.23648E-03 2.39519E-03 
-4.09757E-03 2.36090E-03 
-3.99058E-03 2.33366E-03 
-3.83142E-03 2.27887E-03 
-3.66648E-03 2.21644E-03 
-3.49680E-03 2.14712E-03 
-3.32282E-03 2.07157E-03 
-3.14325E-03 1.98988E-03 
-2.95092E-03 1.90013E-03 
-2.71864E-03 1.79308E-03 
-2.35638E-03 1.63528E-03 
-1.64521E-03 1.33939E-03 
-3.76993E-04 8.08535E-04 
1.11415E-03 1.52910E-04 
2.16679E-03 -3.58877E-04 
-4.83628E-03 2.43380E-03 
-4.79944E-03 2.47566E-03 
-4.91029E-03 2.51327E-03 
-4.85106E-03 2.54460E-03 
-4.77852E-03 2.56500E-03 
-4.69333E-03 2.57454E-03 
-4.59627E-03 2.57342E-03 
-4.51359E-03 2.56544E-03 
-4.48824E-03 2.56197E-03 
-4.36060E-03 2.53855E-03 
-4.22272E-03 2.50431E-03 
-4.07600E-03 2.46004E-03 
-3.92190E-03 2.40665E-03 
-3.80205E-03 2.36341E-03 
-3.63177E-03 2.29174E-03 
-3.45751E-03 2.21356E-03 
-3.28031E-03 2.12970E-03 
-3.10057E-03 2.04083E-03 
-2.91687E-03 1.94692E-03 
-2.72178E-03 1.84559E-03 
-2.48748E-03 1.72607E-03 
-2.12269E-03 1.55033E-03 
-1.40706E-03 1.22106E-03 
-1.35250E-04 6.34912E-04 
1.34933E-03 -7.74747E-05 
2.38204E-03 -6.18061E-04 
-4.81512E-03 2.63497E-03 
-4.75506E-03 2.65655E-03 
-4.86033E-03 2.69197E-03 
-4.77835E-03 2.70248E-03 
-4.68396E-03 2.70197E-03 
-4.57803E-03 2.69071E-03 
-4.46148E-03 2.66908E-03 
-4.36464E-03 2.64553E-03 
-4.33530E-03 2.63756E-03 
-4.18970E-03 2.59319E-03 
-4.03563E-03 2.53888E-03 
-3.87460E-03 2.47560E-03 
-3.70812E-03 2.40438E-03 
-3.57783E-03 2.34629E-03 
-3.39942E-03 2.25958E-03 
-3.21887E-03 2.16768E-03 
-3.03717E-03 2.07149E-03 
-2.85468E-03 1.97162E-03 
-2.66981E-03 1.86793E-03 
-2.47493E-03 1.75757E-03 
-2.24178E-03 1.62833E-03 
-1.87842E-03 1.43803E-03 
-1.16475E-03 1.08068E-03 
1.00283E-04 4.47992E-04 
1.56649E-03 -3.10381E-04 
2.57103E-03 -8.70981E-04 
-4.74201E-03 2.78566E-03 
-4.65984E-03 2.78606E-03 
-4.75952E-03 2.81862E-03 
-4.65643E-03 2.80792E-03 
-4.54202E-03 2.78639E-03 
-4.41727E-03 2.75448E-03 
-4.28326E-03 2.71276E-03 
-4.17394E-03 2.67418E-03 
-4.14113E-03 2.66191E-03 
-3.98019E-03 2.59771E-03 
-3.81275E-03 2.52481E-03 
-3.64039E-03 2.44429E-03 
-3.46461E-03 2.35728E-03 
-3.32660E-03 2.28617E-03 
-3.14321E-03 2.18687E-03 
-2.95951E-03 2.08385E-03 
-2.77643E-03 1.97798E-03 
-2.59419E-03 1.86987E-03 
-2.41110E-03 1.75917E-03 
-2.21930E-03 1.64259E-03 
-1.99031E-03 1.50665E-03 
-1.63225E-03 1.30558E-03 
-9.26774E-04 9.26221E-04 
3.21405E-04 2.56972E-04 
1.75811E-03 -5.35532E-04 
2.72720E-03 -1.10714E-03 
-4.61920E-03 2.88479E-03 
-4.51610E-03 2.86334E-03 
-4.60989E-03 2.89239E-03 
-4.48679E-03 2.86011E-03 
-4.35376E-03 2.81766E-03 
-4.21193E-03 2.76563E-03 
-4.06251E-03 2.70474E-03 
-3.94250E-03 2.65207E-03 
-3.90678E-03 2.63582E-03 
-3.73324E-03 2.55350E-03 
-3.55538E-03 2.46399E-03 
-3.37474E-03 2.36846E-03 
-3.19282E-03 2.26808E-03 
-3.04988E-03 2.18612E-03 
-2.86468E-03 2.07689E-03 
-2.68097E-03 1.96548E-03 
-2.49956E-03 1.85275E-03 
-2.32056E-03 1.73918E-03 
-2.14209E-03 1.62426E-03 
-1.95617E-03 1.50428E-03 
-1.73428E-03 1.36460E-03 
-1.38524E-03 1.15650E-03 
-6.94180E-04 7.61119E-04 
5.27099E-04 6.51472E-05 
1.92321E-03 -7.49905E-04 
2.84967E-03 -1.32389E-03 
-4.44518E-03 2.92706E-03 
-4.32326E-03 2.88467E-03 
-4.41149E-03 2.91047E-03 
-4.27084E-03 2.85773E-03 
-4.12196E-03 2.79575E-03 
-3.96616E-03 2.72530E-03 
-3.80474E-03 2.64726E-03 
-3.67679E-03 2.58225E-03 
-3.63897E-03 2.56255E-03 
-3.45674E-03 2.46478E-03 
-3.27234E-03 2.36148E-03 
-3.08725E-03 2.25386E-03 
-2.90287E-03 2.14314E-03 
-2.75817E-03 2.05300E-03 
-2.57450E-03 1.93691E-03 
-2.39393E-03 1.82017E-03 
-2.21718E-03 1.70357E-03 
-2.04419E-03 1.58748E-03 
-1.87296E-03 1.47121E-03 
-1.69539E-03 1.35066E-03 
-1.48317E-03 1.21025E-03 
-1.14653E-03 9.98967E-04 
-4.75561E-04 5.93956E-04 
7.09627E-04 -1.18204E-04 
2.05535E-03 -9.43783E-04 
2.93347E-03 -1.51184E-03 
-4.22396E-03 2.91237E-03 
-4.08579E-03 2.85040E-03 
-4.16963E-03 2.87384E-03 
-4.01474E-03 2.80267E-03 
-3.85358E-03 2.72350E-03 
-3.68752E-03 2.63726E-03 
-3.51779E-03 2.54484E-03 
-3.38466E-03 2.46965E-03 
-3.34552E-03 2.44713E-03 
-3.15827E-03 2.33695E-03 
-2.97092E-03 2.22300E-03 
-2.78486E-03 2.10651E-03 
-2.60142E-03 1.98863E-03 
-2.45792E-03 1.89314E-03 
-2.27883E-03 1.77329E-03 
-2.10430E-03 1.65425E-03 
-1.93488E-03 1.53672E-03 
-1.77039E-03 1.42095E-03 
-1.60869E-03 1.30603E-03 
-1.44164E-03 1.18755E-03 
-1.24132E-03 1.04920E-03 
-9.20046E-04 8.38390E-04 
-2.74374E-04 4.29976E-04 
8.66253E-04 -2.88072E-04 
2.15275E-03 -1.11263E-03 
2.97773E-03 -1.66715E-03 
-3.96193E-03 2.84404E-03 
-3.81233E-03 2.76562E-03 
-3.89385E-03 2.78805E-03 
-3.72865E-03 2.70098E-03 
-3.55906E-03 2.60734E-03 
-3.38622E-03 2.50807E-03 
-3.21133E-03 2.40404E-03 
-3.07539E-03 2.32088E-03 
-3.03563E-03 2.29621E-03 
-2.84665E-03 2.17686E-03 
-2.65959E-03 2.05556E-03 
-2.47575E-03 1.93348E-03 
-2.29629E-03 1.81172E-03 
-2.15666E-03 1.71371E-03 
-1.98482E-03 1.59315E-03 
-1.81882E-03 1.47473E-03 
-1.65903E-03 1.35904E-03 
-1.50511E-03 1.24618E-03 
-1.35479E-03 1.13508E-03 
-1.19997E-03 1.02102E-03 
-1.01336E-03 8.87247E-04 
-7.09943E-04 6.80271E-04 
-9.41030E-05 2.74377E-04 
9.94524E-04 -4.39692E-04 
2.21428E-03 -1.25240E-03 
2.98250E-03 -1.78668E-03 
-3.66650E-03 2.72681E-03 
-3.50774E-03 2.63425E-03 
-3.58737E-03 2.65688E-03 
-3.41448E-03 2.55677E-03 
-3.23952E-03 2.45174E-03 
-3.06344E-03 2.34258E-03 
-2.88737E-03 2.23028E-03 
-2.75179E-03 2.14187E-03 
-2.71233E-03 2.11583E-03 
-2.52592E-03 1.99108E-03 
-2.34315E-03 1.86606E-03 
-2.16516E-03 1.74184E-03 
-1.99292E-03 1.61941E-03 
-1.85981E-03 1.52160E-03 
-1.69774E-03 1.40310E-03 
-1.54249E-03 1.28792E-03 
-1.39428E-03 1.17652E-03 
-1.25263E-03 1.06884E-03 
-1.11517E-03 9.63663E-04 
-9.73905E-04 8.56048E-04 
-8.02362E-04 7.28976E-04 
-5.18824E-04 5.28832E-04 
6.32918E-05 1.30933E-04 
1.09347E-03 -5.69955E-04 
2.24015E-03 -1.36090E-03 
2.94900E-03 -1.86918E-03 
-3.34254E-03 2.56634E-03 
-3.17985E-03 2.46342E-03 
-3.26102E-03 2.48829E-03 
-3.08567E-03 2.37876E-03 
-2.90924E-03 2.26548E-03 
-2.73316E-03 2.14960E-03 
-2.55859E-03 2.03208E-03 
-2.42526E-03 1.94062E-03 
-2.38664E-03 1.91386E-03 
-2.20538E-03 1.78676E-03 
-2.02958E-03 1.66116E-03 
-1.86012E-03 1.53798E-03 
-1.69770E-03 1.41799E-03 
-1.57338E-03 1.32309E-03 
-1.42317E-03 1.20937E-03 
-1.28048E-03 1.09989E-03 
-1.14539E-03 9.94978E-04 
-1.01727E-03 8.94465E-04 
-8.93700E-04 7.96964E-04 
-7.66861E-04 6.97424E-04 
-6.11295E-04 5.78805E-04 
-3.49102E-04 3.88050E-04 
1.96205E-04 3.03981E-06 
1.16274E-03 -6.76362E-04 
2.23157E-03 -1.43682E-03 
2.87966E-03 -1.91444E-03 
-3.00129E-03 2.36902E-03 
-2.83836E-03 2.25987E-03 
-2.92188E-03 2.28913E-03 
-2.74714E-03 2.17412E-03 
-2.57326E-03 2.05683E-03 
-2.40120E-03 1.93819E-03 
-2.23196E-03 1.81921E-03 
-2.10365E-03 1.72749E-03 
-2.06663E-03 1.70080E-03 
-1.89379E-03 1.57475E-03 
-1.72753E-03 1.45141E-03 
-1.56865E-03 1.33165E-03 
-1.41777E-03 1.21624E-03 
-1.30362E-03 1.12602E-03 
-1.16652E-03 1.01888E-03 
-1.03745E-03 9.16782E-04 
-9.16329E-04 8.19905E-04 
-8.02397E-04 7.27929E-04 
-6.93202E-04 6.39339E-04 
-5.81155E-04 5.49022E-04 
-4.41985E-04 4.40134E-04 
-2.02055E-04 2.60819E-04 
3.04170E-04 -1.07097E-04 
1.20317E-03 -7.57778E-04 
2.19082E-03 -1.48033E-03 
2.77785E-03 -1.92378E-03 
-2.65003E-03 2.14582E-03 
-2.49112E-03 2.03411E-03 
-2.57920E-03 2.06927E-03 
-2.40816E-03 1.95126E-03 
-2.23915E-03 1.83230E-03 
-2.07336E-03 1.71351E-03 
-1.91175E-03 1.59561E-03 
-1.79026E-03 1.50565E-03 
-1.75538E-03 1.47961E-03 
-1.59351E-03 1.35758E-03 
-1.43932E-03 1.23947E-03 
-1.29329E-03 1.12600E-03 
-1.15582E-03 1.01771E-03 
-1.05328E-03 9.34234E-04 
-9.30429E-04 8.35582E-04 
-8.15832E-04 7.42491E-04 
-7.09266E-04 6.54998E-04 
-6.09874E-04 5.72666E-04 
-5.15198E-04 4.93893E-04 
-4.17954E-04 4.13584E-04 
-2.95213E-04 3.15310E-04 
-7.79783E-05 1.49008E-04 
3.87663E-04 -1.98327E-04 
1.21646E-03 -8.14204E-04 
2.12104E-03 -1.49284E-03 
2.64768E-03 -1.89966E-03 
-2.30048E-03 1.90557E-03 
-2.14683E-03 1.79330E-03 
-2.23945E-03 1.83503E-03 
-2.07571E-03 1.71790E-03 
-1.91568E-03 1.60154E-03 
-1.75963E-03 1.48602E-03 
-1.60843E-03 1.37214E-03 
-1.49543E-03 1.28587E-03 
-1.46310E-03 1.26101E-03 
-1.31374E-03 1.14514E-03 
-1.17263E-03 1.03414E-03 
-1.04038E-03 9.28697E-04 
-9.17153E-04 8.29169E-04 
-8.26823E-04 7.53705E-04 
-7.18557E-04 6.64656E-04 
-6.18582E-04 5.81491E-04 
-5.26539E-04 5.04113E-04 
-4.41483E-04 4.31978E-04 
-3.60984E-04 3.63424E-04 
-2.78113E-04 2.93447E-04 
-1.71401E-04 2.06216E-04 
2.32310E-05 5.39739E-05 
4.47638E-04 -2.70104E-04 
1.20496E-03 -8.46398E-04 
2.02611E-03 -1.47661E-03 
2.49405E-03 -1.84549E-03 
-1.96108E-03 1.65863E-03 
-1.81622E-03 1.54959E-03 
-1.91381E-03 1.59857E-03 
-1.75863E-03 1.48397E-03 
-1.60815E-03 1.37124E-03 
-1.46265E-03 1.26065E-03 
-1.32307E-03 1.15287E-03 
-1.21974E-03 1.07205E-03 
-1.19033E-03 1.04888E-03 
-1.05525E-03 9.41525E-04 
-9.28733E-04 8.39546E-04 
-8.11153E-04 7.43523E-04 
-7.02686E-04 6.53846E-04 
-6.24939E-04 5.87267E-04 
-5.31417E-04 5.08606E-04 
-4.45975E-04 4.35925E-04 
-3.68163E-04 3.69031E-04 
-2.96983E-04 3.07294E-04 
-2.30064E-04 2.49026E-04 
-1.60885E-04 1.89377E-04 
-6.95377E-05 1.13281E-04 
1.02937E-04 -2.42808E-05 
4.86069E-04 -3.23118E-04 
1.17164E-03 -8.56190E-04 
1.91007E-03 -1.43477E-03 
2.32163E-03 -1.76526E-03 
-1.63974E-03 1.41339E-03 
-1.50692E-03 1.31107E-03 
-1.61011E-03 1.36838E-03 
-1.46529E-03 1.25889E-03 
-1.32535E-03 1.15136E-03 
-1.19187E-03 1.04719E-03 
-1.06516E-03 9.46864E-04 
-9.71951E-04 8.72228E-04 
-9.45543E-04 8.50962E-04 
-8.24851E-04 7.52996E-04 
-7.12957E-04 6.60962E-04 
-6.10212E-04 5.75393E-04 
-5.16471E-04 4.96373E-04 
-4.51026E-04 4.39120E-04 
-3.71680E-04 3.71081E-04 
-3.00060E-04 3.08943E-04 
-2.35638E-04 2.52422E-04 
-1.77381E-04 2.00824E-04 
-1.23001E-04 1.52470E-04 
-6.64200E-05 1.02719E-04 
1.06587E-05 3.74063E-05 
1.62019E-04 -8.54405E-05 
5.04937E-04 -3.58073E-04 
1.12035E-03 -8.45999E-04 
1.77884E-03 -1.37168E-03 
2.13755E-03 -1.66458E-03 
-1.33801E-03 1.17396E-03 
-1.21762E-03 1.07940E-03 
-1.32561E-03 1.14436E-03 
-1.19290E-03 1.04171E-03 
-1.06587E-03 9.41985E-04 
-9.45444E-04 8.46340E-04 
-8.32072E-04 7.55274E-04 
-7.49159E-04 6.87792E-04 
-7.25774E-04 6.68614E-04 
-6.19888E-04 5.81038E-04 
-5.23022E-04 4.99842E-04 
-4.34968E-04 4.25055E-04 
-3.55552E-04 3.56758E-04 
-3.01976E-04 3.08775E-04 
-2.36182E-04 2.51224E-04 
-1.77642E-04 1.99392E-04 
-1.25760E-04 1.52908E-04 
-7.94778E-05 1.11020E-04 
-3.66203E-05 7.20748E-05 
8.41631E-06 3.16946E-05 
7.22697E-05 -2.32797E-05 
2.03489E-04 -1.31498E-04 
5.07144E-04 -3.77198E-04 
1.05380E-03 -8.18438E-04 
1.63478E-03 -1.29030E-03 
1.94376E-03 -1.54653E-03 
-1.06386E-03 9.49226E-04 
-9.55628E-04 8.62630E-04 
-1.06855E-03 9.35676E-04 
-9.48903E-04 8.41670E-04 
-8.34964E-04 7.50976E-04 
-7.27921E-04 6.64488E-04 
-6.28110E-04 5.82543E-04 
-5.56004E-04 5.22622E-04 
-5.35770E-04 5.05716E-04 
-4.44624E-04 4.29083E-04 
-3.61951E-04 3.58688E-04 
-2.87675E-04 2.94611E-04 
-2.21643E-04 2.36919E-04 
-1.79048E-04 1.97995E-04 
-1.25782E-04 1.50599E-04 
-7.91696E-05 1.08554E-04 
-3.85715E-05 7.14392E-05 
-2.96598E-06 3.85045E-05 
2.96880E-05 8.16185E-06 
6.45039E-05 -2.36685E-05 
1.16460E-04 -6.90614E-05 
2.28948E-04 -1.63193E-04 
4.95173E-04 -3.82092E-04 
9.75993E-04 -7.76597E-04 
1.48351E-03 -1.19534E-03 
1.74678E-03 -1.41678E-03 
-8.23398E-04 7.46653E-04 
-7.27267E-04 6.68713E-04 
-8.41151E-04 7.46264E-04 
-7.34077E-04 6.60740E-04 
-6.33712E-04 5.79424E-04 
-5.39951E-04 5.02527E-04 
-4.53610E-04 4.30952E-04 
-3.91658E-04 3.79076E-04 
-3.74351E-04 3.64475E-04 
-2.96939E-04 2.98503E-04 
-2.27676E-04 2.38574E-04 
-1.66492E-04 1.84897E-04 
-1.13041E-04 1.37370E-04 
-8.04939E-05 1.06882E-04 
-3.85010E-05 6.88179E-05 
-2.53404E-06 3.57186E-05 
2.80608E-05 7.12245E-06 
5.43022E-05 -1.77536E-05 
7.80875E-05 -4.04240E-05 
1.04030E-04 -6.46417E-05 
1.45469E-04 -1.01349E-04 
2.40782E-04 -1.82178E-04 
4.71795E-04 -3.74941E-04 
8.90404E-04 -7.23596E-04 
1.32919E-03 -1.09091E-03 
1.55097E-03 -1.27990E-03 
-6.14582E-04 5.66522E-04 
-5.32329E-04 4.99047E-04 
-6.46142E-04 5.79988E-04 
-5.49905E-04 5.02190E-04 
-4.61972E-04 4.30216E-04 
-3.81489E-04 3.63511E-04 
-3.07805E-04 3.01576E-04 
-2.55747E-04 2.57263E-04 
-2.41329E-04 2.44901E-04 
-1.77239E-04 1.89546E-04 
-1.20629E-04 1.39980E-04 
-7.11753E-05 9.60152E-05 
-2.87067E-05 5.76853E-05 
-4.78923E-06 3.47086E-05 
2.73709E-05 5.04245E-06 
5.41403E-05 -2.01052E-05 
7.62012E-05 -4.12406E-05 
9.45293E-05 -5.91324E-05 
1.10866E-04 -7.51985E-05 
1.29328E-04 -9.28469E-05 
1.61671E-04 -1.21875E-04 
2.41474E-04 -1.90382E-04 
4.39805E-04 -3.58129E-04 
8.00393E-04 -6.62632E-04 
1.17569E-03 -9.81016E-04 
1.36031E-03 -1.14024E-03 
-4.36780E-04 4.10068E-04 
-3.69441E-04 3.54241E-04 
-4.84002E-04 4.39224E-04 
-3.98462E-04 3.69297E-04 
-3.21237E-04 3.05222E-04 
-2.51924E-04 2.46991E-04 
-1.90020E-04 1.94478E-04 
-1.46816E-04 1.57425E-04 
-1.34894E-04 1.47125E-04 
-8.22692E-05 1.01192E-04 
-3.65373E-05 6.05915E-05 
2.43008E-06 2.54538E-05 
3.49725E-05 -4.37242E-06 
5.12887E-05 -2.05747E-05 
7.48319E-05 -4.27060E-05 
9.36908E-05 -6.08479E-05 
1.08538E-04 -7.55222E-05 
1.20282E-04 -8.74609E-05 
1.30491E-04 -9.79635E-05 
1.42786E-04 -1.10075E-04 
1.67403E-04 -1.32450E-04 
2.33392E-04 -1.89739E-04 
4.01780E-04 -3.33948E-04 
7.08956E-04 -5.96666E-04 
1.02636E-03 -8.69262E-04 
1.17813E-03 -1.00162E-03 
-2.92272E-04 2.80232E-04 
-2.34891E-04 2.32351E-04 
-3.50072E-04 3.20938E-04 
-2.77276E-04 2.60977E-04 
-2.10967E-04 2.05544E-04 
-1.51688E-04 1.55224E-04 
-9.88266E-05 1.09864E-04 
-6.30052E-05 7.88288E-05 
-5.33502E-05 7.04143E-05 
-1.09244E-05 3.30462E-05 
2.50857E-05 7.35320E-07 
5.49604E-05 -2.65590E-05 
7.91419E-05 -4.90833E-05 
8.93264E-05 -5.97123E-05 
1.05866E-04 -7.56219E-05 
1.18338E-04 -8.80080E-05 
1.27407E-04 -9.74053E-05 
1.33929E-04 -1.04522E-04 
1.39306E-04 -1.10542E-04 
1.46695E-04 -1.18158E-04 
1.64905E-04 -1.34919E-04 
2.18771E-04 -1.82172E-04 
3.60081E-04 -3.04596E-04 
6.18717E-04 -5.28412E-04 
8.83989E-04 -7.58840E-04 
1.00712E-03 -8.67326E-04 
-1.79514E-04 1.77177E-04 
-1.28443E-04 1.34311E-04 
-2.41812E-04 2.23926E-04 
-1.80661E-04 1.73166E-04 
-1.25358E-04 1.26666E-04 
-7.55389E-05 8.41810E-05 
-3.14192E-05 4.60026E-05 
-1.68041E-06 1.99563E-05 
6.27868E-06 1.29275E-05 
3.99612E-05 -1.71157E-05 
6.76190E-05 -4.22085E-05 
9.00240E-05 -6.29436E-05 
1.07442E-04 -7.94467E-05 
1.12781E-04 -8.55488E-05 
1.23568E-04 -9.62204E-05 
1.30879E-04 -1.03847E-04 
1.35392E-04 -1.08985E-04 
1.37883E-04 -1.12289E-04 
1.39581E-04 -1.14812E-04 
1.43195E-04 -1.18895E-04 
1.56209E-04 -1.31030E-04 
1.99589E-04 -1.69453E-04 
3.16734E-04 -2.72031E-04 
5.31835E-04 -4.60208E-04 
7.50785E-04 -6.52408E-04 
8.49289E-04 -7.40028E-04 
-9.77425E-05 1.00834E-04 
-5.00601E-05 6.06591E-05 
-1.56448E-04 1.46635E-04 
-1.05230E-04 1.03687E-04 
-5.92996E-05 6.48396E-05 
-1.96736E-05 3.08442E-05 
1.63290E-05 -5.84218E-07 
4.03860E-05 -2.18189E-05 
4.68390E-05 -2.75551E-05 
7.36852E-05 -5.16701E-05 
9.45769E-05 -7.08337E-05 
1.10635E-04 -8.59309E-05 
1.22396E-04 -9.73163E-05 
1.23872E-04 -9.97318E-05 
1.30151E-04 -1.06229E-04 
1.33613E-04 -1.10232E-04 
1.34795E-04 -1.12181E-04 
1.34389E-04 -1.12672E-04 
1.33465E-04 -1.12633E-04 
1.34323E-04 -1.14077E-04 
1.43242E-04 -1.22514E-04 
1.77689E-04 -1.53301E-04 
2.73555E-04 -2.38082E-04 
4.50131E-04 -3.94120E-04 
6.28468E-04 -5.52203E-04 
7.06105E-04 -6.21875E-04 
-4.24009E-05 4.80035E-05 
3.18754E-06 9.33156E-06 
-9.33269E-05 8.87926E-05 
-5.06863E-05 5.28095E-05 
-1.26597E-05 2.03502E-05 
2.01412E-05 -7.98099E-06 
4.84730E-05 -3.28139E-05 
6.74263E-05 -4.96757E-05 
7.24366E-05 -5.41695E-05 
9.30019E-05 -7.28298E-05 
1.08744E-04 -8.74590E-05 
1.19940E-04 -9.81555E-05 
1.27245E-04 -1.05452E-04 
1.25917E-04 -1.05134E-04 
1.28757E-04 -1.08386E-04 
1.29312E-04 -1.09589E-04 
1.28067E-04 -1.09156E-04 
1.25641E-04 -1.07623E-04 
1.22940E-04 -1.05790E-04 
1.21880E-04 -1.05349E-04 
1.27645E-04 -1.10897E-04 
1.54578E-04 -1.35172E-04 
2.31923E-04 -2.04211E-04 
3.74813E-04 -3.31669E-04 
5.17971E-04 -4.59723E-04 
5.78161E-04 -5.14188E-04 
-7.13406E-06 1.34998E-05 
3.51301E-05 -2.25151E-05 
-5.02183E-05 4.89302E-05 
-1.36148E-05 1.77868E-05 
1.79943E-05 -9.46634E-06 
4.55855E-05 -3.35157E-05 
6.81747E-05 -5.34323E-05 
8.20209E-05 -6.58032E-05 
8.56872E-05 -6.91115E-05 
1.01003E-04 -8.31511E-05 
1.11960E-04 -9.34741E-05 
1.19248E-04 -1.00601E-04 
1.23376E-04 -1.04932E-04 
1.20477E-04 -1.03012E-04 
1.21085E-04 -1.04121E-04 
1.19785E-04 -1.03494E-04 
1.17064E-04 -1.01557E-04 
1.13457E-04 -9.87832E-05 
1.09740E-04 -9.58653E-05 
1.07496E-04 -9.42174E-05 
1.10949E-04 -9.76220E-05 
1.31718E-04 -1.16492E-04 
1.93313E-04 -1.71946E-04 
3.07421E-04 -2.74614E-04 
4.20805E-04 -3.76887E-04 
4.66766E-04 -4.18796E-04 
1.30050E-05 -6.85662E-06 
4.99239E-05 -3.84556E-05 
-2.13751E-05 2.20826E-05 
1.00836E-05 -4.89692E-06 
3.36683E-05 -2.53044E-05 
5.77509E-05 -4.64938E-05 
7.62817E-05 -6.30214E-05 
8.77692E-05 -7.33930E-05 
9.05335E-05 -7.59106E-05 
1.00631E-04 -8.52638E-05 
1.07714E-04 -9.20681E-05 
1.12202E-04 -9.66052E-05 
1.14168E-04 -9.88953E-05 
1.10328E-04 -9.59643E-05 
1.09401E-04 -9.55666E-05 
1.06946E-04 -9.37597E-05 
1.03403E-04 -9.09343E-05 
9.92320E-05 -8.75050E-05 
9.50717E-05 -8.40482E-05 
9.22017E-05 -8.17194E-05 
9.40068E-05 -8.35762E-05 
1.09735E-04 -9.79782E-05 
1.57959E-04 -1.41747E-04 
2.47523E-04 -2.22986E-04 
3.35762E-04 -3.03203E-04 
3.70163E-04 -3.34798E-04 
2.27553E-05 -1.72351E-05 
5.32673E-05 -4.33985E-05 
-5.20639E-06 6.88843E-06 
2.34647E-05 -1.79188E-05 
3.99501E-05 -3.22247E-05 
5.87161E-05 -4.88299E-05 
7.37466E-05 -6.23242E-05 
8.32055E-05 -7.09862E-05 
8.55548E-05 -7.31582E-05 
9.42943E-05 -8.13529E-05 
9.88348E-05 -8.58278E-05 
1.01447E-04 -8.86361E-05 
1.01849E-04 -8.94313E-05 
9.75478E-05 -8.59478E-05 
9.56802E-05 -8.45903E-05 
9.26234E-05 -8.21207E-05 
8.87527E-05 -7.88799E-05 
8.44608E-05 -7.52251E-05 
8.02656E-05 -7.16288E-05 
7.71827E-05 -6.90169E-05 
7.78741E-05 -6.98135E-05 
8.95737E-05 -8.06097E-05 
1.26701E-04 -1.14564E-04 
1.95819E-04 -1.77729E-04 
2.63318E-04 -2.39539E-04 
2.88566E-04 -2.62886E-04 
2.58702E-05 -2.10795E-05 
4.93065E-05 -4.10790E-05 
4.86602E-07 1.44044E-06 
3.06965E-05 -2.49750E-05 
4.25249E-05 -3.53104E-05 
5.43245E-05 -4.58519E-05 
6.69330E-05 -5.72513E-05 
7.42819E-05 -6.40240E-05 
7.62012E-05 -6.58226E-05 
8.31844E-05 -7.24780E-05 
8.71799E-05 -7.64968E-05 
8.84040E-05 -7.80122E-05 
8.78908E-05 -7.79151E-05 
8.35382E-05 -7.42774E-05 
8.11947E-05 -7.24082E-05 
7.79715E-05 -6.97055E-05 
7.41662E-05 -6.64391E-05 
7.00936E-05 -6.29004E-05 
6.61636E-05 -5.94680E-05 
6.31677E-05 -5.68700E-05 
6.31605E-05 -5.69920E-05 
7.16970E-05 -6.49318E-05 
9.97661E-05 -9.07870E-05 
1.52135E-04 -1.38981E-04 
2.02819E-04 -1.85707E-04 
2.20958E-04 -2.02589E-04 
2.48442E-05 -2.06831E-05 
4.23395E-05 -3.55232E-05 
1.50026E-08 1.85063E-06 
3.30768E-05 -2.73619E-05 
4.36449E-05 -3.67163E-05 
4.98445E-05 -4.23541E-05 
5.97475E-05 -5.14383E-05 
6.53511E-05 -5.66704E-05 
6.66434E-05 -5.79014E-05 
7.15697E-05 -6.27135E-05 
7.43759E-05 -6.56545E-05 
7.46426E-05 -6.62517E-05 
7.34720E-05 -6.55035E-05 
6.94585E-05 -6.21188E-05 
6.70739E-05 -6.01664E-05 
6.40007E-05 -5.75440E-05 
6.05072E-05 -5.45029E-05 
5.68559E-05 -5.12913E-05 
5.33685E-05 -4.82103E-05 
5.06457E-05 -4.58173E-05 
5.02416E-05 -4.55485E-05 
5.63372E-05 -5.12660E-05 
7.71420E-05 -7.05615E-05 
1.16042E-04 -1.06593E-04 
1.53346E-04 -1.41200E-04 
1.66078E-04 -1.53124E-04 
2.12651E-05 -1.76475E-05 
3.48465E-05 -2.90787E-05 
-3.04528E-06 4.77659E-06 
3.00197E-05 -2.46277E-05 
4.41901E-05 -3.73650E-05 
4.62182E-05 -3.93296E-05 
5.34738E-05 -4.61451E-05 
5.78195E-05 -5.02991E-05 
5.85509E-05 -5.10236E-05 
6.04703E-05 -5.30691E-05 
6.15412E-05 -5.44049E-05 
6.11042E-05 -5.43429E-05 
5.97344E-05 -5.33941E-05 
5.61701E-05 -5.03767E-05 
5.39330E-05 -4.85225E-05 
5.12439E-05 -4.62146E-05 
4.82614E-05 -4.36057E-05 
4.51692E-05 -4.08714E-05 
4.22207E-05 -3.82515E-05 
3.98740E-05 -3.61752E-05 
3.92825E-05 -3.57154E-05 
4.35283E-05 -3.97364E-05 
5.86171E-05 -5.38231E-05 
8.68977E-05 -8.01770E-05 
1.13767E-04 -1.05248E-04 
1.22478E-04 -1.13457E-04 
1.62194E-05 -1.31106E-05 
2.82949E-05 -2.32613E-05 
-6.20714E-06 7.92181E-06 
2.41889E-05 -1.92511E-05 
4.29288E-05 -3.62400E-05 
4.44135E-05 -3.77845E-05 
4.70841E-05 -4.05048E-05 
4.98556E-05 -4.32762E-05 
5.05021E-05 -4.39387E-05 
5.18090E-05 -4.54736E-05 
5.05198E-05 -4.46004E-05 
4.92200E-05 -4.37192E-05 
4.76620E-05 -4.25775E-05 
4.46328E-05 -4.00238E-05 
4.27187E-05 -3.84495E-05 
4.04284E-05 -3.64871E-05 
3.79320E-05 -3.43030E-05 
3.53882E-05 -3.20522E-05 
3.29735E-05 -2.99040E-05 
3.10198E-05 -2.81720E-05 
3.03646E-05 -2.76406E-05 
3.32296E-05 -3.03857E-05 
4.39116E-05 -4.04229E-05 
6.40020E-05 -5.92500E-05 
8.29131E-05 -7.69904E-05 
8.87060E-05 -8.24845E-05 
1.12413E-05 -8.55303E-06 
2.29173E-05 -1.83700E-05 
-7.33798E-06 9.23393E-06 
1.69724E-05 -1.25585E-05 
3.99032E-05 -3.34568E-05 
4.25599E-05 -3.61232E-05 
4.12074E-05 -3.52099E-05 
4.11815E-05 -3.54229E-05 
4.10761E-05 -3.53912E-05 
4.15554E-05 -3.61831E-05 
4.11913E-05 -3.61961E-05 
3.95973E-05 -3.50478E-05 
3.81551E-05 -3.39991E-05 
3.54987E-05 -3.17689E-05 
3.37212E-05 -3.03056E-05 
3.17322E-05 -2.86055E-05 
2.96456E-05 -2.67849E-05 
2.75629E-05 -2.49457E-05 
2.56046E-05 -2.32064E-05 
2.40028E-05 -2.17886E-05 
2.33441E-05 -2.12449E-05 
2.51888E-05 -2.30398E-05 
3.25369E-05 -2.99896E-05 
4.64398E-05 -4.30868E-05 
5.94084E-05 -5.53137E-05 
6.31308E-05 -5.88689E-05 
7.46813E-06 -5.10788E-06 
1.84949E-05 -1.43242E-05 
-6.38437E-06 8.57045E-06 
1.10580E-05 -7.05621E-06 
3.58995E-05 -2.97874E-05 
4.09238E-05 -3.46621E-05 
3.58603E-05 -3.03454E-05 
3.37277E-05 -2.86229E-05 
3.31756E-05 -2.81789E-05 
3.21686E-05 -2.75945E-05 
3.25939E-05 -2.83763E-05 
3.19152E-05 -2.80811E-05 
3.05312E-05 -2.70767E-05 
2.82534E-05 -2.51822E-05 
2.66126E-05 -2.38314E-05 
2.49216E-05 -2.23988E-05 
2.32007E-05 -2.09085E-05 
2.15041E-05 -1.94187E-05 
1.99266E-05 -1.80246E-05 
1.86221E-05 -1.68753E-05 
1.79901E-05 -1.63491E-05 
1.91009E-05 -1.74551E-05 
2.40035E-05 -2.21237E-05 
3.33788E-05 -3.09993E-05 
4.20497E-05 -3.92126E-05 
4.43521E-05 -4.14298E-05 
5.31474E-06 -3.17880E-06 
1.52801E-05 -1.14346E-05 
-3.75550E-06 6.28161E-06 
7.42090E-06 -3.67576E-06 
3.13915E-05 -2.57031E-05 
4.05594E-05 -3.43979E-05 
3.12531E-05 -2.61778E-05 
2.95230E-05 -2.48537E-05 
2.94231E-05 -2.48405E-05 
2.74101E-05 -2.33233E-05 
2.70087E-05 -2.33214E-05 
2.58580E-05 -2.25733E-05 
2.44538E-05 -2.15408E-05 
2.25201E-05 -1.99572E-05 
2.11325E-05 -1.88349E-05 
1.97206E-05 -1.76545E-05 
1.83271E-05 -1.64632E-05 
1.69695E-05 -1.52831E-05 
1.57072E-05 -1.41766E-05 
1.46429E-05 -1.32448E-05 
1.40461E-05 -1.27449E-05 
1.46362E-05 -1.33575E-05 
1.77835E-05 -1.63774E-05 
2.39222E-05 -2.22164E-05 
2.95564E-05 -2.75770E-05 
3.09065E-05 -2.88915E-05 
4.66478E-06 -2.69158E-06 
1.33664E-05 -9.79970E-06 
-8.00239E-08 2.90730E-06 
6.79125E-06 -3.13578E-06 
2.59403E-05 -2.07922E-05 
4.04991E-05 -3.44820E-05 
2.94058E-05 -2.45938E-05 
2.54792E-05 -2.12654E-05 
2.56953E-05 -2.15532E-05 
2.64428E-05 -2.26283E-05 
2.37879E-05 -2.04832E-05 
2.19320E-05 -1.90602E-05 
2.02226E-05 -1.77278E-05 
1.84626E-05 -1.62957E-05 
1.72032E-05 -1.52859E-05 
1.59799E-05 -1.42700E-05 
1.48232E-05 -1.32895E-05 
1.37137E-05 -1.23330E-05 
1.26788E-05 -1.14318E-05 
1.17864E-05 -1.06539E-05 
1.12154E-05 -1.01710E-05 
1.14406E-05 -1.04337E-05 
1.33625E-05 -1.22948E-05 
1.72558E-05 -1.60152E-05 
2.08072E-05 -1.94089E-05 
2.15373E-05 -2.01318E-05 
5.36679E-06 -3.53798E-06 
1.29317E-05 -9.60383E-06 
3.68131E-06 -6.63523E-07 
8.49508E-06 -4.84012E-06 
2.10524E-05 -1.64602E-05 
4.07765E-05 -3.49445E-05 
3.17309E-05 -2.69400E-05 
2.38374E-05 -1.99114E-05 
2.35266E-05 -1.97109E-05 
2.53611E-05 -2.18299E-05 
2.32041E-05 -2.01541E-05 
1.99061E-05 -1.73496E-05 
1.75058E-05 -1.53424E-05 
1.57355E-05 -1.38789E-05 
1.45329E-05 -1.29065E-05 
1.34236E-05 -1.19874E-05 
1.23780E-05 -1.11014E-05 
1.13978E-05 -1.02570E-05 
1.04987E-05 -9.47476E-06 
9.71535E-06 -8.79125E-06 
9.15956E-06 -8.31489E-06 
9.13713E-06 -8.33674E-06 
1.02310E-05 -9.40954E-06 
1.26152E-05 -1.16987E-05 
1.47816E-05 -1.37782E-05 
1.51211E-05 -1.41258E-05 
7.02573E-06 -5.36842E-06 
1.38153E-05 -1.07023E-05 
7.34596E-06 -4.26568E-06 
1.14638E-05 -7.79433E-06 
1.84460E-05 -1.42596E-05 
3.91500E-05 -3.37032E-05 
3.73427E-05 -3.24125E-05 
2.62660E-05 -2.24064E-05 
2.52801E-05 -2.15773E-05 
2.25546E-05 -1.93914E-05 
2.02558E-05 -1.75702E-05 
1.81648E-05 -1.58986E-05 
1.57367E-05 -1.38473E-05 
1.40549E-05 -1.24536E-05 
1.28116E-05 -1.14274E-05 
1.16945E-05 -1.04853E-05 
1.06826E-05 -9.61739E-06 
9.76886E-06 -8.82417E-06 
8.94458E-06 -8.10246E-06 
8.22383E-06 -7.46896E-06 
7.67315E-06 -6.98906E-06 
7.48654E-06 -6.84794E-06 
8.03881E-06 -7.40125E-06 
9.44071E-06 -8.75451E-06 
1.07142E-05 -9.98297E-06 
1.08156E-05 -1.00996E-05 
9.49577E-06 -8.04775E-06 
1.55714E-05 -1.26776E-05 
1.09421E-05 -7.89213E-06 
1.53114E-05 -1.16394E-05 
1.76902E-05 -1.38261E-05 
3.58345E-05 -3.09396E-05 
4.21414E-05 -3.71724E-05 
3.10719E-05 -2.71634E-05 
2.86943E-05 -2.50301E-05 
2.13892E-05 -1.85197E-05 
1.74733E-05 -1.51436E-05 
1.60591E-05 -1.40935E-05 
1.43296E-05 -1.26882E-05 
1.27219E-05 -1.13462E-05 
1.14544E-05 -1.02801E-05 
1.03578E-05 -9.34355E-06 
9.38374E-06 -8.49907E-06 
8.52111E-06 -7.74308E-06 
7.75162E-06 -7.06306E-06 
7.07806E-06 -6.46508E-06 
6.53788E-06 -5.98681E-06 
6.25359E-06 -5.74560E-06 
6.46742E-06 -5.97148E-06 
7.25128E-06 -6.73316E-06 
7.96681E-06 -7.42754E-06 
7.92960E-06 -7.40792E-06 
1.24461E-05 -1.12512E-05 
1.79946E-05 -1.53477E-05 
1.44782E-05 -1.15354E-05 
1.88041E-05 -1.52202E-05 
1.86614E-05 -1.50495E-05 
3.14847E-05 -2.72033E-05 
4.40948E-05 -3.93140E-05 
3.49443E-05 -3.10711E-05 
3.18447E-05 -2.82591E-05 
2.27836E-05 -2.01059E-05 
1.79092E-05 -1.57932E-05 
1.52675E-05 -1.35443E-05 
1.34413E-05 -1.20244E-05 
1.18121E-05 -1.06362E-05 
1.04232E-05 -9.43528E-06 
9.26629E-06 -8.42457E-06 
8.29727E-06 -7.57077E-06 
7.45731E-06 -6.82409E-06 
6.72925E-06 -6.17306E-06 
6.09901E-06 -5.60721E-06 
5.57891E-06 -5.14007E-06 
5.24660E-06 -4.84634E-06 
5.26063E-06 -4.87672E-06 
5.66829E-06 -5.27659E-06 
6.04538E-06 -5.64563E-06 
5.93420E-06 -5.55162E-06 
1.57555E-05 -1.48686E-05 
2.06987E-05 -1.83457E-05 
1.80173E-05 -1.52344E-05 
2.15958E-05 -1.81953E-05 
2.03696E-05 -1.69832E-05 
2.85067E-05 -2.47521E-05 
4.50328E-05 -4.05221E-05 
3.80449E-05 -3.42734E-05 
3.36694E-05 -3.02527E-05 
2.41021E-05 -2.16153E-05 
1.98988E-05 -1.79247E-05 
1.56459E-05 -1.41061E-05 
1.26062E-05 -1.13977E-05 
1.06647E-05 -9.68799E-06 
9.20985E-06 -8.40282E-06 
8.12458E-06 -7.44341E-06 
7.24954E-06 -6.66545E-06 
6.49213E-06 -5.98621E-06 
5.82604E-06 -5.38442E-06 
5.24332E-06 -4.85529E-06 
4.75392E-06 -4.41002E-06 
4.40865E-06 -4.09776E-06 
4.31360E-06 -4.01952E-06 
4.50013E-06 -4.20554E-06 
4.67816E-06 -4.38224E-06 
4.53296E-06 -4.25240E-06 
---
