PdfType: replica
Format: lhagrid1
---
1.00000E-06 1.28121E-06 1.64152E-06 2.10317E-06 2.69463E-06 3.45242E-06 4.42329E-06 5.66715E-06 7.26076E-06 9.30241E-06 1.19180E-05 1.52689E-05 1.95617E-05 2.50609E-05 3.21053E-05 4.11287E-05 5.26863E-05 6.74889E-05 8.64459E-05 1.10720E-04 1.41800E-04 1.81585E-04 2.32503E-04 2.97652E-04 3.80981E-04 4.87518E-04 6.26039E-04 8.00452E-04 1.02297E-03 1.30657E-03 1.66759E-03 2.12729E-03 2.71054E-03 3.44865E-03 4.37927E-03 5.54908E-03 7.01192E-03 8.83064E-03 1.10763E-02 1.38266E-02 1.71641E-02 2.11717E-02 2.59364E-02 3.15062E-02 3.79623E-02 4.53425E-02 5.36750E-02 6.29705E-02 7.32221E-02 8.44039E-02 9.64793E-02 1.09332E-01 1.23067E-01 1.37507E-01 1.52639E-01 1.68416E-01 1.84794E-01 2.01731E-01 2.19016E-01 2.36948E-01 2.55242E-01 2.73927E-01 2.92954E-01 3.12340E-01 3.32036E-01 3.52019E-01 3.72282E-01 3.92772E-01 4.13533E-01 4.34326E-01 4.55495E-01 4.76836E-01 4.98342E-01 5.20006E-01 5.41818E-01 5.63773E-01 5.85861E-01 6.08077E-01 6.30459E-01 6.52800E-01 6.75387E-01 6.98063E-01 7.20830E-01 7.43683E-01 7.66623E-01 7.89636E-01 8.12791E-01 8.35940E-01 8.59175E-01 8.82485E-01 9.05866E-01 9.29311E-01 9.52817E-01 9.76387E-01 1.00000E+00 
1.14018E+00 1.22539E+00 1.32482E+00 1.44156E+00 1.57954E+00 1.74381E+00 1.94091E+00 2.12132E+00 2.17945E+00 2.49622E+00 2.89383E+00 3.39925E+00 4.05063E+00 4.90286E+00 6.03623E+00 7.57063E+00 9.68869E+00 1.26749E+01 1.69835E+01 2.33578E+01 3.30501E+01 4.82334E+01 7.28041E+01 1.13998E+02 1.85779E+02 3.16228E+02 
908 909 
-1.21960E-05 -1.73231E-05 
-1.28042E-05 -1.79791E-05 
-1.36067E-05 -1.90357E-05 
-1.44024E-05 -1.98839E-05 
-1.52691E-05 -2.07936E-05 
-1.62182E-05 -2.17783E-05 
-1.72652E-05 -2.28531E-05 
-1.81548E-05 -2.37573E-05 
-1.84297E-05 -2.40350E-05 
-1.98454E-05 -2.54502E-05 
-2.14647E-05 -2.70355E-05 
-2.33343E-05 -2.88172E-05 
-2.55105E-05 -3.08221E-05 
-2.86460E-05 -3.30967E-05 
-3.21758E-05 -3.57328E-05 
-3.63046E-05 -3.86811E-05 
-4.11421E-05 -4.19748E-05 
-4.68189E-05 -4.56496E-05 
-5.34973E-05 -4.97489E-05 
-6.14102E-05 -5.43440E-05 
-7.10090E-05 -5.96135E-05 
-8.34916E-05 -6.61140E-05 
-1.02031E-04 -7.53521E-05 
-1.31494E-04 -8.94042E-05 
-1.71497E-04 -1.07306E-04 
-2.14162E-04 -1.24627E-04 
-1.44342E-05 -1.96620E-05 
-1.51404E-05 -2.03913E-05 
-1.60753E-05 -2.15953E-05 
-1.69982E-05 -2.25377E-05 
-1.79991E-05 -2.35510E-05 
-1.90914E-05 -2.46502E-05 
-2.02931E-05 -2.58519E-05 
-2.13121E-05 -2.68635E-05 
-2.16268E-05 -2.71742E-05 
-2.32451E-05 -2.87575E-05 
-2.50929E-05 -3.05296E-05 
-2.72225E-05 -3.25173E-05 
-2.96965E-05 -3.47484E-05 
-3.32100E-05 -3.72339E-05 
-3.71671E-05 -4.01267E-05 
-4.17830E-05 -4.33516E-05 
-4.71762E-05 -4.69413E-05 
-5.34867E-05 -5.09306E-05 
-6.08886E-05 -5.53620E-05 
-6.96318E-05 -6.03074E-05 
-8.02053E-05 -6.59530E-05 
-9.39161E-05 -7.28880E-05 
-1.14232E-04 -8.27082E-05 
-1.46447E-04 -9.75878E-05 
-1.90055E-04 -1.16431E-04 
-2.36359E-04 -1.34493E-04 
-1.70040E-05 -2.22828E-05 
-1.78142E-05 -2.30993E-05 
-1.89108E-05 -2.44588E-05 
-1.99697E-05 -2.55119E-05 
-2.11150E-05 -2.66464E-05 
-2.23626E-05 -2.78786E-05 
-2.37333E-05 -2.92267E-05 
-2.48946E-05 -3.03615E-05 
-2.52531E-05 -3.07099E-05 
-2.70955E-05 -3.24844E-05 
-2.91972E-05 -3.44669E-05 
-3.16167E-05 -3.66851E-05 
-3.44230E-05 -3.91668E-05 
-3.83526E-05 -4.18794E-05 
-4.27815E-05 -4.50506E-05 
-4.79345E-05 -4.85734E-05 
-5.39389E-05 -5.24794E-05 
-6.09448E-05 -5.68020E-05 
-6.91378E-05 -6.15822E-05 
-7.87857E-05 -6.68921E-05 
-9.04170E-05 -7.29254E-05 
-1.05455E-04 -8.03050E-05 
-1.27683E-04 -9.07167E-05 
-1.62854E-04 -1.06427E-04 
-2.10320E-04 -1.26191E-04 
-2.60494E-04 -1.44940E-04 
-1.99030E-05 -2.52674E-05 
-2.08268E-05 -2.61847E-05 
-2.21148E-05 -2.77097E-05 
-2.33230E-05 -2.88898E-05 
-2.46276E-05 -3.01628E-05 
-2.60475E-05 -3.15463E-05 
-2.76066E-05 -3.30599E-05 
-2.89271E-05 -3.43334E-05 
-2.93346E-05 -3.47243E-05 
-3.14288E-05 -3.67125E-05 
-3.38162E-05 -3.89286E-05 
-3.65619E-05 -4.14008E-05 
-3.97420E-05 -4.41566E-05 
-4.41314E-05 -4.71108E-05 
-4.90833E-05 -5.05807E-05 
-5.48302E-05 -5.44207E-05 
-6.15085E-05 -5.86610E-05 
-6.92781E-05 -6.33331E-05 
-7.83367E-05 -6.84758E-05 
-8.89706E-05 -7.41607E-05 
-1.01750E-04 -8.05886E-05 
-1.18224E-04 -8.84148E-05 
-1.42516E-04 -9.94124E-05 
-1.80870E-04 -1.15929E-04 
-2.32470E-04 -1.36559E-04 
-2.86759E-04 -1.55912E-04 
-2.31517E-05 -2.86949E-05 
-2.42025E-05 -2.97263E-05 
-2.57124E-05 -3.14286E-05 
-2.70875E-05 -3.27514E-05 
-2.85712E-05 -3.41795E-05 
-3.01852E-05 -3.57321E-05 
-3.19571E-05 -3.74302E-05 
-3.34579E-05 -3.88576E-05 
-3.39210E-05 -3.92953E-05 
-3.63005E-05 -4.15192E-05 
-3.90118E-05 -4.39916E-05 
-4.21267E-05 -4.67405E-05 
-4.57288E-05 -4.97929E-05 
-5.06266E-05 -5.30015E-05 
-5.61594E-05 -5.67886E-05 
-6.25634E-05 -6.09633E-05 
-6.99845E-05 -6.55538E-05 
-7.85926E-05 -7.05889E-05 
-8.85976E-05 -7.61046E-05 
-1.00305E-04 -8.21710E-05 
-1.14329E-04 -8.89948E-05 
-1.32354E-04 -9.72616E-05 
-1.58875E-04 -1.08824E-04 
-2.00656E-04 -1.26096E-04 
-2.56685E-04 -1.47501E-04 
-3.15339E-04 -1.67344E-04 
-2.67936E-05 -3.26409E-05 
-2.79885E-05 -3.37992E-05 
-2.97523E-05 -3.56924E-05 
-3.13165E-05 -3.71729E-05 
-3.30034E-05 -3.87724E-05 
-3.48382E-05 -4.05115E-05 
-3.68526E-05 -4.24124E-05 
-3.85586E-05 -4.40086E-05 
-3.90850E-05 -4.44977E-05 
-4.17894E-05 -4.69789E-05 
-4.48687E-05 -4.97294E-05 
-4.84022E-05 -5.27769E-05 
-5.24810E-05 -5.61475E-05 
-5.79406E-05 -5.96214E-05 
-6.41180E-05 -6.37427E-05 
-7.12485E-05 -6.82677E-05 
-7.94872E-05 -7.32220E-05 
-8.90144E-05 -7.86308E-05 
-1.00052E-04 -8.45265E-05 
-1.12925E-04 -9.09769E-05 
-1.28295E-04 -9.81927E-05 
-1.47994E-04 -1.06886E-04 
-1.76915E-04 -1.18976E-04 
-2.22381E-04 -1.36925E-04 
-2.83141E-04 -1.58980E-04 
-3.46409E-04 -1.79167E-04 
-3.08934E-05 -3.71779E-05 
-3.22530E-05 -3.84755E-05 
-3.43051E-05 -4.05743E-05 
-3.60848E-05 -4.22270E-05 
-3.80035E-05 -4.40137E-05 
-4.00902E-05 -4.59565E-05 
-4.23813E-05 -4.80785E-05 
-4.43215E-05 -4.98581E-05 
-4.49202E-05 -5.04029E-05 
-4.79946E-05 -5.31627E-05 
-5.14920E-05 -5.62129E-05 
-5.54994E-05 -5.95803E-05 
-6.01157E-05 -6.32894E-05 
-6.61951E-05 -6.70376E-05 
-7.30863E-05 -7.15086E-05 
-8.10181E-05 -7.63977E-05 
-9.01548E-05 -8.17269E-05 
-1.00687E-04 -8.75173E-05 
-1.12848E-04 -9.37965E-05 
-1.26984E-04 -1.00629E-04 
-1.43807E-04 -1.08227E-04 
-1.65306E-04 -1.17322E-04 
-1.96804E-04 -1.29889E-04 
-2.46216E-04 -1.48406E-04 
-3.12012E-04 -1.70950E-04 
-3.80136E-04 -1.91304E-04 
-3.55355E-05 -4.23769E-05 
-3.70834E-05 -4.38261E-05 
-3.94617E-05 -4.61453E-05 
-4.14871E-05 -4.79845E-05 
-4.36701E-05 -4.99742E-05 
-4.60443E-05 -5.21377E-05 
-4.86509E-05 -5.44990E-05 
-5.08580E-05 -5.64767E-05 
-5.15388E-05 -5.70816E-05 
-5.50337E-05 -6.01410E-05 
-5.90050E-05 -6.35120E-05 
-6.35475E-05 -6.72199E-05 
-6.87682E-05 -7.12870E-05 
-7.55296E-05 -7.53161E-05 
-8.32091E-05 -8.01507E-05 
-9.20221E-05 -8.54155E-05 
-1.02142E-04 -9.11283E-05 
-1.13770E-04 -9.73050E-05 
-1.27150E-04 -1.03967E-04 
-1.42650E-04 -1.11174E-04 
-1.61034E-04 -1.19138E-04 
-1.84462E-04 -1.28604E-04 
-2.18717E-04 -1.41577E-04 
-2.72336E-04 -1.60527E-04 
-3.43465E-04 -1.83359E-04 
-4.16673E-04 -2.03666E-04 
-4.08214E-05 -4.83091E-05 
-4.25843E-05 -4.99225E-05 
-4.53309E-05 -5.24762E-05 
-4.76359E-05 -5.45160E-05 
-5.01197E-05 -5.67245E-05 
-5.28209E-05 -5.91259E-05 
-5.57863E-05 -6.17448E-05 
-5.82964E-05 -6.39355E-05 
-5.90704E-05 -6.46048E-05 
-6.30417E-05 -6.79847E-05 
-6.75482E-05 -7.16971E-05 
-7.26928E-05 -7.57653E-05 
-7.85906E-05 -8.02087E-05 
-8.60999E-05 -8.45231E-05 
-9.46472E-05 -8.97335E-05 
-1.04426E-04 -9.53835E-05 
-1.15620E-04 -1.01486E-04 
-1.28438E-04 -1.08050E-04 
-1.43137E-04 -1.15090E-04 
-1.60104E-04 -1.22660E-04 
-1.80160E-04 -1.30967E-04 
-2.05647E-04 -1.40759E-04 
-2.42836E-04 -1.54051E-04 
-3.00919E-04 -1.73266E-04 
-3.77665E-04 -1.96143E-04 
-4.56166E-04 -2.16153E-04 
-4.68684E-05 -5.50478E-05 
-4.88755E-05 -5.68382E-05 
-5.20381E-05 -5.96387E-05 
-5.46597E-05 -6.18934E-05 
-5.74844E-05 -6.43368E-05 
-6.05563E-05 -6.69937E-05 
-6.39279E-05 -6.98887E-05 
-6.67808E-05 -7.23071E-05 
-6.76602E-05 -7.30452E-05 
-7.21692E-05 -7.67663E-05 
-7.72778E-05 -8.08404E-05 
-8.30972E-05 -8.52879E-05 
-8.97505E-05 -9.01244E-05 
-9.80771E-05 -9.47256E-05 
-1.07577E-04 -1.00322E-04 
-1.18411E-04 -1.06364E-04 
-1.30773E-04 -1.12858E-04 
-1.44879E-04 -1.19806E-04 
-1.61000E-04 -1.27216E-04 
-1.79540E-04 -1.35129E-04 
-2.01382E-04 -1.43748E-04 
-2.29056E-04 -1.53813E-04 
-2.69353E-04 -1.67316E-04 
-3.32144E-04 -1.86591E-04 
-4.14771E-04 -2.09226E-04 
-4.98749E-04 -2.28650E-04 
-5.38085E-05 -6.26700E-05 
-5.60918E-05 -6.46512E-05 
-5.97236E-05 -6.77072E-05 
-6.27023E-05 -7.01916E-05 
-6.59117E-05 -7.28862E-05 
-6.94018E-05 -7.58165E-05 
-7.32317E-05 -7.90065E-05 
-7.64707E-05 -8.16673E-05 
-7.74688E-05 -8.24786E-05 
-8.25820E-05 -8.65614E-05 
-8.83653E-05 -9.10165E-05 
-9.49380E-05 -9.58609E-05 
-1.02431E-04 -1.01106E-04 
-1.11648E-04 -1.05992E-04 
-1.22188E-04 -1.11982E-04 
-1.34172E-04 -1.18420E-04 
-1.47800E-04 -1.25304E-04 
-1.63298E-04 -1.32629E-04 
-1.80945E-04 -1.40391E-04 
-2.01167E-04 -1.48623E-04 
-2.24905E-04 -1.57514E-04 
-2.54894E-04 -1.67784E-04 
-2.98466E-04 -1.81369E-04 
-3.66193E-04 -2.00462E-04 
-4.54940E-04 -2.22517E-04 
-5.44544E-04 -2.41018E-04 
-6.17885E-05 -7.12582E-05 
-6.43826E-05 -7.34446E-05 
-6.85436E-05 -7.67602E-05 
-7.19230E-05 -7.94893E-05 
-7.55645E-05 -8.24522E-05 
-7.95246E-05 -8.56740E-05 
-8.38692E-05 -8.91778E-05 
-8.75416E-05 -9.20959E-05 
-8.86727E-05 -9.29846E-05 
-9.44625E-05 -9.74489E-05 
-1.00999E-04 -1.02303E-04 
-1.08409E-04 -1.07561E-04 
-1.16832E-04 -1.13226E-04 
-1.27014E-04 -1.18392E-04 
-1.38689E-04 -1.24781E-04 
-1.51921E-04 -1.31614E-04 
-1.66917E-04 -1.38883E-04 
-1.83911E-04 -1.46571E-04 
-2.03192E-04 -1.54663E-04 
-2.25205E-04 -1.63180E-04 
-2.50952E-04 -1.72293E-04 
-2.83378E-04 -1.82687E-04 
-3.30382E-04 -1.96198E-04 
-4.03253E-04 -2.14822E-04 
-4.98323E-04 -2.35901E-04 
-5.93664E-04 -2.53095E-04 
-7.09704E-05 -8.09003E-05 
-7.39123E-05 -8.33076E-05 
-7.86693E-05 -8.68800E-05 
-8.24964E-05 -8.98694E-05 
-8.66213E-05 -9.31179E-05 
-9.11075E-05 -9.66495E-05 
-9.60281E-05 -1.00486E-04 
-1.00185E-04 -1.03676E-04 
-1.01465E-04 -1.04646E-04 
-1.08009E-04 -1.09511E-04 
-1.15383E-04 -1.14781E-04 
-1.23721E-04 -1.20465E-04 
-1.33169E-04 -1.26562E-04 
-1.44395E-04 -1.31997E-04 
-1.57302E-04 -1.38785E-04 
-1.71884E-04 -1.46010E-04 
-1.88354E-04 -1.53652E-04 
-2.06953E-04 -1.61683E-04 
-2.27976E-04 -1.70075E-04 
-2.51887E-04 -1.78834E-04 
-2.79753E-04 -1.88106E-04 
-3.14734E-04 -1.98526E-04 
-3.65314E-04 -2.11779E-04 
-4.43510E-04 -2.29597E-04 
-5.45066E-04 -2.49243E-04 
-6.46206E-04 -2.64689E-04 
-8.15324E-05 -9.16897E-05 
-8.48622E-05 -9.43348E-05 
-9.02891E-05 -9.81524E-05 
-9.46142E-05 -1.01418E-04 
-9.92778E-05 -1.04970E-04 
-1.04351E-04 -1.08830E-04 
-1.09914E-04 -1.13018E-04 
-1.14610E-04 -1.16493E-04 
-1.16055E-04 -1.17549E-04 
-1.23438E-04 -1.22831E-04 
-1.31739E-04 -1.28532E-04 
-1.41102E-04 -1.34653E-04 
-1.51677E-04 -1.41187E-04 
-1.64027E-04 -1.46877E-04 
-1.78268E-04 -1.54062E-04 
-1.94305E-04 -1.61668E-04 
-2.12358E-04 -1.69664E-04 
-2.32671E-04 -1.78010E-04 
-2.55545E-04 -1.86663E-04 
-2.81463E-04 -1.95610E-04 
-3.11553E-04 -2.04968E-04 
-3.49198E-04 -2.15295E-04 
-4.03481E-04 -2.28075E-04 
-4.87149E-04 -2.44692E-04 
-5.95301E-04 -2.62375E-04 
-7.02250E-04 -2.75574E-04 
-9.36717E-05 -1.03726E-04 
-9.74321E-05 -1.06627E-04 
-1.03610E-04 -1.10667E-04 
-1.08487E-04 -1.14225E-04 
-1.13749E-04 -1.18098E-04 
-1.19474E-04 -1.22305E-04 
-1.25751E-04 -1.26861E-04 
-1.31046E-04 -1.30634E-04 
-1.32675E-04 -1.31779E-04 
-1.40986E-04 -1.37494E-04 
-1.50312E-04 -1.43638E-04 
-1.60801E-04 -1.50204E-04 
-1.72610E-04 -1.57176E-04 
-1.86165E-04 -1.63099E-04 
-2.01846E-04 -1.70672E-04 
-2.19448E-04 -1.78644E-04 
-2.39194E-04 -1.86969E-04 
-2.61332E-04 -1.95592E-04 
-2.86166E-04 -2.04456E-04 
-3.14195E-04 -2.13526E-04 
-3.46609E-04 -2.22880E-04 
-3.87017E-04 -2.32978E-04 
-4.45109E-04 -2.45029E-04 
-5.34354E-04 -2.59989E-04 
-6.49154E-04 -2.75099E-04 
-7.61850E-04 -2.85487E-04 
-1.07606E-04 -1.17110E-04 
-1.11843E-04 -1.20287E-04 
-1.18860E-04 -1.24512E-04 
-1.24347E-04 -1.28381E-04 
-1.30271E-04 -1.32592E-04 
-1.36718E-04 -1.37163E-04 
-1.43786E-04 -1.42105E-04 
-1.49744E-04 -1.46188E-04 
-1.51576E-04 -1.47425E-04 
-1.60912E-04 -1.53585E-04 
-1.71365E-04 -1.60179E-04 
-1.83088E-04 -1.67192E-04 
-1.96243E-04 -1.74599E-04 
-2.11086E-04 -1.80728E-04 
-2.28315E-04 -1.88675E-04 
-2.47594E-04 -1.96987E-04 
-2.69146E-04 -2.05606E-04 
-2.93218E-04 -2.14460E-04 
-3.20120E-04 -2.23474E-04 
-3.50360E-04 -2.32587E-04 
-3.85190E-04 -2.41831E-04 
-4.28448E-04 -2.51537E-04 
-4.90428E-04 -2.62565E-04 
-5.85305E-04 -2.75341E-04 
-7.06728E-04 -2.87181E-04 
-8.25035E-04 -2.94123E-04 
-1.23577E-04 -1.31949E-04 
-1.28341E-04 -1.35422E-04 
-1.36289E-04 -1.39779E-04 
-1.42448E-04 -1.43974E-04 
-1.49103E-04 -1.48542E-04 
-1.56349E-04 -1.53493E-04 
-1.64289E-04 -1.58835E-04 
-1.70979E-04 -1.63237E-04 
-1.73034E-04 -1.64568E-04 
-1.83498E-04 -1.71183E-04 
-1.95186E-04 -1.78231E-04 
-2.08256E-04 -1.85688E-04 
-2.22874E-04 -1.93519E-04 
-2.39086E-04 -1.99821E-04 
-2.57976E-04 -2.08119E-04 
-2.79045E-04 -2.16739E-04 
-3.02515E-04 -2.25606E-04 
-3.28633E-04 -2.34632E-04 
-3.57704E-04 -2.43720E-04 
-3.90250E-04 -2.52781E-04 
-4.27580E-04 -2.61791E-04 
-4.73755E-04 -2.70918E-04 
-5.39670E-04 -2.80582E-04 
-6.40172E-04 -2.90566E-04 
-7.68107E-04 -2.98345E-04 
-8.91794E-04 -3.01134E-04 
-1.41852E-04 -1.48343E-04 
-1.47196E-04 -1.52137E-04 
-1.56175E-04 -1.56550E-04 
-1.63071E-04 -1.61090E-04 
-1.70530E-04 -1.66030E-04 
-1.78655E-04 -1.71377E-04 
-1.87557E-04 -1.77131E-04 
-1.95051E-04 -1.81860E-04 
-1.97351E-04 -1.83287E-04 
-2.09051E-04 -1.90361E-04 
-2.22088E-04 -1.97860E-04 
-2.36625E-04 -2.05752E-04 
-2.52825E-04 -2.13991E-04 
-2.70486E-04 -2.20422E-04 
-2.91151E-04 -2.29041E-04 
-3.14124E-04 -2.37926E-04 
-3.39626E-04 -2.46984E-04 
-3.67895E-04 -2.56109E-04 
-3.99234E-04 -2.65180E-04 
-4.34171E-04 -2.74078E-04 
-4.74070E-04 -2.82710E-04 
-5.23210E-04 -2.91040E-04 
-5.93068E-04 -2.98950E-04 
-6.99114E-04 -3.05449E-04 
-8.33343E-04 -3.08272E-04 
-9.62076E-04 -3.06122E-04 
-1.62729E-04 -1.66394E-04 
-1.68709E-04 -1.70532E-04 
-1.78821E-04 -1.74903E-04 
-1.86524E-04 -1.79803E-04 
-1.94866E-04 -1.85132E-04 
-2.03957E-04 -1.90888E-04 
-2.13913E-04 -1.97065E-04 
-2.22287E-04 -2.02125E-04 
-2.24856E-04 -2.03649E-04 
-2.37906E-04 -2.11180E-04 
-2.52412E-04 -2.19124E-04 
-2.68536E-04 -2.27434E-04 
-2.86443E-04 -2.36054E-04 
-3.05629E-04 -2.42566E-04 
-3.28186E-04 -2.51464E-04 
-3.53177E-04 -2.60557E-04 
-3.80819E-04 -2.69736E-04 
-4.11341E-04 -2.78871E-04 
-4.45040E-04 -2.87819E-04 
-4.82443E-04 -2.96423E-04 
-5.24965E-04 -3.04508E-04 
-5.77092E-04 -3.11795E-04 
-6.50850E-04 -3.17505E-04 
-7.62269E-04 -3.19734E-04 
-9.02451E-04 -3.16596E-04 
-1.03577E-03 -3.08641E-04 
-1.86533E-04 -1.86189E-04 
-1.93213E-04 -1.90698E-04 
-2.04559E-04 -1.94898E-04 
-2.13144E-04 -2.00178E-04 
-2.22451E-04 -2.05909E-04 
-2.32598E-04 -2.12085E-04 
-2.43708E-04 -2.18691E-04 
-2.53044E-04 -2.24084E-04 
-2.55906E-04 -2.25704E-04 
-2.70425E-04 -2.33687E-04 
-2.86521E-04 -2.42060E-04 
-3.04359E-04 -2.50765E-04 
-3.24098E-04 -2.59731E-04 
-3.44880E-04 -2.66263E-04 
-3.69444E-04 -2.75387E-04 
-3.96567E-04 -2.84621E-04 
-4.26455E-04 -2.93833E-04 
-4.59327E-04 -3.02873E-04 
-4.95465E-04 -3.11571E-04 
-5.35396E-04 -3.19730E-04 
-5.80575E-04 -3.27077E-04 
-6.35678E-04 -3.33037E-04 
-7.13237E-04 -3.36043E-04 
-8.29752E-04 -3.33118E-04 
-9.75398E-04 -3.22900E-04 
-1.11270E-03 -3.08193E-04 
-2.13629E-04 -2.07805E-04 
-2.21075E-04 -2.12713E-04 
-2.33753E-04 -2.16584E-04 
-2.43298E-04 -2.22259E-04 
-2.53659E-04 -2.28408E-04 
-2.64959E-04 -2.35013E-04 
-2.77325E-04 -2.42051E-04 
-2.87707E-04 -2.47773E-04 
-2.90887E-04 -2.49489E-04 
-3.06998E-04 -2.57911E-04 
-3.24812E-04 -2.66690E-04 
-3.44489E-04 -2.75754E-04 
-3.66187E-04 -2.85020E-04 
-3.88630E-04 -2.91506E-04 
-4.15315E-04 -3.00790E-04 
-4.44680E-04 -3.10078E-04 
-4.76914E-04 -3.19219E-04 
-5.12222E-04 -3.28039E-04 
-5.50869E-04 -3.36339E-04 
-5.93371E-04 -3.43877E-04 
-6.41217E-04 -3.50267E-04 
-6.99251E-04 -3.54583E-04 
-7.80442E-04 -3.54317E-04 
-9.01649E-04 -3.45249E-04 
-1.05210E-03 -3.26713E-04 
-1.19262E-03 -3.04228E-04 
-2.44410E-04 -2.31296E-04 
-2.52695E-04 -2.36633E-04 
-2.66795E-04 -2.39980E-04 
-2.77382E-04 -2.46068E-04 
-2.88889E-04 -2.52646E-04 
-3.01442E-04 -2.59686E-04 
-3.15173E-04 -2.67155E-04 
-3.26687E-04 -2.73201E-04 
-3.30211E-04 -2.75009E-04 
-3.48040E-04 -2.83849E-04 
-3.67699E-04 -2.93002E-04 
-3.89345E-04 -3.02382E-04 
-4.13125E-04 -3.11889E-04 
-4.37286E-04 -3.18254E-04 
-4.66205E-04 -3.27613E-04 
-4.97915E-04 -3.36853E-04 
-5.32589E-04 -3.45798E-04 
-5.70408E-04 -3.54250E-04 
-6.11616E-04 -3.61981E-04 
-6.56713E-04 -3.68697E-04 
-7.07207E-04 -3.73883E-04 
-7.68080E-04 -3.76198E-04 
-8.52651E-04 -3.72027E-04 
-9.77999E-04 -3.55720E-04 
-1.13240E-03 -3.27507E-04 
-1.27519E-03 -2.96143E-04 
-2.79307E-04 -2.56690E-04 
-2.88509E-04 -2.62487E-04 
-3.04106E-04 -2.65078E-04 
-3.15822E-04 -2.71597E-04 
-3.28570E-04 -2.78615E-04 
-3.42481E-04 -2.86094E-04 
-3.57687E-04 -2.93988E-04 
-3.70424E-04 -3.00346E-04 
-3.74318E-04 -3.02242E-04 
-3.93993E-04 -3.11472E-04 
-4.15627E-04 -3.20958E-04 
-4.39368E-04 -3.30596E-04 
-4.65354E-04 -3.40274E-04 
-4.91275E-04 -3.46431E-04 
-5.22537E-04 -3.55765E-04 
-5.56690E-04 -3.64831E-04 
-5.93885E-04 -3.73431E-04 
-6.34277E-04 -3.81343E-04 
-6.78079E-04 -3.88306E-04 
-7.25769E-04 -3.93973E-04 
-7.78860E-04 -3.97676E-04 
-8.42428E-04 -3.97591E-04 
-9.30033E-04 -3.88816E-04 
-1.05880E-03 -3.64065E-04 
-1.21605E-03 -3.24700E-04 
-1.35995E-03 -2.83287E-04 
-3.18786E-04 -2.83979E-04 
-3.28989E-04 -2.90269E-04 
-3.46135E-04 -2.91834E-04 
-3.59069E-04 -2.98802E-04 
-3.73158E-04 -3.06270E-04 
-3.88534E-04 -3.14187E-04 
-4.05329E-04 -3.22496E-04 
-4.19379E-04 -3.29150E-04 
-4.23670E-04 -3.31128E-04 
-4.45320E-04 -3.40710E-04 
-4.69057E-04 -3.50474E-04 
-4.95018E-04 -3.60302E-04 
-5.23328E-04 -3.70061E-04 
-5.51042E-04 -3.75919E-04 
-5.84749E-04 -3.85101E-04 
-6.21434E-04 -3.93843E-04 
-6.61220E-04 -4.01923E-04 
-7.04228E-04 -4.09094E-04 
-7.50635E-04 -4.15063E-04 
-8.00887E-04 -4.19421E-04 
-8.56482E-04 -4.21330E-04 
-9.22540E-04 -4.18406E-04 
-1.01272E-03 -4.04258E-04 
-1.14397E-03 -3.69751E-04 
-1.30274E-03 -3.17646E-04 
-1.44636E-03 -2.64958E-04 
-3.63342E-04 -3.13111E-04 
-3.74638E-04 -3.19927E-04 
-3.93351E-04 -3.20157E-04 
-4.07596E-04 -3.27595E-04 
-4.23128E-04 -3.35521E-04 
-4.40080E-04 -3.43874E-04 
-4.58579E-04 -3.52580E-04 
-4.74034E-04 -3.59509E-04 
-4.78749E-04 -3.61560E-04 
-5.02503E-04 -3.71446E-04 
-5.28470E-04 -3.81422E-04 
-5.56773E-04 -3.91352E-04 
-5.87521E-04 -4.01086E-04 
-6.17043E-04 -4.06541E-04 
-6.53291E-04 -4.15420E-04 
-6.92585E-04 -4.23660E-04 
-7.35014E-04 -4.31014E-04 
-7.80660E-04 -4.37210E-04 
-8.29655E-04 -4.41925E-04 
-8.82402E-04 -4.44684E-04 
-9.40364E-04 -4.44455E-04 
-1.00864E-03 -4.38209E-04 
-1.10081E-03 -4.17854E-04 
-1.23339E-03 -3.72175E-04 
-1.39202E-03 -3.05646E-04 
-1.53369E-03 -2.40419E-04 
-4.13501E-04 -3.43978E-04 
-4.25988E-04 -3.51353E-04 
-4.46239E-04 -3.49910E-04 
-4.61891E-04 -3.57837E-04 
-4.78973E-04 -3.66229E-04 
-4.97612E-04 -3.75009E-04 
-5.17934E-04 -3.84091E-04 
-5.34885E-04 -3.91265E-04 
-5.40052E-04 -3.93379E-04 
-5.66038E-04 -4.03506E-04 
-5.94359E-04 -4.13610E-04 
-6.25122E-04 -4.23536E-04 
-6.58414E-04 -4.33116E-04 
-6.89743E-04 -4.38056E-04 
-7.28618E-04 -4.46449E-04 
-7.70584E-04 -4.53973E-04 
-8.15689E-04 -4.60360E-04 
-8.63968E-04 -4.65313E-04 
-9.15503E-04 -4.68478E-04 
-9.70637E-04 -4.69313E-04 
-1.03077E-03 -4.66567E-04 
-1.10091E-03 -4.56477E-04 
-1.19433E-03 -4.29018E-04 
-1.32684E-03 -3.70662E-04 
-1.48333E-03 -2.87943E-04 
-1.62112E-03 -2.08897E-04 
-4.70733E-04 -3.76920E-04 
-4.84543E-04 -3.84895E-04 
-5.06259E-04 -3.81383E-04 
-5.23442E-04 -3.89829E-04 
-5.42209E-04 -3.98699E-04 
-5.62681E-04 -4.07899E-04 
-5.84974E-04 -4.17329E-04 
-6.03540E-04 -4.24713E-04 
-6.09194E-04 -4.26877E-04 
-6.37576E-04 -4.37168E-04 
-6.68411E-04 -4.47295E-04 
-7.01786E-04 -4.57083E-04 
-7.37763E-04 -4.66346E-04 
-7.70907E-04 -4.70638E-04 
-8.12524E-04 -4.78311E-04 
-8.57250E-04 -4.84850E-04 
-9.05082E-04 -4.89965E-04 
-9.56000E-04 -4.93340E-04 
-1.01002E-03 -4.94592E-04 
-1.06742E-03 -4.93103E-04 
-1.12951E-03 -4.87377E-04 
-1.20107E-03 -4.72809E-04 
-1.29484E-03 -4.37162E-04 
-1.42551E-03 -3.64319E-04 
-1.57742E-03 -2.63300E-04 
-1.70893E-03 -1.68930E-04 
-5.33829E-04 -4.10657E-04 
-5.49061E-04 -4.19250E-04 
-5.72042E-04 -4.13333E-04 
-5.90838E-04 -4.22310E-04 
-6.11377E-04 -4.31650E-04 
-6.33771E-04 -4.41242E-04 
-6.58126E-04 -4.50970E-04 
-6.78376E-04 -4.58510E-04 
-6.84535E-04 -4.60706E-04 
-7.15403E-04 -4.71057E-04 
-7.48832E-04 -4.81075E-04 
-7.84884E-04 -4.90566E-04 
-8.23595E-04 -4.99322E-04 
-8.58486E-04 -5.02841E-04 
-9.02862E-04 -5.09537E-04 
-9.50327E-04 -5.14806E-04 
-1.00082E-03 -5.18340E-04 
-1.05427E-03 -5.19807E-04 
-1.11060E-03 -5.18799E-04 
-1.17002E-03 -5.14623E-04 
-1.23369E-03 -5.05516E-04 
-1.30611E-03 -4.85943E-04 
-1.39912E-03 -4.41238E-04 
-1.52591E-03 -3.52499E-04 
-1.67051E-03 -2.31629E-04 
-1.79321E-03 -1.20966E-04 
-6.04205E-04 -4.45350E-04 
-6.20990E-04 -4.54578E-04 
-6.44956E-04 -4.45907E-04 
-6.65477E-04 -4.55434E-04 
-6.87907E-04 -4.65236E-04 
-7.12346E-04 -4.75186E-04 
-7.38887E-04 -4.85151E-04 
-7.60915E-04 -4.92779E-04 
-7.67607E-04 -4.94985E-04 
-8.01085E-04 -5.05265E-04 
-8.37224E-04 -5.15010E-04 
-8.76054E-04 -5.24003E-04 
-9.17577E-04 -5.32018E-04 
-9.54158E-04 -5.34614E-04 
-1.00133E-03 -5.40015E-04 
-1.05153E-03 -5.43662E-04 
-1.10464E-03 -5.45238E-04 
-1.16049E-03 -5.44400E-04 
-1.21895E-03 -5.40717E-04 
-1.28011E-03 -5.33424E-04 
-1.34497E-03 -5.20463E-04 
-1.41755E-03 -4.95271E-04 
-1.50849E-03 -4.40495E-04 
-1.62898E-03 -3.34229E-04 
-1.76303E-03 -1.91725E-04 
-1.87393E-03 -6.36819E-05 
-6.82413E-04 -4.80539E-04 
-7.00899E-04 -4.90408E-04 
-7.25445E-04 -4.78685E-04 
-7.47812E-04 -4.88771E-04 
-7.72260E-04 -4.99014E-04 
-7.98875E-04 -5.09269E-04 
-8.27731E-04 -5.19384E-04 
-8.51635E-04 -5.27011E-04 
-8.58887E-04 -5.29195E-04 
-8.95103E-04 -5.39237E-04 
-9.34064E-04 -5.48500E-04 
-9.75766E-04 -5.56747E-04 
-1.02017E-03 -5.63732E-04 
-1.05836E-03 -5.65237E-04 
-1.10835E-03 -5.68963E-04 
-1.16125E-03 -5.70579E-04 
-1.21687E-03 -5.69765E-04 
-1.27496E-03 -5.66175E-04 
-1.33529E-03 -5.59365E-04 
-1.39784E-03 -5.48495E-04 
-1.46338E-03 -5.31189E-04 
-1.53532E-03 -4.99756E-04 
-1.62265E-03 -4.33903E-04 
-1.73402E-03 -3.08520E-04 
-1.85376E-03 -1.42714E-04 
-1.94948E-03 3.61659E-06 
-7.68989E-04 -5.15645E-04 
-7.89343E-04 -5.26136E-04 
-8.13912E-04 -5.11155E-04 
-8.38262E-04 -5.21794E-04 
-8.64869E-04 -5.32434E-04 
-8.93800E-04 -5.42911E-04 
-9.25111E-04 -5.53054E-04 
-9.50993E-04 -5.60558E-04 
-9.58835E-04 -5.62681E-04 
-9.97919E-04 -5.72264E-04 
-1.03981E-03 -5.80778E-04 
-1.08448E-03 -5.87967E-04 
-1.13182E-03 -5.93572E-04 
-1.17153E-03 -5.93790E-04 
-1.22432E-03 -5.95394E-04 
-1.27984E-03 -5.94508E-04 
-1.33781E-03 -5.90817E-04 
-1.39791E-03 -5.83983E-04 
-1.45979E-03 -5.73558E-04 
-1.52329E-03 -5.58630E-04 
-1.58889E-03 -5.36484E-04 
-1.65923E-03 -4.98197E-04 
-1.74113E-03 -4.20304E-04 
-1.84010E-03 -2.74324E-04 
-1.94127E-03 -8.37485E-05 
-2.01801E-03 8.15187E-05 
-8.64578E-04 -5.49991E-04 
-8.86992E-04 -5.61055E-04 
-9.10860E-04 -5.42747E-04 
-9.37353E-04 -5.53905E-04 
-9.66282E-04 -5.64862E-04 
-9.97692E-04 -5.75435E-04 
-1.03161E-03 -5.85433E-04 
-1.05959E-03 -5.92646E-04 
-1.06805E-03 -5.94654E-04 
-1.11015E-03 -6.03488E-04 
-1.15509E-03 -6.10912E-04 
-1.20280E-03 -6.16655E-04 
-1.25313E-03 -6.20446E-04 
-1.29425E-03 -6.19148E-04 
-1.34978E-03 -6.18104E-04 
-1.40779E-03 -6.14172E-04 
-1.46791E-03 -6.07057E-04 
-1.52970E-03 -5.96442E-04 
-1.59271E-03 -5.81883E-04 
-1.65661E-03 -5.62403E-04 
-1.72155E-03 -5.34924E-04 
-1.78915E-03 -4.89204E-04 
-1.86352E-03 -3.98378E-04 
-1.94631E-03 -2.30480E-04 
-2.02402E-03 -1.39374E-05 
-2.07754E-03 1.70591E-04 
-9.69441E-04 -5.82613E-04 
-9.94133E-04 -5.94148E-04 
-1.01639E-03 -5.72656E-04 
-1.04521E-03 -5.84250E-04 
-1.07665E-03 -5.95388E-04 
-1.11072E-03 -6.05867E-04 
-1.14742E-03 -6.15475E-04 
-1.17761E-03 -6.22173E-04 
-1.18673E-03 -6.23993E-04 
-1.23198E-03 -6.31702E-04 
-1.28009E-03 -6.37604E-04 
-1.33090E-03 -6.41422E-04 
-1.38423E-03 -6.42880E-04 
-1.42663E-03 -6.39798E-04 
-1.48480E-03 -6.35507E-04 
-1.54510E-03 -6.27931E-04 
-1.60705E-03 -6.16804E-04 
-1.67013E-03 -6.01846E-04 
-1.73374E-03 -5.82636E-04 
-1.79738E-03 -5.58131E-04 
-1.86078E-03 -5.24880E-04 
-1.92432E-03 -4.71235E-04 
-1.98876E-03 -3.66764E-04 
-2.05111E-03 -1.75968E-04 
-2.09991E-03 6.72433E-05 
-2.12560E-03 2.70854E-04 
-1.08388E-03 -6.12415E-04 
-1.11110E-03 -6.24251E-04 
-1.13064E-03 -5.99983E-04 
-1.16203E-03 -6.11859E-04 
-1.19619E-03 -6.22963E-04 
-1.23313E-03 -6.33068E-04 
-1.27281E-03 -6.41947E-04 
-1.30535E-03 -6.47828E-04 
-1.31516E-03 -6.49367E-04 
-1.36371E-03 -6.55465E-04 
-1.41508E-03 -6.59307E-04 
-1.46906E-03 -6.60616E-04 
-1.52536E-03 -6.59128E-04 
-1.56890E-03 -6.53945E-04 
-1.62951E-03 -6.45741E-04 
-1.69180E-03 -6.33869E-04 
-1.75519E-03 -6.18113E-04 
-1.81902E-03 -5.98249E-04 
-1.88259E-03 -5.73888E-04 
-1.94516E-03 -5.43936E-04 
-2.00600E-03 -5.04552E-04 
-2.06396E-03 -4.42623E-04 
-2.11574E-03 -3.24033E-04 
-2.15287E-03 -1.09799E-04 
-2.16676E-03 1.60171E-04 
-2.15961E-03 3.82088E-04 
-1.20802E-03 -6.38076E-04 
-1.23805E-03 -6.49948E-04 
-1.25361E-03 -6.23642E-04 
-1.28782E-03 -6.35544E-04 
-1.32498E-03 -6.46285E-04 
-1.36503E-03 -6.55622E-04 
-1.40790E-03 -6.63314E-04 
-1.44294E-03 -6.67983E-04 
-1.45348E-03 -6.69119E-04 
-1.50547E-03 -6.72994E-04 
-1.56019E-03 -6.74117E-04 
-1.61733E-03 -6.72225E-04 
-1.67654E-03 -6.67081E-04 
-1.72104E-03 -6.59431E-04 
-1.78382E-03 -6.46595E-04 
-1.84770E-03 -6.29751E-04 
-1.91198E-03 -6.08755E-04 
-1.97590E-03 -5.83451E-04 
-2.03861E-03 -5.53506E-04 
-2.09916E-03 -5.17777E-04 
-2.15624E-03 -4.72029E-04 
-2.20690E-03 -4.01651E-04 
-2.24297E-03 -2.68808E-04 
-2.24962E-03 -3.12018E-05 
-2.22207E-03 2.64806E-04 
-2.17677E-03 5.03517E-04 
-1.34197E-03 -6.58074E-04 
-1.37514E-03 -6.69594E-04 
-1.38530E-03 -6.42364E-04 
-1.42269E-03 -6.53894E-04 
-1.46315E-03 -6.63798E-04 
-1.50660E-03 -6.71824E-04 
-1.55290E-03 -6.77725E-04 
-1.59058E-03 -6.80678E-04 
-1.60188E-03 -6.81258E-04 
-1.65746E-03 -6.82153E-04 
-1.71558E-03 -6.79769E-04 
-1.77584E-03 -6.73874E-04 
-1.83780E-03 -6.64278E-04 
-1.88307E-03 -6.53739E-04 
-1.94760E-03 -6.35528E-04 
-2.01251E-03 -6.13044E-04 
-2.07699E-03 -5.86233E-04 
-2.14017E-03 -5.55032E-04 
-2.20104E-03 -5.19172E-04 
-2.25844E-03 -4.77476E-04 
-2.31039E-03 -4.25314E-04 
-2.35182E-03 -3.46576E-04 
-2.36881E-03 -1.99777E-04 
-2.33919E-03 6.03861E-05 
-2.26314E-03 3.80742E-04 
-2.17412E-03 6.33883E-04 
-1.48565E-03 -6.70637E-04 
-1.52233E-03 -6.81266E-04 
-1.52561E-03 -6.54628E-04 
-1.56656E-03 -6.65206E-04 
-1.61068E-03 -6.73622E-04 
-1.65783E-03 -6.79620E-04 
-1.70781E-03 -6.82959E-04 
-1.74827E-03 -6.83573E-04 
-1.76038E-03 -6.83411E-04 
-1.81963E-03 -6.80429E-04 
-1.88113E-03 -6.73632E-04 
-1.94438E-03 -6.62844E-04 
-2.00883E-03 -6.47944E-04 
-2.05462E-03 -6.34058E-04 
-2.12031E-03 -6.09756E-04 
-2.18551E-03 -5.81030E-04 
-2.24932E-03 -5.47937E-04 
-2.31072E-03 -5.10521E-04 
-2.36861E-03 -4.68593E-04 
-2.42154E-03 -4.20950E-04 
-2.46680E-03 -3.62576E-04 
-2.49685E-03 -2.75907E-04 
-2.49112E-03 -1.16018E-04 
-2.41906E-03 1.64927E-04 
-2.28708E-03 5.06735E-04 
-2.14866E-03 7.70949E-04 
-1.63842E-03 -6.73615E-04 
-1.67901E-03 -6.82643E-04 
-1.67393E-03 -6.58499E-04 
-1.71890E-03 -6.67336E-04 
-1.76707E-03 -6.73412E-04 
-1.81823E-03 -6.76484E-04 
-1.87211E-03 -6.76329E-04 
-1.91547E-03 -6.73870E-04 
-1.92839E-03 -6.72752E-04 
-1.99133E-03 -6.64875E-04 
-2.05609E-03 -6.52678E-04 
-2.12206E-03 -6.36068E-04 
-2.18855E-03 -6.15017E-04 
-2.23456E-03 -5.97315E-04 
-2.30062E-03 -5.66311E-04 
-2.36517E-03 -5.30887E-04 
-2.42719E-03 -4.91228E-04 
-2.48559E-03 -4.47500E-04 
-2.53913E-03 -3.99602E-04 
-2.58610E-03 -3.46312E-04 
-2.62297E-03 -2.82251E-04 
-2.63934E-03 -1.88504E-04 
-2.60699E-03 -1.70805E-05 
-2.48601E-03 2.81712E-04 
-2.29044E-03 6.40675E-04 
-2.09697E-03 9.11508E-04 
-1.79977E-03 -6.64778E-04 
-1.84466E-03 -6.71308E-04 
-1.82993E-03 -6.51882E-04 
-1.87938E-03 -6.57959E-04 
-1.93198E-03 -6.60636E-04 
-1.98744E-03 -6.59701E-04 
-2.04539E-03 -6.54972E-04 
-2.09167E-03 -6.48618E-04 
-2.10541E-03 -6.46308E-04 
-2.17193E-03 -6.32445E-04 
-2.23965E-03 -6.13839E-04 
-2.30787E-03 -5.90503E-04 
-2.37578E-03 -5.62533E-04 
-2.42159E-03 -5.40578E-04 
-2.48698E-03 -5.02449E-04 
-2.54969E-03 -4.60100E-04 
-2.60860E-03 -4.13859E-04 
-2.66254E-03 -3.64019E-04 
-2.71018E-03 -3.10570E-04 
-2.74955E-03 -2.52276E-04 
-2.77617E-03 -1.83429E-04 
-2.77641E-03 -8.39434E-05 
-2.71341E-03 9.66734E-05 
-2.53685E-03 4.09084E-04 
-2.27004E-03 7.79369E-04 
-2.01613E-03 1.05124E-03 
-1.96889E-03 -6.41703E-04 
-2.01844E-03 -6.44668E-04 
-1.99304E-03 -6.32375E-04 
-2.04744E-03 -6.34456E-04 
-2.10480E-03 -6.32496E-04 
-2.16474E-03 -6.26337E-04 
-2.22679E-03 -6.15863E-04 
-2.27593E-03 -6.04756E-04 
-2.29044E-03 -6.01012E-04 
-2.36021E-03 -5.80086E-04 
-2.43039E-03 -5.54130E-04 
-2.50014E-03 -5.23297E-04 
-2.56856E-03 -4.87823E-04 
-2.61361E-03 -4.61276E-04 
-2.67704E-03 -4.15892E-04 
-2.73644E-03 -3.66723E-04 
-2.79068E-03 -3.14241E-04 
-2.83851E-03 -2.58865E-04 
-2.87853E-03 -2.00671E-04 
-2.90851E-03 -1.38412E-04 
-2.92295E-03 -6.61057E-05 
-2.90458E-03 3.72502E-05 
-2.80686E-03 2.23855E-04 
-2.56812E-03 5.44238E-04 
-2.22262E-03 9.18399E-04 
-1.90338E-03 1.18464E-03 
-2.14425E-03 -6.01969E-04 
-2.19873E-03 -6.00179E-04 
-2.16213E-03 -5.97445E-04 
-2.22185E-03 -5.94127E-04 
-2.28418E-03 -5.86180E-04 
-2.34863E-03 -5.73524E-04 
-2.41463E-03 -5.56137E-04 
-2.46638E-03 -5.39460E-04 
-2.48157E-03 -5.34059E-04 
-2.55401E-03 -5.05120E-04 
-2.62585E-03 -4.71069E-04 
-2.69613E-03 -4.32217E-04 
-2.76386E-03 -3.88962E-04 
-2.80745E-03 -3.57655E-04 
-2.86733E-03 -3.05280E-04 
-2.92175E-03 -2.49814E-04 
-2.96953E-03 -1.91862E-04 
-3.00945E-03 -1.31959E-04 
-3.04003E-03 -7.02518E-05 
-3.05879E-03 -5.48264E-06 
-3.05912E-03 6.85284E-05 
-3.01970E-03 1.73348E-04 
-2.88333E-03 3.61857E-04 
-2.57609E-03 6.83127E-04 
-2.14506E-03 1.05213E-03 
-1.75634E-03 1.30509E-03 
-2.32432E-03 -5.43415E-04 
-2.38383E-03 -5.35637E-04 
-2.33612E-03 -5.44661E-04 
-2.40133E-03 -5.34477E-04 
-2.46862E-03 -5.19190E-04 
-2.53736E-03 -4.98828E-04 
-2.60688E-03 -4.73487E-04 
-2.66075E-03 -4.50564E-04 
-2.67646E-03 -4.43332E-04 
-2.75066E-03 -4.05699E-04 
-2.82301E-03 -3.63136E-04 
-2.89248E-03 -3.16124E-04 
-2.95801E-03 -2.65226E-04 
-2.99924E-03 -2.29242E-04 
-3.05373E-03 -1.70619E-04 
-3.10127E-03 -1.09856E-04 
-3.14069E-03 -4.76770E-05 
-3.17079E-03 1.52949E-05 
-3.19008E-03 7.88622E-05 
-3.19583E-03 1.44293E-04 
-3.18022E-03 2.17865E-04 
-3.11751E-03 3.21258E-04 
-2.93887E-03 5.06765E-04 
-2.55742E-03 8.20497E-04 
-2.03492E-03 1.17391E-03 
-1.57366E-03 1.40523E-03 
-2.50707E-03 -4.64378E-04 
-2.57148E-03 -4.49438E-04 
-2.51345E-03 -4.71960E-04 
-2.58409E-03 -4.53495E-04 
-2.65602E-03 -4.29642E-04 
-2.72851E-03 -4.00559E-04 
-2.80078E-03 -3.66478E-04 
-2.85604E-03 -3.36873E-04 
-2.87202E-03 -3.27710E-04 
-2.94668E-03 -2.81096E-04 
-3.01806E-03 -2.30044E-04 
-3.08505E-03 -1.75203E-04 
-3.14657E-03 -1.17296E-04 
-3.18435E-03 -7.70226E-05 
-3.23146E-03 -1.33967E-05 
-3.27009E-03 5.11782E-05 
-3.29916E-03 1.15890E-04 
-3.31754E-03 1.80061E-04 
-3.32378E-03 2.43472E-04 
-3.31488E-03 3.07400E-04 
-3.28172E-03 3.78090E-04 
-3.19376E-03 4.76785E-04 
-2.96970E-03 6.53703E-04 
-2.50913E-03 9.50341E-04 
-1.89039E-03 1.27661E-03 
-1.35474E-03 1.47753E-03 
-2.68892E-03 -3.64678E-04 
-2.75779E-03 -3.41643E-04 
-2.69107E-03 -3.78626E-04 
-2.76667E-03 -3.50745E-04 
-2.84254E-03 -3.17440E-04 
-2.91784E-03 -2.79021E-04 
-2.99172E-03 -2.35867E-04 
-3.04733E-03 -1.99517E-04 
-3.06326E-03 -1.88439E-04 
-3.13676E-03 -1.33116E-04 
-3.20535E-03 -7.41736E-05 
-3.26793E-03 -1.24156E-05 
-3.32344E-03 5.13020E-05 
-3.35660E-03 9.51201E-05 
-3.39426E-03 1.62002E-04 
-3.42202E-03 2.28454E-04 
-3.43889E-03 2.93620E-04 
-3.44388E-03 3.56809E-04 
-3.43558E-03 4.17813E-04 
-3.41075E-03 4.77907E-04 
-3.35888E-03 5.43146E-04 
-3.24434E-03 6.33707E-04 
-2.97265E-03 7.96079E-04 
-2.42965E-03 1.06545E-03 
-1.71201E-03 1.35263E-03 
-1.10202E-03 1.51466E-03 
-2.86731E-03 -2.44604E-04 
-2.93987E-03 -2.12823E-04 
-2.86682E-03 -2.64381E-04 
-2.94653E-03 -2.26288E-04 
-3.02525E-03 -1.83041E-04 
-3.10207E-03 -1.35102E-04 
-3.17604E-03 -8.30046E-05 
-3.23073E-03 -4.02209E-05 
-3.24623E-03 -2.73519E-05 
-3.31661E-03 3.58800E-05 
-3.38037E-03 1.01592E-04 
-3.43644E-03 1.68857E-04 
-3.48383E-03 2.36721E-04 
-3.51108E-03 2.83042E-04 
-3.53730E-03 3.51068E-04 
-3.55232E-03 4.17163E-04 
-3.55534E-03 4.80474E-04 
-3.54551E-03 5.40343E-04 
-3.52150E-03 5.96606E-04 
-3.47981E-03 6.50516E-04 
-3.40848E-03 7.07759E-04 
-3.26649E-03 7.86738E-04 
-2.94571E-03 9.28452E-04 
-2.31814E-03 1.16009E-03 
-1.50044E-03 1.39616E-03 
-8.17527E-04 1.51126E-03 
-3.03818E-03 -1.06331E-04 
-3.11335E-03 -6.55568E-05 
-3.03704E-03 -1.30759E-04 
-3.11960E-03 -8.21582E-05 
-3.19971E-03 -2.90027E-05 
-3.27639E-03 2.80943E-05 
-3.34868E-03 8.84599E-05 
-3.40098E-03 1.36950E-04 
-3.41561E-03 1.51365E-04 
-3.48074E-03 2.21153E-04 
-3.53751E-03 2.92003E-04 
-3.58495E-03 3.62906E-04 
-3.62218E-03 4.32859E-04 
-3.64228E-03 4.80388E-04 
-3.65529E-03 5.47211E-04 
-3.65604E-03 6.10563E-04 
-3.64392E-03 6.69648E-04 
-3.61828E-03 7.23885E-04 
-3.57787E-03 7.73177E-04 
-3.51894E-03 8.18731E-04 
-3.42797E-03 8.65656E-04 
-3.25841E-03 9.29853E-04 
-2.88818E-03 1.04505E-03 
-2.17572E-03 1.22887E-03 
-1.25907E-03 1.40258E-03 
-5.06485E-04 1.46385E-03 
-3.19773E-03 4.68327E-05 
-3.27416E-03 9.64302E-05 
-3.19817E-03 1.95591E-05 
-3.28199E-03 7.84248E-05 
-3.36172E-03 1.40913E-04 
-3.43637E-03 2.06278E-04 
-3.50498E-03 2.73732E-04 
-3.55334E-03 3.26834E-04 
-3.56664E-03 3.42448E-04 
-3.62435E-03 4.16986E-04 
-3.67203E-03 4.90954E-04 
-3.70882E-03 5.63313E-04 
-3.73405E-03 6.33069E-04 
-3.74589E-03 6.80360E-04 
-3.74429E-03 7.43578E-04 
-3.72965E-03 8.01838E-04 
-3.70158E-03 8.54444E-04 
-3.65963E-03 9.00933E-04 
-3.60268E-03 9.41294E-04 
-3.52665E-03 9.76646E-04 
-3.41647E-03 1.01131E-03 
-3.21991E-03 1.05795E-03 
-2.80099E-03 1.14132E-03 
-2.00516E-03 1.26816E-03 
-9.92817E-04 1.36961E-03 
-1.75471E-04 1.37165E-03 
-3.34263E-03 2.10452E-04 
-3.41876E-03 2.68361E-04 
-3.34701E-03 1.82801E-04 
-3.43019E-03 2.51207E-04 
-3.50755E-03 3.21992E-04 
-3.57813E-03 3.94308E-04 
-3.64102E-03 4.67283E-04 
-3.68387E-03 5.23641E-04 
-3.69538E-03 5.40036E-04 
-3.74359E-03 6.17226E-04 
-3.78022E-03 6.92075E-04 
-3.80462E-03 7.63578E-04 
-3.81633E-03 8.30802E-04 
-3.81898E-03 8.76372E-04 
-3.80182E-03 9.33709E-04 
-3.77115E-03 9.84729E-04 
-3.72683E-03 1.02888E-03 
-3.66863E-03 1.06584E-03 
-3.59549E-03 1.09570E-03 
-3.50306E-03 1.11943E-03 
-3.37463E-03 1.14036E-03 
-3.15234E-03 1.16724E-03 
-2.68659E-03 1.21432E-03 
-1.81071E-03 1.27639E-03 
-7.08092E-04 1.29759E-03 
1.67631E-04 1.23674E-03 
-3.46974E-03 3.80438E-04 
-3.54401E-03 4.45788E-04 
-3.48058E-03 3.55287E-04 
-3.56111E-03 4.32007E-04 
-3.63407E-03 5.09603E-04 
-3.69856E-03 5.87158E-04 
-3.75377E-03 6.63764E-04 
-3.78966E-03 7.21817E-04 
-3.79898E-03 7.38525E-04 
-3.83584E-03 8.16080E-04 
-3.85979E-03 8.89480E-04 
-3.87042E-03 9.57806E-04 
-3.86751E-03 1.02025E-03 
-3.86030E-03 1.06264E-03 
-3.82711E-03 1.11207E-03 
-3.78029E-03 1.15401E-03 
-3.71993E-03 1.18809E-03 
-3.64601E-03 1.21416E-03 
-3.55754E-03 1.23238E-03 
-3.44985E-03 1.24356E-03 
-3.30459E-03 1.24981E-03 
-3.05843E-03 1.25535E-03 
-2.54869E-03 1.26269E-03 
-1.59782E-03 1.25398E-03 
-4.12262E-04 1.18917E-03 
5.14237E-04 1.06367E-03 
-3.57766E-03 5.53498E-04 
-3.64849E-03 6.25095E-04 
-3.59726E-03 5.33864E-04 
-3.67308E-03 6.17216E-04 
-3.73962E-03 6.99741E-04 
-3.79609E-03 7.80502E-04 
-3.84180E-03 8.58599E-04 
-3.86944E-03 9.16651E-04 
-3.87621E-03 9.33172E-04 
-3.90017E-03 1.00872E-03 
-3.91016E-03 1.07834E-03 
-3.90602E-03 1.14125E-03 
-3.88781E-03 1.19682E-03 
-3.87030E-03 1.23467E-03 
-3.82108E-03 1.27447E-03 
-3.75843E-03 1.30586E-03 
-3.68269E-03 1.32866E-03 
-3.59399E-03 1.34289E-03 
-3.49141E-03 1.34880E-03 
-3.36992E-03 1.34693E-03 
-3.20962E-03 1.33802E-03 
-2.94188E-03 1.32129E-03 
-2.39189E-03 1.28657E-03 
-1.37258E-03 1.20307E-03 
-1.13078E-04 1.04898E-03 
8.55693E-04 8.58976E-04 
-3.66692E-03 7.26934E-04 
-3.73268E-03 8.03346E-04 
-3.69705E-03 7.15755E-04 
-3.76602E-03 8.03720E-04 
-3.82411E-03 8.89033E-04 
-3.87068E-03 9.70784E-04 
-3.90522E-03 1.04813E-03 
-3.92345E-03 1.10445E-03 
-3.92737E-03 1.12029E-03 
-3.93712E-03 1.19149E-03 
-3.93215E-03 1.25511E-03 
-3.91259E-03 1.31058E-03 
-3.87875E-03 1.35743E-03 
-3.85068E-03 1.38945E-03 
-3.78580E-03 1.41824E-03 
-3.70799E-03 1.43798E-03 
-3.61783E-03 1.44867E-03 
-3.51559E-03 1.45051E-03 
-3.40036E-03 1.44381E-03 
-3.26677E-03 1.42879E-03 
-3.09338E-03 1.40468E-03 
-2.80670E-03 1.36536E-03 
-2.22086E-03 1.28738E-03 
-1.14089E-03 1.12711E-03 
1.82290E-04 8.82930E-04 
1.18426E-03 6.30305E-04 
-3.73788E-03 8.99134E-04 
-3.79701E-03 9.78588E-04 
-3.77960E-03 8.98684E-04 
-3.83971E-03 9.88850E-04 
-3.88751E-03 1.07451E-03 
-3.92256E-03 1.15482E-03 
-3.94454E-03 1.22905E-03 
-3.95248E-03 1.28188E-03 
-3.95330E-03 1.29653E-03 
-3.94795E-03 1.36111E-03 
-3.92745E-03 1.41667E-03 
-3.89222E-03 1.46285E-03 
-3.84285E-03 1.49943E-03 
-3.80418E-03 1.52446E-03 
-3.72438E-03 1.54124E-03 
-3.63244E-03 1.54860E-03 
-3.52911E-03 1.54675E-03 
-3.41479E-03 1.53604E-03 
-3.28857E-03 1.51680E-03 
-3.14471E-03 1.48891E-03 
-2.96035E-03 1.44997E-03 
-2.65758E-03 1.38836E-03 
-2.04091E-03 1.26724E-03 
-9.09216E-04 1.03061E-03 
4.66237E-04 6.98312E-04 
1.49200E-03 3.86783E-04 
-3.79533E-03 1.07118E-03 
-3.84594E-03 1.15171E-03 
-3.84847E-03 1.08308E-03 
-3.89741E-03 1.17287E-03 
-3.93285E-03 1.25630E-03 
-3.95455E-03 1.33267E-03 
-3.96243E-03 1.40138E-03 
-3.95908E-03 1.44896E-03 
-3.95656E-03 1.46193E-03 
-3.93511E-03 1.51765E-03 
-3.89846E-03 1.56315E-03 
-3.84728E-03 1.59831E-03 
-3.78244E-03 1.62315E-03 
-3.73306E-03 1.64007E-03 
-3.63907E-03 1.64397E-03 
-3.53398E-03 1.63838E-03 
-3.41870E-03 1.62370E-03 
-3.29372E-03 1.60040E-03 
-3.15807E-03 1.56880E-03 
-3.00565E-03 1.52841E-03 
-2.81231E-03 1.47512E-03 
-2.49623E-03 1.39172E-03 
-1.85371E-03 1.22802E-03 
-6.79238E-04 9.16345E-04 
7.37157E-04 4.98947E-04 
1.77758E-03 1.32824E-04 
-3.83866E-03 1.24136E-03 
-3.87905E-03 1.32059E-03 
-3.90228E-03 1.26589E-03 
-3.93808E-03 1.35238E-03 
-3.95949E-03 1.43083E-03 
-3.96647E-03 1.50068E-03 
-3.95918E-03 1.56149E-03 
-3.94393E-03 1.60214E-03 
-3.93792E-03 1.61296E-03 
-3.89989E-03 1.65779E-03 
-3.84695E-03 1.69151E-03 
-3.78003E-03 1.71424E-03 
-3.70022E-03 1.72627E-03 
-3.64030E-03 1.73411E-03 
-3.53319E-03 1.72469E-03 
-3.41624E-03 1.70598E-03 
-3.29046E-03 1.67855E-03 
-3.15639E-03 1.64297E-03 
-3.01299E-03 1.59956E-03 
-2.85382E-03 1.54736E-03 
-2.65356E-03 1.48058E-03 
-2.32711E-03 1.37649E-03 
-1.66417E-03 1.17208E-03 
-4.56701E-04 7.89043E-04 
9.88604E-04 2.92208E-04 
2.03455E-03 -1.22607E-04 
-3.87042E-03 1.41094E-03 
-3.89871E-03 1.48615E-03 
-3.94233E-03 1.44698E-03 
-3.96298E-03 1.52702E-03 
-3.96865E-03 1.59753E-03 
-3.95955E-03 1.65814E-03 
-3.93607E-03 1.70860E-03 
-3.90837E-03 1.74063E-03 
-3.89875E-03 1.74883E-03 
-3.84380E-03 1.78078E-03 
-3.77457E-03 1.80108E-03 
-3.69224E-03 1.81011E-03 
-3.59808E-03 1.80839E-03 
-3.52785E-03 1.80629E-03 
-3.40879E-03 1.78329E-03 
-3.28131E-03 1.75149E-03 
-3.14650E-03 1.71159E-03 
-3.00491E-03 1.66425E-03 
-2.85542E-03 1.60969E-03 
-2.69124E-03 1.54654E-03 
-2.48607E-03 1.46730E-03 
-2.15214E-03 1.34396E-03 
-1.47425E-03 1.10138E-03 
-2.43619E-04 6.51879E-04 
1.21867E-03 8.25801E-05 
2.26136E-03 -3.74355E-04 
-3.89047E-03 1.57805E-03 
-3.90472E-03 1.64634E-03 
-3.96746E-03 1.62326E-03 
-3.97109E-03 1.69370E-03 
-3.95957E-03 1.75341E-03 
-3.93333E-03 1.80222E-03 
-3.89295E-03 1.84009E-03 
-3.85248E-03 1.86196E-03 
-3.83918E-03 1.86714E-03 
-3.76723E-03 1.88450E-03 
-3.68199E-03 1.89006E-03 
-3.58482E-03 1.88444E-03 
-3.47716E-03 1.86838E-03 
-3.39704E-03 1.85571E-03 
-3.26735E-03 1.81921E-03 
-3.13081E-03 1.77464E-03 
-2.98853E-03 1.72283E-03 
-2.84105E-03 1.66447E-03 
-2.68713E-03 1.59968E-03 
-2.51968E-03 1.52663E-03 
-2.31158E-03 1.43618E-03 
-1.97308E-03 1.29535E-03 
-1.28576E-03 1.01787E-03 
-4.18421E-05 5.08044E-04 
1.42565E-03 -1.25453E-04 
2.45673E-03 -6.17311E-04 
-3.89948E-03 1.73862E-03 
-3.89785E-03 1.79708E-03 
-3.97767E-03 1.78985E-03 
-3.96255E-03 1.84773E-03 
-3.93245E-03 1.89404E-03 
-3.88803E-03 1.92882E-03 
-3.83011E-03 1.95225E-03 
-3.77662E-03 1.96280E-03 
-3.75963E-03 1.96466E-03 
-3.67076E-03 1.96623E-03 
-3.56995E-03 1.95623E-03 
-3.45869E-03 1.93548E-03 
-3.33854E-03 1.90492E-03 
-3.24911E-03 1.88138E-03 
-3.11023E-03 1.83182E-03 
-2.96619E-03 1.77516E-03 
-2.81809E-03 1.71229E-03 
-2.66641E-03 1.64391E-03 
-2.50976E-03 1.57003E-03 
-2.34078E-03 1.48833E-03 
-2.13174E-03 1.38816E-03 
-1.79156E-03 1.23192E-03 
-1.10034E-03 9.23443E-04 
1.47045E-04 3.60517E-04 
1.60823E-03 -3.27858E-04 
2.61979E-03 -8.47000E-04 
-3.89112E-03 1.88918E-03 
-3.87204E-03 1.93493E-03 
-3.96638E-03 1.94244E-03 
-3.93141E-03 1.98498E-03 
-3.88211E-03 2.01555E-03 
-3.81939E-03 2.03439E-03 
-3.74421E-03 2.04190E-03 
-3.67815E-03 2.04026E-03 
-3.65762E-03 2.03859E-03 
-3.55279E-03 2.02360E-03 
-3.43760E-03 1.99764E-03 
-3.31364E-03 1.96173E-03 
-3.18254E-03 1.91695E-03 
-3.08483E-03 1.88262E-03 
-2.93856E-03 1.82082E-03 
-2.78884E-03 1.75308E-03 
-2.63674E-03 1.68031E-03 
-2.48264E-03 1.60319E-03 
-2.32504E-03 1.52159E-03 
-2.15632E-03 1.43271E-03 
-1.94832E-03 1.32450E-03 
-1.60935E-03 1.15526E-03 
-9.19736E-04 8.20251E-04 
3.21419E-04 2.12337E-04 
1.76515E-03 -5.20771E-04 
2.74981E-03 -1.05930E-03 
-3.86197E-03 2.02167E-03 
-3.82514E-03 2.05286E-03 
-3.93189E-03 2.07388E-03 
-3.87730E-03 2.09952E-03 
-3.80926E-03 2.11306E-03 
-3.72880E-03 2.11496E-03 
-3.63706E-03 2.10583E-03 
-3.55910E-03 2.09164E-03 
-3.53526E-03 2.08637E-03 
-3.41570E-03 2.05472E-03 
-3.28758E-03 2.01306E-03 
-3.15256E-03 1.96254E-03 
-3.01227E-03 1.90435E-03 
-2.90755E-03 1.85980E-03 
-2.75581E-03 1.78704E-03 
-2.60236E-03 1.70962E-03 
-2.44816E-03 1.62846E-03 
-2.29349E-03 1.54418E-03 
-2.13670E-03 1.45647E-03 
-1.96999E-03 1.36210E-03 
-1.76497E-03 1.24776E-03 
-1.43004E-03 1.06826E-03 
-7.47348E-04 7.11828E-04 
4.78326E-04 6.80525E-05 
1.89425E-03 -6.98786E-04 
2.84559E-03 -1.24864E-03 
-3.81170E-03 2.13361E-03 
-3.75658E-03 2.14821E-03 
-3.87306E-03 2.18105E-03 
-3.79841E-03 2.18804E-03 
-3.71157E-03 2.18334E-03 
-3.61371E-03 2.16756E-03 
-3.50610E-03 2.14146E-03 
-3.41701E-03 2.11471E-03 
-3.39010E-03 2.10588E-03 
-3.25717E-03 2.05798E-03 
-3.11771E-03 2.00133E-03 
-2.97338E-03 1.93717E-03 
-2.82576E-03 1.86674E-03 
-2.71543E-03 1.81282E-03 
-2.56023E-03 1.73059E-03 
-2.40502E-03 1.64508E-03 
-2.25066E-03 1.55717E-03 
-2.09729E-03 1.46738E-03 
-1.94311E-03 1.37524E-03 
-1.78017E-03 1.27710E-03 
-1.58008E-03 1.15854E-03 
-1.25199E-03 9.71512E-04 
-5.81543E-04 5.98680E-04 
6.19459E-04 -7.20492E-05 
1.99732E-03 -8.61965E-04 
2.90895E-03 -1.41546E-03 
-3.73389E-03 2.21768E-03 
-3.66093E-03 2.21515E-03 
-3.78459E-03 2.25830E-03 
-3.69083E-03 2.24624E-03 
-3.58644E-03 2.22317E-03 
-3.47279E-03 2.18990E-03 
-3.35127E-03 2.14734E-03 
-3.25270E-03 2.10867E-03 
-3.22324E-03 2.09649E-03 
-3.07938E-03 2.03347E-03 
-2.93108E-03 1.96317E-03 
-2.77991E-03 1.88689E-03 
-2.62739E-03 1.80589E-03 
-2.51332E-03 1.74390E-03 
-2.35693E-03 1.65407E-03 
-2.20209E-03 1.56236E-03 
-2.04958E-03 1.46958E-03 
-1.89937E-03 1.37616E-03 
-1.74952E-03 1.28141E-03 
-1.59200E-03 1.18134E-03 
-1.39863E-03 1.06062E-03 
-1.07999E-03 8.68983E-04 
-4.26730E-04 4.85247E-04 
7.41173E-04 -2.02824E-04 
2.07191E-03 -1.00471E-03 
2.93873E-03 -1.55435E-03 
-3.62684E-03 2.26932E-03 
-3.53678E-03 2.24926E-03 
-3.66573E-03 2.30136E-03 
-3.55470E-03 2.27073E-03 
-3.43497E-03 2.23015E-03 
-3.30795E-03 2.18059E-03 
-3.17498E-03 2.12301E-03 
-3.06879E-03 2.07355E-03 
-3.03729E-03 2.05836E-03 
-2.88498E-03 1.98192E-03 
-2.73027E-03 1.89981E-03 
-2.57468E-03 1.81336E-03 
-2.41962E-03 1.72380E-03 
-2.30367E-03 1.65531E-03 
-2.14827E-03 1.55993E-03 
-1.99588E-03 1.46403E-03 
-1.84711E-03 1.36835E-03 
-1.70182E-03 1.27317E-03 
-1.55790E-03 1.17765E-03 
-1.40732E-03 1.07745E-03 
-1.22232E-03 9.56568E-04 
-9.15550E-04 7.63214E-04 
-2.84089E-04 3.74015E-04 
8.42876E-04 -3.21934E-04 
2.11826E-03 -1.12508E-03 
2.93591E-03 -1.66395E-03 
-3.49156E-03 2.28740E-03 
-3.38748E-03 2.25112E-03 
-3.52063E-03 2.31094E-03 
-3.39491E-03 2.26267E-03 
-3.26240E-03 2.20580E-03 
-3.12433E-03 2.14133E-03 
-2.98199E-03 2.07020E-03 
-2.86977E-03 2.01124E-03 
-2.83671E-03 1.99344E-03 
-2.67825E-03 1.90561E-03 
-2.51945E-03 1.81384E-03 
-2.36173E-03 1.71942E-03 
-2.20635E-03 1.62350E-03 
-2.09032E-03 1.55031E-03 
-1.93791E-03 1.45151E-03 
-1.78984E-03 1.35349E-03 
-1.64654E-03 1.25687E-03 
-1.50770E-03 1.16179E-03 
-1.37111E-03 1.06723E-03 
-1.22877E-03 9.68600E-04 
-1.05355E-03 8.49441E-04 
-7.60772E-04 6.57143E-04 
-1.55257E-04 2.67780E-04 
9.23795E-04 -4.26879E-04 
2.13674E-03 -1.22113E-03 
2.90184E-03 -1.74303E-03 
-3.33043E-03 2.27201E-03 
-3.21315E-03 2.22021E-03 
-3.34802E-03 2.28648E-03 
-3.20922E-03 2.22221E-03 
-3.06603E-03 2.15092E-03 
-2.91948E-03 2.07346E-03 
-2.77081E-03 1.99093E-03 
-2.65504E-03 1.92427E-03 
-2.62115E-03 1.90439E-03 
-2.45994E-03 1.80773E-03 
-2.30022E-03 1.70882E-03 
-2.14326E-03 1.60883E-03 
-1.99014E-03 1.50880E-03 
-1.87598E-03 1.43264E-03 
-1.72859E-03 1.33244E-03 
-1.58662E-03 1.23422E-03 
-1.45035E-03 1.13844E-03 
-1.31933E-03 1.04513E-03 
-1.19126E-03 9.53102E-04 
-1.05825E-03 8.57564E-04 
-8.93977E-04 7.41825E-04 
-6.17036E-04 5.53155E-04 
-4.11368E-05 1.68638E-04 
9.83848E-04 -5.16087E-04 
2.12830E-03 -1.29209E-03 
2.83835E-03 -1.79161E-03 
-3.14356E-03 2.22431E-03 
-3.01691E-03 2.15909E-03 
-3.15401E-03 2.23102E-03 
-3.00638E-03 2.15299E-03 
-2.85556E-03 2.06919E-03 
-2.70303E-03 1.98086E-03 
-2.55006E-03 1.88899E-03 
-2.43214E-03 1.81614E-03 
-2.39783E-03 1.79463E-03 
-2.23583E-03 1.69129E-03 
-2.07735E-03 1.58755E-03 
-1.92336E-03 1.48438E-03 
-1.77464E-03 1.38265E-03 
-1.66419E-03 1.30553E-03 
-1.52364E-03 1.20608E-03 
-1.38936E-03 1.10960E-03 
-1.26148E-03 1.01643E-03 
-1.13940E-03 9.26462E-04 
-1.02080E-03 8.38377E-04 
-8.97935E-04 7.47270E-04 
-7.45510E-04 6.36441E-04 
-4.85865E-04 4.53708E-04 
5.73859E-05 7.86320E-05 
1.02326E-03 -5.88253E-04 
2.09453E-03 -1.33765E-03 
2.74806E-03 -1.81035E-03 
-2.93741E-03 2.14549E-03 
-2.80409E-03 2.06971E-03 
-2.94177E-03 2.14707E-03 
-2.78780E-03 2.05832E-03 
-2.63279E-03 1.96537E-03 
-2.47775E-03 1.86923E-03 
-2.32379E-03 1.77096E-03 
-2.20616E-03 1.69410E-03 
-2.17209E-03 1.67156E-03 
-2.01218E-03 1.56419E-03 
-1.85714E-03 1.45773E-03 
-1.70785E-03 1.35315E-03 
-1.56506E-03 1.25128E-03 
-1.45943E-03 1.17440E-03 
-1.32689E-03 1.07714E-03 
-1.20132E-03 9.83754E-04 
-1.08267E-03 8.94456E-04 
-9.70254E-04 8.08985E-04 
-8.61684E-04 7.25908E-04 
-7.49465E-04 6.40259E-04 
-6.09458E-04 5.35532E-04 
-3.68178E-04 3.60707E-04 
1.40060E-04 -8.67643E-07 
1.04292E-03 -6.42938E-04 
2.03769E-03 -1.35858E-03 
2.63420E-03 -1.80097E-03 
-2.71566E-03 2.04275E-03 
-2.57908E-03 1.95879E-03 
-2.71726E-03 2.04061E-03 
-2.55956E-03 1.94271E-03 
-2.40223E-03 1.84213E-03 
-2.24658E-03 1.74006E-03 
-2.09367E-03 1.63730E-03 
-1.97796E-03 1.55800E-03 
-1.94462E-03 1.53492E-03 
-1.78918E-03 1.42595E-03 
-1.64000E-03 1.31931E-03 
-1.49766E-03 1.21578E-03 
-1.36262E-03 1.11602E-03 
-1.26323E-03 1.04112E-03 
-1.13994E-03 9.47777E-04 
-1.02405E-03 8.58979E-04 
-9.15407E-04 7.74817E-04 
-8.13206E-04 6.94917E-04 
-7.15059E-04 6.17761E-04 
-6.13768E-04 5.38404E-04 
-4.86504E-04 4.40738E-04 
-2.64298E-04 2.75461E-04 
2.07214E-04 -6.91378E-05 
1.04428E-03 -6.80449E-04 
1.96053E-03 -1.35645E-03 
2.50039E-03 -1.76601E-03 
-2.48595E-03 1.91999E-03 
-2.34674E-03 1.82889E-03 
-2.48352E-03 1.91376E-03 
-2.32557E-03 1.81007E-03 
-2.17001E-03 1.70567E-03 
-2.01720E-03 1.60069E-03 
-1.86811E-03 1.49599E-03 
-1.75598E-03 1.41593E-03 
-1.72379E-03 1.39275E-03 
-1.57438E-03 1.28402E-03 
-1.43215E-03 1.17882E-03 
-1.29778E-03 1.07792E-03 
-1.17152E-03 9.81779E-04 
-1.07914E-03 9.10031E-04 
-9.65703E-04 8.21724E-04 
-8.59967E-04 7.38497E-04 
-7.61633E-04 6.60307E-04 
-6.69812E-04 5.86675E-04 
-5.82141E-04 5.16026E-04 
-4.91762E-04 4.43497E-04 
-3.77258E-04 3.53549E-04 
-1.74429E-04 1.99073E-04 
2.59394E-04 -1.25760E-04 
1.02920E-03 -7.01562E-04 
1.86633E-03 -1.33344E-03 
2.35086E-03 -1.70865E-03 
-2.25359E-03 1.78374E-03 
-2.11507E-03 1.68865E-03 
-2.24942E-03 1.77543E-03 
-2.09258E-03 1.66732E-03 
-1.93945E-03 1.55987E-03 
-1.79037E-03 1.45339E-03 
-1.64640E-03 1.34866E-03 
-1.53920E-03 1.26952E-03 
-1.50859E-03 1.24674E-03 
-1.36729E-03 1.14056E-03 
-1.23386E-03 1.03873E-03 
-1.10872E-03 9.41913E-04 
-9.92122E-04 8.50565E-04 
-9.07496E-04 7.82935E-04 
-8.04512E-04 7.00650E-04 
-7.09300E-04 6.23788E-04 
-6.21466E-04 5.52208E-04 
-5.40065E-04 4.85345E-04 
-4.62784E-04 4.21597E-04 
-3.83152E-04 3.56238E-04 
-2.81254E-04 2.74451E-04 
-9.78293E-05 1.31709E-04 
2.97884E-04 -1.71173E-04 
9.99879E-04 -7.07776E-04 
1.75835E-03 -1.29226E-03 
2.18939E-03 -1.63239E-03 
-2.02230E-03 1.63712E-03 
-1.88783E-03 1.54129E-03 
-2.01949E-03 1.62983E-03 
-1.86599E-03 1.51996E-03 
-1.71675E-03 1.41115E-03 
-1.57347E-03 1.30488E-03 
-1.43652E-03 1.20171E-03 
-1.33510E-03 1.12439E-03 
-1.30625E-03 1.10226E-03 
-1.17370E-03 9.99749E-04 
-1.04963E-03 9.02497E-04 
-9.34457E-04 8.11108E-04 
-8.28089E-04 7.25730E-04 
-7.51508E-04 6.63016E-04 
-6.59028E-04 5.87415E-04 
-5.74257E-04 5.17422E-04 
-4.96717E-04 4.52809E-04 
-4.25420E-04 3.92941E-04 
-3.58126E-04 3.36213E-04 
-2.88778E-04 2.78093E-04 
-1.98997E-04 2.04598E-04 
-3.44922E-05 7.40612E-05 
3.23711E-04 -2.05592E-04 
9.59138E-04 -7.00902E-04 
1.64132E-03 -1.23653E-03 
2.02189E-03 -1.54200E-03 
-1.79231E-03 1.48214E-03 
-1.66270E-03 1.38664E-03 
-1.79043E-03 1.47537E-03 
-1.64275E-03 1.36585E-03 
-1.50048E-03 1.25867E-03 
-1.36457E-03 1.15503E-03 
-1.23554E-03 1.05549E-03 
-1.14052E-03 9.81220E-04 
-1.11361E-03 9.60023E-04 
-9.90935E-04 8.62633E-04 
-8.77384E-04 7.71339E-04 
-7.72766E-04 6.86205E-04 
-6.76948E-04 6.07365E-04 
-6.08673E-04 5.49998E-04 
-5.26786E-04 4.81479E-04 
-4.52418E-04 4.18663E-04 
-3.85015E-04 3.61231E-04 
-3.23562E-04 3.08483E-04 
-2.65909E-04 2.58828E-04 
-2.06441E-04 2.07966E-04 
-1.28355E-04 1.42840E-04 
1.76443E-05 2.48803E-05 
3.38835E-04 -2.30486E-04 
9.08740E-04 -6.82789E-04 
1.51669E-03 -1.16845E-03 
1.84938E-03 -1.43975E-03 
-1.56881E-03 1.32369E-03 
-1.44463E-03 1.22921E-03 
-1.56841E-03 1.31810E-03 
-1.42832E-03 1.21133E-03 
-1.29406E-03 1.10765E-03 
-1.16692E-03 1.00805E-03 
-1.04724E-03 9.12869E-04 
-9.59937E-04 8.42646E-04 
-9.35294E-04 8.22726E-04 
-8.23369E-04 7.31738E-04 
-7.20355E-04 6.47044E-04 
-6.26234E-04 5.68788E-04 
-5.40882E-04 4.97081E-04 
-4.80857E-04 4.45544E-04 
-4.09366E-04 3.84488E-04 
-3.45063E-04 3.29039E-04 
-2.87338E-04 2.78817E-04 
-2.35196E-04 2.33117E-04 
-1.86604E-04 1.90393E-04 
-1.36397E-04 1.46605E-04 
-6.93343E-05 8.96912E-05 
5.89763E-05 -1.57056E-05 
3.44486E-04 -2.46516E-04 
8.51365E-04 -6.55477E-04 
1.38867E-03 -1.09155E-03 
1.67692E-03 -1.33006E-03 
-1.35644E-03 1.16677E-03 
-1.23874E-03 1.07487E-03 
-1.35527E-03 1.16058E-03 
-1.22366E-03 1.05750E-03 
-1.09920E-03 9.58710E-04 
-9.81790E-04 8.64472E-04 
-8.72269E-04 7.75707E-04 
-7.92729E-04 7.10661E-04 
-7.70354E-04 6.92244E-04 
-6.69275E-04 6.08323E-04 
-5.77163E-04 5.30877E-04 
-4.93943E-04 4.60133E-04 
-4.19279E-04 3.96015E-04 
-3.67519E-04 3.50515E-04 
-3.06060E-04 2.96902E-04 
-2.51389E-04 2.48756E-04 
-2.02875E-04 2.05651E-04 
-1.59510E-04 1.66832E-04 
-1.19381E-04 1.30806E-04 
-7.77812E-05 9.38183E-05 
-2.10041E-05 4.48317E-05 
9.05962E-05 -4.82467E-05 
3.42138E-04 -2.54731E-04 
7.89142E-04 -6.20883E-04 
1.26000E-03 -1.00864E-03 
1.50744E-03 -1.21617E-03 
-1.15313E-03 1.01056E-03 
-1.04521E-03 9.24325E-04 
-1.15443E-03 1.00637E-03 
-1.03074E-03 9.07306E-04 
-9.16142E-04 8.14497E-04 
-8.09730E-04 7.27367E-04 
-7.10880E-04 6.45445E-04 
-6.39885E-04 5.85984E-04 
-6.20022E-04 5.69248E-04 
-5.30590E-04 4.93450E-04 
-4.49695E-04 4.24152E-04 
-3.77061E-04 3.61214E-04 
-3.12506E-04 3.04683E-04 
-2.68570E-04 2.65218E-04 
-2.16624E-04 2.18999E-04 
-1.71012E-04 1.78007E-04 
-1.31061E-04 1.41759E-04 
-9.57893E-05 1.09501E-04 
-6.34148E-05 7.98093E-05 
-2.96832E-05 4.92303E-05 
1.76309E-05 7.76288E-06 
1.13645E-04 -7.34506E-05 
3.33249E-04 -2.56276E-04 
7.24056E-04 -5.80901E-04 
1.13313E-03 -9.22353E-04 
1.34351E-03 -1.10104E-03 
-9.59208E-04 8.56344E-04 
-8.63798E-04 7.78478E-04 
-9.67759E-04 8.58490E-04 
-8.53345E-04 7.64959E-04 
-7.48308E-04 6.77986E-04 
-6.52119E-04 5.97487E-04 
-5.64269E-04 5.23358E-04 
-5.01673E-04 4.70067E-04 
-4.84195E-04 4.55100E-04 
-4.05830E-04 3.87462E-04 
-3.35631E-04 3.26102E-04 
-2.73457E-04 2.71164E-04 
-2.18965E-04 2.22514E-04 
-1.82748E-04 1.89254E-04 
-1.39941E-04 1.50410E-04 
-1.02892E-04 1.16427E-04 
-7.09235E-05 8.67918E-05 
-4.31007E-05 6.07667E-05 
-1.77903E-05 3.70225E-05 
8.81197E-06 1.24200E-05 
4.75137E-05 -2.20121E-05 
1.29159E-04 -9.19738E-05 
3.19085E-04 -2.52165E-04 
6.57749E-04 -5.37146E-04 
1.01001E-03 -8.34885E-04 
1.18709E-03 -9.87055E-04 
-7.79622E-04 7.08831E-04 
-6.93112E-04 6.36952E-04 
-7.93149E-04 7.15728E-04 
-6.91556E-04 6.31279E-04 
-5.97578E-04 5.52178E-04 
-5.11784E-04 4.79041E-04 
-4.33460E-04 4.11671E-04 
-3.78663E-04 3.64165E-04 
-3.63584E-04 3.51032E-04 
-2.96117E-04 2.91808E-04 
-2.36495E-04 2.38776E-04 
-1.84410E-04 1.91895E-04 
-1.39394E-04 1.50918E-04 
-1.10337E-04 1.23584E-04 
-7.58640E-05 9.16378E-05 
-4.65912E-05 6.41819E-05 
-2.18347E-05 4.06778E-05 
-6.97263E-07 2.03947E-05 
1.83115E-05 2.09491E-06 
3.85699E-05 -1.70533E-05 
6.95521E-05 -4.50230E-05 
1.38117E-04 -1.04487E-04 
3.00780E-04 -2.43352E-04 
5.91589E-04 -4.91033E-04 
8.92149E-04 -7.48064E-04 
1.03962E-03 -8.76184E-04 
-6.16122E-04 5.70886E-04 
-5.36311E-04 5.03489E-04 
-6.31485E-04 5.79772E-04 
-5.42915E-04 5.04954E-04 
-4.61349E-04 4.35293E-04 
-3.86396E-04 3.70538E-04 
-3.18345E-04 3.11051E-04 
-2.70903E-04 2.69176E-04 
-2.57906E-04 2.57631E-04 
-2.01066E-04 2.06768E-04 
-1.51655E-04 1.62032E-04 
-1.08918E-04 1.22863E-04 
-7.25736E-05 8.91333E-05 
-5.01166E-05 6.74642E-05 
-2.33621E-05 4.21314E-05 
-1.21377E-06 2.08468E-05 
1.70387E-05 3.03359E-06 
3.22283E-05 -1.19993E-05 
4.56906E-05 -2.53803E-05 
6.03910E-05 -3.96302E-05 
8.45567E-05 -6.17622E-05 
1.41368E-04 -1.11582E-04 
2.79271E-04 -2.30641E-04 
5.26628E-04 -4.43702E-04 
7.80630E-04 -6.63309E-04 
9.02066E-04 -7.69892E-04 
-4.72437E-04 4.46418E-04 
-3.97577E-04 3.82399E-04 
-4.83992E-04 4.52724E-04 
-4.07792E-04 3.87273E-04 
-3.37970E-04 3.26814E-04 
-2.75742E-04 2.72254E-04 
-2.18288E-04 2.21220E-04 
-1.78424E-04 1.85489E-04 
-1.67484E-04 1.75631E-04 
-1.20105E-04 1.32596E-04 
-8.00982E-05 9.57308E-05 
-4.63201E-05 6.41543E-05 
-1.81960E-05 3.74978E-05 
-1.94258E-06 2.13081E-05 
1.78640E-05 2.08091E-06 
3.37876E-05 -1.36761E-05 
4.64063E-05 -2.64340E-05 
5.64801E-05 -3.68373E-05 
6.52022E-05 -4.59103E-05 
7.51563E-05 -5.58796E-05 
9.34219E-05 -7.28530E-05 
1.39819E-04 -1.13960E-04 
2.55490E-04 -2.14878E-04 
4.63799E-04 -3.96212E-04 
6.76293E-04 -5.81829E-04 
7.75078E-04 -6.69367E-04 
-3.48644E-04 3.36633E-04 
-2.78443E-04 2.75850E-04 
-3.54385E-04 3.38479E-04 
-2.89945E-04 2.82404E-04 
-2.31252E-04 2.30801E-04 
-1.78916E-04 1.84288E-04 
-1.32234E-04 1.42288E-04 
-9.98862E-05 1.12845E-04 
-9.10879E-05 1.04786E-04 
-5.32589E-05 6.98330E-05 
-2.15707E-05 4.00816E-05 
4.25868E-06 1.54437E-05 
2.49352E-05 -4.64357E-06 
3.56624E-05 -1.58362E-05 
4.92967E-05 -2.95043E-05 
5.96928E-05 -4.02288E-05 
6.73886E-05 -4.84600E-05 
7.30785E-05 -5.47986E-05 
7.78024E-05 -6.01506E-05 
8.37739E-05 -6.64467E-05 
9.70157E-05 -7.89424E-05 
1.34296E-04 -1.12287E-04 
2.30189E-04 -1.96776E-04 
4.03701E-04 -3.49330E-04 
5.79493E-04 -5.04383E-04 
6.58763E-04 -5.75264E-04 
-2.43836E-04 2.41618E-04 
-1.80171E-04 1.85981E-04 
-2.45382E-04 2.40443E-04 
-1.90533E-04 1.92110E-04 
-1.41829E-04 1.48657E-04 
-9.82461E-05 1.09380E-04 
-6.07440E-05 7.51981E-05 
-3.61399E-05 5.24827E-05 
-2.94476E-05 4.62574E-05 
-4.46762E-07 1.89808E-05 
2.29837E-05 -3.47353E-06 
4.16030E-05 -2.16768E-05 
5.59706E-05 -3.60599E-05 
6.22784E-05 -4.31594E-05 
7.08852E-05 -5.22101E-05 
7.67799E-05 -5.87487E-05 
8.05106E-05 -6.32519E-05 
8.26936E-05 -6.62621E-05 
8.42421E-05 -6.85876E-05 
8.70424E-05 -7.18939E-05 
9.61686E-05 -8.06564E-05 
1.25672E-04 -1.07276E-04 
2.04327E-04 -1.77214E-04 
3.47414E-04 -3.04197E-04 
4.91365E-04 -4.32321E-04 
5.54171E-04 -4.88954E-04 
-1.56692E-04 1.61018E-04 
-1.01956E-04 1.12752E-04 
-1.54210E-04 1.56855E-04 
-1.08281E-04 1.15920E-04 
-7.13843E-05 8.25959E-05 
-3.49475E-05 4.93594E-05 
-5.10278E-06 2.17151E-05 
1.44550E-05 3.37196E-06 
1.94678E-05 -1.37274E-06 
3.96027E-05 -2.07093E-05 
5.56681E-05 -3.65132E-05 
6.81716E-05 -4.91353E-05 
7.72502E-05 -5.86448E-05 
7.97895E-05 -6.21702E-05 
8.41584E-05 -6.72396E-05 
8.63709E-05 -7.02759E-05 
8.69304E-05 -7.17243E-05 
8.63801E-05 -7.20724E-05 
8.54932E-05 -7.20146E-05 
8.58487E-05 -7.29611E-05 
9.16646E-05 -7.86705E-05 
1.14563E-04 -9.94990E-05 
1.78177E-04 -1.56555E-04 
2.94594E-04 -2.60787E-04 
4.10849E-04 -3.65154E-04 
4.59766E-04 -4.09615E-04 
-8.65979E-05 9.49485E-05 
-4.18787E-05 5.52230E-05 
-8.30381E-05 9.02811E-05 
-4.35283E-05 5.47413E-05 
-1.73660E-05 3.07705E-05 
1.01778E-05 5.34451E-06 
3.30962E-05 -1.61527E-05 
4.80508E-05 -3.04408E-05 
5.19087E-05 -3.41639E-05 
6.72898E-05 -4.92217E-05 
7.75609E-05 -5.96907E-05 
8.51062E-05 -6.77225E-05 
8.97363E-05 -7.30496E-05 
8.92249E-05 -7.36058E-05 
9.02246E-05 -7.54285E-05 
8.95896E-05 -7.56801E-05 
8.77585E-05 -7.47583E-05 
8.52049E-05 -7.30935E-05 
8.25743E-05 -7.12725E-05 
8.11660E-05 -7.04688E-05 
8.44350E-05 -7.37901E-05 
1.01865E-04 -8.97646E-05 
1.52609E-04 -1.35649E-04 
2.46071E-04 -2.20029E-04 
3.38679E-04 -3.03844E-04 
3.76133E-04 -3.38140E-04 
-3.24158E-05 4.28916E-05 
1.78547E-06 1.23776E-05 
-3.18143E-05 4.12932E-05 
5.94047E-06 7.15709E-06 
2.41406E-05 -9.81239E-06 
4.14389E-05 -2.61535E-05 
5.88465E-05 -4.26722E-05 
6.94051E-05 -5.29221E-05 
7.21800E-05 -5.56581E-05 
8.27707E-05 -6.63206E-05 
8.96659E-05 -7.36521E-05 
9.31545E-05 -7.78546E-05 
9.43975E-05 -7.99254E-05 
9.16227E-05 -7.82095E-05 
9.01180E-05 -7.75609E-05 
8.74643E-05 -7.57839E-05 
8.40205E-05 -7.32053E-05 
8.01753E-05 -7.01851E-05 
7.64540E-05 -6.72073E-05 
7.39076E-05 -6.52312E-05 
7.53220E-05 -6.67851E-05 
8.83210E-05 -7.87840E-05 
1.28197E-04 -1.15119E-04 
2.02129E-04 -1.82393E-04 
2.74787E-04 -2.48656E-04 
3.02931E-04 -2.74605E-04 
6.96654E-06 4.30325E-06 
3.20245E-05 -1.81547E-05 
2.67937E-06 7.45727E-06 
4.03774E-05 -2.67602E-05 
5.44963E-05 -4.00926E-05 
6.34205E-05 -4.89074E-05 
7.54938E-05 -6.06054E-05 
8.23707E-05 -6.74611E-05 
8.39698E-05 -6.91023E-05 
9.00022E-05 -7.55078E-05 
9.33952E-05 -7.95158E-05 
9.37872E-05 -8.07090E-05 
9.24177E-05 -8.02111E-05 
8.82467E-05 -7.70464E-05 
8.51533E-05 -7.47809E-05 
8.12596E-05 -7.17009E-05 
7.68889E-05 -6.81106E-05 
7.23680E-05 -6.43191E-05 
6.81183E-05 -6.07206E-05 
6.49692E-05 -5.80791E-05 
6.51270E-05 -5.84142E-05 
7.46178E-05 -6.72352E-05 
1.05447E-04 -9.55310E-05 
1.62981E-04 -1.48272E-04 
2.19035E-04 -1.99759E-04 
2.39751E-04 -2.18986E-04 
3.28959E-05 -2.18176E-05 
5.12289E-05 -3.82665E-05 
2.39712E-05 -1.41693E-05 
5.92101E-05 -4.62281E-05 
7.46438E-05 -6.07378E-05 
7.71795E-05 -6.37334E-05 
8.45088E-05 -7.11186E-05 
8.86215E-05 -7.54160E-05 
8.92352E-05 -7.61325E-05 
9.03332E-05 -7.78656E-05 
9.02523E-05 -7.85363E-05 
8.83997E-05 -7.75238E-05 
8.54594E-05 -7.54407E-05 
8.05217E-05 -7.14156E-05 
7.65283E-05 -6.81732E-05 
7.21008E-05 -6.44599E-05 
6.74465E-05 -6.04767E-05 
6.28001E-05 -5.64486E-05 
5.84959E-05 -5.26921E-05 
5.51853E-05 -4.98133E-05 
5.45834E-05 -4.93947E-05 
6.13649E-05 -5.57417E-05 
8.47771E-05 -7.73794E-05 
1.28740E-04 -1.17960E-04 
1.71183E-04 -1.57207E-04 
1.86093E-04 -1.71129E-04 
4.71780E-05 -3.69960E-05 
6.16261E-05 -4.99100E-05 
3.54528E-05 -2.64599E-05 
6.60044E-05 -5.43162E-05 
8.42284E-05 -7.13147E-05 
8.45648E-05 -7.22401E-05 
8.57333E-05 -7.39598E-05 
8.71831E-05 -7.57738E-05 
8.74195E-05 -7.61296E-05 
8.66160E-05 -7.60319E-05 
8.30136E-05 -7.32974E-05 
7.93163E-05 -7.04393E-05 
7.53532E-05 -6.72803E-05 
7.02414E-05 -6.29668E-05 
6.60152E-05 -5.93976E-05 
6.15252E-05 -5.55190E-05 
5.69806E-05 -5.15369E-05 
5.25778E-05 -4.76438E-05 
4.85548E-05 -4.40680E-05 
4.53996E-05 -4.12682E-05 
4.44168E-05 -4.04572E-05 
4.91560E-05 -4.49265E-05 
6.65911E-05 -6.11472E-05 
9.95122E-05 -9.17333E-05 
1.30995E-04 -1.21026E-04 
1.41467E-04 -1.30863E-04 
5.28941E-05 -4.39647E-05 
6.49818E-05 -5.46442E-05 
4.08542E-05 -3.27849E-05 
6.36901E-05 -5.36389E-05 
8.48122E-05 -7.32213E-05 
8.51543E-05 -7.40626E-05 
8.12427E-05 -7.10557E-05 
7.91830E-05 -6.95645E-05 
7.84748E-05 -6.90223E-05 
7.60777E-05 -6.73547E-05 
7.28266E-05 -6.48654E-05 
6.83869E-05 -6.12253E-05 
6.42014E-05 -5.77544E-05 
5.91890E-05 -5.34344E-05 
5.49559E-05 -4.97715E-05 
5.06868E-05 -4.60168E-05 
4.65191E-05 -4.23113E-05 
4.25792E-05 -3.87831E-05 
3.90309E-05 -3.55929E-05 
3.62270E-05 -3.30752E-05 
3.51267E-05 -3.21278E-05 
3.83568E-05 -3.52014E-05 
5.10480E-05 -4.70850E-05 
7.51292E-05 -6.95939E-05 
9.79333E-05 -9.09350E-05 
1.05091E-04 -9.76965E-05 
5.29885E-05 -4.54302E-05 
6.28515E-05 -5.39438E-05 
4.21144E-05 -3.49572E-05 
5.68850E-05 -4.84171E-05 
7.90120E-05 -6.88690E-05 
8.10068E-05 -7.11361E-05 
7.27737E-05 -6.40504E-05 
6.82376E-05 -6.02036E-05 
6.69949E-05 -5.91461E-05 
6.28090E-05 -5.57248E-05 
6.02278E-05 -5.38089E-05 
5.66752E-05 -5.09160E-05 
5.26029E-05 -4.74731E-05 
4.80522E-05 -4.35120E-05 
4.41231E-05 -4.00674E-05 
4.03528E-05 -3.67248E-05 
3.67699E-05 -3.35183E-05 
3.34377E-05 -3.05163E-05 
3.04783E-05 -2.78410E-05 
2.81334E-05 -2.57244E-05 
2.70885E-05 -2.48123E-05 
2.92381E-05 -2.68819E-05 
3.82648E-05 -3.53879E-05 
5.54650E-05 -5.15554E-05 
7.15939E-05 -6.67300E-05 
7.63565E-05 -7.12556E-05 
4.98183E-05 -4.35746E-05 
5.74106E-05 -4.98929E-05 
4.08140E-05 -3.44767E-05 
4.85045E-05 -4.13931E-05 
6.92015E-05 -6.05082E-05 
7.50274E-05 -6.61951E-05 
6.23030E-05 -5.48834E-05 
5.81239E-05 -5.13272E-05 
5.73377E-05 -5.06866E-05 
5.22081E-05 -4.63152E-05 
4.89797E-05 -4.37180E-05 
4.52196E-05 -4.05674E-05 
4.14421E-05 -3.73466E-05 
3.75534E-05 -3.39584E-05 
3.42584E-05 -3.10692E-05 
3.11472E-05 -2.83106E-05 
2.82601E-05 -2.57288E-05 
2.56124E-05 -2.33447E-05 
2.32778E-05 -2.12354E-05 
2.14197E-05 -1.95597E-05 
2.05184E-05 -1.87730E-05 
2.19040E-05 -2.01294E-05 
2.81495E-05 -2.60529E-05 
4.01025E-05 -3.73469E-05 
5.12046E-05 -4.78434E-05 
5.42779E-05 -5.07827E-05 
4.49693E-05 -3.99144E-05 
5.04325E-05 -4.41698E-05 
3.80455E-05 -3.24343E-05 
4.09987E-05 -3.49255E-05 
5.66180E-05 -4.93342E-05 
6.78707E-05 -5.99563E-05 
5.34320E-05 -4.69676E-05 
4.72059E-05 -4.14998E-05 
4.68012E-05 -4.12077E-05 
4.48029E-05 -3.97171E-05 
3.96953E-05 -3.52849E-05 
3.56895E-05 -3.18582E-05 
3.20978E-05 -2.87747E-05 
2.88238E-05 -2.59355E-05 
2.61285E-05 -2.35879E-05 
2.36509E-05 -2.14010E-05 
2.14148E-05 -1.94113E-05 
1.93932E-05 -1.76013E-05 
1.76176E-05 -1.60062E-05 
1.61951E-05 -1.47317E-05 
1.54527E-05 -1.40894E-05 
1.62993E-05 -1.49397E-05 
2.04840E-05 -1.89360E-05 
2.85477E-05 -2.65924E-05 
3.59728E-05 -3.36446E-05 
3.78892E-05 -3.54918E-05 
3.96160E-05 -3.56056E-05 
4.34469E-05 -3.82563E-05 
3.42072E-05 -2.92567E-05 
3.50438E-05 -2.97332E-05 
4.40879E-05 -3.80437E-05 
6.08134E-05 -5.36724E-05 
4.87933E-05 -4.28548E-05 
3.88785E-05 -3.39160E-05 
3.80470E-05 -3.32215E-05 
3.76704E-05 -3.32408E-05 
3.36036E-05 -2.97615E-05 
2.87014E-05 -2.54533E-05 
2.49545E-05 -2.21898E-05 
2.21403E-05 -1.97567E-05 
1.99753E-05 -1.78902E-05 
1.80466E-05 -1.62098E-05 
1.63115E-05 -1.46831E-05 
1.47635E-05 -1.33115E-05 
1.34182E-05 -1.21157E-05 
1.23350E-05 -1.11561E-05 
1.17256E-05 -1.06359E-05 
1.21916E-05 -1.11262E-05 
1.48902E-05 -1.37238E-05 
2.01609E-05 -1.87515E-05 
2.49801E-05 -2.33484E-05 
2.61265E-05 -2.44655E-05 
3.43655E-05 -3.12714E-05 
3.72626E-05 -3.29543E-05 
3.01121E-05 -2.57638E-05 
3.04900E-05 -2.57388E-05 
3.42516E-05 -2.91090E-05 
5.24290E-05 -4.60894E-05 
4.82757E-05 -4.25313E-05 
3.55636E-05 -3.09584E-05 
3.41746E-05 -2.97413E-05 
2.98012E-05 -2.59734E-05 
2.62090E-05 -2.29236E-05 
2.30946E-05 -2.02909E-05 
1.98429E-05 -1.74787E-05 
1.75596E-05 -1.55371E-05 
1.57671E-05 -1.40120E-05 
1.41901E-05 -1.26527E-05 
1.28022E-05 -1.14452E-05 
1.15895E-05 -1.03837E-05 
1.05420E-05 -9.46412E-06 
9.68988E-06 -8.71841E-06 
9.16526E-06 -8.27457E-06 
9.35615E-06 -8.50191E-06 
1.10115E-05 -1.01112E-05 
1.43433E-05 -1.33041E-05 
1.73763E-05 -1.62096E-05 
1.80214E-05 -1.68489E-05 
2.97861E-05 -2.74831E-05 
3.21064E-05 -2.85196E-05 
2.64295E-05 -2.25985E-05 
2.75343E-05 -2.31805E-05 
2.71974E-05 -2.27076E-05 
4.33915E-05 -3.78724E-05 
4.81151E-05 -4.25282E-05 
3.59078E-05 -3.14134E-05 
3.32488E-05 -2.90069E-05 
2.48863E-05 -2.14753E-05 
2.02579E-05 -1.74248E-05 
1.83545E-05 -1.59257E-05 
1.62683E-05 -1.42088E-05 
1.44182E-05 -1.26673E-05 
1.29179E-05 -1.14092E-05 
1.16265E-05 -1.03136E-05 
1.04954E-05 -9.34321E-06 
9.51335E-06 -8.49450E-06 
8.66231E-06 -7.75548E-06 
7.95725E-06 -7.14413E-06 
7.47868E-06 -6.73925E-06 
7.47303E-06 -6.77599E-06 
8.41947E-06 -7.70933E-06 
1.04523E-05 -9.66708E-06 
1.23017E-05 -1.14468E-05 
1.26253E-05 -1.17779E-05 
2.60416E-05 -2.44182E-05 
2.81944E-05 -2.52065E-05 
2.35693E-05 -2.01750E-05 
2.52606E-05 -2.12489E-05 
2.30710E-05 -1.90281E-05 
3.45701E-05 -2.98140E-05 
4.63757E-05 -4.10753E-05 
3.66272E-05 -3.22369E-05 
3.33806E-05 -2.92808E-05 
2.38720E-05 -2.06952E-05 
1.88051E-05 -1.62149E-05 
1.60996E-05 -1.39345E-05 
1.42687E-05 -1.24494E-05 
1.26505E-05 -1.11118E-05 
1.12366E-05 -9.92442E-06 
1.00497E-05 -8.91806E-06 
9.05018E-06 -8.06383E-06 
8.18425E-06 -7.31726E-06 
7.44166E-06 -6.67415E-06 
6.81860E-06 -6.13427E-06 
6.35653E-06 -5.73915E-06 
6.21186E-06 -5.63841E-06 
6.69160E-06 -6.12356E-06 
7.88325E-06 -7.27799E-06 
8.97204E-06 -8.33146E-06 
9.09175E-06 -8.46527E-06 
2.33591E-05 -2.23324E-05 
2.54405E-05 -2.29696E-05 
2.18251E-05 -1.87892E-05 
2.34873E-05 -1.97980E-05 
2.09578E-05 -1.72316E-05 
2.84329E-05 -2.42645E-05 
4.48808E-05 -3.98771E-05 
3.78025E-05 -3.35221E-05 
3.33946E-05 -2.94711E-05 
2.39220E-05 -2.09344E-05 
1.99779E-05 -1.75219E-05 
1.59715E-05 -1.39852E-05 
1.31399E-05 -1.15276E-05 
1.13570E-05 -1.00188E-05 
9.98597E-06 -8.85762E-06 
8.94261E-06 -7.97556E-06 
8.08208E-06 -7.24296E-06 
7.32418E-06 -6.59007E-06 
6.65227E-06 -6.00568E-06 
6.06940E-06 -5.49620E-06 
5.60661E-06 -5.09334E-06 
5.36580E-06 -4.89488E-06 
5.54752E-06 -5.09124E-06 
6.21084E-06 -5.73889E-06 
6.82360E-06 -6.33599E-06 
6.81400E-06 -6.34313E-06 
---
