PdfType: replica
Format: lhagrid1
---
1.00000E-06 1.28121E-06 1.64152E-06 2.10317E-06 2.69463E-06 3.45242E-06 4.42329E-06 5.66715E-06 7.26076E-06 9.30241E-06 1.19180E-05 1.52689E-05 1.95617E-05 2.50609E-05 3.21053E-05 4.11287E-05 5.26863E-05 6.74889E-05 8.64459E-05 1.10720E-04 1.41800E-04 1.81585E-04 2.32503E-04 2.97652E-04 3.80981E-04 4.87518E-04 6.26039E-04 8.00452E-04 1.02297E-03 1.30657E-03 1.66759E-03 2.12729E-03 2.71054E-03 3.44865E-03 4.37927E-03 5.54908E-03 7.01192E-03 8.83064E-03 1.10763E-02 1.38266E-02 1.71641E-02 2.11717E-02 2.59364E-02 3.15062E-02 3.79623E-02 4.53425E-02 5.36750E-02 6.29705E-02 7.32221E-02 8.44039E-02 9.64793E-02 1.09332E-01 1.23067E-01 1.37507E-01 1.52639E-01 1.68416E-01 1.84794E-01 2.01731E-01 2.19016E-01 2.36948E-01 2.55242E-01 2.73927E-01 2.92954E-01 3.12340E-01 3.32036E-01 3.52019E-01 3.72282E-01 3.92772E-01 4.13533E-01 4.34326E-01 4.55495E-01 4.76836E-01 4.98342E-01 5.20006E-01 5.41818E-01 5.63773E-01 5.85861E-01 6.08077E-01 6.30459E-01 6.52800E-01 6.75387E-01 6.98063E-01 7.20830E-01 7.43683E-01 7.66623E-01 7.89636E-01 8.12791E-01 8.35940E-01 8.59175E-01 8.82485E-01 9.05866E-01 9.29311E-01 9.52817E-01 9.76387E-01 1.00000E+00 
1.14018E+00 1.22539E+00 1.32482E+00 1.44156E+00 1.57954E+00 1.74381E+00 1.94091E+00 2.12132E+00 2.17945E+00 2.49622E+00 2.89383E+00 3.39925E+00 4.05063E+00 4.90286E+00 6.03623E+00 7.57063E+00 9.68869E+00 1.26749E+01 1.69835E+01 2.33578E+01 3.30501E+01 4.82334E+01 7.28041E+01 1.13998E+02 1.85779E+02 3.16228E+02 
908 909 
-8.12952E-05 -4.12052E-05 
-8.29846E-05 -4.21627E-05 
-8.50452E-05 -4.37603E-05 
-8.68401E-05 -4.49177E-05 
-8.87292E-05 -4.61554E-05 
-9.07289E-05 -4.74909E-05 
-9.28606E-05 -4.89438E-05 
-9.46175E-05 -5.01619E-05 
-9.51513E-05 -5.05352E-05 
-9.78386E-05 -5.24325E-05 
-1.00802E-04 -5.45474E-05 
-1.04105E-04 -5.69111E-05 
-1.07822E-04 -5.95556E-05 
-1.12799E-04 -6.24551E-05 
-1.18198E-04 -6.58364E-05 
-1.24386E-04 -6.96031E-05 
-1.31507E-04 -7.37940E-05 
-1.39733E-04 -7.84515E-05 
-1.49288E-04 -8.36302E-05 
-1.60512E-04 -8.94303E-05 
-1.74133E-04 -9.61225E-05 
-1.92147E-04 -1.04566E-04 
-2.19721E-04 -1.17046E-04 
-2.64136E-04 -1.36542E-04 
-3.23223E-04 -1.61225E-04 
-3.83503E-04 -1.84293E-04 
-8.85228E-05 -4.46061E-05 
-9.03820E-05 -4.56406E-05 
-9.26857E-05 -4.74121E-05 
-9.46797E-05 -4.86691E-05 
-9.67782E-05 -5.00175E-05 
-9.90002E-05 -5.14765E-05 
-1.01371E-04 -5.30671E-05 
-1.03326E-04 -5.44024E-05 
-1.03921E-04 -5.48119E-05 
-1.06916E-04 -5.68934E-05 
-1.10224E-04 -5.92131E-05 
-1.13913E-04 -6.18028E-05 
-1.18068E-04 -6.46945E-05 
-1.23575E-04 -6.78088E-05 
-1.29570E-04 -7.14638E-05 
-1.36434E-04 -7.55241E-05 
-1.44318E-04 -8.00273E-05 
-1.53409E-04 -8.50139E-05 
-1.63944E-04 -9.05368E-05 
-1.76289E-04 -9.66962E-05 
-1.91230E-04 -1.03773E-04 
-2.10937E-04 -1.12669E-04 
-2.41043E-04 -1.25785E-04 
-2.89460E-04 -1.46222E-04 
-3.53726E-04 -1.71966E-04 
-4.19040E-04 -1.95807E-04 
-9.63625E-05 -4.82703E-05 
-9.84005E-05 -4.93930E-05 
-1.00986E-04 -5.13437E-05 
-1.03191E-04 -5.27144E-05 
-1.05513E-04 -5.41885E-05 
-1.07974E-04 -5.57868E-05 
-1.10603E-04 -5.75320E-05 
-1.12775E-04 -5.89981E-05 
-1.13435E-04 -5.94477E-05 
-1.16767E-04 -6.17331E-05 
-1.20452E-04 -6.42775E-05 
-1.24567E-04 -6.71132E-05 
-1.29204E-04 -7.02717E-05 
-1.35286E-04 -7.36097E-05 
-1.41932E-04 -7.75538E-05 
-1.49531E-04 -8.19218E-05 
-1.58246E-04 -8.67494E-05 
-1.68275E-04 -9.20746E-05 
-1.79870E-04 -9.79477E-05 
-1.93424E-04 -1.04469E-04 
-2.09782E-04 -1.11928E-04 
-2.31301E-04 -1.21269E-04 
-2.64109E-04 -1.35007E-04 
-3.16787E-04 -1.56355E-04 
-3.86553E-04 -1.83096E-04 
-4.57183E-04 -2.07609E-04 
-1.04821E-04 -5.22641E-05 
-1.07051E-04 -5.34849E-05 
-1.09956E-04 -5.56221E-05 
-1.12390E-04 -5.71190E-05 
-1.14955E-04 -5.87324E-05 
-1.17677E-04 -6.04847E-05 
-1.20588E-04 -6.23998E-05 
-1.22997E-04 -6.40091E-05 
-1.23731E-04 -6.45026E-05 
-1.27434E-04 -6.70098E-05 
-1.31536E-04 -6.97972E-05 
-1.36121E-04 -7.28969E-05 
-1.41291E-04 -7.63395E-05 
-1.47998E-04 -7.99072E-05 
-1.55357E-04 -8.41529E-05 
-1.63758E-04 -8.88393E-05 
-1.73377E-04 -9.39997E-05 
-1.84422E-04 -9.96689E-05 
-1.97163E-04 -1.05894E-04 
-2.12018E-04 -1.12773E-04 
-2.29897E-04 -1.20605E-04 
-2.53355E-04 -1.30374E-04 
-2.89046E-04 -1.44703E-04 
-3.46268E-04 -1.66898E-04 
-4.21873E-04 -1.94532E-04 
-4.98104E-04 -2.19581E-04 
-1.13927E-04 -5.66464E-05 
-1.16366E-04 -5.79741E-05 
-1.19629E-04 -6.03064E-05 
-1.22313E-04 -6.19404E-05 
-1.25145E-04 -6.37051E-05 
-1.28155E-04 -6.56244E-05 
-1.31379E-04 -6.77235E-05 
-1.34051E-04 -6.94874E-05 
-1.34865E-04 -7.00281E-05 
-1.38981E-04 -7.27734E-05 
-1.43545E-04 -7.58202E-05 
-1.48652E-04 -7.91999E-05 
-1.54412E-04 -8.29416E-05 
-1.61799E-04 -8.67418E-05 
-1.69937E-04 -9.12985E-05 
-1.79212E-04 -9.63109E-05 
-1.89813E-04 -1.01809E-04 
-2.01960E-04 -1.07823E-04 
-2.15937E-04 -1.14396E-04 
-2.32190E-04 -1.21625E-04 
-2.51696E-04 -1.29812E-04 
-2.77223E-04 -1.39981E-04 
-3.15990E-04 -1.54849E-04 
-3.78048E-04 -1.77798E-04 
-4.59843E-04 -2.06178E-04 
-5.41958E-04 -2.31593E-04 
-1.23733E-04 -6.14688E-05 
-1.26400E-04 -6.29108E-05 
-1.30062E-04 -6.54472E-05 
-1.33023E-04 -6.72276E-05 
-1.36150E-04 -6.91542E-05 
-1.39478E-04 -7.12522E-05 
-1.43050E-04 -7.35480E-05 
-1.46014E-04 -7.54767E-05 
-1.46918E-04 -7.60678E-05 
-1.51491E-04 -7.90659E-05 
-1.56570E-04 -8.23867E-05 
-1.62256E-04 -8.60602E-05 
-1.68669E-04 -9.01136E-05 
-1.76794E-04 -9.41458E-05 
-1.85781E-04 -9.90202E-05 
-1.96009E-04 -1.04363E-04 
-2.07674E-04 -1.10200E-04 
-2.21011E-04 -1.16556E-04 
-2.36319E-04 -1.23469E-04 
-2.54069E-04 -1.31031E-04 
-2.75313E-04 -1.39550E-04 
-3.03042E-04 -1.50080E-04 
-3.45081E-04 -1.65417E-04 
-4.12275E-04 -1.88990E-04 
-5.00609E-04 -2.17929E-04 
-5.88884E-04 -2.43501E-04 
-1.34309E-04 -6.67754E-05 
-1.37228E-04 -6.83377E-05 
-1.41331E-04 -7.10864E-05 
-1.44598E-04 -7.30212E-05 
-1.48052E-04 -7.51190E-05 
-1.51733E-04 -7.74064E-05 
-1.55691E-04 -7.99102E-05 
-1.58980E-04 -8.20132E-05 
-1.59984E-04 -8.26573E-05 
-1.65067E-04 -8.59216E-05 
-1.70716E-04 -8.95292E-05 
-1.77044E-04 -9.35084E-05 
-1.84179E-04 -9.78837E-05 
-1.93103E-04 -1.02144E-04 
-2.03015E-04 -1.07340E-04 
-2.14275E-04 -1.13014E-04 
-2.27092E-04 -1.19186E-04 
-2.41710E-04 -1.25877E-04 
-2.58444E-04 -1.33116E-04 
-2.77795E-04 -1.40989E-04 
-3.00886E-04 -1.49809E-04 
-3.30952E-04 -1.60649E-04 
-3.76457E-04 -1.76366E-04 
-4.49084E-04 -2.00402E-04 
-5.44301E-04 -2.29667E-04 
-6.38991E-04 -2.55151E-04 
-1.45741E-04 -7.26041E-05 
-1.48937E-04 -7.42919E-05 
-1.53529E-04 -7.72589E-05 
-1.57134E-04 -7.93548E-05 
-1.60951E-04 -8.16322E-05 
-1.65024E-04 -8.41184E-05 
-1.69411E-04 -8.68410E-05 
-1.73060E-04 -8.91266E-05 
-1.74175E-04 -8.98264E-05 
-1.79822E-04 -9.33686E-05 
-1.86103E-04 -9.72744E-05 
-1.93141E-04 -1.01569E-04 
-2.01070E-04 -1.06274E-04 
-2.10855E-04 -1.10755E-04 
-2.21772E-04 -1.16274E-04 
-2.34149E-04 -1.22276E-04 
-2.48207E-04 -1.28778E-04 
-2.64200E-04 -1.35790E-04 
-2.82459E-04 -1.43335E-04 
-3.03511E-04 -1.51493E-04 
-3.28560E-04 -1.60571E-04 
-3.61095E-04 -1.71659E-04 
-4.10258E-04 -1.87645E-04 
-4.88607E-04 -2.11947E-04 
-5.91030E-04 -2.41263E-04 
-6.92365E-04 -2.66370E-04 
-1.58129E-04 -7.89888E-05 
-1.61630E-04 -8.08066E-05 
-1.66764E-04 -8.39935E-05 
-1.70742E-04 -8.62565E-05 
-1.74958E-04 -8.87209E-05 
-1.79466E-04 -9.14149E-05 
-1.84326E-04 -9.43659E-05 
-1.88375E-04 -9.68420E-05 
-1.89612E-04 -9.75996E-05 
-1.95884E-04 -1.01431E-04 
-2.02863E-04 -1.05644E-04 
-2.10680E-04 -1.10262E-04 
-2.19481E-04 -1.15302E-04 
-2.30194E-04 -1.19992E-04 
-2.42196E-04 -1.25831E-04 
-2.55777E-04 -1.32157E-04 
-2.71167E-04 -1.38976E-04 
-2.88631E-04 -1.46291E-04 
-3.08513E-04 -1.54117E-04 
-3.31369E-04 -1.62523E-04 
-3.58484E-04 -1.71812E-04 
-3.93615E-04 -1.83072E-04 
-4.46619E-04 -1.99195E-04 
-5.30961E-04 -2.23528E-04 
-6.40890E-04 -2.52570E-04 
-7.49066E-04 -2.76974E-04 
-1.71585E-04 -8.59600E-05 
-1.75419E-04 -8.79120E-05 
-1.81154E-04 -9.13144E-05 
-1.85541E-04 -9.37496E-05 
-1.90198E-04 -9.64082E-05 
-1.95183E-04 -9.93182E-05 
-2.00567E-04 -1.02507E-04 
-2.05055E-04 -1.05180E-04 
-2.06428E-04 -1.05998E-04 
-2.13387E-04 -1.10127E-04 
-2.21132E-04 -1.14656E-04 
-2.29805E-04 -1.19603E-04 
-2.39559E-04 -1.24980E-04 
-2.51265E-04 -1.29862E-04 
-2.64437E-04 -1.36017E-04 
-2.79311E-04 -1.42656E-04 
-2.96125E-04 -1.49776E-04 
-3.15156E-04 -1.57373E-04 
-3.36760E-04 -1.65447E-04 
-3.61519E-04 -1.74058E-04 
-3.90804E-04 -1.83497E-04 
-4.28652E-04 -1.94841E-04 
-4.85668E-04 -2.10946E-04 
-5.76254E-04 -2.35035E-04 
-6.93951E-04 -2.63427E-04 
-8.09124E-04 -2.86752E-04 
-1.86228E-04 -9.35468E-05 
-1.90425E-04 -9.56371E-05 
-1.96824E-04 -9.92421E-05 
-2.01660E-04 -1.01854E-04 
-2.06799E-04 -1.04714E-04 
-2.12309E-04 -1.07848E-04 
-2.18267E-04 -1.11282E-04 
-2.23239E-04 -1.14160E-04 
-2.24760E-04 -1.15039E-04 
-2.32474E-04 -1.19473E-04 
-2.41060E-04 -1.24324E-04 
-2.50667E-04 -1.29603E-04 
-2.61457E-04 -1.35316E-04 
-2.74222E-04 -1.40371E-04 
-2.88651E-04 -1.46833E-04 
-3.04907E-04 -1.53770E-04 
-3.23240E-04 -1.61171E-04 
-3.43933E-04 -1.69019E-04 
-3.67354E-04 -1.77302E-04 
-3.94113E-04 -1.86066E-04 
-4.25667E-04 -1.95586E-04 
-4.66345E-04 -2.06910E-04 
-5.27528E-04 -2.22815E-04 
-6.24578E-04 -2.46342E-04 
-7.50261E-04 -2.73651E-04 
-8.72536E-04 -2.95476E-04 
-2.02186E-04 -1.01778E-04 
-2.06776E-04 -1.04011E-04 
-2.13912E-04 -1.07794E-04 
-2.19236E-04 -1.10588E-04 
-2.24902E-04 -1.13655E-04 
-2.30986E-04 -1.17020E-04 
-2.37572E-04 -1.20708E-04 
-2.43073E-04 -1.23795E-04 
-2.44757E-04 -1.24738E-04 
-2.53295E-04 -1.29484E-04 
-2.62798E-04 -1.34659E-04 
-2.73421E-04 -1.40271E-04 
-2.85336E-04 -1.46316E-04 
-2.99226E-04 -1.51516E-04 
-3.14997E-04 -1.58273E-04 
-3.32727E-04 -1.65490E-04 
-3.52671E-04 -1.73145E-04 
-3.75121E-04 -1.81207E-04 
-4.00453E-04 -1.89652E-04 
-4.29305E-04 -1.98508E-04 
-4.63219E-04 -2.08027E-04 
-5.06828E-04 -2.19212E-04 
-5.72312E-04 -2.34709E-04 
-6.76010E-04 -2.57305E-04 
-8.09847E-04 -2.83039E-04 
-9.39270E-04 -3.02888E-04 
-2.19594E-04 -1.10681E-04 
-2.24608E-04 -1.13061E-04 
-2.32559E-04 -1.16985E-04 
-2.38412E-04 -1.19966E-04 
-2.44650E-04 -1.23246E-04 
-2.51359E-04 -1.26849E-04 
-2.58631E-04 -1.30797E-04 
-2.64709E-04 -1.34099E-04 
-2.66569E-04 -1.35106E-04 
-2.76007E-04 -1.40168E-04 
-2.86505E-04 -1.45670E-04 
-2.98231E-04 -1.51610E-04 
-3.11359E-04 -1.57979E-04 
-3.26438E-04 -1.63294E-04 
-3.43639E-04 -1.70329E-04 
-3.62934E-04 -1.77802E-04 
-3.84581E-04 -1.85677E-04 
-4.08879E-04 -1.93910E-04 
-4.36213E-04 -2.02461E-04 
-4.67243E-04 -2.11337E-04 
-5.03601E-04 -2.20762E-04 
-5.50226E-04 -2.31669E-04 
-6.20122E-04 -2.46517E-04 
-7.30608E-04 -2.67763E-04 
-8.72701E-04 -2.91362E-04 
-1.00925E-03 -3.08706E-04 
-2.38594E-04 -1.20283E-04 
-2.44064E-04 -1.22816E-04 
-2.52914E-04 -1.26825E-04 
-2.59337E-04 -1.29997E-04 
-2.66196E-04 -1.33497E-04 
-2.73582E-04 -1.37346E-04 
-2.81598E-04 -1.41560E-04 
-2.88304E-04 -1.45079E-04 
-2.90356E-04 -1.46151E-04 
-3.00769E-04 -1.51532E-04 
-3.12346E-04 -1.57358E-04 
-3.25261E-04 -1.63620E-04 
-3.39695E-04 -1.70299E-04 
-3.56023E-04 -1.75693E-04 
-3.74743E-04 -1.82985E-04 
-3.95691E-04 -1.90683E-04 
-4.19133E-04 -1.98738E-04 
-4.45368E-04 -2.07091E-04 
-4.74787E-04 -2.15681E-04 
-5.08072E-04 -2.24495E-04 
-5.46945E-04 -2.33718E-04 
-5.96657E-04 -2.44190E-04 
-6.71045E-04 -2.58117E-04 
-7.88405E-04 -2.77534E-04 
-9.38783E-04 -2.98365E-04 
-1.08235E-03 -3.12616E-04 
-2.59336E-04 -1.30611E-04 
-2.65295E-04 -1.33302E-04 
-2.75132E-04 -1.37319E-04 
-2.82168E-04 -1.40689E-04 
-2.89695E-04 -1.44415E-04 
-2.97815E-04 -1.48515E-04 
-3.06638E-04 -1.53000E-04 
-3.14022E-04 -1.56740E-04 
-3.16282E-04 -1.57878E-04 
-3.27749E-04 -1.63576E-04 
-3.40490E-04 -1.69721E-04 
-3.54684E-04 -1.76294E-04 
-3.70515E-04 -1.83267E-04 
-3.88151E-04 -1.88696E-04 
-4.08476E-04 -1.96217E-04 
-4.31167E-04 -2.04105E-04 
-4.56489E-04 -2.12293E-04 
-4.84744E-04 -2.20703E-04 
-5.16326E-04 -2.29257E-04 
-5.51935E-04 -2.37914E-04 
-5.93379E-04 -2.46814E-04 
-6.46227E-04 -2.56675E-04 
-7.25151E-04 -2.69369E-04 
-8.49411E-04 -2.86415E-04 
-1.00801E-03 -3.03767E-04 
-1.15842E-03 -3.14274E-04 
-2.81980E-04 -1.41686E-04 
-2.88459E-04 -1.44543E-04 
-2.99375E-04 -1.48467E-04 
-3.07067E-04 -1.52041E-04 
-3.15314E-04 -1.56000E-04 
-3.24224E-04 -1.60357E-04 
-3.33917E-04 -1.65118E-04 
-3.42033E-04 -1.69079E-04 
-3.44518E-04 -1.70283E-04 
-3.57121E-04 -1.76296E-04 
-3.71112E-04 -1.82751E-04 
-3.86674E-04 -1.89620E-04 
-4.03997E-04 -1.96864E-04 
-4.22991E-04 -2.02279E-04 
-4.45007E-04 -2.09998E-04 
-4.69525E-04 -2.18031E-04 
-4.96811E-04 -2.26295E-04 
-5.27163E-04 -2.34692E-04 
-5.60975E-04 -2.43122E-04 
-5.98963E-04 -2.51516E-04 
-6.43020E-04 -2.59956E-04 
-6.99028E-04 -2.69005E-04 
-7.82492E-04 -2.80118E-04 
-9.13603E-04 -2.94181E-04 
-1.08027E-03 -3.07260E-04 
-1.23720E-03 -3.13308E-04 
-3.06693E-04 -1.53527E-04 
-3.13726E-04 -1.56561E-04 
-3.25813E-04 -1.60260E-04 
-3.34206E-04 -1.64045E-04 
-3.43223E-04 -1.68245E-04 
-3.52982E-04 -1.72864E-04 
-3.63610E-04 -1.77904E-04 
-3.72513E-04 -1.82087E-04 
-3.75239E-04 -1.83356E-04 
-3.89061E-04 -1.89678E-04 
-4.04390E-04 -1.96431E-04 
-4.21412E-04 -2.03577E-04 
-4.40317E-04 -2.11063E-04 
-4.60715E-04 -2.16409E-04 
-4.84504E-04 -2.24288E-04 
-5.10931E-04 -2.32415E-04 
-5.40257E-04 -2.40690E-04 
-5.72774E-04 -2.48993E-04 
-6.08872E-04 -2.57201E-04 
-6.49281E-04 -2.65210E-04 
-6.95972E-04 -2.73036E-04 
-7.55136E-04 -2.81051E-04 
-8.43094E-04 -2.90190E-04 
-9.80920E-04 -3.00586E-04 
-1.15537E-03 -3.08507E-04 
-1.31842E-03 -3.09317E-04 
-3.33654E-04 -1.66145E-04 
-3.41273E-04 -1.69368E-04 
-3.54623E-04 -1.72677E-04 
-3.63759E-04 -1.76684E-04 
-3.73599E-04 -1.81132E-04 
-3.84267E-04 -1.86020E-04 
-3.95896E-04 -1.91341E-04 
-4.05643E-04 -1.95744E-04 
-4.08626E-04 -1.97077E-04 
-4.23751E-04 -2.03700E-04 
-4.40505E-04 -2.10737E-04 
-4.59077E-04 -2.18135E-04 
-4.79653E-04 -2.25830E-04 
-5.01492E-04 -2.31046E-04 
-5.27134E-04 -2.39040E-04 
-5.55545E-04 -2.47203E-04 
-5.86980E-04 -2.55413E-04 
-6.21720E-04 -2.63530E-04 
-6.60149E-04 -2.71403E-04 
-7.03002E-04 -2.78893E-04 
-7.52325E-04 -2.85936E-04 
-8.14607E-04 -2.92668E-04 
-9.06956E-04 -2.99396E-04 
-1.05126E-03 -3.05361E-04 
-1.23308E-03 -3.07149E-04 
-1.40169E-03 -3.01876E-04 
-3.63051E-04 -1.79544E-04 
-3.71290E-04 -1.82972E-04 
-3.85985E-04 -1.85685E-04 
-3.95909E-04 -1.89926E-04 
-4.06624E-04 -1.94633E-04 
-4.18261E-04 -1.99797E-04 
-4.30960E-04 -2.05402E-04 
-4.41605E-04 -2.10024E-04 
-4.44864E-04 -2.11420E-04 
-4.61375E-04 -2.18333E-04 
-4.79641E-04 -2.25633E-04 
-4.99849E-04 -2.33255E-04 
-5.22183E-04 -2.41121E-04 
-5.45489E-04 -2.46143E-04 
-5.73057E-04 -2.54199E-04 
-6.03521E-04 -2.62329E-04 
-6.37124E-04 -2.70389E-04 
-6.74135E-04 -2.78214E-04 
-7.14921E-04 -2.85628E-04 
-7.60222E-04 -2.92449E-04 
-8.12150E-04 -2.98520E-04 
-8.77473E-04 -3.03696E-04 
-9.74042E-04 -3.07529E-04 
-1.12447E-03 -3.08219E-04 
-1.31308E-03 -3.02803E-04 
-1.48655E-03 -2.90537E-04 
-3.95082E-04 -1.93714E-04 
-4.03973E-04 -1.97367E-04 
-4.20085E-04 -1.99238E-04 
-4.30840E-04 -2.03729E-04 
-4.42482E-04 -2.08708E-04 
-4.55148E-04 -2.14157E-04 
-4.68984E-04 -2.20048E-04 
-4.80585E-04 -2.24886E-04 
-4.84136E-04 -2.26344E-04 
-5.02115E-04 -2.33535E-04 
-5.21978E-04 -2.41077E-04 
-5.43907E-04 -2.48890E-04 
-5.68079E-04 -2.56883E-04 
-5.92863E-04 -2.61641E-04 
-6.22426E-04 -2.69700E-04 
-6.55004E-04 -2.77719E-04 
-6.90824E-04 -2.85531E-04 
-7.30135E-04 -2.92948E-04 
-7.73289E-04 -2.99763E-04 
-8.21018E-04 -3.05750E-04 
-8.75492E-04 -3.10642E-04 
-9.43737E-04 -3.13962E-04 
-1.04428E-03 -3.14368E-04 
-1.20035E-03 -3.08854E-04 
-1.39500E-03 -2.95067E-04 
-1.57245E-03 -2.74840E-04 
-4.29954E-04 -2.08635E-04 
-4.39531E-04 -2.12538E-04 
-4.57109E-04 -2.13273E-04 
-4.68738E-04 -2.18036E-04 
-4.81359E-04 -2.23305E-04 
-4.95116E-04 -2.29050E-04 
-5.10156E-04 -2.35231E-04 
-5.22767E-04 -2.40284E-04 
-5.26626E-04 -2.41802E-04 
-5.46154E-04 -2.49257E-04 
-5.67695E-04 -2.57017E-04 
-5.91424E-04 -2.64985E-04 
-6.17508E-04 -2.73056E-04 
-6.43768E-04 -2.77481E-04 
-6.75387E-04 -2.85473E-04 
-7.10130E-04 -2.93292E-04 
-7.48202E-04 -3.00747E-04 
-7.89830E-04 -3.07624E-04 
-8.35339E-04 -3.13684E-04 
-8.85451E-04 -3.18655E-04 
-9.42378E-04 -3.22143E-04 
-1.01337E-03 -3.23281E-04 
-1.11755E-03 -3.19678E-04 
-1.27862E-03 -3.06946E-04 
-1.47835E-03 -2.83528E-04 
-1.65873E-03 -2.54315E-04 
-4.67878E-04 -2.24270E-04 
-4.78174E-04 -2.28455E-04 
-4.97238E-04 -2.27714E-04 
-5.09782E-04 -2.32779E-04 
-5.23434E-04 -2.38359E-04 
-5.38341E-04 -2.44415E-04 
-5.54650E-04 -2.50894E-04 
-5.68325E-04 -2.56160E-04 
-5.72508E-04 -2.57737E-04 
-5.93663E-04 -2.65443E-04 
-6.16958E-04 -2.73394E-04 
-6.42559E-04 -2.81478E-04 
-6.70623E-04 -2.89572E-04 
-6.98338E-04 -2.93592E-04 
-7.32067E-04 -3.01439E-04 
-7.69014E-04 -3.08957E-04 
-8.09359E-04 -3.15931E-04 
-8.53299E-04 -3.22120E-04 
-9.01127E-04 -3.27256E-04 
-9.53546E-04 -3.31011E-04 
-1.01280E-03 -3.32851E-04 
-1.08631E-03 -3.31452E-04 
-1.19370E-03 -3.23211E-04 
-1.35895E-03 -3.02165E-04 
-1.56257E-03 -2.67765E-04 
-1.74459E-03 -2.28498E-04 
-5.09070E-04 -2.40567E-04 
-5.20118E-04 -2.45075E-04 
-5.40645E-04 -2.42471E-04 
-5.54144E-04 -2.47875E-04 
-5.68877E-04 -2.53798E-04 
-5.84992E-04 -2.60185E-04 
-6.02634E-04 -2.66973E-04 
-6.17424E-04 -2.72454E-04 
-6.21947E-04 -2.74088E-04 
-6.44802E-04 -2.82032E-04 
-6.69922E-04 -2.90146E-04 
-6.97462E-04 -2.98303E-04 
-7.27562E-04 -3.06361E-04 
-7.56695E-04 -3.09906E-04 
-7.92576E-04 -3.17517E-04 
-8.31754E-04 -3.24619E-04 
-8.74377E-04 -3.30972E-04 
-9.20603E-04 -3.36309E-04 
-9.70689E-04 -3.40332E-04 
-1.02531E-03 -3.42655E-04 
-1.08670E-03 -3.42582E-04 
-1.16245E-03 -3.38267E-04 
-1.27249E-03 -3.24709E-04 
-1.44091E-03 -2.94174E-04 
-1.64697E-03 -2.47361E-04 
-1.82912E-03 -1.96938E-04 
-5.53742E-04 -2.57459E-04 
-5.65578E-04 -2.62340E-04 
-5.87484E-04 -2.57445E-04 
-6.01979E-04 -2.63239E-04 
-6.17842E-04 -2.69543E-04 
-6.35221E-04 -2.76290E-04 
-6.54258E-04 -2.83402E-04 
-6.70214E-04 -2.89101E-04 
-6.75091E-04 -2.90792E-04 
-6.99713E-04 -2.98961E-04 
-7.26724E-04 -3.07210E-04 
-7.56261E-04 -3.15393E-04 
-7.88447E-04 -3.23350E-04 
-8.18937E-04 -3.26354E-04 
-8.57007E-04 -3.33624E-04 
-8.98429E-04 -3.40177E-04 
-9.43314E-04 -3.45750E-04 
-9.91779E-04 -3.50053E-04 
-1.04403E-03 -3.52755E-04 
-1.10070E-03 -3.53410E-04 
-1.16402E-03 -3.51142E-04 
-1.24164E-03 -3.43506E-04 
-1.35366E-03 -3.23909E-04 
-1.52401E-03 -2.82636E-04 
-1.73077E-03 -2.21909E-04 
-1.91130E-03 -1.59212E-04 
-6.02098E-04 -2.74866E-04 
-6.14760E-04 -2.80181E-04 
-6.37885E-04 -2.72538E-04 
-6.53414E-04 -2.78784E-04 
-6.70457E-04 -2.85520E-04 
-6.89156E-04 -2.92663E-04 
-7.09648E-04 -3.00121E-04 
-7.26816E-04 -3.06044E-04 
-7.32061E-04 -3.07792E-04 
-7.58517E-04 -3.16176E-04 
-7.87478E-04 -3.24527E-04 
-8.19064E-04 -3.32684E-04 
-8.53373E-04 -3.40467E-04 
-8.85143E-04 -3.42869E-04 
-9.25423E-04 -3.49673E-04 
-9.69089E-04 -3.55526E-04 
-1.01620E-03 -3.60140E-04 
-1.06683E-03 -3.63204E-04 
-1.12112E-03 -3.64357E-04 
-1.17966E-03 -3.63088E-04 
-1.24463E-03 -3.58322E-04 
-1.32368E-03 -3.46938E-04 
-1.43687E-03 -3.20541E-04 
-1.60766E-03 -2.67219E-04 
-1.81307E-03 -1.91029E-04 
-1.98993E-03 -1.14946E-04 
-6.54326E-04 -2.92697E-04 
-6.67856E-04 -2.98518E-04 
-6.91938E-04 -2.87658E-04 
-7.08543E-04 -2.94436E-04 
-7.26816E-04 -3.01666E-04 
-7.46892E-04 -3.09250E-04 
-7.68899E-04 -3.17081E-04 
-7.87326E-04 -3.23237E-04 
-7.92953E-04 -3.25043E-04 
-8.21303E-04 -3.33628E-04 
-8.52271E-04 -3.42047E-04 
-8.85951E-04 -3.50117E-04 
-9.22415E-04 -3.57641E-04 
-9.55362E-04 -3.59388E-04 
-9.97868E-04 -3.65580E-04 
-1.04376E-03 -3.70555E-04 
-1.09305E-03 -3.74005E-04 
-1.14573E-03 -3.75600E-04 
-1.20191E-03 -3.74952E-04 
-1.26208E-03 -3.71485E-04 
-1.32837E-03 -3.63903E-04 
-1.40833E-03 -3.48322E-04 
-1.52171E-03 -3.14332E-04 
-1.69117E-03 -2.47606E-04 
-1.89283E-03 -1.54376E-04 
-2.06369E-03 -6.38299E-05 
-7.11497E-04 -3.11139E-04 
-7.25957E-04 -3.17564E-04 
-7.50611E-04 -3.02971E-04 
-7.68356E-04 -3.10386E-04 
-7.87933E-04 -3.18194E-04 
-8.09469E-04 -3.26282E-04 
-8.33077E-04 -3.34525E-04 
-8.52832E-04 -3.40926E-04 
-8.58861E-04 -3.42791E-04 
-8.89199E-04 -3.51565E-04 
-9.22259E-04 -3.60008E-04 
-9.58107E-04 -3.67916E-04 
-9.96784E-04 -3.75072E-04 
-1.03080E-03 -3.76105E-04 
-1.07558E-03 -3.81495E-04 
-1.12369E-03 -3.85366E-04 
-1.17510E-03 -3.87394E-04 
-1.22975E-03 -3.87234E-04 
-1.28763E-03 -3.84474E-04 
-1.34918E-03 -3.78472E-04 
-1.41641E-03 -3.67685E-04 
-1.49664E-03 -3.47371E-04 
-1.60905E-03 -3.04838E-04 
-1.77505E-03 -2.23087E-04 
-1.97004E-03 -1.10948E-04 
-2.13210E-03 -4.68323E-06 
-7.71964E-04 -3.29529E-04 
-7.87399E-04 -3.36644E-04 
-8.12065E-04 -3.17977E-04 
-8.30988E-04 -3.26128E-04 
-8.51913E-04 -3.34591E-04 
-8.74953E-04 -3.43233E-04 
-9.00207E-04 -3.51916E-04 
-9.21321E-04 -3.58565E-04 
-9.27759E-04 -3.60487E-04 
-9.60121E-04 -3.69421E-04 
-9.95295E-04 -3.77828E-04 
-1.03332E-03 -3.85484E-04 
-1.07420E-03 -3.92151E-04 
-1.10914E-03 -3.92440E-04 
-1.15613E-03 -3.96824E-04 
-1.20638E-03 -3.99362E-04 
-1.25978E-03 -3.99718E-04 
-1.31618E-03 -3.97537E-04 
-1.37550E-03 -3.92393E-04 
-1.43807E-03 -3.83578E-04 
-1.50575E-03 -3.69287E-04 
-1.58553E-03 -3.43840E-04 
-1.69564E-03 -2.92074E-04 
-1.85583E-03 -1.94151E-04 
-2.04103E-03 -6.18716E-05 
-2.19143E-03 6.07667E-05 
-8.36682E-04 -3.48072E-04 
-8.53165E-04 -3.55985E-04 
-8.77110E-04 -3.32950E-04 
-8.97282E-04 -3.41960E-04 
-9.19632E-04 -3.51167E-04 
-9.44257E-04 -3.60424E-04 
-9.71238E-04 -3.69571E-04 
-9.93772E-04 -3.76468E-04 
-1.00064E-03 -3.78442E-04 
-1.03510E-03 -3.87491E-04 
-1.07245E-03 -3.95778E-04 
-1.11269E-03 -4.03058E-04 
-1.15579E-03 -4.09076E-04 
-1.19150E-03 -4.08583E-04 
-1.24070E-03 -4.11700E-04 
-1.29302E-03 -4.12612E-04 
-1.34827E-03 -4.10983E-04 
-1.40622E-03 -4.06457E-04 
-1.46669E-03 -3.98598E-04 
-1.52988E-03 -3.86636E-04 
-1.59748E-03 -3.68483E-04 
-1.67598E-03 -3.37437E-04 
-1.78226E-03 -2.75634E-04 
-1.93388E-03 -1.60211E-04 
-2.10566E-03 -6.37697E-06 
-2.24109E-03 1.33365E-04 
-9.05681E-04 -3.66714E-04 
-9.23308E-04 -3.75532E-04 
-9.45581E-04 -3.48009E-04 
-9.67098E-04 -3.58001E-04 
-9.90977E-04 -3.68040E-04 
-1.01729E-03 -3.77958E-04 
-1.04610E-03 -3.87580E-04 
-1.07013E-03 -3.94703E-04 
-1.07744E-03 -3.96718E-04 
-1.11409E-03 -4.05805E-04 
-1.15370E-03 -4.13849E-04 
-1.19622E-03 -4.20585E-04 
-1.24156E-03 -4.25742E-04 
-1.27789E-03 -4.24425E-04 
-1.32927E-03 -4.25954E-04 
-1.38357E-03 -4.24897E-04 
-1.44050E-03 -4.20923E-04 
-1.49974E-03 -4.13688E-04 
-1.56102E-03 -4.02755E-04 
-1.62439E-03 -3.87296E-04 
-1.69129E-03 -3.64926E-04 
-1.76754E-03 -3.27829E-04 
-1.86825E-03 -2.55225E-04 
-2.00817E-03 -1.21065E-04 
-2.16244E-03 5.55654E-05 
-2.27923E-03 2.12917E-04 
-9.78938E-04 -3.85430E-04 
-9.97836E-04 -3.95255E-04 
-1.01725E-03 -3.63375E-04 
-1.04024E-03 -3.74460E-04 
-1.06579E-03 -3.85398E-04 
-1.09393E-03 -3.95999E-04 
-1.12470E-03 -4.06069E-04 
-1.15032E-03 -4.13366E-04 
-1.15811E-03 -4.15402E-04 
-1.19708E-03 -4.24396E-04 
-1.23903E-03 -4.32013E-04 
-1.28389E-03 -4.37973E-04 
-1.33151E-03 -4.41995E-04 
-1.36831E-03 -4.39796E-04 
-1.42182E-03 -4.39348E-04 
-1.47798E-03 -4.35914E-04 
-1.53640E-03 -4.29183E-04 
-1.59664E-03 -4.18834E-04 
-1.65832E-03 -4.04444E-04 
-1.72134E-03 -3.85132E-04 
-1.78682E-03 -3.58197E-04 
-1.85976E-03 -3.14631E-04 
-1.95291E-03 -2.30536E-04 
-2.07762E-03 -7.65534E-05 
-2.20981E-03 1.23868E-04 
-2.30396E-03 2.99042E-04 
-1.05649E-03 -4.04266E-04 
-1.07683E-03 -4.15179E-04 
-1.09192E-03 -3.79405E-04 
-1.11659E-03 -3.91667E-04 
-1.14399E-03 -4.03528E-04 
-1.17415E-03 -4.14783E-04 
-1.20707E-03 -4.25215E-04 
-1.23441E-03 -4.32582E-04 
-1.24272E-03 -4.34603E-04 
-1.28415E-03 -4.43294E-04 
-1.32860E-03 -4.50216E-04 
-1.37589E-03 -4.55080E-04 
-1.42582E-03 -4.57603E-04 
-1.46296E-03 -4.54438E-04 
-1.51855E-03 -4.51537E-04 
-1.57641E-03 -4.45244E-04 
-1.63606E-03 -4.35283E-04 
-1.69695E-03 -4.21373E-04 
-1.75855E-03 -4.03118E-04 
-1.82061E-03 -3.79591E-04 
-1.88388E-03 -3.47762E-04 
-1.95227E-03 -2.97353E-04 
-2.03564E-03 -2.01172E-04 
-2.14116E-03 -2.64757E-05 
-2.24619E-03 1.98425E-04 
-2.31332E-03 3.91286E-04 
-1.13807E-03 -4.23242E-04 
-1.16008E-03 -4.35273E-04 
-1.16914E-03 -3.96517E-04 
-1.19574E-03 -4.09967E-04 
-1.22526E-03 -4.22702E-04 
-1.25768E-03 -4.34494E-04 
-1.29298E-03 -4.45111E-04 
-1.32222E-03 -4.52369E-04 
-1.33108E-03 -4.54315E-04 
-1.37519E-03 -4.62382E-04 
-1.42228E-03 -4.68230E-04 
-1.47212E-03 -4.71570E-04 
-1.52442E-03 -4.72125E-04 
-1.56178E-03 -4.67866E-04 
-1.61934E-03 -4.61950E-04 
-1.67871E-03 -4.52249E-04 
-1.73928E-03 -4.38540E-04 
-1.80038E-03 -4.20598E-04 
-1.86136E-03 -3.98069E-04 
-1.92176E-03 -3.69992E-04 
-1.98191E-03 -3.32994E-04 
-2.04439E-03 -2.75467E-04 
-2.11551E-03 -1.66792E-04 
-2.19750E-03 2.91555E-05 
-2.26983E-03 2.78720E-04 
-2.30533E-03 4.88636E-04 
-1.22348E-03 -4.42426E-04 
-1.24745E-03 -4.55528E-04 
-1.24854E-03 -4.15227E-04 
-1.27743E-03 -4.29771E-04 
-1.30941E-03 -4.43210E-04 
-1.34443E-03 -4.55299E-04 
-1.38241E-03 -4.65790E-04 
-1.41376E-03 -4.72655E-04 
-1.42324E-03 -4.74437E-04 
-1.47028E-03 -4.81413E-04 
-1.52021E-03 -4.85665E-04 
-1.57272E-03 -4.86916E-04 
-1.62744E-03 -4.84912E-04 
-1.66493E-03 -4.79367E-04 
-1.72434E-03 -4.69785E-04 
-1.78495E-03 -4.56061E-04 
-1.84604E-03 -4.38044E-04 
-1.90684E-03 -4.15586E-04 
-1.96654E-03 -3.88392E-04 
-2.02448E-03 -3.55472E-04 
-2.08048E-03 -3.13108E-04 
-2.13556E-03 -2.48311E-04 
-2.19173E-03 -1.26966E-04 
-2.24543E-03 9.03461E-05 
-2.27913E-03 3.64170E-04 
-2.27812E-03 5.89947E-04 
-1.31246E-03 -4.61856E-04 
-1.33879E-03 -4.75860E-04 
-1.32982E-03 -4.36046E-04 
-1.36147E-03 -4.51426E-04 
-1.39635E-03 -4.65229E-04 
-1.43439E-03 -4.77199E-04 
-1.47544E-03 -4.87079E-04 
-1.50916E-03 -4.93133E-04 
-1.51933E-03 -4.94622E-04 
-1.56959E-03 -4.99861E-04 
-1.62259E-03 -5.01827E-04 
-1.67790E-03 -5.00271E-04 
-1.73508E-03 -4.94982E-04 
-1.77265E-03 -4.87878E-04 
-1.83368E-03 -4.73900E-04 
-1.89518E-03 -4.55491E-04 
-1.95631E-03 -4.32592E-04 
-2.01618E-03 -4.05151E-04 
-2.07384E-03 -3.72947E-04 
-2.12841E-03 -3.34973E-04 
-2.17914E-03 -2.87157E-04 
-2.22517E-03 -2.15114E-04 
-2.26347E-03 -8.12303E-05 
-2.28379E-03 1.57004E-04 
-2.27255E-03 4.53941E-04 
-2.23001E-03 6.93720E-04 
-1.40496E-03 -4.81494E-04 
-1.43412E-03 -4.96062E-04 
-1.41294E-03 -4.59391E-04 
-1.44794E-03 -4.75122E-04 
-1.48630E-03 -4.88724E-04 
-1.52786E-03 -4.99934E-04 
-1.57244E-03 -5.08500E-04 
-1.60885E-03 -5.13160E-04 
-1.61979E-03 -5.14182E-04 
-1.67362E-03 -5.16826E-04 
-1.72991E-03 -5.15624E-04 
-1.78816E-03 -5.10379E-04 
-1.84778E-03 -5.00945E-04 
-1.88540E-03 -4.91908E-04 
-1.94774E-03 -4.72746E-04 
-2.00967E-03 -4.48966E-04 
-2.07022E-03 -4.20627E-04 
-2.12839E-03 -3.87786E-04 
-2.18312E-03 -3.50311E-04 
-2.23329E-03 -3.07186E-04 
-2.27749E-03 -2.53985E-04 
-2.31270E-03 -1.74933E-04 
-2.32998E-03 -2.90120E-05 
-2.31148E-03 2.29045E-04 
-2.24866E-03 5.47095E-04 
-2.15949E-03 7.98282E-04 
-1.50100E-03 -5.01099E-04 
-1.53359E-03 -5.15669E-04 
-1.49819E-03 -4.85376E-04 
-1.53727E-03 -5.00684E-04 
-1.57976E-03 -5.13235E-04 
-1.62546E-03 -5.22774E-04 
-1.67409E-03 -5.29064E-04 
-1.71352E-03 -5.31566E-04 
-1.72532E-03 -5.31894E-04 
-1.78307E-03 -5.30863E-04 
-1.84286E-03 -5.25423E-04 
-1.90410E-03 -5.15454E-04 
-1.96608E-03 -5.00905E-04 
-2.00375E-03 -4.89459E-04 
-2.06693E-03 -4.64315E-04 
-2.12865E-03 -4.34515E-04 
-2.18786E-03 -4.00250E-04 
-2.24342E-03 -3.61703E-04 
-2.29418E-03 -3.18841E-04 
-2.33878E-03 -2.70638E-04 
-2.37508E-03 -2.12324E-04 
-2.39757E-03 -1.26777E-04 
-2.39054E-03 3.02072E-05 
-2.32756E-03 3.06173E-04 
-2.20638E-03 6.42306E-04 
-2.06554E-03 9.01482E-04 
-1.60051E-03 -5.19931E-04 
-1.63723E-03 -5.33675E-04 
-1.58590E-03 -5.13443E-04 
-1.62990E-03 -5.27218E-04 
-1.67729E-03 -5.37552E-04 
-1.72778E-03 -5.44214E-04 
-1.78099E-03 -5.47006E-04 
-1.82379E-03 -5.46406E-04 
-1.83653E-03 -5.45765E-04 
-1.89848E-03 -5.39772E-04 
-1.96191E-03 -5.28867E-04 
-2.02608E-03 -5.13038E-04 
-2.09019E-03 -4.92352E-04 
-2.12789E-03 -4.77930E-04 
-2.19126E-03 -4.46073E-04 
-2.25196E-03 -4.09714E-04 
-2.30885E-03 -3.69187E-04 
-2.36072E-03 -3.24812E-04 
-2.40632E-03 -2.76652E-04 
-2.44406E-03 -2.23675E-04 
-2.47101E-03 -1.60779E-04 
-2.47880E-03 -6.95895E-05 
-2.44406E-03 9.69260E-05 
-2.33081E-03 3.87927E-04 
-2.14448E-03 7.37949E-04 
-1.94716E-03 1.00081E-03 
-1.70404E-03 -5.36836E-04 
-1.74565E-03 -5.48623E-04 
-1.67731E-03 -5.42350E-04 
-1.72715E-03 -5.53114E-04 
-1.78023E-03 -5.59732E-04 
-1.83615E-03 -5.62022E-04 
-1.89445E-03 -5.59847E-04 
-1.94088E-03 -5.55042E-04 
-1.95463E-03 -5.53118E-04 
-2.02095E-03 -5.40724E-04 
-2.08798E-03 -5.23035E-04 
-2.15485E-03 -5.00175E-04 
-2.22065E-03 -4.72355E-04 
-2.25832E-03 -4.54333E-04 
-2.32098E-03 -4.15188E-04 
-2.37961E-03 -3.71927E-04 
-2.43300E-03 -3.25034E-04 
-2.47991E-03 -2.74961E-04 
-2.51901E-03 -2.21865E-04 
-2.54849E-03 -1.64699E-04 
-2.56454E-03 -9.80504E-05 
-2.55561E-03 -2.44584E-06 
-2.48972E-03 1.71447E-04 
-2.32045E-03 4.73562E-04 
-2.06236E-03 8.32035E-04 
-1.80416E-03 1.09340E-03 
-1.81245E-03 -5.49888E-04 
-1.85973E-03 -5.58291E-04 
-1.77419E-03 -5.69738E-04 
-1.83076E-03 -5.75671E-04 
-1.89025E-03 -5.76787E-04 
-1.95216E-03 -5.72979E-04 
-2.01591E-03 -5.64197E-04 
-2.06611E-03 -5.53994E-04 
-2.08088E-03 -5.50454E-04 
-2.15152E-03 -5.30169E-04 
-2.22187E-03 -5.04399E-04 
-2.29094E-03 -4.73425E-04 
-2.35771E-03 -4.37626E-04 
-2.39517E-03 -4.15380E-04 
-2.45594E-03 -3.68647E-04 
-2.51118E-03 -3.18445E-04 
-2.55967E-03 -2.65404E-04 
-2.60015E-03 -2.10097E-04 
-2.63127E-03 -1.52755E-04 
-2.65101E-03 -9.23087E-05 
-2.65459E-03 -2.30702E-05 
-2.62695E-03 7.53128E-05 
-2.52656E-03 2.53756E-04 
-2.29570E-03 5.61926E-04 
-1.95963E-03 9.22116E-04 
-1.63678E-03 1.17598E-03 
-1.92652E-03 -5.56370E-04 
-1.98018E-03 -5.59720E-04 
-1.87841E-03 -5.92086E-04 
-1.94249E-03 -5.91115E-04 
-2.00895E-03 -5.84757E-04 
-2.07717E-03 -5.73010E-04 
-2.14647E-03 -5.55938E-04 
-2.20038E-03 -5.39161E-04 
-2.21613E-03 -5.33682E-04 
-2.29072E-03 -5.04121E-04 
-2.36376E-03 -4.69145E-04 
-2.43418E-03 -4.29212E-04 
-2.50087E-03 -3.84875E-04 
-2.53780E-03 -3.57869E-04 
-2.59519E-03 -3.03633E-04 
-2.64548E-03 -2.46852E-04 
-2.68745E-03 -1.88282E-04 
-2.71991E-03 -1.28593E-04 
-2.74149E-03 -6.80630E-05 
-2.74998E-03 -5.58700E-06 
-2.73957E-03 6.47469E-05 
-2.69132E-03 1.63867E-04 
-2.55327E-03 3.43347E-04 
-2.25564E-03 6.51365E-04 
-1.83607E-03 1.00527E-03 
-1.44559E-03 1.24490E-03 
-2.04752E-03 -5.52868E-04 
-2.10807E-03 -5.49364E-04 
-1.99240E-03 -6.04816E-04 
-2.06445E-03 -5.94773E-04 
-2.13811E-03 -5.78955E-04 
-2.21262E-03 -5.57489E-04 
-2.28721E-03 -5.30580E-04 
-2.34444E-03 -5.06203E-04 
-2.36103E-03 -4.98514E-04 
-2.43876E-03 -4.58579E-04 
-2.51345E-03 -4.13619E-04 
-2.58395E-03 -3.64277E-04 
-2.64914E-03 -3.11272E-04 
-2.68501E-03 -2.79150E-04 
-2.73725E-03 -2.17979E-04 
-2.78079E-03 -1.55451E-04 
-2.81449E-03 -9.24166E-05 
-2.83722E-03 -2.96042E-05 
-2.84768E-03 3.26930E-05 
-2.84347E-03 9.56320E-05 
-2.81768E-03 1.65272E-04 
-2.74712E-03 2.62727E-04 
-2.56861E-03 4.39094E-04 
-2.19965E-03 7.39665E-04 
-1.69196E-03 1.07816E-03 
-1.23189E-03 1.29632E-03 
-2.17639E-03 -5.35677E-04 
-2.24406E-03 -5.23529E-04 
-2.11821E-03 -6.02797E-04 
-2.19830E-03 -5.81613E-04 
-2.27894E-03 -5.54522E-04 
-2.35927E-03 -5.21806E-04 
-2.43839E-03 -4.83824E-04 
-2.49821E-03 -4.51101E-04 
-2.51540E-03 -4.41021E-04 
-2.59498E-03 -3.90061E-04 
-2.66981E-03 -3.34830E-04 
-2.73874E-03 -2.76138E-04 
-2.80064E-03 -2.14855E-04 
-2.83470E-03 -1.77509E-04 
-2.87980E-03 -1.10485E-04 
-2.91464E-03 -4.35186E-05 
-2.93822E-03 2.24903E-05 
-2.94955E-03 8.67990E-05 
-2.94739E-03 1.49140E-04 
-2.92918E-03 2.10732E-04 
-2.88681E-03 2.77677E-04 
-2.79255E-03 3.70792E-04 
-2.57119E-03 5.39353E-04 
-2.12705E-03 8.24235E-04 
-1.52769E-03 1.13727E-03 
-9.97172E-04 1.32642E-03 
-2.31269E-03 -5.01587E-04 
-2.38726E-03 -4.79249E-04 
-2.25638E-03 -5.81159E-04 
-2.34398E-03 -5.47160E-04 
-2.43080E-03 -5.07448E-04 
-2.51589E-03 -4.62465E-04 
-2.59829E-03 -4.12735E-04 
-2.65958E-03 -3.71374E-04 
-2.67702E-03 -3.58853E-04 
-2.75668E-03 -2.96867E-04 
-2.82975E-03 -2.31725E-04 
-2.89510E-03 -1.64374E-04 
-2.95168E-03 -9.58014E-05 
-2.98301E-03 -5.34460E-05 
-3.01893E-03 1.78385E-05 
-3.04317E-03 8.75017E-05 
-3.05492E-03 1.54643E-04 
-3.05337E-03 2.18555E-04 
-3.03738E-03 2.79035E-04 
-3.00421E-03 3.37363E-04 
-2.94450E-03 3.99551E-04 
-2.82565E-03 4.85548E-04 
-2.55989E-03 6.41305E-04 
-2.03814E-03 9.01704E-04 
-1.34535E-03 1.17885E-03 
-7.45155E-04 1.33171E-03 
-2.45589E-03 -4.48271E-04 
-2.53675E-03 -4.14475E-04 
-2.40713E-03 -5.35955E-04 
-2.50118E-03 -4.87931E-04 
-2.59287E-03 -4.34748E-04 
-2.68119E-03 -3.77012E-04 
-2.76514E-03 -3.15398E-04 
-2.82646E-03 -2.65530E-04 
-2.84372E-03 -2.50645E-04 
-2.92133E-03 -1.78211E-04 
-2.99045E-03 -1.04068E-04 
-3.05002E-03 -2.92626E-05 
-3.09913E-03 4.51537E-05 
-3.12668E-03 9.20453E-05 
-3.15141E-03 1.65659E-04 
-3.16329E-03 2.36013E-04 
-3.16169E-03 3.02260E-04 
-3.14602E-03 3.63776E-04 
-3.11528E-03 4.20459E-04 
-3.06653E-03 4.73634E-04 
-2.98904E-03 5.29055E-04 
-2.84514E-03 6.05158E-04 
-2.53396E-03 7.42938E-04 
-1.93304E-03 9.69689E-04 
-1.14625E-03 1.20032E-03 
-4.78194E-04 1.30994E-03 
-2.60342E-03 -3.75156E-04 
-2.68963E-03 -3.28984E-04 
-2.56846E-03 -4.64916E-04 
-2.66738E-03 -4.02244E-04 
-2.76219E-03 -3.35342E-04 
-2.85182E-03 -2.64966E-04 
-2.93528E-03 -1.91924E-04 
-2.99500E-03 -1.34115E-04 
-3.01159E-03 -1.17065E-04 
-3.08485E-03 -3.53212E-05 
-3.14772E-03 4.64078E-05 
-3.19932E-03 1.27029E-04 
-3.23888E-03 2.05484E-04 
-3.26159E-03 2.56214E-04 
-3.27342E-03 3.30031E-04 
-3.27147E-03 3.98962E-04 
-3.25539E-03 4.62262E-04 
-3.22480E-03 5.19437E-04 
-3.17883E-03 5.70502E-04 
-3.11432E-03 6.16803E-04 
-3.01911E-03 6.63638E-04 
-2.85023E-03 7.27242E-04 
-2.49347E-03 8.41972E-04 
-1.81323E-03 1.02605E-03 
-9.33648E-04 1.20000E-03 
-2.00961E-04 1.26025E-03 
-2.75234E-03 -2.83000E-04 
-2.84277E-03 -2.23793E-04 
-2.73774E-03 -3.67196E-04 
-2.83965E-03 -2.89788E-04 
-2.93553E-03 -2.09444E-04 
-3.02435E-03 -1.27045E-04 
-3.10514E-03 -4.34961E-05 
-3.16158E-03 2.13511E-05 
-3.17702E-03 4.02753E-05 
-3.24362E-03 1.29789E-04 
-3.29806E-03 2.17355E-04 
-3.33965E-03 3.01894E-04 
-3.36784E-03 3.82399E-04 
-3.38471E-03 4.36108E-04 
-3.38226E-03 5.07973E-04 
-3.36545E-03 5.73408E-04 
-3.33416E-03 6.31817E-04 
-3.28827E-03 6.82862E-04 
-3.22701E-03 7.26690E-04 
-3.14696E-03 7.64618E-04 
-3.03446E-03 8.01279E-04 
-2.84115E-03 8.50004E-04 
-2.43941E-03 9.36878E-04 
-1.68104E-03 1.06974E-03 
-7.11503E-04 1.17773E-03 
8.14101E-05 1.18350E-03 
-2.90055E-03 -1.72936E-04 
-2.99405E-03 -1.00121E-04 
-2.91289E-03 -2.42492E-04 
-3.01572E-03 -1.50655E-04 
-3.11052E-03 -5.75259E-05 
-3.19634E-03 3.59262E-05 
-3.27230E-03 1.28736E-04 
-3.32381E-03 1.99499E-04 
-3.33762E-03 2.19946E-04 
-3.39540E-03 3.15436E-04 
-3.43940E-03 4.06895E-04 
-3.46918E-03 4.93318E-04 
-3.48446E-03 5.73807E-04 
-3.49451E-03 6.29469E-04 
-3.47680E-03 6.97275E-04 
-3.44444E-03 7.57235E-04 
-3.39760E-03 8.08935E-04 
-3.33634E-03 8.52217E-04 
-3.26001E-03 8.87355E-04 
-3.16491E-03 9.15585E-04 
-3.03581E-03 9.40657E-04 
-2.81893E-03 9.72324E-04 
-2.37348E-03 1.02691E-03 
-1.53946E-03 1.10082E-03 
-4.84335E-04 1.13477E-03 
3.63431E-04 1.08215E-03 
-3.04814E-03 -4.33649E-05 
-3.14365E-03 4.34665E-05 
-3.09355E-03 -8.85541E-05 
-3.19514E-03 1.69269E-05 
-3.28670E-03 1.21730E-04 
-3.36734E-03 2.24841E-04 
-3.43634E-03 3.25283E-04 
-3.48134E-03 4.00570E-04 
-3.49308E-03 4.22116E-04 
-3.54000E-03 5.21475E-04 
-3.57173E-03 6.14623E-04 
-3.58810E-03 7.00689E-04 
-3.58911E-03 7.78939E-04 
-3.59127E-03 8.35204E-04 
-3.55753E-03 8.96798E-04 
-3.50915E-03 9.49289E-04 
-3.44656E-03 9.92468E-04 
-3.37002E-03 1.02637E-03 
-3.27895E-03 1.05138E-03 
-3.16933E-03 1.06860E-03 
-3.02435E-03 1.08069E-03 
-2.78490E-03 1.09322E-03 
-2.29749E-03 1.11149E-03 
-1.39144E-03 1.11975E-03 
-2.56431E-04 1.07310E-03 
6.40105E-04 9.59349E-04 
-3.19995E-03 1.11914E-04 
-3.29615E-03 2.12714E-04 
-3.28295E-03 1.00150E-04 
-3.38088E-03 2.17769E-04 
-3.46674E-03 3.32439E-04 
-3.53982E-03 4.43155E-04 
-3.59956E-03 5.48979E-04 
-3.63636E-03 6.26952E-04 
-3.64555E-03 6.49045E-04 
-3.67944E-03 7.49602E-04 
-3.69696E-03 8.41729E-04 
-3.69823E-03 9.24747E-04 
-3.68357E-03 9.98140E-04 
-3.67642E-03 1.05306E-03 
-3.62584E-03 1.10603E-03 
-3.56093E-03 1.14882E-03 
-3.48231E-03 1.18145E-03 
-3.39047E-03 1.20415E-03 
-3.28483E-03 1.21741E-03 
-3.16105E-03 1.22213E-03 
-3.00076E-03 1.21969E-03 
-2.73969E-03 1.21101E-03 
-2.21246E-03 1.18936E-03 
-1.23894E-03 1.12648E-03 
-3.08839E-05 9.94306E-04 
9.07865E-04 8.17924E-04 
-3.36566E-03 3.03624E-04 
-3.46045E-03 4.17335E-04 
-3.48765E-03 3.31906E-04 
-3.57872E-03 4.59033E-04 
-3.65575E-03 5.80693E-04 
-3.71823E-03 6.95945E-04 
-3.76581E-03 8.03954E-04 
-3.79230E-03 8.82081E-04 
-3.79834E-03 9.03979E-04 
-3.81652E-03 1.00218E-03 
-3.81742E-03 1.08976E-03 
-3.80147E-03 1.16631E-03 
-3.76931E-03 1.23155E-03 
-3.75085E-03 1.28231E-03 
-3.68234E-03 1.32375E-03 
-3.60006E-03 1.35417E-03 
-3.50487E-03 1.37382E-03 
-3.39738E-03 1.38312E-03 
-3.27707E-03 1.38266E-03 
-3.13919E-03 1.37307E-03 
-2.96391E-03 1.35434E-03 
-2.68210E-03 1.32232E-03 
-2.11743E-03 1.25761E-03 
-1.08183E-03 1.11940E-03 
1.91525E-04 8.98560E-04 
1.16559E-03 6.59260E-04 
-3.55468E-03 5.44758E-04 
-3.64459E-03 6.68361E-04 
-3.71237E-03 6.14767E-04 
-3.79235E-03 7.46963E-04 
-3.85649E-03 8.71047E-04 
-3.90450E-03 9.86212E-04 
-3.93631E-03 1.09178E-03 
-3.94985E-03 1.16653E-03 
-3.95200E-03 1.18720E-03 
-3.95118E-03 1.27825E-03 
-3.93251E-03 1.35668E-03 
-3.89676E-03 1.42237E-03 
-3.84488E-03 1.47537E-03 
-3.81258E-03 1.51821E-03 
-3.72477E-03 1.54469E-03 
-3.62407E-03 1.55963E-03 
-3.51154E-03 1.56350E-03 
-3.38790E-03 1.55693E-03 
-3.25261E-03 1.54056E-03 
-3.10059E-03 1.51471E-03 
-2.91056E-03 1.47787E-03 
-2.60897E-03 1.42061E-03 
-2.00975E-03 1.31058E-03 
-9.18490E-04 1.09478E-03 
4.11334E-04 7.84477E-04 
1.41339E-03 4.83598E-04 
-3.77916E-03 8.49099E-04 
-3.85858E-03 9.77272E-04 
-3.96384E-03 9.56935E-04 
-4.02679E-03 1.08783E-03 
-4.07237E-03 1.20799E-03 
-4.10059E-03 1.31679E-03 
-4.11166E-03 1.41377E-03 
-4.10870E-03 1.48051E-03 
-4.10597E-03 1.49864E-03 
-4.08171E-03 1.57640E-03 
-4.03954E-03 1.63989E-03 
-3.98056E-03 1.68932E-03 
-3.90604E-03 1.72506E-03 
-3.85668E-03 1.75531E-03 
-3.74777E-03 1.76283E-03 
-3.62724E-03 1.75870E-03 
-3.49629E-03 1.74363E-03 
-3.35577E-03 1.71841E-03 
-3.20507E-03 1.68372E-03 
-3.03876E-03 1.63955E-03 
-2.83420E-03 1.58276E-03 
-2.51385E-03 1.49848E-03 
-1.88310E-03 1.34125E-03 
-7.42776E-04 1.04637E-03 
6.34523E-04 6.46805E-04 
1.65711E-03 2.86443E-04 
-4.03458E-03 1.21710E-03 
-4.09630E-03 1.34172E-03 
-4.23237E-03 1.35172E-03 
-4.27146E-03 1.47287E-03 
-4.29219E-03 1.58096E-03 
-4.29486E-03 1.67562E-03 
-4.27998E-03 1.75667E-03 
-4.25686E-03 1.81003E-03 
-4.24825E-03 1.82409E-03 
-4.19615E-03 1.88167E-03 
-4.12671E-03 1.92392E-03 
-4.04136E-03 1.95140E-03 
-3.94165E-03 1.96482E-03 
-3.87238E-03 1.97769E-03 
-3.74109E-03 1.96253E-03 
-3.59988E-03 1.93615E-03 
-3.45008E-03 1.89947E-03 
-3.29256E-03 1.85342E-03 
-3.12668E-03 1.79869E-03 
-2.94659E-03 1.73486E-03 
-2.72846E-03 1.65712E-03 
-2.39118E-03 1.54515E-03 
-1.73305E-03 1.34060E-03 
-5.51788E-04 9.67937E-04 
8.62544E-04 4.82435E-04 
1.89736E-03 6.69614E-05 
-4.30880E-03 1.63935E-03 
-4.34445E-03 1.75028E-03 
-4.50219E-03 1.78434E-03 
-4.51015E-03 1.88607E-03 
-4.49944E-03 1.97297E-03 
-4.47069E-03 2.04499E-03 
-4.42473E-03 2.10226E-03 
-4.37798E-03 2.13662E-03 
-4.36255E-03 2.14506E-03 
-4.27864E-03 2.17550E-03 
-4.17875E-03 2.19037E-03 
-4.06458E-03 2.19056E-03 
-3.93789E-03 2.17710E-03 
-3.84666E-03 2.16831E-03 
-3.69260E-03 2.12756E-03 
-3.53078E-03 2.07664E-03 
-3.36260E-03 2.01663E-03 
-3.18895E-03 1.94857E-03 
-3.00903E-03 1.87310E-03 
-2.81664E-03 1.78935E-03 
-2.58679E-03 1.69079E-03 
-2.23540E-03 1.55167E-03 
-1.55501E-03 1.30124E-03 
-3.41960E-04 8.54158E-04 
1.09806E-03 2.88263E-04 
2.13613E-03 -1.76279E-04 
-4.57460E-03 2.08833E-03 
-4.57606E-03 2.17489E-03 
-4.74538E-03 2.22477E-03 
-4.71581E-03 2.29761E-03 
-4.66818E-03 2.35470E-03 
-4.60342E-03 2.39631E-03 
-4.52263E-03 2.42286E-03 
-4.44989E-03 2.43344E-03 
-4.42704E-03 2.43495E-03 
-4.30895E-03 2.43262E-03 
-4.17707E-03 2.41541E-03 
-4.03329E-03 2.38452E-03 
-3.87952E-03 2.34125E-03 
-3.76591E-03 2.30808E-03 
-3.59027E-03 2.24048E-03 
-3.40945E-03 2.16438E-03 
-3.22486E-03 2.08098E-03 
-3.03733E-03 1.99136E-03 
-2.84588E-03 1.89602E-03 
-2.64390E-03 1.79360E-03 
-2.40543E-03 1.67583E-03 
-2.04387E-03 1.51171E-03 
-1.34759E-03 1.21876E-03 
-1.13105E-04 7.03029E-04 
1.34021E-03 6.47745E-05 
2.37189E-03 -4.40989E-04 
-4.79846E-03 2.52394E-03 
-4.75954E-03 2.57680E-03 
-4.93124E-03 2.63424E-03 
-4.85979E-03 2.67055E-03 
-4.77177E-03 2.69115E-03 
-4.66839E-03 2.69662E-03 
-4.55100E-03 2.68768E-03 
-4.45148E-03 2.67143E-03 
-4.42107E-03 2.66521E-03 
-4.26866E-03 2.62694E-03 
-4.10544E-03 2.57542E-03 
-3.93340E-03 2.51210E-03 
-3.75453E-03 2.43845E-03 
-3.62014E-03 2.38039E-03 
-3.42595E-03 2.28689E-03 
-3.22950E-03 2.18708E-03 
-3.03213E-03 2.08224E-03 
-2.83450E-03 1.97338E-03 
-2.63543E-03 1.86083E-03 
-2.42789E-03 1.74265E-03 
-2.18503E-03 1.60888E-03 
-1.81838E-03 1.42350E-03 
-1.11363E-03 1.09324E-03 
1.30815E-04 5.17002E-04 
1.58416E-03 -1.83260E-04 
2.59936E-03 -7.20859E-04 
-4.93726E-03 2.90084E-03 
-4.85516E-03 2.91359E-03 
-5.02232E-03 2.97177E-03 
-4.90827E-03 2.96697E-03 
-4.78010E-03 2.94755E-03 
-4.63926E-03 2.91435E-03 
-4.48724E-03 2.86835E-03 
-4.36291E-03 2.82464E-03 
-4.32557E-03 2.81061E-03 
-4.14226E-03 2.73650E-03 
-3.95164E-03 2.65159E-03 
-3.75569E-03 2.55747E-03 
-3.55638E-03 2.45571E-03 
-3.40521E-03 2.37480E-03 
-3.19760E-03 2.25871E-03 
-2.99072E-03 2.13888E-03 
-2.78578E-03 2.01654E-03 
-2.58323E-03 1.89258E-03 
-2.38164E-03 1.76710E-03 
-2.17355E-03 1.63755E-03 
-1.93143E-03 1.49230E-03 
-1.56553E-03 1.29074E-03 
-8.60539E-04 9.30009E-04 
3.81641E-04 3.03399E-04 
1.82126E-03 -4.46612E-04 
2.80984E-03 -1.00560E-03 
-4.96032E-03 3.17498E-03 
-4.83734E-03 3.14622E-03 
-4.99717E-03 3.20167E-03 
-4.84443E-03 3.15601E-03 
-4.68050E-03 3.09752E-03 
-4.50690E-03 3.02726E-03 
-4.32525E-03 2.94639E-03 
-4.18020E-03 2.87730E-03 
-4.13717E-03 2.85613E-03 
-3.92906E-03 2.74976E-03 
-3.71737E-03 2.63560E-03 
-3.50404E-03 2.51526E-03 
-3.29088E-03 2.39034E-03 
-3.12867E-03 2.29098E-03 
-2.91414E-03 2.15774E-03 
-2.70320E-03 2.02341E-03 
-2.49685E-03 1.88913E-03 
-2.29531E-03 1.75561E-03 
-2.09684E-03 1.62265E-03 
-1.89362E-03 1.48708E-03 
-1.65760E-03 1.33576E-03 
-1.29847E-03 1.12400E-03 
-6.01619E-04 7.40885E-04 
6.25999E-04 7.58300E-05 
2.03850E-03 -7.10102E-04 
2.99123E-03 -1.27955E-03 
-4.85451E-03 3.32430E-03 
-4.69584E-03 3.25592E-03 
-4.84799E-03 3.30786E-03 
-4.66218E-03 3.22414E-03 
-4.46849E-03 3.13008E-03 
-4.26854E-03 3.02688E-03 
-4.06398E-03 2.91578E-03 
-3.90359E-03 2.82524E-03 
-3.85646E-03 2.79811E-03 
-3.63119E-03 2.66538E-03 
-3.40616E-03 2.52816E-03 
-3.18312E-03 2.38800E-03 
-2.96366E-03 2.24641E-03 
-2.79700E-03 2.13435E-03 
-2.58261E-03 1.99040E-03 
-2.37439E-03 1.84795E-03 
-2.17308E-03 1.70794E-03 
-1.97862E-03 1.57088E-03 
-1.78895E-03 1.43620E-03 
-1.59594E-03 1.30016E-03 
-1.37123E-03 1.14822E-03 
-1.02472E-03 9.32274E-04 
-3.44268E-04 5.34878E-04 
8.56559E-04 -1.56687E-04 
2.22869E-03 -9.64879E-04 
3.13666E-03 -1.53432E-03 
-4.61543E-03 3.33341E-03 
-4.42970E-03 3.23183E-03 
-4.57633E-03 3.28230E-03 
-4.36648E-03 3.16735E-03 
-4.15223E-03 3.04483E-03 
-3.93526E-03 2.91605E-03 
-3.71716E-03 2.78230E-03 
-3.54860E-03 2.67625E-03 
-3.49946E-03 2.64491E-03 
-3.26672E-03 2.49409E-03 
-3.03763E-03 2.34195E-03 
-2.81368E-03 2.18995E-03 
-2.59620E-03 2.03942E-03 
-2.43213E-03 1.92136E-03 
-2.22498E-03 1.77379E-03 
-2.02603E-03 1.62996E-03 
-1.83576E-03 1.49059E-03 
-1.65381E-03 1.35593E-03 
-1.47787E-03 1.22510E-03 
-1.29954E-03 1.09380E-03 
-1.09045E-03 9.46351E-04 
-7.61461E-04 7.31932E-04 
-1.04691E-04 3.28471E-04 
1.05830E-03 -3.77141E-04 
2.37847E-03 -1.19371E-03 
3.23479E-03 -1.75345E-03 
-4.26078E-03 3.21058E-03 
-4.05803E-03 3.08423E-03 
-4.20324E-03 3.13715E-03 
-3.97966E-03 2.99971E-03 
-3.75508E-03 2.85754E-03 
-3.53106E-03 2.71198E-03 
-3.30899E-03 2.56425E-03 
-3.13928E-03 2.44917E-03 
-3.09010E-03 2.41548E-03 
-2.85899E-03 2.25524E-03 
-2.63434E-03 2.09653E-03 
-2.41740E-03 1.94065E-03 
-2.20922E-03 1.78872E-03 
-2.05391E-03 1.67107E-03 
-1.86003E-03 1.52643E-03 
-1.67581E-03 1.38732E-03 
-1.50143E-03 1.25421E-03 
-1.33629E-03 1.12710E-03 
-1.17781E-03 1.00478E-03 
-1.01746E-03 8.82501E-04 
-8.27122E-04 7.43693E-04 
-5.19438E-04 5.35657E-04 
1.07517E-04 1.33583E-04 
1.22295E-03 -5.74337E-04 
2.48114E-03 -1.38638E-03 
3.28054E-03 -1.92806E-03 
-3.82115E-03 2.97946E-03 
-3.61325E-03 2.83867E-03 
-3.76172E-03 2.89841E-03 
-3.53471E-03 2.74756E-03 
-3.30947E-03 2.59461E-03 
-3.08725E-03 2.44077E-03 
-2.86926E-03 2.28711E-03 
-2.70425E-03 2.16904E-03 
-2.65669E-03 2.13474E-03 
-2.43477E-03 1.97310E-03 
-2.22157E-03 1.81543E-03 
-2.01806E-03 1.66279E-03 
-1.82496E-03 1.51605E-03 
-1.68315E-03 1.40431E-03 
-1.50701E-03 1.26806E-03 
-1.34140E-03 1.13859E-03 
-1.18623E-03 1.01614E-03 
-1.04064E-03 9.00451E-04 
-9.01888E-04 7.90058E-04 
-7.61407E-04 6.79831E-04 
-5.91592E-04 5.52618E-04 
-3.07641E-04 3.54690E-04 
2.84804E-04 -3.95854E-05 
1.34470E-03 -7.39171E-04 
2.53293E-03 -1.53516E-03 
3.27201E-03 -2.05202E-03 
-3.33257E-03 2.67179E-03 
-3.12728E-03 2.52486E-03 
-3.28104E-03 2.59461E-03 
-3.05815E-03 2.43862E-03 
-2.83981E-03 2.28297E-03 
-2.62690E-03 2.12857E-03 
-2.42042E-03 1.97647E-03 
-2.26560E-03 1.86097E-03 
-2.22120E-03 1.82762E-03 
-2.01537E-03 1.67176E-03 
-1.81968E-03 1.52162E-03 
-1.63478E-03 1.37802E-03 
-1.46112E-03 1.24159E-03 
-1.33611E-03 1.13975E-03 
-1.18059E-03 1.01576E-03 
-1.03588E-03 8.99281E-04 
-9.01667E-04 7.90363E-04 
-7.76910E-04 6.88526E-04 
-6.58731E-04 5.92070E-04 
-5.38658E-04 4.95621E-04 
-3.89893E-04 3.81727E-04 
-1.30891E-04 1.96473E-04 
4.23688E-04 -1.84759E-04 
1.42176E-03 -8.66721E-04 
2.53391E-03 -1.63673E-03 
3.21087E-03 -2.12359E-03 
-2.82800E-03 2.32137E-03 
-2.63394E-03 2.17634E-03 
-2.79626E-03 2.25861E-03 
-2.58548E-03 2.10476E-03 
-2.38025E-03 1.95271E-03 
-2.18179E-03 1.80364E-03 
-1.99101E-03 1.65842E-03 
-1.84916E-03 1.54922E-03 
-1.80868E-03 1.51787E-03 
-1.62233E-03 1.37245E-03 
-1.44724E-03 1.23420E-03 
-1.28370E-03 1.10363E-03 
-1.13179E-03 9.81067E-04 
-1.02528E-03 8.91903E-04 
-8.91684E-04 7.82704E-04 
-7.68669E-04 6.81266E-04 
-6.55751E-04 5.87442E-04 
-5.51751E-04 5.00587E-04 
-4.53744E-04 4.18847E-04 
-3.53461E-04 3.36719E-04 
-2.25173E-04 2.36756E-04 
8.77759E-06 6.56581E-05 
5.23487E-04 -2.98473E-04 
1.45529E-03 -9.55035E-04 
2.48733E-03 -1.69092E-03 
3.10198E-03 -2.14416E-03 
-2.34039E-03 1.95851E-03 
-2.16242E-03 1.82152E-03 
-2.33260E-03 1.91724E-03 
-2.13792E-03 1.77114E-03 
-1.95036E-03 1.62831E-03 
-1.77056E-03 1.48954E-03 
-1.59916E-03 1.35566E-03 
-1.47272E-03 1.25584E-03 
-1.43680E-03 1.22731E-03 
-1.27237E-03 1.09576E-03 
-1.11930E-03 9.71885E-04 
-9.77763E-04 8.56082E-04 
-8.47732E-04 7.48604E-04 
-7.59394E-04 6.72717E-04 
-6.47132E-04 5.78867E-04 
-5.44953E-04 4.92746E-04 
-4.52220E-04 4.14040E-04 
-3.67658E-04 3.41958E-04 
-2.88343E-04 2.74535E-04 
-2.06302E-04 2.06240E-04 
-9.70826E-05 1.19890E-04 
1.12566E-04 -3.64787E-05 
5.86535E-04 -3.80544E-04 
1.44929E-03 -1.00545E-03 
2.39905E-03 -1.70081E-03 
2.95244E-03 -2.11821E-03 
-1.89096E-03 1.61039E-03 
-1.73246E-03 1.48516E-03 
-1.90963E-03 1.59317E-03 
-1.73326E-03 1.45734E-03 
-1.56464E-03 1.32585E-03 
-1.40446E-03 1.19950E-03 
-1.25316E-03 1.07867E-03 
-1.14255E-03 9.89409E-04 
-1.11130E-03 9.64048E-04 
-9.69219E-04 8.47912E-04 
-8.38480E-04 7.39815E-04 
-7.18935E-04 6.39926E-04 
-6.10306E-04 5.48270E-04 
-5.39313E-04 4.85862E-04 
-4.47196E-04 4.07342E-04 
-3.64382E-04 3.36186E-04 
-2.90134E-04 2.71957E-04 
-2.23126E-04 2.13776E-04 
-1.60505E-04 1.59633E-04 
-9.46858E-05 1.04082E-04 
-2.67329E-06 3.04500E-05 
1.83958E-04 -1.11246E-04 
6.17178E-04 -4.33183E-04 
1.40952E-03 -1.02159E-03 
2.27638E-03 -1.67163E-03 
2.77055E-03 -2.05210E-03 
-1.49593E-03 1.29374E-03 
-1.35602E-03 1.18091E-03 
-1.53678E-03 1.29852E-03 
-1.38025E-03 1.17549E-03 
-1.23228E-03 1.05792E-03 
-1.09266E-03 9.45561E-04 
-9.61709E-04 8.38827E-04 
-8.66666E-04 7.60582E-04 
-8.39925E-04 7.38449E-04 
-7.19023E-04 6.37729E-04 
-6.08913E-04 5.45033E-04 
-5.09540E-04 4.60507E-04 
-4.20447E-04 3.83962E-04 
-3.64882E-04 3.34034E-04 
-2.90712E-04 2.69685E-04 
-2.24965E-04 2.12180E-04 
-1.66829E-04 1.60989E-04 
-1.14968E-04 1.15173E-04 
-6.66383E-05 7.27307E-05 
-1.47097E-05 2.83839E-05 
6.22291E-05 -3.38239E-05 
2.27496E-04 -1.61374E-04 
6.20717E-04 -4.59919E-04 
1.34267E-03 -1.00834E-03 
2.12753E-03 -1.60985E-03 
2.56532E-03 -1.95332E-03 
-1.16126E-03 1.01909E-03 
-1.04047E-03 9.20085E-04 
-1.22137E-03 1.04402E-03 
-1.08325E-03 9.33359E-04 
-9.53898E-04 8.28668E-04 
-8.33100E-04 7.29876E-04 
-7.21070E-04 6.37110E-04 
-6.40630E-04 5.69801E-04 
-6.18134E-04 5.50867E-04 
-5.17143E-04 4.65252E-04 
-4.26136E-04 3.87201E-04 
-3.44909E-04 3.16787E-04 
-2.73077E-04 2.53892E-04 
-2.30836E-04 2.14975E-04 
-1.72336E-04 1.63279E-04 
-1.21280E-04 1.17788E-04 
-7.68439E-05 7.79280E-05 
-3.77204E-05 4.27401E-05 
-1.31260E-06 1.02684E-05 
3.90039E-05 -2.45250E-05 
1.02960E-04 -7.67146E-05 
2.48582E-04 -1.90853E-04 
6.02936E-04 -4.65277E-04 
1.25538E-03 -9.71298E-04 
1.96004E-03 -1.52224E-03 
2.34467E-03 -1.82928E-03 
-8.86429E-04 7.89236E-04 
-7.84848E-04 7.04787E-04 
-9.63365E-04 8.32629E-04 
-8.42713E-04 7.34551E-04 
-7.30000E-04 6.41744E-04 
-6.26243E-04 5.55171E-04 
-5.31289E-04 4.74958E-04 
-4.63695E-04 4.17324E-04 
-4.44910E-04 4.01232E-04 
-3.61108E-04 3.28974E-04 
-2.86588E-04 2.63981E-04 
-2.21154E-04 2.06292E-04 
-1.64171E-04 1.55530E-04 
-1.32929E-04 1.25996E-04 
-8.75128E-05 8.51648E-05 
-4.85866E-05 4.98519E-05 
-1.53303E-05 1.94626E-05 
1.35116E-05 -6.95364E-06 
4.03622E-05 -3.12690E-05 
7.13118E-05 -5.82232E-05 
1.24378E-04 -1.01888E-04 
2.52274E-04 -2.03605E-04 
5.69658E-04 -4.53920E-04 
1.15505E-03 -9.16617E-04 
1.78310E-03 -1.41668E-03 
2.11866E-03 -1.68882E-03 
-6.63500E-04 5.99957E-04 
-5.78399E-04 5.28324E-04 
-7.50800E-04 6.56107E-04 
-6.46562E-04 5.69863E-04 
-5.50276E-04 4.89186E-04 
-4.62372E-04 4.14853E-04 
-3.82773E-04 3.46930E-04 
-3.26430E-04 2.98255E-04 
-3.10847E-04 2.84691E-04 
-2.42160E-04 2.24402E-04 
-1.82151E-04 1.71048E-04 
-1.30165E-04 1.24237E-04 
-8.56260E-05 8.36570E-05 
-6.32826E-05 6.17088E-05 
-2.87088E-05 2.99218E-05 
2.74506E-07 3.01379E-06 
2.44724E-05 -1.96258E-05 
4.50788E-05 -3.89329E-05 
6.43255E-05 -5.66772E-05 
8.77470E-05 -7.72620E-05 
1.31618E-04 -1.13660E-04 
2.43328E-04 -2.03768E-04 
5.25261E-04 -4.29964E-04 
1.04564E-03 -8.48579E-04 
1.60008E-03 -1.29757E-03 
1.88999E-03 -1.53620E-03 
-4.88457E-04 4.49704E-04 
-4.16954E-04 3.88595E-04 
-5.81796E-04 5.14595E-04 
-4.92842E-04 4.40037E-04 
-4.11022E-04 3.70694E-04 
-3.36972E-04 3.07014E-04 
-2.70598E-04 2.48978E-04 
-2.24394E-04 2.08074E-04 
-2.11705E-04 1.96783E-04 
-1.56145E-04 1.47071E-04 
-1.08093E-04 1.03537E-04 
-6.70705E-05 6.58717E-05 
-3.26155E-05 3.38212E-05 
-1.71821E-05 1.79869E-05 
8.65867E-06 -6.31984E-06 
2.97790E-05 -2.64308E-05 
4.69447E-05 -4.29350E-05 
6.12366E-05 -5.66934E-05 
7.46797E-05 -6.93443E-05 
9.22517E-05 -8.49251E-05 
1.28510E-04 -1.15255E-04 
2.25641E-04 -1.94677E-04 
4.74183E-04 -3.97293E-04 
9.32786E-04 -7.72268E-04 
1.41793E-03 -1.17134E-03 
1.66620E-03 -1.37852E-03 
-3.57328E-04 3.36352E-04 
-2.97338E-04 2.84450E-04 
-4.49517E-04 4.03414E-04 
-3.73359E-04 3.38467E-04 
-3.04623E-04 2.78982E-04 
-2.42762E-04 2.24809E-04 
-1.88176E-04 1.76495E-04 
-1.50444E-04 1.42767E-04 
-1.40126E-04 1.33465E-04 
-9.52685E-05 9.25319E-05 
-5.70808E-05 5.70564E-05 
-2.52165E-05 2.69630E-05 
8.97906E-07 1.90035E-06 
1.09937E-05 -9.27164E-06 
2.99808E-05 -2.77214E-05 
4.50055E-05 -4.25479E-05 
5.67729E-05 -5.43107E-05 
6.62920E-05 -6.38392E-05 
7.53834E-05 -7.26383E-05 
8.84738E-05 -8.43642E-05 
1.18446E-04 -1.09656E-04 
2.02473E-04 -1.79276E-04 
4.19809E-04 -3.59117E-04 
8.20313E-04 -6.91567E-04 
1.24089E-03 -1.04258E-03 
1.45152E-03 -1.22060E-03 
-2.59111E-04 2.51372E-04 
-2.10744E-04 2.08786E-04 
-3.49130E-04 3.18918E-04 
-2.82885E-04 2.61634E-04 
-2.24945E-04 2.10770E-04 
-1.74096E-04 1.65466E-04 
-1.29341E-04 1.24924E-04 
-9.89848E-05 9.69816E-05 
-9.07765E-05 8.93540E-05 
-5.53157E-05 5.61200E-05 
-2.55234E-05 2.77249E-05 
-8.58968E-07 3.74264E-06 
1.89777E-05 -1.59509E-05 
2.53677E-05 -2.38035E-05 
3.91711E-05 -3.77544E-05 
4.96611E-05 -4.86008E-05 
5.75046E-05 -5.68829E-05 
6.36105E-05 -6.33593E-05 
6.95958E-05 -6.93895E-05 
7.93560E-05 -7.82445E-05 
1.04175E-04 -9.93900E-05 
1.76468E-04 -1.60060E-04 
3.64882E-04 -3.18167E-04 
7.11314E-04 -6.09796E-04 
1.07237E-03 -9.15218E-04 
1.24929E-03 -1.06653E-03 
-1.86430E-04 1.89025E-04 
-1.49772E-04 1.55871E-04 
-2.75758E-04 2.57843E-04 
-2.18260E-04 2.07307E-04 
-1.68543E-04 1.62690E-04 
-1.25884E-04 1.23718E-04 
-8.95009E-05 9.00184E-05 
-6.51064E-05 6.70684E-05 
-5.85143E-05 6.08024E-05 
-3.01436E-05 3.34498E-05 
-6.62525E-06 1.02044E-05 
1.22857E-05 -8.94595E-06 
2.69878E-05 -2.42458E-05 
3.05837E-05 -2.95964E-05 
4.03344E-05 -4.00115E-05 
4.74013E-05 -4.78329E-05 
5.23848E-05 -5.35599E-05 
5.60808E-05 -5.78666E-05 
5.98977E-05 -6.19557E-05 
6.72155E-05 -6.87086E-05 
8.78027E-05 -8.64393E-05 
1.49613E-04 -1.38965E-04 
3.11451E-04 -2.76568E-04 
6.08085E-04 -5.29562E-04 
9.14835E-04 -7.92326E-04 
1.06189E-03 -9.19477E-04 
-1.36607E-04 1.46850E-04 
-1.06256E-04 1.18838E-04 
-2.20856E-04 2.12859E-04 
-1.73552E-04 1.70479E-04 
-1.31796E-04 1.32280E-04 
-9.58332E-05 9.85922E-05 
-6.48421E-05 6.90775E-05 
-4.48074E-05 4.96323E-05 
-3.95680E-05 4.44835E-05 
-1.69145E-05 2.18803E-05 
1.47937E-06 2.93875E-06 
1.59293E-05 -1.24461E-05 
2.68669E-05 -2.45469E-05 
2.87682E-05 -2.84138E-05 
3.57489E-05 -3.64536E-05 
4.05187E-05 -4.22764E-05 
4.36259E-05 -4.63465E-05 
4.57783E-05 -4.92766E-05 
4.81960E-05 -5.21264E-05 
5.37851E-05 -5.74103E-05 
7.09079E-05 -7.23435E-05 
1.23393E-04 -1.17496E-04 
2.61028E-04 -2.35979E-04 
5.12285E-04 -4.52909E-04 
7.70032E-04 -6.76297E-04 
8.90885E-04 -7.81864E-04 
-1.04849E-04 1.21184E-04 
-7.70541E-05 9.51307E-05 
-1.79509E-04 1.79857E-04 
-1.41033E-04 1.44503E-04 
-1.07134E-04 1.12706E-04 
-7.72203E-05 8.40293E-05 
-5.12986E-05 5.85729E-05 
-3.43826E-05 4.15454E-05 
-2.99589E-05 3.70113E-05 
-1.17733E-05 1.79453E-05 
2.60914E-06 2.32024E-06 
1.38902E-05 -1.04224E-05 
2.22503E-05 -2.03610E-05 
2.31982E-05 -2.34059E-05 
2.81610E-05 -2.97110E-05 
3.13165E-05 -3.41343E-05 
3.31903E-05 -3.71269E-05 
3.43889E-05 -3.92197E-05 
3.59470E-05 -4.13248E-05 
4.03259E-05 -4.56010E-05 
5.45938E-05 -5.82254E-05 
9.88127E-05 -9.67295E-05 
2.14613E-04 -1.97592E-04 
4.24983E-04 -3.81313E-04 
6.39009E-04 -5.68852E-04 
7.37138E-04 -6.55379E-04 
-8.84300E-05 1.09350E-04 
-6.04230E-05 8.29415E-05 
-1.47609E-04 1.55385E-04 
-1.16291E-04 1.25610E-04 
-8.86780E-05 9.88847E-05 
-6.56245E-05 7.58262E-05 
-4.43722E-05 5.40861E-05 
-3.03987E-05 3.94196E-05 
-2.66726E-05 3.54484E-05 
-1.14472E-05 1.87761E-05 
1.80050E-08 5.51472E-06 
8.71121E-06 -5.12015E-06 
1.50316E-05 -1.33802E-05 
1.53596E-05 -1.59286E-05 
1.89561E-05 -2.10948E-05 
2.11834E-05 -2.47503E-05 
2.24060E-05 -2.72048E-05 
2.31341E-05 -2.89121E-05 
2.42430E-05 -3.06553E-05 
2.77986E-05 -3.42710E-05 
3.97022E-05 -4.49797E-05 
7.66263E-05 -7.75210E-05 
1.72923E-04 -1.62334E-04 
3.46873E-04 -3.15892E-04 
5.22342E-04 -4.71235E-04 
6.00985E-04 -5.41182E-04 
-8.20079E-05 1.06707E-04 
-5.28651E-05 7.89958E-05 
-1.23978E-04 1.38095E-04 
-9.86551E-05 1.13147E-04 
-7.61444E-05 9.04049E-05 
-5.69520E-05 7.03978E-05 
-4.02925E-05 5.24769E-05 
-2.90216E-05 3.99772E-05 
-2.60347E-05 3.65962E-05 
-1.37548E-05 2.22533E-05 
-4.16538E-06 1.04086E-05 
2.79783E-06 1.14689E-06 
7.60182E-06 -5.90505E-06 
7.62678E-06 -8.27267E-06 
1.02402E-05 -1.26481E-05 
1.17926E-05 -1.57682E-05 
1.25845E-05 -1.78922E-05 
1.30482E-05 -1.94107E-05 
1.39037E-05 -2.09772E-05 
1.68501E-05 -2.41217E-05 
2.67406E-05 -3.31889E-05 
5.72293E-05 -6.03839E-05 
1.36247E-04 -1.30720E-04 
2.78080E-04 -2.57208E-04 
4.19902E-04 -3.83982E-04 
4.82007E-04 -4.39659E-04 
-7.88743E-05 1.07040E-04 
-5.02956E-05 7.95488E-05 
-1.06213E-04 1.25787E-04 
-8.47384E-05 1.03846E-04 
-6.62778E-05 8.42469E-05 
-4.98533E-05 6.63291E-05 
-3.64040E-05 5.09945E-05 
-2.82697E-05 4.11370E-05 
-2.60587E-05 3.84028E-05 
-1.63877E-05 2.61423E-05 
-9.05118E-06 1.61223E-05 
-3.61189E-06 8.05398E-06 
2.02685E-07 1.75062E-06 
3.79469E-07 -8.66143E-07 
2.49363E-06 -4.90446E-06 
3.70576E-06 -7.80488E-06 
4.31594E-06 -9.83552E-06 
4.68183E-06 -1.13249E-05 
5.40626E-06 -1.28298E-05 
7.88054E-06 -1.56204E-05 
1.60451E-05 -2.32656E-05 
4.09319E-05 -4.57318E-05 
1.04939E-04 -1.03283E-04 
2.19049E-04 -2.06026E-04 
3.32133E-04 -3.08031E-04 
3.80500E-04 -3.51695E-04 
-7.50866E-05 1.06607E-04 
-4.96341E-05 8.15587E-05 
-8.95347E-05 1.13987E-04 
-7.14563E-05 9.47510E-05 
-5.90905E-05 8.03080E-05 
-4.42885E-05 6.35395E-05 
-3.30333E-05 4.98524E-05 
-2.58427E-05 4.06393E-05 
-2.41189E-05 3.82935E-05 
-1.77278E-05 2.88105E-05 
-1.24726E-05 2.04955E-05 
-8.21884E-06 1.33409E-05 
-5.15382E-06 7.57088E-06 
-4.96460E-06 4.83650E-06 
-3.36452E-06 1.16387E-06 
-2.48260E-06 -1.51959E-06 
-2.05812E-06 -3.44830E-06 
-1.79459E-06 -4.90063E-06 
-1.20682E-06 -6.33319E-06 
8.22242E-07 -8.78112E-06 
7.43829E-06 -1.51274E-05 
2.73981E-05 -3.33668E-05 
7.83396E-05 -7.96174E-05 
1.68523E-04 -1.61563E-04 
2.57077E-04 -2.42128E-04 
2.94036E-04 -2.75696E-04 
-6.67854E-05 1.01559E-04 
-4.61449E-05 8.05405E-05 
-7.31283E-05 1.01650E-04 
-5.66369E-05 8.36228E-05 
-5.00342E-05 7.41340E-05 
-3.92593E-05 6.07850E-05 
-3.02898E-05 4.89892E-05 
-2.42605E-05 4.06415E-05 
-2.27122E-05 3.84025E-05 
-1.66071E-05 2.89799E-05 
-1.29382E-05 2.19701E-05 
-9.75845E-06 1.56404E-05 
-7.64379E-06 1.06214E-05 
-7.71902E-06 8.04768E-06 
-6.74009E-06 4.87183E-06 
-6.30098E-06 2.53742E-06 
-6.19079E-06 8.49977E-07 
-6.16106E-06 -4.27112E-07 
-5.82283E-06 -1.66707E-06 
-4.29387E-06 -3.70093E-06 
8.91524E-07 -8.81636E-06 
1.65590E-05 -2.33111E-05 
5.63436E-05 -5.97701E-05 
1.26315E-04 -1.23905E-04 
1.94383E-04 -1.86334E-04 
2.22078E-04 -2.11608E-04 
-5.19285E-05 8.96933E-05 
-3.73491E-05 7.39785E-05 
-5.61651E-05 8.78586E-05 
-3.75571E-05 6.78387E-05 
-3.49217E-05 6.17870E-05 
-3.04491E-05 5.39390E-05 
-2.34037E-05 4.37823E-05 
-1.91412E-05 3.69848E-05 
-1.79413E-05 3.50341E-05 
-1.33188E-05 2.68307E-05 
-1.00959E-05 2.00899E-05 
-8.33655E-06 1.49674E-05 
-7.29326E-06 1.08594E-05 
-7.92964E-06 8.76004E-06 
-7.76271E-06 6.28907E-06 
-7.94317E-06 4.49098E-06 
-8.31441E-06 3.22322E-06 
-8.68034E-06 2.29333E-06 
-8.73369E-06 1.39853E-06 
-7.78861E-06 -1.19640E-07 
-3.94912E-06 -4.04389E-06 
7.99923E-06 -1.52382E-05 
3.83802E-05 -4.33295E-05 
9.15335E-05 -9.24550E-05 
1.42759E-04 -1.39793E-04 
1.63052E-04 -1.58368E-04 
-3.01588E-05 7.04765E-05 
-2.11154E-05 5.96482E-05 
-3.62014E-05 7.02721E-05 
-1.46831E-05 4.75725E-05 
-1.32413E-05 4.25723E-05 
-1.43527E-05 3.97075E-05 
-1.01839E-05 3.20766E-05 
-7.90200E-06 2.70560E-05 
-7.40796E-06 2.57484E-05 
-5.32462E-06 1.98289E-05 
-3.94258E-06 1.47401E-05 
-3.91384E-06 1.12052E-05 
-4.40272E-06 8.50253E-06 
-5.87160E-06 7.15674E-06 
-6.69069E-06 5.58967E-06 
-7.71866E-06 4.58097E-06 
-8.80366E-06 3.98525E-06 
-9.77590E-06 3.62991E-06 
-1.03919E-05 3.26722E-06 
-1.01321E-05 2.38685E-06 
-7.57179E-06 -3.71154E-07 
1.18007E-06 -8.67924E-06 
2.37541E-05 -2.97308E-05 
6.31473E-05 -6.64285E-05 
1.00766E-04 -1.01437E-04 
1.15261E-04 -1.14710E-04 
-2.55548E-06 4.46862E-05 
2.51234E-06 3.74526E-05 
-1.18909E-05 4.75392E-05 
9.36721E-06 2.50931E-05 
1.38628E-05 1.73899E-05 
8.01030E-06 1.88738E-05 
8.74234E-06 1.43567E-05 
9.03091E-06 1.11662E-05 
8.73557E-06 1.05949E-05 
6.62987E-06 8.60965E-06 
4.93896E-06 6.41843E-06 
2.81195E-06 4.92655E-06 
6.03997E-07 3.86012E-06 
-2.14166E-06 3.75205E-06 
-4.26489E-06 3.45096E-06 
-6.35048E-06 3.47869E-06 
-8.32653E-06 3.76164E-06 
-1.00755E-05 4.17493E-06 
-1.14002E-05 4.51139E-06 
-1.19053E-05 4.37179E-06 
-1.05478E-05 2.74234E-06 
-4.50407E-06 -3.07755E-06 
1.17039E-05 -1.83147E-05 
4.00497E-05 -4.49210E-05 
6.68904E-05 -7.00589E-05 
7.69524E-05 -7.92398E-05 
2.89094E-05 1.40583E-05 
3.20617E-05 8.64220E-06 
1.66778E-05 1.97802E-05 
3.47846E-05 2.48879E-07 
4.28917E-05 -1.06000E-05 
3.54161E-05 -7.49281E-06 
3.03018E-05 -6.55989E-06 
2.78680E-05 -7.17449E-06 
2.71261E-05 -7.31226E-06 
2.25905E-05 -6.93928E-06 
1.66192E-05 -4.99639E-06 
1.16062E-05 -3.66298E-06 
7.16700E-06 -2.52463E-06 
2.80493E-06 -1.00726E-06 
-8.34971E-07 2.13617E-07 
-4.28447E-06 1.61613E-06 
-7.42888E-06 3.08340E-06 
-1.01510E-05 4.48760E-06 
-1.23128E-05 5.67528E-06 
-1.36350E-05 6.35290E-06 
-1.33830E-05 5.78979E-06 
-9.58318E-06 2.06802E-06 
1.55082E-06 -8.47719E-06 
2.12262E-05 -2.70770E-05 
3.97302E-05 -4.45026E-05 
4.65160E-05 -5.06342E-05 
6.25783E-05 -1.97812E-05 
6.47295E-05 -2.41244E-05 
4.89132E-05 -1.24058E-05 
6.03840E-05 -2.57777E-05 
7.14921E-05 -3.91696E-05 
6.37711E-05 -3.56099E-05 
5.30150E-05 -2.92866E-05 
4.63520E-05 -2.58244E-05 
4.44164E-05 -2.48042E-05 
3.67948E-05 -2.13401E-05 
2.93240E-05 -1.77927E-05 
2.15633E-05 -1.36899E-05 
1.48149E-05 -1.01853E-05 
8.38666E-06 -6.54720E-06 
2.79370E-06 -3.32756E-06 
-2.30388E-06 -2.26241E-07 
-6.81388E-06 2.65769E-06 
-1.06548E-05 5.22837E-06 
-1.37349E-05 7.37367E-06 
-1.58733E-05 8.89159E-06 
-1.65922E-05 9.29059E-06 
-1.45895E-05 7.27875E-06 
-7.39123E-06 4.16794E-07 
5.64208E-06 -1.19855E-05 
1.78623E-05 -2.35423E-05 
2.23356E-05 -2.75079E-05 
9.59697E-05 -5.43350E-05 
9.68524E-05 -5.73012E-05 
8.17757E-05 -4.60473E-05 
8.58339E-05 -5.24590E-05 
9.76494E-05 -6.62672E-05 
9.07426E-05 -6.31681E-05 
7.45038E-05 -5.14816E-05 
6.41433E-05 -4.43634E-05 
6.12682E-05 -4.24023E-05 
4.96845E-05 -3.49287E-05 
4.03562E-05 -2.93645E-05 
3.08293E-05 -2.33122E-05 
2.15402E-05 -1.71466E-05 
1.29545E-05 -1.12320E-05 
5.33286E-06 -5.87871E-06 
-1.43417E-06 -1.00941E-06 
-7.31607E-06 3.33669E-06 
-1.22638E-05 7.09299E-06 
-1.62100E-05 1.01695E-05 
-1.90617E-05 1.24471E-05 
-2.05469E-05 1.36290E-05 
-1.98827E-05 1.29134E-05 
-1.55893E-05 8.80124E-06 
-7.43894E-06 1.00069E-06 
2.45936E-07 -6.28241E-06 
3.21968E-06 -8.84070E-06 
1.26547E-04 -8.69501E-05 
1.25824E-04 -8.82369E-05 
1.12255E-04 -7.80969E-05 
1.09587E-04 -7.81117E-05 
1.19484E-04 -8.99185E-05 
1.15179E-04 -8.88650E-05 
9.30040E-05 -7.13409E-05 
8.14241E-05 -6.28276E-05 
7.84942E-05 -6.07416E-05 
6.34349E-05 -4.96376E-05 
5.06696E-05 -4.04664E-05 
3.80355E-05 -3.11287E-05 
2.61659E-05 -2.21958E-05 
1.54821E-05 -1.40044E-05 
6.04955E-06 -6.67538E-06 
-2.26016E-06 -1.15381E-07 
-9.36929E-06 5.58756E-06 
-1.52571E-05 1.03942E-05 
-1.98999E-05 1.42561E-05 
-2.32760E-05 1.71232E-05 
-2.52737E-05 1.88529E-05 
-2.55053E-05 1.90223E-05 
-2.32326E-05 1.68437E-05 
-1.85212E-05 1.23150E-05 
-1.39613E-05 7.99991E-06 
-1.18375E-05 6.23144E-06 
1.51650E-04 -1.14832E-04 
1.49232E-04 -1.14351E-04 
1.37400E-04 -1.05530E-04 
1.30072E-04 -1.00998E-04 
1.34404E-04 -1.07408E-04 
1.34155E-04 -1.09745E-04 
1.08703E-04 -8.87827E-05 
9.35689E-05 -7.66879E-05 
9.05099E-05 -7.43961E-05 
7.59425E-05 -6.33289E-05 
5.86384E-05 -4.94460E-05 
4.29568E-05 -3.68249E-05 
2.85249E-05 -2.50896E-05 
1.58993E-05 -1.47258E-05 
4.83733E-06 -5.55930E-06 
-4.78236E-06 2.50134E-06 
-1.28745E-05 9.35281E-06 
-1.94573E-05 1.49907E-05 
-2.45561E-05 1.94154E-05 
-2.82125E-05 2.26401E-05 
-3.04437E-05 2.46496E-05 
-3.11581E-05 2.53100E-05 
-3.01566E-05 2.43597E-05 
-2.77069E-05 2.20018E-05 
-2.51458E-05 1.95971E-05 
-2.33734E-05 1.81358E-05 
1.69488E-04 -1.36009E-04 
1.65573E-04 -1.33926E-04 
1.54663E-04 -1.25667E-04 
1.45042E-04 -1.18747E-04 
1.42373E-04 -1.18406E-04 
1.46297E-04 -1.24248E-04 
1.21746E-04 -1.03712E-04 
1.01710E-04 -8.67272E-05 
9.78101E-05 -8.35600E-05 
8.26442E-05 -7.15097E-05 
6.40695E-05 -5.59925E-05 
4.52095E-05 -3.99306E-05 
2.84238E-05 -2.55580E-05 
1.42476E-05 -1.33645E-05 
2.00640E-06 -2.76615E-06 
-8.49990E-06 6.39867E-06 
-1.72321E-05 1.40730E-05 
-2.41979E-05 2.02426E-05 
-2.94585E-05 2.49439E-05 
-3.31217E-05 2.82569E-05 
-3.53106E-05 3.02734E-05 
-3.61505E-05 3.10759E-05 
-3.58172E-05 3.07764E-05 
-3.47065E-05 2.97135E-05 
-3.32862E-05 2.84019E-05 
-3.15286E-05 2.69159E-05 
1.79097E-04 -1.49319E-04 
1.74078E-04 -1.45968E-04 
1.63257E-04 -1.37508E-04 
1.52822E-04 -1.29537E-04 
1.44444E-04 -1.23591E-04 
1.48871E-04 -1.29592E-04 
1.30819E-04 -1.14706E-04 
1.07145E-04 -9.40160E-05 
1.02411E-04 -8.99814E-05 
8.19065E-05 -7.24639E-05 
6.22775E-05 -5.55164E-05 
4.36982E-05 -3.93053E-05 
2.60652E-05 -2.37370E-05 
1.12424E-05 -1.05892E-05 
-1.54897E-06 8.29232E-07 
-1.24057E-05 1.05787E-05 
-2.12801E-05 1.85896E-05 
-2.82044E-05 2.48718E-05 
-3.32902E-05 2.95133E-05 
-3.66960E-05 3.26475E-05 
-3.86204E-05 3.44450E-05 
-3.93301E-05 3.51338E-05 
-3.92334E-05 3.50651E-05 
-3.87894E-05 3.46504E-05 
-3.79108E-05 3.38539E-05 
-3.60130E-05 3.21862E-05 
1.80874E-04 -1.54936E-04 
1.74834E-04 -1.50357E-04 
1.63689E-04 -1.41312E-04 
1.53511E-04 -1.33277E-04 
1.40643E-04 -1.22848E-04 
1.42536E-04 -1.26211E-04 
1.32407E-04 -1.18321E-04 
1.08762E-04 -9.73764E-05 
1.02678E-04 -9.19957E-05 
7.77336E-05 -6.98989E-05 
5.65978E-05 -5.11222E-05 
3.88434E-05 -3.53139E-05 
2.21289E-05 -2.02708E-05 
7.62428E-06 -7.12306E-06 
-4.83624E-06 4.24009E-06 
-1.52618E-05 1.37922E-05 
-2.36510E-05 2.15082E-05 
-3.00630E-05 2.74257E-05 
-3.46410E-05 3.16664E-05 
-3.75724E-05 3.43961E-05 
-3.90956E-05 3.58298E-05 
-3.95462E-05 3.62713E-05 
-3.94381E-05 3.61880E-05 
-3.92339E-05 3.60055E-05 
-3.85466E-05 3.53826E-05 
-3.65355E-05 3.35566E-05 
1.75946E-04 -1.53796E-04 
1.69124E-04 -1.48202E-04 
1.57416E-04 -1.38336E-04 
1.47359E-04 -1.30114E-04 
1.32276E-04 -1.17324E-04 
1.29361E-04 -1.15906E-04 
1.25924E-04 -1.13951E-04 
1.04688E-04 -9.49962E-05 
9.80753E-05 -8.90490E-05 
7.23592E-05 -6.59130E-05 
5.13863E-05 -4.69507E-05 
3.36627E-05 -3.08496E-05 
1.81470E-05 -1.66643E-05 
4.85032E-06 -4.42160E-06 
-6.51113E-06 6.09689E-06 
-1.58611E-05 1.47873E-05 
-2.32333E-05 2.16590E-05 
-2.87590E-05 2.68212E-05 
-3.25920E-05 3.04091E-05 
-3.49351E-05 3.26078E-05 
-3.60356E-05 3.36463E-05 
-3.62321E-05 3.38394E-05 
-3.60386E-05 3.36662E-05 
-3.58708E-05 3.35157E-05 
-3.52410E-05 3.29351E-05 
-3.32812E-05 3.11145E-05 
1.66193E-04 -1.47638E-04 
1.58634E-04 -1.41060E-04 
1.46566E-04 -1.30546E-04 
1.36122E-04 -1.21679E-04 
1.20495E-04 -1.08086E-04 
1.13756E-04 -1.02827E-04 
1.15164E-04 -1.05141E-04 
9.70109E-05 -8.88523E-05 
8.94631E-05 -8.19629E-05 
6.49199E-05 -5.96742E-05 
4.65223E-05 -4.29049E-05 
2.92940E-05 -2.70282E-05 
1.47094E-05 -1.35163E-05 
3.09390E-06 -2.70573E-06 
-6.47759E-06 6.24484E-06 
-1.41206E-05 1.34151E-05 
-2.00308E-05 1.89722E-05 
-2.43923E-05 2.30793E-05 
-2.73642E-05 2.58801E-05 
-2.91210E-05 2.75363E-05 
-2.98720E-05 2.82440E-05 
-2.99090E-05 2.82784E-05 
-2.96712E-05 2.80549E-05 
-2.94949E-05 2.78915E-05 
-2.89265E-05 2.73586E-05 
-2.72215E-05 2.57506E-05 
---
