PdfType: replica
Format: lhagrid1
---
1.00000E-06 1.28121E-06 1.64152E-06 2.10317E-06 2.69463E-06 3.45242E-06 4.42329E-06 5.66715E-06 7.26076E-06 9.30241E-06 1.19180E-05 1.52689E-05 1.95617E-05 2.50609E-05 3.21053E-05 4.11287E-05 5.26863E-05 6.74889E-05 8.64459E-05 1.10720E-04 1.41800E-04 1.81585E-04 2.32503E-04 2.97652E-04 3.80981E-04 4.87518E-04 6.26039E-04 8.00452E-04 1.02297E-03 1.30657E-03 1.66759E-03 2.12729E-03 2.71054E-03 3.44865E-03 4.37927E-03 5.54908E-03 7.01192E-03 8.83064E-03 1.10763E-02 1.38266E-02 1.71641E-02 2.11717E-02 2.59364E-02 3.15062E-02 3.79623E-02 4.53425E-02 5.36750E-02 6.29705E-02 7.32221E-02 8.44039E-02 9.64793E-02 1.09332E-01 1.23067E-01 1.37507E-01 1.52639E-01 1.68416E-01 1.84794E-01 2.01731E-01 2.19016E-01 2.36948E-01 2.55242E-01 2.73927E-01 2.92954E-01 3.12340E-01 3.32036E-01 3.52019E-01 3.72282E-01 3.92772E-01 4.13533E-01 4.34326E-01 4.55495E-01 4.76836E-01 4.98342E-01 5.20006E-01 5.41818E-01 5.63773E-01 5.85861E-01 6.08077E-01 6.30459E-01 6.52800E-01 6.75387E-01 6.98063E-01 7.20830E-01 7.43683E-01 7.66623E-01 7.89636E-01 8.12791E-01 8.35940E-01 8.59175E-01 8.82485E-01 9.05866E-01 9.29311E-01 9.52817E-01 9.76387E-01 1.00000E+00 
1.14018E+00 1.22539E+00 1.32482E+00 1.44156E+00 1.57954E+00 1.74381E+00 1.94091E+00 2.12132E+00 2.17945E+00 2.49622E+00 2.89383E+00 3.39925E+00 4.05063E+00 4.90286E+00 6.03623E+00 7.57063E+00 9.68869E+00 1.26749E+01 1.69835E+01 2.33578E+01 3.30501E+01 4.82334E+01 7.28041E+01 1.13998E+02 1.85779E+02 3.16228E+02 
908 909 
-8.51701E-05 -4.94795E-05 
-8.70346E-05 -5.06144E-05 
-8.91808E-05 -5.23665E-05 
-9.11265E-05 -5.36833E-05 
-9.31640E-05 -5.50814E-05 
-9.53075E-05 -5.65786E-05 
-9.75766E-05 -5.81944E-05 
-9.94341E-05 -5.95396E-05 
-9.99962E-05 -5.99503E-05 
-1.02810E-04 -6.20271E-05 
-1.05885E-04 -6.43243E-05 
-1.09280E-04 -6.68738E-05 
-1.13067E-04 -6.97084E-05 
-1.18130E-04 -7.28279E-05 
-1.23518E-04 -7.64104E-05 
-1.29663E-04 -8.03875E-05 
-1.36702E-04 -8.48000E-05 
-1.44807E-04 -8.96928E-05 
-1.54194E-04 -9.51253E-05 
-1.65203E-04 -1.01208E-04 
-1.78554E-04 -1.08241E-04 
-1.96223E-04 -1.17171E-04 
-2.23298E-04 -1.30497E-04 
-2.66885E-04 -1.51420E-04 
-3.24721E-04 -1.77841E-04 
-3.83536E-04 -2.02339E-04 
-9.35713E-05 -5.38770E-05 
-9.56363E-05 -5.51037E-05 
-9.80534E-05 -5.70417E-05 
-1.00225E-04 -5.84720E-05 
-1.02500E-04 -5.99950E-05 
-1.04893E-04 -6.16300E-05 
-1.07428E-04 -6.33985E-05 
-1.09505E-04 -6.48728E-05 
-1.10134E-04 -6.53231E-05 
-1.13285E-04 -6.76015E-05 
-1.16733E-04 -7.01214E-05 
-1.20545E-04 -7.29158E-05 
-1.24799E-04 -7.60174E-05 
-1.30429E-04 -7.93716E-05 
-1.36445E-04 -8.32496E-05 
-1.43295E-04 -8.75437E-05 
-1.51132E-04 -9.22934E-05 
-1.60135E-04 -9.75420E-05 
-1.70540E-04 -1.03348E-04 
-1.82712E-04 -1.09822E-04 
-1.97432E-04 -1.17279E-04 
-2.16865E-04 -1.26718E-04 
-2.46592E-04 -1.40782E-04 
-2.94380E-04 -1.62820E-04 
-3.57638E-04 -1.90516E-04 
-4.21691E-04 -2.15958E-04 
-1.02777E-04 -5.85995E-05 
-1.05054E-04 -5.99308E-05 
-1.07782E-04 -6.20615E-05 
-1.10195E-04 -6.36207E-05 
-1.12723E-04 -6.52849E-05 
-1.15384E-04 -6.70751E-05 
-1.18207E-04 -6.90144E-05 
-1.20524E-04 -7.06325E-05 
-1.21225E-04 -7.11269E-05 
-1.24745E-04 -7.36278E-05 
-1.28603E-04 -7.63921E-05 
-1.32872E-04 -7.94529E-05 
-1.37642E-04 -8.28427E-05 
-1.43888E-04 -8.64413E-05 
-1.50590E-04 -9.06317E-05 
-1.58212E-04 -9.52581E-05 
-1.66917E-04 -1.00358E-04 
-1.76899E-04 -1.05974E-04 
-1.88407E-04 -1.12160E-04 
-2.01836E-04 -1.19029E-04 
-2.18032E-04 -1.26908E-04 
-2.39360E-04 -1.36852E-04 
-2.71931E-04 -1.51644E-04 
-3.24216E-04 -1.74775E-04 
-3.93261E-04 -2.03690E-04 
-4.62872E-04 -2.29978E-04 
-1.12801E-04 -6.37227E-05 
-1.15306E-04 -6.51702E-05 
-1.18385E-04 -6.75020E-05 
-1.21059E-04 -6.92038E-05 
-1.23862E-04 -7.10241E-05 
-1.26817E-04 -7.29854E-05 
-1.29955E-04 -7.51122E-05 
-1.32534E-04 -7.68875E-05 
-1.33317E-04 -7.74299E-05 
-1.37244E-04 -8.01728E-05 
-1.41554E-04 -8.32010E-05 
-1.46330E-04 -8.65474E-05 
-1.51671E-04 -9.02440E-05 
-1.58588E-04 -9.40935E-05 
-1.66041E-04 -9.86096E-05 
-1.74508E-04 -1.03580E-04 
-1.84160E-04 -1.09040E-04 
-1.95205E-04 -1.15028E-04 
-2.07910E-04 -1.21596E-04 
-2.22696E-04 -1.28858E-04 
-2.40481E-04 -1.37150E-04 
-2.63844E-04 -1.47582E-04 
-2.99464E-04 -1.63073E-04 
-3.56567E-04 -1.87241E-04 
-4.31789E-04 -2.17277E-04 
-5.07284E-04 -2.44280E-04 
-1.23682E-04 -6.93147E-05 
-1.26435E-04 -7.08883E-05 
-1.29906E-04 -7.34307E-05 
-1.32866E-04 -7.52872E-05 
-1.35971E-04 -7.72766E-05 
-1.39250E-04 -7.94232E-05 
-1.42737E-04 -8.17526E-05 
-1.45607E-04 -8.36971E-05 
-1.46479E-04 -8.42911E-05 
-1.50857E-04 -8.72932E-05 
-1.55671E-04 -9.06026E-05 
-1.61011E-04 -9.42516E-05 
-1.66983E-04 -9.82705E-05 
-1.74631E-04 -1.02374E-04 
-1.82909E-04 -1.07225E-04 
-1.92298E-04 -1.12548E-04 
-2.02982E-04 -1.18372E-04 
-2.15182E-04 -1.24734E-04 
-2.29182E-04 -1.31681E-04 
-2.45431E-04 -1.39325E-04 
-2.64922E-04 -1.48014E-04 
-2.90466E-04 -1.58905E-04 
-3.29351E-04 -1.75046E-04 
-3.91609E-04 -2.00160E-04 
-4.73411E-04 -2.31175E-04 
-5.55118E-04 -2.58721E-04 
-1.35484E-04 -7.54348E-05 
-1.38509E-04 -7.71429E-05 
-1.42417E-04 -7.99057E-05 
-1.45692E-04 -8.19270E-05 
-1.49132E-04 -8.40968E-05 
-1.52768E-04 -8.64410E-05 
-1.56644E-04 -8.89862E-05 
-1.59837E-04 -9.11107E-05 
-1.60807E-04 -9.17595E-05 
-1.65689E-04 -9.50362E-05 
-1.71062E-04 -9.86418E-05 
-1.77028E-04 -1.02607E-04 
-1.83701E-04 -1.06962E-04 
-1.92145E-04 -1.11317E-04 
-2.01324E-04 -1.16511E-04 
-2.11718E-04 -1.22189E-04 
-2.23525E-04 -1.28379E-04 
-2.36977E-04 -1.35110E-04 
-2.52374E-04 -1.42426E-04 
-2.70195E-04 -1.50435E-04 
-2.91514E-04 -1.59495E-04 
-3.19387E-04 -1.70807E-04 
-3.61761E-04 -1.87528E-04 
-4.29519E-04 -2.13461E-04 
-5.18308E-04 -2.45268E-04 
-6.06549E-04 -2.73145E-04 
-1.48295E-04 -8.21328E-05 
-1.51619E-04 -8.39824E-05 
-1.56011E-04 -8.69740E-05 
-1.59635E-04 -8.91683E-05 
-1.63445E-04 -9.15283E-05 
-1.67479E-04 -9.40809E-05 
-1.71785E-04 -9.68537E-05 
-1.75339E-04 -9.91676E-05 
-1.76420E-04 -9.98739E-05 
-1.81860E-04 -1.03438E-04 
-1.87855E-04 -1.07353E-04 
-1.94515E-04 -1.11647E-04 
-2.01964E-04 -1.16346E-04 
-2.11270E-04 -1.20949E-04 
-2.21432E-04 -1.26488E-04 
-2.32922E-04 -1.32521E-04 
-2.45945E-04 -1.39072E-04 
-2.60748E-04 -1.46163E-04 
-2.77648E-04 -1.53832E-04 
-2.97153E-04 -1.62183E-04 
-3.20422E-04 -1.71579E-04 
-3.50775E-04 -1.83257E-04 
-3.96863E-04 -2.00466E-04 
-4.70468E-04 -2.27057E-04 
-5.66646E-04 -2.59421E-04 
-6.61726E-04 -2.87375E-04 
-1.62222E-04 -8.94503E-05 
-1.65875E-04 -9.14470E-05 
-1.70802E-04 -9.46732E-05 
-1.74812E-04 -9.70472E-05 
-1.79033E-04 -9.96054E-05 
-1.83508E-04 -1.02376E-04 
-1.88293E-04 -1.05386E-04 
-1.92246E-04 -1.07898E-04 
-1.93449E-04 -1.08664E-04 
-1.99510E-04 -1.12528E-04 
-2.06194E-04 -1.16762E-04 
-2.13622E-04 -1.21393E-04 
-2.21926E-04 -1.26444E-04 
-2.32164E-04 -1.31283E-04 
-2.43397E-04 -1.37167E-04 
-2.56073E-04 -1.43551E-04 
-2.70411E-04 -1.50453E-04 
-2.86668E-04 -1.57889E-04 
-3.05177E-04 -1.65889E-04 
-3.26480E-04 -1.74550E-04 
-3.51821E-04 -1.84237E-04 
-3.84804E-04 -1.96215E-04 
-4.34827E-04 -2.13798E-04 
-5.14621E-04 -2.40843E-04 
-6.18576E-04 -2.73480E-04 
-7.20776E-04 -3.01215E-04 
-1.77388E-04 -9.74216E-05 
-1.81403E-04 -9.95698E-05 
-1.86921E-04 -1.03032E-04 
-1.91358E-04 -1.05591E-04 
-1.96032E-04 -1.08354E-04 
-2.00996E-04 -1.11350E-04 
-2.06310E-04 -1.14608E-04 
-2.10706E-04 -1.17324E-04 
-2.12044E-04 -1.18152E-04 
-2.18792E-04 -1.22324E-04 
-2.26238E-04 -1.26885E-04 
-2.34511E-04 -1.31860E-04 
-2.43756E-04 -1.37266E-04 
-2.54998E-04 -1.42327E-04 
-2.67390E-04 -1.48550E-04 
-2.81347E-04 -1.55277E-04 
-2.97100E-04 -1.62516E-04 
-3.14916E-04 -1.70275E-04 
-3.35144E-04 -1.78575E-04 
-3.58356E-04 -1.87505E-04 
-3.85889E-04 -1.97429E-04 
-4.21649E-04 -2.09625E-04 
-4.75822E-04 -2.27444E-04 
-5.62131E-04 -2.54699E-04 
-6.74228E-04 -2.87273E-04 
-7.83797E-04 -3.14443E-04 
-1.93930E-04 -1.06075E-04 
-1.98341E-04 -1.08378E-04 
-2.04515E-04 -1.12071E-04 
-2.09419E-04 -1.14819E-04 
-2.14594E-04 -1.17793E-04 
-2.20096E-04 -1.21022E-04 
-2.25994E-04 -1.24533E-04 
-2.30879E-04 -1.27459E-04 
-2.32366E-04 -1.28351E-04 
-2.39870E-04 -1.32839E-04 
-2.48154E-04 -1.37733E-04 
-2.57356E-04 -1.43054E-04 
-2.67629E-04 -1.48814E-04 
-2.79948E-04 -1.54077E-04 
-2.93592E-04 -1.60631E-04 
-3.08928E-04 -1.67685E-04 
-3.26196E-04 -1.75241E-04 
-3.45676E-04 -1.83295E-04 
-3.67731E-04 -1.91857E-04 
-3.92963E-04 -2.01007E-04 
-4.22807E-04 -2.11102E-04 
-4.61482E-04 -2.23420E-04 
-5.20010E-04 -2.41307E-04 
-6.13139E-04 -2.68485E-04 
-7.33711E-04 -3.00599E-04 
-8.50856E-04 -3.26810E-04 
-2.11996E-04 -1.15434E-04 
-2.16840E-04 -1.17896E-04 
-2.23739E-04 -1.21805E-04 
-2.29155E-04 -1.24745E-04 
-2.34878E-04 -1.27934E-04 
-2.40971E-04 -1.31401E-04 
-2.47511E-04 -1.35172E-04 
-2.52932E-04 -1.38313E-04 
-2.54584E-04 -1.39270E-04 
-2.62919E-04 -1.44077E-04 
-2.72120E-04 -1.49307E-04 
-2.82337E-04 -1.54974E-04 
-2.93731E-04 -1.61083E-04 
-3.07201E-04 -1.66522E-04 
-3.22189E-04 -1.73393E-04 
-3.39003E-04 -1.80755E-04 
-3.57889E-04 -1.88600E-04 
-3.79138E-04 -1.96913E-04 
-4.03125E-04 -2.05691E-04 
-4.30485E-04 -2.15001E-04 
-4.62750E-04 -2.25187E-04 
-5.04472E-04 -2.37513E-04 
-5.67542E-04 -2.55275E-04 
-6.67772E-04 -2.82036E-04 
-7.97106E-04 -3.13234E-04 
-9.21986E-04 -3.38036E-04 
-2.31745E-04 -1.25519E-04 
-2.37058E-04 -1.28140E-04 
-2.44758E-04 -1.32240E-04 
-2.50733E-04 -1.35374E-04 
-2.57054E-04 -1.38783E-04 
-2.63793E-04 -1.42492E-04 
-2.71036E-04 -1.46527E-04 
-2.77044E-04 -1.49886E-04 
-2.78875E-04 -1.50908E-04 
-2.88119E-04 -1.56037E-04 
-2.98323E-04 -1.61602E-04 
-3.09644E-04 -1.67609E-04 
-3.22253E-04 -1.74058E-04 
-3.36945E-04 -1.79641E-04 
-3.53375E-04 -1.86810E-04 
-3.71765E-04 -1.94456E-04 
-3.92371E-04 -2.02555E-04 
-4.15492E-04 -2.11083E-04 
-4.41514E-04 -2.20021E-04 
-4.71104E-04 -2.29420E-04 
-5.05894E-04 -2.39606E-04 
-5.50781E-04 -2.51806E-04 
-6.18563E-04 -2.69217E-04 
-7.26135E-04 -2.95168E-04 
-8.64470E-04 -3.24922E-04 
-9.97183E-04 -3.47807E-04 
-2.53342E-04 -1.36344E-04 
-2.59163E-04 -1.39127E-04 
-2.67747E-04 -1.43377E-04 
-2.74328E-04 -1.46707E-04 
-2.81299E-04 -1.50337E-04 
-2.88742E-04 -1.54292E-04 
-2.96750E-04 -1.58593E-04 
-3.03399E-04 -1.62170E-04 
-3.05426E-04 -1.63258E-04 
-3.15658E-04 -1.68709E-04 
-3.26952E-04 -1.74603E-04 
-3.39471E-04 -1.80942E-04 
-3.53393E-04 -1.87715E-04 
-3.69377E-04 -1.93403E-04 
-3.87342E-04 -2.00847E-04 
-4.07407E-04 -2.08743E-04 
-4.29834E-04 -2.17055E-04 
-4.54926E-04 -2.25744E-04 
-4.83083E-04 -2.34775E-04 
-5.14997E-04 -2.44181E-04 
-5.52407E-04 -2.54260E-04 
-6.00563E-04 -2.66182E-04 
-6.73199E-04 -2.82979E-04 
-7.88313E-04 -3.07667E-04 
-9.35820E-04 -3.35376E-04 
-1.07639E-03 -3.55773E-04 
-2.76962E-04 -1.47919E-04 
-2.83329E-04 -1.50866E-04 
-2.92886E-04 -1.55208E-04 
-3.00120E-04 -1.58733E-04 
-3.07796E-04 -1.62586E-04 
-3.16002E-04 -1.66788E-04 
-3.24842E-04 -1.71357E-04 
-3.32186E-04 -1.75151E-04 
-3.34425E-04 -1.76304E-04 
-3.45730E-04 -1.82072E-04 
-3.58202E-04 -1.88287E-04 
-3.72014E-04 -1.94943E-04 
-3.87347E-04 -2.02020E-04 
-4.04690E-04 -2.07767E-04 
-4.24286E-04 -2.15455E-04 
-4.46122E-04 -2.23561E-04 
-4.70468E-04 -2.32036E-04 
-4.97628E-04 -2.40822E-04 
-5.28010E-04 -2.49869E-04 
-5.62335E-04 -2.59185E-04 
-6.02445E-04 -2.69035E-04 
-6.53955E-04 -2.80505E-04 
-7.31558E-04 -2.96389E-04 
-8.54359E-04 -3.19293E-04 
-1.01113E-03 -3.44272E-04 
-1.15951E-03 -3.61546E-04 
-3.02786E-04 -1.60248E-04 
-3.09739E-04 -1.63361E-04 
-3.20363E-04 -1.67714E-04 
-3.28299E-04 -1.71435E-04 
-3.36733E-04 -1.75511E-04 
-3.45764E-04 -1.79959E-04 
-3.55503E-04 -1.84793E-04 
-3.63599E-04 -1.88803E-04 
-3.66068E-04 -1.90020E-04 
-3.78532E-04 -1.96095E-04 
-3.92274E-04 -2.02618E-04 
-4.07474E-04 -2.09571E-04 
-4.24318E-04 -2.16926E-04 
-4.43081E-04 -2.22678E-04 
-4.64401E-04 -2.30573E-04 
-4.88104E-04 -2.38842E-04 
-5.14460E-04 -2.47419E-04 
-5.43778E-04 -2.56229E-04 
-5.76469E-04 -2.65200E-04 
-6.13279E-04 -2.74318E-04 
-6.56154E-04 -2.83801E-04 
-7.11082E-04 -2.94619E-04 
-7.93726E-04 -3.09248E-04 
-9.24292E-04 -3.29778E-04 
-1.09034E-03 -3.51254E-04 
-1.24637E-03 -3.64698E-04 
-3.31006E-04 -1.73326E-04 
-3.38583E-04 -1.76606E-04 
-3.50369E-04 -1.80866E-04 
-3.59057E-04 -1.84781E-04 
-3.68306E-04 -1.89079E-04 
-3.78225E-04 -1.93772E-04 
-3.88932E-04 -1.98868E-04 
-3.97838E-04 -2.03087E-04 
-4.00554E-04 -2.04366E-04 
-4.14264E-04 -2.10737E-04 
-4.29369E-04 -2.17548E-04 
-4.46054E-04 -2.24773E-04 
-4.64506E-04 -2.32371E-04 
-4.84745E-04 -2.38068E-04 
-5.07879E-04 -2.46125E-04 
-5.33539E-04 -2.54500E-04 
-5.61993E-04 -2.63109E-04 
-5.93550E-04 -2.71857E-04 
-6.28621E-04 -2.80651E-04 
-6.67977E-04 -2.89446E-04 
-7.13665E-04 -2.98406E-04 
-7.72045E-04 -3.08349E-04 
-8.59760E-04 -3.21336E-04 
-9.98094E-04 -3.38821E-04 
-1.17331E-03 -3.55926E-04 
-1.33673E-03 -3.64763E-04 
-3.61817E-04 -1.87138E-04 
-3.70059E-04 -1.90588E-04 
-3.83104E-04 -1.94618E-04 
-3.92592E-04 -1.98726E-04 
-4.02713E-04 -2.03245E-04 
-4.13584E-04 -2.08179E-04 
-4.25330E-04 -2.13530E-04 
-4.35104E-04 -2.17951E-04 
-4.38085E-04 -2.19288E-04 
-4.53129E-04 -2.25937E-04 
-4.69690E-04 -2.33014E-04 
-4.87954E-04 -2.40478E-04 
-5.08112E-04 -2.48278E-04 
-5.29872E-04 -2.53853E-04 
-5.54907E-04 -2.62020E-04 
-5.82607E-04 -2.70435E-04 
-6.13240E-04 -2.78995E-04 
-6.47106E-04 -2.87584E-04 
-6.84617E-04 -2.96083E-04 
-7.26561E-04 -3.04416E-04 
-7.75085E-04 -3.12678E-04 
-8.36922E-04 -3.21496E-04 
-9.29684E-04 -3.32408E-04 
-1.07570E-03 -3.46093E-04 
-1.25985E-03 -3.57861E-04 
-1.43027E-03 -3.61240E-04 
-3.95427E-04 -2.01655E-04 
-4.04372E-04 -2.05278E-04 
-4.18771E-04 -2.08906E-04 
-4.29108E-04 -2.13208E-04 
-4.40157E-04 -2.17945E-04 
-4.52043E-04 -2.23115E-04 
-4.64899E-04 -2.28712E-04 
-4.75600E-04 -2.33324E-04 
-4.78865E-04 -2.34717E-04 
-4.95331E-04 -2.41623E-04 
-5.13438E-04 -2.48935E-04 
-5.33375E-04 -2.56601E-04 
-5.55331E-04 -2.64556E-04 
-5.78647E-04 -2.69933E-04 
-6.05663E-04 -2.78149E-04 
-6.35482E-04 -2.86528E-04 
-6.68361E-04 -2.94946E-04 
-7.04595E-04 -3.03265E-04 
-7.44589E-04 -3.11340E-04 
-7.89143E-04 -3.19055E-04 
-8.40501E-04 -3.26426E-04 
-9.05761E-04 -3.33841E-04 
-1.00348E-03 -3.42193E-04 
-1.15697E-03 -3.51238E-04 
-1.34969E-03 -3.56596E-04 
-1.52657E-03 -3.53592E-04 
-4.32049E-04 -2.16831E-04 
-4.41736E-04 -2.20630E-04 
-4.57574E-04 -2.23648E-04 
-4.68807E-04 -2.28143E-04 
-4.80840E-04 -2.33095E-04 
-4.93805E-04 -2.38496E-04 
-5.07842E-04 -2.44328E-04 
-5.19528E-04 -2.49119E-04 
-5.23093E-04 -2.50564E-04 
-5.41067E-04 -2.57701E-04 
-5.60810E-04 -2.65214E-04 
-5.82508E-04 -2.73037E-04 
-6.06348E-04 -2.81091E-04 
-6.31243E-04 -2.86192E-04 
-6.60314E-04 -2.94387E-04 
-6.92317E-04 -3.02644E-04 
-7.27501E-04 -3.10815E-04 
-7.66145E-04 -3.18740E-04 
-8.08644E-04 -3.26244E-04 
-8.55807E-04 -3.33170E-04 
-9.09966E-04 -3.39438E-04 
-9.78571E-04 -3.45144E-04 
-1.08109E-03 -3.50398E-04 
-1.24173E-03 -3.53870E-04 
-1.44246E-03 -3.51640E-04 
-1.62511E-03 -3.41260E-04 
-4.71899E-04 -2.32597E-04 
-4.82366E-04 -2.36581E-04 
-4.99715E-04 -2.38734E-04 
-5.11891E-04 -2.43424E-04 
-5.24962E-04 -2.48592E-04 
-5.39069E-04 -2.54216E-04 
-5.54354E-04 -2.60271E-04 
-5.67083E-04 -2.65228E-04 
-5.70964E-04 -2.66718E-04 
-5.90529E-04 -2.74058E-04 
-6.11991E-04 -2.81733E-04 
-6.35534E-04 -2.89663E-04 
-6.61337E-04 -2.97755E-04 
-6.87816E-04 -3.02494E-04 
-7.19006E-04 -3.10590E-04 
-7.53250E-04 -3.18626E-04 
-7.90780E-04 -3.26434E-04 
-8.31859E-04 -3.33826E-04 
-8.76864E-04 -3.40598E-04 
-9.26607E-04 -3.46548E-04 
-9.83498E-04 -3.51480E-04 
-1.05532E-03 -3.55143E-04 
-1.16239E-03 -3.56710E-04 
-1.32971E-03 -3.53583E-04 
-1.53771E-03 -3.42480E-04 
-1.72522E-03 -3.23664E-04 
-5.15201E-04 -2.48867E-04 
-5.26486E-04 -2.53044E-04 
-5.45396E-04 -2.54031E-04 
-5.58557E-04 -2.58923E-04 
-5.72719E-04 -2.64306E-04 
-5.88027E-04 -2.70150E-04 
-6.04627E-04 -2.76416E-04 
-6.18451E-04 -2.81522E-04 
-6.22666E-04 -2.83054E-04 
-6.43899E-04 -2.90565E-04 
-6.67158E-04 -2.98359E-04 
-6.92621E-04 -3.06340E-04 
-7.20457E-04 -3.14401E-04 
-7.48506E-04 -3.18692E-04 
-7.81869E-04 -3.26599E-04 
-8.18396E-04 -3.34306E-04 
-8.58299E-04 -3.41619E-04 
-9.01815E-04 -3.48324E-04 
-9.49300E-04 -3.54189E-04 
-1.00156E-03 -3.58957E-04 
-1.06108E-03 -3.62303E-04 
-1.13593E-03 -3.63562E-04 
-1.24721E-03 -3.60798E-04 
-1.42056E-03 -3.49950E-04 
-1.63485E-03 -3.28587E-04 
-1.82614E-03 -3.00216E-04 
-5.62173E-04 -2.65520E-04 
-5.74310E-04 -2.69905E-04 
-5.94801E-04 -2.69379E-04 
-6.08987E-04 -2.74484E-04 
-6.24289E-04 -2.80088E-04 
-6.40853E-04 -2.86148E-04 
-6.58829E-04 -2.92613E-04 
-6.73800E-04 -2.97855E-04 
-6.78363E-04 -2.99423E-04 
-7.01336E-04 -3.07070E-04 
-7.26462E-04 -3.14937E-04 
-7.53909E-04 -3.22910E-04 
-7.83835E-04 -3.30865E-04 
-8.13422E-04 -3.34621E-04 
-8.48999E-04 -3.42240E-04 
-8.87834E-04 -3.49495E-04 
-9.30114E-04 -3.56168E-04 
-9.76046E-04 -3.62019E-04 
-1.02596E-03 -3.66783E-04 
-1.08064E-03 -3.70149E-04 
-1.14262E-03 -3.71639E-04 
-1.22025E-03 -3.70105E-04 
-1.33529E-03 -3.62315E-04 
-1.51382E-03 -3.42537E-04 
-1.73319E-03 -3.09428E-04 
-1.92691E-03 -2.70337E-04 
-6.13030E-04 -2.82414E-04 
-6.26054E-04 -2.87025E-04 
-6.48099E-04 -2.84593E-04 
-6.63345E-04 -2.89930E-04 
-6.79830E-04 -2.95765E-04 
-6.97704E-04 -3.02043E-04 
-7.17113E-04 -3.08699E-04 
-7.33275E-04 -3.14063E-04 
-7.38200E-04 -3.15660E-04 
-7.62976E-04 -3.23410E-04 
-7.90029E-04 -3.31301E-04 
-8.19514E-04 -3.39202E-04 
-8.51575E-04 -3.46971E-04 
-8.82640E-04 -3.50107E-04 
-9.20458E-04 -3.57326E-04 
-9.61610E-04 -3.63993E-04 
-1.00625E-03 -3.69866E-04 
-1.05455E-03 -3.74679E-04 
-1.10680E-03 -3.78135E-04 
-1.16376E-03 -3.79862E-04 
-1.22801E-03 -3.79211E-04 
-1.30809E-03 -3.74471E-04 
-1.42629E-03 -3.60910E-04 
-1.60896E-03 -3.30907E-04 
-1.83188E-03 -2.84480E-04 
-2.02644E-03 -2.33474E-04 
-6.67973E-04 -2.99373E-04 
-6.81916E-04 -3.04238E-04 
-7.05427E-04 -2.99464E-04 
-7.21764E-04 -3.05063E-04 
-7.39473E-04 -3.11148E-04 
-7.58702E-04 -3.17652E-04 
-7.79594E-04 -3.24496E-04 
-7.96987E-04 -3.29968E-04 
-8.02285E-04 -3.31590E-04 
-8.28919E-04 -3.39410E-04 
-8.57949E-04 -3.47274E-04 
-8.89514E-04 -3.55035E-04 
-9.23738E-04 -3.62532E-04 
-9.56200E-04 -3.64970E-04 
-9.96269E-04 -3.71663E-04 
-1.03973E-03 -3.77592E-04 
-1.08668E-03 -3.82488E-04 
-1.13727E-03 -3.86063E-04 
-1.19173E-03 -3.87987E-04 
-1.25079E-03 -3.87823E-04 
-1.31704E-03 -3.84730E-04 
-1.39917E-03 -3.76348E-04 
-1.51981E-03 -3.56230E-04 
-1.70528E-03 -3.14632E-04 
-1.92993E-03 -2.53247E-04 
-2.12346E-03 -1.89122E-04 
-7.27181E-04 -3.16197E-04 
-7.42072E-04 -3.21351E-04 
-7.66883E-04 -3.13772E-04 
-7.84336E-04 -3.19674E-04 
-8.03304E-04 -3.26040E-04 
-8.23929E-04 -3.32786E-04 
-8.46347E-04 -3.39818E-04 
-8.65006E-04 -3.45391E-04 
-8.70688E-04 -3.47034E-04 
-8.99223E-04 -3.54890E-04 
-9.30268E-04 -3.62676E-04 
-9.63941E-04 -3.70225E-04 
-1.00034E-03 -3.77357E-04 
-1.03409E-03 -3.79026E-04 
-1.07641E-03 -3.85053E-04 
-1.12213E-03 -3.90074E-04 
-1.17134E-03 -3.93801E-04 
-1.22410E-03 -3.95920E-04 
-1.28060E-03 -3.96072E-04 
-1.34153E-03 -3.93753E-04 
-1.40945E-03 -3.87904E-04 
-1.49313E-03 -3.75430E-04 
-1.61531E-03 -3.47933E-04 
-1.80201E-03 -2.93310E-04 
-2.02618E-03 -2.15282E-04 
-2.21651E-03 -1.36850E-04 
-7.90799E-04 -3.32657E-04 
-8.06668E-04 -3.38148E-04 
-8.32506E-04 -3.27288E-04 
-8.51100E-04 -3.33552E-04 
-8.71357E-04 -3.40241E-04 
-8.93413E-04 -3.47255E-04 
-9.17395E-04 -3.54485E-04 
-9.37348E-04 -3.60152E-04 
-9.43421E-04 -3.61812E-04 
-9.73894E-04 -3.69675E-04 
-1.00698E-03 -3.77329E-04 
-1.04278E-03 -3.84589E-04 
-1.08135E-03 -3.91254E-04 
-1.11625E-03 -3.92094E-04 
-1.16079E-03 -3.97296E-04 
-1.20872E-03 -4.01223E-04 
-1.26008E-03 -4.03566E-04 
-1.31486E-03 -4.03995E-04 
-1.37319E-03 -4.02121E-04 
-1.43571E-03 -3.97371E-04 
-1.50491E-03 -3.88444E-04 
-1.58954E-03 -3.71416E-04 
-1.71220E-03 -3.35696E-04 
-1.89821E-03 -2.66581E-04 
-2.11932E-03 -1.70209E-04 
-2.30393E-03 -7.63355E-05 
-8.60020E-04 -3.48749E-04 
-8.76912E-04 -3.54643E-04 
-9.03383E-04 -3.39982E-04 
-9.23154E-04 -3.46693E-04 
-9.44749E-04 -3.53768E-04 
-9.68291E-04 -3.61092E-04 
-9.93896E-04 -3.68538E-04 
-1.01519E-03 -3.74299E-04 
-1.02167E-03 -3.75973E-04 
-1.05413E-03 -3.83810E-04 
-1.08931E-03 -3.91271E-04 
-1.12727E-03 -3.98149E-04 
-1.16804E-03 -4.04225E-04 
-1.20393E-03 -4.04178E-04 
-1.25068E-03 -4.08355E-04 
-1.30077E-03 -4.10955E-04 
-1.35417E-03 -4.11655E-04 
-1.41081E-03 -4.10107E-04 
-1.47074E-03 -4.05901E-04 
-1.53450E-03 -3.98392E-04 
-1.60453E-03 -3.86007E-04 
-1.68939E-03 -3.63881E-04 
-1.81125E-03 -3.18937E-04 
-1.99426E-03 -2.33596E-04 
-2.20917E-03 -1.16885E-04 
-2.38505E-03 -6.26838E-06 
-9.32733E-04 -3.63718E-04 
-9.50665E-04 -3.70081E-04 
-9.77192E-04 -3.51275E-04 
-9.98146E-04 -3.58521E-04 
-1.02109E-03 -3.66048E-04 
-1.04612E-03 -3.73724E-04 
-1.07336E-03 -3.81406E-04 
-1.09599E-03 -3.87257E-04 
-1.10287E-03 -3.88941E-04 
-1.13733E-03 -3.96717E-04 
-1.17457E-03 -4.03920E-04 
-1.21464E-03 -4.10324E-04 
-1.25754E-03 -4.15691E-04 
-1.29423E-03 -4.14739E-04 
-1.34309E-03 -4.17698E-04 
-1.39520E-03 -4.18754E-04 
-1.45043E-03 -4.17576E-04 
-1.50866E-03 -4.13809E-04 
-1.56984E-03 -4.07027E-04 
-1.63442E-03 -3.96510E-04 
-1.70470E-03 -3.80399E-04 
-1.78897E-03 -3.52798E-04 
-1.90855E-03 -2.97933E-04 
-2.08596E-03 -1.95164E-04 
-2.29127E-03 -5.68343E-05 
-2.45530E-03 7.11584E-05 
-1.00995E-03 -3.77576E-04 
-1.02896E-03 -3.84492E-04 
-1.05480E-03 -3.61249E-04 
-1.07696E-03 -3.69143E-04 
-1.10128E-03 -3.77205E-04 
-1.12785E-03 -3.85286E-04 
-1.15675E-03 -3.93226E-04 
-1.18075E-03 -3.99164E-04 
-1.18804E-03 -4.00853E-04 
-1.22450E-03 -4.08523E-04 
-1.26382E-03 -4.15387E-04 
-1.30600E-03 -4.21198E-04 
-1.35098E-03 -4.25703E-04 
-1.38826E-03 -4.23830E-04 
-1.43915E-03 -4.25327E-04 
-1.49312E-03 -4.24573E-04 
-1.54998E-03 -4.21235E-04 
-1.60951E-03 -4.14961E-04 
-1.67157E-03 -4.05312E-04 
-1.73650E-03 -3.91502E-04 
-1.80640E-03 -3.71356E-04 
-1.88912E-03 -3.37854E-04 
-2.00470E-03 -2.72271E-04 
-2.17350E-03 -1.50712E-04 
-2.36523E-03 1.06761E-05 
-2.51381E-03 1.56725E-04 
-1.09155E-03 -3.90097E-04 
-1.11169E-03 -3.97662E-04 
-1.13586E-03 -3.69867E-04 
-1.15928E-03 -3.78532E-04 
-1.18503E-03 -3.87219E-04 
-1.21318E-03 -3.95758E-04 
-1.24379E-03 -4.03969E-04 
-1.26918E-03 -4.09980E-04 
-1.27689E-03 -4.11667E-04 
-1.31539E-03 -4.19164E-04 
-1.35680E-03 -4.25581E-04 
-1.40106E-03 -4.30653E-04 
-1.44808E-03 -4.34112E-04 
-1.48573E-03 -4.31310E-04 
-1.53853E-03 -4.31065E-04 
-1.59420E-03 -4.28201E-04 
-1.65244E-03 -4.22395E-04 
-1.71293E-03 -4.13308E-04 
-1.77543E-03 -4.00501E-04 
-1.84014E-03 -3.83119E-04 
-1.90894E-03 -3.58657E-04 
-1.98903E-03 -3.18869E-04 
-2.09867E-03 -2.41847E-04 
-2.25540E-03 -1.00275E-04 
-2.42906E-03 8.53777E-05 
-2.55820E-03 2.49881E-04 
-1.17730E-03 -4.01107E-04 
-1.19863E-03 -4.09419E-04 
-1.21991E-03 -3.77211E-04 
-1.24466E-03 -3.86776E-04 
-1.27191E-03 -3.96170E-04 
-1.30172E-03 -4.05204E-04 
-1.33410E-03 -4.13683E-04 
-1.36094E-03 -4.19732E-04 
-1.36907E-03 -4.21401E-04 
-1.40966E-03 -4.28626E-04 
-1.45317E-03 -4.34448E-04 
-1.49950E-03 -4.38590E-04 
-1.54850E-03 -4.40775E-04 
-1.58631E-03 -4.37043E-04 
-1.64089E-03 -4.34728E-04 
-1.69803E-03 -4.29418E-04 
-1.75734E-03 -4.20811E-04 
-1.81840E-03 -4.08593E-04 
-1.88083E-03 -3.92338E-04 
-1.94470E-03 -3.71128E-04 
-2.01158E-03 -3.42107E-04 
-2.08781E-03 -2.95714E-04 
-2.18931E-03 -2.06649E-04 
-2.33006E-03 -4.40582E-05 
-2.48064E-03 1.66739E-04 
-2.58599E-03 3.49733E-04 
-1.26697E-03 -4.10513E-04 
-1.28959E-03 -4.19669E-04 
-1.30650E-03 -3.83530E-04 
-1.33270E-03 -3.94106E-04 
-1.36157E-03 -4.04267E-04 
-1.39314E-03 -4.13805E-04 
-1.42741E-03 -4.22507E-04 
-1.45575E-03 -4.28525E-04 
-1.46434E-03 -4.30151E-04 
-1.50707E-03 -4.36948E-04 
-1.55272E-03 -4.41969E-04 
-1.60112E-03 -4.44929E-04 
-1.65205E-03 -4.45551E-04 
-1.68979E-03 -4.40883E-04 
-1.74599E-03 -4.36116E-04 
-1.80435E-03 -4.27980E-04 
-1.86438E-03 -4.16210E-04 
-1.92553E-03 -4.00533E-04 
-1.98732E-03 -3.80548E-04 
-2.04963E-03 -3.55281E-04 
-2.11365E-03 -3.21506E-04 
-2.18465E-03 -2.68272E-04 
-2.27552E-03 -1.66708E-04 
-2.39591E-03 1.76343E-05 
-2.51780E-03 2.54053E-04 
-2.59461E-03 4.55151E-04 
-1.35993E-03 -4.18290E-04 
-1.38397E-03 -4.28361E-04 
-1.39477E-03 -3.89230E-04 
-1.42259E-03 -4.00886E-04 
-1.45325E-03 -4.11822E-04 
-1.48674E-03 -4.21812E-04 
-1.52303E-03 -4.30627E-04 
-1.55298E-03 -4.36492E-04 
-1.56204E-03 -4.38032E-04 
-1.60702E-03 -4.44168E-04 
-1.65486E-03 -4.48103E-04 
-1.70533E-03 -4.49554E-04 
-1.75812E-03 -4.48258E-04 
-1.79560E-03 -4.42630E-04 
-1.85321E-03 -4.34980E-04 
-1.91248E-03 -4.23608E-04 
-1.97280E-03 -4.08303E-04 
-2.03350E-03 -3.88849E-04 
-2.09399E-03 -3.64886E-04 
-2.15393E-03 -3.35391E-04 
-2.21409E-03 -2.96757E-04 
-2.27833E-03 -2.36582E-04 
-2.35584E-03 -1.22312E-04 
-2.45104E-03 8.40575E-05 
-2.53817E-03 3.45950E-04 
-2.58141E-03 5.64178E-04 
-1.45553E-03 -4.24557E-04 
-1.48117E-03 -4.35570E-04 
-1.48389E-03 -3.94930E-04 
-1.51358E-03 -4.07656E-04 
-1.54628E-03 -4.19289E-04 
-1.58192E-03 -4.29587E-04 
-1.62043E-03 -4.38307E-04 
-1.65211E-03 -4.43820E-04 
-1.66168E-03 -4.45210E-04 
-1.70904E-03 -4.50345E-04 
-1.75916E-03 -4.52807E-04 
-1.81170E-03 -4.52330E-04 
-1.86629E-03 -4.48675E-04 
-1.90332E-03 -4.42033E-04 
-1.96209E-03 -4.31017E-04 
-2.02189E-03 -4.15970E-04 
-2.08200E-03 -3.96754E-04 
-2.14164E-03 -3.73228E-04 
-2.20008E-03 -3.45085E-04 
-2.25676E-03 -3.11265E-04 
-2.31193E-03 -2.67772E-04 
-2.36779E-03 -2.00719E-04 
-2.42895E-03 -7.38309E-05 
-2.49371E-03 1.54299E-04 
-2.53953E-03 4.40791E-04 
-2.54394E-03 6.74522E-04 
-1.55296E-03 -4.29575E-04 
-1.58046E-03 -4.41484E-04 
-1.57295E-03 -4.01429E-04 
-1.60487E-03 -4.15093E-04 
-1.63993E-03 -4.27214E-04 
-1.67803E-03 -4.37542E-04 
-1.71902E-03 -4.45829E-04 
-1.75262E-03 -4.50688E-04 
-1.76274E-03 -4.51836E-04 
-1.81266E-03 -4.55495E-04 
-1.86513E-03 -4.55976E-04 
-1.91976E-03 -4.53043E-04 
-1.97605E-03 -4.46502E-04 
-2.01251E-03 -4.38737E-04 
-2.07211E-03 -4.23835E-04 
-2.13199E-03 -4.04663E-04 
-2.19131E-03 -3.81176E-04 
-2.24919E-03 -3.53326E-04 
-2.30473E-03 -3.20875E-04 
-2.35719E-03 -2.82730E-04 
-2.40617E-03 -2.34510E-04 
-2.45189E-03 -1.60842E-04 
-2.49351E-03 -2.18003E-05 
-2.52220E-03 2.27140E-04 
-2.51982E-03 5.36468E-04 
-2.48004E-03 7.83329E-04 
-1.65146E-03 -4.33758E-04 
-1.68114E-03 -4.46404E-04 
-1.66120E-03 -4.09682E-04 
-1.69582E-03 -4.23972E-04 
-1.73368E-03 -4.36194E-04 
-1.77462E-03 -4.46097E-04 
-1.81844E-03 -4.53439E-04 
-1.85416E-03 -4.57217E-04 
-1.86489E-03 -4.57993E-04 
-1.91757E-03 -4.59543E-04 
-1.97251E-03 -4.57391E-04 
-2.02922E-03 -4.51355E-04 
-2.08710E-03 -4.41308E-04 
-2.12290E-03 -4.32242E-04 
-2.18293E-03 -4.12903E-04 
-2.24234E-03 -3.89160E-04 
-2.30019E-03 -3.61078E-04 
-2.35549E-03 -3.28717E-04 
-2.40723E-03 -2.91918E-04 
-2.45441E-03 -2.49565E-04 
-2.49594E-03 -1.96900E-04 
-2.52966E-03 -1.17109E-04 
-2.54836E-03 3.31932E-05 
-2.53504E-03 3.01205E-04 
-2.47721E-03 6.30600E-04 
-2.38783E-03 8.87416E-04 
-1.75018E-03 -4.37692E-04 
-1.78248E-03 -4.50759E-04 
-1.74800E-03 -4.20731E-04 
-1.78593E-03 -4.35095E-04 
-1.82713E-03 -4.46799E-04 
-1.87140E-03 -4.55600E-04 
-1.91843E-03 -4.61277E-04 
-1.95653E-03 -4.63400E-04 
-1.96792E-03 -4.63633E-04 
-2.02358E-03 -4.62262E-04 
-2.08110E-03 -4.56677E-04 
-2.13985E-03 -4.46776E-04 
-2.19914E-03 -4.32521E-04 
-2.23424E-03 -4.21885E-04 
-2.29418E-03 -3.97563E-04 
-2.35248E-03 -3.68841E-04 
-2.40809E-03 -3.35909E-04 
-2.45992E-03 -2.98945E-04 
-2.50685E-03 -2.57879E-04 
-2.54764E-03 -2.11576E-04 
-2.58041E-03 -1.54922E-04 
-2.60024E-03 -6.97614E-05 
-2.59254E-03 9.04011E-05 
-2.53107E-03 3.74811E-04 
-2.41051E-03 7.20348E-04 
-2.26631E-03 9.83090E-04 
-1.84800E-03 -4.41907E-04 
-1.88341E-03 -4.54879E-04 
-1.83265E-03 -4.35390E-04 
-1.87460E-03 -4.48988E-04 
-1.91979E-03 -4.59282E-04 
-1.96791E-03 -4.66055E-04 
-2.01861E-03 -4.69124E-04 
-2.05934E-03 -4.68862E-04 
-2.07146E-03 -4.68341E-04 
-2.13031E-03 -4.63060E-04 
-2.19045E-03 -4.53107E-04 
-2.25114E-03 -4.38484E-04 
-2.31158E-03 -4.19268E-04 
-2.34598E-03 -4.06691E-04 
-2.40522E-03 -3.76884E-04 
-2.46164E-03 -3.42849E-04 
-2.51412E-03 -3.04916E-04 
-2.56151E-03 -2.63386E-04 
-2.60258E-03 -2.18276E-04 
-2.63586E-03 -1.68440E-04 
-2.65855E-03 -1.08439E-04 
-2.66262E-03 -1.89423E-05 
-2.62503E-03 1.49119E-04 
-2.50926E-03 4.46217E-04 
-2.31878E-03 8.02727E-04 
-2.11494E-03 1.06651E-03 
-1.94420E-03 -4.47097E-04 
-1.98335E-03 -4.59208E-04 
-1.91516E-03 -4.54344E-04 
-1.96195E-03 -4.66000E-04 
-2.01183E-03 -4.73685E-04 
-2.06440E-03 -4.77229E-04 
-2.11920E-03 -4.76510E-04 
-2.16280E-03 -4.72976E-04 
-2.17571E-03 -4.71449E-04 
-2.23791E-03 -4.61103E-04 
-2.30065E-03 -4.45731E-04 
-2.36309E-03 -4.25462E-04 
-2.42431E-03 -4.00509E-04 
-2.45805E-03 -3.85505E-04 
-2.51582E-03 -3.49789E-04 
-2.56948E-03 -3.10220E-04 
-2.61786E-03 -2.67265E-04 
-2.65977E-03 -2.21347E-04 
-2.69391E-03 -1.72567E-04 
-2.71855E-03 -1.19766E-04 
-2.72993E-03 -5.72346E-05 
-2.71644E-03 3.52934E-05 
-2.64556E-03 2.08728E-04 
-2.46955E-03 5.13748E-04 
-2.20238E-03 8.74825E-04 
-1.93470E-03 1.13401E-03 
-2.03830E-03 -4.53791E-04 
-2.08188E-03 -4.63988E-04 
-1.99604E-03 -4.77693E-04 
-2.04855E-03 -4.85877E-04 
-2.10385E-03 -4.89443E-04 
-2.16142E-03 -4.88293E-04 
-2.22072E-03 -4.82387E-04 
-2.26740E-03 -4.74563E-04 
-2.28113E-03 -4.71743E-04 
-2.34672E-03 -4.55054E-04 
-2.41193E-03 -4.33142E-04 
-2.47578E-03 -4.06283E-04 
-2.53728E-03 -3.74845E-04 
-2.57041E-03 -3.56816E-04 
-2.62582E-03 -3.14895E-04 
-2.67573E-03 -2.69714E-04 
-2.71896E-03 -2.21873E-04 
-2.75432E-03 -1.71903E-04 
-2.78047E-03 -1.19977E-04 
-2.79542E-03 -6.49234E-05 
-2.79433E-03 -8.30692E-07 
-2.76166E-03 9.31794E-05 
-2.65439E-03 2.68917E-04 
-2.41263E-03 5.76059E-04 
-2.06272E-03 9.34147E-04 
-1.72788E-03 1.18247E-03 
-2.12973E-03 -4.62226E-04 
-2.17849E-03 -4.69145E-04 
-2.07605E-03 -5.04734E-04 
-2.13516E-03 -5.07574E-04 
-2.19656E-03 -5.05225E-04 
-2.25964E-03 -4.97687E-04 
-2.32375E-03 -4.85027E-04 
-2.37360E-03 -4.71799E-04 
-2.38816E-03 -4.67380E-04 
-2.45707E-03 -4.43003E-04 
-2.52443E-03 -4.13420E-04 
-2.58921E-03 -3.79071E-04 
-2.65034E-03 -3.40484E-04 
-2.68294E-03 -3.18726E-04 
-2.73498E-03 -2.70470E-04 
-2.78007E-03 -2.19775E-04 
-2.81708E-03 -1.67352E-04 
-2.84483E-03 -1.13823E-04 
-2.86200E-03 -5.94098E-05 
-2.86634E-03 -2.93060E-06 
-2.85183E-03 6.16387E-05 
-2.79860E-03 1.55384E-04 
-2.65223E-03 3.29877E-04 
-2.33997E-03 6.32436E-04 
-1.90234E-03 9.79020E-04 
-1.49815E-03 1.20985E-03 
-2.21884E-03 -4.72089E-04 
-2.27356E-03 -4.74040E-04 
-2.15707E-03 -5.33631E-04 
-2.22356E-03 -5.28967E-04 
-2.29163E-03 -5.18684E-04 
-2.36057E-03 -5.02905E-04 
-2.42962E-03 -4.81824E-04 
-2.48261E-03 -4.62044E-04 
-2.49796E-03 -4.55713E-04 
-2.56989E-03 -4.22321E-04 
-2.63892E-03 -3.84004E-04 
-2.70396E-03 -3.41373E-04 
-2.76391E-03 -2.95112E-04 
-2.79601E-03 -2.68851E-04 
-2.84356E-03 -2.14332E-04 
-2.88273E-03 -1.58411E-04 
-2.91243E-03 -1.01888E-04 
-2.93158E-03 -4.54407E-05 
-2.93887E-03 1.06855E-05 
-2.93183E-03 6.76803E-05 
-2.90317E-03 1.31570E-04 
-2.82835E-03 2.23170E-04 
-2.64073E-03 3.92509E-04 
-2.25423E-03 6.83095E-04 
-1.72533E-03 1.00902E-03 
-1.25093E-03 1.21561E-03 
-2.30657E-03 -4.82226E-04 
-2.36803E-03 -4.77191E-04 
-2.24169E-03 -5.61189E-04 
-2.31617E-03 -5.46645E-04 
-2.39130E-03 -5.26266E-04 
-2.46625E-03 -5.00315E-04 
-2.54016E-03 -4.69133E-04 
-2.59607E-03 -4.41678E-04 
-2.61214E-03 -4.33137E-04 
-2.68655E-03 -3.89495E-04 
-2.75654E-03 -3.41523E-04 
-2.82097E-03 -2.89989E-04 
-2.87877E-03 -2.35721E-04 
-2.91034E-03 -2.04153E-04 
-2.95221E-03 -1.43669E-04 
-2.98430E-03 -8.30169E-05 
-3.00565E-03 -2.30482E-05 
-3.01527E-03 3.55392E-05 
-3.01193E-03 9.25052E-05 
-2.99291E-03 1.49044E-04 
-2.94959E-03 2.11054E-04 
-2.85246E-03 2.98544E-04 
-2.62209E-03 4.58585E-04 
-2.15876E-03 7.29382E-04 
-1.53656E-03 1.02520E-03 
-9.92436E-04 1.20096E-03 
-2.39444E-03 -4.90055E-04 
-2.46333E-03 -4.75795E-04 
-2.33298E-03 -5.82333E-04 
-2.41578E-03 -5.55532E-04 
-2.49802E-03 -5.22961E-04 
-2.57879E-03 -4.85039E-04 
-2.65717E-03 -4.42259E-04 
-2.71557E-03 -4.06181E-04 
-2.73221E-03 -3.95188E-04 
-2.80830E-03 -3.40348E-04 
-2.87828E-03 -2.82106E-04 
-2.94104E-03 -2.21368E-04 
-2.99556E-03 -1.59074E-04 
-3.02644E-03 -1.21501E-04 
-3.06141E-03 -5.56503E-05 
-3.08531E-03 8.97841E-06 
-3.09732E-03 7.15251E-05 
-3.09663E-03 1.31312E-04 
-3.08207E-03 1.88136E-04 
-3.05070E-03 2.43186E-04 
-2.99248E-03 3.02091E-04 
-2.87281E-03 3.83490E-04 
-2.59910E-03 5.30058E-04 
-2.05812E-03 7.73293E-04 
-1.34283E-03 1.02987E-03 
-7.31198E-04 1.16884E-03 
-2.48598E-03 -4.91185E-04 
-2.56286E-03 -4.65270E-04 
-2.43569E-03 -5.90236E-04 
-2.52677E-03 -5.48886E-04 
-2.61583E-03 -5.02179E-04 
-2.70191E-03 -4.50694E-04 
-2.78402E-03 -3.95071E-04 
-2.84422E-03 -3.49640E-04 
-2.86121E-03 -3.36018E-04 
-2.93784E-03 -2.69366E-04 
-3.00655E-03 -2.00587E-04 
-3.06633E-03 -1.30693E-04 
-3.11625E-03 -6.06967E-05 
-3.14605E-03 -1.66169E-05 
-3.17279E-03 5.36920E-05 
-3.18731E-03 1.21270E-04 
-3.18899E-03 1.85295E-04 
-3.17721E-03 2.45151E-04 
-3.15088E-03 3.00700E-04 
-3.10683E-03 3.53113E-04 
-3.03359E-03 4.07599E-04 
-2.89133E-03 4.80861E-04 
-2.57420E-03 6.09762E-04 
-1.95585E-03 8.17796E-04 
-1.14907E-03 1.02638E-03 
-4.73111E-04 1.12314E-03 
-2.58573E-03 -4.78846E-04 
-2.67089E-03 -4.38894E-04 
-2.55496E-03 -5.75946E-04 
-2.65375E-03 -5.18155E-04 
-2.74884E-03 -4.55820E-04 
-2.83920E-03 -3.89667E-04 
-2.92385E-03 -3.20474E-04 
-2.98483E-03 -2.65372E-04 
-3.00185E-03 -2.49066E-04 
-3.07748E-03 -1.70565E-04 
-3.14333E-03 -9.15544E-05 
-3.19851E-03 -1.31006E-05 
-3.24226E-03 6.37591E-05 
-3.27024E-03 1.14426E-04 
-3.28733E-03 1.87850E-04 
-3.29123E-03 2.56966E-04 
-3.28155E-03 3.21038E-04 
-3.25788E-03 3.79553E-04 
-3.21924E-03 4.32459E-04 
-3.16221E-03 4.80895E-04 
-3.07388E-03 5.29499E-04 
-2.90918E-03 5.92496E-04 
-2.54923E-03 6.99633E-04 
-1.85519E-03 8.65299E-04 
-9.60247E-04 1.01798E-03 
-2.24238E-04 1.06787E-03 
-2.69993E-03 -4.43830E-04 
-2.79316E-03 -3.87802E-04 
-2.69669E-03 -5.28928E-04 
-2.80195E-03 -4.53508E-04 
-2.90160E-03 -3.74784E-04 
-2.99461E-03 -2.93613E-04 
-3.08003E-03 -2.10882E-04 
-3.14036E-03 -1.46374E-04 
-3.15699E-03 -1.27499E-04 
-3.22957E-03 -3.79029E-05 
-3.29050E-03 5.02799E-05 
-3.33909E-03 1.35982E-04 
-3.37478E-03 2.18202E-04 
-3.39972E-03 2.74900E-04 
-3.40552E-03 3.49557E-04 
-3.39740E-03 4.18321E-04 
-3.37522E-03 4.80583E-04 
-3.33876E-03 5.35969E-04 
-3.28717E-03 5.84537E-04 
-3.21676E-03 6.27367E-04 
-3.11322E-03 6.68385E-04 
-2.92633E-03 7.18841E-04 
-2.52460E-03 8.00212E-04 
-1.75759E-03 9.16892E-04 
-7.79081E-04 1.00664E-03 
1.20110E-05 1.00576E-03 
-2.83583E-03 -3.75336E-04 
-2.93615E-03 -3.01893E-04 
-2.86665E-03 -4.38218E-04 
-2.97625E-03 -3.44992E-04 
-3.07816E-03 -2.50138E-04 
-3.17141E-03 -1.54610E-04 
-3.25513E-03 -5.93624E-05 
-3.31286E-03 1.35424E-05 
-3.32853E-03 3.46584E-05 
-3.39538E-03 1.33606E-04 
-3.44880E-03 2.28969E-04 
-3.48833E-03 3.19743E-04 
-3.51366E-03 4.05025E-04 
-3.53377E-03 4.66367E-04 
-3.52642E-03 5.39753E-04 
-3.50468E-03 6.05717E-04 
-3.46866E-03 6.63818E-04 
-3.41836E-03 7.13850E-04 
-3.35302E-03 7.55993E-04 
-3.26872E-03 7.91245E-04 
-3.14973E-03 8.22685E-04 
-2.94087E-03 8.58142E-04 
-2.49871E-03 9.09832E-04 
-1.66227E-03 9.71495E-04 
-6.05690E-04 9.92204E-04 
2.35109E-04 9.37357E-04 
-2.99977E-03 -2.61453E-04 
-3.10522E-03 -1.70507E-04 
-3.06872E-03 -2.93386E-04 
-3.17956E-03 -1.83623E-04 
-3.28053E-03 -7.43013E-05 
-3.37076E-03 3.35767E-05 
-3.44953E-03 1.39041E-04 
-3.50221E-03 2.18394E-04 
-3.51621E-03 2.41158E-04 
-3.57401E-03 3.46512E-04 
-3.61678E-03 4.45963E-04 
-3.64431E-03 5.38635E-04 
-3.65659E-03 6.23786E-04 
-3.66951E-03 6.87425E-04 
-3.64692E-03 7.56385E-04 
-3.60978E-03 8.16532E-04 
-3.55843E-03 8.67626E-04 
-3.49310E-03 9.09653E-04 
-3.41310E-03 9.42917E-04 
-3.31427E-03 9.68304E-04 
-3.17950E-03 9.87916E-04 
-2.94891E-03 1.00577E-03 
-2.46787E-03 1.02399E-03 
-1.56605E-03 1.02521E-03 
-4.37503E-04 9.71701E-04 
4.47415E-04 8.60400E-04 
-3.19627E-03 -9.17700E-05 
-3.30362E-03 1.50904E-05 
-3.30394E-03 -8.70063E-05 
-3.41179E-03 3.63101E-05 
-3.50764E-03 1.56816E-04 
-3.59075E-03 2.73518E-04 
-3.66057E-03 3.85488E-04 
-3.70520E-03 4.68331E-04 
-3.71668E-03 4.91867E-04 
-3.76153E-03 5.99424E-04 
-3.79001E-03 6.98752E-04 
-3.80223E-03 7.89172E-04 
-3.79847E-03 8.70159E-04 
-3.80137E-03 9.32816E-04 
-3.76136E-03 9.93650E-04 
-3.70695E-03 1.04451E-03 
-3.63876E-03 1.08539E-03 
-3.55719E-03 1.11647E-03 
-3.46163E-03 1.13818E-03 
-3.34764E-03 1.15125E-03 
-3.19680E-03 1.15668E-03 
-2.94479E-03 1.15433E-03 
-2.42664E-03 1.13555E-03 
-1.46390E-03 1.07160E-03 
-2.69887E-04 9.39673E-04 
6.53403E-04 7.70256E-04 
-3.42608E-03 1.39216E-04 
-3.53079E-03 2.58568E-04 
-3.56905E-03 1.82502E-04 
-3.66869E-03 3.14708E-04 
-3.75432E-03 4.41575E-04 
-3.82542E-03 5.62181E-04 
-3.88167E-03 6.75702E-04 
-3.91487E-03 7.58213E-04 
-3.92287E-03 7.81412E-04 
-3.95043E-03 8.85941E-04 
-3.96071E-03 9.80072E-04 
-3.95411E-03 1.06338E-03 
-3.93125E-03 1.13559E-03 
-3.92106E-03 1.19331E-03 
-3.86153E-03 1.24204E-03 
-3.78816E-03 1.27998E-03 
-3.70179E-03 1.30734E-03 
-3.60297E-03 1.32451E-03 
-3.49116E-03 1.33202E-03 
-3.36161E-03 1.33041E-03 
-3.19464E-03 1.31945E-03 
-2.92176E-03 1.29453E-03 
-2.36855E-03 1.23566E-03 
-1.34972E-03 1.10265E-03 
-9.71129E-05 8.89270E-04 
8.58569E-04 6.61070E-04 
-3.68174E-03 4.29510E-04 
-3.77831E-03 5.56050E-04 
-3.85287E-03 5.08507E-04 
-3.93854E-03 6.43392E-04 
-4.00851E-03 7.70445E-04 
-4.06253E-03 8.88878E-04 
-4.10049E-03 9.98030E-04 
-4.11890E-03 1.07577E-03 
-4.12249E-03 1.09736E-03 
-4.12862E-03 1.19300E-03 
-4.11704E-03 1.27641E-03 
-4.08849E-03 1.34747E-03 
-4.04389E-03 1.40619E-03 
-4.01784E-03 1.45476E-03 
-3.93724E-03 1.48763E-03 
-3.84378E-03 1.50928E-03 
-3.73845E-03 1.52018E-03 
-3.62196E-03 1.52090E-03 
-3.49375E-03 1.51203E-03 
-3.34879E-03 1.49387E-03 
-3.16615E-03 1.46485E-03 
-2.87349E-03 1.41564E-03 
-2.28791E-03 1.31454E-03 
-1.21854E-03 1.11009E-03 
8.50971E-05 8.14056E-04 
1.06671E-03 5.27952E-04 
-3.95667E-03 7.73134E-04 
-4.03875E-03 9.00351E-04 
-4.14596E-03 8.81701E-04 
-4.21140E-03 1.01224E-03 
-4.25991E-03 1.13263E-03 
-4.29148E-03 1.24229E-03 
-4.30632E-03 1.34076E-03 
-4.30654E-03 1.40908E-03 
-4.30479E-03 1.42774E-03 
-4.28541E-03 1.50846E-03 
-4.24851E-03 1.57561E-03 
-4.19513E-03 1.62937E-03 
-4.12649E-03 1.67007E-03 
-4.08211E-03 1.70541E-03 
-3.97937E-03 1.71899E-03 
-3.86514E-03 1.72143E-03 
-3.74060E-03 1.71338E-03 
-3.60650E-03 1.69559E-03 
-3.46226E-03 1.66868E-03 
-3.30251E-03 1.63263E-03 
-3.10512E-03 1.58439E-03 
-2.79417E-03 1.50967E-03 
-2.17914E-03 1.36470E-03 
-1.06486E-03 1.08701E-03 
2.82198E-04 7.07822E-04 
1.28305E-03 3.65469E-04 
-4.22965E-03 1.15110E-03 
-4.29122E-03 1.27166E-03 
-4.42577E-03 1.27985E-03 
-4.46555E-03 1.39866E-03 
-4.48773E-03 1.50544E-03 
-4.49260E-03 1.59981E-03 
-4.48062E-03 1.68159E-03 
-4.46020E-03 1.73618E-03 
-4.45244E-03 1.75071E-03 
-4.40484E-03 1.81118E-03 
-4.34053E-03 1.85734E-03 
-4.26083E-03 1.88969E-03 
-4.16721E-03 1.90885E-03 
-4.10320E-03 1.92768E-03 
-3.97850E-03 1.91972E-03 
-3.84407E-03 1.90117E-03 
-3.70118E-03 1.87287E-03 
-3.55063E-03 1.83567E-03 
-3.39174E-03 1.79019E-03 
-3.21877E-03 1.73600E-03 
-3.00846E-03 1.66851E-03 
-2.68162E-03 1.56830E-03 
-2.04112E-03 1.37949E-03 
-8.88867E-04 1.02917E-03 
4.92700E-04 5.69119E-04 
1.50525E-03 1.74333E-04 
-4.48231E-03 1.54368E-03 
-4.51804E-03 1.65031E-03 
-4.67383E-03 1.68186E-03 
-4.68349E-03 1.78202E-03 
-4.67552E-03 1.86880E-03 
-4.65049E-03 1.94207E-03 
-4.60914E-03 2.00192E-03 
-4.56651E-03 2.03914E-03 
-4.55238E-03 2.04854E-03 
-4.47510E-03 2.08441E-03 
-4.38255E-03 2.10593E-03 
-4.27628E-03 2.11388E-03 
-4.15794E-03 2.10916E-03 
-4.07412E-03 2.10922E-03 
-3.92872E-03 2.07864E-03 
-3.77567E-03 2.03849E-03 
-3.61628E-03 1.98974E-03 
-3.45132E-03 1.93332E-03 
-3.27996E-03 1.86977E-03 
-3.09610E-03 1.79821E-03 
-2.87538E-03 1.71239E-03 
-2.53573E-03 1.58771E-03 
-1.87451E-03 1.35637E-03 
-6.92079E-04 9.35794E-04 
7.14272E-04 3.99115E-04 
1.73043E-03 -4.28206E-05 
-4.69409E-03 1.92621E-03 
-4.69997E-03 2.01256E-03 
-4.87084E-03 2.06332E-03 
-4.84749E-03 2.13915E-03 
-4.80717E-03 2.20087E-03 
-4.75071E-03 2.24865E-03 
-4.67908E-03 2.28280E-03 
-4.61393E-03 2.30015E-03 
-4.59337E-03 2.30377E-03 
-4.48661E-03 2.31232E-03 
-4.36657E-03 2.30716E-03 
-4.23497E-03 2.28930E-03 
-4.09356E-03 2.25986E-03 
-3.99099E-03 2.24027E-03 
-3.82732E-03 2.18736E-03 
-3.65829E-03 2.12630E-03 
-3.48518E-03 2.05816E-03 
-3.30869E-03 1.98385E-03 
-3.12783E-03 1.90379E-03 
-2.93608E-03 1.81659E-03 
-2.70809E-03 1.71432E-03 
-2.35933E-03 1.56724E-03 
-1.68290E-03 1.29607E-03 
-4.79090E-04 8.09666E-04 
9.41389E-04 2.02782E-04 
1.95260E-03 -2.79540E-04 
-4.85007E-03 2.27478E-03 
-4.82389E-03 2.33609E-03 
-5.00432E-03 2.40199E-03 
-4.94670E-03 2.44954E-03 
-4.87334E-03 2.48291E-03 
-4.78530E-03 2.50253E-03 
-4.68378E-03 2.50895E-03 
-4.59678E-03 2.50529E-03 
-4.57005E-03 2.50285E-03 
-4.43533E-03 2.48319E-03 
-4.28981E-03 2.45104E-03 
-4.13528E-03 2.40760E-03 
-3.97354E-03 2.35415E-03 
-3.85433E-03 2.31534E-03 
-3.67570E-03 2.24171E-03 
-3.49412E-03 2.16165E-03 
-3.31080E-03 2.07625E-03 
-3.12630E-03 1.98638E-03 
-2.93940E-03 1.89227E-03 
-2.74321E-03 1.79198E-03 
-2.51149E-03 1.67590E-03 
-2.15778E-03 1.50938E-03 
-1.47227E-03 1.20240E-03 
-2.56777E-04 6.56536E-04 
1.16640E-03 -1.20833E-05 
2.16386E-03 -5.26827E-04 
-4.93261E-03 2.56992E-03 
-4.87405E-03 2.60317E-03 
-5.05931E-03 2.68037E-03 
-4.96833E-03 2.69748E-03 
-4.86346E-03 2.70102E-03 
-4.74598E-03 2.69164E-03 
-4.61720E-03 2.67010E-03 
-4.51065E-03 2.64563E-03 
-4.47846E-03 2.63725E-03 
-4.31934E-03 2.59023E-03 
-4.15212E-03 2.53243E-03 
-3.97862E-03 2.46518E-03 
-3.80063E-03 2.38984E-03 
-3.66802E-03 2.33347E-03 
-3.47860E-03 2.24185E-03 
-3.28860E-03 2.14568E-03 
-3.09910E-03 2.04602E-03 
-2.91049E-03 1.94366E-03 
-2.72134E-03 1.83860E-03 
-2.52436E-03 1.72833E-03 
-2.29262E-03 1.60163E-03 
-1.93830E-03 1.41926E-03 
-1.25028E-03 1.08157E-03 
-3.34507E-05 4.84365E-04 
1.38048E-03 -2.35781E-04 
2.35549E-03 -7.74155E-04 
-4.93629E-03 2.79517E-03 
-4.84769E-03 2.79998E-03 
-5.03488E-03 2.88574E-03 
-4.91385E-03 2.87288E-03 
-4.78103E-03 2.84748E-03 
-4.63776E-03 2.81034E-03 
-4.48547E-03 2.76242E-03 
-4.36237E-03 2.71857E-03 
-4.32562E-03 2.70471E-03 
-4.14648E-03 2.63276E-03 
-3.96207E-03 2.55207E-03 
-3.77418E-03 2.46404E-03 
-3.58449E-03 2.37006E-03 
-3.44221E-03 2.29878E-03 
-3.24644E-03 2.19271E-03 
-3.05231E-03 2.08402E-03 
-2.86074E-03 1.97370E-03 
-2.67194E-03 1.86239E-03 
-2.48422E-03 1.74984E-03 
-2.28997E-03 1.63300E-03 
-2.06176E-03 1.49915E-03 
-1.71111E-03 1.30501E-03 
-1.02721E-03 9.42726E-04 
1.80415E-04 3.04021E-04 
1.57331E-03 -4.55814E-04 
2.51789E-03 -1.00853E-03 
-4.86519E-03 2.94891E-03 
-4.74942E-03 2.92570E-03 
-4.93592E-03 3.01771E-03 
-4.78794E-03 2.97588E-03 
-4.63053E-03 2.92302E-03 
-4.46513E-03 2.86008E-03 
-4.29324E-03 2.78811E-03 
-4.15674E-03 2.72693E-03 
-4.11636E-03 2.70822E-03 
-3.92173E-03 2.61451E-03 
-3.72473E-03 2.51433E-03 
-3.52703E-03 2.40907E-03 
-3.33016E-03 2.30007E-03 
-3.18193E-03 2.21687E-03 
-2.98411E-03 2.10006E-03 
-2.78998E-03 1.98253E-03 
-2.60025E-03 1.86515E-03 
-2.41492E-03 1.74838E-03 
-2.23207E-03 1.63171E-03 
-2.04381E-03 1.51156E-03 
-1.82244E-03 1.37389E-03 
-1.47953E-03 1.17193E-03 
-8.06354E-04 7.91183E-04 
3.81394E-04 1.20942E-04 
1.74135E-03 -6.66748E-04 
2.64765E-03 -1.22483E-03 
-4.72074E-03 3.02692E-03 
-4.58184E-03 2.97816E-03 
-4.76553E-03 3.07468E-03 
-4.59531E-03 3.00676E-03 
-4.41824E-03 2.92960E-03 
-4.23587E-03 2.84427E-03 
-4.04969E-03 2.75191E-03 
-3.90394E-03 2.67636E-03 
-3.86115E-03 2.65367E-03 
-3.65668E-03 2.54242E-03 
-3.45254E-03 2.42699E-03 
-3.25020E-03 2.30870E-03 
-3.05104E-03 2.18884E-03 
-2.90080E-03 2.09711E-03 
-2.70516E-03 1.97352E-03 
-2.51490E-03 1.85095E-03 
-2.33057E-03 1.73011E-03 
-2.15196E-03 1.61131E-03 
-1.97692E-03 1.49376E-03 
-1.79738E-03 1.37339E-03 
-1.58561E-03 1.23507E-03 
-1.25404E-03 1.02930E-03 
-5.97716E-04 6.36695E-04 
5.60075E-04 -5.41268E-05 
1.87625E-03 -8.57091E-04 
2.73786E-03 -1.41182E-03 
-4.51377E-03 3.03427E-03 
-4.35612E-03 2.96289E-03 
-4.53591E-03 3.06273E-03 
-4.34876E-03 2.97250E-03 
-4.15746E-03 2.87503E-03 
-3.96353E-03 2.77147E-03 
-3.76832E-03 2.66293E-03 
-3.61716E-03 2.57619E-03 
-3.57303E-03 2.55045E-03 
-3.36373E-03 2.42599E-03 
-3.15715E-03 2.29955E-03 
-2.95464E-03 2.17241E-03 
-2.75735E-03 2.04571E-03 
-2.60852E-03 1.94872E-03 
-2.41862E-03 1.82203E-03 
-2.23552E-03 1.69789E-03 
-2.05954E-03 1.57686E-03 
-1.89028E-03 1.45906E-03 
-1.72541E-03 1.34345E-03 
-1.55676E-03 1.22555E-03 
-1.35683E-03 1.08938E-03 
-1.03965E-03 8.83471E-04 
-4.05783E-04 4.85423E-04 
7.12688E-04 -2.15163E-04 
1.97519E-03 -1.02122E-03 
2.78675E-03 -1.56464E-03 
-4.25744E-03 2.98026E-03 
-4.08729E-03 2.89066E-03 
-4.26289E-03 2.99286E-03 
-4.06446E-03 2.88437E-03 
-3.86430E-03 2.77069E-03 
-3.66362E-03 2.65292E-03 
-3.46365E-03 2.53207E-03 
-3.31021E-03 2.43712E-03 
-3.26565E-03 2.40920E-03 
-3.05564E-03 2.27565E-03 
-2.85057E-03 2.14225E-03 
-2.65156E-03 2.01014E-03 
-2.45955E-03 1.88030E-03 
-2.31493E-03 1.78106E-03 
-2.13360E-03 1.65454E-03 
-1.96019E-03 1.53188E-03 
-1.79482E-03 1.41346E-03 
-1.63688E-03 1.29921E-03 
-1.48389E-03 1.18788E-03 
-1.32767E-03 1.07466E-03 
-1.14121E-03 9.42969E-04 
-8.40883E-04 7.40206E-04 
-2.34340E-04 3.42799E-04 
8.36527E-04 -3.57149E-04 
2.03687E-03 -1.15483E-03 
2.79430E-03 -1.67996E-03 
-3.96525E-03 2.87531E-03 
-3.78575E-03 2.77063E-03 
-3.95500E-03 2.87373E-03 
-3.74896E-03 2.75090E-03 
-3.54392E-03 2.62504E-03 
-3.34085E-03 2.49705E-03 
-3.14083E-03 2.36798E-03 
-2.98873E-03 2.26799E-03 
-2.94476E-03 2.23880E-03 
-2.73882E-03 2.10045E-03 
-2.53955E-03 1.96409E-03 
-2.34786E-03 1.83069E-03 
-2.16444E-03 1.70105E-03 
-2.02658E-03 1.60215E-03 
-1.85622E-03 1.47856E-03 
-1.69454E-03 1.35987E-03 
-1.54148E-03 1.24632E-03 
-1.39628E-03 1.13765E-03 
-1.25635E-03 1.03243E-03 
-1.11359E-03 9.25613E-04 
-9.41728E-04 8.00276E-04 
-6.60182E-04 6.03493E-04 
-8.51081E-05 2.12309E-04 
9.30964E-04 -4.77310E-04 
2.06201E-03 -1.25613E-03 
2.76236E-03 -1.75701E-03 
-3.64609E-03 2.72914E-03 
-3.46292E-03 2.61360E-03 
-3.62686E-03 2.71690E-03 
-3.41921E-03 2.58408E-03 
-3.21383E-03 2.44979E-03 
-3.01203E-03 2.31522E-03 
-2.81489E-03 2.18129E-03 
-2.66614E-03 2.07867E-03 
-2.62334E-03 2.04890E-03 
-2.42404E-03 1.90890E-03 
-2.23317E-03 1.77273E-03 
-2.05129E-03 1.64112E-03 
-1.87879E-03 1.51461E-03 
-1.74962E-03 1.41848E-03 
-1.59201E-03 1.30026E-03 
-1.44352E-03 1.18769E-03 
-1.30393E-03 1.08087E-03 
-1.17236E-03 9.79396E-04 
-1.04615E-03 8.81684E-04 
-9.17383E-04 7.82556E-04 
-7.60769E-04 6.65027E-04 
-4.99362E-04 4.76601E-04 
4.09463E-05 9.66195E-05 
9.96414E-04 -5.73935E-04 
2.05268E-03 -1.32468E-03 
2.69427E-03 -1.79652E-03 
-3.31339E-03 2.55030E-03 
-3.13018E-03 2.42800E-03 
-3.28716E-03 2.53084E-03 
-3.08124E-03 2.39231E-03 
-2.87967E-03 2.25408E-03 
-2.68325E-03 2.11703E-03 
-2.49279E-03 1.98207E-03 
-2.35008E-03 1.87959E-03 
-2.30918E-03 1.84999E-03 
-2.11963E-03 1.71165E-03 
-1.93948E-03 1.57831E-03 
-1.76915E-03 1.45062E-03 
-1.60895E-03 1.32907E-03 
-1.48951E-03 1.23708E-03 
-1.34551E-03 1.12568E-03 
-1.21087E-03 1.02056E-03 
-1.08522E-03 9.21623E-04 
-9.67556E-04 8.28347E-04 
-8.55225E-04 7.39020E-04 
-7.40535E-04 6.48405E-04 
-5.99372E-04 5.39700E-04 
-3.58951E-04 3.61538E-04 
1.44123E-04 -2.95050E-06 
1.03456E-03 -6.46837E-04 
2.01217E-03 -1.36170E-03 
2.59447E-03 -1.80084E-03 
-2.97372E-03 2.34945E-03 
-2.79462E-03 2.22390E-03 
-2.94487E-03 2.32525E-03 
-2.74397E-03 2.18372E-03 
-2.54855E-03 2.04395E-03 
-2.35966E-03 1.90699E-03 
-2.17805E-03 1.77345E-03 
-2.04304E-03 1.67300E-03 
-2.00452E-03 1.64416E-03 
-1.82698E-03 1.51018E-03 
-1.65971E-03 1.38236E-03 
-1.50284E-03 1.26110E-03 
-1.35639E-03 1.14669E-03 
-1.24778E-03 1.06054E-03 
-1.11815E-03 9.57512E-04 
-9.97844E-04 8.61082E-04 
-8.86391E-04 7.71047E-04 
-7.82701E-04 6.86757E-04 
-6.84140E-04 6.06436E-04 
-5.83346E-04 5.24880E-04 
-4.57547E-04 4.25704E-04 
-2.38541E-04 2.59305E-04 
2.25591E-04 -8.60964E-05 
1.04789E-03 -6.96914E-04 
1.94449E-03 -1.36954E-03 
2.46795E-03 -1.77340E-03 
-2.63696E-03 2.13351E-03 
-2.46302E-03 2.00653E-03 
-2.60500E-03 2.10494E-03 
-2.41271E-03 1.96434E-03 
-2.22756E-03 1.82735E-03 
-2.04962E-03 1.69390E-03 
-1.87948E-03 1.56461E-03 
-1.75366E-03 1.46800E-03 
-1.71786E-03 1.44036E-03 
-1.55356E-03 1.31265E-03 
-1.39987E-03 1.19191E-03 
-1.25703E-03 1.07852E-03 
-1.12485E-03 9.72566E-04 
-1.02744E-03 8.93247E-04 
-9.12238E-04 7.99429E-04 
-8.06182E-04 7.12357E-04 
-7.08683E-04 6.31714E-04 
-6.18596E-04 5.56762E-04 
-5.33347E-04 4.85687E-04 
-4.45954E-04 4.13395E-04 
-3.35119E-04 3.24118E-04 
-1.37526E-04 1.70550E-04 
2.86780E-04 -1.52936E-04 
1.03928E-03 -7.25615E-04 
1.85412E-03 -1.35121E-03 
2.32019E-03 -1.71832E-03 
-2.30843E-03 1.90976E-03 
-2.14303E-03 1.78498E-03 
-2.27637E-03 1.87965E-03 
-2.09415E-03 1.74188E-03 
-1.91984E-03 1.60876E-03 
-1.75352E-03 1.48041E-03 
-1.59589E-03 1.35734E-03 
-1.48033E-03 1.26623E-03 
-1.44760E-03 1.24029E-03 
-1.29816E-03 1.12107E-03 
-1.15940E-03 1.00919E-03 
-1.03133E-03 9.04911E-04 
-9.13793E-04 8.08336E-04 
-8.27919E-04 7.36620E-04 
-7.27178E-04 6.52651E-04 
-6.35187E-04 5.75375E-04 
-5.51292E-04 5.04400E-04 
-4.74331E-04 4.38926E-04 
-4.01819E-04 3.77138E-04 
-3.27212E-04 3.14122E-04 
-2.30787E-04 2.34893E-04 
-5.43365E-05 9.48916E-05 
3.29839E-04 -2.04500E-04 
1.01190E-03 -7.35128E-04 
1.74536E-03 -1.31021E-03 
2.15610E-03 -1.63991E-03 
-1.99311E-03 1.68332E-03 
-1.83946E-03 1.56418E-03 
-1.96452E-03 1.65525E-03 
-1.79426E-03 1.52308E-03 
-1.63199E-03 1.39566E-03 
-1.47900E-03 1.27416E-03 
-1.33528E-03 1.15883E-03 
-1.23043E-03 1.07401E-03 
-1.20085E-03 1.04998E-03 
-1.06633E-03 9.40099E-04 
-9.42479E-04 8.37955E-04 
-8.29300E-04 7.43776E-04 
-7.26336E-04 6.57363E-04 
-6.51822E-04 5.93751E-04 
-5.64990E-04 5.19866E-04 
-4.86398E-04 4.52470E-04 
-4.15348E-04 3.91104E-04 
-3.50675E-04 3.34932E-04 
-2.90013E-04 2.82172E-04 
-2.27283E-04 2.28145E-04 
-1.44390E-04 1.58786E-04 
1.17075E-05 3.25953E-05 
3.56514E-04 -2.41488E-04 
9.69414E-04 -7.27861E-04 
1.62393E-03 -1.25090E-03 
1.98260E-03 -1.54378E-03 
-1.69002E-03 1.45566E-03 
-1.54884E-03 1.34351E-03 
-1.66519E-03 1.43003E-03 
-1.50903E-03 1.30561E-03 
-1.36136E-03 1.18676E-03 
-1.22279E-03 1.07436E-03 
-1.09347E-03 9.68659E-04 
-9.99608E-04 8.91205E-04 
-9.73228E-04 8.69315E-04 
-8.54209E-04 7.69950E-04 
-7.45831E-04 6.78607E-04 
-6.47558E-04 5.95010E-04 
-5.58930E-04 5.18968E-04 
-4.95612E-04 4.63625E-04 
-4.22225E-04 3.99831E-04 
-3.56467E-04 3.42231E-04 
-2.97607E-04 2.90307E-04 
-2.44493E-04 2.43194E-04 
-1.94899E-04 1.99163E-04 
-1.43247E-04 1.53819E-04 
-7.31153E-05 9.41239E-05 
6.33169E-05 -1.80901E-05 
3.69408E-04 -2.65872E-04 
9.14233E-04 -7.06189E-04 
1.49196E-03 -1.17602E-03 
1.80143E-03 -1.43276E-03 
-1.40549E-03 1.23348E-03 
-1.27701E-03 1.12903E-03 
-1.38565E-03 1.21173E-03 
-1.24477E-03 1.09722E-03 
-1.11217E-03 9.88537E-04 
-9.88735E-04 8.86294E-04 
-8.74488E-04 7.90560E-04 
-7.92367E-04 7.21152E-04 
-7.69375E-04 7.01651E-04 
-6.66026E-04 6.13633E-04 
-5.72491E-04 5.33285E-04 
-4.88425E-04 4.60427E-04 
-4.13429E-04 3.94880E-04 
-3.60774E-04 3.47925E-04 
-3.00044E-04 2.94125E-04 
-2.46225E-04 2.46053E-04 
-1.98576E-04 2.03166E-04 
-1.56010E-04 1.64629E-04 
-1.16464E-04 1.28801E-04 
-7.48715E-05 9.16081E-05 
-1.64800E-05 4.11116E-05 
1.01388E-04 -5.73754E-05 
3.70293E-04 -2.78707E-04 
8.49680E-04 -6.72653E-04 
1.35440E-03 -1.08974E-03 
1.61842E-03 -1.31199E-03 
-1.14492E-03 1.02317E-03 
-1.02961E-03 9.27680E-04 
-1.12824E-03 1.00408E-03 
-1.00270E-03 8.99965E-04 
-8.86078E-04 8.02295E-04 
-7.77967E-04 7.11022E-04 
-6.78887E-04 6.26782E-04 
-6.08023E-04 5.66129E-04 
-5.88255E-04 5.49120E-04 
-4.99900E-04 4.72538E-04 
-4.20790E-04 4.03241E-04 
-3.50593E-04 3.41179E-04 
-2.88755E-04 2.86032E-04 
-2.46252E-04 2.47253E-04 
-1.97209E-04 2.02919E-04 
-1.54335E-04 1.63826E-04 
-1.16911E-04 1.29424E-04 
-8.38821E-05 9.88687E-05 
-5.33537E-05 7.06176E-05 
-2.07787E-05 4.09414E-05 
2.69521E-05 -9.54220E-07 
1.27522E-04 -8.62099E-05 
3.61184E-04 -2.81484E-04 
7.78501E-04 -6.29703E-04 
1.21470E-03 -9.95506E-04 
1.43728E-03 -1.18539E-03 
-9.07313E-04 8.25643E-04 
-8.07384E-04 7.41399E-04 
-8.96680E-04 8.11661E-04 
-7.85160E-04 7.17716E-04 
-6.83691E-04 6.31469E-04 
-5.91211E-04 5.52174E-04 
-5.06865E-04 4.79143E-04 
-4.47304E-04 4.27108E-04 
-4.30798E-04 4.12613E-04 
-3.57339E-04 3.47798E-04 
-2.92165E-04 2.89772E-04 
-2.34773E-04 2.38154E-04 
-1.84808E-04 1.92782E-04 
-1.51455E-04 1.61685E-04 
-1.12952E-04 1.26196E-04 
-7.98728E-05 9.54024E-05 
-5.15009E-05 6.87367E-05 
-2.68522E-05 4.53941E-05 
-4.20886E-06 2.39491E-05 
2.04647E-05 1.03422E-06 
5.86888E-05 -3.29891E-05 
1.43373E-04 -1.05734E-04 
3.44088E-04 -2.75832E-04 
7.03319E-04 -5.79814E-04 
1.07606E-03 -8.96648E-04 
1.26134E-03 -1.05666E-03 
-6.93738E-04 6.43509E-04 
-6.10697E-04 5.72253E-04 
-6.93194E-04 6.38403E-04 
-5.95820E-04 5.55170E-04 
-5.08165E-04 4.79392E-04 
-4.29552E-04 4.10798E-04 
-3.59289E-04 3.49079E-04 
-3.10157E-04 3.05590E-04 
-2.96580E-04 2.93510E-04 
-2.36473E-04 2.39646E-04 
-1.83797E-04 1.91883E-04 
-1.38250E-04 1.50157E-04 
-9.93638E-05 1.14170E-04 
-7.44718E-05 9.03839E-05 
-4.55098E-05 6.31292E-05 
-2.11638E-05 3.99439E-05 
-7.53541E-07 2.02702E-05 
1.66156E-05 3.36150E-06 
3.24698E-05 -1.20713E-05 
5.03383E-05 -2.90192E-05 
8.02212E-05 -5.59715E-05 
1.50524E-04 -1.17096E-04 
3.20856E-04 -2.63306E-04 
6.26451E-04 -5.25255E-04 
9.41183E-04 -7.96124E-04 
1.09335E-03 -9.29039E-04 
-5.08701E-04 4.81738E-04 
-4.38180E-04 4.20437E-04 
-5.15594E-04 4.83621E-04 
-4.34430E-04 4.13356E-04 
-3.60850E-04 3.48971E-04 
-2.95135E-04 2.90792E-04 
-2.36464E-04 2.38454E-04 
-1.96438E-04 2.02481E-04 
-1.85591E-04 1.92689E-04 
-1.37712E-04 1.49140E-04 
-9.65269E-05 1.11180E-04 
-6.16199E-05 7.86098E-05 
-3.24577E-05 5.10645E-05 
-1.48536E-05 3.37234E-05 
5.99785E-06 1.36118E-05 
2.29539E-05 -3.00006E-06 
3.66632E-05 -1.66586E-05 
4.79465E-05 -2.80660E-05 
5.81484E-05 -3.83790E-05 
7.03223E-05 -5.02239E-05 
9.30437E-05 -7.09792E-05 
1.50531E-04 -1.21517E-04 
2.93232E-04 -2.45459E-04 
5.49967E-04 -4.68149E-04 
8.12376E-04 -6.96584E-04 
9.35573E-04 -8.05317E-04 
-3.53140E-04 3.42886E-04 
-2.91927E-04 2.89141E-04 
-3.63791E-04 3.48561E-04 
-2.97729E-04 2.90629E-04 
-2.38252E-04 2.37990E-04 
-1.84769E-04 1.90168E-04 
-1.37350E-04 1.47298E-04 
-1.05189E-04 1.17938E-04 
-9.65315E-05 1.09980E-04 
-5.95490E-05 7.57104E-05 
-2.85696E-05 4.66378E-05 
-2.76145E-06 2.20806E-05 
1.81913E-05 1.83378E-06 
2.96319E-05 -9.90021E-06 
4.35507E-05 -2.37372E-05 
5.42650E-05 -3.46521E-05 
6.24130E-05 -4.31940E-05 
6.87192E-05 -4.99923E-05 
7.43417E-05 -5.60586E-05 
8.18791E-05 -6.36578E-05 
9.85845E-05 -7.91079E-05 
1.44835E-04 -1.20179E-04 
2.62772E-04 -2.23725E-04 
4.75617E-04 -4.10370E-04 
6.91486E-04 -6.00278E-04 
7.89712E-04 -6.87803E-04 
-2.28779E-04 2.29386E-04 
-1.74162E-04 1.81179E-04 
-2.37283E-04 2.34026E-04 
-1.84379E-04 1.86940E-04 
-1.37216E-04 1.44726E-04 
-9.65816E-05 1.07903E-04 
-5.96757E-05 7.40491E-05 
-3.48629E-05 5.10750E-05 
-2.81740E-05 4.48456E-05 
-7.04720E-08 1.84254E-05 
2.23313E-05 -3.02205E-06 
4.01820E-05 -2.04440E-05 
5.40358E-05 -3.42460E-05 
6.02356E-05 -4.11042E-05 
6.84843E-05 -4.97021E-05 
7.42722E-05 -5.60206E-05 
7.80814E-05 -6.04762E-05 
8.05384E-05 -6.36237E-05 
8.26329E-05 -6.63397E-05 
8.65504E-05 -7.05533E-05 
9.83416E-05 -8.15955E-05 
1.34916E-04 -1.14374E-04 
2.30987E-04 -1.99562E-04 
4.04971E-04 -3.53669E-04 
5.80036E-04 -5.09177E-04 
6.57079E-04 -5.78432E-04 
-1.33324E-04 1.40404E-04 
-8.39900E-05 9.66300E-05 
-1.37104E-04 1.41605E-04 
-9.57244E-05 1.04355E-04 
-5.91581E-05 7.11582E-05 
-2.77423E-05 4.23376E-05 
-6.26721E-07 1.71525E-05 
1.75678E-05 3.10660E-08 
2.23954E-05 -4.54722E-06 
4.23619E-05 -2.37055E-05 
5.79576E-05 -3.90159E-05 
6.94644E-05 -5.06147E-05 
7.75276E-05 -5.90572E-05 
7.95821E-05 -6.19772E-05 
8.33179E-05 -6.63133E-05 
8.51981E-05 -6.89001E-05 
8.56413E-05 -7.01080E-05 
8.51883E-05 -7.04236E-05 
8.46584E-05 -7.05825E-05 
8.58480E-05 -7.21880E-05 
9.37217E-05 -7.96599E-05 
1.22094E-04 -1.05300E-04 
1.99120E-04 -1.74226E-04 
3.39150E-04 -2.99409E-04 
4.78911E-04 -4.24669E-04 
5.38258E-04 -4.78444E-04 
-6.27607E-05 7.32254E-05 
-1.94855E-05 3.46902E-05 
-6.26750E-05 7.16802E-05 
-2.99047E-05 4.18620E-05 
-1.98882E-06 1.61310E-05 
2.21572E-05 -6.32198E-06 
4.17265E-05 -2.47653E-05 
5.35735E-05 -3.61402E-05 
5.67105E-05 -3.91830E-05 
6.98650E-05 -5.21461E-05 
7.92776E-05 -6.17495E-05 
8.56237E-05 -6.85351E-05 
8.93735E-05 -7.28950E-05 
8.86455E-05 -7.30959E-05 
8.92382E-05 -7.44006E-05 
8.84095E-05 -7.43360E-05 
8.65674E-05 -7.32749E-05 
8.41627E-05 -7.16302E-05 
8.18789E-05 -7.00243E-05 
8.11796E-05 -6.97778E-05 
8.60788E-05 -7.44992E-05 
1.07701E-04 -9.41846E-05 
1.68553E-04 -1.49093E-04 
2.79638E-04 -2.49238E-04 
3.89600E-04 -3.48593E-04 
4.34552E-04 -3.89619E-04 
-1.28988E-05 2.46743E-05 
2.28205E-05 -7.29542E-06 
-8.72508E-06 2.00178E-05 
1.67979E-05 -3.43548E-06 
3.49957E-05 -2.05263E-05 
5.39781E-05 -3.83777E-05 
6.80469E-05 -5.19082E-05 
7.65204E-05 -6.02143E-05 
7.84801E-05 -6.21763E-05 
8.52124E-05 -6.91885E-05 
8.96611E-05 -7.41398E-05 
9.22121E-05 -7.73109E-05 
9.28929E-05 -7.87084E-05 
9.01932E-05 -7.69224E-05 
8.85370E-05 -7.59998E-05 
8.58743E-05 -7.40835E-05 
8.25592E-05 -7.15020E-05 
7.89636E-05 -6.86026E-05 
7.56314E-05 -6.58876E-05 
7.37260E-05 -6.44179E-05 
7.64320E-05 -6.70821E-05 
9.25417E-05 -8.18480E-05 
1.39719E-04 -1.24742E-04 
2.26219E-04 -2.03330E-04 
3.11124E-04 -2.80616E-04 
3.44441E-04 -3.11223E-04 
2.01433E-05 -8.35342E-06 
4.77779E-05 -3.31982E-05 
2.59420E-05 -1.41080E-05 
4.70339E-05 -3.35907E-05 
5.69331E-05 -4.32285E-05 
6.94830E-05 -5.52434E-05 
7.90245E-05 -6.45938E-05 
8.47654E-05 -7.04030E-05 
8.61141E-05 -7.18009E-05 
9.06132E-05 -7.66847E-05 
9.17572E-05 -7.84674E-05 
9.17422E-05 -7.91608E-05 
9.02228E-05 -7.83867E-05 
8.62538E-05 -7.52647E-05 
8.31614E-05 -7.28604E-05 
7.94153E-05 -6.97877E-05 
7.53011E-05 -6.63191E-05 
7.11213E-05 -6.27406E-05 
6.73002E-05 -5.94491E-05 
6.47416E-05 -5.72770E-05 
6.59211E-05 -5.84883E-05 
7.76590E-05 -6.93111E-05 
1.13565E-04 -1.02183E-04 
1.79706E-04 -1.62698E-04 
2.44073E-04 -2.21684E-04 
2.68251E-04 -2.44024E-04 
4.01385E-05 -2.90887E-05 
5.94992E-05 -4.65075E-05 
4.38444E-05 -3.26914E-05 
6.51879E-05 -5.23057E-05 
6.96530E-05 -5.70101E-05 
7.46905E-05 -6.22435E-05 
8.11967E-05 -6.87400E-05 
8.44218E-05 -7.21552E-05 
8.52308E-05 -7.30430E-05 
8.74926E-05 -7.57883E-05 
8.76563E-05 -7.65828E-05 
8.58639E-05 -7.55173E-05 
8.30620E-05 -7.34259E-05 
7.84678E-05 -6.95776E-05 
7.46209E-05 -6.63444E-05 
7.04217E-05 -6.27273E-05 
6.60778E-05 -5.89257E-05 
6.18153E-05 -5.51587E-05 
5.79536E-05 -5.17300E-05 
5.51790E-05 -4.92780E-05 
5.53762E-05 -4.95395E-05 
6.37317E-05 -5.72837E-05 
9.05281E-05 -8.19695E-05 
1.40129E-04 -1.27639E-04 
1.87985E-04 -1.71757E-04 
2.05143E-04 -1.87690E-04 
5.00707E-05 -4.01063E-05 
6.26736E-05 -5.14455E-05 
4.98364E-05 -3.99608E-05 
7.32667E-05 -6.13916E-05 
7.60321E-05 -6.44759E-05 
7.53286E-05 -6.44789E-05 
7.89581E-05 -6.83279E-05 
8.03139E-05 -6.99688E-05 
8.04666E-05 -7.02299E-05 
8.05442E-05 -7.08777E-05 
7.94026E-05 -7.03735E-05 
7.65390E-05 -6.81919E-05 
7.29619E-05 -6.52659E-05 
6.83525E-05 -6.13038E-05 
6.43807E-05 -5.78587E-05 
6.02225E-05 -5.41819E-05 
5.60571E-05 -5.04528E-05 
5.20613E-05 -4.68484E-05 
4.84714E-05 -4.35975E-05 
4.57916E-05 -4.11736E-05 
4.54244E-05 -4.08782E-05 
5.12306E-05 -4.62837E-05 
7.08195E-05 -6.44303E-05 
1.07261E-04 -9.81714E-05 
1.42120E-04 -1.30477E-04 
1.54020E-04 -1.41572E-04 
5.23675E-05 -4.36636E-05 
6.05326E-05 -5.09457E-05 
4.83768E-05 -3.99713E-05 
7.16504E-05 -6.12058E-05 
7.78229E-05 -6.72761E-05 
7.31243E-05 -6.35951E-05 
7.42951E-05 -6.52005E-05 
7.45129E-05 -6.57734E-05 
7.41397E-05 -6.55334E-05 
7.13769E-05 -6.34540E-05 
6.86485E-05 -6.13885E-05 
6.52032E-05 -5.85852E-05 
6.15155E-05 -5.54810E-05 
5.71985E-05 -5.17085E-05 
5.34552E-05 -4.83976E-05 
4.97206E-05 -4.50430E-05 
4.60678E-05 -4.17263E-05 
4.25996E-05 -3.85550E-05 
3.94908E-05 -3.57011E-05 
3.71129E-05 -3.35174E-05 
3.64878E-05 -3.29585E-05 
4.04274E-05 -3.66404E-05 
5.44423E-05 -4.96870E-05 
8.06466E-05 -7.40677E-05 
1.05506E-04 -9.72091E-05 
1.13571E-04 -1.04753E-04 
4.91199E-05 -4.17572E-05 
5.54962E-05 -4.73417E-05 
4.29880E-05 -3.59249E-05 
6.39461E-05 -5.50520E-05 
7.48000E-05 -6.52897E-05 
6.99132E-05 -6.13668E-05 
6.69798E-05 -5.92005E-05 
6.59381E-05 -5.86012E-05 
6.55628E-05 -5.83539E-05 
6.25640E-05 -5.60216E-05 
5.78247E-05 -5.19989E-05 
5.38144E-05 -4.85961E-05 
5.01878E-05 -4.54872E-05 
4.64098E-05 -4.21597E-05 
4.31952E-05 -3.92936E-05 
4.00123E-05 -3.64080E-05 
3.69507E-05 -3.36014E-05 
3.40944E-05 -3.09646E-05 
3.15493E-05 -2.86055E-05 
2.95714E-05 -2.67700E-05 
2.88872E-05 -2.61410E-05 
3.14976E-05 -2.85891E-05 
4.13070E-05 -3.77593E-05 
5.97449E-05 -5.49841E-05 
7.71035E-05 -7.12019E-05 
8.24529E-05 -7.62159E-05 
4.28794E-05 -3.67819E-05 
4.88208E-05 -4.18582E-05 
3.68880E-05 -3.08706E-05 
5.25205E-05 -4.51566E-05 
6.79558E-05 -5.95087E-05 
6.47495E-05 -5.70537E-05 
5.84302E-05 -5.17482E-05 
5.50309E-05 -4.89357E-05 
5.40235E-05 -4.80891E-05 
5.07254E-05 -4.54359E-05 
4.73830E-05 -4.26850E-05 
4.34967E-05 -3.93655E-05 
4.03450E-05 -3.66563E-05 
3.70637E-05 -3.37550E-05 
3.42743E-05 -3.12549E-05 
3.16215E-05 -2.88368E-05 
2.91453E-05 -2.65535E-05 
2.68795E-05 -2.44483E-05 
2.48820E-05 -2.25844E-05 
2.33201E-05 -2.11249E-05 
2.26897E-05 -2.05386E-05 
2.43775E-05 -2.21270E-05 
3.10873E-05 -2.84221E-05 
4.37725E-05 -4.03115E-05 
5.56406E-05 -5.14299E-05 
5.91215E-05 -5.46958E-05 
3.58079E-05 -3.08164E-05 
4.12970E-05 -3.53526E-05 
3.12861E-05 -2.60404E-05 
4.10075E-05 -3.49157E-05 
5.89920E-05 -5.15701E-05 
5.87408E-05 -5.17679E-05 
4.94184E-05 -4.36432E-05 
4.44079E-05 -3.93091E-05 
4.30900E-05 -3.81648E-05 
3.89058E-05 -3.46456E-05 
3.68924E-05 -3.31318E-05 
3.44026E-05 -3.10915E-05 
3.17231E-05 -2.87994E-05 
2.90193E-05 -2.64165E-05 
2.66959E-05 -2.43335E-05 
2.46099E-05 -2.24349E-05 
2.27134E-05 -2.06859E-05 
2.10003E-05 -1.90914E-05 
1.95107E-05 -1.76980E-05 
1.83443E-05 -1.66052E-05 
1.78286E-05 -1.61245E-05 
1.89040E-05 -1.71413E-05 
2.34097E-05 -2.13813E-05 
3.19821E-05 -2.94356E-05 
3.99712E-05 -3.69336E-05 
4.22176E-05 -3.90416E-05 
2.92279E-05 -2.51336E-05 
3.40309E-05 -2.89549E-05 
2.67415E-05 -2.20300E-05 
3.12006E-05 -2.60615E-05 
4.91338E-05 -4.26807E-05 
5.36288E-05 -4.71779E-05 
4.07895E-05 -3.57711E-05 
3.66846E-05 -3.22704E-05 
3.59551E-05 -3.16751E-05 
3.13809E-05 -2.77660E-05 
2.90905E-05 -2.59625E-05 
2.66150E-05 -2.39141E-05 
2.43397E-05 -2.19884E-05 
2.22143E-05 -2.01406E-05 
2.04775E-05 -1.86038E-05 
1.89468E-05 -1.72246E-05 
1.76020E-05 -1.59949E-05 
1.64066E-05 -1.48886E-05 
1.53729E-05 -1.39253E-05 
1.45583E-05 -1.31648E-05 
1.41780E-05 -1.28131E-05 
1.48593E-05 -1.34623E-05 
1.78374E-05 -1.62728E-05 
2.35460E-05 -2.16456E-05 
2.88654E-05 -2.66434E-05 
3.03187E-05 -2.80072E-05 
2.37974E-05 -2.04154E-05 
2.78230E-05 -2.34562E-05 
2.34136E-05 -1.90857E-05 
2.45301E-05 -2.00111E-05 
3.85633E-05 -3.30501E-05 
4.90477E-05 -4.30366E-05 
3.50710E-05 -3.05263E-05 
2.92744E-05 -2.54707E-05 
2.89931E-05 -2.52945E-05 
2.77511E-05 -2.44921E-05 
2.37144E-05 -2.10113E-05 
2.09783E-05 -1.87038E-05 
1.87851E-05 -1.68468E-05 
1.70660E-05 -1.53791E-05 
1.57618E-05 -1.42525E-05 
1.46745E-05 -1.32909E-05 
1.37755E-05 -1.24828E-05 
1.29960E-05 -1.17722E-05 
1.23224E-05 -1.11527E-05 
1.17865E-05 -1.06588E-05 
1.15266E-05 -1.04241E-05 
1.19581E-05 -1.08411E-05 
1.39076E-05 -1.26867E-05 
1.76829E-05 -1.62447E-05 
2.12201E-05 -1.95706E-05 
2.21783E-05 -2.04708E-05 
1.99401E-05 -1.71298E-05 
2.33697E-05 -1.95619E-05 
2.09191E-05 -1.69108E-05 
2.08594E-05 -1.67207E-05 
2.92135E-05 -2.45258E-05 
4.54571E-05 -3.98140E-05 
3.40758E-05 -2.96667E-05 
2.47613E-05 -2.13175E-05 
2.40743E-05 -2.07631E-05 
2.44336E-05 -2.14762E-05 
2.13309E-05 -1.88718E-05 
1.75233E-05 -1.55355E-05 
1.49592E-05 -1.33145E-05 
1.34283E-05 -1.20159E-05 
1.24312E-05 -1.11774E-05 
1.16645E-05 -1.05236E-05 
1.10447E-05 -9.98511E-06 
1.05289E-05 -9.52927E-06 
1.00971E-05 -9.14352E-06 
9.75422E-06 -8.83683E-06 
9.58360E-06 -8.69028E-06 
9.85707E-06 -8.96124E-06 
1.11311E-05 -1.01727E-05 
1.36359E-05 -1.25373E-05 
1.60121E-05 -1.47744E-05 
1.66651E-05 -1.53905E-05 
1.76318E-05 -1.53106E-05 
2.08431E-05 -1.74744E-05 
1.93974E-05 -1.56887E-05 
1.94418E-05 -1.55422E-05 
2.30361E-05 -1.89176E-05 
4.08791E-05 -3.57138E-05 
3.71749E-05 -3.26652E-05 
2.50542E-05 -2.16833E-05 
2.37945E-05 -2.05948E-05 
2.00198E-05 -1.73985E-05 
1.71180E-05 -1.49727E-05 
1.48090E-05 -1.30514E-05 
1.24553E-05 -1.10227E-05 
1.11538E-05 -9.94089E-06 
1.02891E-05 -9.22792E-06 
9.65433E-06 -8.69967E-06 
9.17761E-06 -8.29911E-06 
8.81169E-06 -7.98916E-06 
8.51705E-06 -7.73748E-06 
8.28384E-06 -7.53822E-06 
8.15914E-06 -7.43803E-06 
8.32174E-06 -7.60649E-06 
9.15300E-06 -8.40226E-06 
1.08331E-05 -9.99263E-06 
1.24583E-05 -1.15267E-05 
1.29158E-05 -1.19620E-05 
1.68982E-05 -1.50133E-05 
1.99456E-05 -1.69435E-05 
1.89740E-05 -1.55409E-05 
1.99921E-05 -1.62468E-05 
1.96953E-05 -1.59833E-05 
3.55797E-05 -3.09940E-05 
4.03600E-05 -3.57978E-05 
2.85413E-05 -2.50837E-05 
2.59758E-05 -2.27712E-05 
1.79589E-05 -1.55673E-05 
1.36939E-05 -1.18294E-05 
1.22628E-05 -1.07275E-05 
1.07598E-05 -9.49995E-06 
9.60592E-06 -8.55266E-06 
8.80762E-06 -7.89958E-06 
8.25512E-06 -7.45014E-06 
7.85496E-06 -7.12428E-06 
7.56130E-06 -6.88522E-06 
7.32986E-06 -6.69571E-06 
7.14461E-06 -6.54377E-06 
7.03039E-06 -6.45481E-06 
7.10671E-06 -6.54259E-06 
7.64163E-06 -7.05978E-06 
8.77959E-06 -8.14159E-06 
9.90726E-06 -9.21070E-06 
1.02265E-05 -9.51813E-06 
1.74271E-05 -1.59525E-05 
2.04688E-05 -1.78040E-05 
1.95929E-05 -1.64256E-05 
2.12214E-05 -1.76517E-05 
1.89990E-05 -1.55700E-05 
3.01037E-05 -2.61187E-05 
4.15165E-05 -3.70986E-05 
3.18424E-05 -2.83591E-05 
2.86215E-05 -2.54304E-05 
1.91126E-05 -1.68346E-05 
1.40735E-05 -1.23388E-05 
1.15330E-05 -1.01572E-05 
1.00040E-05 -8.89134E-06 
8.83882E-06 -7.91841E-06 
7.93127E-06 -7.15327E-06 
7.30578E-06 -6.62909E-06 
6.88141E-06 -6.27717E-06 
6.57095E-06 -6.02032E-06 
6.33659E-06 -5.82706E-06 
6.15031E-06 -5.67341E-06 
6.01677E-06 -5.56534E-06 
6.01725E-06 -5.58059E-06 
6.34338E-06 -5.90044E-06 
7.10927E-06 -6.63267E-06 
7.88832E-06 -7.37551E-06 
8.09789E-06 -7.58057E-06 
1.90152E-05 -1.79549E-05 
2.19280E-05 -1.96082E-05 
2.11486E-05 -1.82400E-05 
2.26089E-05 -1.92649E-05 
1.97896E-05 -1.65849E-05 
2.66590E-05 -2.31671E-05 
4.22796E-05 -3.80755E-05 
3.49393E-05 -3.14896E-05 
3.04900E-05 -2.73973E-05 
2.06740E-05 -1.85081E-05 
1.64317E-05 -1.47584E-05 
1.23343E-05 -1.10648E-05 
9.60145E-06 -8.62701E-06 
8.08517E-06 -7.30354E-06 
7.06605E-06 -6.41873E-06 
6.44570E-06 -5.89041E-06 
6.03653E-06 -5.54680E-06 
5.72501E-06 -5.28465E-06 
5.47036E-06 -5.06844E-06 
5.25520E-06 -4.88415E-06 
5.08528E-06 -4.73871E-06 
5.01743E-06 -4.68687E-06 
5.18921E-06 -4.85930E-06 
5.68700E-06 -5.33825E-06 
6.20742E-06 -5.83756E-06 
6.32401E-06 -5.95435E-06 
---
