PdfType: replica
Format: lhagrid1
---
1.00000E-06 1.28121E-06 1.64152E-06 2.10317E-06 2.69463E-06 3.45242E-06 4.42329E-06 5.66715E-06 7.26076E-06 9.30241E-06 1.19180E-05 1.52689E-05 1.95617E-05 2.50609E-05 3.21053E-05 4.11287E-05 5.26863E-05 6.74889E-05 8.64459E-05 1.10720E-04 1.41800E-04 1.81585E-04 2.32503E-04 2.97652E-04 3.80981E-04 4.87518E-04 6.26039E-04 8.00452E-04 1.02297E-03 1.30657E-03 1.66759E-03 2.12729E-03 2.71054E-03 3.44865E-03 4.37927E-03 5.54908E-03 7.01192E-03 8.83064E-03 1.10763E-02 1.38266E-02 1.71641E-02 2.11717E-02 2.59364E-02 3.15062E-02 3.79623E-02 4.53425E-02 5.36750E-02 6.29705E-02 7.32221E-02 8.44039E-02 9.64793E-02 1.09332E-01 1.23067E-01 1.37507E-01 1.52639E-01 1.68416E-01 1.84794E-01 2.01731E-01 2.19016E-01 2.36948E-01 2.55242E-01 2.73927E-01 2.92954E-01 3.12340E-01 3.32036E-01 3.52019E-01 3.72282E-01 3.92772E-01 4.13533E-01 4.34326E-01 4.55495E-01 4.76836E-01 4.98342E-01 5.20006E-01 5.41818E-01 5.63773E-01 5.85861E-01 6.08077E-01 6.30459E-01 6.52800E-01 6.75387E-01 6.98063E-01 7.20830E-01 7.43683E-01 7.66623E-01 7.89636E-01 8.12791E-01 8.35940E-01 8.59175E-01 8.82485E-01 9.05866E-01 9.29311E-01 9.52817E-01 9.76387E-01 1.00000E+00 
1.14018E+00 1.22539E+00 1.32482E+00 1.44156E+00 1.57954E+00 1.74381E+00 1.94091E+00 2.12132E+00 2.17945E+00 2.49622E+00 2.89383E+00 3.39925E+00 4.05063E+00 4.90286E+00 6.03623E+00 7.57063E+00 9.68869E+00 1.26749E+01 1.69835E+01 2.33578E+01 3.30501E+01 4.82334E+01 7.28041E+01 1.13998E+02 1.85779E+02 3.16228E+02 
908 909 
-9.88713E-06 -1.55800E-05 
-1.05391E-05 -1.62364E-05 
-1.14612E-05 -1.74031E-05 
-1.23920E-05 -1.83026E-05 
-1.34151E-05 -1.92761E-05 
-1.45474E-05 -2.03399E-05 
-1.58108E-05 -2.15120E-05 
-1.68953E-05 -2.25059E-05 
-1.72324E-05 -2.28124E-05 
-1.89809E-05 -2.43823E-05 
-2.10029E-05 -2.61539E-05 
-2.33597E-05 -2.81562E-05 
-2.61238E-05 -3.04190E-05 
-3.00246E-05 -3.29210E-05 
-3.45230E-05 -3.58927E-05 
-3.97895E-05 -3.92183E-05 
-4.59596E-05 -4.29322E-05 
-5.31927E-05 -4.70705E-05 
-6.16862E-05 -5.16765E-05 
-7.17232E-05 -5.68226E-05 
-8.38581E-05 -6.26951E-05 
-9.95807E-05 -6.98893E-05 
-1.22871E-04 -8.00355E-05 
-1.59855E-04 -9.53960E-05 
-2.10029E-04 -1.14922E-04 
-2.63384E-04 -1.33756E-04 
-1.19172E-05 -1.76646E-05 
-1.26710E-05 -1.83901E-05 
-1.37435E-05 -1.97146E-05 
-1.48144E-05 -2.07080E-05 
-1.59865E-05 -2.17862E-05 
-1.72792E-05 -2.29672E-05 
-1.87176E-05 -2.42705E-05 
-1.99499E-05 -2.53761E-05 
-2.03325E-05 -2.57171E-05 
-2.23149E-05 -2.74633E-05 
-2.46031E-05 -2.94311E-05 
-2.72650E-05 -3.16504E-05 
-3.03803E-05 -3.41511E-05 
-3.47154E-05 -3.68640E-05 
-3.97168E-05 -4.01008E-05 
-4.55571E-05 -4.37107E-05 
-5.23813E-05 -4.77269E-05 
-6.03595E-05 -5.21837E-05 
-6.97016E-05 -5.71223E-05 
-8.07097E-05 -6.26138E-05 
-9.39800E-05 -6.88495E-05 
-1.11127E-04 -7.64503E-05 
-1.36471E-04 -8.71191E-05 
-1.76634E-04 -1.03192E-04 
-2.30964E-04 -1.23491E-04 
-2.88494E-04 -1.42883E-04 
-1.42487E-05 -1.99935E-05 
-1.51090E-05 -2.08021E-05 
-1.63645E-05 -2.22919E-05 
-1.75839E-05 -2.33962E-05 
-1.89150E-05 -2.45973E-05 
-2.03803E-05 -2.59146E-05 
-2.20086E-05 -2.73691E-05 
-2.34021E-05 -2.86028E-05 
-2.38347E-05 -2.89831E-05 
-2.60741E-05 -3.09288E-05 
-2.86561E-05 -3.31168E-05 
-3.16556E-05 -3.55774E-05 
-3.51602E-05 -3.83399E-05 
-3.99697E-05 -4.12776E-05 
-4.55222E-05 -4.47996E-05 
-5.19901E-05 -4.87128E-05 
-5.95281E-05 -5.30487E-05 
-6.83172E-05 -5.78390E-05 
-7.85798E-05 -6.31223E-05 
-9.06373E-05 -6.89677E-05 
-1.05130E-04 -7.55706E-05 
-1.23804E-04 -8.35767E-05 
-1.51340E-04 -9.47573E-05 
-1.94887E-04 -1.11510E-04 
-2.53625E-04 -1.32516E-04 
-3.15554E-04 -1.52368E-04 
-1.68667E-05 -2.26524E-05 
-1.78423E-05 -2.35577E-05 
-1.93135E-05 -2.52219E-05 
-2.06945E-05 -2.64536E-05 
-2.21999E-05 -2.77949E-05 
-2.38556E-05 -2.92668E-05 
-2.56942E-05 -3.08918E-05 
-2.72672E-05 -3.22690E-05 
-2.77553E-05 -3.26932E-05 
-3.02816E-05 -3.48609E-05 
-3.31920E-05 -3.72919E-05 
-3.65691E-05 -4.00163E-05 
-4.05082E-05 -4.30630E-05 
-4.58376E-05 -4.62373E-05 
-5.19963E-05 -5.00622E-05 
-5.91527E-05 -5.42952E-05 
-6.74713E-05 -5.89651E-05 
-7.71437E-05 -6.41006E-05 
-8.84053E-05 -6.97366E-05 
-1.01597E-04 -7.59395E-05 
-1.17404E-04 -8.29074E-05 
-1.37715E-04 -9.13079E-05 
-1.67597E-04 -1.02972E-04 
-2.14751E-04 -1.20342E-04 
-2.78166E-04 -1.41948E-04 
-3.44726E-04 -1.62129E-04 
-1.97816E-05 -2.57222E-05 
-2.08855E-05 -2.67368E-05 
-2.26056E-05 -2.85868E-05 
-2.41666E-05 -2.99608E-05 
-2.58667E-05 -3.14586E-05 
-2.77358E-05 -3.31026E-05 
-2.98110E-05 -3.49164E-05 
-3.15860E-05 -3.64518E-05 
-3.21368E-05 -3.69244E-05 
-3.49863E-05 -3.93352E-05 
-3.82665E-05 -4.20307E-05 
-4.20678E-05 -4.50403E-05 
-4.64939E-05 -4.83917E-05 
-5.23937E-05 -5.18118E-05 
-5.92201E-05 -5.59551E-05 
-6.71321E-05 -6.05215E-05 
-7.63042E-05 -6.55368E-05 
-8.69385E-05 -7.10256E-05 
-9.92830E-05 -7.70182E-05 
-1.13698E-04 -8.35772E-05 
-1.30919E-04 -9.09017E-05 
-1.52983E-04 -9.96760E-05 
-1.85370E-04 -1.11778E-04 
-2.36369E-04 -1.29669E-04 
-3.04739E-04 -1.51728E-04 
-3.76157E-04 -1.72072E-04 
-2.30293E-05 -2.92784E-05 
-2.42783E-05 -3.04139E-05 
-2.62823E-05 -3.24623E-05 
-2.80462E-05 -3.39927E-05 
-2.99664E-05 -3.56623E-05 
-3.20771E-05 -3.74948E-05 
-3.44203E-05 -3.95150E-05 
-3.64243E-05 -4.12228E-05 
-3.70460E-05 -4.17479E-05 
-4.02613E-05 -4.44221E-05 
-4.39590E-05 -4.74023E-05 
-4.82378E-05 -5.07169E-05 
-5.32098E-05 -5.43918E-05 
-5.97351E-05 -5.80645E-05 
-6.72966E-05 -6.25395E-05 
-7.60371E-05 -6.74504E-05 
-8.61410E-05 -7.28193E-05 
-9.78208E-05 -7.86659E-05 
-1.11337E-04 -8.50148E-05 
-1.27070E-04 -9.19235E-05 
-1.45806E-04 -9.95893E-05 
-1.69743E-04 -1.08707E-04 
-2.04800E-04 -1.21182E-04 
-2.59885E-04 -1.39468E-04 
-3.33489E-04 -1.61792E-04 
-4.09983E-04 -1.82095E-04 
-2.66689E-05 -3.33909E-05 
-2.80833E-05 -3.46584E-05 
-3.04085E-05 -3.69186E-05 
-3.24027E-05 -3.86185E-05 
-3.45729E-05 -4.04743E-05 
-3.69581E-05 -4.25111E-05 
-3.96057E-05 -4.47545E-05 
-4.18695E-05 -4.66481E-05 
-4.25716E-05 -4.72297E-05 
-4.62010E-05 -5.01866E-05 
-5.03699E-05 -5.34708E-05 
-5.51856E-05 -5.71090E-05 
-6.07686E-05 -6.11245E-05 
-6.79783E-05 -6.50540E-05 
-7.63475E-05 -6.98716E-05 
-8.59944E-05 -7.51357E-05 
-9.71132E-05 -8.08634E-05 
-1.09927E-04 -8.70686E-05 
-1.24707E-04 -9.37692E-05 
-1.41855E-04 -1.01016E-04 
-1.62210E-04 -1.09001E-04 
-1.88140E-04 -1.18420E-04 
-2.26035E-04 -1.31185E-04 
-2.85444E-04 -1.49707E-04 
-3.64550E-04 -1.72065E-04 
-4.46322E-04 -1.92089E-04 
-3.07796E-05 -3.81266E-05 
-3.23830E-05 -3.95365E-05 
-3.50705E-05 -4.20214E-05 
-3.73262E-05 -4.39032E-05 
-3.97803E-05 -4.59592E-05 
-4.24772E-05 -4.82156E-05 
-4.54702E-05 -5.06985E-05 
-4.80282E-05 -5.27911E-05 
-4.88213E-05 -5.34331E-05 
-5.29185E-05 -5.66914E-05 
-5.76180E-05 -6.02978E-05 
-6.30356E-05 -6.42767E-05 
-6.93005E-05 -6.86484E-05 
-7.72571E-05 -7.28362E-05 
-8.65110E-05 -7.80053E-05 
-9.71467E-05 -8.36285E-05 
-1.09368E-04 -8.97170E-05 
-1.23406E-04 -9.62777E-05 
-1.39546E-04 -1.03321E-04 
-1.58209E-04 -1.10887E-04 
-1.80288E-04 -1.19162E-04 
-2.08333E-04 -1.28833E-04 
-2.49226E-04 -1.41785E-04 
-3.13190E-04 -1.60346E-04 
-3.98048E-04 -1.82463E-04 
-4.85275E-04 -2.01929E-04 
-3.54587E-05 -4.35508E-05 
-3.72772E-05 -4.51136E-05 
-4.03729E-05 -4.78345E-05 
-4.29247E-05 -4.99099E-05 
-4.57004E-05 -5.21798E-05 
-4.87502E-05 -5.46709E-05 
-5.21337E-05 -5.74095E-05 
-5.50241E-05 -5.97140E-05 
-5.59198E-05 -6.04202E-05 
-6.05438E-05 -6.39977E-05 
-6.58384E-05 -6.79437E-05 
-7.19284E-05 -7.22794E-05 
-7.89514E-05 -7.70210E-05 
-8.77202E-05 -8.14655E-05 
-9.79402E-05 -8.69929E-05 
-1.09651E-04 -9.29784E-05 
-1.23065E-04 -9.94262E-05 
-1.38423E-04 -1.06335E-04 
-1.56021E-04 -1.13706E-04 
-1.76298E-04 -1.21569E-04 
-2.00206E-04 -1.30097E-04 
-2.30483E-04 -1.39954E-04 
-2.74531E-04 -1.52970E-04 
-3.43263E-04 -1.71340E-04 
-4.34099E-04 -1.92893E-04 
-5.26923E-04 -2.11481E-04 
-4.08188E-05 -4.97294E-05 
-4.28811E-05 -5.14556E-05 
-4.64363E-05 -5.44207E-05 
-4.93219E-05 -5.67017E-05 
-5.24602E-05 -5.91991E-05 
-5.59078E-05 -6.19399E-05 
-5.97312E-05 -6.49501E-05 
-6.29953E-05 -6.74792E-05 
-6.40063E-05 -6.82533E-05 
-6.92208E-05 -7.21676E-05 
-7.51804E-05 -7.64695E-05 
-8.20184E-05 -8.11764E-05 
-8.98808E-05 -8.62997E-05 
-9.95299E-05 -9.09962E-05 
-1.10801E-04 -9.68862E-05 
-1.23676E-04 -1.03234E-04 
-1.38377E-04 -1.10036E-04 
-1.55152E-04 -1.17281E-04 
-1.74306E-04 -1.24959E-04 
-1.96299E-04 -1.33089E-04 
-2.22139E-04 -1.41823E-04 
-2.54762E-04 -1.51791E-04 
-3.02108E-04 -1.64725E-04 
-3.75801E-04 -1.82632E-04 
-4.72804E-04 -2.03246E-04 
-5.71331E-04 -2.20590E-04 
-4.69864E-05 -5.67312E-05 
-4.93233E-05 -5.86319E-05 
-5.33958E-05 -6.18443E-05 
-5.66556E-05 -6.43427E-05 
-6.02007E-05 -6.70814E-05 
-6.40948E-05 -7.00872E-05 
-6.84114E-05 -7.33849E-05 
-7.20939E-05 -7.61510E-05 
-7.32339E-05 -7.69967E-05 
-7.91076E-05 -8.12644E-05 
-8.58070E-05 -8.59375E-05 
-9.34739E-05 -9.10284E-05 
-1.02262E-04 -9.65429E-05 
-1.12861E-04 -1.01483E-04 
-1.25272E-04 -1.07737E-04 
-1.39405E-04 -1.14444E-04 
-1.55489E-04 -1.21591E-04 
-1.73779E-04 -1.29155E-04 
-1.94589E-04 -1.37115E-04 
-2.18396E-04 -1.45472E-04 
-2.46268E-04 -1.54358E-04 
-2.81345E-04 -1.64346E-04 
-3.32120E-04 -1.77026E-04 
-4.10937E-04 -1.94153E-04 
-5.14254E-04 -2.13399E-04 
-6.18539E-04 -2.29085E-04 
-5.41017E-05 -6.46292E-05 
-5.67460E-05 -6.67161E-05 
-6.14004E-05 -7.01723E-05 
-6.50776E-05 -7.29003E-05 
-6.90770E-05 -7.58944E-05 
-7.34697E-05 -7.91804E-05 
-7.83369E-05 -8.27816E-05 
-8.24858E-05 -8.57969E-05 
-8.37694E-05 -8.67176E-05 
-9.03762E-05 -9.13546E-05 
-9.78953E-05 -9.64126E-05 
-1.06477E-04 -1.01898E-04 
-1.16281E-04 -1.07811E-04 
-1.27902E-04 -1.12983E-04 
-1.41544E-04 -1.19600E-04 
-1.57030E-04 -1.26658E-04 
-1.74595E-04 -1.34134E-04 
-1.94500E-04 -1.41995E-04 
-2.17065E-04 -1.50202E-04 
-2.42785E-04 -1.58742E-04 
-2.72785E-04 -1.67712E-04 
-3.10413E-04 -1.77616E-04 
-3.64731E-04 -1.89842E-04 
-4.48800E-04 -2.05825E-04 
-5.58528E-04 -2.23207E-04 
-6.68571E-04 -2.36770E-04 
-6.23183E-05 -7.35009E-05 
-6.53049E-05 -7.57870E-05 
-7.06129E-05 -7.94741E-05 
-7.47533E-05 -8.24445E-05 
-7.92576E-05 -8.57084E-05 
-8.42048E-05 -8.92901E-05 
-8.96840E-05 -9.32104E-05 
-9.43508E-05 -9.64867E-05 
-9.57937E-05 -9.74857E-05 
-1.03212E-04 -1.02507E-04 
-1.11636E-04 -1.07962E-04 
-1.21222E-04 -1.13851E-04 
-1.32139E-04 -1.20165E-04 
-1.44853E-04 -1.25552E-04 
-1.59821E-04 -1.32526E-04 
-1.76758E-04 -1.39924E-04 
-1.95904E-04 -1.47710E-04 
-2.17523E-04 -1.55837E-04 
-2.41942E-04 -1.64251E-04 
-2.69668E-04 -1.72916E-04 
-3.01886E-04 -1.81894E-04 
-3.42153E-04 -1.91590E-04 
-4.00104E-04 -2.03132E-04 
-4.89513E-04 -2.17550E-04 
-6.05684E-04 -2.32507E-04 
-7.21421E-04 -2.43423E-04 
-7.18044E-05 -8.34290E-05 
-7.51702E-05 -8.59285E-05 
-8.12106E-05 -8.98220E-05 
-8.58626E-05 -9.30480E-05 
-9.09257E-05 -9.65966E-05 
-9.64870E-05 -1.00489E-04 
-1.02644E-04 -1.04744E-04 
-1.07883E-04 -1.08293E-04 
-1.09502E-04 -1.09373E-04 
-1.17816E-04 -1.14791E-04 
-1.27234E-04 -1.20652E-04 
-1.37921E-04 -1.26950E-04 
-1.50050E-04 -1.33666E-04 
-1.63929E-04 -1.39246E-04 
-1.80320E-04 -1.46568E-04 
-1.98807E-04 -1.54289E-04 
-2.19634E-04 -1.62359E-04 
-2.43068E-04 -1.70714E-04 
-2.69435E-04 -1.79284E-04 
-2.99258E-04 -1.88009E-04 
-3.33776E-04 -1.96904E-04 
-3.76755E-04 -2.06249E-04 
-4.38403E-04 -2.16843E-04 
-5.33187E-04 -2.29216E-04 
-6.55763E-04 -2.41109E-04 
-7.77053E-04 -2.48795E-04 
-8.27446E-05 -9.45009E-05 
-8.65287E-05 -9.72293E-05 
-9.33873E-05 -1.01290E-04 
-9.86019E-05 -1.04786E-04 
-1.04281E-04 -1.08634E-04 
-1.10520E-04 -1.12854E-04 
-1.17424E-04 -1.17457E-04 
-1.23295E-04 -1.21288E-04 
-1.25108E-04 -1.22453E-04 
-1.34406E-04 -1.28279E-04 
-1.44913E-04 -1.34554E-04 
-1.56800E-04 -1.41261E-04 
-1.70245E-04 -1.48374E-04 
-1.85361E-04 -1.54122E-04 
-2.03272E-04 -1.61778E-04 
-2.23411E-04 -1.69798E-04 
-2.46019E-04 -1.78117E-04 
-2.71364E-04 -1.86655E-04 
-2.99771E-04 -1.95321E-04 
-3.31774E-04 -2.04027E-04 
-3.68664E-04 -2.12734E-04 
-4.14413E-04 -2.21567E-04 
-4.79790E-04 -2.30909E-04 
-5.79925E-04 -2.40688E-04 
-7.08782E-04 -2.48798E-04 
-8.35395E-04 -2.52606E-04 
-9.53423E-05 -1.06807E-04 
-9.95862E-05 -1.09782E-04 
-1.07355E-04 -1.13953E-04 
-1.13186E-04 -1.17733E-04 
-1.19541E-04 -1.21897E-04 
-1.26526E-04 -1.26458E-04 
-1.34252E-04 -1.31425E-04 
-1.40816E-04 -1.35547E-04 
-1.42841E-04 -1.36798E-04 
-1.53217E-04 -1.43041E-04 
-1.64912E-04 -1.49733E-04 
-1.78103E-04 -1.56848E-04 
-1.92970E-04 -1.64349E-04 
-2.09392E-04 -1.70232E-04 
-2.28926E-04 -1.78202E-04 
-2.50817E-04 -1.86490E-04 
-2.75305E-04 -1.95017E-04 
-3.02655E-04 -2.03682E-04 
-3.33190E-04 -2.12373E-04 
-3.67448E-04 -2.20970E-04 
-4.06769E-04 -2.29368E-04 
-4.55324E-04 -2.37503E-04 
-5.24424E-04 -2.45249E-04 
-6.29815E-04 -2.51814E-04 
-7.64729E-04 -2.55330E-04 
-8.96336E-04 -2.54545E-04 
-1.09822E-04 -1.20439E-04 
-1.14569E-04 -1.23679E-04 
-1.23344E-04 -1.27882E-04 
-1.29848E-04 -1.31962E-04 
-1.36945E-04 -1.36458E-04 
-1.44746E-04 -1.41376E-04 
-1.53373E-04 -1.46718E-04 
-1.60695E-04 -1.51140E-04 
-1.62953E-04 -1.52479E-04 
-1.74504E-04 -1.59145E-04 
-1.87491E-04 -1.66254E-04 
-2.02093E-04 -1.73770E-04 
-2.18491E-04 -1.81644E-04 
-2.36286E-04 -1.87624E-04 
-2.57543E-04 -1.95882E-04 
-2.81286E-04 -2.04401E-04 
-3.07752E-04 -2.13083E-04 
-3.37197E-04 -2.21808E-04 
-3.69939E-04 -2.30441E-04 
-4.06517E-04 -2.38826E-04 
-4.48315E-04 -2.46778E-04 
-4.99689E-04 -2.54003E-04 
-5.72460E-04 -2.59763E-04 
-6.82927E-04 -2.62415E-04 
-8.23557E-04 -2.60434E-04 
-9.59711E-04 -2.54270E-04 
-1.26431E-04 -1.35486E-04 
-1.31729E-04 -1.39015E-04 
-1.41610E-04 -1.43145E-04 
-1.48846E-04 -1.47543E-04 
-1.56751E-04 -1.52386E-04 
-1.65444E-04 -1.57675E-04 
-1.75054E-04 -1.63405E-04 
-1.83203E-04 -1.68133E-04 
-1.85714E-04 -1.69562E-04 
-1.98543E-04 -1.76653E-04 
-2.12929E-04 -1.84175E-04 
-2.29052E-04 -1.92080E-04 
-2.47091E-04 -2.00306E-04 
-2.66323E-04 -2.06340E-04 
-2.89404E-04 -2.14852E-04 
-3.15097E-04 -2.23555E-04 
-3.43633E-04 -2.32330E-04 
-3.75258E-04 -2.41038E-04 
-4.10278E-04 -2.49516E-04 
-4.49229E-04 -2.57568E-04 
-4.93529E-04 -2.64920E-04 
-5.47706E-04 -2.70999E-04 
-6.24043E-04 -2.74335E-04 
-7.39308E-04 -2.72289E-04 
-8.85178E-04 -2.63808E-04 
-1.02530E-03 -2.51410E-04 
-1.45444E-04 -1.52035E-04 
-1.51341E-04 -1.55876E-04 
-1.62428E-04 -1.59801E-04 
-1.70459E-04 -1.64534E-04 
-1.79243E-04 -1.69742E-04 
-1.88907E-04 -1.75418E-04 
-1.99587E-04 -1.81546E-04 
-2.08634E-04 -1.86585E-04 
-2.11420E-04 -1.88104E-04 
-2.25632E-04 -1.95620E-04 
-2.41526E-04 -2.03547E-04 
-2.59282E-04 -2.11823E-04 
-2.79074E-04 -2.20374E-04 
-2.99798E-04 -2.26414E-04 
-3.24802E-04 -2.35137E-04 
-3.52542E-04 -2.43967E-04 
-3.83236E-04 -2.52762E-04 
-4.17117E-04 -2.61361E-04 
-4.54475E-04 -2.69573E-04 
-4.95836E-04 -2.77158E-04 
-5.42644E-04 -2.83733E-04 
-5.99574E-04 -2.88403E-04 
-6.79308E-04 -2.88825E-04 
-7.98979E-04 -2.81207E-04 
-9.49455E-04 -2.65120E-04 
-1.09282E-03 -2.45564E-04 
-1.67161E-04 -1.70161E-04 
-1.73711E-04 -1.74343E-04 
-1.86101E-04 -1.77894E-04 
-1.94990E-04 -1.82985E-04 
-2.04726E-04 -1.88577E-04 
-2.15445E-04 -1.94653E-04 
-2.27284E-04 -2.01190E-04 
-2.37304E-04 -2.06542E-04 
-2.40385E-04 -2.08153E-04 
-2.56089E-04 -2.16090E-04 
-2.73604E-04 -2.24408E-04 
-2.93104E-04 -2.33033E-04 
-3.14760E-04 -2.41873E-04 
-3.37024E-04 -2.47866E-04 
-3.64050E-04 -2.56749E-04 
-3.93928E-04 -2.65637E-04 
-4.26862E-04 -2.74367E-04 
-4.63065E-04 -2.82751E-04 
-5.02806E-04 -2.90570E-04 
-5.46595E-04 -2.97534E-04 
-5.95893E-04 -3.03139E-04 
-6.55486E-04 -3.06103E-04 
-7.38376E-04 -3.03069E-04 
-8.61924E-04 -2.88916E-04 
-1.01619E-03 -2.64012E-04 
-1.16190E-03 -2.36308E-04 
-1.91916E-04 -1.89928E-04 
-1.99174E-04 -1.94483E-04 
-2.12954E-04 -1.97456E-04 
-2.22768E-04 -2.02929E-04 
-2.33535E-04 -2.08926E-04 
-2.45392E-04 -2.15418E-04 
-2.58484E-04 -2.22372E-04 
-2.69551E-04 -2.28041E-04 
-2.72952E-04 -2.29742E-04 
-2.90258E-04 -2.38093E-04 
-3.09505E-04 -2.46786E-04 
-3.30861E-04 -2.55729E-04 
-3.54489E-04 -2.64818E-04 
-3.78333E-04 -2.70705E-04 
-4.07475E-04 -2.79687E-04 
-4.39576E-04 -2.88552E-04 
-4.74822E-04 -2.97115E-04 
-5.13402E-04 -3.05162E-04 
-5.55556E-04 -3.12444E-04 
-6.01773E-04 -3.18617E-04 
-6.53509E-04 -3.23034E-04 
-7.15631E-04 -3.23969E-04 
-8.01350E-04 -3.16879E-04 
-9.28092E-04 -2.95133E-04 
-1.08513E-03 -2.60098E-04 
-1.23210E-03 -2.23196E-04 
-2.20067E-04 -2.11380E-04 
-2.28092E-04 -2.16345E-04 
-2.43337E-04 -2.18495E-04 
-2.54144E-04 -2.24380E-04 
-2.66019E-04 -2.30805E-04 
-2.79103E-04 -2.37731E-04 
-2.93542E-04 -2.45111E-04 
-3.05734E-04 -2.51097E-04 
-3.09477E-04 -2.52888E-04 
-3.28497E-04 -2.61643E-04 
-3.49587E-04 -2.70687E-04 
-3.72910E-04 -2.79914E-04 
-3.98615E-04 -2.89202E-04 
-4.24067E-04 -2.94922E-04 
-4.55414E-04 -3.03928E-04 
-4.89817E-04 -3.12675E-04 
-5.27437E-04 -3.20953E-04 
-5.68432E-04 -3.28525E-04 
-6.13011E-04 -3.35106E-04 
-6.61628E-04 -3.40296E-04 
-7.15721E-04 -3.43287E-04 
-7.80184E-04 -3.41836E-04 
-8.68305E-04 -3.30037E-04 
-9.97380E-04 -2.99548E-04 
-1.15593E-03 -2.52973E-04 
-1.30286E-03 -2.05771E-04 
-2.52005E-04 -2.34538E-04 
-2.60861E-04 -2.39957E-04 
-2.77618E-04 -2.40998E-04 
-2.89490E-04 -2.47329E-04 
-3.02554E-04 -2.54210E-04 
-3.16955E-04 -2.61589E-04 
-3.32837E-04 -2.69405E-04 
-3.46231E-04 -2.75710E-04 
-3.50340E-04 -2.77589E-04 
-3.71183E-04 -2.86734E-04 
-3.94228E-04 -2.96103E-04 
-4.19624E-04 -3.05570E-04 
-4.47506E-04 -3.15000E-04 
-4.74581E-04 -3.20488E-04 
-5.08218E-04 -3.29429E-04 
-5.44993E-04 -3.37945E-04 
-5.85036E-04 -3.45803E-04 
-6.28469E-04 -3.52740E-04 
-6.75461E-04 -3.58438E-04 
-7.26421E-04 -3.62433E-04 
-7.82750E-04 -3.63736E-04 
-8.49307E-04 -3.59512E-04 
-9.39293E-04 -3.42297E-04 
-1.06963E-03 -3.01826E-04 
-1.22817E-03 -2.42212E-04 
-1.37352E-03 -1.83573E-04 
-2.88147E-04 -2.59397E-04 
-2.97902E-04 -2.65318E-04 
-3.16185E-04 -2.64923E-04 
-3.29193E-04 -2.71744E-04 
-3.43529E-04 -2.79114E-04 
-3.59338E-04 -2.86968E-04 
-3.76761E-04 -2.95232E-04 
-3.91435E-04 -3.01854E-04 
-3.95933E-04 -3.03821E-04 
-4.18711E-04 -3.13340E-04 
-4.43818E-04 -3.23000E-04 
-4.71390E-04 -3.32658E-04 
-5.01543E-04 -3.42160E-04 
-5.30242E-04 -3.47351E-04 
-5.66246E-04 -3.56120E-04 
-6.05451E-04 -3.64275E-04 
-6.47951E-04 -3.71556E-04 
-6.93825E-04 -3.77677E-04 
-7.43193E-04 -3.82286E-04 
-7.96410E-04 -3.84851E-04 
-8.54810E-04 -3.84180E-04 
-9.23144E-04 -3.76766E-04 
-1.01433E-03 -3.53376E-04 
-1.14464E-03 -3.01607E-04 
-1.30133E-03 -2.27380E-04 
-1.44331E-03 -1.56148E-04 
-3.28933E-04 -2.85914E-04 
-3.39659E-04 -2.92395E-04 
-3.59434E-04 -2.90202E-04 
-3.73652E-04 -2.97565E-04 
-3.89345E-04 -3.05464E-04 
-4.06655E-04 -3.13820E-04 
-4.25717E-04 -3.22543E-04 
-4.41750E-04 -3.29483E-04 
-4.46659E-04 -3.31536E-04 
-4.71480E-04 -3.41408E-04 
-4.98756E-04 -3.51320E-04 
-5.28603E-04 -3.61109E-04 
-5.61116E-04 -3.70602E-04 
-5.91423E-04 -3.75430E-04 
-6.29862E-04 -3.83900E-04 
-6.71544E-04 -3.91538E-04 
-7.16518E-04 -3.98062E-04 
-7.64814E-04 -4.03160E-04 
-8.16492E-04 -4.06450E-04 
-8.71840E-04 -4.07328E-04 
-9.32097E-04 -4.04373E-04 
-1.00182E-03 -3.93323E-04 
-1.09339E-03 -3.62955E-04 
-1.22211E-03 -2.98505E-04 
-1.37480E-03 -2.08041E-04 
-1.51132E-03 -1.23066E-04 
-3.74820E-04 -3.14008E-04 
-3.86599E-04 -3.21114E-04 
-4.07764E-04 -3.16735E-04 
-4.23270E-04 -3.24703E-04 
-4.40407E-04 -3.33179E-04 
-4.59312E-04 -3.42068E-04 
-4.80113E-04 -3.51265E-04 
-4.97583E-04 -3.58521E-04 
-5.02926E-04 -3.60656E-04 
-5.29899E-04 -3.70857E-04 
-5.59446E-04 -3.80972E-04 
-5.91662E-04 -3.90821E-04 
-6.26615E-04 -4.00209E-04 
-6.58501E-04 -4.04607E-04 
-6.99436E-04 -4.12626E-04 
-7.43627E-04 -4.19564E-04 
-7.91071E-04 -4.25122E-04 
-8.41741E-04 -4.28964E-04 
-8.95631E-04 -4.30679E-04 
-9.52944E-04 -4.29586E-04 
-1.01479E-03 -4.24018E-04 
-1.08542E-03 -4.08861E-04 
-1.17641E-03 -3.70674E-04 
-1.30168E-03 -2.92114E-04 
-1.44784E-03 -1.83769E-04 
-1.57651E-03 -8.39410E-05 
-4.27121E-04 -3.44025E-04 
-4.40057E-04 -3.51840E-04 
-4.62445E-04 -3.44834E-04 
-4.79341E-04 -3.53492E-04 
-4.98039E-04 -3.62610E-04 
-5.18665E-04 -3.72077E-04 
-5.41336E-04 -3.81771E-04 
-5.60346E-04 -3.89344E-04 
-5.66154E-04 -3.91560E-04 
-5.95422E-04 -4.02060E-04 
-6.27380E-04 -4.12320E-04 
-6.62094E-04 -4.22138E-04 
-6.99602E-04 -4.31302E-04 
-7.33045E-04 -4.35192E-04 
-7.76564E-04 -4.42564E-04 
-8.23318E-04 -4.48574E-04 
-8.73245E-04 -4.52903E-04 
-9.26249E-04 -4.55200E-04 
-9.82244E-04 -4.55022E-04 
-1.04133E-03 -4.51615E-04 
-1.10446E-03 -4.43030E-04 
-1.17542E-03 -4.23200E-04 
-1.26463E-03 -3.76191E-04 
-1.38418E-03 -2.81820E-04 
-1.52069E-03 -1.53656E-04 
-1.63861E-03 -3.76892E-05 
-4.84682E-04 -3.74859E-04 
-4.98858E-04 -3.83454E-04 
-5.22152E-04 -3.73475E-04 
-5.40506E-04 -3.82899E-04 
-5.60838E-04 -3.92713E-04 
-5.83262E-04 -4.02786E-04 
-6.07882E-04 -4.12980E-04 
-6.28492E-04 -4.20856E-04 
-6.34781E-04 -4.23146E-04 
-6.66419E-04 -4.33895E-04 
-7.00851E-04 -4.44219E-04 
-7.38112E-04 -4.53896E-04 
-7.78205E-04 -4.62694E-04 
-8.13119E-04 -4.66012E-04 
-8.59221E-04 -4.72525E-04 
-9.08494E-04 -4.77366E-04 
-9.60812E-04 -4.80205E-04 
-1.01600E-03 -4.80678E-04 
-1.07389E-03 -4.78322E-04 
-1.13446E-03 -4.72301E-04 
-1.19844E-03 -4.60373E-04 
-1.26905E-03 -4.35437E-04 
-1.35515E-03 -3.78872E-04 
-1.46651E-03 -2.67502E-04 
-1.59011E-03 -1.18269E-04 
-1.69436E-03 1.44887E-05 
-5.48734E-04 -4.06752E-04 
-5.64260E-04 -4.16212E-04 
-5.88033E-04 -4.02925E-04 
-6.07946E-04 -4.13210E-04 
-6.30021E-04 -4.23784E-04 
-6.54358E-04 -4.34499E-04 
-6.81041E-04 -4.45197E-04 
-7.03339E-04 -4.53359E-04 
-7.10135E-04 -4.55713E-04 
-7.44259E-04 -4.66644E-04 
-7.81269E-04 -4.76928E-04 
-8.21165E-04 -4.86323E-04 
-8.63906E-04 -4.94579E-04 
-9.00222E-04 -4.97245E-04 
-9.48929E-04 -5.02630E-04 
-1.00070E-03 -5.06005E-04 
-1.05532E-03 -5.07033E-04 
-1.11255E-03 -5.05345E-04 
-1.17211E-03 -5.00463E-04 
-1.23384E-03 -4.91474E-04 
-1.29819E-03 -4.75818E-04 
-1.36765E-03 -4.45272E-04 
-1.44907E-03 -3.78305E-04 
-1.54931E-03 -2.48581E-04 
-1.65615E-03 -7.68719E-05 
-1.74328E-03 7.33844E-05 
-6.19697E-04 -4.39434E-04 
-6.36706E-04 -4.49847E-04 
-6.60370E-04 -4.33006E-04 
-6.81960E-04 -4.44252E-04 
-7.05905E-04 -4.55649E-04 
-7.32285E-04 -4.67031E-04 
-7.61161E-04 -4.78221E-04 
-7.85244E-04 -4.86632E-04 
-7.92575E-04 -4.89036E-04 
-8.29310E-04 -5.00052E-04 
-8.69009E-04 -5.10155E-04 
-9.11628E-04 -5.19084E-04 
-9.57081E-04 -5.26572E-04 
-9.94720E-04 -5.28494E-04 
-1.04604E-03 -5.32427E-04 
-1.10025E-03 -5.33986E-04 
-1.15707E-03 -5.32834E-04 
-1.21614E-03 -5.28609E-04 
-1.27708E-03 -5.20823E-04 
-1.33958E-03 -5.08490E-04 
-1.40376E-03 -4.88716E-04 
-1.47114E-03 -4.52069E-04 
-1.54607E-03 -3.73908E-04 
-1.63186E-03 -2.24606E-04 
-1.71756E-03 -2.92420E-05 
-1.78378E-03 1.38959E-04 
-6.97949E-04 -4.72593E-04 
-7.16595E-04 -4.84039E-04 
-7.39381E-04 -4.63546E-04 
-7.62795E-04 -4.75844E-04 
-7.88762E-04 -4.88113E-04 
-8.17338E-04 -5.00165E-04 
-8.48558E-04 -5.11806E-04 
-8.74539E-04 -5.20401E-04 
-8.82436E-04 -5.22831E-04 
-9.21925E-04 -5.33789E-04 
-9.64434E-04 -5.43516E-04 
-1.00987E-03 -5.51737E-04 
-1.05810E-03 -5.58174E-04 
-1.09698E-03 -5.59236E-04 
-1.15090E-03 -5.61330E-04 
-1.20748E-03 -5.60662E-04 
-1.26633E-03 -5.56911E-04 
-1.32699E-03 -5.49729E-04 
-1.38898E-03 -5.38632E-04 
-1.45178E-03 -5.22566E-04 
-1.51513E-03 -4.98285E-04 
-1.57939E-03 -4.55078E-04 
-1.64576E-03 -3.65023E-04 
-1.71331E-03 -1.95130E-04 
-1.77300E-03 2.47417E-05 
-1.81413E-03 2.10989E-04 
-7.83939E-04 -5.05921E-04 
-8.04415E-04 -5.18463E-04 
-8.25344E-04 -4.94431E-04 
-8.50772E-04 -5.07852E-04 
-8.78954E-04 -5.21009E-04 
-9.09917E-04 -5.33695E-04 
-9.43668E-04 -5.45695E-04 
-9.71682E-04 -5.54370E-04 
-9.80184E-04 -5.56789E-04 
-1.02260E-03 -5.67476E-04 
-1.06806E-03 -5.76560E-04 
-1.11642E-03 -5.83753E-04 
-1.16748E-03 -5.88774E-04 
-1.20753E-03 -5.88825E-04 
-1.26402E-03 -5.88613E-04 
-1.32284E-03 -5.85238E-04 
-1.38352E-03 -5.78407E-04 
-1.44548E-03 -5.67803E-04 
-1.50809E-03 -5.52958E-04 
-1.57066E-03 -5.32756E-04 
-1.63243E-03 -5.03591E-04 
-1.69234E-03 -4.53411E-04 
-1.74782E-03 -3.50887E-04 
-1.79286E-03 -1.59662E-04 
-1.82106E-03 8.51651E-05 
-1.83252E-03 2.89149E-04 
-8.77738E-04 -5.38960E-04 
-9.00277E-04 -5.52621E-04 
-9.18157E-04 -5.25457E-04 
-9.45841E-04 -5.40022E-04 
-9.76478E-04 -5.54025E-04 
-1.01006E-03 -5.67239E-04 
-1.04657E-03 -5.79433E-04 
-1.07677E-03 -5.88017E-04 
-1.08593E-03 -5.90369E-04 
-1.13145E-03 -6.00480E-04 
-1.18003E-03 -6.08556E-04 
-1.23143E-03 -6.14307E-04 
-1.28538E-03 -6.17454E-04 
-1.32653E-03 -6.16297E-04 
-1.38551E-03 -6.13230E-04 
-1.44641E-03 -6.06603E-04 
-1.50864E-03 -5.96164E-04 
-1.57151E-03 -5.81644E-04 
-1.63426E-03 -5.62604E-04 
-1.69595E-03 -5.37878E-04 
-1.75529E-03 -5.03493E-04 
-1.80950E-03 -4.46027E-04 
-1.85148E-03 -3.30688E-04 
-1.86929E-03 -1.17847E-04 
-1.86007E-03 1.51749E-04 
-1.83701E-03 3.72584E-04 
-9.79432E-04 -5.71267E-04 
-1.00432E-03 -5.86008E-04 
-1.01775E-03 -5.56486E-04 
-1.04800E-03 -5.72132E-04 
-1.08140E-03 -5.86846E-04 
-1.11790E-03 -6.00382E-04 
-1.15743E-03 -6.12495E-04 
-1.19003E-03 -6.20733E-04 
-1.19988E-03 -6.22936E-04 
-1.24876E-03 -6.32042E-04 
-1.30062E-03 -6.38623E-04 
-1.35517E-03 -6.42397E-04 
-1.41206E-03 -6.43103E-04 
-1.45426E-03 -6.40471E-04 
-1.51561E-03 -6.33917E-04 
-1.57836E-03 -6.23424E-04 
-1.64179E-03 -6.08802E-04 
-1.70512E-03 -5.89846E-04 
-1.76740E-03 -5.66165E-04 
-1.82748E-03 -5.36554E-04 
-1.88341E-03 -4.96679E-04 
-1.93042E-03 -4.31740E-04 
-1.95602E-03 -3.03518E-04 
-1.94146E-03 -6.93304E-05 
-1.88840E-03 2.24105E-04 
-1.82572E-03 4.60257E-04 
-1.08892E-03 -6.02345E-04 
-1.11651E-03 -6.18028E-04 
-1.12392E-03 -5.87357E-04 
-1.15714E-03 -6.03892E-04 
-1.19368E-03 -6.19044E-04 
-1.23346E-03 -6.32554E-04 
-1.27635E-03 -6.44166E-04 
-1.31157E-03 -6.51688E-04 
-1.32218E-03 -6.53628E-04 
-1.37466E-03 -6.61145E-04 
-1.43001E-03 -6.65595E-04 
-1.48784E-03 -6.66719E-04 
-1.54769E-03 -6.64292E-04 
-1.59090E-03 -6.59835E-04 
-1.65443E-03 -6.49078E-04 
-1.71871E-03 -6.34050E-04 
-1.78291E-03 -6.14640E-04 
-1.84612E-03 -5.90728E-04 
-1.90724E-03 -5.61985E-04 
-1.96487E-03 -5.27182E-04 
-2.01632E-03 -4.81639E-04 
-2.05445E-03 -4.09215E-04 
-2.06058E-03 -2.68411E-04 
-2.00812E-03 -1.38455E-05 
-1.90444E-03 3.01588E-04 
-1.79688E-03 5.50764E-04 
-1.20611E-03 -6.31684E-04 
-1.23685E-03 -6.48031E-04 
-1.23652E-03 -6.17896E-04 
-1.27323E-03 -6.34945E-04 
-1.31341E-03 -6.50075E-04 
-1.35691E-03 -6.63019E-04 
-1.40355E-03 -6.73522E-04 
-1.44166E-03 -6.79816E-04 
-1.45311E-03 -6.81337E-04 
-1.50949E-03 -6.86490E-04 
-1.56852E-03 -6.87999E-04 
-1.62973E-03 -6.85645E-04 
-1.69255E-03 -6.79257E-04 
-1.73675E-03 -6.72523E-04 
-1.80217E-03 -6.56774E-04 
-1.86757E-03 -6.36496E-04 
-1.93199E-03 -6.11682E-04 
-1.99440E-03 -5.82310E-04 
-2.05356E-03 -5.48134E-04 
-2.10777E-03 -5.07912E-04 
-2.15353E-03 -4.56646E-04 
-2.18099E-03 -3.76936E-04 
-2.16429E-03 -2.24286E-04 
-2.06805E-03 4.88738E-05 
-1.90664E-03 3.83427E-04 
-1.74888E-03 6.42509E-04 
-1.33077E-03 -6.58684E-04 
-1.36520E-03 -6.75223E-04 
-1.35543E-03 -6.47793E-04 
-1.39625E-03 -6.64731E-04 
-1.44064E-03 -6.79131E-04 
-1.48839E-03 -6.90731E-04 
-1.53925E-03 -6.99284E-04 
-1.58055E-03 -7.03668E-04 
-1.59291E-03 -7.04567E-04 
-1.65350E-03 -7.06371E-04 
-1.71641E-03 -7.03939E-04 
-1.78106E-03 -6.97119E-04 
-1.84677E-03 -6.85819E-04 
-1.89194E-03 -6.76241E-04 
-1.95887E-03 -6.54667E-04 
-2.02484E-03 -6.28419E-04 
-2.08880E-03 -5.97611E-04 
-2.14959E-03 -5.62339E-04 
-2.20584E-03 -5.22450E-04 
-2.25555E-03 -4.76709E-04 
-2.29431E-03 -4.19834E-04 
-2.30918E-03 -3.33310E-04 
-2.26617E-03 -1.70080E-04 
-2.12006E-03 1.18921E-04 
-1.89372E-03 4.68521E-04 
-1.68058E-03 7.33493E-04 
-1.46227E-03 -6.82463E-04 
-1.50100E-03 -6.98478E-04 
-1.48022E-03 -6.76343E-04 
-1.52590E-03 -6.92241E-04 
-1.57518E-03 -7.04912E-04 
-1.62777E-03 -7.14110E-04 
-1.68334E-03 -7.19618E-04 
-1.72813E-03 -7.21229E-04 
-1.74149E-03 -7.21251E-04 
-1.80657E-03 -7.18502E-04 
-1.87350E-03 -7.10952E-04 
-1.94158E-03 -6.98540E-04 
-2.01001E-03 -6.81281E-04 
-2.05612E-03 -6.68185E-04 
-2.12402E-03 -6.39958E-04 
-2.18986E-03 -6.07065E-04 
-2.25252E-03 -5.69756E-04 
-2.31072E-03 -5.28259E-04 
-2.36299E-03 -4.82523E-04 
-2.40702E-03 -4.31334E-04 
-2.43737E-03 -3.69179E-04 
-2.43765E-03 -2.76637E-04 
-2.36474E-03 -1.04705E-04 
-2.16266E-03 1.96296E-04 
-1.86430E-03 5.55576E-04 
-1.59091E-03 8.21498E-04 
-1.60028E-03 -7.02039E-04 
-1.64405E-03 -7.16512E-04 
-1.61099E-03 -7.02547E-04 
-1.66238E-03 -7.16115E-04 
-1.71730E-03 -7.25720E-04 
-1.77536E-03 -7.31153E-04 
-1.83614E-03 -7.32248E-04 
-1.88473E-03 -7.30038E-04 
-1.89915E-03 -7.28881E-04 
-1.96896E-03 -7.20169E-04 
-2.03996E-03 -7.06166E-04 
-2.11132E-03 -6.86934E-04 
-2.18215E-03 -6.62617E-04 
-2.22915E-03 -6.45232E-04 
-2.29728E-03 -6.09589E-04 
-2.36212E-03 -5.69482E-04 
-2.42245E-03 -5.25308E-04 
-2.47695E-03 -4.77430E-04 
-2.52403E-03 -4.25907E-04 
-2.56107E-03 -3.69557E-04 
-2.58153E-03 -3.02706E-04 
-2.56519E-03 -2.05302E-04 
-2.45882E-03 -2.71971E-05 
-2.19481E-03 2.80839E-04 
-1.81773E-03 6.43133E-04 
-1.47977E-03 9.04204E-04 
-1.74458E-03 -7.15986E-04 
-1.79418E-03 -7.27566E-04 
-1.74813E-03 -7.24698E-04 
-1.80614E-03 -7.34261E-04 
-1.86745E-03 -7.39119E-04 
-1.93160E-03 -7.39126E-04 
-1.99804E-03 -7.34191E-04 
-2.05065E-03 -7.26955E-04 
-2.06618E-03 -7.24277E-04 
-2.14080E-03 -7.08039E-04 
-2.21575E-03 -6.86162E-04 
-2.29008E-03 -6.58853E-04 
-2.36280E-03 -6.26411E-04 
-2.41052E-03 -6.03914E-04 
-2.47793E-03 -5.60246E-04 
-2.54066E-03 -5.12547E-04 
-2.59747E-03 -4.61364E-04 
-2.64698E-03 -4.07195E-04 
-2.68752E-03 -3.50200E-04 
-2.71618E-03 -2.89246E-04 
-2.72523E-03 -2.18577E-04 
-2.69025E-03 -1.17859E-04 
-2.54702E-03 6.32124E-05 
-2.21554E-03 3.72198E-04 
-1.75374E-03 7.29603E-04 
-1.34769E-03 9.79265E-04 
-1.89473E-03 -7.22326E-04 
-1.95099E-03 -7.29316E-04 
-1.89201E-03 -7.40218E-04 
-1.95754E-03 -7.43736E-04 
-2.02598E-03 -7.41861E-04 
-2.09672E-03 -7.34537E-04 
-2.16914E-03 -7.21773E-04 
-2.22587E-03 -7.08210E-04 
-2.24252E-03 -7.03646E-04 
-2.32185E-03 -6.78266E-04 
-2.40041E-03 -6.47107E-04 
-2.47715E-03 -6.10545E-04 
-2.55098E-03 -5.69051E-04 
-2.59916E-03 -5.40639E-04 
-2.66464E-03 -4.88592E-04 
-2.72395E-03 -4.33210E-04 
-2.77583E-03 -3.75179E-04 
-2.81891E-03 -3.15121E-04 
-2.85147E-03 -2.53286E-04 
-2.87030E-03 -1.88594E-04 
-2.86641E-03 -1.15309E-04 
-2.81086E-03 -1.32316E-05 
-2.62769E-03 1.66946E-04 
-2.22386E-03 4.69762E-04 
-1.67235E-03 8.13301E-04 
-1.19572E-03 1.04443E-03 
-2.05102E-03 -7.18355E-04 
-2.11471E-03 -7.18752E-04 
-2.04384E-03 -7.45472E-04 
-2.11766E-03 -7.40623E-04 
-2.19376E-03 -7.29818E-04 
-2.27143E-03 -7.13121E-04 
-2.34991E-03 -6.90668E-04 
-2.41067E-03 -6.69479E-04 
-2.42838E-03 -6.62674E-04 
-2.51200E-03 -6.26621E-04 
-2.59350E-03 -5.84932E-04 
-2.67176E-03 -5.38165E-04 
-2.74561E-03 -4.86969E-04 
-2.79377E-03 -4.51960E-04 
-2.85584E-03 -3.91554E-04 
-2.91017E-03 -3.28782E-04 
-2.95553E-03 -2.64456E-04 
-2.99059E-03 -1.99293E-04 
-3.01362E-03 -1.33616E-04 
-3.02113E-03 -6.64020E-05 
-3.00282E-03 7.95455E-06 
-2.92496E-03 1.09045E-04 
-2.69917E-03 2.83890E-04 
-2.21908E-03 5.72570E-04 
-1.57424E-03 8.92471E-04 
-1.02575E-03 1.09763E-03 
-2.21411E-03 -7.00543E-04 
-2.28587E-03 -6.92115E-04 
-2.20521E-03 -7.35748E-04 
-2.28787E-03 -7.20054E-04 
-2.37190E-03 -6.98054E-04 
-2.45649E-03 -6.69955E-04 
-2.54076E-03 -6.36045E-04 
-2.60518E-03 -6.06052E-04 
-2.62381E-03 -5.96696E-04 
-2.71091E-03 -5.48691E-04 
-2.79430E-03 -4.95541E-04 
-2.87280E-03 -4.37990E-04 
-2.94523E-03 -3.76852E-04 
-2.99264E-03 -3.34801E-04 
-3.04954E-03 -2.66525E-04 
-3.09710E-03 -1.97128E-04 
-3.13416E-03 -1.27514E-04 
-3.15949E-03 -5.84623E-05 
-3.17139E-03 9.66020E-06 
-3.16609E-03 7.78186E-05 
-3.13194E-03 1.51364E-04 
-3.03020E-03 2.48758E-04 
-2.75966E-03 4.13350E-04 
-2.20046E-03 6.79305E-04 
-1.46010E-03 9.65306E-04 
-8.39771E-04 1.13699E-03 
-2.38418E-03 -6.64675E-04 
-2.46436E-03 -6.45196E-04 
-2.37713E-03 -7.05506E-04 
-2.46869E-03 -6.76640E-04 
-2.56046E-03 -6.41415E-04 
-2.65148E-03 -6.00202E-04 
-2.74081E-03 -5.53456E-04 
-2.80813E-03 -5.13825E-04 
-2.82744E-03 -5.01711E-04 
-2.91671E-03 -4.41016E-04 
-3.00046E-03 -3.76059E-04 
-3.07751E-03 -3.07751E-04 
-3.14671E-03 -2.37054E-04 
-3.19232E-03 -1.87936E-04 
-3.24207E-03 -1.12890E-04 
-3.28090E-03 -3.82081E-05 
-3.30780E-03 3.51564E-05 
-3.32167E-03 1.06403E-04 
-3.32086E-03 1.75158E-04 
-3.30138E-03 2.42326E-04 
-3.25018E-03 3.12875E-04 
-3.12343E-03 4.03599E-04 
-2.80687E-03 5.52774E-04 
-2.16743E-03 7.87275E-04 
-1.33154E-03 1.02927E-03 
-6.41097E-04 1.16043E-03 
-2.56313E-03 -6.05636E-04 
-2.65166E-03 -5.73018E-04 
-2.56196E-03 -6.48457E-04 
-2.66199E-03 -6.04405E-04 
-2.76073E-03 -5.54315E-04 
-2.85716E-03 -4.98734E-04 
-2.95025E-03 -4.38283E-04 
-3.01933E-03 -3.88607E-04 
-3.03897E-03 -3.73659E-04 
-3.12856E-03 -3.00170E-04 
-3.21066E-03 -2.23715E-04 
-3.28413E-03 -1.45341E-04 
-3.34789E-03 -6.61173E-05 
-3.39034E-03 -1.03929E-05 
-3.43069E-03 6.97244E-05 
-3.45866E-03 1.47799E-04 
-3.47342E-03 2.22877E-04 
-3.47403E-03 2.94187E-04 
-3.45895E-03 3.61385E-04 
-3.42397E-03 4.25312E-04 
-3.35463E-03 4.90418E-04 
-3.20196E-03 5.71278E-04 
-2.83868E-03 6.99704E-04 
-2.11890E-03 8.93987E-04 
-1.18886E-03 1.08209E-03 
-4.31082E-04 1.16616E-03 
-2.75190E-03 -5.18195E-04 
-2.84817E-03 -4.70810E-04 
-2.76075E-03 -5.58481E-04 
-2.86808E-03 -4.97903E-04 
-2.97236E-03 -4.32039E-04 
-3.07250E-03 -3.61606E-04 
-3.16744E-03 -2.87384E-04 
-3.23667E-03 -2.27884E-04 
-3.25614E-03 -2.10210E-04 
-3.34366E-03 -1.24702E-04 
-3.42161E-03 -3.79157E-05 
-3.48895E-03 4.90111E-05 
-3.54475E-03 1.34953E-04 
-3.58233E-03 1.96198E-04 
-3.61090E-03 2.79045E-04 
-3.62583E-03 3.58052E-04 
-3.62646E-03 4.32321E-04 
-3.61211E-03 5.01158E-04 
-3.58133E-03 5.64286E-04 
-3.52970E-03 6.22479E-04 
-3.44139E-03 6.79527E-04 
-3.26230E-03 7.47254E-04 
-2.85242E-03 8.49693E-04 
-2.05372E-03 9.95432E-04 
-1.03269E-03 1.12058E-03 
-2.11694E-04 1.15186E-03 
-2.95144E-03 -3.97416E-04 
-3.05414E-03 -3.34362E-04 
-2.97397E-03 -4.30304E-04 
-3.08664E-03 -3.52797E-04 
-3.19426E-03 -2.71209E-04 
-3.29572E-03 -1.86410E-04 
-3.38996E-03 -9.93112E-05 
-3.45730E-03 -3.09403E-05 
-3.47599E-03 -1.08601E-05 
-3.55850E-03 8.49212E-05 
-3.62937E-03 1.79955E-04 
-3.68770E-03 2.73074E-04 
-3.73278E-03 3.63159E-04 
-3.76345E-03 4.28179E-04 
-3.77784E-03 5.10842E-04 
-3.77754E-03 5.87840E-04 
-3.76219E-03 6.58388E-04 
-3.73129E-03 7.21917E-04 
-3.68357E-03 7.78248E-04 
-3.61439E-03 8.28076E-04 
-3.50655E-03 8.74396E-04 
-3.30096E-03 9.25770E-04 
-2.84532E-03 9.97254E-04 
-1.97040E-03 1.08682E-03 
-8.63076E-04 1.14103E-03 
1.59576E-05 1.11491E-03 
-3.16201E-03 -2.39819E-04 
-3.26904E-03 -1.61110E-04 
-3.20084E-03 -2.60653E-04 
-3.31606E-03 -1.66909E-04 
-3.42405E-03 -7.07312E-05 
-3.52374E-03 2.68925E-05 
-3.61414E-03 1.24960E-04 
-3.67712E-03 2.00501E-04 
-3.69433E-03 2.22458E-04 
-3.76846E-03 3.25805E-04 
-3.82896E-03 4.26130E-04 
-3.87518E-03 5.22304E-04 
-3.90664E-03 6.13286E-04 
-3.92816E-03 6.79718E-04 
-3.92603E-03 7.58844E-04 
-3.90850E-03 8.30556E-04 
-3.87547E-03 8.94229E-04 
-3.82672E-03 9.49465E-04 
-3.76109E-03 9.96207E-04 
-3.67376E-03 1.03505E-03 
-3.54617E-03 1.06806E-03 
-3.31444E-03 1.10006E-03 
-2.81461E-03 1.13608E-03 
-1.86736E-03 1.16280E-03 
-6.79762E-04 1.13944E-03 
2.51240E-04 1.05254E-03 
-3.38193E-03 -4.32594E-05 
-3.49046E-03 4.99177E-05 
-3.43839E-03 -4.83955E-05 
-3.55264E-03 5.96087E-05 
-3.65741E-03 1.68023E-04 
-3.75172E-03 2.75788E-04 
-3.83468E-03 3.81859E-04 
-3.89060E-03 4.62122E-04 
-3.90554E-03 4.85218E-04 
-3.96767E-03 5.92508E-04 
-4.01441E-03 6.94381E-04 
-4.04538E-03 7.89817E-04 
-4.06038E-03 8.77921E-04 
-4.07046E-03 9.42884E-04 
-4.04970E-03 1.01486E-03 
-4.01321E-03 1.07786E-03 
-3.96117E-03 1.13145E-03 
-3.89361E-03 1.17545E-03 
-3.80949E-03 1.20992E-03 
-3.70379E-03 1.23533E-03 
-3.55665E-03 1.25268E-03 
-3.29961E-03 1.26265E-03 
-2.75784E-03 1.25936E-03 
-1.74316E-03 1.21774E-03 
-4.82458E-04 1.11177E-03 
4.93703E-04 9.62068E-04 
-3.60814E-03 1.91970E-04 
-3.71464E-03 2.97189E-04 
-3.68187E-03 2.04593E-04 
-3.79102E-03 3.23608E-04 
-3.88849E-03 4.40731E-04 
-3.97343E-03 5.54887E-04 
-4.04512E-03 6.65055E-04 
-4.09113E-03 7.46944E-04 
-4.10300E-03 7.70266E-04 
-4.14946E-03 8.77139E-04 
-4.17910E-03 9.76229E-04 
-4.19183E-03 1.06669E-03 
-4.18780E-03 1.14785E-03 
-4.18422E-03 1.20812E-03 
-4.14314E-03 1.26932E-03 
-4.08641E-03 1.32025E-03 
-4.01449E-03 1.36074E-03 
-3.92762E-03 1.39078E-03 
-3.82490E-03 1.41060E-03 
-3.70107E-03 1.42050E-03 
-3.53503E-03 1.42028E-03 
-3.25402E-03 1.40609E-03 
-2.67325E-03 1.36049E-03 
-1.59700E-03 1.24645E-03 
-2.71321E-04 1.05458E-03 
7.42578E-04 8.41571E-04 
-3.83614E-03 4.61952E-04 
-3.93652E-03 5.75698E-04 
-3.92501E-03 4.92633E-04 
-4.02450E-03 6.18372E-04 
-4.11026E-03 7.39773E-04 
-4.18165E-03 8.55807E-04 
-4.23814E-03 9.65534E-04 
-4.27143E-03 1.04556E-03 
-4.27943E-03 1.06810E-03 
-4.30672E-03 1.16981E-03 
-4.31616E-03 1.26154E-03 
-4.30803E-03 1.34269E-03 
-4.28278E-03 1.41283E-03 
-4.26361E-03 1.46513E-03 
-4.20105E-03 1.51217E-03 
-4.12335E-03 1.54803E-03 
-4.03122E-03 1.57276E-03 
-3.92512E-03 1.58661E-03 
-3.80423E-03 1.58990E-03 
-3.66304E-03 1.58271E-03 
-3.47925E-03 1.56355E-03 
-3.17612E-03 1.52376E-03 
-2.55993E-03 1.43382E-03 
-1.42881E-03 1.24486E-03 
-4.71253E-05 9.65733E-04 
9.96585E-04 6.90463E-04 
-4.05728E-03 7.58841E-04 
-4.14728E-03 8.76617E-04 
-4.15772E-03 8.05839E-04 
-4.24304E-03 9.33172E-04 
-4.31290E-03 1.05374E-03 
-4.36685E-03 1.16662E-03 
-4.40465E-03 1.27101E-03 
-4.42276E-03 1.34552E-03 
-4.42622E-03 1.36622E-03 
-4.43144E-03 1.45797E-03 
-4.41831E-03 1.53787E-03 
-4.38741E-03 1.60562E-03 
-4.33956E-03 1.66106E-03 
-4.30345E-03 1.70233E-03 
-4.21904E-03 1.73243E-03 
-4.12042E-03 1.75084E-03 
-4.00853E-03 1.75788E-03 
-3.88398E-03 1.75399E-03 
-3.74600E-03 1.73959E-03 
-3.58884E-03 1.71452E-03 
-3.38904E-03 1.67583E-03 
-3.06628E-03 1.60990E-03 
-2.41901E-03 1.47496E-03 
-1.24070E-03 1.21068E-03 
1.87082E-04 8.45387E-04 
1.25219E-03 5.10765E-04 
-4.26809E-03 1.07603E-03 
-4.34312E-03 1.19287E-03 
-4.37515E-03 1.13630E-03 
-4.44164E-03 1.25980E-03 
-4.49130E-03 1.37424E-03 
-4.52395E-03 1.47884E-03 
-4.53963E-03 1.57302E-03 
-4.54024E-03 1.63841E-03 
-4.53855E-03 1.65627E-03 
-4.51905E-03 1.73345E-03 
-4.48126E-03 1.79734E-03 
-4.42608E-03 1.84793E-03 
-4.35462E-03 1.88539E-03 
-4.30056E-03 1.91289E-03 
-4.19438E-03 1.92374E-03 
-4.07532E-03 1.92286E-03 
-3.94453E-03 1.91080E-03 
-3.80273E-03 1.88819E-03 
-3.64914E-03 1.85549E-03 
-3.47773E-03 1.81221E-03 
-3.26397E-03 1.75392E-03 
-2.92431E-03 1.66185E-03 
-2.25050E-03 1.48188E-03 
-1.03286E-03 1.14277E-03 
4.31011E-04 6.93400E-04 
1.50904E-03 3.03138E-04 
-4.45536E-03 1.39910E-03 
-4.51149E-03 1.50974E-03 
-4.56388E-03 1.46817E-03 
-4.60777E-03 1.58234E-03 
-4.63394E-03 1.68544E-03 
-4.64250E-03 1.77693E-03 
-4.63376E-03 1.85642E-03 
-4.61543E-03 1.90954E-03 
-4.60821E-03 1.92368E-03 
-4.56261E-03 1.98241E-03 
-4.49930E-03 2.02692E-03 
-4.41952E-03 2.05753E-03 
-4.32463E-03 2.07471E-03 
-4.25255E-03 2.08648E-03 
-4.12571E-03 2.07683E-03 
-3.98767E-03 2.05586E-03 
-3.83972E-03 2.02432E-03 
-3.68264E-03 1.98297E-03 
-3.51562E-03 1.93230E-03 
-3.33232E-03 1.87145E-03 
-3.10724E-03 1.79440E-03 
-2.75402E-03 1.67728E-03 
-2.05904E-03 1.45389E-03 
-8.10992E-04 1.04293E-03 
6.78010E-04 5.14394E-04 
1.76011E-03 7.41475E-05 
-4.61165E-03 1.71750E-03 
-4.64542E-03 1.81677E-03 
-4.71627E-03 1.79014E-03 
-4.73442E-03 1.88976E-03 
-4.73448E-03 1.97671E-03 
-4.71686E-03 2.05069E-03 
-4.68215E-03 2.11157E-03 
-4.64404E-03 2.14971E-03 
-4.63111E-03 2.15938E-03 
-4.55886E-03 2.19650E-03 
-4.47004E-03 2.21906E-03 
-4.36614E-03 2.22766E-03 
-4.24876E-03 2.22307E-03 
-4.15928E-03 2.21784E-03 
-4.01354E-03 2.18728E-03 
-3.85858E-03 2.14622E-03 
-3.69576E-03 2.09559E-03 
-3.52587E-03 2.03625E-03 
-3.34801E-03 1.96865E-03 
-3.15554E-03 1.89150E-03 
-2.92208E-03 1.79720E-03 
-2.55897E-03 1.65683E-03 
-1.84854E-03 1.39266E-03 
-5.79428E-04 9.14388E-04 
9.23417E-04 3.13219E-04 
2.00072E-03 -1.70312E-04 
-4.72835E-03 2.01812E-03 
-4.73706E-03 2.10138E-03 
-4.82403E-03 2.08902E-03 
-4.81427E-03 2.16960E-03 
-4.78664E-03 2.23640E-03 
-4.74182E-03 2.28939E-03 
-4.68064E-03 2.32869E-03 
-4.62270E-03 2.34988E-03 
-4.60409E-03 2.35459E-03 
-4.50568E-03 2.36800E-03 
-4.39232E-03 2.36708E-03 
-4.26573E-03 2.35272E-03 
-4.12765E-03 2.32591E-03 
-4.02210E-03 2.30328E-03 
-3.85992E-03 2.25232E-03 
-3.69069E-03 2.19206E-03 
-3.51578E-03 2.12356E-03 
-3.33598E-03 2.04771E-03 
-3.15023E-03 1.96488E-03 
-2.95160E-03 1.87333E-03 
-2.71294E-03 1.76389E-03 
-2.34384E-03 1.60277E-03 
-1.62403E-03 1.30152E-03 
-3.43653E-04 7.62077E-04 
1.16147E-03 9.65024E-05 
2.22519E-03 -4.22645E-04 
-4.80128E-03 2.28856E-03 
-4.78320E-03 2.35202E-03 
-4.88384E-03 2.35296E-03 
-4.84484E-03 2.41100E-03 
-4.78870E-03 2.45469E-03 
-4.71635E-03 2.48426E-03 
-4.62886E-03 2.50008E-03 
-4.55155E-03 2.50323E-03 
-4.52746E-03 2.50270E-03 
-4.40407E-03 2.49150E-03 
-4.26782E-03 2.46673E-03 
-4.12057E-03 2.42950E-03 
-3.96416E-03 2.38103E-03 
-3.84441E-03 2.34145E-03 
-3.66870E-03 2.27146E-03 
-3.48826E-03 2.19367E-03 
-3.30440E-03 2.10920E-03 
-3.11784E-03 2.01896E-03 
-2.92736E-03 1.92317E-03 
-2.72573E-03 1.81962E-03 
-2.48517E-03 1.69760E-03 
-2.11412E-03 1.51882E-03 
-1.39121E-03 1.18509E-03 
-1.09644E-04 5.92049E-04 
1.38608E-03 -1.28286E-04 
2.42772E-03 -6.74689E-04 
-4.82061E-03 2.51881E-03 
-4.77506E-03 2.55953E-03 
-4.88691E-03 2.57249E-03 
-4.81877E-03 2.60546E-03 
-4.73479E-03 2.62412E-03 
-4.63616E-03 2.62892E-03 
-4.52413E-03 2.62050E-03 
-4.42909E-03 2.60536E-03 
-4.40003E-03 2.59957E-03 
-4.25432E-03 2.56399E-03 
-4.09813E-03 2.51606E-03 
-3.93336E-03 2.45711E-03 
-3.76191E-03 2.38848E-03 
-3.63058E-03 2.33319E-03 
-3.44483E-03 2.24630E-03 
-3.25663E-03 2.15332E-03 
-3.06727E-03 2.05539E-03 
-2.87731E-03 1.95337E-03 
-2.68537E-03 1.84730E-03 
-2.48392E-03 1.73450E-03 
-2.24477E-03 1.60280E-03 
-1.87581E-03 1.40986E-03 
-1.15614E-03 1.04899E-03 
1.16421E-04 4.11105E-04 
1.59118E-03 -3.53229E-04 
2.60269E-03 -9.18130E-04 
-4.78479E-03 2.69846E-03 
-4.71299E-03 2.71533E-03 
-4.83447E-03 2.73938E-03 
-4.73909E-03 2.74668E-03 
-4.62946E-03 2.74008E-03 
-4.50689E-03 2.72027E-03 
-4.37280E-03 2.68810E-03 
-4.26209E-03 2.65530E-03 
-4.22868E-03 2.64449E-03 
-4.06382E-03 2.58585E-03 
-3.89103E-03 2.51650E-03 
-3.71225E-03 2.43789E-03 
-3.52935E-03 2.35145E-03 
-3.38936E-03 2.28239E-03 
-3.19718E-03 2.18138E-03 
-3.00480E-03 2.07610E-03 
-2.81338E-03 1.96766E-03 
-2.62333E-03 1.85683E-03 
-2.43307E-03 1.74346E-03 
-2.23484E-03 1.62437E-03 
-2.00020E-03 1.48612E-03 
-1.63716E-03 1.28285E-03 
-9.26893E-04 9.00919E-04 
3.26834E-04 2.28097E-04 
1.76979E-03 -5.68471E-04 
2.74414E-03 -1.14297E-03 
-4.69683E-03 2.82670E-03 
-4.60012E-03 2.81891E-03 
-4.72936E-03 2.85295E-03 
-4.60813E-03 2.83408E-03 
-4.47461E-03 2.80229E-03 
-4.33024E-03 2.75845E-03 
-4.17657E-03 2.70354E-03 
-4.05231E-03 2.65417E-03 
-4.01521E-03 2.63869E-03 
-3.83442E-03 2.55892E-03 
-3.64845E-03 2.47041E-03 
-3.45918E-03 2.37462E-03 
-3.26840E-03 2.27305E-03 
-3.12268E-03 2.19248E-03 
-2.92761E-03 2.08029E-03 
-2.73451E-03 1.96569E-03 
-2.54436E-03 1.84974E-03 
-2.35738E-03 1.73307E-03 
-2.17179E-03 1.61531E-03 
-1.97965E-03 1.49283E-03 
-1.75247E-03 1.35104E-03 
-1.39906E-03 1.14118E-03 
-7.04262E-04 7.44123E-04 
5.20787E-04 4.61361E-05 
1.92109E-03 -7.71179E-04 
2.85137E-03 -1.34679E-03 
-4.55496E-03 2.89792E-03 
-4.43571E-03 2.86638E-03 
-4.57093E-03 2.90959E-03 
-4.42682E-03 2.86574E-03 
-4.27267E-03 2.81029E-03 
-4.11014E-03 2.74430E-03 
-3.94084E-03 2.66892E-03 
-3.80619E-03 2.60491E-03 
-3.76634E-03 2.58535E-03 
-3.57407E-03 2.48742E-03 
-3.37931E-03 2.38284E-03 
-3.18381E-03 2.27311E-03 
-2.98923E-03 2.15970E-03 
-2.84106E-03 2.07034E-03 
-2.64677E-03 1.95027E-03 
-2.45635E-03 1.82962E-03 
-2.27063E-03 1.70932E-03 
-2.08962E-03 1.58986E-03 
-1.91137E-03 1.47064E-03 
-1.72780E-03 1.34761E-03 
-1.51061E-03 1.20525E-03 
-1.17007E-03 9.92569E-04 
-4.96267E-04 5.86689E-04 
6.91170E-04 -1.26062E-04 
2.03936E-03 -9.52279E-04 
2.92015E-03 -1.52089E-03 
-4.36401E-03 2.91246E-03 
-4.22503E-03 2.85854E-03 
-4.36521E-03 2.91035E-03 
-4.20200E-03 2.84371E-03 
-4.03132E-03 2.76714E-03 
-3.85484E-03 2.68186E-03 
-3.67407E-03 2.58902E-03 
-3.53216E-03 2.51275E-03 
-3.49043E-03 2.48980E-03 
-3.29081E-03 2.37703E-03 
-3.09124E-03 2.25978E-03 
-2.89336E-03 2.13954E-03 
-2.69867E-03 2.01770E-03 
-2.55105E-03 1.92236E-03 
-2.36080E-03 1.79769E-03 
-2.17613E-03 1.67415E-03 
-1.99762E-03 1.55252E-03 
-1.82512E-03 1.43313E-03 
-1.65649E-03 1.31515E-03 
-1.48359E-03 1.19417E-03 
-1.27852E-03 1.05396E-03 
-9.53700E-04 8.42008E-04 
-3.05885E-04 4.33386E-04 
8.35747E-04 -2.84007E-04 
2.12332E-03 -1.10781E-03 
2.95016E-03 -1.66208E-03 
-4.13090E-03 2.87405E-03 
-3.97727E-03 2.80090E-03 
-4.12218E-03 2.86097E-03 
-3.94436E-03 2.77425E-03 
-3.76150E-03 2.67950E-03 
-3.57502E-03 2.57792E-03 
-3.38637E-03 2.47063E-03 
-3.23985E-03 2.38447E-03 
-3.19703E-03 2.35885E-03 
-2.99371E-03 2.23470E-03 
-2.79289E-03 2.10829E-03 
-2.59606E-03 1.98101E-03 
-2.40450E-03 1.85413E-03 
-2.26007E-03 1.75560E-03 
-2.07669E-03 1.62947E-03 
-1.90031E-03 1.50601E-03 
-1.73134E-03 1.38584E-03 
-1.56940E-03 1.26911E-03 
-1.41219E-03 1.15477E-03 
-1.25159E-03 1.03811E-03 
-1.06031E-03 9.02426E-04 
-7.53538E-04 6.94435E-04 
-1.36039E-04 2.88819E-04 
9.52657E-04 -4.23577E-04 
2.17245E-03 -1.23441E-03 
2.94205E-03 -1.76792E-03 
-3.86357E-03 2.78780E-03 
-3.69769E-03 2.69768E-03 
-3.84530E-03 2.76520E-03 
-3.65587E-03 2.66146E-03 
-3.46429E-03 2.55180E-03 
-3.27175E-03 2.43726E-03 
-3.07958E-03 2.31908E-03 
-2.93192E-03 2.22588E-03 
-2.88899E-03 2.19843E-03 
-2.68660E-03 2.06686E-03 
-2.48882E-03 1.93508E-03 
-2.29689E-03 1.80433E-03 
-2.11187E-03 1.67572E-03 
-1.97324E-03 1.57661E-03 
-1.79932E-03 1.45187E-03 
-1.63351E-03 1.33111E-03 
-1.47601E-03 1.21482E-03 
-1.32627E-03 1.10296E-03 
-1.18188E-03 9.94272E-04 
-1.03478E-03 8.83835E-04 
-8.58530E-04 7.54692E-04 
-5.71667E-04 5.53498E-04 
1.18487E-05 1.56164E-04 
1.04148E-03 -5.42309E-04 
2.18757E-03 -1.33059E-03 
2.89764E-03 -1.83788E-03 
-3.56678E-03 2.65925E-03 
-3.39407E-03 2.55590E-03 
-3.54550E-03 2.63081E-03 
-3.35020E-03 2.51388E-03 
-3.15425E-03 2.39267E-03 
-2.95926E-03 2.26856E-03 
-2.76657E-03 2.14268E-03 
-2.61983E-03 2.04479E-03 
-2.57741E-03 2.01618E-03 
-2.37874E-03 1.88036E-03 
-2.18684E-03 1.74646E-03 
-2.00260E-03 1.61548E-03 
-1.82677E-03 1.48830E-03 
-1.69615E-03 1.39121E-03 
-1.53381E-03 1.27056E-03 
-1.38037E-03 1.15495E-03 
-1.23584E-03 1.04470E-03 
-1.09950E-03 9.39594E-04 
-9.68858E-04 8.38226E-04 
-8.36031E-04 7.35532E-04 
-6.75600E-04 6.14547E-04 
-4.09963E-04 4.22552E-04 
1.36707E-04 3.81817E-05 
1.10243E-03 -6.38376E-04 
2.17042E-03 -1.39575E-03 
2.81987E-03 -1.87247E-03 
-3.25160E-03 2.49431E-03 
-3.07580E-03 2.38179E-03 
-3.22952E-03 2.46405E-03 
-3.03179E-03 2.33809E-03 
-2.83584E-03 2.20978E-03 
-2.64274E-03 2.08023E-03 
-2.45363E-03 1.95060E-03 
-2.31080E-03 1.85092E-03 
-2.26968E-03 1.82195E-03 
-2.07824E-03 1.68544E-03 
-1.89495E-03 1.55234E-03 
-1.72059E-03 1.42358E-03 
-1.55576E-03 1.29998E-03 
-1.43448E-03 1.20656E-03 
-1.28499E-03 1.09183E-03 
-1.14497E-03 9.83024E-04 
-1.01422E-03 8.80290E-04 
-8.91882E-04 7.83254E-04 
-7.75409E-04 6.90355E-04 
-6.57143E-04 5.96457E-04 
-5.12858E-04 4.84803E-04 
-2.69243E-04 3.03926E-04 
2.38514E-04 -6.34844E-05 
1.13678E-03 -7.11226E-04 
2.12373E-03 -1.43066E-03 
2.71252E-03 -1.87355E-03 
-2.92429E-03 2.30300E-03 
-2.74984E-03 2.18496E-03 
-2.90602E-03 2.27400E-03 
-2.70943E-03 2.14175E-03 
-2.51615E-03 2.00888E-03 
-2.32750E-03 1.87669E-03 
-2.14456E-03 1.74603E-03 
-2.00763E-03 1.64669E-03 
-1.96842E-03 1.61801E-03 
-1.78696E-03 1.48388E-03 
-1.61495E-03 1.35466E-03 
-1.45284E-03 1.23104E-03 
-1.30094E-03 1.11360E-03 
-1.19039E-03 1.02585E-03 
-1.05493E-03 9.18939E-04 
-9.29179E-04 8.18552E-04 
-8.12787E-04 7.24660E-04 
-7.04777E-04 6.36759E-04 
-6.02584E-04 5.53183E-04 
-4.98851E-04 4.68810E-04 
-3.70695E-04 3.67303E-04 
-1.49452E-04 1.99018E-04 
3.18066E-04 -1.48137E-04 
1.14652E-03 -7.61312E-04 
2.05090E-03 -1.43716E-03 
2.57989E-03 -1.84400E-03 
-2.59564E-03 2.09288E-03 
-2.42387E-03 1.97127E-03 
-2.58063E-03 2.06578E-03 
-2.38923E-03 1.93145E-03 
-2.20319E-03 1.79863E-03 
-2.02288E-03 1.66753E-03 
-1.84921E-03 1.53900E-03 
-1.72002E-03 1.44208E-03 
-1.68316E-03 1.41422E-03 
-1.51340E-03 1.28478E-03 
-1.35386E-03 1.16140E-03 
-1.20503E-03 1.04476E-03 
-1.06697E-03 9.35166E-04 
-9.67789E-04 8.54327E-04 
-8.46757E-04 7.56401E-04 
-7.35464E-04 6.65376E-04 
-6.33421E-04 5.81072E-04 
-5.39552E-04 5.02860E-04 
-4.51309E-04 4.29007E-04 
-3.61690E-04 3.54477E-04 
-2.49264E-04 2.63529E-04 
-5.02634E-05 1.08824E-04 
3.76501E-04 -2.15556E-04 
1.13416E-03 -7.89695E-04 
1.95591E-03 -1.41779E-03 
2.42692E-03 -1.78743E-03 
-2.27272E-03 1.87276E-03 
-2.10747E-03 1.75155E-03 
-2.26377E-03 1.85051E-03 
-2.07931E-03 1.71614E-03 
-1.90150E-03 1.58472E-03 
-1.73063E-03 1.45659E-03 
-1.56769E-03 1.33250E-03 
-1.44766E-03 1.23994E-03 
-1.41358E-03 1.21348E-03 
-1.25759E-03 1.09130E-03 
-1.11225E-03 9.75892E-04 
-9.77788E-04 8.67769E-04 
-8.54245E-04 7.67242E-04 
-7.66901E-04 6.94241E-04 
-6.60559E-04 6.06177E-04 
-5.63729E-04 5.25149E-04 
-4.75821E-04 4.50864E-04 
-3.95701E-04 3.82599E-04 
-3.20877E-04 3.18588E-04 
-2.44750E-04 2.53939E-04 
-1.47438E-04 1.73674E-04 
2.97535E-05 3.31618E-05 
4.15811E-04 -2.66578E-04 
1.10262E-03 -7.98307E-04 
1.84270E-03 -1.37572E-03 
2.25808E-03 -1.70779E-03 
-1.96202E-03 1.64920E-03 
-1.80685E-03 1.53209E-03 
-1.96223E-03 1.63523E-03 
-1.78706E-03 1.50388E-03 
-1.61900E-03 1.37590E-03 
-1.45962E-03 1.25274E-03 
-1.30915E-03 1.13487E-03 
-1.19899E-03 1.04764E-03 
-1.16786E-03 1.02286E-03 
-1.02601E-03 9.09077E-04 
-8.95127E-04 8.02777E-04 
-7.75401E-04 7.04398E-04 
-6.66516E-04 6.13917E-04 
-5.90889E-04 5.49323E-04 
-4.98810E-04 4.71502E-04 
-4.15861E-04 4.00657E-04 
-3.41367E-04 3.36400E-04 
-2.74156E-04 2.77935E-04 
-2.11821E-04 2.23495E-04 
-1.48200E-04 1.68400E-04 
-6.50010E-05 9.85487E-05 
9.13666E-05 -2.76934E-05 
4.37809E-04 -3.01888E-04 
1.05551E-03 -7.89476E-04 
1.71682E-03 -1.31513E-03 
2.08009E-03 -1.61046E-03 
-1.66401E-03 1.42509E-03 
-1.51984E-03 1.31356E-03 
-1.67284E-03 1.41921E-03 
-1.50943E-03 1.29325E-03 
-1.35404E-03 1.17183E-03 
-1.20755E-03 1.05612E-03 
-1.07033E-03 9.46584E-04 
-9.70490E-04 8.65927E-04 
-9.42396E-04 8.43076E-04 
-8.15490E-04 7.39055E-04 
-6.99819E-04 6.43084E-04 
-5.94978E-04 5.55059E-04 
-5.00603E-04 4.74930E-04 
-4.36491E-04 4.18883E-04 
-3.58251E-04 3.51366E-04 
-2.88620E-04 2.90647E-04 
-2.26856E-04 2.36244E-04 
-1.71764E-04 1.87300E-04 
-1.21049E-04 1.42075E-04 
-6.90208E-05 9.61393E-05 
9.80701E-07 3.63762E-05 
1.37406E-04 -7.56074E-05 
4.45173E-04 -3.23545E-04 
9.95245E-04 -7.65588E-04 
1.58027E-03 -1.23868E-03 
1.89449E-03 -1.49815E-03 
-1.38601E-03 1.20817E-03 
-1.25312E-03 1.10291E-03 
-1.40341E-03 1.21075E-03 
-1.25324E-03 1.09254E-03 
-1.11128E-03 9.79488E-04 
-9.78656E-04 8.72476E-04 
-8.55557E-04 7.71748E-04 
-7.66923E-04 6.98439E-04 
-7.42093E-04 6.77803E-04 
-6.30448E-04 5.84491E-04 
-5.29467E-04 4.99142E-04 
-4.38882E-04 4.21700E-04 
-3.58342E-04 3.52086E-04 
-3.05125E-04 3.04633E-04 
-2.39920E-04 2.47323E-04 
-1.82661E-04 1.96432E-04 
-1.32565E-04 1.51420E-04 
-8.84766E-05 1.11434E-04 
-4.82377E-05 7.47961E-05 
-6.64305E-06 3.73674E-05 
5.13398E-05 -1.29142E-05 
1.69112E-04 -1.11067E-04 
4.39969E-04 -3.32843E-04 
9.25323E-04 -7.29331E-04 
1.43808E-03 -1.15059E-03 
1.70712E-03 -1.37596E-03 
-1.13363E-03 1.00510E-03 
-1.01260E-03 9.07415E-04 
-1.15634E-03 1.01364E-03 
-1.01976E-03 9.03842E-04 
-8.92390E-04 8.00195E-04 
-7.74026E-04 7.02849E-04 
-6.65329E-04 6.12608E-04 
-5.87539E-04 5.47458E-04 
-5.65837E-04 5.29167E-04 
-4.68877E-04 4.46737E-04 
-3.82216E-04 3.72108E-04 
-3.05560E-04 3.05318E-04 
-2.38362E-04 2.46107E-04 
-1.95412E-04 2.06928E-04 
-1.42220E-04 1.59260E-04 
-9.62648E-05 1.17587E-04 
-5.67554E-05 8.13352E-05 
-2.25466E-05 4.96172E-05 
8.37222E-06 2.08285E-05 
4.07117E-05 -8.84978E-06 
8.78999E-05 -5.03831E-05 
1.88440E-04 -1.35356E-04 
4.24501E-04 -3.31552E-04 
8.48672E-04 -6.83332E-04 
1.29377E-03 -1.05438E-03 
1.52168E-03 -1.24784E-03 
-9.05190E-04 8.16165E-04 
-7.98598E-04 7.28652E-04 
-9.35123E-04 8.32206E-04 
-8.10919E-04 7.30667E-04 
-6.97546E-04 6.36992E-04 
-5.93980E-04 5.50505E-04 
-4.99415E-04 4.70594E-04 
-4.32609E-04 4.13536E-04 
-4.14099E-04 3.97631E-04 
-3.31821E-04 3.26493E-04 
-2.59052E-04 2.62858E-04 
-1.95275E-04 2.06385E-04 
-1.40111E-04 1.56940E-04 
-1.06318E-04 1.25432E-04 
-6.39337E-05 8.67411E-05 
-2.80516E-05 5.35414E-05 
2.13969E-06 2.52181E-05 
2.77341E-05 9.02922E-07 
5.05806E-05 -2.09106E-05 
7.48980E-05 -4.37037E-05 
1.12563E-04 -7.73319E-05 
1.97399E-04 -1.49966E-04 
4.01060E-04 -3.21582E-04 
7.68086E-04 -6.30242E-04 
1.15058E-03 -9.53417E-04 
1.34149E-03 -1.11747E-03 
-7.00895E-04 6.43156E-04 
-6.10477E-04 5.67725E-04 
-7.41178E-04 6.69558E-04 
-6.29884E-04 5.77157E-04 
-5.29347E-04 4.92637E-04 
-4.38961E-04 4.15840E-04 
-3.58051E-04 3.46514E-04 
-3.01475E-04 2.97590E-04 
-2.85850E-04 2.83996E-04 
-2.16795E-04 2.23413E-04 
-1.56516E-04 1.69796E-04 
-1.04676E-04 1.23106E-04 
-6.07457E-05 8.30335E-05 
-3.53513E-05 5.87574E-05 
-2.74807E-06 2.84117E-05 
2.41729E-05 2.95326E-06 
4.62026E-05 -1.82423E-05 
6.43590E-05 -3.60018E-05 
8.03111E-05 -5.17105E-05 
9.77867E-05 -6.84935E-05 
1.27175E-04 -9.50990E-05 
1.97875E-04 -1.56359E-04 
3.71724E-04 -3.04734E-04 
6.86008E-04 -5.72468E-04 
1.01125E-03 -8.50714E-04 
1.16927E-03 -9.88061E-04 
-5.24559E-04 4.90302E-04 
-4.45834E-04 4.23795E-04 
-5.71373E-04 5.24009E-04 
-4.75565E-04 4.43459E-04 
-3.88490E-04 3.69354E-04 
-3.10558E-04 3.02181E-04 
-2.40941E-04 2.41619E-04 
-1.93354E-04 1.99872E-04 
-1.80446E-04 1.88490E-04 
-1.23620E-04 1.37955E-04 
-7.49189E-05 9.39959E-05 
-3.38623E-05 5.64059E-05 
1.72788E-07 2.47849E-05 
1.83865E-05 6.82378E-06 
4.26571E-05 -1.62776E-05 
6.19922E-05 -3.50545E-05 
7.71636E-05 -5.01359E-05 
8.91248E-05 -6.23169E-05 
9.93717E-05 -7.28626E-05 
1.11167E-04 -8.45503E-05 
1.33501E-04 -1.05054E-04 
1.91650E-04 -1.56003E-04 
3.38397E-04 -2.82736E-04 
6.04571E-04 -5.12212E-04 
8.78057E-04 -7.48901E-04 
1.00721E-03 -8.62349E-04 
-3.76324E-04 3.59324E-04 
-3.06101E-04 2.99339E-04 
-4.24890E-04 3.95987E-04 
-3.43845E-04 3.27006E-04 
-2.70664E-04 2.64047E-04 
-2.04835E-04 2.06752E-04 
-1.46442E-04 1.55309E-04 
-1.06741E-04 1.19967E-04 
-9.60377E-05 1.10372E-04 
-5.02473E-05 6.89761E-05 
-1.19520E-05 3.38713E-05 
1.97835E-05 4.32595E-06 
4.53860E-05 -1.99266E-05 
5.75369E-05 -3.24059E-05 
7.46353E-05 -4.91043E-05 
8.75311E-05 -6.20674E-05 
9.69941E-05 -7.19377E-05 
1.03887E-04 -7.94465E-05 
1.09522E-04 -8.57221E-05 
1.16715E-04 -9.31924E-05 
1.33150E-04 -1.08500E-04 
1.80306E-04 -1.50247E-04 
3.02716E-04 -2.57129E-04 
5.25533E-04 -4.51369E-04 
7.52794E-04 -6.50176E-04 
8.56927E-04 -7.42555E-04 
-2.57456E-04 2.52098E-04 
-1.93111E-04 1.96699E-04 
-3.00793E-04 2.85762E-04 
-2.33000E-04 2.27279E-04 
-1.72241E-04 1.74459E-04 
-1.19477E-04 1.28012E-04 
-7.18268E-05 8.54865E-05 
-3.96835E-05 5.65162E-05 
-3.10104E-05 4.86514E-05 
5.58722E-06 1.51591E-05 
3.49759E-05 -1.22149E-05 
5.84326E-05 -3.44891E-05 
7.66402E-05 -5.21478E-05 
8.36059E-05 -5.98362E-05 
9.47524E-05 -7.11163E-05 
1.02500E-04 -7.93338E-05 
1.07464E-04 -8.50043E-05 
1.10410E-04 -8.87892E-05 
1.12483E-04 -9.16864E-05 
1.16084E-04 -9.57955E-05 
1.27705E-04 -1.06792E-04 
1.65375E-04 -1.40465E-04 
2.66205E-04 -2.29408E-04 
4.50426E-04 -3.91667E-04 
6.36907E-04 -5.56438E-04 
7.19656E-04 -6.30524E-04 
-1.65266E-04 1.67319E-04 
-1.05699E-04 1.15595E-04 
-2.00224E-04 1.94908E-04 
-1.44349E-04 1.46219E-04 
-9.46146E-05 1.02445E-04 
-5.15028E-05 6.40872E-05 
-1.41415E-05 3.04167E-05 
1.10075E-05 7.45813E-06 
1.77105E-05 1.29375E-06 
4.56653E-05 -2.46845E-05 
6.77783E-05 -4.56597E-05 
8.44608E-05 -6.18500E-05 
9.64964E-05 -7.39035E-05 
9.93130E-05 -7.76815E-05 
1.05617E-04 -8.44629E-05 
1.09198E-04 -8.87548E-05 
1.10607E-04 -9.10304E-05 
1.10524E-04 -9.18855E-05 
1.09919E-04 -9.21780E-05 
1.10801E-04 -9.36840E-05 
1.18571E-04 -1.01178E-04 
1.48158E-04 -1.27866E-04 
2.30060E-04 -2.00806E-04 
3.80297E-04 -3.34410E-04 
5.31195E-04 -4.68989E-04 
5.95893E-04 -5.27413E-04 
-9.54824E-05 1.01923E-04 
-4.19606E-05 5.51636E-05 
-1.22883E-04 1.23972E-04 
-7.62120E-05 8.28935E-05 
-3.58507E-05 4.69287E-05 
-6.69826E-07 1.52649E-05 
2.84695E-05 -1.12757E-05 
4.67333E-05 -2.81494E-05 
5.15963E-05 -3.26826E-05 
7.20750E-05 -5.20353E-05 
8.73967E-05 -6.68884E-05 
9.83837E-05 -7.78848E-05 
1.05652E-04 -8.55202E-05 
1.05618E-04 -8.65402E-05 
1.08405E-04 -8.99960E-05 
1.08983E-04 -9.13980E-05 
1.07893E-04 -9.12239E-05 
1.05716E-04 -8.99937E-05 
1.03281E-04 -8.84501E-05 
1.02258E-04 -8.80844E-05 
1.07084E-04 -9.28579E-05 
1.29958E-04 -1.13670E-04 
1.95632E-04 -1.72676E-04 
3.16600E-04 -2.81213E-04 
4.37134E-04 -3.89641E-04 
4.86956E-04 -4.34993E-04 
-4.42082E-05 5.29569E-05 
1.31722E-06 1.29359E-05 
-6.38117E-05 6.89727E-05 
-2.52351E-05 3.47120E-05 
4.34801E-06 8.09186E-06 
3.35290E-05 -1.84404E-05 
5.63310E-05 -3.95066E-05 
7.06275E-05 -5.29004E-05 
7.41383E-05 -5.62270E-05 
8.73754E-05 -6.90172E-05 
9.70120E-05 -7.86665E-05 
1.03589E-04 -8.55686E-05 
1.07268E-04 -8.98252E-05 
1.05127E-04 -8.87485E-05 
1.05250E-04 -8.96303E-05 
1.03671E-04 -8.89029E-05 
1.00869E-04 -8.69965E-05 
9.73402E-05 -8.43619E-05 
9.37636E-05 -8.16161E-05 
9.14957E-05 -7.99837E-05 
9.41206E-05 -8.26948E-05 
1.11446E-04 -9.85889E-05 
1.63224E-04 -1.45499E-04 
2.59010E-04 -2.32161E-04 
3.53665E-04 -3.17999E-04 
3.91272E-04 -3.52490E-04 
-7.98373E-06 1.76721E-05 
2.87029E-05 -1.47240E-05 
-2.25712E-05 2.98589E-05 
1.06326E-05 1.53752E-07 
3.07154E-05 -1.81350E-05 
5.23801E-05 -3.80275E-05 
6.97086E-05 -5.42051E-05 
8.05824E-05 -6.45733E-05 
8.32916E-05 -6.71886E-05 
9.34659E-05 -7.72013E-05 
9.90355E-05 -8.30653E-05 
1.02380E-04 -8.69378E-05 
1.03297E-04 -8.85484E-05 
9.97015E-05 -8.59714E-05 
9.79599E-05 -8.49953E-05 
9.49636E-05 -8.28113E-05 
9.11151E-05 -7.97888E-05 
8.68318E-05 -7.63113E-05 
8.26624E-05 -7.28823E-05 
7.96870E-05 -7.04870E-05 
8.07491E-05 -7.17100E-05 
9.36012E-05 -8.35954E-05 
1.33745E-04 -1.20250E-04 
2.08348E-04 -1.88272E-04 
2.81442E-04 -2.55057E-04 
3.09270E-04 -2.80760E-04 
1.63781E-05 -6.62312E-06 
4.38390E-05 -3.08770E-05 
2.65618E-06 5.30385E-06 
3.52340E-05 -2.39672E-05 
4.86613E-05 -3.63871E-05 
6.15201E-05 -4.84589E-05 
7.48043E-05 -6.09788E-05 
8.24365E-05 -6.83610E-05 
8.44038E-05 -7.03001E-05 
9.14392E-05 -7.74272E-05 
9.52586E-05 -8.16546E-05 
9.61498E-05 -8.31866E-05 
9.52187E-05 -8.29832E-05 
9.07850E-05 -7.94809E-05 
8.78658E-05 -7.72917E-05 
8.40903E-05 -7.42603E-05 
7.97729E-05 -7.06756E-05 
7.52428E-05 -6.68459E-05 
7.09306E-05 -6.31712E-05 
6.76798E-05 -6.04285E-05 
6.77047E-05 -6.06463E-05 
7.70234E-05 -6.93345E-05 
1.07585E-04 -9.74458E-05 
1.64655E-04 -1.49858E-04 
2.20080E-04 -2.00853E-04 
2.40227E-04 -2.19587E-04 
3.12643E-05 -2.19279E-05 
5.09520E-05 -3.93025E-05 
1.62251E-05 -8.43091E-06 
4.99052E-05 -3.88119E-05 
6.05008E-05 -4.87211E-05 
6.63312E-05 -5.44888E-05 
7.56525E-05 -6.34518E-05 
8.06747E-05 -6.84342E-05 
8.17781E-05 -6.95694E-05 
8.57237E-05 -7.38180E-05 
8.74661E-05 -7.60710E-05 
8.66318E-05 -7.59034E-05 
8.43822E-05 -7.43733E-05 
7.97191E-05 -7.05504E-05 
7.62851E-05 -6.77861E-05 
7.22525E-05 -6.44105E-05 
6.78969E-05 -6.06853E-05 
6.34868E-05 -5.68670E-05 
5.93556E-05 -5.32701E-05 
5.61441E-05 -5.04900E-05 
5.55414E-05 -5.00856E-05 
6.21284E-05 -5.62799E-05 
8.49385E-05 -7.74078E-05 
1.27752E-04 -1.16992E-04 
1.68958E-04 -1.55150E-04 
1.83201E-04 -1.68480E-04 
3.85624E-05 -2.99708E-05 
5.28536E-05 -4.25157E-05 
2.21212E-05 -1.49232E-05 
5.44570E-05 -4.41627E-05 
6.75050E-05 -5.63041E-05 
6.81343E-05 -5.73580E-05 
7.39082E-05 -6.31350E-05 
7.70733E-05 -6.64223E-05 
7.74540E-05 -6.68835E-05 
7.76935E-05 -6.76373E-05 
7.71172E-05 -6.76705E-05 
7.50999E-05 -6.63329E-05 
7.22543E-05 -6.41748E-05 
6.76856E-05 -6.03448E-05 
6.41346E-05 -5.73843E-05 
6.02662E-05 -5.40760E-05 
5.62390E-05 -5.05759E-05 
5.22353E-05 -4.70608E-05 
4.85125E-05 -4.37763E-05 
4.55577E-05 -4.11795E-05 
4.46343E-05 -4.04444E-05 
4.91578E-05 -4.47396E-05 
6.58161E-05 -6.02728E-05 
9.72598E-05 -8.95259E-05 
1.27245E-04 -1.17460E-04 
1.37053E-04 -1.26697E-04 
3.99464E-05 -3.23275E-05 
5.15942E-05 -4.24748E-05 
2.35393E-05 -1.70271E-05 
5.22290E-05 -4.30368E-05 
6.90689E-05 -5.86206E-05 
6.84917E-05 -5.85540E-05 
6.91038E-05 -5.96205E-05 
7.03290E-05 -6.11272E-05 
7.05325E-05 -6.14242E-05 
6.97814E-05 -6.12431E-05 
6.65376E-05 -5.87159E-05 
6.34275E-05 -5.62862E-05 
6.02201E-05 -5.37216E-05 
5.60204E-05 -5.01618E-05 
5.27119E-05 -4.73657E-05 
4.91848E-05 -4.43142E-05 
4.56038E-05 -4.11713E-05 
4.21205E-05 -3.80877E-05 
3.89098E-05 -3.52326E-05 
3.63226E-05 -3.29387E-05 
3.52828E-05 -3.20703E-05 
3.82801E-05 -3.49502E-05 
5.01575E-05 -4.60974E-05 
7.27275E-05 -6.72167E-05 
9.40515E-05 -8.71926E-05 
1.00611E-04 -9.34103E-05 
3.77703E-05 -3.11756E-05 
4.81954E-05 -4.01577E-05 
2.34946E-05 -1.75585E-05 
4.54407E-05 -3.74865E-05 
6.60188E-05 -5.64752E-05 
6.62552E-05 -5.71183E-05 
6.25559E-05 -5.42111E-05 
6.08175E-05 -5.29535E-05 
6.02280E-05 -5.25039E-05 
5.85175E-05 -5.13943E-05 
5.61438E-05 -4.96471E-05 
5.27226E-05 -4.68867E-05 
4.96447E-05 -4.43863E-05 
4.58033E-05 -4.11049E-05 
4.26913E-05 -3.84445E-05 
3.95315E-05 -3.56900E-05 
3.64271E-05 -3.29501E-05 
3.34694E-05 -3.03189E-05 
3.07727E-05 -2.79105E-05 
2.85808E-05 -2.59582E-05 
2.75449E-05 -2.50749E-05 
2.94327E-05 -2.69181E-05 
3.76655E-05 -3.46950E-05 
5.34503E-05 -4.95450E-05 
6.82270E-05 -6.34591E-05 
7.24645E-05 -6.75036E-05 
3.40384E-05 -2.84182E-05 
4.32609E-05 -3.62178E-05 
2.29723E-05 -1.74990E-05 
3.76921E-05 -3.08452E-05 
5.99766E-05 -5.14017E-05 
6.24789E-05 -5.40906E-05 
5.50086E-05 -4.76620E-05 
5.11609E-05 -4.44243E-05 
5.01316E-05 -4.35573E-05 
4.70015E-05 -4.10838E-05 
4.55364E-05 -4.01746E-05 
4.31689E-05 -3.83595E-05 
4.02948E-05 -3.60086E-05 
3.69306E-05 -3.31326E-05 
3.41104E-05 -3.07074E-05 
3.13969E-05 -2.83404E-05 
2.87958E-05 -2.60441E-05 
2.63479E-05 -2.38653E-05 
2.41399E-05 -2.18924E-05 
2.23312E-05 -2.02804E-05 
2.13679E-05 -1.94516E-05 
2.24750E-05 -2.05598E-05 
2.80153E-05 -2.58284E-05 
3.87746E-05 -3.60016E-05 
4.87581E-05 -4.54472E-05 
5.13935E-05 -4.79830E-05 
3.00282E-05 -2.52585E-05 
3.78605E-05 -3.17282E-05 
2.24701E-05 -1.73506E-05 
3.08023E-05 -2.48408E-05 
5.22063E-05 -4.46199E-05 
5.89543E-05 -5.11679E-05 
4.73493E-05 -4.08872E-05 
4.40331E-05 -3.81355E-05 
4.34995E-05 -3.77311E-05 
3.95729E-05 -3.44830E-05 
3.75068E-05 -3.29700E-05 
3.48972E-05 -3.08922E-05 
3.22267E-05 -2.87019E-05 
2.93732E-05 -2.62776E-05 
2.70167E-05 -2.42641E-05 
2.47742E-05 -2.23177E-05 
2.26726E-05 -2.04725E-05 
2.07152E-05 -1.87378E-05 
1.89523E-05 -1.71682E-05 
1.74882E-05 -1.58668E-05 
1.66249E-05 -1.51216E-05 
1.71928E-05 -1.57176E-05 
2.07870E-05 -1.91608E-05 
2.79102E-05 -2.59281E-05 
3.44660E-05 -3.21586E-05 
3.60231E-05 -3.36727E-05 
2.63699E-05 -2.23280E-05 
3.27958E-05 -2.74605E-05 
2.21234E-05 -1.73040E-05 
2.62294E-05 -2.08925E-05 
4.29466E-05 -3.63736E-05 
5.53330E-05 -4.81039E-05 
4.21797E-05 -3.63407E-05 
3.68590E-05 -3.17401E-05 
3.67036E-05 -3.16883E-05 
3.58465E-05 -3.12956E-05 
3.18090E-05 -2.78830E-05 
2.87742E-05 -2.53770E-05 
2.60619E-05 -2.31219E-05 
2.35776E-05 -2.10241E-05 
2.15735E-05 -1.93259E-05 
1.97182E-05 -1.77245E-05 
1.80281E-05 -1.62491E-05 
1.64705E-05 -1.48768E-05 
1.50637E-05 -1.36305E-05 
1.38752E-05 -1.25780E-05 
1.31051E-05 -1.19115E-05 
1.33054E-05 -1.21546E-05 
1.55319E-05 -1.43063E-05 
2.01026E-05 -1.86685E-05 
2.42801E-05 -2.26560E-05 
2.51337E-05 -2.34993E-05 
2.35009E-05 -2.00868E-05 
2.88122E-05 -2.41505E-05 
2.15805E-05 -1.70661E-05 
2.38621E-05 -1.89578E-05 
3.42270E-05 -2.85853E-05 
5.21109E-05 -4.53883E-05 
4.13412E-05 -3.57971E-05 
3.22829E-05 -2.76948E-05 
3.16699E-05 -2.72158E-05 
3.22333E-05 -2.81632E-05 
2.90062E-05 -2.55008E-05 
2.48162E-05 -2.18747E-05 
2.16712E-05 -1.91812E-05 
1.93689E-05 -1.72289E-05 
1.76307E-05 -1.57615E-05 
1.60719E-05 -1.44264E-05 
1.46497E-05 -1.31915E-05 
1.33552E-05 -1.20557E-05 
1.21962E-05 -1.10328E-05 
1.12061E-05 -1.01582E-05 
1.05105E-05 -9.55362E-06 
1.04669E-05 -9.55907E-06 
1.17625E-05 -1.08259E-05 
1.45979E-05 -1.35446E-05 
1.71762E-05 -1.60165E-05 
1.75862E-05 -1.64339E-05 
2.14731E-05 -1.86259E-05 
2.61577E-05 -2.20586E-05 
2.11005E-05 -1.69141E-05 
2.30159E-05 -1.84307E-05 
2.81305E-05 -2.31775E-05 
4.73497E-05 -4.12505E-05 
4.42123E-05 -3.87262E-05 
3.22151E-05 -2.78657E-05 
3.09959E-05 -2.68203E-05 
2.73152E-05 -2.37512E-05 
2.42498E-05 -2.12240E-05 
2.15343E-05 -1.89786E-05 
1.85931E-05 -1.64574E-05 
1.65505E-05 -1.47351E-05 
1.49461E-05 -1.33780E-05 
1.35274E-05 -1.21588E-05 
1.22643E-05 -1.10599E-05 
1.11413E-05 -1.00745E-05 
1.01440E-05 -9.19403E-06 
9.28505E-06 -8.43408E-06 
8.63988E-06 -7.86868E-06 
8.43645E-06 -7.71521E-06 
9.11781E-06 -8.39393E-06 
1.08111E-05 -1.00259E-05 
1.23479E-05 -1.15062E-05 
1.24869E-05 -1.16611E-05 
2.04456E-05 -1.81182E-05 
2.46581E-05 -2.10448E-05 
2.09846E-05 -1.71242E-05 
2.35386E-05 -1.91969E-05 
2.44180E-05 -1.99910E-05 
4.14289E-05 -3.60498E-05 
4.68019E-05 -4.14122E-05 
3.50658E-05 -3.07829E-05 
3.25174E-05 -2.84911E-05 
2.45457E-05 -2.13665E-05 
2.01246E-05 -1.75298E-05 
1.83106E-05 -1.61178E-05 
1.62586E-05 -1.44227E-05 
1.44241E-05 -1.28793E-05 
1.29268E-05 -1.16066E-05 
1.16379E-05 -1.04968E-05 
1.05027E-05 -9.50705E-06 
9.50517E-06 -8.62937E-06 
8.62289E-06 -7.84771E-06 
7.85788E-06 -7.16761E-06 
7.25353E-06 -6.63252E-06 
6.95444E-06 -6.38080E-06 
7.24702E-06 -6.68431E-06 
8.21370E-06 -7.62170E-06 
9.09293E-06 -8.47341E-06 
9.07314E-06 -8.47254E-06 
2.02744E-05 -1.84349E-05 
2.42543E-05 -2.10843E-05 
2.13883E-05 -1.78501E-05 
2.43010E-05 -2.02212E-05 
2.30445E-05 -1.90095E-05 
3.50637E-05 -3.04105E-05 
4.70951E-05 -4.19824E-05 
3.75167E-05 -3.33431E-05 
3.43042E-05 -3.04271E-05 
2.48286E-05 -2.18981E-05 
1.96617E-05 -1.73272E-05 
1.67908E-05 -1.48794E-05 
1.47801E-05 -1.32017E-05 
1.30176E-05 -1.17015E-05 
1.14872E-05 -1.03783E-05 
1.02095E-05 -9.26275E-06 
9.13707E-06 -8.31865E-06 
8.20812E-06 -7.49394E-06 
7.40389E-06 -6.77600E-06 
6.71002E-06 -6.15434E-06 
6.14298E-06 -5.64656E-06 
5.79492E-06 -5.34120E-06 
5.85314E-06 -5.41618E-06 
6.37205E-06 -5.92361E-06 
6.84821E-06 -6.38838E-06 
6.74173E-06 -6.30075E-06 
2.09356E-05 -1.95746E-05 
2.46339E-05 -2.18961E-05 
2.24213E-05 -1.91931E-05 
2.49786E-05 -2.11999E-05 
2.30062E-05 -1.92879E-05 
3.06421E-05 -2.65875E-05 
4.68855E-05 -4.20980E-05 
3.96737E-05 -3.56468E-05 
3.52328E-05 -3.15677E-05 
2.54499E-05 -2.27450E-05 
2.11169E-05 -1.89525E-05 
1.67560E-05 -1.50527E-05 
1.36165E-05 -1.22684E-05 
1.15978E-05 -1.05008E-05 
1.00530E-05 -9.14265E-06 
8.88655E-06 -8.11607E-06 
7.93882E-06 -7.27688E-06 
7.11657E-06 -6.54234E-06 
6.39289E-06 -5.89099E-06 
5.76020E-06 -5.31867E-06 
5.23149E-06 -4.83965E-06 
4.86729E-06 -4.51237E-06 
4.79278E-06 -4.45591E-06 
5.04438E-06 -4.70532E-06 
5.28031E-06 -4.93836E-06 
5.13155E-06 -4.80673E-06 
---
