PdfType: replica
Format: lhagrid1
---
1.00000E-06 1.28121E-06 1.64152E-06 2.10317E-06 2.69463E-06 3.45242E-06 4.42329E-06 5.66715E-06 7.26076E-06 9.30241E-06 1.19180E-05 1.52689E-05 1.95617E-05 2.50609E-05 3.21053E-05 4.11287E-05 5.26863E-05 6.74889E-05 8.64459E-05 1.10720E-04 1.41800E-04 1.81585E-04 2.32503E-04 2.97652E-04 3.80981E-04 4.87518E-04 6.26039E-04 8.00452E-04 1.02297E-03 1.30657E-03 1.66759E-03 2.12729E-03 2.71054E-03 3.44865E-03 4.37927E-03 5.54908E-03 7.01192E-03 8.83064E-03 1.10763E-02 1.38266E-02 1.71641E-02 2.11717E-02 2.59364E-02 3.15062E-02 3.79623E-02 4.53425E-02 5.36750E-02 6.29705E-02 7.32221E-02 8.44039E-02 9.64793E-02 1.09332E-01 1.23067E-01 1.37507E-01 1.52639E-01 1.68416E-01 1.84794E-01 2.01731E-01 2.19016E-01 2.36948E-01 2.55242E-01 2.73927E-01 2.92954E-01 3.12340E-01 3.32036E-01 3.52019E-01 3.72282E-01 3.92772E-01 4.13533E-01 4.34326E-01 4.55495E-01 4.76836E-01 4.98342E-01 5.20006E-01 5.41818E-01 5.63773E-01 5.85861E-01 6.08077E-01 6.30459E-01 6.52800E-01 6.75387E-01 6.98063E-01 7.20830E-01 7.43683E-01 7.66623E-01 7.89636E-01 8.12791E-01 8.35940E-01 8.59175E-01 8.82485E-01 9.05866E-01 9.29311E-01 9.52817E-01 9.76387E-01 1.00000E+00 
1.14018E+00 1.22539E+00 1.32482E+00 1.44156E+00 1.57954E+00 1.74381E+00 1.94091E+00 2.12132E+00 2.17945E+00 2.49622E+00 2.89383E+00 3.39925E+00 4.05063E+00 4.90286E+00 6.03623E+00 7.57063E+00 9.68869E+00 1.26749E+01 1.69835E+01 2.33578E+01 3.30501E+01 4.82334E+01 7.28041E+01 1.13998E+02 1.85779E+02 3.16228E+02 
908 909 
-3.27326E-03 1.41687E-04 
-3.28127E-03 1.44003E-04 
-3.28503E-03 1.43795E-04 
-3.28168E-03 1.44969E-04 
-3.27822E-03 1.45891E-04 
-3.27476E-03 1.46490E-04 
-3.27145E-03 1.46691E-04 
-3.26911E-03 1.46521E-04 
-3.26848E-03 1.46412E-04 
-3.26589E-03 1.45476E-04 
-3.26428E-03 1.43771E-04 
-3.26400E-03 1.41186E-04 
-3.26550E-03 1.37605E-04 
-3.27001E-03 1.33582E-04 
-3.27778E-03 1.27247E-04 
-3.28945E-03 1.19603E-04 
-3.30600E-03 1.10526E-04 
-3.32891E-03 9.98846E-05 
-3.36099E-03 8.75221E-05 
-3.40920E-03 7.31470E-05 
-3.49442E-03 5.59154E-05 
-3.68106E-03 3.29723E-05 
-4.12501E-03 -3.63319E-06 
-4.98517E-03 -6.48357E-05 
-6.05315E-03 -1.45130E-04 
-6.87155E-03 -2.20708E-04 
-3.26332E-03 1.58170E-04 
-3.26922E-03 1.60398E-04 
-3.27132E-03 1.59785E-04 
-3.26629E-03 1.60797E-04 
-3.26130E-03 1.61534E-04 
-3.25649E-03 1.61923E-04 
-3.25202E-03 1.61885E-04 
-3.24893E-03 1.61508E-04 
-3.24810E-03 1.61334E-04 
-3.24476E-03 1.60065E-04 
-3.24266E-03 1.57986E-04 
-3.24219E-03 1.54985E-04 
-3.24382E-03 1.50950E-04 
-3.24883E-03 1.46669E-04 
-3.25758E-03 1.39879E-04 
-3.27059E-03 1.31761E-04 
-3.28887E-03 1.22199E-04 
-3.31393E-03 1.11077E-04 
-3.34864E-03 9.82539E-05 
-3.40002E-03 8.34549E-05 
-3.48917E-03 6.58470E-05 
-3.68118E-03 4.25480E-05 
-4.13381E-03 5.48680E-06 
-5.00854E-03 -5.63976E-05 
-6.09590E-03 -1.37304E-04 
-6.93310E-03 -2.12804E-04 
-3.24661E-03 1.72974E-04 
-3.25068E-03 1.75197E-04 
-3.25146E-03 1.74283E-04 
-3.24501E-03 1.75210E-04 
-3.23874E-03 1.75841E-04 
-3.23282E-03 1.76099E-04 
-3.22744E-03 1.75899E-04 
-3.22378E-03 1.75375E-04 
-3.22281E-03 1.75154E-04 
-3.21894E-03 1.73638E-04 
-3.21659E-03 1.71272E-04 
-3.21618E-03 1.67947E-04 
-3.21818E-03 1.63554E-04 
-3.22390E-03 1.59152E-04 
-3.23386E-03 1.52026E-04 
-3.24846E-03 1.43562E-04 
-3.26873E-03 1.33655E-04 
-3.29621E-03 1.22207E-04 
-3.33381E-03 1.09095E-04 
-3.38864E-03 9.40649E-05 
-3.48201E-03 7.62998E-05 
-3.67971E-03 5.29005E-05 
-4.14140E-03 1.57057E-05 
-5.03128E-03 -4.64121E-05 
-6.13869E-03 -1.27325E-04 
-6.99530E-03 -2.02047E-04 
-3.22324E-03 1.86831E-04 
-3.22585E-03 1.89146E-04 
-3.22577E-03 1.88031E-04 
-3.21825E-03 1.88962E-04 
-3.21104E-03 1.89575E-04 
-3.20434E-03 1.89786E-04 
-3.19833E-03 1.89509E-04 
-3.19432E-03 1.88903E-04 
-3.19326E-03 1.88655E-04 
-3.18916E-03 1.86983E-04 
-3.18684E-03 1.84424E-04 
-3.18674E-03 1.80870E-04 
-3.18936E-03 1.76223E-04 
-3.19602E-03 1.71842E-04 
-3.20743E-03 1.64505E-04 
-3.22384E-03 1.55830E-04 
-3.24633E-03 1.45728E-04 
-3.27647E-03 1.34118E-04 
-3.31721E-03 1.20900E-04 
-3.37573E-03 1.05847E-04 
-3.47357E-03 8.81636E-05 
-3.67723E-03 6.49500E-05 
-4.14836E-03 2.80000E-05 
-5.05392E-03 -3.38025E-05 
-6.18204E-03 -1.13990E-04 
-7.05858E-03 -1.87122E-04 
-3.19395E-03 2.00566E-04 
-3.19550E-03 2.03071E-04 
-3.19499E-03 2.01851E-04 
-3.18675E-03 2.02874E-04 
-3.17895E-03 2.03554E-04 
-3.17177E-03 2.03803E-04 
-3.16543E-03 2.03532E-04 
-3.16127E-03 2.02907E-04 
-3.16020E-03 2.02650E-04 
-3.15614E-03 2.00911E-04 
-3.15410E-03 1.98250E-04 
-3.15456E-03 1.94565E-04 
-3.15804E-03 1.89764E-04 
-3.16580E-03 1.85552E-04 
-3.17887E-03 1.78130E-04 
-3.19731E-03 1.69382E-04 
-3.22223E-03 1.59238E-04 
-3.25523E-03 1.47637E-04 
-3.29930E-03 1.34508E-04 
-3.36173E-03 1.19653E-04 
-3.46424E-03 1.02307E-04 
-3.67410E-03 7.95955E-05 
-4.15499E-03 4.33260E-05 
-5.07673E-03 -1.75104E-05 
-6.22613E-03 -9.61069E-05 
-7.12301E-03 -1.66727E-04 
-3.15974E-03 2.14987E-04 
-3.16055E-03 2.17772E-04 
-3.15998E-03 2.16532E-04 
-3.15133E-03 2.17732E-04 
-3.14320E-03 2.18559E-04 
-3.13580E-03 2.18925E-04 
-3.12938E-03 2.18737E-04 
-3.12526E-03 2.18153E-04 
-3.12422E-03 2.17904E-04 
-3.12042E-03 2.16183E-04 
-3.11888E-03 2.13507E-04 
-3.12011E-03 2.09783E-04 
-3.12464E-03 2.04931E-04 
-3.13366E-03 2.01034E-04 
-3.14856E-03 1.93656E-04 
-3.16919E-03 1.84977E-04 
-3.19670E-03 1.74948E-04 
-3.23273E-03 1.63536E-04 
-3.28031E-03 1.50699E-04 
-3.34680E-03 1.36278E-04 
-3.45415E-03 1.19548E-04 
-3.67039E-03 9.76867E-05 
-4.16131E-03 6.25938E-05 
-5.09965E-03 3.48117E-06 
-6.27082E-03 -7.25244E-05 
-7.18834E-03 -1.39589E-04 
-3.12156E-03 2.30809E-04 
-3.12184E-03 2.33959E-04 
-3.12150E-03 2.32779E-04 
-3.11265E-03 2.34233E-04 
-3.10439E-03 2.35283E-04 
-3.09697E-03 2.35837E-04 
-3.09064E-03 2.35802E-04 
-3.08669E-03 2.35315E-04 
-3.08571E-03 2.35090E-04 
-3.08235E-03 2.33466E-04 
-3.08149E-03 2.30860E-04 
-3.08363E-03 2.27189E-04 
-3.08938E-03 2.22386E-04 
-3.09975E-03 2.18958E-04 
-3.11661E-03 2.11754E-04 
-3.13957E-03 2.03292E-04 
-3.16981E-03 1.93546E-04 
-3.20900E-03 1.82513E-04 
-3.26021E-03 1.70188E-04 
-3.33087E-03 1.56454E-04 
-3.44318E-03 1.40644E-04 
-3.66593E-03 1.20020E-04 
-4.16708E-03 8.66657E-05 
-5.12236E-03 3.01475E-05 
-6.31566E-03 -4.21235E-05 
-7.25396E-03 -1.04463E-04 
-3.08016E-03 2.48636E-04 
-3.08004E-03 2.52228E-04 
-3.08011E-03 2.51190E-04 
-3.07118E-03 2.52969E-04 
-3.06292E-03 2.54311E-04 
-3.05557E-03 2.55120E-04 
-3.04944E-03 2.55306E-04 
-3.04574E-03 2.54968E-04 
-3.04485E-03 2.54783E-04 
-3.04205E-03 2.53333E-04 
-3.04196E-03 2.50882E-04 
-3.04515E-03 2.47358E-04 
-3.05222E-03 2.42711E-04 
-3.06399E-03 2.39913E-04 
-3.08291E-03 2.33023E-04 
-3.10831E-03 2.24934E-04 
-3.14137E-03 2.15651E-04 
-3.18381E-03 2.05206E-04 
-3.23874E-03 1.93633E-04 
-3.31366E-03 1.80868E-04 
-3.43099E-03 1.66311E-04 
-3.66032E-03 1.47356E-04 
-4.17183E-03 1.16376E-04 
-5.14428E-03 6.34439E-05 
-6.35993E-03 -3.79591E-06 
-7.31899E-03 -6.01080E-05 
-3.03604E-03 2.68960E-04 
-3.03554E-03 2.73065E-04 
-3.03612E-03 2.72261E-04 
-3.02715E-03 2.74436E-04 
-3.01891E-03 2.76135E-04 
-3.01169E-03 2.77265E-04 
-3.00580E-03 2.77738E-04 
-3.00239E-03 2.77600E-04 
-3.00160E-03 2.77472E-04 
-2.99941E-03 2.76277E-04 
-3.00017E-03 2.74068E-04 
-3.00446E-03 2.70792E-04 
-3.01294E-03 2.66418E-04 
-3.02613E-03 2.64429E-04 
-3.04718E-03 2.58003E-04 
-3.07507E-03 2.50462E-04 
-3.11102E-03 2.41843E-04 
-3.15677E-03 2.32217E-04 
-3.21547E-03 2.21665E-04 
-3.29468E-03 2.10180E-04 
-3.41706E-03 1.97252E-04 
-3.65298E-03 1.80449E-04 
-4.17490E-03 1.52560E-04 
-5.16461E-03 1.04337E-04 
-6.40264E-03 4.35889E-05 
-7.38223E-03 -5.24716E-06 
-2.98942E-03 2.92178E-04 
-2.98847E-03 2.96865E-04 
-2.98962E-03 2.96413E-04 
-2.98056E-03 2.99051E-04 
-2.97232E-03 3.01174E-04 
-2.96520E-03 3.02692E-04 
-2.95954E-03 3.03520E-04 
-2.95640E-03 3.03641E-04 
-2.95572E-03 3.03586E-04 
-2.95416E-03 3.02734E-04 
-2.95579E-03 3.00868E-04 
-2.96123E-03 2.97954E-04 
-2.97117E-03 2.93986E-04 
-2.98575E-03 2.93005E-04 
-3.00896E-03 2.87216E-04 
-3.03937E-03 2.80420E-04 
-3.07825E-03 2.72691E-04 
-3.12734E-03 2.64146E-04 
-3.18982E-03 2.54918E-04 
-3.27332E-03 2.45066E-04 
-3.40071E-03 2.34188E-04 
-3.64317E-03 2.20079E-04 
-4.17542E-03 1.96089E-04 
-5.18235E-03 1.53841E-04 
-6.44259E-03 1.01220E-04 
-7.44227E-03 6.14627E-05 
-2.94028E-03 3.18629E-04 
-2.93874E-03 3.23967E-04 
-2.94045E-03 3.24018E-04 
-2.93121E-03 3.27192E-04 
-2.92288E-03 3.29812E-04 
-2.91578E-03 3.31791E-04 
-2.91030E-03 3.33052E-04 
-2.90742E-03 3.33496E-04 
-2.90684E-03 3.33534E-04 
-2.90587E-03 3.33125E-04 
-2.90837E-03 3.31718E-04 
-2.91498E-03 3.29302E-04 
-2.92639E-03 3.25895E-04 
-2.94230E-03 3.26151E-04 
-2.96768E-03 3.21195E-04 
-3.00064E-03 3.15369E-04 
-3.04244E-03 3.08791E-04 
-3.09487E-03 3.01626E-04 
-3.16110E-03 2.94066E-04 
-3.24883E-03 2.86248E-04 
-3.38114E-03 2.77893E-04 
-3.63000E-03 2.67089E-04 
-4.17243E-03 2.47905E-04 
-5.19634E-03 2.13052E-04 
-6.47837E-03 1.70385E-04 
-7.49745E-03 1.41472E-04 
-2.88838E-03 3.48628E-04 
-2.88607E-03 3.54688E-04 
-2.88829E-03 3.55447E-04 
-2.87873E-03 3.59238E-04 
-2.87018E-03 3.62434E-04 
-2.86302E-03 3.64957E-04 
-2.85762E-03 3.66742E-04 
-2.85495E-03 3.67584E-04 
-2.85445E-03 3.67739E-04 
-2.85403E-03 3.67895E-04 
-2.85737E-03 3.67086E-04 
-2.86512E-03 3.65328E-04 
-2.87802E-03 3.62668E-04 
-2.89517E-03 3.64422E-04 
-2.92270E-03 3.60527E-04 
-2.95817E-03 3.55933E-04 
-3.00288E-03 3.50805E-04 
-3.05859E-03 3.45364E-04 
-3.12852E-03 3.39865E-04 
-3.22037E-03 3.34531E-04 
-3.35743E-03 3.29234E-04 
-3.61248E-03 3.22420E-04 
-4.16479E-03 3.09059E-04 
-5.20523E-03 2.83189E-04 
-6.50838E-03 2.52503E-04 
-7.54586E-03 2.36374E-04 
-2.83332E-03 3.82503E-04 
-2.83000E-03 3.89368E-04 
-2.83270E-03 3.91103E-04 
-2.82264E-03 3.95600E-04 
-2.81373E-03 3.99466E-04 
-2.80635E-03 4.02632E-04 
-2.80095E-03 4.05047E-04 
-2.79840E-03 4.06379E-04 
-2.79797E-03 4.06679E-04 
-2.79804E-03 4.07546E-04 
-2.80217E-03 4.07502E-04 
-2.81104E-03 4.06593E-04 
-2.82539E-03 4.04901E-04 
-2.84366E-03 4.08456E-04 
-2.87328E-03 4.05885E-04 
-2.91123E-03 4.02825E-04 
-2.95877E-03 3.99493E-04 
-3.01769E-03 3.96167E-04 
-3.09118E-03 3.93177E-04 
-3.18698E-03 3.90839E-04 
-3.32857E-03 3.89199E-04 
-3.58949E-03 3.87141E-04 
-4.15123E-03 3.80735E-04 
-5.20754E-03 3.65616E-04 
-6.53080E-03 3.49156E-04 
-7.58538E-03 3.47929E-04 
-2.77457E-03 4.20638E-04 
-2.77000E-03 4.28399E-04 
-2.77313E-03 4.31459E-04 
-2.76237E-03 4.36767E-04 
-2.75292E-03 4.41412E-04 
-2.74519E-03 4.45339E-04 
-2.73965E-03 4.48513E-04 
-2.73716E-03 4.50444E-04 
-2.73677E-03 4.50922E-04 
-2.73724E-03 4.52676E-04 
-2.74209E-03 4.53597E-04 
-2.75203E-03 4.53767E-04 
-2.76780E-03 4.53303E-04 
-2.78701E-03 4.59003E-04 
-2.81866E-03 4.58064E-04 
-2.85899E-03 4.56885E-04 
-2.90926E-03 4.55742E-04 
-2.97125E-03 4.54980E-04 
-3.04811E-03 4.55004E-04 
-3.14763E-03 4.56236E-04 
-3.29343E-03 4.58923E-04 
-3.55979E-03 4.62471E-04 
-4.13034E-03 4.64280E-04 
-5.20157E-03 4.61870E-04 
-6.54360E-03 4.62107E-04 
-7.61360E-03 4.78081E-04 
-2.71155E-03 4.63507E-04 
-2.70545E-03 4.72265E-04 
-2.70895E-03 4.77100E-04 
-2.69729E-03 4.83339E-04 
-2.68711E-03 4.88890E-04 
-2.67887E-03 4.93716E-04 
-2.67305E-03 4.97803E-04 
-2.67053E-03 5.00464E-04 
-2.67016E-03 5.01162E-04 
-2.67093E-03 5.04011E-04 
-2.67642E-03 5.06135E-04 
-2.68736E-03 5.07653E-04 
-2.70448E-03 5.08722E-04 
-2.72441E-03 5.16961E-04 
-2.75798E-03 5.18003E-04 
-2.80055E-03 5.19103E-04 
-2.85340E-03 5.20600E-04 
-2.91825E-03 5.22908E-04 
-2.99825E-03 5.26513E-04 
-3.10116E-03 5.31956E-04 
-3.25075E-03 5.39715E-04 
-3.52199E-03 5.49810E-04 
-4.10053E-03 5.61222E-04 
-5.18544E-03 5.73682E-04 
-6.54446E-03 5.93320E-04 
-7.62780E-03 6.28979E-04 
-2.64361E-03 5.11699E-04 
-2.63571E-03 5.21573E-04 
-2.63950E-03 5.28747E-04 
-2.62671E-03 5.36056E-04 
-2.61561E-03 5.42661E-04 
-2.60668E-03 5.48549E-04 
-2.60044E-03 5.53730E-04 
-2.59778E-03 5.57277E-04 
-2.59740E-03 5.58242E-04 
-2.59836E-03 5.62432E-04 
-2.60439E-03 5.66039E-04 
-2.61621E-03 5.69220E-04 
-2.63457E-03 5.72174E-04 
-2.65497E-03 5.83394E-04 
-2.69029E-03 5.86817E-04 
-2.73494E-03 5.90647E-04 
-2.79015E-03 5.95291E-04 
-2.85760E-03 6.01235E-04 
-2.94040E-03 6.09056E-04 
-3.04628E-03 6.19422E-04 
-3.19912E-03 6.33071E-04 
-3.47451E-03 6.50746E-04 
-4.06001E-03 6.73288E-04 
-5.15699E-03 7.02985E-04 
-6.53078E-03 7.44970E-04 
-7.62493E-03 8.02974E-04 
-2.57006E-03 5.65954E-04 
-2.56007E-03 5.77077E-04 
-2.56407E-03 5.87289E-04 
-2.54991E-03 5.95824E-04 
-2.53768E-03 6.03655E-04 
-2.52787E-03 6.10794E-04 
-2.52104E-03 6.17280E-04 
-2.51813E-03 6.21893E-04 
-2.51771E-03 6.23181E-04 
-2.51870E-03 6.29000E-04 
-2.52513E-03 6.34411E-04 
-2.53771E-03 6.39617E-04 
-2.55717E-03 6.44859E-04 
-2.57771E-03 6.59552E-04 
-2.61457E-03 6.65806E-04 
-2.66105E-03 6.72874E-04 
-2.71832E-03 6.81232E-04 
-2.78802E-03 6.91446E-04 
-2.87319E-03 7.04185E-04 
-2.98150E-03 7.20254E-04 
-3.13692E-03 7.40690E-04 
-3.41559E-03 7.67071E-04 
-4.00675E-03 8.02405E-04 
-5.11378E-03 8.51919E-04 
-6.49962E-03 9.19435E-04 
-7.60152E-03 1.00262E-03 
-2.49020E-03 6.27180E-04 
-2.47781E-03 6.39701E-04 
-2.48190E-03 6.53806E-04 
-2.46611E-03 6.63741E-04 
-2.45251E-03 6.72992E-04 
-2.44162E-03 6.81598E-04 
-2.43400E-03 6.89632E-04 
-2.43070E-03 6.95518E-04 
-2.43021E-03 6.97193E-04 
-2.43106E-03 7.04970E-04 
-2.43771E-03 7.12555E-04 
-2.45087E-03 7.20196E-04 
-2.47123E-03 7.28183E-04 
-2.49150E-03 7.46887E-04 
-2.52962E-03 7.56478E-04 
-2.57761E-03 7.67350E-04 
-2.63657E-03 7.80054E-04 
-2.70808E-03 7.95236E-04 
-2.79507E-03 8.13663E-04 
-2.90516E-03 8.36289E-04 
-3.06233E-03 8.64483E-04 
-3.34318E-03 9.00787E-04 
-3.93841E-03 9.50714E-04 
-5.05305E-03 1.02284E-03 
-6.44761E-03 1.11930E-03 
-7.55366E-03 1.23064E-03 
-2.40329E-03 6.96473E-04 
-2.38818E-03 7.10558E-04 
-2.39217E-03 7.29581E-04 
-2.37446E-03 7.41111E-04 
-2.35922E-03 7.51998E-04 
-2.34701E-03 7.62317E-04 
-2.33839E-03 7.72173E-04 
-2.33454E-03 7.79568E-04 
-2.33392E-03 7.81704E-04 
-2.33441E-03 7.91810E-04 
-2.34107E-03 8.01985E-04 
-2.35456E-03 8.12523E-04 
-2.37556E-03 8.23763E-04 
-2.39504E-03 8.47065E-04 
-2.43409E-03 8.60555E-04 
-2.48318E-03 8.75857E-04 
-2.54337E-03 8.93602E-04 
-2.61611E-03 9.14518E-04 
-2.70425E-03 9.39472E-04 
-2.81529E-03 9.69577E-04 
-2.97321E-03 1.00657E-03 
-3.25493E-03 1.05411E-03 
-3.85233E-03 1.12056E-03 
-4.97161E-03 1.21828E-03 
-6.37093E-03 1.34734E-03 
-7.47687E-03 1.48996E-03 
-2.30853E-03 7.75132E-04 
-2.29033E-03 7.90966E-04 
-2.29395E-03 8.16119E-04 
-2.27400E-03 8.29457E-04 
-2.25683E-03 8.42221E-04 
-2.24301E-03 8.54525E-04 
-2.23313E-03 8.66511E-04 
-2.22853E-03 8.75679E-04 
-2.22773E-03 8.78357E-04 
-2.22758E-03 8.91208E-04 
-2.23395E-03 9.04437E-04 
-2.24748E-03 9.18385E-04 
-2.26876E-03 9.33440E-04 
-2.28686E-03 9.61969E-04 
-2.32638E-03 9.79975E-04 
-2.37608E-03 1.00040E-03 
-2.43690E-03 1.02394E-03 
-2.51019E-03 1.05143E-03 
-2.59866E-03 1.08381E-03 
-2.70967E-03 1.12239E-03 
-2.86713E-03 1.16930E-03 
-3.14817E-03 1.22944E-03 
-3.74544E-03 1.31447E-03 
-4.86583E-03 1.44099E-03 
-6.26521E-03 1.60648E-03 
-7.36614E-03 1.78357E-03 
-2.20503E-03 8.64681E-04 
-2.18333E-03 8.82466E-04 
-2.18618E-03 9.15164E-04 
-2.16362E-03 9.30538E-04 
-2.14417E-03 9.45443E-04 
-2.12842E-03 9.60033E-04 
-2.11696E-03 9.74491E-04 
-2.11137E-03 9.85723E-04 
-2.11032E-03 9.89033E-04 
-2.10919E-03 1.00509E-03 
-2.11491E-03 1.02188E-03 
-2.12807E-03 1.03981E-03 
-2.14921E-03 1.05930E-03 
-2.16518E-03 1.09371E-03 
-2.20464E-03 1.11692E-03 
-2.25432E-03 1.14321E-03 
-2.31506E-03 1.17339E-03 
-2.38806E-03 1.20833E-03 
-2.47586E-03 1.24913E-03 
-2.58567E-03 1.29722E-03 
-2.74126E-03 1.35522E-03 
-3.01976E-03 1.42943E-03 
-3.61421E-03 1.53520E-03 
-4.73155E-03 1.69386E-03 
-6.12550E-03 1.89979E-03 
-7.21574E-03 2.11461E-03 
-2.09178E-03 9.66860E-04 
-2.06615E-03 9.86822E-04 
-2.06763E-03 1.02869E-03 
-2.04203E-03 1.04634E-03 
-2.01990E-03 1.06367E-03 
-2.00184E-03 1.08088E-03 
-1.98841E-03 1.09818E-03 
-1.98154E-03 1.11180E-03 
-1.98015E-03 1.11584E-03 
-1.97761E-03 1.13561E-03 
-1.98223E-03 1.15653E-03 
-1.99453E-03 1.17904E-03 
-2.01498E-03 1.20363E-03 
-2.02795E-03 1.24463E-03 
-2.06669E-03 1.27377E-03 
-2.11561E-03 1.30675E-03 
-2.17540E-03 1.34445E-03 
-2.24710E-03 1.38782E-03 
-2.33306E-03 1.43805E-03 
-2.44029E-03 1.49676E-03 
-2.59233E-03 1.56707E-03 
-2.86616E-03 1.65685E-03 
-3.45464E-03 1.78561E-03 
-4.56403E-03 1.97991E-03 
-5.94619E-03 2.23040E-03 
-7.01928E-03 2.48619E-03 
-1.96761E-03 1.08366E-03 
-1.93755E-03 1.10605E-03 
-1.93683E-03 1.15890E-03 
-1.90770E-03 1.17909E-03 
-1.88242E-03 1.19915E-03 
-1.86159E-03 1.21933E-03 
-1.84574E-03 1.23989E-03 
-1.83722E-03 1.25624E-03 
-1.83539E-03 1.26112E-03 
-1.83091E-03 1.28515E-03 
-1.83388E-03 1.31080E-03 
-1.84472E-03 1.33857E-03 
-1.86381E-03 1.36899E-03 
-1.87275E-03 1.41728E-03 
-1.90998E-03 1.45316E-03 
-1.95725E-03 1.49371E-03 
-2.01506E-03 1.53988E-03 
-2.08427E-03 1.59270E-03 
-2.16701E-03 1.65344E-03 
-2.27004E-03 1.72392E-03 
-2.41659E-03 1.80779E-03 
-2.68324E-03 1.91467E-03 
-3.26210E-03 2.06872E-03 
-4.35792E-03 2.30224E-03 
-5.72096E-03 2.60146E-03 
-6.76954E-03 2.90137E-03 
-1.83113E-03 1.21730E-03 
-1.79608E-03 1.24240E-03 
-1.79202E-03 1.30823E-03 
-1.75880E-03 1.33124E-03 
-1.72982E-03 1.35437E-03 
-1.70567E-03 1.37790E-03 
-1.68686E-03 1.40215E-03 
-1.67627E-03 1.42162E-03 
-1.67387E-03 1.42745E-03 
-1.66683E-03 1.45634E-03 
-1.66747E-03 1.48738E-03 
-1.67612E-03 1.52113E-03 
-1.69305E-03 1.55816E-03 
-1.69674E-03 1.61444E-03 
-1.73155E-03 1.65793E-03 
-1.77610E-03 1.70700E-03 
-1.83072E-03 1.76266E-03 
-1.89605E-03 1.82600E-03 
-1.97396E-03 1.89837E-03 
-2.07090E-03 1.98178E-03 
-2.20973E-03 2.08046E-03 
-2.46634E-03 2.20598E-03 
-3.03138E-03 2.38763E-03 
-4.10712E-03 2.66397E-03 
-5.44266E-03 3.01606E-03 
-6.45848E-03 3.36304E-03 
-1.68070E-03 1.37027E-03 
-1.64003E-03 1.39839E-03 
-1.63108E-03 1.47935E-03 
-1.59313E-03 1.50546E-03 
-1.55983E-03 1.53201E-03 
-1.53173E-03 1.55931E-03 
-1.50932E-03 1.58773E-03 
-1.49615E-03 1.61072E-03 
-1.49302E-03 1.61763E-03 
-1.48268E-03 1.65202E-03 
-1.48019E-03 1.68916E-03 
-1.48578E-03 1.72966E-03 
-1.49960E-03 1.77413E-03 
-1.49664E-03 1.83911E-03 
-1.52793E-03 1.89114E-03 
-1.56854E-03 1.94974E-03 
-1.61856E-03 2.01594E-03 
-1.67838E-03 2.09091E-03 
-1.74959E-03 2.17606E-03 
-1.83830E-03 2.27356E-03 
-1.96684E-03 2.38828E-03 
-2.21012E-03 2.53393E-03 
-2.75654E-03 2.74543E-03 
-3.80479E-03 3.06815E-03 
-5.10335E-03 3.47710E-03 
-6.07716E-03 3.87379E-03 
-1.51435E-03 1.54527E-03 
-1.46737E-03 1.57678E-03 
-1.45150E-03 1.67508E-03 
-1.40808E-03 1.70461E-03 
-1.36973E-03 1.73496E-03 
-1.33696E-03 1.76648E-03 
-1.31021E-03 1.79958E-03 
-1.29387E-03 1.82653E-03 
-1.28983E-03 1.83466E-03 
-1.27531E-03 1.87524E-03 
-1.26875E-03 1.91925E-03 
-1.27027E-03 1.96733E-03 
-1.27986E-03 2.02014E-03 
-1.26865E-03 2.09447E-03 
-1.29518E-03 2.15604E-03 
-1.33041E-03 2.22522E-03 
-1.37420E-03 2.30309E-03 
-1.42664E-03 2.39081E-03 
-1.48900E-03 2.48986E-03 
-1.56699E-03 2.60259E-03 
-1.68233E-03 2.73450E-03 
-1.90857E-03 2.90166E-03 
-2.43092E-03 3.14515E-03 
-3.44328E-03 3.51763E-03 
-4.69417E-03 3.98713E-03 
-5.61570E-03 4.43571E-03 
-1.32674E-03 1.74857E-03 
-1.27255E-03 1.78397E-03 
-1.24694E-03 1.90209E-03 
-1.19714E-03 1.93545E-03 
-1.15283E-03 1.97008E-03 
-1.11447E-03 2.00639E-03 
-1.08244E-03 2.04481E-03 
-1.06217E-03 2.07628E-03 
-1.05701E-03 2.08581E-03 
-1.03721E-03 2.13345E-03 
-1.02542E-03 2.18527E-03 
-1.02159E-03 2.24195E-03 
-1.02557E-03 2.30419E-03 
-1.00412E-03 2.38864E-03 
-1.02433E-03 2.46098E-03 
-1.05242E-03 2.54204E-03 
-1.08794E-03 2.63290E-03 
-1.13068E-03 2.73473E-03 
-1.18155E-03 2.84901E-03 
-1.24578E-03 2.97825E-03 
-1.34433E-03 3.12868E-03 
-1.54896E-03 3.31892E-03 
-2.04058E-03 3.59683E-03 
-3.00681E-03 4.02298E-03 
-4.19706E-03 4.55730E-03 
-5.05392E-03 5.06016E-03 
-1.12089E-03 1.97706E-03 
-1.05876E-03 2.01680E-03 
-1.02016E-03 2.15643E-03 
-9.63174E-04 2.19393E-03 
-9.12085E-04 2.23325E-03 
-8.67290E-04 2.27482E-03 
-8.29091E-04 2.31911E-03 
-8.04189E-04 2.35556E-03 
-7.97684E-04 2.36662E-03 
-7.71525E-04 2.42203E-03 
-7.53323E-04 2.48243E-03 
-7.42883E-04 2.54855E-03 
-7.39862E-04 2.62109E-03 
-7.06273E-04 2.71600E-03 
-7.18590E-04 2.80007E-03 
-7.37732E-04 2.89396E-03 
-7.62946E-04 2.99873E-03 
-7.93668E-04 3.11551E-03 
-8.30410E-04 3.24577E-03 
-8.77888E-04 3.39217E-03 
-9.56146E-04 3.56163E-03 
-1.13477E-03 3.77551E-03 
-1.58920E-03 4.08888E-03 
-2.49938E-03 4.57048E-03 
-3.61658E-03 5.17117E-03 
-4.39730E-03 5.72813E-03 
-8.90801E-04 2.23707E-03 
-8.19800E-04 2.28178E-03 
-7.63970E-04 2.44449E-03 
-6.98832E-04 2.48659E-03 
-6.39966E-04 2.53112E-03 
-5.87707E-04 2.57857E-03 
-5.42268E-04 2.62942E-03 
-5.11856E-04 2.67144E-03 
-5.03747E-04 2.68420E-03 
-4.69929E-04 2.74828E-03 
-4.43919E-04 2.81824E-03 
-4.25340E-04 2.89481E-03 
-4.13644E-04 2.97870E-03 
-3.65649E-04 3.08447E-03 
-3.68173E-04 3.18140E-03 
-3.76204E-04 3.28924E-03 
-3.88641E-04 3.40897E-03 
-4.04544E-04 3.54166E-03 
-4.23989E-04 3.68871E-03 
-4.51118E-04 3.85289E-03 
-5.04915E-04 4.04189E-03 
-6.52270E-04 4.27993E-03 
-1.06186E-03 4.62980E-03 
-1.90425E-03 5.16873E-03 
-2.93379E-03 5.83743E-03 
-3.62496E-03 6.44805E-03 
-6.32747E-04 2.53207E-03 
-5.51885E-04 2.58254E-03 
-4.73615E-04 2.76926E-03 
-3.99276E-04 2.81648E-03 
-3.31556E-04 2.86686E-03 
-2.70707E-04 2.92089E-03 
-2.16846E-04 2.97910E-03 
-1.79961E-04 3.02733E-03 
-1.69957E-04 3.04201E-03 
-1.27029E-04 3.11575E-03 
-9.16382E-05 3.19630E-03 
-6.32013E-05 3.28440E-03 
-4.09412E-05 3.38075E-03 
2.39627E-05 3.49758E-03 
3.34015E-05 3.60850E-03 
3.89593E-05 3.73134E-03 
4.21131E-05 3.86697E-03 
4.42129E-05 4.01632E-03 
4.56446E-05 4.18070E-03 
4.29005E-05 4.36294E-03 
1.82232E-05 4.57149E-03 
-9.20355E-05 4.83366E-03 
-4.48330E-04 5.22036E-03 
-1.21002E-03 5.81759E-03 
-2.13596E-03 6.55470E-03 
-2.72314E-03 7.21713E-03 
-3.42488E-04 2.86566E-03 
-2.50692E-04 2.92283E-03 
-1.43682E-04 3.13353E-03 
-5.90390E-05 3.18655E-03 
1.86882E-05 3.24353E-03 
8.93426E-05 3.30498E-03 
1.52918E-04 3.37144E-03 
1.97336E-04 3.42664E-03 
2.09556E-04 3.44345E-03 
2.63206E-04 3.52794E-03 
3.09736E-04 3.62022E-03 
3.49964E-04 3.72098E-03 
3.84923E-04 3.83089E-03 
4.69475E-04 3.95878E-03 
4.93363E-04 4.08475E-03 
5.15344E-04 4.22350E-03 
5.37300E-04 4.37572E-03 
5.61014E-04 4.54217E-03 
5.87360E-04 4.72399E-03 
6.13519E-04 4.92404E-03 
6.23131E-04 5.15156E-03 
5.56387E-04 5.43707E-03 
2.62657E-04 5.86000E-03 
-4.04243E-04 6.51526E-03 
-1.20934E-03 7.31959E-03 
-1.67719E-03 8.03029E-03 
-1.47342E-05 3.24207E-03 
8.91722E-05 3.30715E-03 
2.32447E-04 3.54048E-03 
3.28562E-04 3.60015E-03 
4.17537E-04 3.66467E-03 
4.99321E-04 3.73455E-03 
5.74033E-04 3.81033E-03 
6.27165E-04 3.87335E-03 
6.41960E-04 3.89255E-03 
7.08139E-04 3.98901E-03 
7.67801E-04 4.09423E-03 
8.22022E-04 4.20883E-03 
8.72124E-04 4.33340E-03 
9.79342E-04 4.47205E-03 
1.02057E-03 4.61398E-03 
1.06226E-03 4.76931E-03 
1.10672E-03 4.93849E-03 
1.15618E-03 5.12201E-03 
1.21204E-03 5.32082E-03 
1.27219E-03 5.53775E-03 
1.32186E-03 5.78282E-03 
1.30573E-03 6.08993E-03 
1.08475E-03 6.54733E-03 
5.28051E-04 7.25883E-03 
-1.37497E-04 8.12734E-03 
-4.69699E-04 8.88076E-03 
3.55185E-04 3.66423E-03 
4.72457E-04 3.73866E-03 
6.60643E-04 3.99152E-03 
7.69419E-04 4.05892E-03 
8.70931E-04 4.13211E-03 
9.65248E-04 4.21162E-03 
1.05263E-03 4.29794E-03 
1.11576E-03 4.36972E-03 
1.13352E-03 4.39157E-03 
1.21423E-03 4.50130E-03 
1.28925E-03 4.62067E-03 
1.35994E-03 4.75022E-03 
1.42795E-03 4.89039E-03 
1.56106E-03 5.03908E-03 
1.62293E-03 5.19755E-03 
1.68807E-03 5.36966E-03 
1.75923E-03 5.55555E-03 
1.83909E-03 5.75541E-03 
1.92954E-03 5.96987E-03 
2.02927E-03 6.20174E-03 
2.12525E-03 6.46182E-03 
2.16733E-03 6.78748E-03 
2.02993E-03 7.27600E-03 
1.59970E-03 8.03987E-03 
1.09322E-03 8.96698E-03 
9.13320E-04 9.75503E-03 
7.72729E-04 4.13544E-03 
9.04747E-04 4.22098E-03 
1.14757E-03 4.48812E-03 
1.27024E-03 4.56461E-03 
1.38566E-03 4.64787E-03 
1.49402E-03 4.73838E-03 
1.59576E-03 4.83660E-03 
1.67032E-03 4.91818E-03 
1.69150E-03 4.94298E-03 
1.78900E-03 5.06728E-03 
1.88190E-03 5.20197E-03 
1.97191E-03 5.34741E-03 
2.06100E-03 5.50385E-03 
2.22347E-03 5.66131E-03 
2.30984E-03 5.83636E-03 
2.40274E-03 6.02478E-03 
2.50537E-03 6.22632E-03 
2.62085E-03 6.44077E-03 
2.75157E-03 6.66845E-03 
2.89700E-03 6.91205E-03 
3.04605E-03 7.18318E-03 
3.15446E-03 7.52276E-03 
3.11208E-03 8.03716E-03 
2.82543E-03 8.84712E-03 
2.49830E-03 9.82441E-03 
2.48753E-03 1.06362E-02 
1.24326E-03 4.65843E-03 
1.39157E-03 4.75712E-03 
1.69956E-03 5.03086E-03 
1.83743E-03 5.11808E-03 
1.96823E-03 5.21303E-03 
2.09233E-03 5.31612E-03 
2.21032E-03 5.42772E-03 
2.29794E-03 5.52012E-03 
2.32303E-03 5.54816E-03 
2.43992E-03 5.68825E-03 
2.55366E-03 5.83919E-03 
2.66628E-03 6.00110E-03 
2.78014E-03 6.17396E-03 
2.97568E-03 6.33823E-03 
3.09100E-03 6.52908E-03 
3.21662E-03 6.73234E-03 
3.35613E-03 6.94730E-03 
3.51307E-03 7.17329E-03 
3.69030E-03 7.41026E-03 
3.88805E-03 7.66079E-03 
4.09734E-03 7.93729E-03 
4.28055E-03 8.28427E-03 
4.34504E-03 8.81707E-03 
4.21955E-03 9.66400E-03 
4.09230E-03 1.06797E-02 
4.26713E-03 1.15014E-02 
1.77271E-03 5.23623E-03 
1.93915E-03 5.35037E-03 
2.32336E-03 5.62034E-03 
2.47787E-03 5.72025E-03 
2.62575E-03 5.82873E-03 
2.76753E-03 5.94607E-03 
2.90400E-03 6.07251E-03 
3.00662E-03 6.17670E-03 
3.03623E-03 6.20822E-03 
3.17561E-03 6.36504E-03 
3.31367E-03 6.53271E-03 
3.45284E-03 6.71105E-03 
3.59584E-03 6.89967E-03 
3.82846E-03 7.06785E-03 
3.97797E-03 7.27255E-03 
4.14202E-03 7.48780E-03 
4.32456E-03 7.71241E-03 
4.52948E-03 7.94521E-03 
4.76003E-03 8.18572E-03 
5.01723E-03 8.43643E-03 
5.29431E-03 8.71058E-03 
5.56108E-03 9.05622E-03 
5.74458E-03 9.59740E-03 
5.79812E-03 1.04690E-02 
5.89130E-03 1.15079E-02 
6.26752E-03 1.23221E-02 
2.36603E-03 5.87051E-03 
2.55283E-03 6.00251E-03 
3.02414E-03 6.25567E-03 
3.19701E-03 6.37041E-03 
3.36400E-03 6.49430E-03 
3.52581E-03 6.62747E-03 
3.68347E-03 6.76997E-03 
3.80343E-03 6.88660E-03 
3.83829E-03 6.92175E-03 
4.00390E-03 7.09560E-03 
4.17051E-03 7.27965E-03 
4.34091E-03 7.47332E-03 
4.51820E-03 7.67579E-03 
4.79221E-03 7.84379E-03 
4.98197E-03 8.05871E-03 
5.19093E-03 8.28129E-03 
5.42335E-03 8.50979E-03 
5.68336E-03 8.74252E-03 
5.97453E-03 8.97861E-03 
6.29856E-03 9.22046E-03 
6.65108E-03 9.48217E-03 
7.01007E-03 9.81528E-03 
7.32444E-03 1.03520E-02 
7.57444E-03 1.12325E-02 
7.90765E-03 1.22752E-02 
8.49943E-03 1.30617E-02 
3.02781E-03 6.56224E-03 
3.23779E-03 6.71434E-03 
3.80617E-03 6.93530E-03 
3.99958E-03 7.06692E-03 
4.18824E-03 7.20788E-03 
4.37307E-03 7.35804E-03 
4.55533E-03 7.51722E-03 
4.69557E-03 7.64635E-03 
4.73658E-03 7.68505E-03 
4.93306E-03 7.87514E-03 
5.13336E-03 8.07389E-03 
5.34063E-03 8.28024E-03 
5.55832E-03 8.49289E-03 
5.87832E-03 8.65507E-03 
6.11530E-03 8.87443E-03 
6.37647E-03 9.09736E-03 
6.66627E-03 9.32156E-03 
6.98896E-03 9.54486E-03 
7.34829E-03 9.76603E-03 
7.74659E-03 9.98745E-03 
8.18198E-03 1.02241E-02 
8.64142E-03 1.05309E-02 
9.09783E-03 1.10474E-02 
9.56063E-03 1.19173E-02 
1.01518E-02 1.29409E-02 
1.09709E-02 1.36760E-02 
3.76192E-03 7.31092E-03 
3.99879E-03 7.48479E-03 
4.67232E-03 7.65638E-03 
4.88921E-03 7.80650E-03 
5.10296E-03 7.96548E-03 
5.31469E-03 8.13292E-03 
5.52592E-03 8.30825E-03 
5.69015E-03 8.44889E-03 
5.73846E-03 8.49077E-03 
5.97158E-03 8.69461E-03 
6.21186E-03 8.90443E-03 
6.46275E-03 9.11865E-03 
6.72802E-03 9.33542E-03 
7.09891E-03 9.48433E-03 
7.39094E-03 9.69968E-03 
7.71230E-03 9.91322E-03 
8.06747E-03 1.01221E-02 
8.46067E-03 1.03238E-02 
8.89568E-03 1.05168E-02 
9.37535E-03 1.07036E-02 
9.90039E-03 1.09001E-02 
1.04675E-02 1.11644E-02 
1.10758E-02 1.16420E-02 
1.17658E-02 1.24785E-02 
1.26301E-02 1.34563E-02 
1.36849E-02 1.41139E-02 
4.57154E-03 8.11371E-03 
4.84019E-03 8.30983E-03 
5.62406E-03 8.41416E-03 
5.86847E-03 8.58329E-03 
6.11189E-03 8.75995E-03 
6.35566E-03 8.94335E-03 
6.60149E-03 9.13252E-03 
6.79442E-03 9.28215E-03 
6.85145E-03 9.32635E-03 
7.12833E-03 9.53902E-03 
7.41617E-03 9.75365E-03 
7.71866E-03 9.96811E-03 
8.03973E-03 1.01800E-02 
8.46663E-03 1.03061E-02 
8.82227E-03 1.05059E-02 
9.21226E-03 1.06972E-02 
9.64094E-03 1.08768E-02 
1.01123E-02 1.10419E-02 
1.06300E-02 1.11909E-02 
1.11972E-02 1.13264E-02 
1.18174E-02 1.14654E-02 
1.24978E-02 1.16687E-02 
1.32656E-02 1.20866E-02 
1.41945E-02 1.28638E-02 
1.53433E-02 1.37661E-02 
1.66378E-02 1.43188E-02 
5.45977E-03 8.96445E-03 
5.76662E-03 9.18133E-03 
6.66216E-03 9.20103E-03 
6.93966E-03 9.38782E-03 
7.21888E-03 9.57968E-03 
7.50134E-03 9.77539E-03 
7.78895E-03 9.97353E-03 
8.01642E-03 1.01275E-02 
8.08393E-03 1.01725E-02 
8.41318E-03 1.03860E-02 
8.75751E-03 1.05959E-02 
9.12073E-03 1.07996E-02 
9.50678E-03 1.09943E-02 
9.99488E-03 1.10855E-02 
1.04230E-02 1.12550E-02 
1.08901E-02 1.14082E-02 
1.14001E-02 1.15417E-02 
1.19565E-02 1.16525E-02 
1.25627E-02 1.17392E-02 
1.32221E-02 1.18048E-02 
1.39411E-02 1.18675E-02 
1.47379E-02 1.19900E-02 
1.56699E-02 1.23256E-02 
1.68452E-02 1.30155E-02 
1.82852E-02 1.38108E-02 
1.98182E-02 1.42308E-02 
6.43010E-03 9.85175E-03 
6.78340E-03 1.00851E-02 
7.78737E-03 1.00047E-02 
8.10536E-03 1.02051E-02 
8.42832E-03 1.04067E-02 
8.75789E-03 1.06079E-02 
9.09608E-03 1.08068E-02 
9.36513E-03 1.09578E-02 
9.44521E-03 1.10014E-02 
9.83688E-03 1.12038E-02 
1.02478E-02 1.13957E-02 
1.06818E-02 1.15740E-02 
1.11425E-02 1.17355E-02 
1.16967E-02 1.17778E-02 
1.22061E-02 1.18990E-02 
1.27581E-02 1.19954E-02 
1.33560E-02 1.20635E-02 
1.40029E-02 1.21005E-02 
1.47014E-02 1.21052E-02 
1.54553E-02 1.20815E-02 
1.62737E-02 1.20483E-02 
1.71868E-02 1.20701E-02 
1.82839E-02 1.23005E-02 
1.97085E-02 1.28743E-02 
2.14402E-02 1.35309E-02 
2.32044E-02 1.37916E-02 
7.48934E-03 1.07586E-02 
7.89943E-03 1.10003E-02 
9.00380E-03 1.08078E-02 
9.37183E-03 1.10139E-02 
9.74849E-03 1.12160E-02 
1.01354E-02 1.14121E-02 
1.05347E-02 1.15997E-02 
1.08535E-02 1.17376E-02 
1.09485E-02 1.17765E-02 
1.14138E-02 1.19520E-02 
1.19024E-02 1.21087E-02 
1.24175E-02 1.22432E-02 
1.29627E-02 1.23523E-02 
1.35874E-02 1.23296E-02 
1.41858E-02 1.23821E-02 
1.48291E-02 1.24009E-02 
1.55198E-02 1.23827E-02 
1.62602E-02 1.23253E-02 
1.70521E-02 1.22281E-02 
1.78995E-02 1.20956E-02 
1.88145E-02 1.19479E-02 
1.98400E-02 1.18501E-02 
2.10986E-02 1.19533E-02 
2.27699E-02 1.23828E-02 
2.47877E-02 1.28700E-02 
2.67693E-02 1.29482E-02 
8.64066E-03 1.16541E-02 
9.11947E-03 1.18918E-02 
1.03111E-02 1.15798E-02 
1.07404E-02 1.17796E-02 
1.11822E-02 1.19689E-02 
1.16380E-02 1.21450E-02 
1.21096E-02 1.23054E-02 
1.24867E-02 1.24169E-02 
1.25991E-02 1.24473E-02 
1.31495E-02 1.25764E-02 
1.37263E-02 1.26774E-02 
1.43322E-02 1.27471E-02 
1.49702E-02 1.27822E-02 
1.56679E-02 1.26777E-02 
1.63607E-02 1.26402E-02 
1.70988E-02 1.25603E-02 
1.78838E-02 1.24356E-02 
1.87168E-02 1.22644E-02 
1.95990E-02 1.20471E-02 
2.05345E-02 1.17892E-02 
2.15386E-02 1.15116E-02 
2.26674E-02 1.12787E-02 
2.40779E-02 1.12363E-02 
2.59860E-02 1.14966E-02 
2.82760E-02 1.17879E-02 
3.04536E-02 1.16662E-02 
9.90093E-03 1.25050E-02 
1.04622E-02 1.27220E-02 
1.17243E-02 1.22877E-02 
1.22279E-02 1.24648E-02 
1.27477E-02 1.26236E-02 
1.32849E-02 1.27611E-02 
1.38409E-02 1.28745E-02 
1.42852E-02 1.29440E-02 
1.44175E-02 1.29611E-02 
1.50642E-02 1.30211E-02 
1.57389E-02 1.30435E-02 
1.64440E-02 1.30252E-02 
1.71814E-02 1.29636E-02 
1.79531E-02 1.27603E-02 
1.87429E-02 1.26114E-02 
1.95761E-02 1.24126E-02 
2.04532E-02 1.21624E-02 
2.13741E-02 1.18602E-02 
2.23395E-02 1.15076E-02 
2.33532E-02 1.11109E-02 
2.44344E-02 1.06917E-02 
2.56527E-02 1.03125E-02 
2.72009E-02 1.01100E-02 
2.93305E-02 1.01800E-02 
3.18729E-02 1.02533E-02 
3.42198E-02 9.92028E-03 
1.12853E-02 1.32630E-02 
1.19433E-02 1.34385E-02 
1.32562E-02 1.28840E-02 
1.38478E-02 1.30182E-02 
1.44587E-02 1.31253E-02 
1.50896E-02 1.32023E-02 
1.57414E-02 1.32466E-02 
1.62607E-02 1.32565E-02 
1.64151E-02 1.32553E-02 
1.71674E-02 1.32221E-02 
1.79477E-02 1.31420E-02 
1.87574E-02 1.30127E-02 
1.95974E-02 1.28323E-02 
2.04410E-02 1.25148E-02 
2.13261E-02 1.22355E-02 
2.22501E-02 1.19008E-02 
2.32123E-02 1.15102E-02 
2.42115E-02 1.10643E-02 
2.52475E-02 1.05662E-02 
2.63246E-02 1.00232E-02 
2.74656E-02 9.45684E-03 
2.87547E-02 8.92633E-03 
3.04206E-02 8.55550E-03 
3.27501E-02 8.42012E-03 
3.55184E-02 8.26018E-03 
3.80019E-02 7.71243E-03 
1.28144E-02 1.38720E-02 
1.35830E-02 1.39820E-02 
1.49253E-02 1.33140E-02 
1.56183E-02 1.33820E-02 
1.63324E-02 1.34139E-02 
1.70678E-02 1.34069E-02 
1.78248E-02 1.33586E-02 
1.84254E-02 1.32913E-02 
1.86035E-02 1.32666E-02 
1.94677E-02 1.31162E-02 
2.03576E-02 1.29110E-02 
2.12734E-02 1.26495E-02 
2.22147E-02 1.23310E-02 
2.31245E-02 1.18871E-02 
2.40983E-02 1.14628E-02 
2.51038E-02 1.09799E-02 
2.61388E-02 1.04394E-02 
2.72013E-02 9.84351E-03 
2.82903E-02 9.19628E-03 
2.94109E-02 8.50629E-03 
3.05898E-02 7.79446E-03 
3.19260E-02 7.11480E-03 
3.36850E-02 6.57420E-03 
3.61873E-02 6.22540E-03 
3.91493E-02 5.82466E-03 
4.17326E-02 5.06705E-03 
1.45107E-02 1.42695E-02 
1.54021E-02 1.42885E-02 
1.67523E-02 1.35168E-02 
1.75580E-02 1.34943E-02 
1.83853E-02 1.34270E-02 
1.92335E-02 1.33126E-02 
2.01018E-02 1.31491E-02 
2.07871E-02 1.29879E-02 
2.09896E-02 1.29350E-02 
2.19678E-02 1.26460E-02 
2.29666E-02 1.22962E-02 
2.39849E-02 1.18854E-02 
2.50213E-02 1.14142E-02 
2.59875E-02 1.08363E-02 
2.70380E-02 1.02584E-02 
2.81099E-02 9.62181E-03 
2.92001E-02 8.92907E-03 
3.03057E-02 8.18389E-03 
3.14253E-02 7.39169E-03 
3.25648E-02 6.56173E-03 
3.37553E-02 5.71378E-03 
3.51113E-02 4.89468E-03 
3.69346E-02 4.19036E-03 
3.95783E-02 3.62756E-03 
4.26976E-02 2.98641E-03 
4.53409E-02 2.03206E-03 
1.63959E-02 1.43906E-02 
1.74192E-02 1.42938E-02 
1.87568E-02 1.34309E-02 
1.96833E-02 1.32941E-02 
2.06300E-02 1.31050E-02 
2.15951E-02 1.28619E-02 
2.25768E-02 1.25635E-02 
2.33467E-02 1.22944E-02 
2.35733E-02 1.22094E-02 
2.46622E-02 1.17650E-02 
2.57637E-02 1.12564E-02 
2.68754E-02 1.06851E-02 
2.79946E-02 1.00532E-02 
2.90032E-02 9.33955E-03 
3.01127E-02 8.60675E-03 
3.12308E-02 7.81855E-03 
3.23535E-02 6.97911E-03 
3.34773E-02 6.09357E-03 
3.46008E-02 5.16850E-03 
3.57308E-02 4.21354E-03 
3.69036E-02 3.24650E-03 
3.82491E-02 2.30511E-03 
4.01051E-02 1.45034E-03 
4.28555E-02 6.80440E-04 
4.60927E-02 -1.92826E-04 
4.87547E-02 -1.32331E-03 
1.84869E-02 1.41744E-02 
1.96468E-02 1.39392E-02 
2.09531E-02 1.29989E-02 
2.20041E-02 1.27272E-02 
2.30718E-02 1.23971E-02 
2.41529E-02 1.20081E-02 
2.52447E-02 1.15600E-02 
2.60948E-02 1.11731E-02 
2.63440E-02 1.10534E-02 
2.75344E-02 1.04429E-02 
2.87265E-02 9.76825E-03 
2.99165E-02 9.03254E-03 
3.11007E-02 8.23975E-03 
3.21334E-02 7.39528E-03 
3.32791E-02 6.51445E-03 
3.44184E-02 5.58499E-03 
3.55467E-02 4.61258E-03 
3.66600E-02 3.60363E-03 
3.77573E-02 2.56558E-03 
3.88470E-02 1.50802E-03 
3.99706E-02 4.45949E-04 
4.12737E-02 -5.93963E-04 
4.31295E-02 -1.57935E-03 
4.59498E-02 -2.54243E-03 
4.92640E-02 -3.63221E-03 
5.19036E-02 -4.91184E-03 
2.07931E-02 1.35692E-02 
2.20891E-02 1.31776E-02 
2.33477E-02 1.21740E-02 
2.45219E-02 1.17512E-02 
2.57066E-02 1.12664E-02 
2.68975E-02 1.07201E-02 
2.80904E-02 1.01133E-02 
2.90122E-02 9.60368E-03 
2.92812E-02 9.44821E-03 
3.05581E-02 8.66868E-03 
3.18228E-02 7.82853E-03 
3.30705E-02 6.93273E-03 
3.42967E-02 5.98691E-03 
3.53313E-02 5.02353E-03 
3.64862E-02 4.00964E-03 
3.76178E-02 2.95722E-03 
3.87214E-02 1.87324E-03 
3.97931E-02 7.65110E-04 
4.08324E-02 -3.59209E-04 
4.18497E-02 -1.49068E-03 
4.28920E-02 -2.61799E-03 
4.41206E-02 -3.72735E-03 
4.59429E-02 -4.81819E-03 
4.87960E-02 -5.95449E-03 
5.21460E-02 -7.23894E-03 
5.47237E-02 -8.63594E-03 
2.32992E-02 1.25446E-02 
2.47247E-02 1.19851E-02 
2.59224E-02 1.09324E-02 
2.72121E-02 1.03492E-02 
2.85039E-02 9.70293E-03 
2.97922E-02 8.99531E-03 
3.10716E-02 8.22902E-03 
3.20521E-02 7.59802E-03 
3.23369E-02 7.40754E-03 
3.36794E-02 6.46473E-03 
3.49934E-02 5.46861E-03 
3.62734E-02 4.42586E-03 
3.75142E-02 3.34367E-03 
3.85258E-02 2.28030E-03 
3.96599E-02 1.15628E-03 
4.07528E-02 6.70608E-06 
4.18000E-02 -1.16048E-03 
4.27980E-02 -2.33723E-03 
4.37476E-02 -3.51551E-03 
4.46612E-02 -4.68736E-03 
4.55917E-02 -5.84597E-03 
4.67157E-02 -6.99192E-03 
4.84727E-02 -8.15884E-03 
5.13220E-02 -9.44288E-03 
5.46678E-02 -1.08943E-02 
5.71475E-02 -1.23734E-02 
2.60216E-02 1.10689E-02 
2.75662E-02 1.03345E-02 
2.86916E-02 9.24540E-03 
3.00854E-02 8.49720E-03 
3.14705E-02 7.68750E-03 
3.28400E-02 6.81974E-03 
3.41875E-02 5.89815E-03 
3.52109E-02 5.15130E-03 
3.55065E-02 4.92777E-03 
3.68900E-02 3.83335E-03 
3.82265E-02 2.69663E-03 
3.95101E-02 1.52584E-03 
4.07352E-02 3.29575E-04 
4.16966E-02 -8.10278E-04 
4.27777E-02 -2.01653E-03 
4.37992E-02 -3.23287E-03 
4.47570E-02 -4.45076E-03 
4.56488E-02 -5.66196E-03 
4.64766E-02 -6.85880E-03 
4.72557E-02 -8.03499E-03 
4.80446E-02 -9.18900E-03 
4.90348E-02 -1.03372E-02 
5.06960E-02 -1.15493E-02 
5.35065E-02 -1.29539E-02 
5.68098E-02 -1.45429E-02 
5.91577E-02 -1.60683E-02 
2.89083E-02 9.15563E-03 
3.05557E-02 8.24724E-03 
3.16009E-02 7.13378E-03 
3.30816E-02 6.22391E-03 
3.45408E-02 5.25712E-03 
3.59704E-02 4.23857E-03 
3.73629E-02 3.17411E-03 
3.84102E-02 2.32316E-03 
3.87109E-02 2.07038E-03 
4.01068E-02 8.44502E-04 
4.14358E-02 -4.09318E-04 
4.26916E-02 -1.68150E-03 
4.38689E-02 -2.96245E-03 
4.47525E-02 -4.14988E-03 
4.57484E-02 -5.40485E-03 
4.66665E-02 -6.65270E-03 
4.75038E-02 -7.88479E-03 
4.82591E-02 -9.09316E-03 
4.89365E-02 -1.02710E-02 
4.95539E-02 -1.14142E-02 
5.01758E-02 -1.25271E-02 
5.10076E-02 -1.36427E-02 
5.25465E-02 -1.48679E-02 
5.52856E-02 -1.63621E-02 
5.85110E-02 -1.80557E-02 
6.06987E-02 -1.95909E-02 
3.19262E-02 6.82383E-03 
3.36568E-02 5.74805E-03 
3.46160E-02 4.62070E-03 
3.61633E-02 3.55804E-03 
3.76746E-02 2.44596E-03 
3.91405E-02 1.29137E-03 
4.05526E-02 1.01798E-04 
4.16030E-02 -8.37490E-04 
4.19026E-02 -1.11461E-03 
4.32807E-02 -2.44651E-03 
4.45708E-02 -3.78897E-03 
4.57667E-02 -5.13144E-03 
4.68639E-02 -6.46367E-03 
4.76422E-02 -7.66691E-03 
4.85217E-02 -8.93439E-03 
4.93058E-02 -1.01765E-02 
4.99932E-02 -1.13850E-02 
5.05845E-02 -1.25526E-02 
5.10856E-02 -1.36740E-02 
5.15178E-02 -1.47477E-02 
5.19510E-02 -1.57843E-02 
5.26038E-02 -1.68340E-02 
5.39970E-02 -1.80408E-02 
5.66352E-02 -1.95933E-02 
5.97505E-02 -2.13574E-02 
6.17540E-02 -2.28678E-02 
3.50232E-02 4.11547E-03 
3.68150E-02 2.88398E-03 
3.76848E-02 1.75171E-03 
3.92762E-02 5.50173E-04 
4.08154E-02 -6.90493E-04 
4.22922E-02 -1.96161E-03 
4.36971E-02 -3.25403E-03 
4.47292E-02 -4.26259E-03 
4.50214E-02 -4.55816E-03 
4.63508E-02 -5.96642E-03 
4.75705E-02 -7.36531E-03 
4.86750E-02 -8.74369E-03 
4.96607E-02 -1.00912E-02 
5.03078E-02 -1.12768E-02 
5.10417E-02 -1.25194E-02 
5.16642E-02 -1.37180E-02 
5.21758E-02 -1.48653E-02 
5.25791E-02 -1.59553E-02 
5.28825E-02 -1.69844E-02 
5.31103E-02 -1.79542E-02 
5.33381E-02 -1.88820E-02 
5.37956E-02 -1.98352E-02 
5.50242E-02 -2.09938E-02 
5.75352E-02 -2.25734E-02 
6.05117E-02 -2.43743E-02 
6.23119E-02 -2.58275E-02 
3.81378E-02 1.08936E-03 
3.99675E-02 -2.82123E-04 
4.07467E-02 -1.41187E-03 
4.23586E-02 -2.73449E-03 
4.39010E-02 -4.08338E-03 
4.53627E-02 -5.44807E-03 
4.67336E-02 -6.81788E-03 
4.77263E-02 -7.87439E-03 
4.80048E-02 -8.18195E-03 
4.92554E-02 -9.63424E-03 
5.03745E-02 -1.10552E-02 
5.13578E-02 -1.24335E-02 
5.22030E-02 -1.37593E-02 
5.26954E-02 -1.48938E-02 
5.32579E-02 -1.60745E-02 
5.36948E-02 -1.71930E-02 
5.40087E-02 -1.82432E-02 
5.42046E-02 -1.92211E-02 
5.42937E-02 -2.01252E-02 
5.43033E-02 -2.09603E-02 
5.43139E-02 -2.17507E-02 
5.45652E-02 -2.25805E-02 
5.56144E-02 -2.36640E-02 
5.79756E-02 -2.52403E-02 
6.07884E-02 -2.70452E-02 
6.23714E-02 -2.84122E-02 
4.12019E-02 -2.18212E-03 
4.30461E-02 -3.67500E-03 
4.37353E-02 -4.79620E-03 
4.53441E-02 -6.21942E-03 
4.68653E-02 -7.65372E-03 
4.82869E-02 -9.08690E-03 
4.95982E-02 -1.05068E-02 
5.05313E-02 -1.15888E-02 
5.07902E-02 -1.19016E-02 
5.19339E-02 -1.33645E-02 
5.29248E-02 -1.47725E-02 
5.37599E-02 -1.61149E-02 
5.44389E-02 -1.73826E-02 
5.47562E-02 -1.84335E-02 
5.51257E-02 -1.95174E-02 
5.53575E-02 -2.05216E-02 
5.54568E-02 -2.14422E-02 
5.54313E-02 -2.22773E-02 
5.52947E-02 -2.30277E-02 
5.50775E-02 -2.37020E-02 
5.48647E-02 -2.43312E-02 
5.49037E-02 -2.50151E-02 
5.57634E-02 -2.60000E-02 
5.79558E-02 -2.75446E-02 
6.05842E-02 -2.93222E-02 
6.19409E-02 -3.05782E-02 
4.41166E-02 -5.58352E-03 
4.59530E-02 -7.17649E-03 
4.65550E-02 -8.28444E-03 
4.81388E-02 -9.78558E-03 
4.96163E-02 -1.12807E-02 
5.09750E-02 -1.27561E-02 
5.22039E-02 -1.41982E-02 
5.30601E-02 -1.52831E-02 
5.32943E-02 -1.55943E-02 
5.43074E-02 -1.70351E-02 
5.51473E-02 -1.83968E-02 
5.58128E-02 -1.96695E-02 
5.63059E-02 -2.08458E-02 
5.64338E-02 -2.17845E-02 
5.65956E-02 -2.27411E-02 
5.66102E-02 -2.36023E-02 
5.64855E-02 -2.43666E-02 
5.62321E-02 -2.50345E-02 
5.58663E-02 -2.56097E-02 
5.54216E-02 -2.61042E-02 
5.49866E-02 -2.65555E-02 
5.48146E-02 -2.70780E-02 
5.54810E-02 -2.79458E-02 
5.74916E-02 -2.94334E-02 
5.99208E-02 -3.11559E-02 
6.10493E-02 -3.22818E-02 
4.68685E-02 -9.09522E-03 
4.86762E-02 -1.07680E-02 
4.91935E-02 -1.18587E-02 
5.07312E-02 -1.34159E-02 
5.21439E-02 -1.49483E-02 
5.34182E-02 -1.64404E-02 
5.45433E-02 -1.78777E-02 
5.53059E-02 -1.89438E-02 
5.55106E-02 -1.92470E-02 
5.63705E-02 -2.06339E-02 
5.70377E-02 -2.19170E-02 
5.75134E-02 -2.30876E-02 
5.78022E-02 -2.41407E-02 
5.77271E-02 -2.49396E-02 
5.76676E-02 -2.57402E-02 
5.74539E-02 -2.64316E-02 
5.70971E-02 -2.70149E-02 
5.66105E-02 -2.74935E-02 
5.60132E-02 -2.78741E-02 
5.53413E-02 -2.81722E-02 
5.46863E-02 -2.84313E-02 
5.43052E-02 -2.87789E-02 
5.47751E-02 -2.95133E-02 
5.65912E-02 -3.09205E-02 
5.88068E-02 -3.25619E-02 
5.97055E-02 -3.35408E-02 
4.93515E-02 -1.25825E-02 
5.11118E-02 -1.43132E-02 
5.15486E-02 -1.53833E-02 
5.30223E-02 -1.69740E-02 
5.43522E-02 -1.85198E-02 
5.55246E-02 -2.00037E-02 
5.65287E-02 -2.14105E-02 
5.71850E-02 -2.24372E-02 
5.73566E-02 -2.27264E-02 
5.80470E-02 -2.40309E-02 
5.85268E-02 -2.52068E-02 
5.87996E-02 -2.62478E-02 
5.88735E-02 -2.71514E-02 
5.85894E-02 -2.77889E-02 
5.83036E-02 -2.84119E-02 
5.78594E-02 -2.89141E-02 
5.72710E-02 -2.92999E-02 
5.65547E-02 -2.95755E-02 
5.57322E-02 -2.97506E-02 
5.48418E-02 -2.98444E-02 
5.39771E-02 -2.99055E-02 
5.33964E-02 -3.00726E-02 
5.36735E-02 -3.06634E-02 
5.52890E-02 -3.19710E-02 
5.72837E-02 -3.35099E-02 
5.79583E-02 -3.43319E-02 
5.15184E-02 -1.59765E-02 
5.32146E-02 -1.77439E-02 
5.35752E-02 -1.87900E-02 
5.49691E-02 -2.03924E-02 
5.62008E-02 -2.19290E-02 
5.72566E-02 -2.33815E-02 
5.81259E-02 -2.47339E-02 
5.86659E-02 -2.57029E-02 
5.88016E-02 -2.59726E-02 
5.93101E-02 -2.71690E-02 
5.95917E-02 -2.82130E-02 
5.96533E-02 -2.91007E-02 
5.95062E-02 -2.98328E-02 
5.90112E-02 -3.02919E-02 
5.84986E-02 -3.07205E-02 
5.78262E-02 -3.10195E-02 
5.70115E-02 -3.11965E-02 
5.60736E-02 -3.12609E-02 
5.50363E-02 -3.12253E-02 
5.39401E-02 -3.11120E-02 
5.28798E-02 -3.09744E-02 
5.21123E-02 -3.09599E-02 
5.22033E-02 -3.14011E-02 
5.36151E-02 -3.25934E-02 
5.53849E-02 -3.40120E-02 
5.58445E-02 -3.46714E-02 
5.33201E-02 -1.92011E-02 
5.49381E-02 -2.09845E-02 
5.52266E-02 -2.20030E-02 
5.65274E-02 -2.35963E-02 
5.76486E-02 -2.51024E-02 
5.85764E-02 -2.65020E-02 
5.93005E-02 -2.77787E-02 
5.97172E-02 -2.86736E-02 
5.98151E-02 -2.89192E-02 
6.01337E-02 -2.99857E-02 
6.02116E-02 -3.08772E-02 
6.00587E-02 -3.15929E-02 
5.96898E-02 -3.21372E-02 
5.89869E-02 -3.24056E-02 
5.82526E-02 -3.26292E-02 
5.73599E-02 -3.27170E-02 
5.63294E-02 -3.26802E-02 
5.51828E-02 -3.25314E-02 
5.39461E-02 -3.22859E-02 
5.26613E-02 -3.19688E-02 
5.14231E-02 -3.16373E-02 
5.04853E-02 -3.14454E-02 
5.04006E-02 -3.17353E-02 
5.16095E-02 -3.28006E-02 
5.31546E-02 -3.40854E-02 
5.34120E-02 -3.45813E-02 
5.47249E-02 -2.22016E-02 
5.62521E-02 -2.39808E-02 
5.64721E-02 -2.49671E-02 
5.76687E-02 -2.65315E-02 
5.86694E-02 -2.79873E-02 
5.94602E-02 -2.93145E-02 
6.00319E-02 -3.04963E-02 
6.03206E-02 -3.13029E-02 
6.03796E-02 -3.15203E-02 
6.05044E-02 -3.24386E-02 
6.03768E-02 -3.31610E-02 
6.00103E-02 -3.36904E-02 
5.94236E-02 -3.40351E-02 
5.85198E-02 -3.41056E-02 
5.75731E-02 -3.41185E-02 
5.64722E-02 -3.39926E-02 
5.52404E-02 -3.37425E-02 
5.39019E-02 -3.33836E-02 
5.24847E-02 -3.29341E-02 
5.10315E-02 -3.24213E-02 
4.96363E-02 -3.19052E-02 
4.85473E-02 -3.15441E-02 
4.82995E-02 -3.16847E-02 
4.93095E-02 -3.26149E-02 
5.06333E-02 -3.37561E-02 
5.07034E-02 -3.40914E-02 
5.57064E-02 -2.49234E-02 
5.71325E-02 -2.66789E-02 
5.72866E-02 -2.76276E-02 
5.83702E-02 -2.91442E-02 
5.92427E-02 -3.05314E-02 
5.98907E-02 -3.17685E-02 
6.03056E-02 -3.28390E-02 
6.04645E-02 -3.35454E-02 
6.04843E-02 -3.37312E-02 
6.04153E-02 -3.44869E-02 
6.00850E-02 -3.50282E-02 
5.95107E-02 -3.53619E-02 
5.87146E-02 -3.55007E-02 
5.76213E-02 -3.53711E-02 
5.64763E-02 -3.51735E-02 
5.51836E-02 -3.48371E-02 
5.37695E-02 -3.43797E-02 
5.22601E-02 -3.38196E-02 
5.06848E-02 -3.31772E-02 
4.90866E-02 -3.24817E-02 
4.75580E-02 -3.17949E-02 
4.63393E-02 -3.12770E-02 
4.59441E-02 -3.12742E-02 
4.67622E-02 -3.20652E-02 
4.78717E-02 -3.30574E-02 
4.77725E-02 -3.32392E-02 
5.62530E-02 -2.73295E-02 
5.75692E-02 -2.90424E-02 
5.76593E-02 -2.99467E-02 
5.86227E-02 -3.13976E-02 
5.93616E-02 -3.26992E-02 
5.98632E-02 -3.38305E-02 
6.01199E-02 -3.47753E-02 
6.01493E-02 -3.53718E-02 
6.01302E-02 -3.55235E-02 
5.98710E-02 -3.61056E-02 
5.93446E-02 -3.64578E-02 
5.85720E-02 -3.65912E-02 
5.75791E-02 -3.65227E-02 
5.63112E-02 -3.61956E-02 
5.49858E-02 -3.57927E-02 
5.35217E-02 -3.52540E-02 
5.19474E-02 -3.46005E-02 
5.02909E-02 -3.38528E-02 
4.85825E-02 -3.30331E-02 
4.68651E-02 -3.21719E-02 
4.52286E-02 -3.13320E-02 
4.39033E-02 -3.06728E-02 
4.33781E-02 -3.05358E-02 
4.40144E-02 -3.11871E-02 
4.49197E-02 -3.20288E-02 
4.46709E-02 -3.20673E-02 
5.63642E-02 -2.93969E-02 
5.75635E-02 -3.10491E-02 
5.75903E-02 -3.19008E-02 
5.84281E-02 -3.32692E-02 
5.90297E-02 -3.44694E-02 
5.93831E-02 -3.54806E-02 
5.94823E-02 -3.62876E-02 
5.93845E-02 -3.67662E-02 
5.93275E-02 -3.68818E-02 
5.88845E-02 -3.72826E-02 
5.81717E-02 -3.74416E-02 
5.72136E-02 -3.73740E-02 
5.60398E-02 -3.71012E-02 
5.46154E-02 -3.65831E-02 
5.31305E-02 -3.59848E-02 
5.15180E-02 -3.52566E-02 
4.98084E-02 -3.44222E-02 
4.80309E-02 -3.35042E-02 
4.62163E-02 -3.25264E-02 
4.44068E-02 -3.15199E-02 
4.26887E-02 -3.05471E-02 
4.12811E-02 -2.97649E-02 
4.06448E-02 -2.95055E-02 
4.11116E-02 -3.00198E-02 
4.18254E-02 -3.07129E-02 
4.14478E-02 -3.06212E-02 
5.60499E-02 -3.11105E-02 
5.71270E-02 -3.26846E-02 
5.70906E-02 -3.34745E-02 
5.77991E-02 -3.47444E-02 
5.82616E-02 -3.58288E-02 
5.84673E-02 -3.67075E-02 
5.84118E-02 -3.73667E-02 
5.81909E-02 -3.77216E-02 
5.80975E-02 -3.77997E-02 
5.74800E-02 -3.80150E-02 
5.65935E-02 -3.79803E-02 
5.54660E-02 -3.77151E-02 
5.41304E-02 -3.72454E-02 
5.25701E-02 -3.65470E-02 
5.09493E-02 -3.57673E-02 
4.92140E-02 -3.48664E-02 
4.73960E-02 -3.38703E-02 
4.55254E-02 -3.28033E-02 
4.36327E-02 -3.16896E-02 
4.17592E-02 -3.05607E-02 
3.99867E-02 -2.94777E-02 
3.85215E-02 -2.85929E-02 
3.77939E-02 -2.82253E-02 
3.81057E-02 -2.86086E-02 
3.86433E-02 -2.91587E-02 
3.81588E-02 -2.89520E-02 
5.53270E-02 -3.24737E-02 
5.62776E-02 -3.39532E-02 
5.61776E-02 -3.46708E-02 
5.67541E-02 -3.58270E-02 
5.70767E-02 -3.67822E-02 
5.71363E-02 -3.75171E-02 
5.69304E-02 -3.80197E-02 
5.65916E-02 -3.82463E-02 
5.64637E-02 -3.82860E-02 
5.56827E-02 -3.83136E-02 
5.46369E-02 -3.80871E-02 
5.33578E-02 -3.76307E-02 
5.18813E-02 -3.69743E-02 
5.02073E-02 -3.61092E-02 
4.84758E-02 -3.51649E-02 
4.66445E-02 -3.41109E-02 
4.47460E-02 -3.29748E-02 
4.28106E-02 -3.17817E-02 
4.08684E-02 -3.05562E-02 
3.89586E-02 -2.93293E-02 
3.71584E-02 -2.81599E-02 
3.56599E-02 -2.71937E-02 
3.48613E-02 -2.67335E-02 
3.50338E-02 -2.69940E-02 
3.54116E-02 -2.74092E-02 
3.48419E-02 -2.71040E-02 
5.42317E-02 -3.34841E-02 
5.50549E-02 -3.48545E-02 
5.48913E-02 -3.54898E-02 
5.53361E-02 -3.65195E-02 
5.55213E-02 -3.73346E-02 
5.54394E-02 -3.79174E-02 
5.50902E-02 -3.82582E-02 
5.46412E-02 -3.83549E-02 
5.44813E-02 -3.83560E-02 
5.35512E-02 -3.81981E-02 
5.23640E-02 -3.77866E-02 
5.09543E-02 -3.71500E-02 
4.93606E-02 -3.63219E-02 
4.75976E-02 -3.53078E-02 
4.57826E-02 -3.42200E-02 
4.38836E-02 -3.30362E-02 
4.19336E-02 -3.17850E-02 
3.99623E-02 -3.04918E-02 
3.79988E-02 -2.91809E-02 
3.60803E-02 -2.78820E-02 
3.42783E-02 -2.66513E-02 
3.27703E-02 -2.56262E-02 
3.19211E-02 -2.50908E-02 
3.19725E-02 -2.52402E-02 
3.22097E-02 -2.55320E-02 
3.15769E-02 -2.51467E-02 
5.27750E-02 -3.41752E-02 
5.34694E-02 -3.54215E-02 
5.32415E-02 -3.59627E-02 
5.35543E-02 -3.68522E-02 
5.36035E-02 -3.75154E-02 
5.33838E-02 -3.79368E-02 
5.28978E-02 -3.81094E-02 
5.23453E-02 -3.80735E-02 
5.21559E-02 -3.80357E-02 
5.10899E-02 -3.76936E-02 
4.97781E-02 -3.71029E-02 
4.82578E-02 -3.62964E-02 
4.65700E-02 -3.53111E-02 
4.47415E-02 -3.41651E-02 
4.28693E-02 -3.29543E-02 
4.09300E-02 -3.16635E-02 
3.89563E-02 -3.03215E-02 
3.69769E-02 -2.89534E-02 
3.50194E-02 -2.75823E-02 
3.31181E-02 -2.62365E-02 
3.13389E-02 -2.49683E-02 
2.98435E-02 -2.39058E-02 
2.89629E-02 -2.33119E-02 
2.89099E-02 -2.33614E-02 
2.90241E-02 -2.35414E-02 
2.83483E-02 -2.30932E-02 
5.09986E-02 -3.45590E-02 
5.15661E-02 -3.56686E-02 
5.12744E-02 -3.61051E-02 
5.14581E-02 -3.68433E-02 
5.13757E-02 -3.73455E-02 
5.10249E-02 -3.75989E-02 
5.04111E-02 -3.76002E-02 
4.97641E-02 -3.74317E-02 
4.95480E-02 -3.73554E-02 
4.83622E-02 -3.68338E-02 
4.69450E-02 -3.60734E-02 
4.53365E-02 -3.51109E-02 
4.35791E-02 -3.39865E-02 
4.17102E-02 -3.27287E-02 
3.98077E-02 -3.14180E-02 
3.78559E-02 -3.00452E-02 
3.58860E-02 -2.86384E-02 
3.39255E-02 -2.72216E-02 
3.19998E-02 -2.58164E-02 
3.01403E-02 -2.44488E-02 
2.84065E-02 -2.31669E-02 
2.69445E-02 -2.20883E-02 
2.60513E-02 -2.14534E-02 
2.59119E-02 -2.14167E-02 
2.59222E-02 -2.14987E-02 
2.52230E-02 -2.10054E-02 
4.89359E-02 -3.46622E-02 
4.93808E-02 -3.56245E-02 
4.90274E-02 -3.59460E-02 
4.90866E-02 -3.65235E-02 
4.88790E-02 -3.68573E-02 
4.84053E-02 -3.69380E-02 
4.76745E-02 -3.67663E-02 
4.69429E-02 -3.64665E-02 
4.67033E-02 -3.63526E-02 
4.54147E-02 -3.56580E-02 
4.39124E-02 -3.47392E-02 
4.22383E-02 -3.36362E-02 
4.04362E-02 -3.23916E-02 
3.85515E-02 -3.10430E-02 
3.66453E-02 -2.96562E-02 
3.47075E-02 -2.82266E-02 
3.27677E-02 -2.67809E-02 
3.08513E-02 -2.53411E-02 
2.89813E-02 -2.39270E-02 
2.71858E-02 -2.25616E-02 
2.55179E-02 -2.12883E-02 
2.41079E-02 -2.02137E-02 
2.32195E-02 -1.95549E-02 
2.30114E-02 -1.94461E-02 
2.29368E-02 -1.94449E-02 
2.22320E-02 -1.89236E-02 
4.66200E-02 -3.45140E-02 
4.69489E-02 -3.53201E-02 
4.65375E-02 -3.55178E-02 
4.64793E-02 -3.59270E-02 
4.61549E-02 -3.60867E-02 
4.55685E-02 -3.59918E-02 
4.47327E-02 -3.56472E-02 
4.39275E-02 -3.52186E-02 
4.36679E-02 -3.50682E-02 
4.22949E-02 -3.42090E-02 
4.07281E-02 -3.31442E-02 
3.90116E-02 -3.19173E-02 
3.71895E-02 -3.05727E-02 
3.53131E-02 -2.91547E-02 
3.34286E-02 -2.77156E-02 
3.15300E-02 -2.62540E-02 
2.96446E-02 -2.47943E-02 
2.77953E-02 -2.33562E-02 
2.60025E-02 -2.19567E-02 
2.42907E-02 -2.06159E-02 
2.27065E-02 -1.93718E-02 
2.13648E-02 -1.83198E-02 
2.04969E-02 -1.76529E-02 
2.02373E-02 -1.74866E-02 
2.00960E-02 -1.74171E-02 
1.94015E-02 -1.68837E-02 
4.40820E-02 -3.41448E-02 
4.43043E-02 -3.47879E-02 
4.38406E-02 -3.48540E-02 
4.36746E-02 -3.50894E-02 
4.32442E-02 -3.50716E-02 
4.25573E-02 -3.48000E-02 
4.16305E-02 -3.42845E-02 
4.07639E-02 -3.37309E-02 
4.04881E-02 -3.35456E-02 
3.90499E-02 -3.25316E-02 
3.74403E-02 -3.13348E-02 
3.57045E-02 -3.00016E-02 
3.38866E-02 -2.85775E-02 
3.20418E-02 -2.71114E-02 
3.02028E-02 -2.56434E-02 
2.83668E-02 -2.41736E-02 
2.65580E-02 -2.27237E-02 
2.47964E-02 -2.13102E-02 
2.30995E-02 -1.99470E-02 
2.14882E-02 -1.86507E-02 
2.00027E-02 -1.74542E-02 
1.87429E-02 -1.64412E-02 
1.79094E-02 -1.57812E-02 
1.76142E-02 -1.55715E-02 
1.74235E-02 -1.54485E-02 
1.67533E-02 -1.49174E-02 
4.13489E-02 -3.35848E-02 
4.14771E-02 -3.40600E-02 
4.09697E-02 -3.39888E-02 
4.07082E-02 -3.40470E-02 
4.01850E-02 -3.38502E-02 
3.94122E-02 -3.34029E-02 
3.84103E-02 -3.27205E-02 
3.74956E-02 -3.20471E-02 
3.72076E-02 -3.18287E-02 
3.57249E-02 -3.06712E-02 
3.40943E-02 -2.93573E-02 
3.23624E-02 -2.79361E-02 
3.05725E-02 -2.64531E-02 
2.87814E-02 -2.49600E-02 
2.70103E-02 -2.34854E-02 
2.52579E-02 -2.20300E-02 
2.35454E-02 -2.06117E-02 
2.18892E-02 -1.92435E-02 
2.03040E-02 -1.79359E-02 
1.88070E-02 -1.67018E-02 
1.74322E-02 -1.55688E-02 
1.62652E-02 -1.46089E-02 
1.54779E-02 -1.39689E-02 
1.51620E-02 -1.37295E-02 
1.49378E-02 -1.35672E-02 
1.43034E-02 -1.30510E-02 
3.84442E-02 -3.28634E-02 
3.84939E-02 -3.31683E-02 
3.79543E-02 -3.29555E-02 
3.76126E-02 -3.28354E-02 
3.70128E-02 -3.24606E-02 
3.61710E-02 -3.18407E-02 
3.51121E-02 -3.09972E-02 
3.41641E-02 -3.02106E-02 
3.38684E-02 -2.99614E-02 
3.23629E-02 -2.86733E-02 
3.07342E-02 -2.72584E-02 
2.90293E-02 -2.57677E-02 
2.72903E-02 -2.42463E-02 
2.55737E-02 -2.27465E-02 
2.38909E-02 -2.12865E-02 
2.22410E-02 -1.98662E-02 
2.06414E-02 -1.84992E-02 
1.91055E-02 -1.71946E-02 
1.76445E-02 -1.59591E-02 
1.62723E-02 -1.48020E-02 
1.50172E-02 -1.37454E-02 
1.39513E-02 -1.28503E-02 
1.32197E-02 -1.22418E-02 
1.28964E-02 -1.19851E-02 
1.26528E-02 -1.17968E-02 
1.20635E-02 -1.13063E-02 
3.53852E-02 -3.20086E-02 
3.53755E-02 -3.21424E-02 
3.48184E-02 -3.17861E-02 
3.44153E-02 -3.14889E-02 
3.37579E-02 -3.09390E-02 
3.28669E-02 -3.01519E-02 
3.17715E-02 -2.91551E-02 
3.08064E-02 -2.82633E-02 
3.05078E-02 -2.79858E-02 
2.90028E-02 -2.65813E-02 
2.73994E-02 -2.50824E-02 
2.57446E-02 -2.35411E-02 
2.40786E-02 -2.20013E-02 
2.24561E-02 -2.05143E-02 
2.08798E-02 -1.90883E-02 
1.93486E-02 -1.77216E-02 
1.78760E-02 -1.64231E-02 
1.64719E-02 -1.51975E-02 
1.51447E-02 -1.40479E-02 
1.39048E-02 -1.29795E-02 
1.27751E-02 -1.20095E-02 
1.18157E-02 -1.11883E-02 
1.11471E-02 -1.06206E-02 
1.08278E-02 -1.03582E-02 
1.05775E-02 -1.01557E-02 
1.00401E-02 -9.69939E-03 
3.21762E-02 -3.10440E-02 
3.21298E-02 -3.10081E-02 
3.15740E-02 -3.05078E-02 
3.11316E-02 -3.00365E-02 
3.04392E-02 -2.93164E-02 
2.95217E-02 -2.83692E-02 
2.84128E-02 -2.72287E-02 
2.74486E-02 -2.62406E-02 
2.71524E-02 -2.59378E-02 
2.56728E-02 -2.44324E-02 
2.41191E-02 -2.28669E-02 
2.25376E-02 -2.12940E-02 
2.09661E-02 -1.97554E-02 
1.94561E-02 -1.82992E-02 
1.80029E-02 -1.69251E-02 
1.66042E-02 -1.56284E-02 
1.52699E-02 -1.44130E-02 
1.40065E-02 -1.32791E-02 
1.28195E-02 -1.22260E-02 
1.17164E-02 -1.12553E-02 
1.07154E-02 -1.03793E-02 
9.86537E-03 -9.63856E-03 
9.26495E-03 -9.11903E-03 
8.95931E-03 -8.86067E-03 
8.71277E-03 -8.65452E-03 
8.23196E-03 -8.23903E-03 
2.88497E-02 -3.00027E-02 
2.87938E-02 -2.98014E-02 
2.82620E-02 -2.91600E-02 
2.78067E-02 -2.85211E-02 
2.71056E-02 -2.76393E-02 
2.61879E-02 -2.65425E-02 
2.50914E-02 -2.52708E-02 
2.41478E-02 -2.41976E-02 
2.38597E-02 -2.38730E-02 
2.24318E-02 -2.22841E-02 
2.09525E-02 -2.06707E-02 
1.94669E-02 -1.90852E-02 
1.80098E-02 -1.75663E-02 
1.66280E-02 -1.61573E-02 
1.53109E-02 -1.48500E-02 
1.40548E-02 -1.36364E-02 
1.28659E-02 -1.25149E-02 
1.17476E-02 -1.14815E-02 
1.07029E-02 -1.05316E-02 
9.73702E-03 -9.66356E-03 
8.86376E-03 -8.88511E-03 
8.12254E-03 -8.22809E-03 
7.59266E-03 -7.76154E-03 
7.30819E-03 -7.51539E-03 
7.07392E-03 -7.31431E-03 
6.65170E-03 -6.94369E-03 
2.53554E-02 -2.88919E-02 
2.53220E-02 -2.85292E-02 
2.48422E-02 -2.77494E-02 
2.44046E-02 -2.69494E-02 
2.37252E-02 -2.59141E-02 
2.28373E-02 -2.46781E-02 
2.17826E-02 -2.32879E-02 
2.08817E-02 -2.21406E-02 
2.06079E-02 -2.17976E-02 
1.92610E-02 -2.01426E-02 
1.78830E-02 -1.84998E-02 
1.65174E-02 -1.69203E-02 
1.51951E-02 -1.54387E-02 
1.39578E-02 -1.40923E-02 
1.27898E-02 -1.28656E-02 
1.16857E-02 -1.17465E-02 
1.06482E-02 -1.07282E-02 
9.67837E-03 -9.80214E-03 
8.77718E-03 -8.96038E-03 
7.94770E-03 -8.19823E-03 
7.20044E-03 -7.51942E-03 
6.56643E-03 -6.94787E-03 
6.10822E-03 -6.53768E-03 
5.85077E-03 -6.31028E-03 
5.63539E-03 -6.12136E-03 
5.27249E-03 -5.79822E-03 
2.16962E-02 -2.77371E-02 
2.17234E-02 -2.72195E-02 
2.13294E-02 -2.63069E-02 
2.09459E-02 -2.53548E-02 
2.03237E-02 -2.41772E-02 
1.95000E-02 -2.28151E-02 
1.85204E-02 -2.13213E-02 
1.76867E-02 -2.01127E-02 
1.74342E-02 -1.97552E-02 
1.61996E-02 -1.80530E-02 
1.49509E-02 -1.63999E-02 
1.37292E-02 -1.48446E-02 
1.25614E-02 -1.34167E-02 
1.14827E-02 -1.21463E-02 
1.04739E-02 -1.10111E-02 
9.52777E-03 -9.99457E-03 
8.64434E-03 -9.08492E-03 
7.82267E-03 -8.26947E-03 
7.06234E-03 -7.53713E-03 
6.36510E-03 -6.88060E-03 
5.73882E-03 -6.30018E-03 
5.20757E-03 -5.81297E-03 
4.81978E-03 -5.46013E-03 
4.59315E-03 -5.25620E-03 
4.40125E-03 -5.08471E-03 
4.09621E-03 -4.80951E-03 
1.78361E-02 -2.65538E-02 
1.79693E-02 -2.58891E-02 
1.77024E-02 -2.48504E-02 
1.74158E-02 -2.37570E-02 
1.68924E-02 -2.24496E-02 
1.61729E-02 -2.09759E-02 
1.53061E-02 -1.93948E-02 
1.45673E-02 -1.81384E-02 
1.43439E-02 -1.77703E-02 
1.32562E-02 -1.60405E-02 
1.21670E-02 -1.43962E-02 
1.11141E-02 -1.28825E-02 
1.01201E-02 -1.15234E-02 
9.21355E-03 -1.03405E-02 
8.37243E-03 -9.30524E-03 
7.58836E-03 -8.39678E-03 
6.85923E-03 -7.59841E-03 
6.18296E-03 -6.89385E-03 
5.55856E-03 -6.26941E-03 
4.98717E-03 -5.71561E-03 
4.47485E-03 -5.22999E-03 
4.04011E-03 -4.82388E-03 
3.71976E-03 -4.52752E-03 
3.52599E-03 -4.35007E-03 
3.36032E-03 -4.19953E-03 
3.11013E-03 -3.97105E-03 
1.37181E-02 -2.53554E-02 
1.40127E-02 -2.45522E-02 
1.39233E-02 -2.33957E-02 
1.37852E-02 -2.21726E-02 
1.34099E-02 -2.07492E-02 
1.28415E-02 -1.91797E-02 
1.21315E-02 -1.75285E-02 
1.15192E-02 -1.62382E-02 
1.13337E-02 -1.58639E-02 
1.04316E-02 -1.41263E-02 
9.53491E-03 -1.25096E-02 
8.67747E-03 -1.10542E-02 
7.87713E-03 -9.77735E-03 
7.15568E-03 -8.69131E-03 
6.48966E-03 -7.76211E-03 
5.86996E-03 -6.96441E-03 
5.29338E-03 -6.27716E-03 
4.75772E-03 -5.68108E-03 
4.26232E-03 -5.16044E-03 
3.80852E-03 -4.70415E-03 
3.40147E-03 -4.30762E-03 
3.05551E-03 -3.97752E-03 
2.79817E-03 -3.73513E-03 
2.63763E-03 -3.58551E-03 
2.49930E-03 -3.45783E-03 
2.29967E-03 -3.27343E-03 
9.25202E-03 -2.41523E-02 
9.77691E-03 -2.32203E-02 
9.92870E-03 -2.19549E-02 
1.00023E-02 -2.06149E-02 
9.83516E-03 -1.90903E-02 
9.47421E-03 -1.74413E-02 
8.97329E-03 -1.57380E-02 
8.52445E-03 -1.44284E-02 
8.38701E-03 -1.40519E-02 
7.71531E-03 -1.23265E-02 
7.04841E-03 -1.07557E-02 
6.41576E-03 -9.37408E-03 
5.83030E-03 -8.19115E-03 
5.30737E-03 -7.20940E-03 
4.82331E-03 -6.38986E-03 
4.36917E-03 -5.70300E-03 
3.94198E-03 -5.12415E-03 
3.54060E-03 -4.63169E-03 
3.16577E-03 -4.20851E-03 
2.81993E-03 -3.84251E-03 
2.50825E-03 -3.52764E-03 
2.24220E-03 -3.26696E-03 
2.04225E-03 -3.07461E-03 
1.91394E-03 -2.95274E-03 
1.80257E-03 -2.84835E-03 
1.64825E-03 -2.70422E-03 
4.30207E-03 -2.29535E-02 
5.14565E-03 -2.19028E-02 
5.62059E-03 -2.05386E-02 
5.98590E-03 -1.90952E-02 
6.10210E-03 -1.74846E-02 
6.01842E-03 -1.57733E-02 
5.79032E-03 -1.40362E-02 
5.54978E-03 -1.27218E-02 
5.47273E-03 -1.23475E-02 
5.08454E-03 -1.06537E-02 
4.69110E-03 -9.14616E-03 
4.31695E-03 -7.85235E-03 
3.97027E-03 -6.77310E-03 
3.66068E-03 -5.90079E-03 
3.36572E-03 -5.19201E-03 
3.07794E-03 -4.61358E-03 
2.79615E-03 -4.13797E-03 
2.52173E-03 -3.74206E-03 
2.25799E-03 -3.40805E-03 
2.00954E-03 -3.12349E-03 
1.78248E-03 -2.88146E-03 
1.58672E-03 -2.68241E-03 
1.43768E-03 -2.53502E-03 
1.33937E-03 -2.43951E-03 
1.25338E-03 -2.35755E-03 
1.13844E-03 -2.24900E-03 
-1.35749E-03 -2.17617E-02 
-7.68613E-05 -2.06025E-02 
8.31413E-04 -1.91496E-02 
1.59412E-03 -1.76165E-02 
2.09217E-03 -1.59355E-02 
2.37637E-03 -1.41791E-02 
2.50308E-03 -1.24265E-02 
2.52790E-03 -1.11216E-02 
2.52681E-03 -1.07536E-02 
2.48911E-03 -9.11047E-03 
2.42366E-03 -7.68274E-03 
2.34988E-03 -6.48930E-03 
2.27166E-03 -5.52168E-03 
2.19411E-03 -4.76199E-03 
2.09776E-03 -4.16304E-03 
1.97844E-03 -3.68864E-03 
1.83867E-03 -3.30931E-03 
1.68406E-03 -3.00133E-03 
1.52196E-03 -2.74697E-03 
1.36025E-03 -2.53398E-03 
1.20699E-03 -2.35521E-03 
1.07177E-03 -2.20936E-03 
9.66767E-04 -2.10114E-03 
8.95431E-04 -2.02966E-03 
8.32348E-04 -1.96831E-03 
7.50609E-04 -1.89018E-03 
-7.99930E-03 -2.05882E-02 
-6.12441E-03 -1.93317E-02 
-4.63640E-03 -1.78014E-02 
-3.33755E-03 -1.61928E-02 
-2.32943E-03 -1.44574E-02 
-1.56051E-03 -1.26733E-02 
-9.74335E-04 -1.09234E-02 
-6.12046E-04 -9.64198E-03 
-5.17610E-04 -9.28430E-03 
-1.21242E-04 -7.70940E-03 
2.08564E-04 -6.37583E-03 
4.86324E-04 -5.29270E-03 
7.12605E-04 -4.44161E-03 
8.89969E-04 -3.79467E-03 
1.00420E-03 -3.30160E-03 
1.05669E-03 -2.92405E-03 
1.05605E-03 -2.63168E-03 
1.01418E-03 -2.40106E-03 
9.44111E-04 -2.21525E-03 
8.58283E-04 -2.06277E-03 
7.67800E-04 -1.93677E-03 
6.83137E-04 -1.83497E-03 
6.14878E-04 -1.75942E-03 
5.66710E-04 -1.70869E-03 
5.23285E-04 -1.66524E-03 
4.68316E-04 -1.61192E-03 
-1.62329E-02 -1.94304E-02 
-1.35261E-02 -1.80872E-02 
-1.12368E-02 -1.64904E-02 
-9.19423E-03 -1.48203E-02 
-7.48539E-03 -1.30462E-02 
-6.05917E-03 -1.12513E-02 
-4.85996E-03 -9.52145E-03 
-4.05493E-03 -8.27683E-03 
-3.83647E-03 -7.93318E-03 
-2.88452E-03 -6.44293E-03 
-2.06153E-03 -5.21630E-03 
-1.35705E-03 -4.25152E-03 
-7.71955E-04 -3.51979E-03 
-3.03231E-04 -2.98374E-03 
4.32707E-05 -2.59081E-03 
2.77798E-04 -2.30152E-03 
4.18194E-04 -2.08576E-03 
4.85307E-04 -1.92129E-03 
4.99996E-04 -1.79265E-03 
4.80901E-04 -1.68963E-03 
4.43466E-04 -1.60608E-03 
4.00311E-04 -1.53939E-03 
3.61936E-04 -1.48999E-03 
3.32972E-04 -1.45638E-03 
3.05697E-04 -1.42769E-03 
2.71453E-04 -1.39375E-03 
-2.76648E-02 -1.82885E-02 
-2.36731E-02 -1.68693E-02 
-2.01601E-02 -1.52169E-02 
-1.69817E-02 -1.34992E-02 
-1.42142E-02 -1.17017E-02 
-1.18087E-02 -9.91229E-03 
-9.71167E-03 -8.21913E-03 
-8.26945E-03 -7.02362E-03 
-7.87439E-03 -6.69745E-03 
-6.14283E-03 -5.30640E-03 
-4.64530E-03 -4.19723E-03 
-3.37280E-03 -3.35618E-03 
-2.32363E-03 -2.74391E-03 
-1.48891E-03 -2.31439E-03 
-8.60626E-04 -2.01372E-03 
-4.14160E-04 -1.80248E-03 
-1.17292E-04 -1.65189E-03 
6.41483E-05 -1.54179E-03 
1.62317E-04 -1.45877E-03 
2.04724E-04 -1.39426E-03 
2.13176E-04 -1.34316E-03 
2.04140E-04 -1.30301E-03 
1.89665E-04 -1.27340E-03 
1.76095E-04 -1.25304E-03 
1.61459E-04 -1.23577E-03 
1.42408E-04 -1.21609E-03 
-4.61467E-02 -1.71600E-02 
-3.99004E-02 -1.56754E-02 
-3.42601E-02 -1.39782E-02 
-2.91113E-02 -1.22262E-02 
-2.45256E-02 -1.04199E-02 
-2.04598E-02 -8.65159E-03 
-1.68641E-02 -7.01063E-03 
-1.43752E-02 -5.87544E-03 
-1.36928E-02 -5.56978E-03 
-1.07093E-02 -4.29039E-03 
-8.15287E-03 -3.30658E-03 
-6.00924E-03 -2.59180E-03 
-4.26519E-03 -2.09623E-03 
-2.89510E-03 -1.76636E-03 
-1.86621E-03 -1.54814E-03 
-1.12869E-03 -1.40344E-03 
-6.26095E-04 -1.30597E-03 
-3.02493E-04 -1.23838E-03 
-1.07612E-04 -1.18976E-03 
1.95137E-07 -1.15344E-03 
5.30278E-05 -1.12553E-03 
7.41426E-05 -1.10407E-03 
7.94654E-05 -1.08838E-03 
7.82489E-05 -1.07752E-03 
7.31458E-05 -1.06839E-03 
6.45618E-05 -1.05837E-03 
-7.46963E-02 -1.60386E-02 
-6.48214E-02 -1.44987E-02 
-5.57735E-02 -1.27674E-02 
-4.74733E-02 -1.09939E-02 
-3.99957E-02 -9.19293E-03 
-3.33075E-02 -7.46012E-03 
-2.73654E-02 -5.88546E-03 
-2.32522E-02 -4.82044E-03 
-2.21265E-02 -4.53790E-03 
-1.72250E-02 -3.38014E-03 
-1.30670E-02 -2.52671E-03 
-9.62314E-03 -1.93761E-03 
-6.85568E-03 -1.55300E-03 
-4.70705E-03 -1.31347E-03 
-3.10450E-03 -1.16615E-03 
-1.95811E-03 -1.07559E-03 
-1.17364E-03 -1.01900E-03 
-6.61895E-04 -9.82477E-04 
-3.45107E-04 -9.57842E-04 
-1.60248E-04 -9.40422E-04 
-5.95480E-05 -9.27609E-04 
-9.06032E-06 -9.18055E-04 
1.38379E-05 -9.11176E-04 
2.28394E-05 -9.06413E-04 
2.47645E-05 -9.02463E-04 
2.28795E-05 -8.98301E-04 
-9.15865E-02 -1.49122E-02 
-7.96267E-02 -1.33268E-02 
-6.86092E-02 -1.15714E-02 
-5.84786E-02 -9.78874E-03 
-4.93076E-02 -8.00604E-03 
-4.10693E-02 -6.32209E-03 
-3.37256E-02 -4.82628E-03 
-2.86333E-02 -3.83977E-03 
-2.72391E-02 -3.58244E-03 
-2.11700E-02 -2.55360E-03 
-1.60310E-02 -1.83243E-03 
-1.17892E-02 -1.36515E-03 
-8.39547E-03 -1.08277E-03 
-5.77353E-03 -9.21938E-04 
-3.82512E-03 -8.32543E-04 
-2.43451E-03 -7.83233E-04 
-1.48326E-03 -7.55643E-04 
-8.61221E-04 -7.39647E-04 
-4.73651E-04 -7.29881E-04 
-2.44535E-04 -7.23550E-04 
-1.16698E-04 -7.19210E-04 
-4.98077E-05 -7.16137E-04 
-1.72171E-05 -7.13991E-04 
-2.59958E-06 -7.12523E-04 
3.11127E-06 -7.11333E-04 
4.63119E-06 -7.10132E-04 
1.57803E-02 -1.37639E-02 
1.31636E-02 -1.21422E-02 
1.06284E-02 -1.03725E-02 
8.30691E-03 -8.59207E-03 
6.20269E-03 -6.83977E-03 
4.38476E-03 -5.21669E-03 
2.90245E-03 -3.81055E-03 
1.99881E-03 -2.90924E-03 
1.77418E-03 -2.67870E-03 
9.32726E-04 -1.78319E-03 
4.17226E-04 -1.19286E-03 
1.39887E-04 -8.40213E-04 
1.35974E-05 -6.48373E-04 
-2.99824E-05 -5.52487E-04 
-3.62194E-05 -5.06993E-04 
-2.90853E-05 -4.86073E-04 
-1.95175E-05 -4.76471E-04 
-1.15286E-05 -4.71935E-04 
-5.98587E-06 -4.69669E-04 
-2.57733E-06 -4.68449E-04 
-6.93231E-07 -4.67733E-04 
2.34284E-07 -4.67285E-04 
6.32233E-07 -4.67000E-04 
7.69324E-07 -4.66821E-04 
7.66289E-07 -4.66683E-04 
6.76021E-07 -4.66539E-04 
5.22344E-01 -1.25924E-02 
4.51578E-01 -1.09433E-02 
3.85578E-01 -9.16830E-03 
3.24875E-01 -7.40075E-03 
2.69789E-01 -5.68982E-03 
2.20588E-01 -4.13814E-03 
1.77388E-01 -2.83058E-03 
1.48060E-01 -2.01934E-03 
1.40149E-01 -1.81655E-03 
1.06429E-01 -1.05561E-03 
7.89408E-02 -5.91204E-04 
5.70755E-02 -3.42481E-04 
4.01318E-02 -2.26599E-04 
2.73675E-02 -1.80020E-04 
1.80464E-02 -1.63825E-04 
1.14700E-02 -1.59079E-04 
7.00266E-03 -1.57995E-04 
4.09167E-03 -1.57872E-04 
2.27909E-03 -1.57922E-04 
1.20504E-03 -1.57965E-04 
6.02029E-04 -1.57979E-04 
2.82798E-04 -1.57978E-04 
1.24267E-04 -1.57975E-04 
5.08387E-05 -1.57978E-04 
1.93021E-05 -1.57977E-04 
6.80804E-06 -1.57955E-04 
---
