PdfType: replica
Format: lhagrid1
---
1.00000E-06 1.28121E-06 1.64152E-06 2.10317E-06 2.69463E-06 3.45242E-06 4.42329E-06 5.66715E-06 7.26076E-06 9.30241E-06 1.19180E-05 1.52689E-05 1.95617E-05 2.50609E-05 3.21053E-05 4.11287E-05 5.26863E-05 6.74889E-05 8.64459E-05 1.10720E-04 1.41800E-04 1.81585E-04 2.32503E-04 2.97652E-04 3.80981E-04 4.87518E-04 6.26039E-04 8.00452E-04 1.02297E-03 1.30657E-03 1.66759E-03 2.12729E-03 2.71054E-03 3.44865E-03 4.37927E-03 5.54908E-03 7.01192E-03 8.83064E-03 1.10763E-02 1.38266E-02 1.71641E-02 2.11717E-02 2.59364E-02 3.15062E-02 3.79623E-02 4.53425E-02 5.36750E-02 6.29705E-02 7.32221E-02 8.44039E-02 9.64793E-02 1.09332E-01 1.23067E-01 1.37507E-01 1.52639E-01 1.68416E-01 1.84794E-01 2.01731E-01 2.19016E-01 2.36948E-01 2.55242E-01 2.73927E-01 2.92954E-01 3.12340E-01 3.32036E-01 3.52019E-01 3.72282E-01 3.92772E-01 4.13533E-01 4.34326E-01 4.55495E-01 4.76836E-01 4.98342E-01 5.20006E-01 5.41818E-01 5.63773E-01 5.85861E-01 6.08077E-01 6.30459E-01 6.52800E-01 6.75387E-01 6.98063E-01 7.20830E-01 7.43683E-01 7.66623E-01 7.89636E-01 8.12791E-01 8.35940E-01 8.59175E-01 8.82485E-01 9.05866E-01 9.29311E-01 9.52817E-01 9.76387E-01 1.00000E+00 
1.14018E+00 1.22539E+00 1.32482E+00 1.44156E+00 1.57954E+00 1.74381E+00 1.94091E+00 2.12132E+00 2.17945E+00 2.49622E+00 2.89383E+00 3.39925E+00 4.05063E+00 4.90286E+00 6.03623E+00 7.57063E+00 9.68869E+00 1.26749E+01 1.69835E+01 2.33578E+01 3.30501E+01 4.82334E+01 7.28041E+01 1.13998E+02 1.85779E+02 3.16228E+02 
908 909 
-9.69050E-04 -2.11228E-04 
-5.92392E-05 -2.11562E-04 
7.91405E-04 -2.14534E-04 
1.58209E-03 -2.14629E-04 
2.30429E-03 -2.15087E-04 
2.95532E-03 -2.16006E-04 
3.53411E-03 -2.17495E-04 
3.93262E-03 -2.19114E-04 
4.04113E-03 -2.19674E-04 
4.50978E-03 -2.22941E-04 
4.90183E-03 -2.27324E-04 
5.22337E-03 -2.33000E-04 
5.48175E-03 -2.40150E-04 
5.67647E-03 -2.48636E-04 
5.82992E-03 -2.59811E-04 
5.94498E-03 -2.73079E-04 
6.02864E-03 -2.88712E-04 
6.08638E-03 -3.07056E-04 
6.12100E-03 -3.28698E-04 
6.12920E-03 -3.55019E-04 
6.08955E-03 -3.90217E-04 
5.92548E-03 -4.47618E-04 
5.44411E-03 -5.60653E-04 
4.44538E-03 -7.66304E-04 
3.18690E-03 -1.02486E-03 
2.23775E-03 -1.23724E-03 
-1.00071E-03 -2.12133E-04 
-9.26408E-05 -2.12768E-04 
7.56104E-04 -2.16454E-04 
1.54545E-03 -2.16929E-04 
2.26641E-03 -2.17803E-04 
2.91628E-03 -2.19183E-04 
3.49397E-03 -2.21185E-04 
3.89166E-03 -2.23240E-04 
3.99993E-03 -2.23935E-04 
4.46744E-03 -2.27888E-04 
4.85831E-03 -2.33037E-04 
5.17858E-03 -2.39560E-04 
5.43552E-03 -2.47640E-04 
5.62841E-03 -2.56848E-04 
5.77973E-03 -2.69052E-04 
5.89228E-03 -2.83426E-04 
5.97297E-03 -3.00236E-04 
6.02717E-03 -3.19821E-04 
6.05751E-03 -3.42762E-04 
6.06034E-03 -3.70448E-04 
6.01328E-03 -4.07156E-04 
5.83669E-03 -4.66521E-04 
5.33015E-03 -5.82805E-04 
4.28521E-03 -7.93900E-04 
2.96832E-03 -1.05891E-03 
1.97063E-03 -1.27599E-03 
-1.03097E-03 -2.15410E-04 
-1.24713E-04 -2.16274E-04 
7.21925E-04 -2.20578E-04 
1.50984E-03 -2.21369E-04 
2.22944E-03 -2.22598E-04 
2.87802E-03 -2.24379E-04 
3.45447E-03 -2.26836E-04 
3.85121E-03 -2.29283E-04 
3.95920E-03 -2.30099E-04 
4.42539E-03 -2.34679E-04 
4.81485E-03 -2.40532E-04 
5.13360E-03 -2.47838E-04 
5.38882E-03 -2.56780E-04 
5.57961E-03 -2.66589E-04 
5.72847E-03 -2.79730E-04 
5.83816E-03 -2.95110E-04 
5.91549E-03 -3.12985E-04 
5.96573E-03 -3.33684E-04 
5.99134E-03 -3.57775E-04 
5.98833E-03 -3.86657E-04 
5.93329E-03 -4.24676E-04 
5.74349E-03 -4.85771E-04 
5.21072E-03 -6.05018E-04 
4.11788E-03 -8.21161E-04 
2.74046E-03 -1.09207E-03 
1.69245E-03 -1.31313E-03 
-1.06092E-03 -2.20350E-04 
-1.56575E-04 -2.21356E-04 
6.87763E-04 -2.26187E-04 
1.47413E-03 -2.27220E-04 
2.19226E-03 -2.28733E-04 
2.83943E-03 -2.30848E-04 
3.41449E-03 -2.33695E-04 
3.81017E-03 -2.36486E-04 
3.91785E-03 -2.37410E-04 
4.38250E-03 -2.42548E-04 
4.77035E-03 -2.49038E-04 
5.08733E-03 -2.57058E-04 
5.34058E-03 -2.66787E-04 
5.52900E-03 -2.77064E-04 
5.67509E-03 -2.91043E-04 
5.78157E-03 -3.07318E-04 
5.85518E-03 -3.26133E-04 
5.90105E-03 -3.47803E-04 
5.92151E-03 -3.72882E-04 
5.91218E-03 -4.02767E-04 
5.84865E-03 -4.41871E-04 
5.64498E-03 -5.04422E-04 
5.08492E-03 -6.26273E-04 
3.94247E-03 -8.46942E-04 
2.50242E-03 -1.12302E-03 
1.40233E-03 -1.34719E-03 
-1.09155E-03 -2.26159E-04 
-1.89196E-04 -2.27222E-04 
6.52663E-04 -2.32495E-04 
1.43739E-03 -2.33696E-04 
2.15393E-03 -2.35423E-04 
2.79956E-03 -2.37805E-04 
3.37311E-03 -2.40978E-04 
3.76760E-03 -2.44065E-04 
3.87493E-03 -2.45082E-04 
4.33787E-03 -2.50714E-04 
4.72390E-03 -2.57773E-04 
5.03889E-03 -2.66436E-04 
5.28990E-03 -2.76874E-04 
5.47573E-03 -2.87481E-04 
5.61874E-03 -3.02193E-04 
5.72170E-03 -3.19246E-04 
5.79123E-03 -3.38869E-04 
5.83237E-03 -3.61355E-04 
5.84726E-03 -3.87240E-04 
5.83119E-03 -4.17916E-04 
5.75867E-03 -4.57850E-04 
5.54048E-03 -5.21541E-04 
4.95211E-03 -6.45559E-04 
3.75835E-03 -8.70097E-04 
2.25360E-03 -1.15044E-03 
1.09977E-03 -1.37670E-03 
-1.12361E-03 -2.32075E-04 
-2.23322E-04 -2.33111E-04 
6.15892E-04 -2.38753E-04 
1.39888E-03 -2.40050E-04 
2.11373E-03 -2.41924E-04 
2.75771E-03 -2.44511E-04 
3.32960E-03 -2.47950E-04 
3.72280E-03 -2.51287E-04 
3.82975E-03 -2.52385E-04 
4.29081E-03 -2.58447E-04 
4.67483E-03 -2.66011E-04 
4.98759E-03 -2.75246E-04 
5.23613E-03 -2.86315E-04 
5.41915E-03 -2.97105E-04 
5.55882E-03 -3.12441E-04 
5.65795E-03 -3.30147E-04 
5.72307E-03 -3.50431E-04 
5.75913E-03 -3.73565E-04 
5.76809E-03 -4.00057E-04 
5.74487E-03 -4.31285E-04 
5.66291E-03 -4.71763E-04 
5.42960E-03 -5.36228E-04 
4.81192E-03 -6.61892E-04 
3.56518E-03 -8.89497E-04 
1.99371E-03 -1.17301E-03 
7.84557E-04 -1.40016E-03 
-1.15759E-03 -2.37418E-04 
-2.59444E-04 -2.38352E-04 
5.76965E-04 -2.44291E-04 
1.35812E-03 -2.45618E-04 
2.07119E-03 -2.47576E-04 
2.71341E-03 -2.50308E-04 
3.28354E-03 -2.53958E-04 
3.67534E-03 -2.57503E-04 
3.78187E-03 -2.58670E-04 
4.24089E-03 -2.65102E-04 
4.62270E-03 -2.73105E-04 
4.93305E-03 -2.82840E-04 
5.17888E-03 -2.94456E-04 
5.35891E-03 -3.05272E-04 
5.49497E-03 -3.21113E-04 
5.58999E-03 -3.39335E-04 
5.65041E-03 -3.60121E-04 
5.68105E-03 -3.83713E-04 
5.68373E-03 -4.10586E-04 
5.65298E-03 -4.42100E-04 
5.56116E-03 -4.82795E-04 
5.31216E-03 -5.47612E-04 
4.66423E-03 -6.74305E-04 
3.36290E-03 -9.04010E-04 
1.72278E-03 -1.18939E-03 
4.56873E-04 -1.41605E-03 
-1.19377E-03 -2.41618E-04 
-2.97816E-04 -2.42379E-04 
5.35629E-04 -2.48537E-04 
1.31487E-03 -2.49828E-04 
2.02608E-03 -2.51812E-04 
2.66643E-03 -2.54635E-04 
3.23469E-03 -2.58441E-04 
3.62500E-03 -2.62153E-04 
3.73109E-03 -2.63375E-04 
4.18790E-03 -2.70116E-04 
4.56734E-03 -2.78489E-04 
4.87506E-03 -2.88644E-04 
5.11796E-03 -3.00714E-04 
5.29484E-03 -3.11381E-04 
5.42705E-03 -3.27594E-04 
5.51769E-03 -3.46178E-04 
5.57312E-03 -3.67284E-04 
5.59804E-03 -3.91116E-04 
5.59412E-03 -4.18115E-04 
5.55550E-03 -4.49605E-04 
5.45344E-03 -4.90143E-04 
5.18824E-03 -5.54823E-04 
4.50916E-03 -6.81820E-04 
3.15172E-03 -9.12483E-04 
1.44114E-03 -1.19819E-03 
1.17199E-04 -1.42277E-03 
-1.23221E-03 -2.44204E-04 
-3.38485E-04 -2.44724E-04 
4.91829E-04 -2.51003E-04 
1.26909E-03 -2.52196E-04 
1.97835E-03 -2.54146E-04 
2.61675E-03 -2.57002E-04 
3.18302E-03 -2.60910E-04 
3.57175E-03 -2.64743E-04 
3.67737E-03 -2.66007E-04 
4.13183E-03 -2.72987E-04 
4.50872E-03 -2.81653E-04 
4.81363E-03 -2.92137E-04 
5.05338E-03 -3.04550E-04 
5.22696E-03 -3.14868E-04 
5.35509E-03 -3.31301E-04 
5.44110E-03 -3.50066E-04 
5.49127E-03 -3.71279E-04 
5.51019E-03 -3.95101E-04 
5.49937E-03 -4.21926E-04 
5.45259E-03 -4.53039E-04 
5.33993E-03 -4.92986E-04 
5.05807E-03 -5.56964E-04 
4.34702E-03 -6.83418E-04 
2.93205E-03 -9.13696E-04 
1.14937E-03 -1.19796E-03 
-2.33688E-04 -1.41862E-03 
-1.27279E-03 -2.44780E-04 
-3.81342E-04 -2.44992E-04 
4.45664E-04 -2.51263E-04 
1.22088E-03 -2.52288E-04 
1.92811E-03 -2.54142E-04 
2.56448E-03 -2.56970E-04 
3.12867E-03 -2.60915E-04 
3.51573E-03 -2.64818E-04 
3.62084E-03 -2.66109E-04 
4.07281E-03 -2.73247E-04 
4.44697E-03 -2.82111E-04 
4.74888E-03 -2.92811E-04 
4.98527E-03 -3.05434E-04 
5.15543E-03 -3.15170E-04 
5.27927E-03 -3.31642E-04 
5.36041E-03 -3.50376E-04 
5.40507E-03 -3.71445E-04 
5.41774E-03 -3.94961E-04 
5.39975E-03 -4.21265E-04 
5.34453E-03 -4.51587E-04 
5.22099E-03 -4.90443E-04 
4.92206E-03 -5.53064E-04 
4.17831E-03 -6.77992E-04 
2.70454E-03 -9.06321E-04 
8.48302E-04 -1.18708E-03 
-5.94711E-04 -1.40177E-03 
-1.31532E-03 -2.42996E-04 
-4.26160E-04 -2.42828E-04 
3.97345E-04 -2.48907E-04 
1.17046E-03 -2.49692E-04 
1.87560E-03 -2.51377E-04 
2.50985E-03 -2.54106E-04 
3.07186E-03 -2.58013E-04 
3.45716E-03 -2.61922E-04 
3.56174E-03 -2.63220E-04 
4.01106E-03 -2.70415E-04 
4.38234E-03 -2.79358E-04 
4.68105E-03 -2.90135E-04 
4.91388E-03 -3.02802E-04 
5.08051E-03 -3.11683E-04 
5.19985E-03 -3.27977E-04 
5.27591E-03 -3.46427E-04 
5.31483E-03 -3.67056E-04 
5.32101E-03 -3.89919E-04 
5.29563E-03 -4.15293E-04 
5.23174E-03 -4.44346E-04 
5.09708E-03 -4.81534E-04 
4.78076E-03 -5.42044E-04 
4.00370E-03 -6.64309E-04 
2.47002E-03 -8.88885E-04 
5.39026E-04 -1.16377E-03 
-9.64512E-04 -1.37016E-03 
-1.35950E-03 -2.38498E-04 
-4.72642E-04 -2.37873E-04 
3.47152E-04 -2.43510E-04 
1.11812E-03 -2.43968E-04 
1.82110E-03 -2.45400E-04 
2.45316E-03 -2.47941E-04 
3.01288E-03 -2.51716E-04 
3.39634E-03 -2.55553E-04 
3.50036E-03 -2.56834E-04 
3.94689E-03 -2.63958E-04 
4.31511E-03 -2.72831E-04 
4.61045E-03 -2.83510E-04 
4.83951E-03 -2.96017E-04 
5.00254E-03 -3.03722E-04 
5.11718E-03 -3.19579E-04 
5.18797E-03 -3.37444E-04 
5.22094E-03 -3.57281E-04 
5.22044E-03 -3.79082E-04 
5.18748E-03 -4.03052E-04 
5.11475E-03 -4.30282E-04 
4.96881E-03 -4.65139E-04 
4.63486E-03 -5.22674E-04 
3.82399E-03 -6.40971E-04 
2.22952E-03 -8.59719E-04 
2.22856E-04 -1.12605E-03 
-1.34145E-03 -1.32151E-03 
-1.40499E-03 -2.30895E-04 
-5.20445E-04 -2.29721E-04 
2.95412E-04 -2.34577E-04 
1.06419E-03 -2.34609E-04 
1.76496E-03 -2.35684E-04 
2.39474E-03 -2.37931E-04 
2.95209E-03 -2.41457E-04 
3.33361E-03 -2.45122E-04 
3.43705E-03 -2.46354E-04 
3.88065E-03 -2.53246E-04 
4.24565E-03 -2.61864E-04 
4.53743E-03 -2.72229E-04 
4.76253E-03 -2.84322E-04 
4.92192E-03 -2.90478E-04 
5.03170E-03 -3.05590E-04 
5.09703E-03 -3.22512E-04 
5.12390E-03 -3.41144E-04 
5.11655E-03 -3.61406E-04 
5.07587E-03 -3.83424E-04 
4.99420E-03 -4.08194E-04 
4.83688E-03 -4.39961E-04 
4.48517E-03 -4.93537E-04 
3.64018E-03 -6.06379E-04 
1.98428E-03 -8.16933E-04 
-9.86050E-05 -1.07166E-03 
-1.72352E-03 -1.25327E-03 
-1.45144E-03 -2.19709E-04 
-5.69204E-04 -2.17882E-04 
2.42477E-04 -2.21510E-04 
1.00903E-03 -2.20994E-04 
1.70753E-03 -2.21590E-04 
2.33497E-03 -2.23409E-04 
2.88985E-03 -2.26542E-04 
3.26935E-03 -2.29910E-04 
3.37218E-03 -2.31055E-04 
3.81271E-03 -2.37516E-04 
4.17434E-03 -2.45649E-04 
4.46239E-03 -2.55434E-04 
4.68336E-03 -2.66810E-04 
4.83910E-03 -2.70981E-04 
4.94388E-03 -2.84985E-04 
5.00362E-03 -3.00545E-04 
5.02425E-03 -3.17491E-04 
5.00995E-03 -3.35663E-04 
4.96149E-03 -3.55097E-04 
4.87084E-03 -3.76681E-04 
4.70215E-03 -4.04499E-04 
4.33270E-03 -4.53004E-04 
3.45345E-03 -5.58704E-04 
1.73580E-03 -7.58384E-04 
-4.23441E-04 -9.98073E-04 
-2.10838E-03 -1.16261E-03 
-1.49848E-03 -2.04342E-04 
-6.18542E-04 -2.01740E-04 
1.88717E-04 -2.03561E-04 
9.53016E-04 -2.02355E-04 
1.64921E-03 -2.02322E-04 
2.27424E-03 -2.03553E-04 
2.82657E-03 -2.06113E-04 
3.20397E-03 -2.09033E-04 
3.30616E-03 -2.10044E-04 
3.74349E-03 -2.15829E-04 
4.10162E-03 -2.23198E-04 
4.38579E-03 -2.32084E-04 
4.60248E-03 -2.42380E-04 
4.75461E-03 -2.44070E-04 
4.85428E-03 -2.56540E-04 
4.90834E-03 -2.70252E-04 
4.92266E-03 -2.84956E-04 
4.90136E-03 -3.00405E-04 
4.84513E-03 -3.16536E-04 
4.74557E-03 -3.34114E-04 
4.56564E-03 -3.57017E-04 
4.17860E-03 -3.99202E-04 
3.26521E-03 -4.95864E-04 
1.48586E-03 -6.81652E-04 
-7.49379E-04 -9.02468E-04 
-2.49323E-03 -1.04638E-03 
-1.54573E-03 -1.84035E-04 
-6.68067E-04 -1.80515E-04 
1.34533E-04 -1.79795E-04 
8.96568E-04 -1.77735E-04 
1.59042E-03 -1.76896E-04 
2.21298E-03 -1.77345E-04 
2.76269E-03 -1.79119E-04 
3.13793E-03 -1.81407E-04 
3.23946E-03 -1.82226E-04 
3.67348E-03 -1.87044E-04 
4.02797E-03 -1.93315E-04 
4.30815E-03 -2.00925E-04 
4.52043E-03 -2.09713E-04 
4.66906E-03 -2.08359E-04 
4.76358E-03 -2.18806E-04 
4.81191E-03 -2.30110E-04 
4.81991E-03 -2.41937E-04 
4.79167E-03 -2.53945E-04 
4.72776E-03 -2.65962E-04 
4.61948E-03 -2.78613E-04 
4.42859E-03 -2.95524E-04 
4.02431E-03 -3.30000E-04 
3.07715E-03 -4.15504E-04 
1.23657E-03 -5.84023E-04 
-1.07372E-03 -7.81707E-04 
-2.87478E-03 -9.01107E-04 
-1.59278E-03 -1.57838E-04 
-7.17354E-04 -1.53237E-04 
8.03659E-05 -1.49062E-04 
8.40142E-04 -1.45956E-04 
1.53163E-03 -1.44106E-04 
2.15169E-03 -1.43546E-04 
2.69872E-03 -1.44279E-04 
3.07174E-03 -1.45718E-04 
3.17260E-03 -1.46279E-04 
3.60322E-03 -1.49783E-04 
3.95398E-03 -1.54566E-04 
4.23007E-03 -1.60460E-04 
4.43788E-03 -1.67248E-04 
4.58321E-03 -1.62219E-04 
4.67257E-03 -1.70082E-04 
4.71522E-03 -1.78344E-04 
4.71698E-03 -1.86575E-04 
4.68193E-03 -1.94333E-04 
4.61057E-03 -2.01330E-04 
4.49389E-03 -2.08033E-04 
4.29247E-03 -2.17762E-04 
3.87151E-03 -2.42992E-04 
2.89128E-03 -3.14990E-04 
9.90470E-04 -4.62491E-04 
-1.39326E-03 -6.32343E-04 
-3.24914E-03 -7.23023E-04 
-1.63918E-03 -1.24578E-04 
-7.65931E-04 -1.18710E-04 
2.67335E-05 -1.09962E-04 
7.84275E-04 -1.05594E-04 
1.47340E-03 -1.02495E-04 
2.09094E-03 -1.00661E-04 
2.63526E-03 -1.00060E-04 
3.00602E-03 -1.00397E-04 
3.10620E-03 -1.00621E-04 
3.53337E-03 -1.02411E-04 
3.88037E-03 -1.05255E-04 
4.15234E-03 -1.08929E-04 
4.35566E-03 -1.13156E-04 
4.49798E-03 -1.03756E-04 
4.58225E-03 -1.08403E-04 
4.61933E-03 -1.12904E-04 
4.61504E-03 -1.16734E-04 
4.57344E-03 -1.19341E-04 
4.49499E-03 -1.20315E-04 
4.37039E-03 -1.19946E-04 
4.15908E-03 -1.21188E-04 
3.72225E-03 -1.35492E-04 
2.71003E-03 -1.91398E-04 
7.50573E-04 -3.13749E-04 
-1.70422E-03 -4.50625E-04 
-3.61178E-03 -5.08064E-04 
-1.68437E-03 -8.28380E-05 
-8.13237E-04 -7.54911E-05 
-2.57353E-05 -6.08219E-05 
7.29623E-04 -5.49513E-05 
1.41642E-03 -5.03332E-05 
2.03144E-03 -4.69260E-05 
2.57305E-03 -4.46520E-05 
2.94156E-03 -4.35996E-05 
3.04104E-03 -4.33981E-05 
3.46477E-03 -4.30161E-05 
3.80800E-03 -4.34098E-05 
4.07588E-03 -4.42923E-05 
4.27478E-03 -4.53238E-05 
4.41450E-03 -3.07987E-05 
4.49385E-03 -3.15187E-05 
4.52559E-03 -3.14605E-05 
4.51553E-03 -2.99936E-05 
4.46779E-03 -2.64562E-05 
4.38277E-03 -2.03053E-05 
4.25093E-03 -1.16370E-05 
4.03059E-03 -2.97877E-06 
3.57899E-03 -4.53270E-06 
2.53630E-03 -4.15283E-05 
5.20451E-04 -1.34207E-04 
-2.00214E-03 -2.32520E-04 
-3.95736E-03 -2.51906E-04 
-1.72770E-03 -3.09259E-05 
-8.58588E-04 -2.18637E-05 
-7.62494E-05 3.23922E-07 
6.77010E-04 7.96309E-06 
1.36153E-03 1.43983E-05 
1.97410E-03 1.97167E-05 
2.51303E-03 2.40429E-05 
2.87932E-03 2.68104E-05 
2.97812E-03 2.75381E-05 
3.39845E-03 3.06051E-05 
3.73799E-03 3.32363E-05 
4.00190E-03 3.57827E-05 
4.19653E-03 3.86500E-05 
4.33419E-03 5.91120E-05 
4.40890E-03 6.31060E-05 
4.43563E-03 6.86085E-05 
4.42026E-03 7.63573E-05 
4.36693E-03 8.71286E-05 
4.27605E-03 1.01601E-04 
4.13786E-03 1.19892E-04 
3.90960E-03 1.39969E-04 
3.44468E-03 1.53124E-04 
2.37352E-03 1.38087E-04 
3.04334E-04 7.99836E-05 
-2.28178E-03 2.62463E-05 
-4.27968E-03 4.99777E-05 
-1.76835E-03 3.31457E-05 
-9.01132E-04 4.41867E-05 
-1.23805E-04 7.57571E-05 
6.27478E-04 8.54519E-05 
1.30984E-03 9.40323E-05 
1.92004E-03 1.01635E-04 
2.45639E-03 1.08434E-04 
2.82052E-03 1.13278E-04 
2.91868E-03 1.14644E-04 
3.33573E-03 1.20966E-04 
3.67175E-03 1.27258E-04 
3.93188E-03 1.33937E-04 
4.12252E-03 1.41478E-04 
4.25882E-03 1.68733E-04 
4.32928E-03 1.78310E-04 
4.35150E-03 1.90228E-04 
4.33142E-03 2.05335E-04 
4.27325E-03 2.24521E-04 
4.17744E-03 2.48605E-04 
4.03403E-03 2.77932E-04 
3.79926E-03 3.11042E-04 
3.32283E-03 3.40986E-04 
2.22577E-03 3.51172E-04 
1.07176E-04 3.32915E-04 
-2.53705E-03 3.30165E-04 
-4.57159E-03 4.02279E-04 
-1.80525E-03 1.11670E-04 
-9.39788E-04 1.24982E-04 
-1.67109E-04 1.68071E-04 
5.82365E-04 1.80128E-04 
1.26271E-03 1.91208E-04 
1.87070E-03 2.01501E-04 
2.40462E-03 2.11235E-04 
2.76674E-03 2.18551E-04 
2.86429E-03 2.20676E-04 
3.27828E-03 2.30879E-04 
3.61104E-03 2.41527E-04 
3.86772E-03 2.53108E-04 
4.05476E-03 2.66165E-04 
4.19058E-03 3.01102E-04 
4.25732E-03 3.17211E-04 
4.27567E-03 3.36603E-04 
4.25167E-03 3.60232E-04 
4.18963E-03 3.89102E-04 
4.09005E-03 4.24171E-04 
3.94285E-03 4.66026E-04 
3.70331E-03 5.13858E-04 
3.21760E-03 5.62773E-04 
2.09785E-03 6.01635E-04 
-6.52103E-05 6.28825E-04 
-2.76086E-03 6.83815E-04 
-4.82480E-03 8.09702E-04 
-1.83709E-03 2.07272E-04 
-9.73196E-04 2.23180E-04 
-2.04518E-04 2.80188E-04 
5.43369E-04 2.94927E-04 
1.22192E-03 3.08884E-04 
1.82790E-03 3.22305E-04 
2.35963E-03 3.35472E-04 
2.71993E-03 3.45689E-04 
2.81692E-03 3.48707E-04 
3.22818E-03 3.63467E-04 
3.55805E-03 3.79226E-04 
3.81173E-03 3.96541E-04 
3.99570E-03 4.16026E-04 
4.13213E-03 4.59549E-04 
4.19585E-03 4.83223E-04 
4.21117E-03 5.11232E-04 
4.18425E-03 5.44632E-04 
4.11954E-03 5.84534E-04 
4.01764E-03 6.32030E-04 
3.86836E-03 6.87967E-04 
3.62616E-03 7.52265E-04 
3.13388E-03 8.22406E-04 
1.99536E-03 8.93549E-04 
-2.06092E-04 9.72068E-04 
-2.94506E-03 1.09182E-03 
-5.02987E-03 1.27690E-03 
-1.86219E-03 3.22914E-04 
-9.99647E-04 3.41777E-04 
-2.33950E-04 4.15338E-04 
5.12627E-04 4.33092E-04 
1.18966E-03 4.50326E-04 
1.79393E-03 4.67339E-04 
2.32377E-03 4.84472E-04 
2.68252E-03 4.98050E-04 
2.77904E-03 5.02104E-04 
3.18800E-03 5.22150E-04 
3.51549E-03 5.43830E-04 
3.76676E-03 5.67772E-04 
3.94837E-03 5.94661E-04 
4.08672E-03 6.47667E-04 
4.14829E-03 6.80021E-04 
4.16161E-03 7.17872E-04 
4.13301E-03 7.62369E-04 
4.06710E-03 8.14719E-04 
3.96463E-03 8.76140E-04 
3.81536E-03 9.47747E-04 
3.57300E-03 1.03028E-03 
3.07738E-03 1.12393E-03 
1.92481E-03 1.23105E-03 
-3.07700E-04 1.36699E-03 
-3.08030E-03 1.55869E-03 
-5.17604E-03 1.80828E-03 
-1.87846E-03 4.61897E-04 
-1.01701E-03 4.84115E-04 
-2.52797E-04 5.77037E-04 
4.92813E-04 5.98149E-04 
1.16867E-03 6.19073E-04 
1.77160E-03 6.40170E-04 
2.29997E-03 6.61837E-04 
2.65751E-03 6.79266E-04 
2.75367E-03 6.84506E-04 
3.16089E-03 7.10616E-04 
3.48665E-03 7.39083E-04 
3.73628E-03 7.70605E-04 
3.91641E-03 8.05936E-04 
4.05822E-03 8.69292E-04 
4.11871E-03 9.11520E-04 
4.13131E-03 9.60513E-04 
4.10254E-03 1.01750E-03 
4.03720E-03 1.08376E-03 
3.93623E-03 1.16063E-03 
3.78944E-03 1.24949E-03 
3.54988E-03 1.35199E-03 
3.05473E-03 1.47140E-03 
1.89372E-03 1.61824E-03 
-3.61131E-04 1.81778E-03 
-3.15595E-03 2.08865E-03 
-5.25117E-03 2.40779E-03 
-1.88331E-03 6.27852E-04 
-1.02266E-03 6.53876E-04 
-2.57825E-04 7.69041E-04 
4.87221E-04 7.93859E-04 
1.16233E-03 8.18908E-04 
1.76438E-03 8.44604E-04 
2.29178E-03 8.71402E-04 
2.64854E-03 8.93202E-04 
2.74448E-03 8.99790E-04 
3.15066E-03 9.32789E-04 
3.47549E-03 9.68962E-04 
3.72441E-03 1.00907E-03 
3.90414E-03 1.05395E-03 
4.05123E-03 1.12845E-03 
4.11193E-03 1.18183E-03 
4.12534E-03 1.24332E-03 
4.09819E-03 1.31423E-03 
4.03554E-03 1.39589E-03 
3.93855E-03 1.48971E-03 
3.79711E-03 1.59737E-03 
3.56381E-03 1.72150E-03 
3.07358E-03 1.86882E-03 
1.91068E-03 2.05901E-03 
-3.56249E-04 2.32831E-03 
-3.16000E-03 2.68538E-03 
-5.24162E-03 3.07867E-03 
-1.87329E-03 8.28037E-04 
-1.01310E-03 8.58448E-04 
-2.44715E-04 9.99073E-04 
5.00236E-04 1.02802E-03 
1.17510E-03 1.05772E-03 
1.77681E-03 1.08864E-03 
2.30385E-03 1.12130E-03 
2.66037E-03 1.14810E-03 
2.75625E-03 1.15623E-03 
3.16224E-03 1.19712E-03 
3.48713E-03 1.24212E-03 
3.73648E-03 1.29205E-03 
3.91711E-03 1.34779E-03 
4.07171E-03 1.43434E-03 
4.13420E-03 1.50040E-03 
4.15028E-03 1.57603E-03 
4.12695E-03 1.66256E-03 
4.06957E-03 1.76134E-03 
3.97958E-03 1.87387E-03 
3.84702E-03 2.00206E-03 
3.62416E-03 2.14967E-03 
3.14417E-03 2.32732E-03 
1.98716E-03 2.56506E-03 
-2.79826E-04 2.91124E-03 
-3.07696E-03 3.36265E-03 
-5.12965E-03 3.83519E-03 
-1.84482E-03 1.06048E-03 
-9.84716E-04 1.09580E-03 
-2.09040E-04 1.26402E-03 
5.36347E-04 1.29740E-03 
1.21154E-03 1.33216E-03 
1.81356E-03 1.36880E-03 
2.34098E-03 1.40790E-03 
2.69788E-03 1.44022E-03 
2.79389E-03 1.45006E-03 
3.20070E-03 1.49965E-03 
3.52682E-03 1.55437E-03 
3.77791E-03 1.61509E-03 
3.96098E-03 1.68274E-03 
4.12533E-03 1.78171E-03 
4.19142E-03 1.86164E-03 
4.21229E-03 1.95262E-03 
4.19524E-03 2.05595E-03 
4.14597E-03 2.17299E-03 
4.06622E-03 2.30522E-03 
3.94629E-03 2.45485E-03 
3.73833E-03 2.62678E-03 
3.27436E-03 2.83590E-03 
2.13196E-03 3.12351E-03 
-1.21254E-04 3.55086E-03 
-2.89426E-03 4.10111E-03 
-4.90179E-03 4.65453E-03 
-1.79326E-03 1.33245E-03 
-9.32834E-04 1.37336E-03 
-1.45030E-04 1.57113E-03 
6.01362E-04 1.60935E-03 
1.27753E-03 1.64968E-03 
1.88058E-03 1.69267E-03 
2.40918E-03 1.73894E-03 
2.76718E-03 1.77740E-03 
2.86354E-03 1.78913E-03 
3.27234E-03 1.84842E-03 
3.60101E-03 1.91395E-03 
3.85539E-03 1.98663E-03 
4.04264E-03 2.06742E-03 
4.21942E-03 2.17917E-03 
4.29122E-03 2.27437E-03 
4.31937E-03 2.38208E-03 
4.31152E-03 2.50354E-03 
4.27370E-03 2.64004E-03 
4.20806E-03 2.79305E-03 
4.10519E-03 2.96499E-03 
3.91732E-03 3.16202E-03 
3.47604E-03 3.40372E-03 
2.35822E-03 3.74366E-03 
1.34407E-04 4.25687E-03 
-2.59471E-03 4.91082E-03 
-4.53876E-03 5.54659E-03 
-1.71318E-03 1.64843E-03 
-8.51970E-04 1.69573E-03 
-4.59682E-05 1.92406E-03 
7.02028E-04 1.96758E-03 
1.37985E-03 2.01405E-03 
1.98472E-03 2.06407E-03 
2.51543E-03 2.11830E-03 
2.87532E-03 2.16359E-03 
2.97229E-03 2.17743E-03 
3.38439E-03 2.24748E-03 
3.71714E-03 2.32496E-03 
3.97657E-03 2.41082E-03 
4.17004E-03 2.50601E-03 
4.36217E-03 2.63064E-03 
4.44216E-03 2.74245E-03 
4.48050E-03 2.86816E-03 
4.48519E-03 3.00890E-03 
4.46269E-03 3.16580E-03 
4.41556E-03 3.34027E-03 
4.33477E-03 3.53492E-03 
4.17287E-03 3.75725E-03 
3.76178E-03 4.03192E-03 
2.67977E-03 4.42580E-03 
5.02974E-04 5.02846E-03 
-2.16017E-03 5.78949E-03 
-4.02065E-03 6.50732E-03 
-1.59819E-03 2.01285E-03 
-7.35713E-04 2.06748E-03 
9.59253E-05 2.32604E-03 
8.46133E-04 2.37541E-03 
1.52633E-03 2.42868E-03 
2.13387E-03 2.48651E-03 
2.66768E-03 2.54959E-03 
3.03036E-03 2.60245E-03 
3.12822E-03 2.61863E-03 
3.54509E-03 2.70058E-03 
3.88366E-03 2.79122E-03 
4.15014E-03 2.89149E-03 
4.35214E-03 3.00231E-03 
4.56286E-03 3.13960E-03 
4.65391E-03 3.26926E-03 
4.70578E-03 3.41404E-03 
4.72690E-03 3.57487E-03 
4.72415E-03 3.75269E-03 
4.70052E-03 3.94875E-03 
4.64747E-03 4.16584E-03 
4.51812E-03 4.41288E-03 
4.14557E-03 4.71996E-03 
3.11189E-03 5.16824E-03 
1.00178E-03 5.86237E-03 
-1.57096E-03 6.73190E-03 
-3.32610E-03 7.52929E-03 
-1.44067E-03 2.43061E-03 
-5.76393E-04 2.49371E-03 
2.89841E-04 2.78035E-03 
1.04285E-03 2.83625E-03 
1.72616E-03 2.89715E-03 
2.33728E-03 2.96372E-03 
2.87528E-03 3.03666E-03 
3.24173E-03 3.09794E-03 
3.34079E-03 3.11671E-03 
3.76410E-03 3.21179E-03 
4.11043E-03 3.31685E-03 
4.38627E-03 3.43277E-03 
4.59948E-03 3.56037E-03 
4.83231E-03 3.70971E-03 
4.93778E-03 3.85824E-03 
5.00711E-03 4.02283E-03 
5.04914E-03 4.20413E-03 
5.07122E-03 4.40279E-03 
5.07680E-03 4.61984E-03 
5.05787E-03 4.85822E-03 
4.96841E-03 5.12834E-03 
4.64371E-03 5.46610E-03 
3.67230E-03 5.96779E-03 
1.65070E-03 6.75357E-03 
-8.04702E-04 7.73059E-03 
-2.43100E-03 8.60248E-03 
-1.23248E-03 2.90478E-03 
-3.65830E-04 2.97768E-03 
5.45376E-04 3.28779E-03 
1.30173E-03 3.35111E-03 
1.98888E-03 3.42061E-03 
2.60450E-03 3.49700E-03 
3.14786E-03 3.58095E-03 
3.51915E-03 3.65155E-03 
3.61977E-03 3.67317E-03 
4.05136E-03 3.78265E-03 
4.40768E-03 3.90335E-03 
4.69550E-03 4.03603E-03 
4.92297E-03 4.18137E-03 
5.18166E-03 4.34158E-03 
5.30543E-03 4.50956E-03 
5.39669E-03 4.69409E-03 
5.46475E-03 4.89547E-03 
5.51737E-03 5.11397E-03 
5.55849E-03 5.35034E-03 
5.58070E-03 5.60762E-03 
5.53912E-03 5.89777E-03 
5.27232E-03 6.26285E-03 
4.37826E-03 6.81491E-03 
2.46885E-03 7.68975E-03 
1.59668E-04 8.76989E-03 
-1.31324E-03 9.70785E-03 
-9.64440E-04 3.43822E-03 
-9.47823E-05 3.52249E-03 
8.73092E-04 3.84852E-03 
1.63327E-03 3.92039E-03 
2.32498E-03 3.99973E-03 
2.94608E-03 4.08719E-03 
3.49606E-03 4.18342E-03 
3.87340E-03 4.26432E-03 
3.97594E-03 4.28907E-03 
4.41792E-03 4.41421E-03 
4.78676E-03 4.55166E-03 
5.08956E-03 4.70198E-03 
5.33481E-03 4.86562E-03 
5.62334E-03 5.03487E-03 
5.76992E-03 5.22221E-03 
5.88828E-03 5.42599E-03 
5.98815E-03 5.64604E-03 
6.07773E-03 5.88218E-03 
6.16142E-03 6.13482E-03 
6.23245E-03 6.40709E-03 
6.24736E-03 6.71253E-03 
6.04922E-03 7.09963E-03 
5.24868E-03 7.69667E-03 
3.47685E-03 8.65478E-03 
1.34453E-03 9.82982E-03 
5.03161E-05 1.08217E-02 
-6.26855E-04 4.03237E-03 
2.46561E-04 4.12981E-03 
1.28376E-03 4.46082E-03 
2.04819E-03 4.54270E-03 
2.74517E-03 4.63333E-03 
3.37281E-03 4.73330E-03 
3.93082E-03 4.84319E-03 
4.31555E-03 4.93534E-03 
4.42047E-03 4.96350E-03 
4.87524E-03 5.10542E-03 
5.25955E-03 5.26044E-03 
5.58082E-03 5.42884E-03 
5.84791E-03 5.61074E-03 
6.17045E-03 5.78634E-03 
6.34506E-03 5.99197E-03 
6.49641E-03 6.21311E-03 
6.63461E-03 6.44905E-03 
6.76827E-03 6.69908E-03 
6.90218E-03 6.96321E-03 
7.03024E-03 7.24464E-03 
7.11074E-03 7.55860E-03 
6.99252E-03 7.96013E-03 
6.30243E-03 8.59390E-03 
4.69483E-03 9.62569E-03 
2.77115E-03 1.08829E-02 
1.68098E-03 1.19126E-02 
-2.09109E-04 4.68804E-03 
6.69002E-04 4.80060E-03 
1.78867E-03 5.12205E-03 
2.55778E-03 5.21572E-03 
3.26084E-03 5.31934E-03 
3.89623E-03 5.43338E-03 
4.46392E-03 5.55828E-03 
4.85766E-03 5.66257E-03 
4.96548E-03 5.69435E-03 
5.43591E-03 5.85386E-03 
5.83917E-03 6.02675E-03 
6.18305E-03 6.21294E-03 
6.47676E-03 6.41212E-03 
6.83769E-03 6.59036E-03 
7.04638E-03 6.81185E-03 
7.23743E-03 7.04689E-03 
7.42129E-03 7.29415E-03 
7.60684E-03 7.55237E-03 
7.79924E-03 7.82111E-03 
7.99303E-03 8.10368E-03 
8.14857E-03 8.41701E-03 
8.12185E-03 8.82282E-03 
7.55972E-03 9.48192E-03 
6.14393E-03 1.05736E-02 
4.46137E-03 1.18953E-02 
3.60011E-03 1.29424E-02 
2.99024E-04 5.40331E-03 
1.18307E-03 5.53301E-03 
2.39794E-03 5.82675E-03 
3.17224E-03 5.93424E-03 
3.88239E-03 6.05265E-03 
4.52702E-03 6.18227E-03 
5.10645E-03 6.32330E-03 
5.51117E-03 6.44031E-03 
5.62255E-03 6.47582E-03 
6.11213E-03 6.65304E-03 
6.53853E-03 6.84320E-03 
6.90991E-03 7.04575E-03 
7.23581E-03 7.25984E-03 
7.63966E-03 7.43572E-03 
7.88935E-03 7.66878E-03 
8.12762E-03 7.91220E-03 
8.36513E-03 8.16400E-03 
8.61096E-03 8.42233E-03 
8.87048E-03 8.68635E-03 
9.13886E-03 8.95949E-03 
9.37884E-03 9.26047E-03 
9.45501E-03 9.65757E-03 
9.03820E-03 1.03271E-02 
7.84176E-03 1.14600E-02 
6.43225E-03 1.28234E-02 
5.82300E-03 1.38631E-02 
9.07514E-04 6.17419E-03 
1.79923E-03 6.32284E-03 
3.12053E-03 6.56765E-03 
3.90084E-03 6.69103E-03 
4.61947E-03 6.82589E-03 
5.27538E-03 6.97225E-03 
5.86921E-03 7.12999E-03 
6.28742E-03 7.25967E-03 
6.40316E-03 7.29882E-03 
6.91621E-03 7.49275E-03 
7.37084E-03 7.69819E-03 
7.77554E-03 7.91399E-03 
8.14016E-03 8.13873E-03 
8.59157E-03 8.30571E-03 
8.89005E-03 8.54370E-03 
9.18379E-03 8.78747E-03 
9.48353E-03 9.03441E-03 
9.79836E-03 9.28208E-03 
1.01337E-02 9.52934E-03 
1.04854E-02 9.77979E-03 
1.08187E-02 1.00540E-02 
1.10085E-02 1.04266E-02 
1.07535E-02 1.10881E-02 
9.80298E-03 1.22390E-02 
8.69674E-03 1.36155E-02 
8.35970E-03 1.46193E-02 
1.62545E-03 6.99385E-03 
2.52731E-03 7.16269E-03 
3.96340E-03 7.33524E-03 
4.75114E-03 7.47629E-03 
5.48036E-03 7.62871E-03 
6.15037E-03 7.79214E-03 
6.76215E-03 7.96607E-03 
7.19710E-03 8.10740E-03 
7.31822E-03 8.14977E-03 
7.86014E-03 8.35769E-03 
8.34918E-03 8.57439E-03 
8.79410E-03 8.79811E-03 
9.20494E-03 9.02673E-03 
9.70857E-03 9.17650E-03 
1.00644E-02 9.40998E-03 
1.04224E-02 9.64319E-03 
1.07933E-02 9.87292E-03 
1.11858E-02 1.00963E-02 
1.16054E-02 1.03120E-02 
1.20482E-02 1.05238E-02 
1.24828E-02 1.07543E-02 
1.27954E-02 1.10840E-02 
1.27171E-02 1.17157E-02 
1.20369E-02 1.28565E-02 
1.12610E-02 1.42130E-02 
1.12121E-02 1.51491E-02 
2.46056E-03 7.85198E-03 
3.37605E-03 8.04113E-03 
4.93101E-03 8.11753E-03 
5.72858E-03 8.27715E-03 
6.47156E-03 8.44706E-03 
7.15963E-03 8.62647E-03 
7.79409E-03 8.81435E-03 
8.24994E-03 8.96476E-03 
8.37775E-03 9.00946E-03 
8.95524E-03 9.22624E-03 
9.48608E-03 9.44757E-03 
9.97921E-03 9.67099E-03 
1.04447E-02 9.89378E-03 
1.10052E-02 1.00161E-02 
1.14275E-02 1.02324E-02 
1.18588E-02 1.04411E-02 
1.23095E-02 1.06383E-02 
1.27879E-02 1.08209E-02 
1.32990E-02 1.09876E-02 
1.38396E-02 1.11427E-02 
1.43813E-02 1.13105E-02 
1.48239E-02 1.15767E-02 
1.49344E-02 1.21543E-02 
1.45452E-02 1.32530E-02 
1.41218E-02 1.45522E-02 
1.43714E-02 1.53868E-02 
3.41918E-03 8.73437E-03 
4.35316E-03 8.94213E-03 
6.02541E-03 8.89992E-03 
6.83659E-03 9.07736E-03 
7.59796E-03 9.26278E-03 
8.30953E-03 9.45484E-03 
8.97286E-03 9.65197E-03 
9.45489E-03 9.80685E-03 
9.59100E-03 9.85237E-03 
1.02121E-02 1.00698E-02 
1.07934E-02 1.02858E-02 
1.13438E-02 1.04974E-02 
1.18731E-02 1.07013E-02 
1.24946E-02 1.07838E-02 
1.29926E-02 1.09673E-02 
1.35060E-02 1.11343E-02 
1.40443E-02 1.12809E-02 
1.46155E-02 1.14040E-02 
1.52239E-02 1.15023E-02 
1.58666E-02 1.15809E-02 
1.65188E-02 1.16659E-02 
1.70951E-02 1.18470E-02 
1.74027E-02 1.23444E-02 
1.73202E-02 1.33662E-02 
1.72652E-02 1.45683E-02 
1.78166E-02 1.52677E-02 
4.50601E-03 9.62191E-03 
5.46498E-03 9.84397E-03 
7.24622E-03 9.66438E-03 
8.07663E-03 9.85635E-03 
8.86282E-03 1.00525E-02 
9.60503E-03 1.02509E-02 
1.03050E-02 1.04494E-02 
1.08196E-02 1.06016E-02 
1.09660E-02 1.06456E-02 
1.16401E-02 1.08518E-02 
1.22815E-02 1.10490E-02 
1.28988E-02 1.12337E-02 
1.35015E-02 1.14022E-02 
1.41877E-02 1.14308E-02 
1.47699E-02 1.15627E-02 
1.53729E-02 1.16685E-02 
1.60053E-02 1.17445E-02 
1.66740E-02 1.17876E-02 
1.73827E-02 1.17972E-02 
1.81287E-02 1.17792E-02 
1.88913E-02 1.17611E-02 
1.96011E-02 1.18360E-02 
2.01089E-02 1.22268E-02 
2.03424E-02 1.31360E-02 
2.06635E-02 1.42006E-02 
2.15118E-02 1.47328E-02 
5.72659E-03 1.04914E-02 
6.71893E-03 1.07201E-02 
8.59380E-03 1.03899E-02 
9.45121E-03 1.05897E-02 
1.02706E-02 1.07882E-02 
1.10525E-02 1.09829E-02 
1.17986E-02 1.11711E-02 
1.23533E-02 1.13106E-02 
1.25120E-02 1.13501E-02 
1.32498E-02 1.15292E-02 
1.39616E-02 1.16903E-02 
1.46557E-02 1.18295E-02 
1.53409E-02 1.19430E-02 
1.60945E-02 1.19022E-02 
1.67682E-02 1.19615E-02 
1.74665E-02 1.19850E-02 
1.81969E-02 1.19692E-02 
1.89650E-02 1.19116E-02 
1.97737E-02 1.18123E-02 
2.06204E-02 1.16784E-02 
2.14889E-02 1.15388E-02 
2.23274E-02 1.14878E-02 
2.30330E-02 1.17471E-02 
2.35844E-02 1.25086E-02 
2.42809E-02 1.33968E-02 
2.54131E-02 1.37338E-02 
7.07847E-03 1.13086E-02 
8.11413E-03 1.15324E-02 
1.00601E-02 1.10464E-02 
1.09542E-02 1.12432E-02 
1.18171E-02 1.14317E-02 
1.26489E-02 1.16087E-02 
1.34515E-02 1.17713E-02 
1.40541E-02 1.18852E-02 
1.42276E-02 1.19162E-02 
1.50394E-02 1.20491E-02 
1.58316E-02 1.21538E-02 
1.66113E-02 1.22265E-02 
1.73866E-02 1.22635E-02 
1.82082E-02 1.21376E-02 
1.89779E-02 1.21030E-02 
1.97738E-02 1.20232E-02 
2.06021E-02 1.18955E-02 
2.14671E-02 1.17183E-02 
2.23706E-02 1.14927E-02 
2.33105E-02 1.12270E-02 
2.42751E-02 1.09512E-02 
2.52313E-02 1.07590E-02 
2.61252E-02 1.08662E-02 
2.69867E-02 1.14490E-02 
2.80464E-02 1.21269E-02 
2.94394E-02 1.22481E-02 
8.57110E-03 1.20410E-02 
9.66164E-03 1.22443E-02 
1.16508E-02 1.16048E-02 
1.25934E-02 1.17835E-02 
1.35113E-02 1.19452E-02 
1.44047E-02 1.20867E-02 
1.52748E-02 1.22046E-02 
1.59336E-02 1.22776E-02 
1.61241E-02 1.22957E-02 
1.70204E-02 1.23601E-02 
1.79017E-02 1.23857E-02 
1.87745E-02 1.23692E-02 
1.96453E-02 1.23072E-02 
2.05339E-02 1.20807E-02 
2.14008E-02 1.19313E-02 
2.22931E-02 1.17286E-02 
2.32154E-02 1.14709E-02 
2.41705E-02 1.11579E-02 
2.51594E-02 1.07920E-02 
2.61801E-02 1.03827E-02 
2.72262E-02 9.96044E-03 
2.82844E-02 9.61661E-03 
2.93511E-02 9.55548E-03 
3.05077E-02 9.93322E-03 
3.19103E-02 1.03729E-02 
3.35343E-02 1.02646E-02 
1.02081E-02 1.26456E-02 
1.13659E-02 1.28090E-02 
1.33664E-02 1.20262E-02 
1.43702E-02 1.21676E-02 
1.53555E-02 1.22824E-02 
1.63219E-02 1.23673E-02 
1.72702E-02 1.24189E-02 
1.79926E-02 1.24340E-02 
1.82021E-02 1.24341E-02 
1.91913E-02 1.24064E-02 
2.01685E-02 1.23298E-02 
2.11387E-02 1.22015E-02 
2.21070E-02 1.20193E-02 
2.30585E-02 1.16786E-02 
2.40195E-02 1.13963E-02 
2.50022E-02 1.10545E-02 
2.60095E-02 1.06532E-02 
2.70428E-02 1.01933E-02 
2.81021E-02 9.67887E-03 
2.91861E-02 9.12031E-03 
3.02939E-02 8.54803E-03 
3.14328E-02 8.04876E-03 
3.26505E-02 7.81018E-03 
3.40787E-02 7.96388E-03 
3.57948E-02 8.14566E-03 
3.76125E-02 7.80395E-03 
1.19967E-02 1.30760E-02 
1.32339E-02 1.31770E-02 
1.52122E-02 1.22680E-02 
1.62900E-02 1.23497E-02 
1.73545E-02 1.23948E-02 
1.84045E-02 1.24001E-02 
1.94400E-02 1.23626E-02 
2.02316E-02 1.23024E-02 
2.04616E-02 1.22795E-02 
2.15495E-02 1.21364E-02 
2.26257E-02 1.19354E-02 
2.36936E-02 1.16750E-02 
2.47570E-02 1.13541E-02 
2.57641E-02 1.08890E-02 
2.68112E-02 1.04600E-02 
2.78731E-02 9.96846E-03 
2.89511E-02 9.41560E-03 
3.00455E-02 8.80422E-03 
3.11553E-02 8.13965E-03 
3.22803E-02 7.43336E-03 
3.34255E-02 6.71483E-03 
3.46191E-02 6.06376E-03 
3.59606E-02 5.64617E-03 
3.76298E-02 5.56517E-03 
3.96224E-02 5.47889E-03 
4.15912E-02 4.90920E-03 
1.39451E-02 1.32828E-02 
1.52725E-02 1.32975E-02 
1.71960E-02 1.22840E-02 
1.83594E-02 1.22820E-02 
1.95130E-02 1.22337E-02 
2.06547E-02 1.21362E-02 
2.17836E-02 1.19872E-02 
2.26478E-02 1.18353E-02 
2.28990E-02 1.17848E-02 
2.40870E-02 1.15052E-02 
2.52609E-02 1.11610E-02 
2.64223E-02 1.07520E-02 
2.75733E-02 1.02789E-02 
2.86251E-02 9.68341E-03 
2.97447E-02 9.10041E-03 
3.08693E-02 8.45480E-03 
3.19989E-02 7.74967E-03 
3.31323E-02 6.98947E-03 
3.42683E-02 6.18088E-03 
3.54079E-02 5.33602E-03 
3.65622E-02 4.48263E-03 
3.77810E-02 3.69106E-03 
3.92146E-02 3.10080E-03 
4.10886E-02 2.78337E-03 
4.33145E-02 2.42868E-03 
4.53884E-02 1.64580E-03 
1.60613E-02 1.32166E-02 
1.74875E-02 1.31212E-02 
1.93260E-02 1.20276E-02 
2.05840E-02 1.19180E-02 
2.18336E-02 1.17533E-02 
2.30718E-02 1.15316E-02 
2.42962E-02 1.12513E-02 
2.52330E-02 1.09938E-02 
2.55051E-02 1.09117E-02 
2.67899E-02 1.04789E-02 
2.80549E-02 9.97762E-03 
2.93001E-02 9.40943E-03 
3.05259E-02 8.77681E-03 
3.16075E-02 8.05068E-03 
3.27811E-02 7.31336E-03 
3.39471E-02 6.51710E-03 
3.51042E-02 5.66673E-03 
3.62504E-02 4.76823E-03 
3.73846E-02 3.82947E-03 
3.85090E-02 2.86282E-03 
3.96417E-02 1.89333E-03 
4.08537E-02 9.79800E-04 
4.23449E-02 2.30904E-04 
4.43830E-02 -3.15833E-04 
4.67950E-02 -9.29617E-04 
4.89262E-02 -1.90250E-03 
1.83510E-02 1.28315E-02 
1.98807E-02 1.26040E-02 
2.16086E-02 1.14552E-02 
2.29662E-02 1.12164E-02 
2.43145E-02 1.09155E-02 
2.56492E-02 1.05517E-02 
2.69665E-02 1.01247E-02 
2.79720E-02 9.75118E-03 
2.82635E-02 9.63495E-03 
2.96363E-02 9.03816E-03 
3.09804E-02 8.37257E-03 
3.22941E-02 7.64163E-03 
3.35765E-02 6.84969E-03 
3.46697E-02 5.99874E-03 
3.58739E-02 5.11476E-03 
3.70554E-02 4.17916E-03 
3.82122E-02 3.19839E-03 
3.93420E-02 2.17978E-03 
4.04435E-02 1.13207E-03 
4.15213E-02 6.73513E-05 
4.26003E-02 -9.92919E-04 
4.37722E-02 -2.00348E-03 
4.52847E-02 -2.89010E-03 
4.74437E-02 -3.65066E-03 
4.99921E-02 -4.50528E-03 
5.21332E-02 -5.63795E-03 
2.08158E-02 1.20891E-02 
2.24493E-02 1.17112E-02 
2.40461E-02 1.05308E-02 
2.55037E-02 1.01451E-02 
2.69484E-02 9.69280E-03 
2.83746E-02 9.17424E-03 
2.97771E-02 8.59064E-03 
3.08433E-02 8.09575E-03 
3.11516E-02 7.94410E-03 
3.25979E-02 7.17974E-03 
3.40035E-02 6.35011E-03 
3.53653E-02 5.46062E-03 
3.66813E-02 4.51747E-03 
3.77645E-02 3.55387E-03 
3.89719E-02 2.53863E-03 
4.01400E-02 1.48259E-03 
4.12661E-02 3.93544E-04 
4.23478E-02 -7.20159E-04 
4.33849E-02 -1.84931E-03 
4.43839E-02 -2.98263E-03 
4.53769E-02 -4.10313E-03 
4.64761E-02 -5.18082E-03 
4.79735E-02 -6.17861E-03 
5.02089E-02 -7.13026E-03 
5.28434E-02 -8.19980E-03 
5.49488E-02 -9.45679E-03 
2.34366E-02 1.09688E-02 
2.51689E-02 1.04283E-02 
2.66205E-02 9.23719E-03 
2.81727E-02 8.69330E-03 
2.97057E-02 8.08098E-03 
3.12126E-02 7.40219E-03 
3.26870E-02 6.65977E-03 
3.38017E-02 6.04398E-03 
3.41230E-02 5.85744E-03 
3.56229E-02 4.93045E-03 
3.70674E-02 3.94566E-03 
3.84525E-02 2.91038E-03 
3.97750E-02 1.83251E-03 
4.08245E-02 7.74908E-04 
4.20053E-02 -3.48556E-04 
4.31290E-02 -1.49903E-03 
4.41929E-02 -2.66773E-03 
4.51950E-02 -3.84568E-03 
4.61362E-02 -5.02369E-03 
4.70257E-02 -6.19183E-03 
4.79026E-02 -7.33836E-03 
4.88982E-02 -8.44978E-03 
5.03457E-02 -9.52770E-03 
5.26135E-02 -1.06411E-02 
5.52845E-02 -1.18926E-02 
5.73122E-02 -1.32347E-02 
2.62321E-02 9.44310E-03 
2.80542E-02 8.73160E-03 
2.93504E-02 7.54724E-03 
3.09876E-02 6.83812E-03 
3.25969E-02 6.06188E-03 
3.41697E-02 5.22222E-03 
3.56986E-02 4.32370E-03 
3.68470E-02 3.59153E-03 
3.71766E-02 3.37181E-03 
3.87062E-02 2.29275E-03 
4.01636E-02 1.16734E-03 
4.15437E-02 4.58818E-06 
4.28429E-02 -1.18616E-03 
4.38327E-02 -2.31489E-03 
4.49552E-02 -3.51885E-03 
4.60021E-02 -4.73344E-03 
4.69714E-02 -5.94933E-03 
4.78618E-02 -7.15739E-03 
4.86758E-02 -8.34895E-03 
4.94256E-02 -9.51599E-03 
5.01572E-02 -1.06527E-02 
5.10199E-02 -1.17631E-02 
5.23841E-02 -1.28884E-02 
5.46421E-02 -1.41317E-02 
5.73028E-02 -1.55299E-02 
5.92139E-02 -1.69174E-02 
2.91542E-02 7.52695E-03 
3.10517E-02 6.64372E-03 
3.21885E-02 5.47980E-03 
3.38956E-02 4.60647E-03 
3.55636E-02 3.67053E-03 
3.71828E-02 2.67751E-03 
3.87443E-02 1.63379E-03 
3.99080E-02 7.95949E-04 
4.02404E-02 5.46555E-04 
4.17723E-02 -6.65564E-04 
4.32131E-02 -1.90901E-03 
4.45577E-02 -3.17335E-03 
4.58023E-02 -4.44815E-03 
4.67061E-02 -5.62009E-03 
4.77385E-02 -6.87137E-03 
4.86774E-02 -8.11516E-03 
4.95214E-02 -9.34206E-03 
5.02709E-02 -1.05433E-02 
5.09299E-02 -1.17113E-02 
5.15139E-02 -1.28404E-02 
5.20755E-02 -1.39311E-02 
5.27807E-02 -1.50055E-02 
5.40321E-02 -1.61439E-02 
5.62405E-02 -1.74810E-02 
5.88469E-02 -1.89864E-02 
6.06087E-02 -2.03792E-02 
3.21777E-02 5.23617E-03 
3.41328E-02 4.18591E-03 
3.51100E-02 3.05243E-03 
3.68682E-02 2.02159E-03 
3.85741E-02 9.35812E-04 
4.02168E-02 -1.97458E-04 
4.17865E-02 -1.37006E-03 
4.29454E-02 -2.29876E-03 
4.32745E-02 -2.57315E-03 
4.47790E-02 -3.89398E-03 
4.61727E-02 -5.22789E-03 
4.74502E-02 -6.56343E-03 
4.86083E-02 -7.88951E-03 
4.94001E-02 -9.07396E-03 
5.03117E-02 -1.03368E-02 
5.11126E-02 -1.15729E-02 
5.18029E-02 -1.27735E-02 
5.23845E-02 -1.39306E-02 
5.28638E-02 -1.50381E-02 
5.32595E-02 -1.60932E-02 
5.36304E-02 -1.71033E-02 
5.41570E-02 -1.81080E-02 
5.52698E-02 -1.92259E-02 
5.73924E-02 -2.06201E-02 
5.99048E-02 -2.21923E-02 
6.14896E-02 -2.35522E-02 
3.52601E-02 2.60670E-03 
3.72522E-02 1.39932E-03 
3.80731E-02 3.02862E-04 
3.98607E-02 -8.73400E-04 
4.15812E-02 -2.09390E-03 
4.32226E-02 -3.34928E-03 
4.47743E-02 -4.62963E-03 
4.59074E-02 -5.63088E-03 
4.62269E-02 -5.92460E-03 
4.76735E-02 -7.32534E-03 
4.89889E-02 -8.71822E-03 
5.01682E-02 -1.00912E-02 
5.12090E-02 -1.14331E-02 
5.18640E-02 -1.25977E-02 
5.26261E-02 -1.38350E-02 
5.32618E-02 -1.50262E-02 
5.37731E-02 -1.61633E-02 
5.41638E-02 -1.72399E-02 
5.44427E-02 -1.82517E-02 
5.46320E-02 -1.91993E-02 
5.47961E-02 -2.00967E-02 
5.51281E-02 -2.10009E-02 
5.60806E-02 -2.20662E-02 
5.80853E-02 -2.34810E-02 
6.04684E-02 -2.50802E-02 
6.18545E-02 -2.63721E-02 
3.83502E-02 -3.10456E-04 
4.03569E-02 -1.66078E-03 
4.10275E-02 -2.71656E-03 
4.28213E-02 -4.02178E-03 
4.45317E-02 -5.35776E-03 
4.61460E-02 -6.71324E-03 
4.76529E-02 -8.07666E-03 
4.87390E-02 -9.12967E-03 
4.90428E-02 -9.43637E-03 
5.04015E-02 -1.08853E-02 
5.16085E-02 -1.23032E-02 
5.26598E-02 -1.36781E-02 
5.35545E-02 -1.49991E-02 
5.40501E-02 -1.61112E-02 
5.46372E-02 -1.72864E-02 
5.50841E-02 -1.83964E-02 
5.53951E-02 -1.94347E-02 
5.55763E-02 -2.03968E-02 
5.56391E-02 -2.12808E-02 
5.56087E-02 -2.20906E-02 
5.55550E-02 -2.28472E-02 
5.56811E-02 -2.36238E-02 
5.64566E-02 -2.46074E-02 
5.83158E-02 -2.60075E-02 
6.05395E-02 -2.75956E-02 
6.17111E-02 -2.87884E-02 
4.13897E-02 -3.45145E-03 
4.33882E-02 -4.92730E-03 
4.39164E-02 -5.94112E-03 
4.56925E-02 -7.35560E-03 
4.73681E-02 -8.78487E-03 
4.89297E-02 -1.02158E-02 
5.03658E-02 -1.16354E-02 
5.13844E-02 -1.27179E-02 
5.16664E-02 -1.30309E-02 
5.29088E-02 -1.44947E-02 
5.39794E-02 -1.59029E-02 
5.48757E-02 -1.72439E-02 
5.55985E-02 -1.85079E-02 
5.59151E-02 -1.95358E-02 
5.63055E-02 -2.06140E-02 
5.65445E-02 -2.16088E-02 
5.66386E-02 -2.25160E-02 
5.65966E-02 -2.33333E-02 
5.64326E-02 -2.40614E-02 
5.61748E-02 -2.47079E-02 
5.58974E-02 -2.53002E-02 
5.58116E-02 -2.59266E-02 
5.63982E-02 -2.68031E-02 
5.80892E-02 -2.81559E-02 
6.01290E-02 -2.96976E-02 
6.10761E-02 -3.07653E-02 
4.42890E-02 -6.71062E-03 
4.62570E-02 -8.29139E-03 
4.66531E-02 -9.26412E-03 
4.83885E-02 -1.07653E-02 
5.00061E-02 -1.22633E-02 
5.14916E-02 -1.37434E-02 
5.28333E-02 -1.51911E-02 
5.37666E-02 -1.62804E-02 
5.40216E-02 -1.65928E-02 
5.51233E-02 -1.80386E-02 
5.60342E-02 -1.94035E-02 
5.67537E-02 -2.06767E-02 
5.72847E-02 -2.18503E-02 
5.74083E-02 -2.27658E-02 
5.75873E-02 -2.37166E-02 
5.76063E-02 -2.45676E-02 
5.74744E-02 -2.53172E-02 
5.72031E-02 -2.59657E-02 
5.68092E-02 -2.65167E-02 
5.63238E-02 -2.69813E-02 
5.58245E-02 -2.73932E-02 
5.55279E-02 -2.78536E-02 
5.59205E-02 -2.86031E-02 
5.74275E-02 -2.98802E-02 
5.92665E-02 -3.13449E-02 
5.99873E-02 -3.22683E-02 
4.70420E-02 -1.00730E-02 
4.89575E-02 -1.17388E-02 
4.92300E-02 -1.26716E-02 
5.09023E-02 -1.42375E-02 
5.24389E-02 -1.57804E-02 
5.38254E-02 -1.72838E-02 
5.50498E-02 -1.87322E-02 
5.58801E-02 -1.98061E-02 
5.61031E-02 -2.01115E-02 
5.70403E-02 -2.15071E-02 
5.77690E-02 -2.27959E-02 
5.82906E-02 -2.39686E-02 
5.86108E-02 -2.50196E-02 
5.85277E-02 -2.57955E-02 
5.84815E-02 -2.65899E-02 
5.82693E-02 -2.72701E-02 
5.79032E-02 -2.78375E-02 
5.73977E-02 -2.82953E-02 
5.67718E-02 -2.86501E-02 
5.60593E-02 -2.89166E-02 
5.53407E-02 -2.91339E-02 
5.48352E-02 -2.94147E-02 
5.50300E-02 -3.00198E-02 
5.63391E-02 -3.11957E-02 
5.79621E-02 -3.25557E-02 
5.84556E-02 -3.33183E-02 
4.95484E-02 -1.34122E-02 
5.13917E-02 -1.51411E-02 
5.15508E-02 -1.60360E-02 
5.31399E-02 -1.76432E-02 
5.45759E-02 -1.92062E-02 
5.58441E-02 -2.07072E-02 
5.69326E-02 -2.21297E-02 
5.76462E-02 -2.31673E-02 
5.78332E-02 -2.34594E-02 
5.85884E-02 -2.47755E-02 
5.91189E-02 -2.59589E-02 
5.94288E-02 -2.70029E-02 
5.95269E-02 -2.79046E-02 
5.92308E-02 -2.85192E-02 
5.89539E-02 -2.91352E-02 
5.85081E-02 -2.96253E-02 
5.79085E-02 -2.99938E-02 
5.71722E-02 -3.02473E-02 
5.63209E-02 -3.03953E-02 
5.53904E-02 -3.04559E-02 
5.44628E-02 -3.04731E-02 
5.37582E-02 -3.05688E-02 
5.37588E-02 -3.10190E-02 
5.48636E-02 -3.20738E-02 
5.62640E-02 -3.33078E-02 
5.65377E-02 -3.39011E-02 
5.17653E-02 -1.66633E-02 
5.35182E-02 -1.84337E-02 
5.35727E-02 -1.92925E-02 
5.50606E-02 -2.09180E-02 
5.63786E-02 -2.24775E-02 
5.75117E-02 -2.39517E-02 
5.84487E-02 -2.53235E-02 
5.90342E-02 -2.63055E-02 
5.91821E-02 -2.65786E-02 
5.97412E-02 -2.77884E-02 
6.00615E-02 -2.88408E-02 
6.01503E-02 -2.97317E-02 
6.00193E-02 -3.04616E-02 
5.95079E-02 -3.08974E-02 
5.89994E-02 -3.13181E-02 
5.83221E-02 -3.16036E-02 
5.74940E-02 -3.17620E-02 
5.65350E-02 -3.18030E-02 
5.54690E-02 -3.17391E-02 
5.43333E-02 -3.15914E-02 
5.32111E-02 -3.14080E-02 
5.23203E-02 -3.13178E-02 
5.21339E-02 -3.16071E-02 
5.30327E-02 -3.25257E-02 
5.42084E-02 -3.36174E-02 
5.42734E-02 -3.40378E-02 
5.36462E-02 -1.97535E-02 
5.52925E-02 -2.15441E-02 
5.52503E-02 -2.23675E-02 
5.66213E-02 -2.39893E-02 
5.78064E-02 -2.55227E-02 
5.87909E-02 -2.69474E-02 
5.95640E-02 -2.82459E-02 
6.00130E-02 -2.91549E-02 
6.01195E-02 -2.94041E-02 
6.04730E-02 -3.04848E-02 
6.05761E-02 -3.13846E-02 
6.04392E-02 -3.21027E-02 
6.00776E-02 -3.26436E-02 
5.93534E-02 -3.28883E-02 
5.86178E-02 -3.31023E-02 
5.77164E-02 -3.31751E-02 
5.66703E-02 -3.31183E-02 
5.55016E-02 -3.29448E-02 
5.42361E-02 -3.26699E-02 
5.29126E-02 -3.23175E-02 
5.16139E-02 -3.19386E-02 
5.05540E-02 -3.16670E-02 
5.01918E-02 -3.17947E-02 
5.08876E-02 -3.25670E-02 
5.18419E-02 -3.35055E-02 
5.17134E-02 -3.37550E-02 
5.51609E-02 -2.26292E-02 
5.66859E-02 -2.44189E-02 
5.65531E-02 -2.52064E-02 
5.77933E-02 -2.68033E-02 
5.88329E-02 -2.82893E-02 
5.96575E-02 -2.96434E-02 
6.02572E-02 -3.08481E-02 
6.05636E-02 -3.16691E-02 
6.06271E-02 -3.18900E-02 
6.07691E-02 -3.28219E-02 
6.06518E-02 -3.35514E-02 
6.02890E-02 -3.40816E-02 
5.96997E-02 -3.44210E-02 
5.87690E-02 -3.44670E-02 
5.78152E-02 -3.44683E-02 
5.67015E-02 -3.43256E-02 
5.54517E-02 -3.40538E-02 
5.40902E-02 -3.36691E-02 
5.26443E-02 -3.31892E-02 
5.11534E-02 -3.26403E-02 
4.96993E-02 -3.20757E-02 
4.84898E-02 -3.16316E-02 
4.79663E-02 -3.16009E-02 
4.84659E-02 -3.22218E-02 
4.92059E-02 -3.30011E-02 
4.89019E-02 -3.30858E-02 
5.62836E-02 -2.52366E-02 
5.76743E-02 -2.70051E-02 
5.74551E-02 -2.77544E-02 
5.85527E-02 -2.93058E-02 
5.94365E-02 -3.07246E-02 
6.00928E-02 -3.19891E-02 
6.05126E-02 -3.30820E-02 
6.06730E-02 -3.38019E-02 
6.06928E-02 -3.39911E-02 
6.06216E-02 -3.47584E-02 
6.02852E-02 -3.53046E-02 
5.97009E-02 -3.56366E-02 
5.88915E-02 -3.57675E-02 
5.77651E-02 -3.56121E-02 
5.66066E-02 -3.54007E-02 
5.52969E-02 -3.50454E-02 
5.38623E-02 -3.45649E-02 
5.23288E-02 -3.39778E-02 
5.07250E-02 -3.33044E-02 
4.90905E-02 -3.25723E-02 
4.75050E-02 -3.18364E-02 
4.61684E-02 -3.12329E-02 
4.55009E-02 -3.10518E-02 
4.58151E-02 -3.15206E-02 
4.63523E-02 -3.21398E-02 
4.58935E-02 -3.20702E-02 
5.70023E-02 -2.75379E-02 
5.82474E-02 -2.92653E-02 
5.79441E-02 -2.99722E-02 
5.88890E-02 -3.14589E-02 
5.96088E-02 -3.27919E-02 
6.00905E-02 -3.39495E-02 
6.03268E-02 -3.49150E-02 
6.03398E-02 -3.55231E-02 
6.03159E-02 -3.56776E-02 
6.00331E-02 -3.62683E-02 
5.94827E-02 -3.66221E-02 
5.86854E-02 -3.67504E-02 
5.76675E-02 -3.66709E-02 
5.63597E-02 -3.63163E-02 
5.50142E-02 -3.58971E-02 
5.35286E-02 -3.53375E-02 
5.19313E-02 -3.46593E-02 
5.02499E-02 -3.38837E-02 
4.85135E-02 -3.30326E-02 
4.67614E-02 -3.21349E-02 
4.50703E-02 -3.12457E-02 
4.36307E-02 -3.04997E-02 
4.28389E-02 -3.01795E-02 
4.29817E-02 -3.05000E-02 
4.33309E-02 -3.09628E-02 
4.27399E-02 -3.07527E-02 
5.73166E-02 -2.95090E-02 
5.84057E-02 -3.11760E-02 
5.80188E-02 -3.18344E-02 
5.88023E-02 -3.32378E-02 
5.93515E-02 -3.44678E-02 
5.96544E-02 -3.55028E-02 
5.97053E-02 -3.63273E-02 
5.95717E-02 -3.68149E-02 
5.95046E-02 -3.69324E-02 
5.90148E-02 -3.73376E-02 
5.82585E-02 -3.74940E-02 
5.72599E-02 -3.74173E-02 
5.60488E-02 -3.71298E-02 
5.45770E-02 -3.65825E-02 
5.30651E-02 -3.59651E-02 
5.14266E-02 -3.52140E-02 
4.96916E-02 -3.43537E-02 
4.78886E-02 -3.34073E-02 
4.60468E-02 -3.23981E-02 
4.42045E-02 -3.13556E-02 
4.24350E-02 -3.03342E-02 
4.09176E-02 -2.94651E-02 
4.00227E-02 -2.90203E-02 
4.00107E-02 -2.92000E-02 
4.01892E-02 -2.95138E-02 
3.94895E-02 -2.91797E-02 
5.72355E-02 -3.11332E-02 
5.81601E-02 -3.27213E-02 
5.76882E-02 -3.33233E-02 
5.83035E-02 -3.46260E-02 
5.86772E-02 -3.57372E-02 
5.87991E-02 -3.66359E-02 
5.86651E-02 -3.73081E-02 
5.83874E-02 -3.76684E-02 
5.82782E-02 -3.77473E-02 
5.75891E-02 -3.79619E-02 
5.66382E-02 -3.79195E-02 
5.54534E-02 -3.76408E-02 
5.40674E-02 -3.71525E-02 
5.24519E-02 -3.64230E-02 
5.07970E-02 -3.56217E-02 
4.90314E-02 -3.46963E-02 
4.71859E-02 -3.36734E-02 
4.52894E-02 -3.25777E-02 
4.33708E-02 -3.14333E-02 
4.14668E-02 -3.02696E-02 
3.96465E-02 -2.91395E-02 
3.80772E-02 -2.81690E-02 
3.71014E-02 -2.76165E-02 
3.69535E-02 -2.76663E-02 
3.69810E-02 -2.78421E-02 
3.61967E-02 -2.74027E-02 
5.67765E-02 -3.24118E-02 
5.75288E-02 -3.39034E-02 
5.69691E-02 -3.44395E-02 
5.74100E-02 -3.56249E-02 
5.76044E-02 -3.66023E-02 
5.75439E-02 -3.73521E-02 
5.72268E-02 -3.78622E-02 
5.68086E-02 -3.80898E-02 
5.66586E-02 -3.81290E-02 
5.57792E-02 -3.81499E-02 
5.46469E-02 -3.79102E-02 
5.32927E-02 -3.74354E-02 
5.17521E-02 -3.67564E-02 
5.00147E-02 -3.58585E-02 
4.82422E-02 -3.48903E-02 
4.63764E-02 -3.38105E-02 
4.44486E-02 -3.26472E-02 
4.24875E-02 -3.14261E-02 
4.05209E-02 -3.01712E-02 
3.85837E-02 -2.89113E-02 
3.67401E-02 -2.76972E-02 
3.51443E-02 -2.66480E-02 
3.41102E-02 -2.60063E-02 
3.38460E-02 -2.59393E-02 
3.37430E-02 -2.59905E-02 
3.28979E-02 -2.54653E-02 
5.59736E-02 -3.33414E-02 
5.65490E-02 -3.47210E-02 
5.58987E-02 -3.51813E-02 
5.61622E-02 -3.62354E-02 
5.61767E-02 -3.70670E-02 
5.59359E-02 -3.76586E-02 
5.54408E-02 -3.80005E-02 
5.48882E-02 -3.80931E-02 
5.46997E-02 -3.80922E-02 
5.36429E-02 -3.79211E-02 
5.23458E-02 -3.74906E-02 
5.08426E-02 -3.68306E-02 
4.91709E-02 -3.59763E-02 
4.73359E-02 -3.49278E-02 
4.54731E-02 -3.38143E-02 
4.35358E-02 -3.26041E-02 
4.15552E-02 -3.13262E-02 
3.95588E-02 -3.00062E-02 
3.75733E-02 -2.86679E-02 
3.56308E-02 -2.73388E-02 
3.37904E-02 -2.60665E-02 
3.21929E-02 -2.49626E-02 
3.11231E-02 -2.42518E-02 
3.07641E-02 -2.40842E-02 
3.05530E-02 -2.40272E-02 
2.96704E-02 -2.34370E-02 
5.48438E-02 -3.39524E-02 
5.52362E-02 -3.52040E-02 
5.44904E-02 -3.55768E-02 
5.45720E-02 -3.64846E-02 
5.44042E-02 -3.71575E-02 
5.39835E-02 -3.75804E-02 
5.33138E-02 -3.77468E-02 
5.26317E-02 -3.77013E-02 
5.24065E-02 -3.76600E-02 
5.11835E-02 -3.72975E-02 
4.97371E-02 -3.66818E-02 
4.81039E-02 -3.58471E-02 
4.63235E-02 -3.48321E-02 
4.44145E-02 -3.36507E-02 
4.24878E-02 -3.24132E-02 
4.05069E-02 -3.10962E-02 
3.85017E-02 -2.97287E-02 
3.64984E-02 -2.83359E-02 
3.45217E-02 -2.69404E-02 
3.26006E-02 -2.55679E-02 
3.07887E-02 -2.42624E-02 
2.92128E-02 -2.31266E-02 
2.81284E-02 -2.23662E-02 
2.76946E-02 -2.21137E-02 
2.73962E-02 -2.19643E-02 
2.64972E-02 -2.13286E-02 
5.34285E-02 -3.42561E-02 
5.36351E-02 -3.53661E-02 
5.27896E-02 -3.56404E-02 
5.26880E-02 -3.63897E-02 
5.23386E-02 -3.68939E-02 
5.17414E-02 -3.71407E-02 
5.09034E-02 -3.71278E-02 
5.00990E-02 -3.69438E-02 
4.98396E-02 -3.68625E-02 
4.84646E-02 -3.63134E-02 
4.68868E-02 -3.55220E-02 
4.51452E-02 -3.45270E-02 
4.32805E-02 -3.33699E-02 
4.13222E-02 -3.20764E-02 
3.93590E-02 -3.07388E-02 
3.73625E-02 -2.93409E-02 
3.53610E-02 -2.79108E-02 
3.33784E-02 -2.64724E-02 
3.14369E-02 -2.50467E-02 
2.95623E-02 -2.36568E-02 
2.78021E-02 -2.23429E-02 
2.62695E-02 -2.11978E-02 
2.51909E-02 -2.04076E-02 
2.47028E-02 -2.00875E-02 
2.43381E-02 -1.98632E-02 
2.34428E-02 -1.92014E-02 
5.17647E-02 -3.42781E-02 
5.17845E-02 -3.52351E-02 
5.08357E-02 -3.54000E-02 
5.05510E-02 -3.59805E-02 
5.00224E-02 -3.63077E-02 
4.92533E-02 -3.63732E-02 
4.82547E-02 -3.61788E-02 
4.73360E-02 -3.58575E-02 
4.70451E-02 -3.57368E-02 
4.55333E-02 -3.50077E-02 
4.38429E-02 -3.40523E-02 
4.20149E-02 -3.29130E-02 
4.00904E-02 -3.16338E-02 
3.81075E-02 -3.02500E-02 
3.61345E-02 -2.88372E-02 
3.41496E-02 -2.73846E-02 
3.21785E-02 -2.59189E-02 
3.02425E-02 -2.44616E-02 
2.83606E-02 -2.30316E-02 
2.65553E-02 -2.16493E-02 
2.48678E-02 -2.03501E-02 
2.33977E-02 -1.92171E-02 
2.23435E-02 -1.84160E-02 
2.18204E-02 -1.80457E-02 
2.14097E-02 -1.77641E-02 
2.05358E-02 -1.70942E-02 
4.98901E-02 -3.40470E-02 
4.97237E-02 -3.48411E-02 
4.86690E-02 -3.48870E-02 
4.82032E-02 -3.52903E-02 
4.74992E-02 -3.54344E-02 
4.65645E-02 -3.53151E-02 
4.54142E-02 -3.49393E-02 
4.43902E-02 -3.44831E-02 
4.40707E-02 -3.43243E-02 
4.24383E-02 -3.34238E-02 
4.06548E-02 -3.23175E-02 
3.87625E-02 -3.10514E-02 
3.68027E-02 -2.96712E-02 
3.48190E-02 -2.82195E-02 
3.28620E-02 -2.67565E-02 
3.09143E-02 -2.52752E-02 
2.89985E-02 -2.37998E-02 
2.71325E-02 -2.23492E-02 
2.53322E-02 -2.09394E-02 
2.36162E-02 -1.95877E-02 
2.20197E-02 -1.83245E-02 
2.06289E-02 -1.72231E-02 
1.96156E-02 -1.64288E-02 
1.90756E-02 -1.60251E-02 
1.86374E-02 -1.57032E-02 
1.78003E-02 -1.50417E-02 
4.78421E-02 -3.35924E-02 
4.74921E-02 -3.42164E-02 
4.63301E-02 -3.41346E-02 
4.56870E-02 -3.43548E-02 
4.48134E-02 -3.43118E-02 
4.37210E-02 -3.40065E-02 
4.24294E-02 -3.34512E-02 
4.13098E-02 -3.28643E-02 
4.09650E-02 -3.26690E-02 
3.92289E-02 -3.16075E-02 
3.73722E-02 -3.03652E-02 
3.54380E-02 -2.89909E-02 
3.34666E-02 -2.75315E-02 
3.15052E-02 -2.60344E-02 
2.95882E-02 -2.45457E-02 
2.77014E-02 -2.30607E-02 
2.58634E-02 -2.16004E-02 
2.40884E-02 -2.01803E-02 
2.23887E-02 -1.88132E-02 
2.07791E-02 -1.75127E-02 
1.92887E-02 -1.63046E-02 
1.79910E-02 -1.52518E-02 
1.70328E-02 -1.44803E-02 
1.64922E-02 -1.40590E-02 
1.60435E-02 -1.37128E-02 
1.52559E-02 -1.30740E-02 
4.56560E-02 -3.29447E-02 
4.51271E-02 -3.33932E-02 
4.38579E-02 -3.31771E-02 
4.30434E-02 -3.32104E-02 
4.20077E-02 -3.29787E-02 
4.07671E-02 -3.24885E-02 
3.93460E-02 -3.17580E-02 
3.81417E-02 -3.10460E-02 
3.77749E-02 -3.08162E-02 
3.59531E-02 -2.96060E-02 
3.40433E-02 -2.82437E-02 
3.20892E-02 -2.67808E-02 
3.01293E-02 -2.52641E-02 
2.82120E-02 -2.37439E-02 
2.63574E-02 -2.22531E-02 
2.45527E-02 -2.07881E-02 
2.28122E-02 -1.93657E-02 
2.11462E-02 -1.79977E-02 
1.95630E-02 -1.66930E-02 
1.80736E-02 -1.54619E-02 
1.67013E-02 -1.43250E-02 
1.55076E-02 -1.33355E-02 
1.46160E-02 -1.26006E-02 
1.40892E-02 -1.21761E-02 
1.36448E-02 -1.18202E-02 
1.29168E-02 -1.12163E-02 
4.33657E-02 -3.21337E-02 
4.26643E-02 -3.24038E-02 
4.12898E-02 -3.20484E-02 
4.03117E-02 -3.18936E-02 
3.91234E-02 -3.14741E-02 
3.77461E-02 -3.08024E-02 
3.62088E-02 -2.99033E-02 
3.49315E-02 -2.90733E-02 
3.45464E-02 -2.88115E-02 
3.26576E-02 -2.74666E-02 
3.07153E-02 -2.60019E-02 
2.87629E-02 -2.44704E-02 
2.68366E-02 -2.29185E-02 
2.49835E-02 -2.13967E-02 
2.32113E-02 -1.99263E-02 
2.15074E-02 -1.85030E-02 
1.98813E-02 -1.71390E-02 
1.83388E-02 -1.58418E-02 
1.68847E-02 -1.46166E-02 
1.55258E-02 -1.34698E-02 
1.42802E-02 -1.24173E-02 
1.31984E-02 -1.15028E-02 
1.23824E-02 -1.08161E-02 
1.18813E-02 -1.04012E-02 
1.14537E-02 -1.00484E-02 
1.07926E-02 -9.48907E-03 
4.10018E-02 -3.11877E-02 
4.01361E-02 -3.12787E-02 
3.86603E-02 -3.07813E-02 
3.75283E-02 -3.04396E-02 
3.61988E-02 -2.98357E-02 
3.46978E-02 -2.89886E-02 
3.30592E-02 -2.79294E-02 
3.17215E-02 -2.69903E-02 
3.13220E-02 -2.66994E-02 
2.93857E-02 -2.52356E-02 
2.74316E-02 -2.36869E-02 
2.55021E-02 -2.21075E-02 
2.36300E-02 -2.05419E-02 
2.18597E-02 -1.90393E-02 
2.01876E-02 -1.76098E-02 
1.86003E-02 -1.62476E-02 
1.71021E-02 -1.49598E-02 
1.56945E-02 -1.37493E-02 
1.43783E-02 -1.26173E-02 
1.31570E-02 -1.15666E-02 
1.20435E-02 -1.06083E-02 
1.10781E-02 -9.77777E-03 
1.03439E-02 -9.14830E-03 
9.87838E-03 -8.75376E-03 
9.47772E-03 -8.41502E-03 
8.88830E-03 -7.90746E-03 
3.85871E-02 -3.01313E-02 
3.75670E-02 -3.00443E-02 
3.59951E-02 -2.94040E-02 
3.47208E-02 -2.88788E-02 
3.32629E-02 -2.80960E-02 
3.16528E-02 -2.70813E-02 
2.99291E-02 -2.58729E-02 
2.85448E-02 -2.48348E-02 
2.81350E-02 -2.45181E-02 
2.61714E-02 -2.29525E-02 
2.42262E-02 -2.13393E-02 
2.23401E-02 -1.97328E-02 
2.05420E-02 -1.81747E-02 
1.88712E-02 -1.67106E-02 
1.73146E-02 -1.53407E-02 
1.58568E-02 -1.40566E-02 
1.44970E-02 -1.28599E-02 
1.32322E-02 -1.17489E-02 
1.20598E-02 -1.07207E-02 
1.09797E-02 -9.77472E-03 
1.00006E-02 -8.91773E-03 
9.15367E-03 -8.17705E-03 
8.50509E-03 -7.61147E-03 
8.08245E-03 -7.24604E-03 
7.71654E-03 -6.93019E-03 
7.20108E-03 -6.47923E-03 
3.61678E-02 -2.89993E-02 
3.50057E-02 -2.87389E-02 
3.33460E-02 -2.79581E-02 
3.19437E-02 -2.72566E-02 
3.03732E-02 -2.63043E-02 
2.86711E-02 -2.51339E-02 
2.68806E-02 -2.37903E-02 
2.54641E-02 -2.26657E-02 
2.50484E-02 -2.23270E-02 
2.30784E-02 -2.06792E-02 
2.11629E-02 -1.90222E-02 
1.93395E-02 -1.74093E-02 
1.76325E-02 -1.58786E-02 
1.60749E-02 -1.44705E-02 
1.46453E-02 -1.31761E-02 
1.33256E-02 -1.19835E-02 
1.21099E-02 -1.08888E-02 
1.09913E-02 -9.88556E-03 
9.96362E-03 -8.96742E-03 
9.02405E-03 -8.13036E-03 
8.17726E-03 -7.37743E-03 
7.44680E-03 -6.72888E-03 
6.88419E-03 -6.23068E-03 
6.50905E-03 -5.90060E-03 
6.18296E-03 -5.61405E-03 
5.74077E-03 -5.22167E-03 
3.37333E-02 -2.77993E-02 
3.24414E-02 -2.73697E-02 
3.07025E-02 -2.64510E-02 
2.91863E-02 -2.55803E-02 
2.75190E-02 -2.44679E-02 
2.57421E-02 -2.31535E-02 
2.39034E-02 -2.16891E-02 
2.24699E-02 -2.04906E-02 
2.20526E-02 -2.01339E-02 
2.00977E-02 -1.84235E-02 
1.82323E-02 -1.67433E-02 
1.64909E-02 -1.51446E-02 
1.48918E-02 -1.36606E-02 
1.34603E-02 -1.23247E-02 
1.21680E-02 -1.11200E-02 
1.09936E-02 -1.00305E-02 
9.92640E-03 -9.04662E-03 
8.95559E-03 -8.15766E-03 
8.07229E-03 -7.35373E-03 
7.27110E-03 -6.62799E-03 
6.55351E-03 -5.98017E-03 
5.93644E-03 -5.42440E-03 
5.45894E-03 -4.99547E-03 
5.13422E-03 -4.70522E-03 
4.85127E-03 -4.45261E-03 
4.48053E-03 -4.11932E-03 
3.13178E-02 -2.65588E-02 
2.99103E-02 -2.59671E-02 
2.81029E-02 -2.49159E-02 
2.64894E-02 -2.38862E-02 
2.47432E-02 -2.26262E-02 
2.29107E-02 -2.11828E-02 
2.10438E-02 -1.96146E-02 
1.96091E-02 -1.83565E-02 
1.91950E-02 -1.79861E-02 
1.72767E-02 -1.62346E-02 
1.54818E-02 -1.45525E-02 
1.38398E-02 -1.29880E-02 
1.23629E-02 -1.15684E-02 
1.10677E-02 -1.03188E-02 
9.91925E-03 -9.21492E-03 
8.89331E-03 -8.23623E-03 
7.97457E-03 -7.36808E-03 
7.14908E-03 -6.59562E-03 
6.40561E-03 -5.90603E-03 
5.73687E-03 -5.29012E-03 
5.14180E-03 -4.74487E-03 
4.63191E-03 -4.27929E-03 
4.23590E-03 -3.91875E-03 
3.96208E-03 -3.67047E-03 
3.72320E-03 -3.45417E-03 
3.41976E-03 -3.17813E-03 
2.89351E-02 -2.52950E-02 
2.74270E-02 -2.45495E-02 
2.55633E-02 -2.33729E-02 
2.38700E-02 -2.21961E-02 
2.20639E-02 -2.08027E-02 
2.01959E-02 -1.92466E-02 
1.83217E-02 -1.75931E-02 
1.69021E-02 -1.62908E-02 
1.64958E-02 -1.59113E-02 
1.46358E-02 -1.41406E-02 
1.29308E-02 -1.24780E-02 
1.14048E-02 -1.09669E-02 
1.00624E-02 -9.62780E-03 
8.91090E-03 -8.47640E-03 
7.91024E-03 -7.48160E-03 
7.03280E-03 -6.61851E-03 
6.25952E-03 -5.86766E-03 
5.57387E-03 -5.21074E-03 
4.96298E-03 -4.63257E-03 
4.41826E-03 -4.12215E-03 
3.93684E-03 -3.67437E-03 
3.52596E-03 -3.29410E-03 
3.20600E-03 -2.99903E-03 
2.98163E-03 -2.79288E-03 
2.78589E-03 -2.61336E-03 
2.54417E-03 -2.39104E-03 
2.65963E-02 -2.40233E-02 
2.50037E-02 -2.31334E-02 
2.30970E-02 -2.18399E-02 
2.13423E-02 -2.05292E-02 
1.94960E-02 -1.90178E-02 
1.76134E-02 -1.73669E-02 
1.57532E-02 -1.56477E-02 
1.43650E-02 -1.43172E-02 
1.39713E-02 -1.39333E-02 
1.21909E-02 -1.21658E-02 
1.05947E-02 -1.05436E-02 
9.19932E-03 -9.10413E-03 
8.00168E-03 -7.85964E-03 
6.99902E-03 -6.81583E-03 
6.14710E-03 -5.93559E-03 
5.41532E-03 -5.18973E-03 
4.78158E-03 -4.55463E-03 
4.22760E-03 -4.00928E-03 
3.73961E-03 -3.53679E-03 
3.30838E-03 -3.12502E-03 
2.92993E-03 -2.76739E-03 
2.60830E-03 -2.46560E-03 
2.35739E-03 -2.23127E-03 
2.17940E-03 -2.06568E-03 
2.02428E-03 -1.92170E-03 
1.83756E-03 -1.74822E-03 
2.43092E-02 -2.27561E-02 
2.26485E-02 -2.17324E-02 
2.07130E-02 -2.03316E-02 
1.89160E-02 -1.89012E-02 
1.70498E-02 -1.72885E-02 
1.51739E-02 -1.55615E-02 
1.33493E-02 -1.37969E-02 
1.20090E-02 -1.24545E-02 
1.16325E-02 -1.20711E-02 
9.95259E-03 -1.03291E-02 
8.48242E-03 -8.76746E-03 
7.23080E-03 -7.41615E-03 
6.18580E-03 -6.27833E-03 
5.33467E-03 -5.34904E-03 
4.62976E-03 -4.58593E-03 
4.03808E-03 -3.95595E-03 
3.53544E-03 -3.43216E-03 
3.10270E-03 -2.99172E-03 
2.72597E-03 -2.61680E-03 
2.39607E-03 -2.29475E-03 
2.10855E-03 -2.01817E-03 
1.86527E-03 -1.78652E-03 
1.67532E-03 -1.60679E-03 
1.53931E-03 -1.47870E-03 
1.42098E-03 -1.36764E-03 
1.28183E-03 -1.23711E-03 
2.20798E-02 -2.15050E-02 
2.03680E-02 -2.03585E-02 
1.84188E-02 -1.88610E-02 
1.65990E-02 -1.73260E-02 
1.47338E-02 -1.56294E-02 
1.28858E-02 -1.38456E-02 
1.11184E-02 -1.20565E-02 
9.84191E-03 -1.07186E-02 
9.48718E-03 -1.03404E-02 
7.92750E-03 -8.64561E-03 
6.59937E-03 -7.16351E-03 
5.50236E-03 -5.91499E-03 
4.61536E-03 -4.89334E-03 
3.91578E-03 -4.08274E-03 
3.35345E-03 -3.43640E-03 
2.89377E-03 -2.91804E-03 
2.51151E-03 -2.49847E-03 
2.18768E-03 -2.15391E-03 
1.90904E-03 -1.86646E-03 
1.66711E-03 -1.62354E-03 
1.45760E-03 -1.41758E-03 
1.28106E-03 -1.24659E-03 
1.14319E-03 -1.11428E-03 
1.04377E-03 -1.01945E-03 
9.57478E-04 -9.37568E-04 
8.58068E-04 -8.43470E-04 
1.99031E-02 -2.02750E-02 
1.81578E-02 -1.90169E-02 
1.62106E-02 -1.74338E-02 
1.43880E-02 -1.58095E-02 
1.25445E-02 -1.40465E-02 
1.07462E-02 -1.22256E-02 
9.05726E-03 -1.04326E-02 
7.86039E-03 -9.11538E-03 
7.53177E-03 -8.74699E-03 
6.11127E-03 -7.12040E-03 
4.93971E-03 -5.73537E-03 
4.00639E-03 -4.60236E-03 
3.28063E-03 -3.70399E-03 
2.73048E-03 -3.01379E-03 
2.30424E-03 -2.48133E-03 
1.96664E-03 -2.06807E-03 
1.69259E-03 -1.74364E-03 
1.46425E-03 -1.48438E-03 
1.26983E-03 -1.27305E-03 
1.10213E-03 -1.09781E-03 
9.57558E-04 -9.51427E-04 
8.36104E-04 -8.31178E-04 
7.41252E-04 -7.38580E-04 
6.72520E-04 -6.72080E-04 
6.13008E-04 -6.14966E-04 
5.45630E-04 -5.50619E-04 
1.77911E-02 -1.90809E-02 
1.60303E-02 -1.77235E-02 
1.41016E-02 -1.60667E-02 
1.22963E-02 -1.43693E-02 
1.04956E-02 -1.25580E-02 
8.76792E-03 -1.07194E-02 
7.17778E-03 -8.94285E-03 
6.07506E-03 -7.66174E-03 
5.77651E-03 -7.30752E-03 
4.51160E-03 -5.76803E-03 
3.50801E-03 -4.49481E-03 
2.74384E-03 -3.48654E-03 
2.17878E-03 -2.71478E-03 
1.77243E-03 -2.14294E-03 
1.47265E-03 -1.71807E-03 
1.24462E-03 -1.40038E-03 
1.06463E-03 -1.15961E-03 
9.16969E-04 -9.73196E-04 
7.91991E-04 -8.25308E-04 
6.84289E-04 -7.05369E-04 
5.91377E-04 -6.06912E-04 
5.13290E-04 -5.27073E-04 
4.52254E-04 -4.66069E-04 
4.07887E-04 -4.22359E-04 
3.69535E-04 -3.85074E-04 
3.26647E-04 -3.43740E-04 
1.57292E-02 -1.79235E-02 
1.39716E-02 -1.64785E-02 
1.20787E-02 -1.47600E-02 
1.03112E-02 -1.30051E-02 
8.57423E-03 -1.11630E-02 
6.93814E-03 -9.32575E-03 
5.46677E-03 -7.58503E-03 
4.47218E-03 -6.35450E-03 
4.20745E-03 -6.01848E-03 
3.11327E-03 -4.58327E-03 
2.28727E-03 -3.43430E-03 
1.69562E-03 -2.55736E-03 
1.28856E-03 -1.91274E-03 
1.01848E-03 -1.45473E-03 
8.34045E-04 -1.12899E-03 
7.02166E-04 -8.95828E-04 
6.01756E-04 -7.26284E-04 
5.20112E-04 -5.99865E-04 
4.50354E-04 -5.02772E-04 
3.89234E-04 -4.26103E-04 
3.35688E-04 -3.64481E-04 
2.90211E-04 -3.15314E-04 
2.54480E-04 -2.78192E-04 
2.28440E-04 -2.51816E-04 
2.05887E-04 -2.29504E-04 
1.80760E-04 -2.05035E-04 
1.37046E-02 -1.68076E-02 
1.19704E-02 -1.52867E-02 
1.01320E-02 -1.35183E-02 
8.42386E-03 -1.17213E-02 
6.77219E-03 -9.86566E-03 
5.24871E-03 -8.04795E-03 
3.91558E-03 -6.36130E-03 
3.04233E-03 -5.19454E-03 
2.81487E-03 -4.88032E-03 
1.90467E-03 -3.56400E-03 
1.26338E-03 -2.54857E-03 
8.44783E-04 -1.80598E-03 
5.90220E-04 -1.28550E-03 
4.46561E-04 -9.33722E-04 
3.64666E-04 -6.96294E-04 
3.14589E-04 -5.35014E-04 
2.79044E-04 -4.23461E-04 
2.49121E-04 -3.44001E-04 
2.21130E-04 -2.85358E-04 
1.94221E-04 -2.40554E-04 
1.68909E-04 -2.05478E-04 
1.46422E-04 -1.78074E-04 
1.28361E-04 -1.57758E-04 
1.15099E-04 -1.43577E-04 
1.03450E-04 -1.31700E-04 
9.02827E-05 -1.18689E-04 
1.16865E-02 -1.57364E-02 
9.99934E-03 -1.41511E-02 
8.23759E-03 -1.23447E-02 
6.61284E-03 -1.05207E-02 
5.07015E-03 -8.66776E-03 
3.68173E-03 -6.88672E-03 
2.50696E-03 -5.27082E-03 
1.76818E-03 -4.17945E-03 
1.58133E-03 -3.89008E-03 
8.67283E-04 -2.70428E-03 
4.15955E-04 -1.82811E-03 
1.68645E-04 -1.21909E-03 
5.88482E-05 -8.16133E-04 
3.00426E-05 -5.60052E-04 
3.69011E-05 -3.98086E-04 
5.41193E-05 -2.95010E-04 
6.92864E-05 -2.28037E-04 
7.78731E-05 -1.83002E-04 
7.96272E-05 -1.51405E-04 
7.61599E-05 -1.28262E-04 
6.95957E-05 -1.10751E-04 
6.20039E-05 -9.74549E-05 
5.51973E-05 -8.78792E-05 
4.99767E-05 -8.14170E-05 
4.50953E-05 -7.60619E-05 
3.92168E-05 -7.00902E-05 
9.61567E-03 -1.47124E-02 
8.00645E-03 -1.30740E-02 
6.35013E-03 -1.12410E-02 
4.83855E-03 -9.40422E-03 
3.43328E-03 -7.56959E-03 
2.20612E-03 -5.84100E-03 
1.21248E-03 -4.31067E-03 
6.22574E-04 -3.30444E-03 
4.79896E-04 -3.04234E-03 
-2.54814E-05 -1.99532E-03 
-2.82279E-04 -1.26018E-03 
-3.61322E-04 -7.79848E-04 
-3.35342E-04 -4.84185E-04 
-2.61611E-04 -3.10579E-04 
-1.79769E-04 -2.09677E-04 
-1.08951E-04 -1.50718E-04 
-5.57738E-05 -1.15434E-04 
-2.00297E-05 -9.34430E-05 
1.50351E-06 -7.90156E-05 
1.28088E-05 -6.90302E-05 
1.75225E-05 -6.18171E-05 
1.85540E-05 -5.65591E-05 
1.80524E-05 -5.29504E-05 
1.71979E-05 -5.06663E-05 
1.59111E-05 -4.87831E-05 
1.38882E-05 -4.65539E-05 
7.45737E-03 -1.37369E-02 
5.96060E-03 -1.20562E-02 
4.44190E-03 -1.02076E-02 
3.07593E-03 -8.37164E-03 
1.83850E-03 -6.56963E-03 
8.00033E-04 -4.90773E-03 
1.07052E-05 -3.47566E-03 
-4.16237E-04 -2.56223E-03 
-5.11356E-04 -2.32916E-03 
-7.97017E-04 -1.42547E-03 
-8.56878E-04 -8.28952E-04 
-7.72991E-04 -4.68337E-04 
-6.22054E-04 -2.66292E-04 
-4.58990E-04 -1.59701E-04 
-3.15700E-04 -1.04604E-04 
-2.03736E-04 -7.60552E-05 
-1.23314E-04 -6.08455E-05 
-6.94581E-05 -5.23293E-05 
-3.56906E-05 -4.72462E-05 
-1.59178E-05 -4.39981E-05 
-5.19418E-06 -4.18016E-05 
1.34342E-07 -4.02949E-05 
2.57125E-06 -3.93404E-05 
3.59981E-06 -3.88003E-05 
3.80294E-06 -3.83345E-05 
3.42676E-06 -3.77013E-05 
5.49636E-03 -1.28093E-02 
4.10717E-03 -1.10965E-02 
2.72154E-03 -9.24276E-03 
1.49932E-03 -7.42023E-03 
4.28596E-04 -5.66395E-03 
-4.22539E-04 -4.08127E-03 
-1.01049E-03 -2.75788E-03 
-1.27878E-03 -1.94268E-03 
-1.32804E-03 -1.73966E-03 
-1.40535E-03 -9.79967E-04 
-1.28513E-03 -5.15404E-04 
-1.05945E-03 -2.61510E-04 
-8.06366E-04 -1.36438E-04 
-5.75350E-04 -7.99253E-05 
-3.88879E-04 -5.54631E-05 
-2.50242E-04 -4.49542E-05 
-1.53495E-04 -4.02877E-05 
-8.96029E-05 -3.80698E-05 
-4.95844E-05 -3.69167E-05 
-2.58473E-05 -3.62564E-05 
-1.25618E-05 -3.58449E-05 
-5.57822E-06 -3.55783E-05 
-2.14501E-06 -3.54118E-05 
-5.89709E-07 -3.53008E-05 
-2.55744E-10 -3.51763E-05 
1.20951E-07 -3.50166E-05 
5.05551E-03 -1.19261E-02 
3.59034E-03 -1.01909E-02 
2.16662E-03 -8.34195E-03 
9.32507E-04 -6.54444E-03 
-1.12781E-04 -4.84558E-03 
-9.03993E-04 -3.35273E-03 
-1.40533E-03 -2.14588E-03 
-1.59615E-03 -1.43190E-03 
-1.62217E-03 -1.25915E-03 
-1.59258E-03 -6.39971E-04 
-1.38379E-03 -2.96334E-04 
-1.09723E-03 -1.32441E-04 
-8.10544E-04 -6.54698E-05 
-5.66084E-04 -4.17737E-05 
-3.77264E-04 -3.41769E-05 
-2.40858E-04 -3.18115E-05 
-1.47332E-04 -3.10148E-05 
-8.61724E-05 -3.06974E-05 
-4.80402E-05 -3.05465E-05 
-2.54379E-05 -3.04633E-05 
-1.27560E-05 -3.04091E-05 
-6.05984E-06 -3.03630E-05 
-2.76860E-06 -3.03060E-05 
-1.30087E-06 -3.02228E-05 
-7.30599E-07 -3.01270E-05 
-5.40020E-07 -3.00542E-05 
---
