PdfType: replica
Format: lhagrid1
---
1.00000E-06 1.28121E-06 1.64152E-06 2.10317E-06 2.69463E-06 3.45242E-06 4.42329E-06 5.66715E-06 7.26076E-06 9.30241E-06 1.19180E-05 1.52689E-05 1.95617E-05 2.50609E-05 3.21053E-05 4.11287E-05 5.26863E-05 6.74889E-05 8.64459E-05 1.10720E-04 1.41800E-04 1.81585E-04 2.32503E-04 2.97652E-04 3.80981E-04 4.87518E-04 6.26039E-04 8.00452E-04 1.02297E-03 1.30657E-03 1.66759E-03 2.12729E-03 2.71054E-03 3.44865E-03 4.37927E-03 5.54908E-03 7.01192E-03 8.83064E-03 1.10763E-02 1.38266E-02 1.71641E-02 2.11717E-02 2.59364E-02 3.15062E-02 3.79623E-02 4.53425E-02 5.36750E-02 6.29705E-02 7.32221E-02 8.44039E-02 9.64793E-02 1.09332E-01 1.23067E-01 1.37507E-01 1.52639E-01 1.68416E-01 1.84794E-01 2.01731E-01 2.19016E-01 2.36948E-01 2.55242E-01 2.73927E-01 2.92954E-01 3.12340E-01 3.32036E-01 3.52019E-01 3.72282E-01 3.92772E-01 4.13533E-01 4.34326E-01 4.55495E-01 4.76836E-01 4.98342E-01 5.20006E-01 5.41818E-01 5.63773E-01 5.85861E-01 6.08077E-01 6.30459E-01 6.52800E-01 6.75387E-01 6.98063E-01 7.20830E-01 7.43683E-01 7.66623E-01 7.89636E-01 8.12791E-01 8.35940E-01 8.59175E-01 8.82485E-01 9.05866E-01 9.29311E-01 9.52817E-01 9.76387E-01 1.00000E+00 
1.14018E+00 1.22539E+00 1.32482E+00 1.44156E+00 1.57954E+00 1.74381E+00 1.94091E+00 2.12132E+00 2.17945E+00 2.49622E+00 2.89383E+00 3.39925E+00 4.05063E+00 4.90286E+00 6.03623E+00 7.57063E+00 9.68869E+00 1.26749E+01 1.69835E+01 2.33578E+01 3.30501E+01 4.82334E+01 7.28041E+01 1.13998E+02 1.85779E+02 3.16228E+02 
908 909 
-3.25180E-04 -4.73014E-03 
-2.67464E-04 -4.72856E-03 
-2.13448E-04 -4.72801E-03 
-1.64389E-04 -4.72694E-03 
-1.19835E-04 -4.72593E-03 
-7.99821E-05 -4.72502E-03 
-4.49326E-05 -4.72423E-03 
-2.11205E-05 -4.72374E-03 
-1.46994E-05 -4.72362E-03 
1.25924E-05 -4.72320E-03 
3.45709E-05 -4.72311E-03 
5.15172E-05 -4.72341E-03 
6.37663E-05 -4.72417E-03 
7.03497E-05 -4.72562E-03 
7.24879E-05 -4.72786E-03 
7.07418E-05 -4.73078E-03 
6.53011E-05 -4.73444E-03 
5.62348E-05 -4.73896E-03 
4.34545E-05 -4.74444E-03 
2.66289E-05 -4.75103E-03 
4.84944E-06 -4.75910E-03 
-2.46647E-05 -4.76986E-03 
-6.99534E-05 -4.78681E-03 
-1.44804E-04 -4.81544E-03 
-2.51239E-04 -4.85474E-03 
-3.70060E-04 -4.89460E-03 
-3.27768E-04 -4.44358E-03 
-2.67770E-04 -4.44210E-03 
-2.11676E-04 -4.44186E-03 
-1.60711E-04 -4.44090E-03 
-1.14407E-04 -4.44001E-03 
-7.29691E-05 -4.43922E-03 
-3.65084E-05 -4.43857E-03 
-1.17273E-05 -4.43818E-03 
-5.04354E-06 -4.43810E-03 
2.33701E-05 -4.43785E-03 
4.62533E-05 -4.43795E-03 
6.38856E-05 -4.43846E-03 
7.66008E-05 -4.43947E-03 
8.33241E-05 -4.44111E-03 
8.53744E-05 -4.44361E-03 
8.33192E-05 -4.44679E-03 
7.73415E-05 -4.45075E-03 
6.74990E-05 -4.45558E-03 
5.36862E-05 -4.46137E-03 
3.55418E-05 -4.46829E-03 
1.20871E-05 -4.47671E-03 
-1.96789E-05 -4.48794E-03 
-6.84412E-05 -4.50573E-03 
-1.49056E-04 -4.53587E-03 
-2.63544E-04 -4.57709E-03 
-3.90967E-04 -4.61841E-03 
-3.27100E-04 -4.17439E-03 
-2.64787E-04 -4.17294E-03 
-2.06673E-04 -4.17289E-03 
-1.53782E-04 -4.17198E-03 
-1.05720E-04 -4.17114E-03 
-6.27037E-05 -4.17039E-03 
-2.48511E-05 -4.16979E-03 
8.74411E-07 -4.16946E-03 
7.81208E-06 -4.16939E-03 
3.72954E-05 -4.16923E-03 
6.10141E-05 -4.16944E-03 
7.92459E-05 -4.17009E-03 
9.23238E-05 -4.17125E-03 
9.90698E-05 -4.17296E-03 
1.00900E-04 -4.17562E-03 
9.83900E-05 -4.17898E-03 
9.17166E-05 -4.18312E-03 
8.09273E-05 -4.18814E-03 
6.59001E-05 -4.19413E-03 
4.62442E-05 -4.20125E-03 
2.09082E-05 -4.20990E-03 
-1.33413E-05 -4.22145E-03 
-6.58790E-05 -4.23996E-03 
-1.52702E-04 -4.27154E-03 
-2.75812E-04 -4.31459E-03 
-4.12386E-04 -4.35715E-03 
-3.24208E-04 -3.92099E-03 
-2.59540E-04 -3.91949E-03 
-1.99430E-04 -3.91952E-03 
-1.44589E-04 -3.91858E-03 
-9.47545E-05 -3.91770E-03 
-5.01547E-05 -3.91693E-03 
-1.09179E-05 -3.91631E-03 
1.57373E-05 -3.91596E-03 
2.29231E-05 -3.91589E-03 
5.34392E-05 -3.91574E-03 
7.79410E-05 -3.91597E-03 
9.67038E-05 -3.91666E-03 
1.10060E-04 -3.91790E-03 
1.16737E-04 -3.91958E-03 
1.18237E-04 -3.92229E-03 
1.15150E-04 -3.92572E-03 
1.07647E-04 -3.92994E-03 
9.57668E-05 -3.93503E-03 
7.93707E-05 -3.94109E-03 
5.80389E-05 -3.94828E-03 
3.06439E-05 -3.95700E-03 
-6.29782E-06 -3.96875E-03 
-6.29047E-05 -3.98784E-03 
-1.56395E-04 -4.02075E-03 
-2.88716E-04 -4.06546E-03 
-4.34980E-04 -4.10902E-03 
-3.19958E-04 -3.68177E-03 
-2.52883E-04 -3.68012E-03 
-1.90771E-04 -3.68016E-03 
-1.33943E-04 -3.67911E-03 
-8.23080E-05 -3.67811E-03 
-3.61067E-05 -3.67723E-03 
4.52222E-06 -3.67651E-03 
3.21055E-05 -3.67610E-03 
3.95376E-05 -3.67601E-03 
7.10696E-05 -3.67578E-03 
9.63228E-05 -3.67596E-03 
1.15570E-04 -3.67662E-03 
1.29144E-04 -3.67784E-03 
1.35687E-04 -3.67938E-03 
1.36774E-04 -3.68206E-03 
1.33015E-04 -3.68545E-03 
1.24578E-04 -3.68963E-03 
1.11491E-04 -3.69469E-03 
9.36017E-05 -3.70070E-03 
7.04605E-05 -3.70781E-03 
4.08593E-05 -3.71647E-03 
1.04378E-06 -3.72825E-03 
-5.99113E-05 -3.74778E-03 
-1.60532E-04 -3.78186E-03 
-3.02660E-04 -3.82803E-03 
-4.59130E-04 -3.87226E-03 
-3.14971E-04 -3.45514E-03 
-2.45425E-04 -3.45327E-03 
-1.81272E-04 -3.45325E-03 
-1.22408E-04 -3.45201E-03 
-6.89301E-05 -3.45084E-03 
-2.10929E-05 -3.44978E-03 
2.09532E-05 -3.44889E-03 
4.94772E-05 -3.44836E-03 
5.71580E-05 -3.44823E-03 
8.97095E-05 -3.44786E-03 
1.15704E-04 -3.44790E-03 
1.35412E-04 -3.44846E-03 
1.49164E-04 -3.44959E-03 
1.55538E-04 -3.45090E-03 
1.56153E-04 -3.45344E-03 
1.51654E-04 -3.45670E-03 
1.42203E-04 -3.46074E-03 
1.27823E-04 -3.46564E-03 
1.08346E-04 -3.47148E-03 
8.32923E-05 -3.47838E-03 
5.13677E-05 -3.48681E-03 
8.52392E-06 -3.49847E-03 
-5.70409E-05 -3.51826E-03 
-1.65254E-04 -3.55331E-03 
-3.17778E-04 -3.60068E-03 
-4.84941E-04 -3.64522E-03 
-3.09604E-04 -3.23969E-03 
-2.37507E-04 -3.23752E-03 
-1.71250E-04 -3.23740E-03 
-1.10286E-04 -3.23591E-03 
-5.49077E-05 -3.23449E-03 
-5.38438E-06 -3.23319E-03 
3.81208E-05 -3.23207E-03 
6.76111E-05 -3.23137E-03 
7.55471E-05 -3.23120E-03 
1.09141E-04 -3.23061E-03 
1.35886E-04 -3.23047E-03 
1.56050E-04 -3.23084E-03 
1.69962E-04 -3.23181E-03 
1.76153E-04 -3.23279E-03 
1.76261E-04 -3.23510E-03 
1.70977E-04 -3.23813E-03 
1.60461E-04 -3.24193E-03 
1.44725E-04 -3.24656E-03 
1.23591E-04 -3.25208E-03 
9.65478E-05 -3.25863E-03 
6.22105E-05 -3.26668E-03 
1.62103E-05 -3.27801E-03 
-5.42058E-05 -3.29786E-03 
-1.70460E-04 -3.33366E-03 
-3.33957E-04 -3.38191E-03 
-5.12260E-04 -3.42634E-03 
-3.03962E-04 -3.03412E-03 
-2.29218E-04 -3.03160E-03 
-1.60775E-04 -3.03135E-03 
-9.76353E-05 -3.02956E-03 
-4.02845E-05 -3.02784E-03 
1.09899E-05 -3.02624E-03 
5.60107E-05 -3.02484E-03 
8.65046E-05 -3.02393E-03 
9.47055E-05 -3.02370E-03 
1.29380E-04 -3.02283E-03 
1.56901E-04 -3.02243E-03 
1.77532E-04 -3.02257E-03 
1.91601E-04 -3.02331E-03 
1.97619E-04 -3.02385E-03 
1.97204E-04 -3.02584E-03 
1.91109E-04 -3.02853E-03 
1.79493E-04 -3.03197E-03 
1.62362E-04 -3.03620E-03 
1.39524E-04 -3.04127E-03 
1.10438E-04 -3.04730E-03 
7.36235E-05 -3.05478E-03 
2.43637E-05 -3.06559E-03 
-5.11239E-05 -3.08527E-03 
-1.75854E-04 -3.12152E-03 
-3.50877E-04 -3.17026E-03 
-5.40724E-04 -3.21411E-03 
-2.97938E-04 -2.83734E-03 
-2.20437E-04 -2.83440E-03 
-1.49713E-04 -2.83403E-03 
-8.43079E-05 -2.83187E-03 
-2.49004E-05 -2.82978E-03 
2.82027E-05 -2.82784E-03 
7.48083E-05 -2.82610E-03 
1.06353E-04 -2.82493E-03 
1.14831E-04 -2.82463E-03 
1.50638E-04 -2.82344E-03 
1.78972E-04 -2.82272E-03 
2.00094E-04 -2.82255E-03 
2.14329E-04 -2.82298E-03 
2.20196E-04 -2.82296E-03 
2.19258E-04 -2.82454E-03 
2.12343E-04 -2.82678E-03 
1.99610E-04 -2.82974E-03 
1.81060E-04 -2.83342E-03 
1.56491E-04 -2.83788E-03 
1.25331E-04 -2.84320E-03 
8.59979E-05 -2.84990E-03 
3.33995E-05 -2.85996E-03 
-4.73574E-05 -2.87918E-03 
-1.80976E-04 -2.91555E-03 
-3.68050E-04 -2.96434E-03 
-5.69793E-04 -3.00701E-03 
-2.91260E-04 -2.64835E-03 
-2.10875E-04 -2.64494E-03 
-1.37772E-04 -2.64444E-03 
-6.99996E-05 -2.64186E-03 
-8.43937E-06 -2.63936E-03 
4.65809E-05 -2.63701E-03 
9.48506E-05 -2.63487E-03 
1.27500E-04 -2.63342E-03 
1.36270E-04 -2.63303E-03 
1.73269E-04 -2.63144E-03 
2.02464E-04 -2.63033E-03 
2.24107E-04 -2.62977E-03 
2.38527E-04 -2.62982E-03 
2.44280E-04 -2.62912E-03 
2.42829E-04 -2.63015E-03 
2.35098E-04 -2.63182E-03 
2.21245E-04 -2.63414E-03 
2.01269E-04 -2.63712E-03 
1.74958E-04 -2.64077E-03 
1.41713E-04 -2.64518E-03 
9.98419E-05 -2.65086E-03 
4.38509E-05 -2.65988E-03 
-4.23479E-05 -2.67834E-03 
-1.85243E-04 -2.71440E-03 
-3.84854E-04 -2.76269E-03 
-5.98784E-04 -2.80355E-03 
-2.83533E-04 -2.46629E-03 
-2.00128E-04 -2.46234E-03 
-1.24547E-04 -2.46172E-03 
-5.42944E-05 -2.45866E-03 
9.52427E-06 -2.45568E-03 
6.65592E-05 -2.45286E-03 
1.16580E-04 -2.45027E-03 
1.50393E-04 -2.44847E-03 
1.59471E-04 -2.44798E-03 
1.97732E-04 -2.44591E-03 
2.27838E-04 -2.44434E-03 
2.50041E-04 -2.44331E-03 
2.64667E-04 -2.44285E-03 
2.70353E-04 -2.44132E-03 
2.68412E-04 -2.44168E-03 
2.59880E-04 -2.44261E-03 
2.44916E-04 -2.44413E-03 
2.23521E-04 -2.44621E-03 
1.95476E-04 -2.44884E-03 
1.60154E-04 -2.45208E-03 
1.15751E-04 -2.45645E-03 
5.63406E-05 -2.46412E-03 
-3.54437E-05 -2.48142E-03 
-1.87970E-04 -2.51670E-03 
-4.00557E-04 -2.56385E-03 
-6.26894E-04 -2.60212E-03 
-2.74290E-04 -2.29034E-03 
-1.87713E-04 -2.28580E-03 
-1.09561E-04 -2.28504E-03 
-3.67067E-05 -2.28142E-03 
2.94850E-05 -2.27789E-03 
8.86397E-05 -2.27453E-03 
1.40506E-04 -2.27141E-03 
1.75547E-04 -2.26920E-03 
1.84950E-04 -2.26860E-03 
2.24543E-04 -2.26597E-03 
2.55618E-04 -2.26382E-03 
2.78421E-04 -2.26219E-03 
2.93280E-04 -2.26111E-03 
2.98960E-04 -2.25856E-03 
2.96560E-04 -2.25807E-03 
2.87254E-04 -2.25809E-03 
2.71203E-04 -2.25860E-03 
2.48412E-04 -2.25955E-03 
2.18658E-04 -2.26090E-03 
1.81292E-04 -2.26268E-03 
1.34389E-04 -2.26542E-03 
7.15635E-05 -2.27134E-03 
-2.59154E-05 -2.28704E-03 
-1.88390E-04 -2.32096E-03 
-4.14336E-04 -2.36622E-03 
-6.53214E-04 -2.40101E-03 
-2.63022E-04 -2.11972E-03 
-1.73111E-04 -2.11451E-03 
-9.23018E-05 -2.11360E-03 
-1.67149E-05 -2.10933E-03 
5.19725E-05 -2.10517E-03 
1.13359E-04 -2.10118E-03 
1.67169E-04 -2.09743E-03 
2.03505E-04 -2.09474E-03 
2.13252E-04 -2.09399E-03 
2.54254E-04 -2.09068E-03 
2.86357E-04 -2.08783E-03 
3.09805E-04 -2.08547E-03 
3.24931E-04 -2.08360E-03 
3.30675E-04 -2.07980E-03 
3.27861E-04 -2.07828E-03 
3.17820E-04 -2.07716E-03 
3.00722E-04 -2.07641E-03 
2.76577E-04 -2.07595E-03 
2.45165E-04 -2.07571E-03 
2.05813E-04 -2.07569E-03 
1.56477E-04 -2.07640E-03 
9.02793E-05 -2.08015E-03 
-1.29615E-05 -2.09372E-03 
-1.85650E-04 -2.12559E-03 
-4.25269E-04 -2.16806E-03 
-6.76722E-04 -2.19836E-03 
-2.49203E-04 -1.95366E-03 
-1.55786E-04 -1.94768E-03 
-7.22448E-05 -1.94656E-03 
6.21561E-06 -1.94154E-03 
7.75294E-05 -1.93663E-03 
1.41265E-04 -1.93191E-03 
1.97125E-04 -1.92742E-03 
2.34828E-04 -1.92415E-03 
2.44936E-04 -1.92323E-03 
2.87429E-04 -1.91910E-03 
3.20625E-04 -1.91538E-03 
3.44769E-04 -1.91210E-03 
3.60199E-04 -1.90924E-03 
3.66097E-04 -1.90393E-03 
3.62928E-04 -1.90112E-03 
3.52210E-04 -1.89860E-03 
3.34124E-04 -1.89630E-03 
3.08692E-04 -1.89411E-03 
2.75701E-04 -1.89192E-03 
2.34459E-04 -1.88970E-03 
1.82797E-04 -1.88794E-03 
1.13317E-04 -1.88900E-03 
4.29913E-06 -1.89982E-03 
-1.78808E-04 -1.92882E-03 
-4.32327E-04 -1.96746E-03 
-6.96267E-04 -1.99211E-03 
-2.32308E-04 -1.79132E-03 
-1.35199E-04 -1.78446E-03 
-4.88642E-05 -1.78305E-03 
3.26207E-05 -1.77715E-03 
1.06700E-04 -1.77136E-03 
1.72912E-04 -1.76576E-03 
2.30932E-04 -1.76038E-03 
2.70078E-04 -1.75642E-03 
2.80569E-04 -1.75529E-03 
3.24639E-04 -1.75014E-03 
3.59001E-04 -1.74536E-03 
3.83899E-04 -1.74093E-03 
3.99684E-04 -1.73683E-03 
4.05845E-04 -1.72969E-03 
4.02401E-04 -1.72531E-03 
3.91087E-04 -1.72108E-03 
3.72101E-04 -1.71689E-03 
3.45482E-04 -1.71259E-03 
3.11028E-04 -1.70803E-03 
2.68034E-04 -1.70314E-03 
2.14205E-04 -1.69839E-03 
1.41590E-04 -1.69617E-03 
2.68461E-05 -1.70353E-03 
-1.66808E-04 -1.72871E-03 
-4.34347E-04 -1.76230E-03 
-7.10543E-04 -1.77997E-03 
-2.11814E-04 -1.63179E-03 
-1.10815E-04 -1.62392E-03 
-2.16376E-05 -1.62208E-03 
6.30344E-05 -1.61514E-03 
1.40030E-04 -1.60832E-03 
2.08853E-04 -1.60166E-03 
2.69153E-04 -1.59522E-03 
3.09824E-04 -1.59040E-03 
3.20720E-04 -1.58902E-03 
3.66465E-04 -1.58263E-03 
4.02076E-04 -1.57653E-03 
4.27802E-04 -1.57069E-03 
4.44009E-04 -1.56504E-03 
4.50573E-04 -1.55570E-03 
4.46961E-04 -1.54942E-03 
4.35163E-04 -1.54310E-03 
4.15400E-04 -1.53662E-03 
3.87733E-04 -1.52977E-03 
3.51981E-04 -1.52235E-03 
3.07430E-04 -1.51427E-03 
2.51655E-04 -1.50593E-03 
1.76127E-04 -1.49976E-03 
5.57854E-05 -1.50282E-03 
-1.48449E-04 -1.52308E-03 
-4.29999E-04 -1.55020E-03 
-7.18046E-04 -1.55937E-03 
-1.87198E-04 -1.47407E-03 
-8.20947E-05 -1.46503E-03 
9.95852E-06 -1.46257E-03 
9.79942E-05 -1.45440E-03 
1.78068E-04 -1.44633E-03 
2.49650E-04 -1.43841E-03 
3.12363E-04 -1.43068E-03 
3.54650E-04 -1.42482E-03 
3.65977E-04 -1.42314E-03 
4.13509E-04 -1.41522E-03 
4.50469E-04 -1.40750E-03 
4.77116E-04 -1.39991E-03 
4.93836E-04 -1.39236E-03 
5.00984E-04 -1.38037E-03 
4.97346E-04 -1.37179E-03 
4.85216E-04 -1.36298E-03 
4.64844E-04 -1.35374E-03 
4.36323E-04 -1.34383E-03 
3.99497E-04 -1.33301E-03 
3.53652E-04 -1.32112E-03 
2.96232E-04 -1.30854E-03 
2.18097E-04 -1.29765E-03 
9.23861E-05 -1.29546E-03 
-1.22342E-04 -1.30950E-03 
-4.17735E-04 -1.32853E-03 
-7.17025E-04 -1.32750E-03 
-1.57924E-04 -1.31702E-03 
-4.84873E-05 -1.30661E-03 
4.64620E-05 -1.30326E-03 
1.38055E-04 -1.29362E-03 
2.21386E-04 -1.28407E-03 
2.95890E-04 -1.27463E-03 
3.61164E-04 -1.26533E-03 
4.05174E-04 -1.25822E-03 
4.16961E-04 -1.25616E-03 
4.66413E-04 -1.24638E-03 
5.04848E-04 -1.23667E-03 
5.32539E-04 -1.22694E-03 
5.49898E-04 -1.21706E-03 
5.57859E-04 -1.20192E-03 
5.54384E-04 -1.19061E-03 
5.42127E-04 -1.17880E-03 
5.21372E-04 -1.16628E-03 
4.92254E-04 -1.15275E-03 
4.54653E-04 -1.13790E-03 
4.07860E-04 -1.12152E-03 
3.49188E-04 -1.10394E-03 
2.68859E-04 -1.08748E-03 
1.38126E-04 -1.07896E-03 
-8.68637E-05 -1.08528E-03 
-3.95740E-04 -1.09434E-03 
-7.05425E-04 -1.08121E-03 
-1.23429E-04 -1.15935E-03 
-9.40892E-06 -1.14734E-03 
8.84421E-05 -1.14273E-03 
1.83808E-04 -1.13134E-03 
2.70596E-04 -1.12001E-03 
3.48207E-04 -1.10874E-03 
4.16213E-04 -1.09755E-03 
4.62069E-04 -1.08891E-03 
4.74352E-04 -1.08639E-03 
5.25888E-04 -1.07436E-03 
5.65957E-04 -1.06223E-03 
5.94854E-04 -1.04989E-03 
6.13025E-04 -1.03720E-03 
6.22093E-04 -1.01833E-03 
6.19028E-04 -1.00377E-03 
6.06910E-04 -9.88426E-04 
5.86071E-04 -9.72024E-04 
5.56693E-04 -9.54221E-04 
5.18705E-04 -9.34650E-04 
4.71412E-04 -9.13031E-04 
4.11995E-04 -8.89618E-04 
3.30010E-04 -8.66622E-04 
1.94744E-04 -8.50540E-04 
-4.01000E-05 -8.47438E-04 
-3.61866E-04 -8.44405E-04 
-6.80816E-04 -8.17040E-04 
-8.31017E-05 -9.99570E-04 
3.57752E-05 -9.85682E-04 
1.36520E-04 -9.79334E-04 
2.35900E-04 -9.65859E-04 
3.26372E-04 -9.52395E-04 
4.07303E-04 -9.38938E-04 
4.78242E-04 -9.25460E-04 
5.26094E-04 -9.14988E-04 
5.38915E-04 -9.11914E-04 
5.92739E-04 -8.97149E-04 
6.34648E-04 -8.82105E-04 
6.64967E-04 -8.66637E-04 
6.84182E-04 -8.50568E-04 
6.94732E-04 -8.27319E-04 
6.92394E-04 -8.08929E-04 
6.80762E-04 -7.89434E-04 
6.60222E-04 -7.68493E-04 
6.31019E-04 -7.45705E-04 
5.93138E-04 -7.20640E-04 
5.45909E-04 -6.92947E-04 
4.86386E-04 -6.62786E-04 
4.03430E-04 -6.32196E-04 
2.64293E-04 -6.07177E-04 
2.02173E-05 -5.92709E-04 
-3.13568E-04 -5.75160E-04 
-6.40326E-04 -5.31215E-04 
-3.62548E-05 -8.35993E-04 
8.77800E-05 -8.19901E-04 
1.91399E-04 -8.11166E-04 
2.95070E-04 -7.95213E-04 
3.89487E-04 -7.79209E-04 
4.73986E-04 -7.63126E-04 
5.48099E-04 -7.46913E-04 
5.98132E-04 -7.34233E-04 
6.11545E-04 -7.30497E-04 
6.67914E-04 -7.12458E-04 
7.11930E-04 -6.93924E-04 
7.43954E-04 -6.74719E-04 
7.64521E-04 -6.54638E-04 
7.77024E-04 -6.26289E-04 
7.75817E-04 -6.03441E-04 
7.65111E-04 -5.79111E-04 
7.45359E-04 -5.52899E-04 
7.16878E-04 -5.24342E-04 
6.79725E-04 -4.92940E-04 
6.33266E-04 -4.58262E-04 
5.74429E-04 -4.20356E-04 
4.91360E-04 -3.81009E-04 
3.49213E-04 -3.45521E-04 
9.67844E-05 -3.17485E-04 
-2.47821E-04 -2.82701E-04 
-5.80547E-04 -2.19599E-04 
1.78913E-05 -6.66687E-04 
1.47417E-04 -6.48007E-04 
2.53882E-04 -6.36050E-04 
3.62162E-04 -6.17159E-04 
4.60830E-04 -5.98135E-04 
5.49196E-04 -5.78926E-04 
6.26775E-04 -5.59453E-04 
6.79216E-04 -5.44143E-04 
6.93288E-04 -5.39617E-04 
7.52529E-04 -5.17685E-04 
7.98994E-04 -4.95013E-04 
8.33092E-04 -4.71396E-04 
8.55415E-04 -4.46597E-04 
8.70461E-04 -4.12360E-04 
8.70891E-04 -3.84356E-04 
8.61663E-04 -3.54446E-04 
8.43308E-04 -3.22167E-04 
8.16230E-04 -2.86988E-04 
7.80572E-04 -2.48337E-04 
7.35750E-04 -2.05696E-04 
6.78569E-04 -1.58971E-04 
5.96446E-04 -1.09610E-04 
4.52388E-04 -6.19572E-05 
1.92789E-04 -1.78851E-05 
-1.61045E-04 3.71731E-05 
-4.97462E-04 1.22226E-04 
8.02428E-05 -4.89425E-04 
2.15633E-04 -4.67704E-04 
3.24914E-04 -4.51449E-04 
4.38174E-04 -4.29089E-04 
5.41455E-04 -4.06495E-04 
6.34046E-04 -3.83585E-04 
7.15453E-04 -3.60255E-04 
7.70584E-04 -3.41836E-04 
7.85400E-04 -3.36380E-04 
8.47926E-04 -3.09860E-04 
8.97281E-04 -2.82329E-04 
9.33927E-04 -2.53553E-04 
9.58524E-04 -2.23265E-04 
9.76845E-04 -1.82291E-04 
9.79540E-04 -1.48378E-04 
9.72472E-04 -1.12083E-04 
9.56266E-04 -7.28784E-05 
9.31428E-04 -3.01639E-05 
8.98201E-04 1.67096E-05 
8.56065E-04 6.83568E-05 
8.01717E-04 1.25041E-04 
7.21828E-04 1.85763E-04 
5.77233E-04 2.47432E-04 
3.12008E-04 3.10290E-04 
-4.90063E-05 3.88988E-04 
-3.86332E-04 4.98995E-04 
1.51856E-04 -3.01647E-04 
2.93528E-04 -2.76356E-04 
4.05607E-04 -2.54434E-04 
5.24287E-04 -2.28002E-04 
6.32616E-04 -2.01211E-04 
7.29868E-04 -1.73953E-04 
8.15548E-04 -1.46097E-04 
8.73726E-04 -1.24038E-04 
8.89391E-04 -1.17492E-04 
9.55726E-04 -8.56183E-05 
1.00853E-03 -5.24420E-05 
1.04833E-03 -1.76975E-05 
1.07585E-03 1.89114E-05 
1.09835E-03 6.75173E-05 
1.10408E-03 1.08143E-04 
1.10000E-03 1.51678E-04 
1.08686E-03 1.98719E-04 
1.06528E-03 2.49935E-04 
1.03561E-03 3.06055E-04 
9.97424E-04 3.67799E-04 
9.47315E-04 4.35634E-04 
8.71212E-04 5.09138E-04 
7.27774E-04 5.86829E-04 
4.58891E-04 6.71507E-04 
9.32809E-05 7.77538E-04 
-2.41598E-04 9.15680E-04 
2.33967E-04 -1.00403E-04 
3.82397E-04 -7.09264E-05 
4.97282E-04 -4.16159E-05 
6.21907E-04 -1.04334E-05 
7.35812E-04 2.12521E-05 
8.38261E-04 5.35756E-05 
9.28766E-04 8.66933E-05 
9.90435E-04 1.12972E-04 
1.00708E-03 1.20778E-04 
1.07788E-03 1.58832E-04 
1.13484E-03 1.98497E-04 
1.17855E-03 2.40069E-04 
1.20982E-03 2.83875E-04 
1.23759E-03 3.41034E-04 
1.24727E-03 3.89216E-04 
1.24720E-03 4.40887E-04 
1.23823E-03 4.96711E-04 
1.22111E-03 5.57432E-04 
1.19635E-03 6.23856E-04 
1.16362E-03 6.96815E-04 
1.11942E-03 7.77022E-04 
1.04896E-03 8.64779E-04 
9.08739E-04 9.60631E-04 
6.38659E-04 1.07044E-03 
2.71662E-04 1.20781E-03 
-5.67596E-05 1.37741E-03 
3.28022E-04 1.17714E-04 
4.83754E-04 1.52087E-04 
6.01514E-04 1.90923E-04 
7.32717E-04 2.27601E-04 
8.52841E-04 2.64944E-04 
9.61148E-04 3.03108E-04 
1.05717E-03 3.42275E-04 
1.12288E-03 3.73391E-04 
1.14068E-03 3.82638E-04 
1.21677E-03 4.27743E-04 
1.27875E-03 4.74778E-04 
1.32731E-03 5.24068E-04 
1.36334E-03 5.75973E-04 
1.39769E-03 6.42603E-04 
1.41245E-03 6.99206E-04 
1.41758E-03 7.59929E-04 
1.41409E-03 8.25505E-04 
1.40289E-03 8.96747E-04 
1.38464E-03 9.74539E-04 
1.35913E-03 1.05983E-03 
1.32281E-03 1.15363E-03 
1.26017E-03 1.25713E-03 
1.12566E-03 1.37339E-03 
8.57419E-04 1.51190E-03 
4.92965E-04 1.68490E-03 
1.75751E-04 1.88933E-03 
4.37505E-04 3.60529E-04 
6.01301E-04 4.00706E-04 
7.22156E-04 4.51892E-04 
8.60827E-04 4.94970E-04 
9.88074E-04 5.38884E-04 
1.10317E-03 5.83816E-04 
1.20565E-03 6.29965E-04 
1.27618E-03 6.66644E-04 
1.29535E-03 6.77545E-04 
1.37785E-03 7.30720E-04 
1.44605E-03 7.86150E-04 
1.50071E-03 8.44194E-04 
1.54283E-03 9.05247E-04 
1.58548E-03 9.82390E-04 
1.60675E-03 1.04843E-03 
1.61863E-03 1.11928E-03 
1.62229E-03 1.19574E-03 
1.61884E-03 1.27869E-03 
1.60911E-03 1.36909E-03 
1.59306E-03 1.46801E-03 
1.56709E-03 1.57679E-03 
1.51503E-03 1.69777E-03 
1.38936E-03 1.83711E-03 
1.12679E-03 2.00865E-03 
7.69796E-04 2.22247E-03 
4.69681E-04 2.46570E-03 
5.61031E-04 6.25092E-04 
7.33511E-04 6.71901E-04 
8.57757E-04 7.38418E-04 
1.00473E-03 7.88626E-04 
1.13996E-03 8.39842E-04 
1.26275E-03 8.92265E-04 
1.37267E-03 9.46111E-04 
1.44878E-03 9.88898E-04 
1.46956E-03 1.00161E-03 
1.55963E-03 1.06361E-03 
1.63527E-03 1.12817E-03 
1.69733E-03 1.19570E-03 
1.74693E-03 1.26663E-03 
1.79964E-03 1.35490E-03 
1.82888E-03 1.43106E-03 
1.84909E-03 1.51276E-03 
1.86163E-03 1.60085E-03 
1.86780E-03 1.69627E-03 
1.86866E-03 1.80005E-03 
1.86434E-03 1.91337E-03 
1.85127E-03 2.03796E-03 
1.81265E-03 2.17751E-03 
1.69922E-03 2.34189E-03 
1.44674E-03 2.54990E-03 
1.10285E-03 2.80858E-03 
8.26132E-04 3.09322E-03 
7.02557E-04 9.20254E-04 
8.84604E-04 9.74700E-04 
1.01285E-03 1.06027E-03 
1.16927E-03 1.11841E-03 
1.31369E-03 1.17773E-03 
1.44541E-03 1.23843E-03 
1.56404E-03 1.30075E-03 
1.64677E-03 1.35023E-03 
1.66948E-03 1.36493E-03 
1.76863E-03 1.43654E-03 
1.85329E-03 1.51102E-03 
1.92442E-03 1.58882E-03 
1.98325E-03 1.67041E-03 
2.04819E-03 1.77043E-03 
2.08721E-03 1.85746E-03 
2.11770E-03 1.95080E-03 
2.14123E-03 2.05134E-03 
2.15933E-03 2.16006E-03 
2.17331E-03 2.27802E-03 
2.18351E-03 2.40655E-03 
2.18640E-03 2.54781E-03 
2.16470E-03 2.70709E-03 
2.06767E-03 2.89870E-03 
1.83063E-03 3.14717E-03 
1.50665E-03 3.45537E-03 
1.26088E-03 3.78426E-03 
8.64858E-04 1.25193E-03 
1.05753E-03 1.31509E-03 
1.19078E-03 1.42398E-03 
1.35807E-03 1.49081E-03 
1.51312E-03 1.55894E-03 
1.65528E-03 1.62860E-03 
1.78418E-03 1.70004E-03 
1.87478E-03 1.75672E-03 
1.89978E-03 1.77354E-03 
2.00982E-03 1.85544E-03 
2.10540E-03 1.94051E-03 
2.18755E-03 2.02922E-03 
2.25764E-03 2.12212E-03 
2.33735E-03 2.23424E-03 
2.38825E-03 2.33278E-03 
2.43126E-03 2.43840E-03 
2.46820E-03 2.55205E-03 
2.50089E-03 2.67470E-03 
2.53088E-03 2.80744E-03 
2.55879E-03 2.95170E-03 
2.58118E-03 3.11017E-03 
2.58041E-03 3.29003E-03 
2.50462E-03 3.51083E-03 
2.28938E-03 3.80365E-03 
1.99334E-03 4.16585E-03 
1.78719E-03 4.54124E-03 
1.05125E-03 1.62680E-03 
1.25584E-03 1.69977E-03 
1.39566E-03 1.83678E-03 
1.57552E-03 1.91286E-03 
1.74298E-03 1.99034E-03 
1.89740E-03 2.06947E-03 
2.03845E-03 2.15052E-03 
2.13841E-03 2.21473E-03 
2.16614E-03 2.23378E-03 
2.28921E-03 2.32643E-03 
2.39789E-03 2.42253E-03 
2.49335E-03 2.52261E-03 
2.57705E-03 2.62725E-03 
2.67444E-03 2.75149E-03 
2.73960E-03 2.86197E-03 
2.79770E-03 2.98031E-03 
2.85084E-03 3.10747E-03 
2.90113E-03 3.24439E-03 
2.95046E-03 3.39216E-03 
2.99970E-03 3.55230E-03 
3.04562E-03 3.72806E-03 
3.07035E-03 3.92887E-03 
3.02142E-03 4.18042E-03 
2.83547E-03 4.52117E-03 
2.57676E-03 4.94141E-03 
2.42013E-03 5.36469E-03 
1.26607E-03 2.05293E-03 
1.48415E-03 2.13681E-03 
1.63294E-03 2.30712E-03 
1.82749E-03 2.39277E-03 
2.00951E-03 2.47989E-03 
2.17837E-03 2.56873E-03 
2.33381E-03 2.65959E-03 
2.44489E-03 2.73149E-03 
2.47587E-03 2.75280E-03 
2.61447E-03 2.85639E-03 
2.73882E-03 2.96370E-03 
2.85021E-03 3.07531E-03 
2.95024E-03 3.19188E-03 
3.06863E-03 3.32781E-03 
3.15078E-03 3.45039E-03 
3.22692E-03 3.58160E-03 
3.29945E-03 3.72232E-03 
3.37082E-03 3.87347E-03 
3.44326E-03 4.03605E-03 
3.51801E-03 4.21166E-03 
3.59205E-03 4.40420E-03 
3.64754E-03 4.62570E-03 
3.63200E-03 4.90897E-03 
3.48414E-03 5.30074E-03 
3.27376E-03 5.78238E-03 
3.17797E-03 6.25375E-03 
1.51378E-03 2.53754E-03 
1.74728E-03 2.63326E-03 
1.90853E-03 2.84208E-03 
2.12024E-03 2.93722E-03 
2.31932E-03 3.03383E-03 
2.50519E-03 3.13220E-03 
2.67759E-03 3.23268E-03 
2.80179E-03 3.31211E-03 
2.83661E-03 3.33564E-03 
2.99358E-03 3.44994E-03 
3.13649E-03 3.56822E-03 
3.26674E-03 3.69115E-03 
3.38611E-03 3.81941E-03 
3.52916E-03 3.96597E-03 
3.63136E-03 4.10041E-03 
3.72881E-03 4.24415E-03 
3.82429E-03 4.39799E-03 
3.92062E-03 4.56270E-03 
4.02041E-03 4.73919E-03 
4.12529E-03 4.92907E-03 
4.23257E-03 5.13696E-03 
4.32470E-03 5.37790E-03 
4.34995E-03 5.69288E-03 
4.25034E-03 6.13774E-03 
4.10089E-03 6.68281E-03 
4.07848E-03 7.20068E-03 
1.80017E-03 3.08864E-03 
2.05142E-03 3.19688E-03 
2.23011E-03 3.44900E-03 
2.46187E-03 3.55297E-03 
2.68093E-03 3.65840E-03 
2.88672E-03 3.76561E-03 
3.07900E-03 3.87500E-03 
3.21859E-03 3.96142E-03 
3.25791E-03 3.98701E-03 
3.43643E-03 4.11128E-03 
3.60108E-03 4.23984E-03 
3.75344E-03 4.37338E-03 
3.89548E-03 4.51262E-03 
4.06721E-03 4.66796E-03 
4.19284E-03 4.81349E-03 
4.31527E-03 4.96885E-03 
4.43767E-03 5.13467E-03 
4.56328E-03 5.31150E-03 
4.69515E-03 5.50007E-03 
4.83530E-03 5.70200E-03 
4.98152E-03 5.92268E-03 
5.11683E-03 6.18061E-03 
5.19124E-03 6.52598E-03 
5.15151E-03 7.02458E-03 
5.07734E-03 7.63332E-03 
5.14221E-03 8.19387E-03 
2.13214E-03 3.71351E-03 
2.40392E-03 3.83451E-03 
2.60692E-03 4.13359E-03 
2.86205E-03 4.24505E-03 
3.10437E-03 4.35793E-03 
3.33332E-03 4.47264E-03 
3.54871E-03 4.58963E-03 
3.70616E-03 4.68204E-03 
3.75071E-03 4.70941E-03 
3.95420E-03 4.84232E-03 
4.14406E-03 4.97983E-03 
4.32204E-03 5.12268E-03 
4.49035E-03 5.27156E-03 
4.69507E-03 5.43292E-03 
4.84782E-03 5.58808E-03 
4.99926E-03 5.75335E-03 
5.15298E-03 5.92910E-03 
5.31264E-03 6.11558E-03 
5.48178E-03 6.31325E-03 
5.66287E-03 6.52368E-03 
5.85422E-03 6.75313E-03 
6.03990E-03 7.02398E-03 
6.17281E-03 7.39673E-03 
6.20613E-03 7.94769E-03 
6.22334E-03 8.61788E-03 
6.39056E-03 9.21446E-03 
2.51857E-03 4.41907E-03 
2.81422E-03 4.55246E-03 
3.05090E-03 4.90012E-03 
3.33305E-03 5.01686E-03 
3.60224E-03 5.13506E-03 
3.85788E-03 5.25519E-03 
4.09984E-03 5.37777E-03 
4.27781E-03 5.47468E-03 
4.32836E-03 5.50339E-03 
4.56050E-03 5.64292E-03 
4.77926E-03 5.78740E-03 
4.98661E-03 5.93755E-03 
5.18507E-03 6.09399E-03 
5.42733E-03 6.25750E-03 
5.61128E-03 6.41996E-03 
5.79615E-03 6.59243E-03 
5.98601E-03 6.77492E-03 
6.18501E-03 6.96727E-03 
6.39711E-03 7.16958E-03 
6.62531E-03 7.38333E-03 
6.86856E-03 7.61575E-03 
7.11242E-03 7.89352E-03 
7.31417E-03 8.28845E-03 
7.43535E-03 8.88782E-03 
7.56195E-03 9.61406E-03 
7.84773E-03 1.02366E-02 
2.96986E-03 5.20890E-03 
3.29321E-03 5.35348E-03 
3.57588E-03 5.74796E-03 
3.88895E-03 5.86686E-03 
4.18875E-03 5.98738E-03 
4.47474E-03 6.11005E-03 
4.74683E-03 6.23548E-03 
4.94802E-03 6.33482E-03 
5.00536E-03 6.36429E-03 
5.26990E-03 6.50764E-03 
5.52134E-03 6.65632E-03 
5.76197E-03 6.81093E-03 
5.99465E-03 6.97192E-03 
6.27911E-03 7.13245E-03 
6.49861E-03 7.29877E-03 
6.72169E-03 7.47447E-03 
6.95292E-03 7.65905E-03 
7.19692E-03 7.85186E-03 
7.45811E-03 8.05253E-03 
7.73997E-03 8.26244E-03 
8.04225E-03 8.48987E-03 
8.35258E-03 8.76622E-03 
8.63432E-03 9.17542E-03 
8.85967E-03 9.81585E-03 
9.11525E-03 1.05887E-02 
9.53647E-03 1.12232E-02 
3.49873E-03 6.08275E-03 
3.85414E-03 6.23628E-03 
4.19857E-03 6.67089E-03 
4.54643E-03 6.78794E-03 
4.88056E-03 6.90694E-03 
5.20046E-03 7.02853E-03 
5.50614E-03 7.15333E-03 
5.73320E-03 7.25249E-03 
5.79810E-03 7.28196E-03 
6.09874E-03 7.42556E-03 
6.38666E-03 7.57481E-03 
6.66452E-03 7.73009E-03 
6.93563E-03 7.89156E-03 
7.26694E-03 8.04253E-03 
7.52660E-03 8.20794E-03 
7.79300E-03 8.38133E-03 
8.07117E-03 8.56162E-03 
8.36619E-03 8.74752E-03 
8.68290E-03 8.93816E-03 
9.02524E-03 9.13478E-03 
9.39387E-03 9.34683E-03 
9.77919E-03 9.61075E-03 
1.01527E-02 1.00232E-02 
1.04999E-02 1.06932E-02 
1.09054E-02 1.14983E-02 
1.14792E-02 1.21263E-02 
4.12046E-03 7.03428E-03 
4.51263E-03 7.19335E-03 
4.93844E-03 7.65476E-03 
5.32464E-03 7.76518E-03 
5.69644E-03 7.87818E-03 
6.05346E-03 7.99441E-03 
6.39588E-03 8.11448E-03 
6.65124E-03 8.21035E-03 
6.72442E-03 8.23890E-03 
7.06464E-03 8.37838E-03 
7.39269E-03 8.52366E-03 
7.71172E-03 8.67475E-03 
8.02553E-03 8.83136E-03 
8.40813E-03 8.96469E-03 
8.71281E-03 9.12281E-03 
9.02786E-03 9.28657E-03 
9.35880E-03 9.45412E-03 
9.71106E-03 9.62353E-03 
1.00898E-02 9.79336E-03 
1.04995E-02 9.96472E-03 
1.09417E-02 1.01484E-02 
1.14105E-02 1.03860E-02 
1.18879E-02 1.07870E-02 
1.23754E-02 1.14703E-02 
1.29527E-02 1.22880E-02 
1.36956E-02 1.28862E-02 
4.85289E-03 8.04882E-03 
5.28667E-03 8.20881E-03 
5.81733E-03 8.67534E-03 
6.24465E-03 8.77394E-03 
6.65676E-03 8.87608E-03 
7.05345E-03 8.98231E-03 
7.43516E-03 9.09310E-03 
7.72087E-03 9.18214E-03 
7.80293E-03 9.20874E-03 
8.18582E-03 9.33899E-03 
8.55740E-03 9.47481E-03 
8.92141E-03 9.61567E-03 
9.28217E-03 9.76065E-03 
9.72011E-03 9.86671E-03 
1.00748E-02 1.00094E-02 
1.04439E-02 1.01541E-02 
1.08335E-02 1.02982E-02 
1.12493E-02 1.04391E-02 
1.16965E-02 1.05748E-02 
1.21799E-02 1.07064E-02 
1.27024E-02 1.08460E-02 
1.32625E-02 1.10407E-02 
1.38556E-02 1.14120E-02 
1.45024E-02 1.20872E-02 
1.52735E-02 1.28915E-02 
1.62006E-02 1.34323E-02 
5.71643E-03 9.10165E-03 
6.19648E-03 9.25684E-03 
6.85890E-03 9.69714E-03 
7.32890E-03 9.77889E-03 
7.78282E-03 9.86536E-03 
8.22073E-03 9.95691E-03 
8.64345E-03 1.00537E-02 
8.96101E-03 1.01321E-02 
9.05244E-03 1.01556E-02 
9.48053E-03 1.02708E-02 
9.89870E-03 1.03907E-02 
1.03113E-02 1.05140E-02 
1.07232E-02 1.06390E-02 
1.12199E-02 1.07067E-02 
1.16294E-02 1.08237E-02 
1.20582E-02 1.09378E-02 
1.25122E-02 1.10455E-02 
1.29973E-02 1.11435E-02 
1.35188E-02 1.12294E-02 
1.40817E-02 1.13044E-02 
1.46900E-02 1.13820E-02 
1.53481E-02 1.15144E-02 
1.60678E-02 1.18344E-02 
1.68923E-02 1.24746E-02 
1.78782E-02 1.32338E-02 
1.90020E-02 1.36860E-02 
6.73309E-03 1.01564E-02 
7.26350E-03 1.03002E-02 
8.08676E-03 1.06729E-02 
8.59930E-03 1.07335E-02 
9.09503E-03 1.08002E-02 
9.57445E-03 1.08727E-02 
1.00389E-02 1.09508E-02 
1.03891E-02 1.10146E-02 
1.04903E-02 1.10338E-02 
1.09655E-02 1.11276E-02 
1.14329E-02 1.12241E-02 
1.18973E-02 1.13212E-02 
1.23644E-02 1.14162E-02 
1.29224E-02 1.14331E-02 
1.33916E-02 1.15122E-02 
1.38851E-02 1.15819E-02 
1.44087E-02 1.16380E-02 
1.49682E-02 1.16766E-02 
1.55687E-02 1.16950E-02 
1.62152E-02 1.16947E-02 
1.69132E-02 1.16909E-02 
1.76739E-02 1.17402E-02 
1.85292E-02 1.19843E-02 
1.95483E-02 1.25579E-02 
2.07674E-02 1.32352E-02 
2.20962E-02 1.35652E-02 
7.92721E-03 1.11668E-02 
8.51110E-03 1.12923E-02 
9.52466E-03 1.15465E-02 
1.00776E-02 1.15833E-02 
1.06135E-02 1.16270E-02 
1.11334E-02 1.16769E-02 
1.16392E-02 1.17320E-02 
1.20224E-02 1.17772E-02 
1.21334E-02 1.17907E-02 
1.26571E-02 1.18559E-02 
1.31760E-02 1.19205E-02 
1.36955E-02 1.19813E-02 
1.42215E-02 1.20345E-02 
1.48422E-02 1.19873E-02 
1.53757E-02 1.20144E-02 
1.59383E-02 1.20239E-02 
1.65360E-02 1.20112E-02 
1.71737E-02 1.19722E-02 
1.78563E-02 1.19041E-02 
1.85884E-02 1.18090E-02 
1.93774E-02 1.17036E-02 
2.02426E-02 1.16483E-02 
2.12397E-02 1.17903E-02 
2.24673E-02 1.22621E-02 
2.39348E-02 1.28170E-02 
2.54717E-02 1.29906E-02 
9.31371E-03 1.20714E-02 
9.95256E-03 1.21720E-02 
1.11818E-02 1.22514E-02 
1.17707E-02 1.22636E-02 
1.23433E-02 1.22829E-02 
1.29012E-02 1.23076E-02 
1.34469E-02 1.23356E-02 
1.38628E-02 1.23581E-02 
1.39836E-02 1.23646E-02 
1.45566E-02 1.23938E-02 
1.51287E-02 1.24170E-02 
1.57058E-02 1.24299E-02 
1.62939E-02 1.24282E-02 
1.69772E-02 1.23035E-02 
1.75782E-02 1.22631E-02 
1.82132E-02 1.21958E-02 
1.88873E-02 1.20966E-02 
1.96048E-02 1.19615E-02 
2.03696E-02 1.17884E-02 
2.11859E-02 1.15801E-02 
2.20631E-02 1.13546E-02 
2.30304E-02 1.11749E-02 
2.41708E-02 1.11893E-02 
2.56154E-02 1.15232E-02 
2.73391E-02 1.19146E-02 
2.90792E-02 1.19012E-02 
1.09144E-02 1.28125E-02 
1.16084E-02 1.28820E-02 
1.30722E-02 1.27284E-02 
1.36912E-02 1.27174E-02 
1.42960E-02 1.27119E-02 
1.48888E-02 1.27093E-02 
1.54727E-02 1.27063E-02 
1.59208E-02 1.27017E-02 
1.60515E-02 1.26997E-02 
1.66744E-02 1.26841E-02 
1.73016E-02 1.26550E-02 
1.79390E-02 1.26072E-02 
1.85922E-02 1.25358E-02 
1.93363E-02 1.23203E-02 
2.00074E-02 1.21958E-02 
2.07166E-02 1.20340E-02 
2.14678E-02 1.18303E-02 
2.22641E-02 1.15814E-02 
2.31082E-02 1.12858E-02 
2.40038E-02 1.09476E-02 
2.49627E-02 1.05863E-02 
2.60251E-02 1.02649E-02 
2.73056E-02 1.01283E-02 
2.89702E-02 1.02890E-02 
3.09517E-02 1.04775E-02 
3.28827E-02 1.02513E-02 
1.27365E-02 1.33278E-02 
1.34844E-02 1.33605E-02 
1.51892E-02 1.29217E-02 
1.58316E-02 1.28903E-02 
1.64637E-02 1.28605E-02 
1.70884E-02 1.28284E-02 
1.77091E-02 1.27900E-02 
1.81891E-02 1.27532E-02 
1.83297E-02 1.27409E-02 
1.90037E-02 1.26706E-02 
1.96878E-02 1.25770E-02 
2.03877E-02 1.24543E-02 
2.11082E-02 1.22976E-02 
2.19094E-02 1.19792E-02 
2.26515E-02 1.17540E-02 
2.34344E-02 1.14810E-02 
2.42604E-02 1.11564E-02 
2.51310E-02 1.07781E-02 
2.60473E-02 1.03462E-02 
2.70126E-02 9.86593E-03 
2.80414E-02 9.35777E-03 
2.91866E-02 8.88324E-03 
3.05975E-02 8.57728E-03 
3.24771E-02 8.53388E-03 
3.47082E-02 8.48597E-03 
3.68087E-02 8.02995E-03 
1.47786E-02 1.35637E-02 
1.55782E-02 1.35547E-02 
1.75135E-02 1.27919E-02 
1.81736E-02 1.27428E-02 
1.88293E-02 1.26884E-02 
1.94838E-02 1.26238E-02 
2.01409E-02 1.25439E-02 
2.06535E-02 1.24684E-02 
2.08043E-02 1.24437E-02 
2.15311E-02 1.23071E-02 
2.22745E-02 1.21352E-02 
2.30387E-02 1.19226E-02 
2.38278E-02 1.16645E-02 
2.46802E-02 1.12333E-02 
2.54922E-02 1.08918E-02 
2.63454E-02 1.04927E-02 
2.72403E-02 1.00340E-02 
2.81764E-02 9.51507E-03 
2.91532E-02 8.93786E-03 
3.01735E-02 8.30938E-03 
3.12549E-02 7.65033E-03 
3.24646E-02 7.01812E-03 
3.39893E-02 6.53172E-03 
3.60702E-02 6.26107E-03 
3.85324E-02 5.95232E-03 
4.07719E-02 5.26079E-03 
1.70263E-02 1.34809E-02 
1.78760E-02 1.34244E-02 
2.00106E-02 1.23205E-02 
2.06851E-02 1.22543E-02 
2.13633E-02 1.21725E-02 
2.20484E-02 1.20694E-02 
2.27437E-02 1.19393E-02 
2.32907E-02 1.18169E-02 
2.34524E-02 1.17771E-02 
2.42349E-02 1.15604E-02 
2.50399E-02 1.12952E-02 
2.58701E-02 1.09770E-02 
2.67275E-02 1.06021E-02 
2.76226E-02 1.00512E-02 
2.85006E-02 9.58017E-03 
2.94173E-02 9.04386E-03 
3.03710E-02 8.44234E-03 
3.13591E-02 7.77730E-03 
3.23795E-02 7.05277E-03 
3.34348E-02 6.27740E-03 
3.45461E-02 5.47153E-03 
3.57961E-02 4.68580E-03 
3.74111E-02 4.01703E-03 
3.96699E-02 3.50630E-03 
4.23343E-02 2.92445E-03 
4.46736E-02 2.00439E-03 
1.94526E-02 1.30581E-02 
2.03523E-02 1.29464E-02 
2.26321E-02 1.15123E-02 
2.33227E-02 1.14248E-02 
2.40266E-02 1.13082E-02 
2.47464E-02 1.11563E-02 
2.54845E-02 1.09637E-02 
2.60695E-02 1.07837E-02 
2.62429E-02 1.07256E-02 
2.70852E-02 1.04131E-02 
2.79542E-02 1.00386E-02 
2.88507E-02 9.59951E-03 
2.97742E-02 9.09414E-03 
3.07012E-02 8.42053E-03 
3.16377E-02 7.81057E-03 
3.26068E-02 7.13097E-03 
3.36045E-02 6.38435E-03 
3.46261E-02 5.57494E-03 
3.56681E-02 4.70905E-03 
3.67331E-02 3.79675E-03 
3.78464E-02 2.85716E-03 
3.91072E-02 1.93145E-03 
4.07822E-02 1.08866E-03 
4.31865E-02 3.37300E-04 
4.60143E-02 -5.15914E-04 
4.84073E-02 -1.64440E-03 
2.20188E-02 1.22934E-02 
2.29710E-02 1.21158E-02 
2.53209E-02 1.03926E-02 
2.60352E-02 1.02727E-02 
2.67731E-02 1.01076E-02 
2.75359E-02 9.89163E-03 
2.83243E-02 9.62019E-03 
2.89521E-02 9.36970E-03 
2.91386E-02 9.28957E-03 
3.00452E-02 8.86376E-03 
3.09801E-02 8.36428E-03 
3.19413E-02 7.79079E-03 
3.29258E-02 7.14454E-03 
3.38708E-02 6.34981E-03 
3.48542E-02 5.59712E-03 
3.58600E-02 4.77483E-03 
3.68819E-02 3.88839E-03 
3.79134E-02 2.94467E-03 
3.89501E-02 1.95210E-03 
3.99950E-02 9.21779E-04 
4.10783E-02 -1.29426E-04 
4.23162E-02 -1.17229E-03 
4.40154E-02 -2.17027E-03 
4.65248E-02 -3.14976E-03 
4.94682E-02 -4.25808E-03 
5.18642E-02 -5.56273E-03 
2.46810E-02 1.12015E-02 
2.56918E-02 1.09427E-02 
2.80199E-02 9.00016E-03 
2.87722E-02 8.82862E-03 
2.95575E-02 8.59465E-03 
3.03751E-02 8.29403E-03 
3.12236E-02 7.92376E-03 
3.19000E-02 7.58834E-03 
3.21008E-02 7.48214E-03 
3.30757E-02 6.92561E-03 
3.40764E-02 6.28693E-03 
3.50978E-02 5.56902E-03 
3.61341E-02 4.77637E-03 
3.70805E-02 3.86748E-03 
3.80945E-02 2.97512E-03 
3.91162E-02 2.01848E-03 
4.01376E-02 1.00583E-03 
4.11510E-02 -5.35688E-05 
4.21514E-02 -1.14951E-03 
4.31430E-02 -2.27054E-03 
4.41614E-02 -3.40315E-03 
4.53400E-02 -4.53218E-03 
4.70239E-02 -5.65702E-03 
4.95918E-02 -6.83979E-03 
5.25972E-02 -8.17359E-03 
5.49434E-02 -9.61233E-03 
2.73813E-02 9.81507E-03 
2.84596E-02 9.45605E-03 
3.06669E-02 7.38636E-03 
3.14765E-02 7.13654E-03 
3.23258E-02 6.80815E-03 
3.32116E-02 6.39913E-03 
3.41300E-02 5.90893E-03 
3.48597E-02 5.47449E-03 
3.50759E-02 5.33853E-03 
3.61204E-02 4.63653E-03 
3.71831E-02 3.84910E-03 
3.82557E-02 2.98278E-03 
3.93298E-02 2.04556E-03 
4.02582E-02 1.03572E-03 
4.12813E-02 1.52965E-05 
4.22936E-02 -1.05844E-03 
4.32858E-02 -2.17480E-03 
4.42496E-02 -3.32262E-03 
4.51803E-02 -4.49061E-03 
4.60841E-02 -5.66775E-03 
4.70023E-02 -6.84494E-03 
4.80850E-02 -8.02268E-03 
4.97128E-02 -9.23807E-03 
5.22893E-02 -1.05880E-02 
5.53000E-02 -1.21059E-02 
5.75456E-02 -1.36297E-02 
3.01156E-02 8.14423E-03 
3.12729E-02 7.66162E-03 
3.32606E-02 5.56686E-03 
3.41502E-02 5.20580E-03 
3.50820E-02 4.75301E-03 
3.60499E-02 4.20937E-03 
3.70469E-02 3.57744E-03 
3.78333E-02 3.03055E-03 
3.80651E-02 2.86149E-03 
3.91773E-02 2.00203E-03 
4.02938E-02 1.06048E-03 
4.14039E-02 4.71294E-05 
4.24968E-02 -1.02670E-03 
4.33846E-02 -2.11962E-03 
4.43907E-02 -3.24958E-03 
4.53637E-02 -4.41627E-03 
4.62940E-02 -5.60721E-03 
4.71738E-02 -6.81014E-03 
4.79994E-02 -8.01348E-03 
4.87795E-02 -9.20758E-03 
4.95618E-02 -1.03888E-02 
5.05122E-02 -1.15744E-02 
5.20429E-02 -1.28399E-02 
5.45773E-02 -1.43154E-02 
5.75369E-02 -1.59703E-02 
5.96339E-02 -1.75283E-02 
3.28323E-02 6.22702E-03 
3.40792E-02 5.59760E-03 
3.57627E-02 3.57960E-03 
3.67531E-02 3.07381E-03 
3.77828E-02 2.46826E-03 
3.88423E-02 1.76734E-03 
3.99214E-02 9.77223E-04 
4.07631E-02 3.09552E-04 
4.10095E-02 1.05707E-04 
4.21805E-02 -9.14664E-04 
4.33361E-02 -2.00623E-03 
4.44633E-02 -3.15531E-03 
4.55502E-02 -4.34772E-03 
4.63729E-02 -5.49937E-03 
4.73312E-02 -6.71101E-03 
4.82320E-02 -7.93803E-03 
4.90663E-02 -9.16708E-03 
4.98273E-02 -1.03857E-02 
5.05135E-02 -1.15831E-02 
5.11368E-02 -1.27518E-02 
5.17514E-02 -1.38945E-02 
5.25372E-02 -1.50455E-02 
5.39336E-02 -1.63179E-02 
5.63776E-02 -1.78713E-02 
5.92331E-02 -1.96108E-02 
6.11408E-02 -2.11520E-02 
3.55245E-02 4.07629E-03 
3.68687E-02 3.27877E-03 
3.81848E-02 1.42605E-03 
3.92921E-02 7.45108E-04 
4.04290E-02 -3.69592E-05 
4.15830E-02 -9.11865E-04 
4.27410E-02 -1.86968E-03 
4.36314E-02 -2.66052E-03 
4.38898E-02 -2.89904E-03 
4.51035E-02 -4.07491E-03 
4.62764E-02 -5.30338E-03 
4.73945E-02 -6.56804E-03 
4.84452E-02 -7.85271E-03 
4.91765E-02 -9.03402E-03 
5.00532E-02 -1.02926E-02 
5.08469E-02 -1.15417E-02 
5.15503E-02 -1.27680E-02 
5.21588E-02 -1.39600E-02 
5.26735E-02 -1.51086E-02 
5.31101E-02 -1.62093E-02 
5.35289E-02 -1.72717E-02 
5.41226E-02 -1.83472E-02 
5.53519E-02 -1.95839E-02 
5.76616E-02 -2.11671E-02 
6.03658E-02 -2.29390E-02 
6.20516E-02 -2.44162E-02 
3.81863E-02 1.70332E-03 
3.96296E-02 7.21864E-04 
4.05434E-02 -8.99806E-04 
4.17746E-02 -1.77832E-03 
4.30191E-02 -2.75174E-03 
4.42616E-02 -3.80779E-03 
4.54864E-02 -4.93289E-03 
4.64124E-02 -5.84155E-03 
4.66785E-02 -6.11239E-03 
4.79109E-02 -7.42783E-03 
4.90726E-02 -8.77016E-03 
5.01495E-02 -1.01212E-02 
5.11299E-02 -1.14639E-02 
5.17425E-02 -1.26419E-02 
5.25022E-02 -1.39072E-02 
5.31540E-02 -1.51360E-02 
5.36931E-02 -1.63164E-02 
5.41179E-02 -1.74386E-02 
5.44329E-02 -1.84962E-02 
5.46578E-02 -1.94884E-02 
5.48588E-02 -2.04318E-02 
5.52388E-02 -2.13942E-02 
5.62746E-02 -2.25556E-02 
5.84127E-02 -2.41225E-02 
6.09260E-02 -2.58774E-02 
6.23663E-02 -2.72496E-02 
4.08143E-02 -8.82224E-04 
4.23512E-02 -2.05533E-03 
4.28580E-02 -3.40865E-03 
4.42088E-02 -4.49553E-03 
4.55505E-02 -5.66334E-03 
4.68653E-02 -6.89602E-03 
4.81358E-02 -8.17664E-03 
4.90780E-02 -9.18944E-03 
4.93456E-02 -9.48788E-03 
5.05653E-02 -1.09164E-02 
5.16814E-02 -1.23402E-02 
5.26810E-02 -1.37405E-02 
5.35544E-02 -1.51007E-02 
5.40214E-02 -1.62399E-02 
5.46290E-02 -1.74684E-02 
5.51059E-02 -1.86330E-02 
5.54506E-02 -1.97242E-02 
5.56650E-02 -2.07352E-02 
5.57575E-02 -2.16624E-02 
5.57519E-02 -2.25096E-02 
5.57195E-02 -2.33004E-02 
5.58713E-02 -2.41174E-02 
5.66942E-02 -2.51687E-02 
5.86310E-02 -2.66774E-02 
6.09228E-02 -2.83712E-02 
6.21032E-02 -2.96047E-02 
4.34014E-02 -3.66618E-03 
4.50180E-02 -5.02889E-03 
4.51420E-02 -6.10631E-03 
4.65959E-02 -7.39872E-03 
4.80133E-02 -8.75089E-03 
4.93744E-02 -1.01434E-02 
5.06609E-02 -1.15565E-02 
5.15944E-02 -1.26518E-02 
5.18560E-02 -1.29709E-02 
5.30257E-02 -1.44766E-02 
5.40580E-02 -1.59418E-02 
5.49422E-02 -1.73485E-02 
5.56715E-02 -1.86818E-02 
5.59677E-02 -1.97458E-02 
5.63905E-02 -2.08930E-02 
5.66631E-02 -2.19504E-02 
5.67881E-02 -2.29117E-02 
5.67714E-02 -2.37735E-02 
5.66250E-02 -2.45360E-02 
5.63769E-02 -2.52075E-02 
5.61027E-02 -2.58181E-02 
5.60191E-02 -2.64640E-02 
5.66171E-02 -2.73768E-02 
5.83315E-02 -2.87915E-02 
6.03801E-02 -3.03866E-02 
6.12953E-02 -3.14561E-02 
4.59069E-02 -6.59478E-03 
4.75809E-02 -8.13327E-03 
4.73727E-02 -8.95637E-03 
4.89014E-02 -1.04360E-02 
5.03630E-02 -1.19485E-02 
5.17365E-02 -1.34715E-02 
5.30032E-02 -1.49834E-02 
5.38996E-02 -1.61326E-02 
5.41469E-02 -1.64638E-02 
5.52273E-02 -1.80035E-02 
5.61375E-02 -1.94653E-02 
5.68702E-02 -2.08329E-02 
5.74223E-02 -2.20943E-02 
5.75273E-02 -2.30490E-02 
5.77392E-02 -2.40738E-02 
5.77861E-02 -2.49859E-02 
5.76748E-02 -2.57828E-02 
5.74152E-02 -2.64650E-02 
5.70233E-02 -2.70368E-02 
5.65304E-02 -2.75106E-02 
5.60158E-02 -2.79229E-02 
5.56989E-02 -2.83809E-02 
5.60698E-02 -2.91354E-02 
5.75510E-02 -3.04284E-02 
5.93466E-02 -3.18965E-02 
6.00019E-02 -3.27868E-02 
4.83508E-02 -9.68669E-03 
5.00542E-02 -1.13813E-02 
4.95737E-02 -1.19873E-02 
5.11419E-02 -1.36275E-02 
5.26098E-02 -1.52688E-02 
5.39565E-02 -1.68866E-02 
5.51636E-02 -1.84583E-02 
5.59924E-02 -1.96294E-02 
5.62164E-02 -1.99631E-02 
5.71660E-02 -2.14904E-02 
5.79148E-02 -2.29016E-02 
5.84597E-02 -2.41838E-02 
5.88023E-02 -2.53286E-02 
5.86963E-02 -2.61404E-02 
5.86733E-02 -2.70034E-02 
5.84753E-02 -2.77345E-02 
5.81137E-02 -2.83356E-02 
5.76023E-02 -2.88112E-02 
5.69606E-02 -2.91697E-02 
5.62233E-02 -2.94277E-02 
5.54717E-02 -2.96271E-02 
5.49258E-02 -2.98843E-02 
5.50699E-02 -3.04647E-02 
5.63106E-02 -3.16133E-02 
5.78463E-02 -3.29314E-02 
5.82488E-02 -3.36317E-02 
5.06560E-02 -1.28460E-02 
5.23560E-02 -1.46672E-02 
5.16747E-02 -1.51090E-02 
5.32404E-02 -1.68716E-02 
5.46727E-02 -1.86005E-02 
5.59512E-02 -2.02700E-02 
5.70589E-02 -2.18571E-02 
5.77905E-02 -2.30156E-02 
5.79830E-02 -2.33416E-02 
5.87644E-02 -2.48091E-02 
5.93185E-02 -2.61241E-02 
5.96470E-02 -2.72779E-02 
5.97566E-02 -2.82669E-02 
5.94281E-02 -2.89082E-02 
5.91564E-02 -2.95783E-02 
5.87055E-02 -3.01019E-02 
5.80906E-02 -3.04857E-02 
5.73295E-02 -3.07383E-02 
5.64448E-02 -3.08717E-02 
5.54733E-02 -3.09064E-02 
5.44979E-02 -3.08886E-02 
5.37366E-02 -3.09421E-02 
5.36637E-02 -3.13418E-02 
5.46668E-02 -3.23325E-02 
5.59468E-02 -3.34869E-02 
5.61131E-02 -3.39960E-02 
5.27801E-02 -1.60171E-02 
5.44417E-02 -1.79310E-02 
5.36288E-02 -1.82647E-02 
5.51484E-02 -2.01062E-02 
5.65029E-02 -2.18781E-02 
5.76730E-02 -2.35542E-02 
5.86437E-02 -2.51118E-02 
5.92514E-02 -2.62238E-02 
5.94049E-02 -2.65325E-02 
5.99855E-02 -2.78952E-02 
6.03173E-02 -2.90724E-02 
6.04072E-02 -3.00600E-02 
6.02672E-02 -3.08596E-02 
5.97097E-02 -3.13082E-02 
5.91831E-02 -3.17612E-02 
5.84782E-02 -3.20585E-02 
5.76140E-02 -3.22110E-02 
5.66117E-02 -3.22314E-02 
5.54963E-02 -3.21351E-02 
5.43065E-02 -3.19456E-02 
5.31251E-02 -3.17129E-02 
5.21663E-02 -3.15654E-02 
5.18903E-02 -3.17839E-02 
5.26638E-02 -3.26093E-02 
5.36973E-02 -3.35928E-02 
5.36474E-02 -3.39150E-02 
5.46646E-02 -1.91229E-02 
5.62534E-02 -2.10925E-02 
5.53699E-02 -2.13708E-02 
5.68012E-02 -2.32456E-02 
5.80383E-02 -2.50151E-02 
5.90637E-02 -2.66534E-02 
5.98650E-02 -2.81391E-02 
6.03265E-02 -2.91733E-02 
6.04351E-02 -2.94558E-02 
6.07896E-02 -3.06741E-02 
6.08795E-02 -3.16780E-02 
6.07169E-02 -3.24687E-02 
6.03193E-02 -3.30537E-02 
5.95330E-02 -3.32937E-02 
5.87537E-02 -3.35143E-02 
5.78017E-02 -3.35749E-02 
5.66997E-02 -3.34908E-02 
5.54714E-02 -3.32779E-02 
5.41439E-02 -3.29549E-02 
5.27567E-02 -3.25477E-02 
5.13918E-02 -3.21088E-02 
5.02575E-02 -3.17694E-02 
4.97969E-02 -3.18119E-02 
5.03540E-02 -3.24707E-02 
5.11553E-02 -3.32823E-02 
5.09122E-02 -3.34270E-02 
5.62578E-02 -2.20941E-02 
5.77409E-02 -2.40818E-02 
5.68352E-02 -2.43482E-02 
5.81396E-02 -2.62113E-02 
5.92242E-02 -2.79351E-02 
6.00740E-02 -2.94945E-02 
6.06793E-02 -3.08698E-02 
6.09775E-02 -3.17989E-02 
6.10367E-02 -3.20476E-02 
6.11475E-02 -3.30882E-02 
6.09838E-02 -3.38905E-02 
6.05629E-02 -3.44614E-02 
5.99072E-02 -3.48142E-02 
5.88981E-02 -3.48362E-02 
5.78753E-02 -3.48171E-02 
5.66898E-02 -3.46386E-02 
5.53674E-02 -3.43196E-02 
5.39337E-02 -3.38795E-02 
5.24170E-02 -3.33390E-02 
5.08572E-02 -3.27262E-02 
4.93345E-02 -3.20948E-02 
4.80495E-02 -3.15771E-02 
4.74253E-02 -3.14534E-02 
4.77824E-02 -3.19492E-02 
4.83687E-02 -3.25924E-02 
4.79574E-02 -3.25729E-02 
5.75067E-02 -2.48539E-02 
5.88547E-02 -2.68233E-02 
5.79600E-02 -2.71083E-02 
5.91045E-02 -2.89178E-02 
6.00081E-02 -3.05563E-02 
6.06583E-02 -3.20005E-02 
6.10487E-02 -3.32331E-02 
6.11725E-02 -3.40348E-02 
6.11797E-02 -3.42437E-02 
6.10377E-02 -3.50813E-02 
6.06174E-02 -3.56621E-02 
5.99408E-02 -3.59990E-02 
5.90352E-02 -3.61108E-02 
5.78151E-02 -3.59124E-02 
5.65654E-02 -3.56548E-02 
5.51667E-02 -3.52427E-02 
5.36470E-02 -3.46984E-02 
5.20333E-02 -3.40438E-02 
5.03548E-02 -3.33015E-02 
4.86507E-02 -3.25007E-02 
4.69984E-02 -3.16956E-02 
4.55898E-02 -3.10175E-02 
4.48257E-02 -3.07416E-02 
4.50020E-02 -3.10821E-02 
4.53936E-02 -3.15649E-02 
4.48403E-02 -3.13977E-02 
5.83716E-02 -2.73387E-02 
5.95593E-02 -2.92553E-02 
5.86934E-02 -2.95758E-02 
5.96515E-02 -3.12939E-02 
6.03521E-02 -3.28130E-02 
6.07859E-02 -3.41116E-02 
6.09500E-02 -3.51754E-02 
6.08941E-02 -3.58328E-02 
6.08482E-02 -3.59976E-02 
6.04525E-02 -3.66146E-02 
5.97803E-02 -3.69623E-02 
5.88583E-02 -3.70592E-02 
5.77175E-02 -3.69293E-02 
5.63038E-02 -3.65146E-02 
5.48495E-02 -3.60271E-02 
5.32630E-02 -3.53940E-02 
5.15734E-02 -3.46401E-02 
4.98090E-02 -3.37895E-02 
4.79986E-02 -3.28658E-02 
4.61805E-02 -3.18988E-02 
4.44287E-02 -3.09424E-02 
4.29248E-02 -3.01251E-02 
4.20457E-02 -2.97140E-02 
4.20625E-02 -2.99106E-02 
4.22811E-02 -3.02443E-02 
4.16124E-02 -2.99480E-02 
5.88265E-02 -2.94994E-02 
5.98331E-02 -3.13316E-02 
5.90001E-02 -3.16909E-02 
5.97514E-02 -3.32850E-02 
6.02339E-02 -3.46559E-02 
6.04412E-02 -3.57846E-02 
6.03741E-02 -3.66599E-02 
6.01382E-02 -3.71613E-02 
6.00399E-02 -3.72790E-02 
5.93965E-02 -3.76654E-02 
5.84838E-02 -3.77757E-02 
5.73326E-02 -3.76338E-02 
5.59772E-02 -3.72687E-02 
5.43913E-02 -3.66473E-02 
5.27593E-02 -3.59449E-02 
5.10140E-02 -3.51088E-02 
4.91853E-02 -3.41663E-02 
4.73015E-02 -3.31425E-02 
4.53910E-02 -3.20617E-02 
4.34904E-02 -3.09536E-02 
4.16697E-02 -2.98708E-02 
4.00992E-02 -2.89377E-02 
3.91304E-02 -2.84105E-02 
3.90098E-02 -2.84771E-02 
3.90781E-02 -2.86753E-02 
3.83201E-02 -2.82699E-02 
5.88599E-02 -3.12970E-02 
5.96694E-02 -3.30173E-02 
5.88618E-02 -3.34069E-02 
5.93930E-02 -3.48499E-02 
5.96487E-02 -3.60497E-02 
5.96260E-02 -3.69903E-02 
5.93290E-02 -3.76640E-02 
5.89178E-02 -3.80025E-02 
5.87688E-02 -3.80719E-02 
5.78900E-02 -3.82246E-02 
5.67541E-02 -3.81002E-02 
5.53953E-02 -3.77274E-02 
5.38507E-02 -3.71399E-02 
5.21175E-02 -3.63270E-02 
5.03384E-02 -3.54299E-02 
4.84661E-02 -3.44142E-02 
4.65311E-02 -3.33082E-02 
4.45610E-02 -3.21377E-02 
4.25830E-02 -3.09272E-02 
4.06318E-02 -2.97054E-02 
3.87726E-02 -2.85231E-02 
3.71639E-02 -2.74991E-02 
3.61309E-02 -2.68768E-02 
3.58956E-02 -2.68290E-02 
3.58367E-02 -2.69073E-02 
3.50147E-02 -2.64139E-02 
5.84748E-02 -3.27170E-02 
5.90753E-02 -3.43008E-02 
5.82774E-02 -3.47033E-02 
5.85801E-02 -3.59730E-02 
5.86052E-02 -3.69837E-02 
5.83534E-02 -3.77229E-02 
5.78324E-02 -3.81865E-02 
5.72535E-02 -3.83590E-02 
5.70566E-02 -3.83796E-02 
5.59583E-02 -3.83005E-02 
5.46200E-02 -3.79488E-02 
5.30783E-02 -3.73578E-02 
5.13724E-02 -3.65650E-02 
4.95190E-02 -3.55789E-02 
4.76245E-02 -3.45110E-02 
4.56585E-02 -3.33417E-02 
4.36505E-02 -3.20998E-02 
4.16271E-02 -3.08112E-02 
3.96141E-02 -2.94996E-02 
3.76434E-02 -2.81925E-02 
3.57752E-02 -2.69380E-02 
3.41556E-02 -2.58484E-02 
3.30828E-02 -2.51522E-02 
3.27550E-02 -2.50069E-02 
3.25912E-02 -2.49817E-02 
3.17291E-02 -2.44209E-02 
5.76966E-02 -3.37435E-02 
5.80825E-02 -3.51720E-02 
5.72739E-02 -3.55641E-02 
5.73471E-02 -3.66451E-02 
5.71449E-02 -3.74557E-02 
5.66716E-02 -3.79868E-02 
5.59384E-02 -3.82386E-02 
5.52037E-02 -3.82472E-02 
5.49629E-02 -3.82202E-02 
5.36667E-02 -3.79180E-02 
5.21513E-02 -3.73531E-02 
5.04554E-02 -3.65627E-02 
4.86193E-02 -3.55871E-02 
4.66751E-02 -3.44510E-02 
4.46990E-02 -3.32405E-02 
4.26731E-02 -3.19472E-02 
4.06257E-02 -3.05999E-02 
3.85819E-02 -2.92237E-02 
3.65652E-02 -2.78412E-02 
3.46047E-02 -2.64782E-02 
3.27552E-02 -2.51794E-02 
3.11502E-02 -2.40497E-02 
3.00610E-02 -2.33015E-02 
2.96629E-02 -2.30767E-02 
2.94168E-02 -2.29658E-02 
2.85368E-02 -2.23583E-02 
5.65399E-02 -3.44031E-02 
5.67059E-02 -3.56584E-02 
5.58640E-02 -3.60136E-02 
5.57070E-02 -3.68918E-02 
5.52807E-02 -3.74918E-02 
5.45931E-02 -3.78088E-02 
5.36588E-02 -3.78472E-02 
5.27796E-02 -3.76938E-02 
5.24986E-02 -3.76203E-02 
5.10247E-02 -3.71035E-02 
4.93561E-02 -3.63389E-02 
4.75333E-02 -3.53672E-02 
4.55968E-02 -3.42311E-02 
4.35899E-02 -3.29677E-02 
4.15642E-02 -3.16416E-02 
3.95108E-02 -3.02529E-02 
3.74560E-02 -2.88296E-02 
3.54226E-02 -2.73952E-02 
3.34316E-02 -2.59706E-02 
3.15092E-02 -2.45794E-02 
2.97043E-02 -2.32625E-02 
2.81374E-02 -2.21166E-02 
2.70532E-02 -2.13367E-02 
2.66045E-02 -2.10491E-02 
2.62961E-02 -2.08689E-02 
2.54180E-02 -2.02337E-02 
5.50474E-02 -3.47048E-02 
5.49936E-02 -3.57739E-02 
5.40964E-02 -3.60653E-02 
5.37145E-02 -3.67322E-02 
5.30726E-02 -3.71171E-02 
5.21824E-02 -3.72192E-02 
5.10621E-02 -3.70475E-02 
5.00524E-02 -3.67379E-02 
4.97357E-02 -3.66200E-02 
4.81074E-02 -3.59018E-02 
4.63123E-02 -3.49555E-02 
4.43916E-02 -3.38245E-02 
4.23854E-02 -3.25531E-02 
4.03448E-02 -3.11878E-02 
3.83013E-02 -2.97754E-02 
3.62517E-02 -2.83214E-02 
3.42200E-02 -2.68521E-02 
3.22261E-02 -2.53890E-02 
3.02882E-02 -2.39508E-02 
2.84290E-02 -2.25583E-02 
2.66917E-02 -2.12485E-02 
2.51840E-02 -2.01091E-02 
2.41239E-02 -1.93173E-02 
2.36438E-02 -1.89840E-02 
2.32923E-02 -1.87511E-02 
2.24338E-02 -1.81061E-02 
5.32613E-02 -3.46767E-02 
5.29911E-02 -3.55503E-02 
5.20190E-02 -3.57525E-02 
5.14204E-02 -3.62034E-02 
5.05738E-02 -3.63715E-02 
4.94949E-02 -3.62609E-02 
4.82053E-02 -3.58853E-02 
4.70800E-02 -3.54267E-02 
4.67322E-02 -3.52670E-02 
4.49735E-02 -3.43627E-02 
4.30784E-02 -3.32540E-02 
4.10883E-02 -3.19868E-02 
3.90424E-02 -3.06063E-02 
3.69961E-02 -2.91650E-02 
3.49647E-02 -2.76950E-02 
3.29482E-02 -2.62049E-02 
3.09675E-02 -2.47186E-02 
2.90393E-02 -2.32548E-02 
2.71789E-02 -2.18296E-02 
2.54049E-02 -2.04608E-02 
2.37552E-02 -1.91810E-02 
2.23246E-02 -1.80688E-02 
2.13057E-02 -1.72832E-02 
2.08112E-02 -1.69201E-02 
2.04339E-02 -1.66503E-02 
1.96101E-02 -1.60116E-02 
5.12263E-02 -3.43520E-02 
5.07460E-02 -3.50241E-02 
4.96833E-02 -3.51147E-02 
4.88787E-02 -3.53481E-02 
4.78405E-02 -3.53010E-02 
4.65883E-02 -3.49824E-02 
4.51474E-02 -3.44109E-02 
4.39217E-02 -3.38123E-02 
4.35476E-02 -3.36138E-02 
4.16825E-02 -3.25400E-02 
3.97137E-02 -3.12894E-02 
3.76820E-02 -2.99098E-02 
3.56249E-02 -2.84461E-02 
3.35992E-02 -2.69545E-02 
3.16075E-02 -2.54547E-02 
2.96508E-02 -2.39564E-02 
2.77461E-02 -2.24801E-02 
2.59067E-02 -2.10415E-02 
2.41445E-02 -1.96535E-02 
2.24745E-02 -1.83308E-02 
2.09289E-02 -1.71012E-02 
1.95903E-02 -1.60344E-02 
1.86266E-02 -1.52710E-02 
1.81330E-02 -1.48928E-02 
1.77452E-02 -1.46005E-02 
1.69684E-02 -1.39821E-02 
4.89879E-02 -3.37669E-02 
4.83064E-02 -3.42345E-02 
4.71420E-02 -3.41953E-02 
4.61445E-02 -3.42127E-02 
4.49297E-02 -3.39545E-02 
4.35210E-02 -3.34350E-02 
4.19473E-02 -3.26780E-02 
4.06372E-02 -3.19493E-02 
4.02415E-02 -3.17154E-02 
3.82942E-02 -3.04900E-02 
3.62771E-02 -2.91188E-02 
3.42304E-02 -2.76506E-02 
3.21888E-02 -2.61294E-02 
3.02083E-02 -2.46124E-02 
2.82812E-02 -2.31091E-02 
2.64076E-02 -2.16283E-02 
2.46005E-02 -2.01867E-02 
2.28695E-02 -1.87963E-02 
2.12227E-02 -1.74668E-02 
1.96718E-02 -1.62094E-02 
1.82433E-02 -1.50474E-02 
1.70080E-02 -1.40411E-02 
1.61110E-02 -1.33135E-02 
1.56310E-02 -1.29333E-02 
1.52460E-02 -1.26316E-02 
1.45259E-02 -1.20449E-02 
4.65900E-02 -3.29582E-02 
4.57184E-02 -3.32213E-02 
4.44459E-02 -3.30384E-02 
4.32705E-02 -3.28441E-02 
4.18955E-02 -3.23815E-02 
4.03484E-02 -3.16704E-02 
3.86616E-02 -3.07399E-02 
3.72831E-02 -2.98924E-02 
3.68707E-02 -2.96266E-02 
3.48650E-02 -2.82687E-02 
3.28245E-02 -2.67985E-02 
3.07878E-02 -2.52653E-02 
2.87866E-02 -2.37114E-02 
2.68737E-02 -2.21927E-02 
2.50330E-02 -2.07100E-02 
2.32626E-02 -1.92700E-02 
2.15711E-02 -1.78848E-02 
1.99641E-02 -1.65627E-02 
1.84463E-02 -1.53096E-02 
1.70256E-02 -1.41335E-02 
1.57234E-02 -1.30529E-02 
1.45996E-02 -1.21193E-02 
1.37777E-02 -1.14388E-02 
1.33220E-02 -1.10678E-02 
1.29506E-02 -1.07677E-02 
1.22940E-02 -1.02221E-02 
4.40742E-02 -3.19622E-02 
4.30258E-02 -3.20233E-02 
4.16436E-02 -3.16878E-02 
4.03070E-02 -3.12887E-02 
3.87898E-02 -3.06307E-02 
3.71234E-02 -2.97392E-02 
3.53437E-02 -2.86490E-02 
3.39131E-02 -2.76951E-02 
3.34889E-02 -2.74013E-02 
3.14485E-02 -2.59308E-02 
2.94086E-02 -2.43836E-02 
2.74056E-02 -2.28085E-02 
2.54674E-02 -2.12456E-02 
2.36420E-02 -1.97473E-02 
2.19063E-02 -1.83071E-02 
2.02557E-02 -1.69281E-02 
1.86940E-02 -1.56180E-02 
1.72227E-02 -1.43805E-02 
1.58433E-02 -1.32183E-02 
1.45602E-02 -1.21356E-02 
1.33900E-02 -1.11469E-02 
1.23825E-02 -1.02951E-02 
1.16413E-02 -9.67001E-03 
1.12180E-02 -9.31752E-03 
1.08690E-02 -9.02833E-03 
1.02801E-02 -8.53044E-03 
4.14780E-02 -3.08130E-02 
4.02679E-02 -3.06772E-02 
3.87788E-02 -3.01845E-02 
3.72991E-02 -2.95896E-02 
3.56588E-02 -2.87474E-02 
3.38933E-02 -2.76889E-02 
3.20417E-02 -2.64544E-02 
3.05757E-02 -2.54074E-02 
3.01446E-02 -2.50898E-02 
2.80929E-02 -2.35274E-02 
2.60766E-02 -2.19252E-02 
2.41294E-02 -2.03309E-02 
2.22746E-02 -1.87812E-02 
2.05540E-02 -1.73236E-02 
1.89388E-02 -1.59448E-02 
1.74207E-02 -1.46441E-02 
1.59991E-02 -1.34239E-02 
1.46714E-02 -1.22840E-02 
1.34360E-02 -1.12232E-02 
1.22942E-02 -1.02427E-02 
1.12581E-02 -9.35270E-03 
1.03683E-02 -8.58841E-03 
9.71068E-03 -8.02472E-03 
9.32576E-03 -7.69789E-03 
9.00544E-03 -7.42694E-03 
8.48628E-03 -6.98112E-03 
3.88299E-02 -2.95392E-02 
3.74742E-02 -2.92134E-02 
3.58848E-02 -2.85627E-02 
3.42812E-02 -2.77830E-02 
3.25379E-02 -2.67693E-02 
3.06941E-02 -2.55586E-02 
2.87920E-02 -2.41965E-02 
2.73075E-02 -2.30707E-02 
2.68744E-02 -2.27335E-02 
2.48346E-02 -2.11004E-02 
2.28642E-02 -1.94652E-02 
2.09933E-02 -1.78736E-02 
1.92403E-02 -1.63578E-02 
1.76392E-02 -1.49590E-02 
1.61568E-02 -1.36580E-02 
1.47808E-02 -1.24495E-02 
1.35059E-02 -1.13309E-02 
1.23262E-02 -1.02978E-02 
1.12369E-02 -9.34552E-03 
1.02366E-02 -8.47241E-03 
9.33371E-03 -7.68493E-03 
8.56053E-03 -7.01103E-03 
7.98694E-03 -6.51210E-03 
7.64418E-03 -6.21611E-03 
7.35691E-03 -5.96881E-03 
6.90714E-03 -5.57723E-03 
3.61827E-02 -2.81808E-02 
3.46999E-02 -2.76752E-02 
3.30211E-02 -2.68710E-02 
3.13147E-02 -2.59206E-02 
2.94902E-02 -2.47513E-02 
2.75902E-02 -2.34061E-02 
2.56599E-02 -2.19356E-02 
2.41738E-02 -2.07464E-02 
2.37436E-02 -2.03942E-02 
2.17383E-02 -1.87129E-02 
1.98344E-02 -1.70666E-02 
1.80579E-02 -1.54981E-02 
1.64214E-02 -1.40346E-02 
1.49508E-02 -1.27098E-02 
1.36089E-02 -1.14991E-02 
1.23795E-02 -1.03924E-02 
1.12531E-02 -9.38236E-03 
1.02206E-02 -8.46051E-03 
9.27465E-03 -7.61932E-03 
8.41175E-03 -6.85440E-03 
7.63690E-03 -6.16898E-03 
6.97541E-03 -5.58468E-03 
6.48330E-03 -5.15090E-03 
6.18408E-03 -4.88869E-03 
5.93190E-03 -4.66832E-03 
5.54871E-03 -4.33061E-03 
3.35261E-02 -2.67439E-02 
3.19341E-02 -2.60680E-02 
3.01783E-02 -2.51156E-02 
2.83896E-02 -2.40080E-02 
2.65052E-02 -2.26986E-02 
2.45710E-02 -2.12360E-02 
2.26347E-02 -1.96760E-02 
2.11639E-02 -1.84387E-02 
2.07415E-02 -1.80762E-02 
1.87931E-02 -1.63685E-02 
1.69761E-02 -1.47323E-02 
1.53113E-02 -1.32066E-02 
1.38052E-02 -1.18124E-02 
1.24749E-02 -1.05750E-02 
1.12797E-02 -9.46516E-03 
1.01999E-02 -8.46779E-03 
9.22218E-03 -7.57101E-03 
8.33468E-03 -6.76288E-03 
7.52811E-03 -6.03324E-03 
6.79723E-03 -5.37550E-03 
6.14439E-03 -4.79013E-03 
5.58887E-03 -4.29323E-03 
5.17474E-03 -3.92368E-03 
4.91918E-03 -3.69676E-03 
4.70286E-03 -3.50522E-03 
4.38270E-03 -3.21994E-03 
3.08980E-02 -2.52569E-02 
2.92162E-02 -2.44226E-02 
2.73988E-02 -2.33315E-02 
2.55495E-02 -2.20825E-02 
2.36276E-02 -2.06506E-02 
2.16820E-02 -1.90899E-02 
1.97622E-02 -1.74607E-02 
1.83237E-02 -1.61916E-02 
1.79139E-02 -1.58235E-02 
1.60438E-02 -1.41115E-02 
1.43322E-02 -1.25061E-02 
1.27939E-02 -1.10409E-02 
1.14288E-02 -9.73049E-03 
1.02446E-02 -8.59086E-03 
9.19833E-03 -7.58856E-03 
8.26681E-03 -6.70393E-03 
7.43367E-03 -5.92104E-03 
6.68494E-03 -5.22499E-03 
6.00998E-03 -4.60353E-03 
5.40237E-03 -4.04838E-03 
4.86246E-03 -3.55782E-03 
4.40454E-03 -3.14330E-03 
4.06267E-03 -2.83473E-03 
3.84905E-03 -2.64279E-03 
3.66760E-03 -2.48025E-03 
3.40519E-03 -2.24412E-03 
2.83131E-02 -2.37342E-02 
2.65614E-02 -2.27544E-02 
2.46993E-02 -2.15356E-02 
2.28116E-02 -2.01620E-02 
2.08748E-02 -1.86261E-02 
1.89406E-02 -1.69872E-02 
1.70596E-02 -1.53097E-02 
1.56698E-02 -1.40252E-02 
1.52772E-02 -1.36562E-02 
1.35060E-02 -1.19616E-02 
1.19167E-02 -1.04064E-02 
1.05175E-02 -9.01780E-03 
9.30115E-03 -7.80298E-03 
8.26637E-03 -6.76861E-03 
7.36821E-03 -5.87745E-03 
6.58074E-03 -5.10581E-03 
5.88529E-03 -4.43429E-03 
5.26655E-03 -3.84574E-03 
4.71318E-03 -3.32642E-03 
4.21814E-03 -2.86692E-03 
3.78045E-03 -2.46389E-03 
3.41041E-03 -2.12498E-03 
3.13388E-03 -1.87266E-03 
2.95923E-03 -1.71403E-03 
2.81045E-03 -1.57938E-03 
2.59963E-03 -1.38797E-03 
2.57824E-02 -2.21850E-02 
2.39811E-02 -2.10733E-02 
2.20926E-02 -1.97395E-02 
2.01886E-02 -1.82587E-02 
1.82596E-02 -1.66377E-02 
1.63593E-02 -1.49410E-02 
1.45391E-02 -1.32362E-02 
1.32140E-02 -1.19524E-02 
1.28431E-02 -1.15871E-02 
1.11897E-02 -9.93082E-03 
9.73781E-03 -8.44358E-03 
8.48801E-03 -7.14536E-03 
7.42555E-03 -6.03533E-03 
6.54056E-03 -5.11080E-03 
5.78686E-03 -4.33136E-03 
5.13654E-03 -3.66992E-03 
4.56948E-03 -3.10448E-03 
4.06987E-03 -2.61633E-03 
3.62633E-03 -2.19094E-03 
3.23179E-03 -1.81827E-03 
2.88449E-03 -1.49392E-03 
2.59172E-03 -1.22258E-03 
2.37276E-03 -1.02066E-03 
2.23318E-03 -8.92596E-04 
2.11396E-03 -7.83688E-04 
1.94806E-03 -6.31838E-04 
2.33125E-02 -2.06120E-02 
2.14819E-02 -1.93823E-02 
1.95861E-02 -1.79472E-02 
1.76881E-02 -1.63768E-02 
1.57893E-02 -1.46900E-02 
1.39451E-02 -1.29556E-02 
1.22069E-02 -1.12443E-02 
1.09618E-02 -9.97673E-03 
1.06166E-02 -9.61956E-03 
9.09858E-03 -8.02103E-03 
7.79697E-03 -6.61765E-03 
6.70421E-03 -5.42109E-03 
5.79807E-03 -4.42219E-03 
5.06062E-03 -3.60916E-03 
4.44523E-03 -2.93916E-03 
3.92292E-03 -2.38252E-03 
3.47310E-03 -1.91551E-03 
3.08027E-03 -1.51871E-03 
2.73367E-03 -1.17740E-03 
2.42674E-03 -8.81489E-04 
2.15746E-03 -6.25981E-04 
1.93097E-03 -4.13377E-04 
1.76144E-03 -2.55329E-04 
1.65246E-03 -1.54337E-04 
1.55910E-03 -6.83201E-05 
1.43126E-03 4.95551E-05 
2.09072E-02 -1.90105E-02 
1.90680E-02 -1.76768E-02 
1.71846E-02 -1.61550E-02 
1.53146E-02 -1.45125E-02 
1.34681E-02 -1.27788E-02 
1.17017E-02 -1.10269E-02 
1.00657E-02 -9.32889E-03 
8.91457E-03 -8.09231E-03 
8.59894E-03 -7.74735E-03 
7.23176E-03 -6.22412E-03 
6.09087E-03 -4.91800E-03 
5.16005E-03 -3.83149E-03 
4.40982E-03 -2.94697E-03 
3.81502E-03 -2.24415E-03 
3.32952E-03 -1.67863E-03 
2.92424E-03 -1.21906E-03 
2.57911E-03 -8.40963E-04 
2.27975E-03 -5.25004E-04 
2.01663E-03 -2.56887E-04 
1.78414E-03 -2.68996E-05 
1.58049E-03 1.70073E-04 
1.40937E-03 3.33072E-04 
1.28108E-03 4.54091E-04 
1.19793E-03 5.31943E-04 
1.12644E-03 5.98357E-04 
1.02998E-03 6.87923E-04 
1.85576E-02 -1.73581E-02 
1.67306E-02 -1.59342E-02 
1.48802E-02 -1.43401E-02 
1.30601E-02 -1.26429E-02 
1.12880E-02 -1.08808E-02 
9.62052E-03 -9.13046E-03 
8.10639E-03 -7.46472E-03 
7.06247E-03 -6.27277E-03 
6.77990E-03 -5.94377E-03 
5.57728E-03 -4.51137E-03 
4.60546E-03 -3.31342E-03 
3.83923E-03 -2.34261E-03 
3.24223E-03 -1.57294E-03 
2.78333E-03 -9.76603E-04 
2.41783E-03 -5.08537E-04 
2.11763E-03 -1.36770E-04 
1.86416E-03 1.62972E-04 
1.64492E-03 4.09203E-04 
1.45209E-03 6.15261E-04 
1.28140E-03 7.90095E-04 
1.13165E-03 9.38603E-04 
1.00565E-03 1.06082E-03 
9.10921E-04 1.15145E-03 
8.48928E-04 1.21016E-03 
7.95374E-04 1.26034E-03 
7.24115E-04 1.32696E-03 
1.62716E-02 -1.56322E-02 
1.44783E-02 -1.41323E-02 
1.26816E-02 -1.24807E-02 
1.09333E-02 -1.07456E-02 
9.25668E-03 -8.97313E-03 
7.70802E-03 -7.24236E-03 
6.33326E-03 -5.62600E-03 
5.40791E-03 -4.49050E-03 
5.16126E-03 -4.18056E-03 
4.13357E-03 -2.85118E-03 
3.33542E-03 -1.76848E-03 
2.73260E-03 -9.14956E-04 
2.28269E-03 -2.56780E-04 
1.95009E-03 2.40069E-04 
1.69260E-03 6.20260E-04 
1.48419E-03 9.15327E-04 
1.30867E-03 1.14844E-03 
1.15600E-03 1.33666E-03 
1.02049E-03 1.49198E-03 
8.99460E-04 1.62233E-03 
7.92517E-04 1.73214E-03 
7.02076E-04 1.82203E-03 
6.33693E-04 1.88864E-03 
5.88384E-04 1.93215E-03 
5.48959E-04 1.96946E-03 
4.97268E-04 2.01812E-03 
1.40268E-02 -1.37628E-02 
1.22895E-02 -1.22001E-02 
1.05685E-02 -1.05053E-02 
8.91434E-03 -8.74829E-03 
7.35459E-03 -6.98212E-03 
5.94450E-03 -5.28759E-03 
4.72609E-03 -3.73600E-03 
3.92985E-03 -2.66713E-03 
3.72168E-03 -2.37885E-03 
2.87769E-03 -1.16193E-03 
2.25587E-03 -1.98521E-04 
1.81340E-03 5.39051E-04 
1.50287E-03 1.09162E-03 
1.28601E-03 1.49784E-03 
1.12425E-03 1.80084E-03 
9.94669E-04 2.03066E-03 
8.84253E-04 2.20860E-03 
7.85865E-04 2.34984E-03 
6.96189E-04 2.46475E-03 
6.14235E-04 2.56012E-03 
5.40581E-04 2.63979E-03 
4.77559E-04 2.70467E-03 
4.29400E-04 2.75277E-03 
3.96915E-04 2.78455E-03 
3.68343E-04 2.81192E-03 
3.31525E-04 2.84686E-03 
1.17996E-02 -1.15888E-02 
1.01431E-02 -9.97616E-03 
8.52169E-03 -8.25176E-03 
6.98530E-03 -6.48802E-03 
5.56475E-03 -4.74362E-03 
4.31316E-03 -3.10030E-03 
3.26760E-03 -1.62667E-03 
2.61017E-03 -6.32543E-04 
2.44274E-03 -3.67854E-04 
1.78934E-03 7.30570E-04 
1.34434E-03 1.57426E-03 
1.05705E-03 2.20066E-03 
8.76583E-04 2.65632E-03 
7.64005E-04 2.98270E-03 
6.85612E-04 3.22015E-03 
6.22522E-04 3.39632E-03 
5.65489E-04 3.53005E-03 
5.10544E-04 3.63437E-03 
4.56809E-04 3.71800E-03 
4.05009E-04 3.78659E-03 
3.56726E-04 3.84337E-03 
3.14416E-04 3.88936E-03 
2.81457E-04 3.92353E-03 
2.58609E-04 3.94648E-03 
2.38190E-04 3.96636E-03 
2.12459E-04 3.99102E-03 
9.53778E-03 -8.63757E-03 
7.99243E-03 -6.98718E-03 
6.49995E-03 -5.24620E-03 
5.10946E-03 -3.48967E-03 
3.85393E-03 -1.78109E-03 
2.78339E-03 -2.02060E-04 
1.92879E-03 1.18283E-03 
1.42047E-03 2.09630E-03 
1.29613E-03 2.33617E-03 
8.40093E-04 3.31362E-03 
5.71752E-04 4.04079E-03 
4.33816E-04 4.56399E-03 
3.73874E-04 4.93383E-03 
3.54547E-04 5.19247E-03 
3.48225E-04 5.37632E-03 
3.40899E-04 5.50989E-03 
3.27458E-04 5.60923E-03 
3.07173E-04 5.68524E-03 
2.81537E-04 5.74513E-03 
2.52913E-04 5.79353E-03 
2.23865E-04 5.83316E-03 
1.97104E-04 5.86505E-03 
1.75497E-04 5.88883E-03 
1.59857E-04 5.90519E-03 
1.45535E-04 5.91945E-03 
1.28012E-04 5.93646E-03 
7.13595E-03 -3.85686E-03 
5.74513E-03 -2.18018E-03 
4.42253E-03 -4.34723E-04 
3.21637E-03 1.30181E-03 
2.16060E-03 2.96211E-03 
1.30103E-03 4.46584E-03 
6.61355E-04 5.75379E-03 
3.15928E-04 6.58305E-03 
2.37867E-04 6.79757E-03 
-1.07139E-05 7.65518E-03 
-1.00171E-04 8.27251E-03 
-9.25695E-05 8.70336E-03 
-3.94126E-05 9.00023E-03 
2.59130E-05 9.20386E-03 
8.31385E-05 9.34559E-03 
1.23778E-04 9.44634E-03 
1.47026E-04 9.51944E-03 
1.55302E-04 9.57392E-03 
1.52332E-04 9.61577E-03 
1.42016E-04 9.64888E-03 
1.27886E-04 9.67554E-03 
1.13018E-04 9.69680E-03 
1.00044E-04 9.71274E-03 
8.99197E-05 9.72407E-03 
8.02578E-05 9.73404E-03 
6.88638E-05 9.74530E-03 
4.47627E-03 3.67539E-03 
3.29758E-03 5.36770E-03 
2.19895E-03 7.10646E-03 
1.22722E-03 8.81153E-03 
4.16042E-04 1.04128E-02 
-1.94152E-04 1.18324E-02 
-5.88159E-04 1.30178E-02 
-7.52704E-04 1.37616E-02 
-7.80212E-04 1.39510E-02 
-8.06959E-04 1.46934E-02 
-7.11910E-04 1.52107E-02 
-5.59454E-04 1.55623E-02 
-3.97288E-04 1.58000E-02 
-2.52262E-04 1.59610E-02 
-1.36150E-04 1.60708E-02 
-5.15533E-05 1.61465E-02 
4.91929E-06 1.61993E-02 
3.86021E-05 1.62369E-02 
5.52963E-05 1.62645E-02 
6.04039E-05 1.62856E-02 
5.84756E-05 1.63021E-02 
5.31084E-05 1.63151E-02 
4.69645E-05 1.63250E-02 
4.12551E-05 1.63323E-02 
3.52891E-05 1.63388E-02 
2.85333E-05 1.63457E-02 
1.78210E-03 1.03313E-02 
8.41548E-04 1.20294E-02 
-8.68674E-06 1.37513E-02 
-7.23619E-04 1.54148E-02 
-1.27098E-03 1.69480E-02 
-1.61690E-03 1.82767E-02 
-1.75576E-03 1.93568E-02 
-1.73633E-03 2.00162E-02 
-1.71309E-03 2.01814E-02 
-1.52122E-03 2.08162E-02 
-1.25032E-03 2.12460E-02 
-9.64344E-04 2.15329E-02 
-7.04229E-04 2.17252E-02 
-4.88196E-04 2.18543E-02 
-3.19154E-04 2.19395E-02 
-1.94451E-04 2.19950E-02 
-1.07439E-04 2.20308E-02 
-5.05794E-05 2.20541E-02 
-1.63487E-05 2.20698E-02 
2.06333E-06 2.20810E-02 
1.02779E-05 2.20893E-02 
1.25582E-05 2.20958E-02 
1.18300E-05 2.21008E-02 
9.66123E-06 2.21050E-02 
6.59865E-06 2.21088E-02 
3.23293E-06 2.21125E-02 
6.11678E-04 -2.06847E-03 
-2.75444E-04 -3.73498E-04 
-1.04946E-03 1.32250E-03 
-1.66655E-03 2.93572E-03 
-2.09602E-03 4.39362E-03 
-2.31107E-03 5.62711E-03 
-2.31656E-03 6.60146E-03 
-2.19983E-03 7.17972E-03 
-2.14998E-03 7.32220E-03 
-1.84675E-03 7.86028E-03 
-1.49353E-03 8.21692E-03 
-1.15198E-03 8.45397E-03 
-8.54838E-04 8.61288E-03 
-6.12023E-04 8.71752E-03 
-4.20336E-04 8.78139E-03 
-2.75761E-04 8.81785E-03 
-1.71911E-04 8.83723E-03 
-1.01484E-04 8.84718E-03 
-5.66924E-05 8.85246E-03 
-3.01780E-05 8.85562E-03 
-1.57707E-05 8.85788E-03 
-8.82439E-06 8.85976E-03 
-6.23235E-06 8.86155E-03 
-6.19074E-06 8.86353E-03 
-7.47329E-06 8.86569E-03 
-8.90129E-06 8.86746E-03 
---
