PdfType: replica
Format: lhagrid1
---
1.00000E-06 1.28121E-06 1.64152E-06 2.10317E-06 2.69463E-06 3.45242E-06 4.42329E-06 5.66715E-06 7.26076E-06 9.30241E-06 1.19180E-05 1.52689E-05 1.95617E-05 2.50609E-05 3.21053E-05 4.11287E-05 5.26863E-05 6.74889E-05 8.64459E-05 1.10720E-04 1.41800E-04 1.81585E-04 2.32503E-04 2.97652E-04 3.80981E-04 4.87518E-04 6.26039E-04 8.00452E-04 1.02297E-03 1.30657E-03 1.66759E-03 2.12729E-03 2.71054E-03 3.44865E-03 4.37927E-03 5.54908E-03 7.01192E-03 8.83064E-03 1.10763E-02 1.38266E-02 1.71641E-02 2.11717E-02 2.59364E-02 3.15062E-02 3.79623E-02 4.53425E-02 5.36750E-02 6.29705E-02 7.32221E-02 8.44039E-02 9.64793E-02 1.09332E-01 1.23067E-01 1.37507E-01 1.52639E-01 1.68416E-01 1.84794E-01 2.01731E-01 2.19016E-01 2.36948E-01 2.55242E-01 2.73927E-01 2.92954E-01 3.12340E-01 3.32036E-01 3.52019E-01 3.72282E-01 3.92772E-01 4.13533E-01 4.34326E-01 4.55495E-01 4.76836E-01 4.98342E-01 5.20006E-01 5.41818E-01 5.63773E-01 5.85861E-01 6.08077E-01 6.30459E-01 6.52800E-01 6.75387E-01 6.98063E-01 7.20830E-01 7.43683E-01 7.66623E-01 7.89636E-01 8.12791E-01 8.35940E-01 8.59175E-01 8.82485E-01 9.05866E-01 9.29311E-01 9.52817E-01 9.76387E-01 1.00000E+00 
1.14018E+00 1.22539E+00 1.32482E+00 1.44156E+00 1.57954E+00 1.74381E+00 1.94091E+00 2.12132E+00 2.17945E+00 2.49622E+00 2.89383E+00 3.39925E+00 4.05063E+00 4.90286E+00 6.03623E+00 7.57063E+00 9.68869E+00 1.26749E+01 1.69835E+01 2.33578E+01 3.30501E+01 4.82334E+01 7.28041E+01 1.13998E+02 1.85779E+02 3.16228E+02 
908 909 
-1.67511E-05 1.61378E-05 
-1.70374E-05 1.64334E-05 
-1.72053E-05 1.57096E-05 
-1.80345E-05 1.54751E-05 
-1.90068E-05 1.51310E-05 
-2.01564E-05 1.46405E-05 
-2.15294E-05 1.39607E-05 
-2.27827E-05 1.32740E-05 
-2.31860E-05 1.30428E-05 
-2.53789E-05 1.17233E-05 
-2.81125E-05 9.98859E-06 
-3.15375E-05 7.75785E-06 
-3.58377E-05 4.94597E-06 
-4.30005E-05 1.37468E-06 
-5.16387E-05 -3.19365E-06 
-6.21394E-05 -8.58835E-06 
-7.48703E-05 -1.49118E-05 
-9.02686E-05 -2.22739E-05 
-1.08877E-04 -3.08071E-05 
-1.31465E-04 -4.07258E-05 
-1.59506E-04 -5.25711E-05 
-1.96905E-04 -6.80740E-05 
-2.54134E-04 -9.20559E-05 
-3.47699E-04 -1.31452E-04 
-4.77309E-04 -1.83739E-04 
-6.17317E-04 -2.34860E-04 
-1.70985E-05 2.11615E-05 
-1.71092E-05 2.12247E-05 
-1.71030E-05 2.00947E-05 
-1.77759E-05 1.96142E-05 
-1.86149E-05 1.90190E-05 
-1.96598E-05 1.82687E-05 
-2.09641E-05 1.73166E-05 
-2.21946E-05 1.64083E-05 
-2.25969E-05 1.61101E-05 
-2.48265E-05 1.44576E-05 
-2.76766E-05 1.23634E-05 
-3.13158E-05 9.74418E-06 
-3.59475E-05 6.51340E-06 
-4.37046E-05 2.60768E-06 
-5.30974E-05 -2.39375E-06 
-6.45374E-05 -8.24470E-06 
-7.84198E-05 -1.50451E-05 
-9.52122E-05 -2.29012E-05 
-1.15494E-04 -3.19408E-05 
-1.40088E-04 -4.23786E-05 
-1.70582E-04 -5.47777E-05 
-2.11217E-04 -7.09749E-05 
-2.73394E-04 -9.60968E-05 
-3.75012E-04 -1.37447E-04 
-5.15495E-04 -1.92116E-04 
-6.66644E-04 -2.44985E-04 
-1.41558E-05 2.38359E-05 
-1.40150E-05 2.37421E-05 
-1.40292E-05 2.23133E-05 
-1.46698E-05 2.16580E-05 
-1.55018E-05 2.08847E-05 
-1.65715E-05 1.99487E-05 
-1.79405E-05 1.87992E-05 
-1.92543E-05 1.77277E-05 
-1.96874E-05 1.73798E-05 
-2.21087E-05 1.54766E-05 
-2.52380E-05 1.31066E-05 
-2.92626E-05 1.01844E-05 
-3.44070E-05 6.62274E-06 
-4.29432E-05 2.49873E-06 
-5.32898E-05 -2.83136E-06 
-6.58789E-05 -9.02838E-06 
-8.11337E-05 -1.61887E-05 
-9.95529E-05 -2.44133E-05 
-1.21752E-04 -3.38242E-05 
-1.48609E-04 -4.46349E-05 
-1.81832E-04 -5.74315E-05 
-2.26017E-04 -7.41625E-05 
-2.93556E-04 -1.00274E-04 
-4.03839E-04 -1.43434E-04 
-5.55960E-04 -2.00287E-04 
-7.18963E-04 -2.54591E-04 
-9.15104E-06 2.48944E-05 
-8.97290E-06 2.47293E-05 
-9.16881E-06 2.31016E-05 
-9.89029E-06 2.23515E-05 
-1.08299E-05 2.14802E-05 
-1.20410E-05 2.04389E-05 
-1.35939E-05 1.91723E-05 
-1.50861E-05 1.79998E-05 
-1.55781E-05 1.76204E-05 
-1.83293E-05 1.55533E-05 
-2.18827E-05 1.29950E-05 
-2.64457E-05 9.85869E-06 
-3.22647E-05 6.05744E-06 
-4.17393E-05 1.83512E-06 
-5.32165E-05 -3.71472E-06 
-6.71413E-05 -1.01429E-05 
-8.39651E-05 -1.75407E-05 
-1.04218E-04 -2.60021E-05 
-1.28552E-04 -3.56417E-05 
-1.57901E-04 -4.66697E-05 
-1.94098E-04 -5.96948E-05 
-2.42124E-04 -7.67794E-05 
-3.15434E-04 -1.03693E-04 
-4.35013E-04 -1.48459E-04 
-5.99560E-04 -2.07218E-04 
-7.75112E-04 -2.62569E-04 
-3.19985E-06 2.51526E-05 
-3.07681E-06 2.50017E-05 
-3.57548E-06 2.32575E-05 
-4.47077E-06 2.24917E-05 
-5.61127E-06 2.16016E-05 
-7.05846E-06 2.05333E-05 
-8.89247E-06 1.92276E-05 
-1.06404E-05 1.80139E-05 
-1.12145E-05 1.76205E-05 
-1.44091E-05 1.54730E-05 
-1.85069E-05 1.28105E-05 
-2.37366E-05 9.54600E-06 
-3.03675E-05 5.59416E-06 
-4.09093E-05 1.39284E-06 
-5.36669E-05 -4.26792E-06 
-6.90859E-05 -1.08115E-05 
-8.76465E-05 -1.83224E-05 
-1.09910E-04 -2.68856E-05 
-1.36566E-04 -3.66055E-05 
-1.68604E-04 -4.76873E-05 
-2.07991E-04 -6.07599E-05 
-2.60120E-04 -7.79987E-05 
-3.39597E-04 -1.05493E-04 
-4.69104E-04 -1.51594E-04 
-6.46867E-04 -2.11900E-04 
-8.35634E-04 -2.67835E-04 
2.81449E-06 2.53941E-05 
2.81629E-06 2.53372E-05 
1.93304E-06 2.35374E-05 
7.95030E-07 2.28304E-05 
-6.15423E-07 2.19949E-05 
-2.36888E-06 2.09724E-05 
-4.55654E-06 1.96994E-05 
-6.61878E-06 1.85000E-05 
-7.29259E-06 1.81087E-05 
-1.10182E-05 1.59581E-05 
-1.57551E-05 1.32701E-05 
-2.17543E-05 9.95871E-06 
-2.93092E-05 5.94182E-06 
-4.10171E-05 1.88027E-06 
-5.51778E-05 -3.78278E-06 
-7.22222E-05 -1.03249E-05 
-9.26592E-05 -1.78215E-05 
-1.17081E-04 -2.63462E-05 
-1.46215E-04 -3.59909E-05 
-1.81109E-04 -4.69523E-05 
-2.23870E-04 -5.98764E-05 
-2.80335E-04 -7.70465E-05 
-3.66353E-04 -1.04859E-04 
-5.06418E-04 -1.51959E-04 
-6.98172E-04 -2.13364E-04 
-9.00779E-04 -2.69338E-04 
8.28582E-06 2.63087E-05 
8.12670E-06 2.64178E-05 
6.81010E-06 2.46028E-05 
5.38401E-06 2.40230E-05 
3.65814E-06 2.33097E-05 
1.55158E-06 2.23996E-05 
-1.03932E-06 2.12253E-05 
-3.45697E-06 2.00911E-05 
-4.24303E-06 1.97170E-05 
-8.56360E-06 1.76354E-05 
-1.40111E-05 1.49965E-05 
-2.08603E-05 1.17169E-05 
-2.94297E-05 7.71962E-06 
-4.23756E-05 3.91950E-06 
-5.80378E-05 -1.63424E-06 
-7.68140E-05 -8.05302E-06 
-9.92419E-05 -1.54010E-05 
-1.25945E-04 -2.37375E-05 
-1.57686E-04 -3.31385E-05 
-1.95572E-04 -4.37891E-05 
-2.41861E-04 -5.63477E-05 
-3.02867E-04 -7.31975E-05 
-3.95775E-04 -1.01020E-04 
-5.47005E-04 -1.48709E-04 
-7.53501E-04 -2.10670E-04 
-9.70515E-04 -2.66047E-04 
1.28819E-05 2.84688E-05 
1.25458E-05 2.88092E-05 
1.07715E-05 2.70030E-05 
9.03256E-06 2.66148E-05 
6.96617E-06 2.60869E-05 
4.47954E-06 2.53517E-05 
1.45510E-06 2.43386E-05 
-1.34461E-06 2.33186E-05 
-2.25135E-06 2.29760E-05 
-7.21157E-06 2.10342E-05 
-1.34229E-05 1.85189E-05 
-2.11850E-05 1.53517E-05 
-3.08417E-05 1.14627E-05 
-4.50754E-05 8.05439E-06 
-6.23173E-05 2.72990E-06 
-8.29111E-05 -3.43314E-06 
-1.07423E-04 -1.04847E-05 
-1.36505E-04 -1.84667E-05 
-1.70958E-04 -2.74362E-05 
-2.11948E-04 -3.75621E-05 
-2.61890E-04 -4.95096E-05 
-3.27612E-04 -6.57504E-05 
-4.27731E-04 -9.32201E-05 
-5.90705E-04 -1.41006E-04 
-8.12650E-04 -2.02875E-04 
-1.04457E-03 -2.56916E-04 
1.65105E-05 3.23343E-05 
1.60011E-05 3.29674E-05 
1.37593E-05 3.11836E-05 
1.16995E-05 3.10504E-05 
9.28352E-06 3.07707E-05 
6.40527E-06 3.02731E-05 
2.93165E-06 2.94846E-05 
-2.66031E-07 2.86291E-05 
-1.29882E-06 2.83331E-05 
-6.92939E-06 2.66053E-05 
-1.39446E-05 2.42942E-05 
-2.26697E-05 2.13281E-05 
-3.34744E-05 1.76470E-05 
-4.90274E-05 1.47768E-05 
-6.79108E-05 9.81662E-06 
-9.03909E-05 4.05965E-06 
-1.17061E-04 -2.52686E-06 
-1.48603E-04 -9.96415E-06 
-1.85851E-04 -1.82861E-05 
-2.30031E-04 -2.76412E-05 
-2.83722E-04 -3.86948E-05 
-3.54303E-04 -5.39917E-05 
-4.61921E-04 -8.06831E-05 
-6.37179E-04 -1.27978E-04 
-8.75225E-04 -1.88988E-04 
-1.12248E-03 -2.40839E-04 
1.92712E-05 3.82756E-05 
1.86068E-05 3.92631E-05 
1.58935E-05 3.75127E-05 
1.35169E-05 3.77016E-05 
1.07541E-05 3.77371E-05 
7.48362E-06 3.75447E-05 
3.55518E-06 3.70506E-05 
-4.91584E-08 3.64159E-05 
-1.21136E-06 3.61835E-05 
-7.53388E-06 3.47547E-05 
-1.53845E-05 3.27410E-05 
-2.51146E-05 3.00804E-05 
-3.71198E-05 2.67254E-05 
-5.40084E-05 2.45635E-05 
-7.45820E-05 2.01256E-05 
-9.90026E-05 1.49509E-05 
-1.27890E-04 9.02719E-06 
-1.61953E-04 2.35777E-06 
-2.02057E-04 -5.06405E-06 
-2.49488E-04 -1.33614E-05 
-3.06998E-04 -2.31915E-05 
-3.82547E-04 -3.71541E-05 
-4.97910E-04 -6.25661E-05 
-6.85942E-04 -1.08675E-04 
-9.40667E-04 -1.67926E-04 
-1.20357E-03 -2.16601E-04 
2.14020E-05 4.66083E-05 
2.06116E-05 4.80173E-05 
1.74207E-05 4.63166E-05 
1.47401E-05 4.69040E-05 
1.16409E-05 4.73316E-05 
7.98443E-06 4.75232E-05 
3.60168E-06 4.74057E-05 
-4.13816E-07 4.70590E-05 
-1.70763E-06 4.69107E-05 
-8.73855E-06 4.58836E-05 
-1.74513E-05 4.42816E-05 
-2.82237E-05 4.20547E-05 
-4.14762E-05 3.91708E-05 
-5.97033E-05 3.79201E-05 
-8.20037E-05 3.41932E-05 
-1.08406E-04 2.98109E-05 
-1.39553E-04 2.47854E-05 
-1.76179E-04 1.91485E-05 
-2.19178E-04 1.29249E-05 
-2.69895E-04 6.02248E-06 
-3.31259E-04 -2.19885E-06 
-4.11846E-04 -1.43708E-05 
-5.35155E-04 -3.79159E-05 
-7.36385E-04 -8.20211E-05 
-1.00828E-03 -1.38459E-04 
-1.28704E-03 -1.82826E-04 
2.32307E-05 5.76349E-05 
2.23506E-05 5.95428E-05 
1.86670E-05 5.79224E-05 
1.57008E-05 5.89995E-05 
1.22805E-05 5.99120E-05 
8.24850E-06 6.05841E-05 
3.41525E-06 6.09449E-05 
-1.01375E-06 6.09699E-05 
-2.44080E-06 6.09310E-05 
-1.01940E-05 6.04344E-05 
-1.97929E-05 5.93871E-05 
-3.16414E-05 5.77545E-05 
-4.61839E-05 5.55226E-05 
-6.57381E-05 5.54266E-05 
-8.97894E-05 5.26383E-05 
-1.18198E-04 4.93011E-05 
-1.51631E-04 4.54555E-05 
-1.90840E-04 4.11656E-05 
-2.36748E-04 3.64926E-05 
-2.90753E-04 3.13813E-05 
-3.55968E-04 2.52190E-05 
-4.41618E-04 1.53694E-05 
-5.73013E-04 -5.62198E-06 
-7.87788E-04 -4.67646E-05 
-1.07723E-03 -9.91643E-05 
-1.37193E-03 -1.37929E-04 
2.51332E-05 7.16861E-05 
2.42044E-05 7.41866E-05 
2.00000E-05 7.27008E-05 
1.67708E-05 7.43799E-05 
1.30479E-05 7.58928E-05 
8.65312E-06 7.71657E-05 
3.37506E-06 7.81329E-05 
-1.46851E-06 7.86354E-05 
-3.03007E-06 7.87382E-05 
-1.15175E-05 7.89350E-05 
-2.20244E-05 7.86229E-05 
-3.49790E-05 7.77860E-05 
-5.08482E-05 7.64313E-05 
-7.17011E-05 7.77830E-05 
-9.75121E-05 7.62076E-05 
-1.27936E-04 7.42185E-05 
-1.63656E-04 7.18884E-05 
-2.05444E-04 6.93185E-05 
-2.54241E-04 6.66110E-05 
-3.11498E-04 6.37538E-05 
-3.80513E-04 6.01742E-05 
-4.71192E-04 5.32637E-05 
-6.10743E-04 3.56247E-05 
-8.39311E-04 -1.43818E-06 
-1.14655E-03 -4.83824E-05 
-1.45708E-03 -8.00720E-05 
2.75036E-05 8.91642E-05 
2.65711E-05 9.23730E-05 
2.18017E-05 9.11094E-05 
1.83354E-05 9.35302E-05 
1.43314E-05 9.57879E-05 
9.58903E-06 9.78136E-05 
3.87393E-06 9.95488E-05 
-1.38370E-06 1.00662E-04 
-3.08053E-06 1.00948E-04 
-1.23114E-05 1.02043E-04 
-2.37434E-05 1.02693E-04 
-3.78281E-05 1.02903E-04 
-5.50516E-05 1.02703E-04 
-7.71523E-05 1.05853E-04 
-1.04712E-04 1.05819E-04 
-1.37133E-04 1.05539E-04 
-1.75116E-04 1.05122E-04 
-2.19442E-04 1.04710E-04 
-2.71067E-04 1.04453E-04 
-3.31489E-04 1.04388E-04 
-4.04197E-04 1.03995E-04 
-4.99801E-04 1.00734E-04 
-6.47488E-04 8.73705E-05 
-8.89975E-04 5.56820E-05 
-1.21509E-03 1.58246E-05 
-1.54116E-03 -7.12394E-06 
3.07363E-05 1.10584E-04 
2.98492E-05 1.14644E-04 
2.44528E-05 1.13735E-04 
2.07802E-05 1.17072E-04 
1.65206E-05 1.20255E-04 
1.14495E-05 1.23223E-04 
5.30889E-06 1.25929E-04 
-3.58957E-07 1.27822E-04 
-2.19074E-06 1.28340E-04 
-1.21680E-05 1.30591E-04 
-2.45345E-05 1.32483E-04 
-3.97619E-05 1.34049E-04 
-5.83522E-05 1.35344E-04 
-8.16201E-05 1.40705E-04 
-1.10888E-04 1.42603E-04 
-1.45260E-04 1.44457E-04 
-1.85441E-04 1.46420E-04 
-2.32219E-04 1.48678E-04 
-2.86558E-04 1.51432E-04 
-3.49999E-04 1.54778E-04 
-4.26219E-04 1.58265E-04 
-5.26558E-04 1.59466E-04 
-6.82252E-04 1.51437E-04 
-9.38636E-04 1.26614E-04 
-1.28151E-03 9.57096E-05 
-1.62261E-03 8.33754E-05 
3.52195E-05 1.36611E-04 
3.44324E-05 1.41700E-04 
2.83294E-05 1.41336E-04 
2.44882E-05 1.45802E-04 
2.00052E-05 1.50134E-04 
1.46310E-05 1.54281E-04 
8.08366E-06 1.58210E-04 
2.01580E-06 1.61088E-04 
5.14270E-08 1.61903E-04 
-1.06642E-05 1.65625E-04 
-2.39600E-05 1.69104E-04 
-4.03245E-05 1.72400E-04 
-6.02708E-05 1.75599E-04 
-8.45850E-05 1.83657E-04 
-1.15486E-04 1.87943E-04 
-1.51715E-04 1.92430E-04 
-1.93981E-04 1.97313E-04 
-2.43069E-04 2.02831E-04 
-2.99943E-04 2.09241E-04 
-3.66177E-04 2.16702E-04 
-4.45637E-04 2.24854E-04 
-5.50415E-04 2.31438E-04 
-7.13855E-04 2.29950E-04 
-9.83937E-04 2.13699E-04 
-1.34421E-03 1.93871E-04 
-1.69954E-03 1.94243E-04 
4.13398E-05 1.68098E-04 
4.07156E-05 1.74434E-04 
3.38094E-05 1.74876E-04 
2.98484E-05 1.80735E-04 
2.51849E-05 1.86490E-04 
1.95444E-05 1.92106E-04 
1.26217E-05 1.97566E-04 
6.17492E-06 2.01684E-04 
4.08376E-06 2.02871E-04 
-7.34352E-06 2.08447E-04 
-2.15408E-05 2.13928E-04 
-3.90088E-05 2.19403E-04 
-6.02666E-05 2.24991E-04 
-8.54537E-05 2.36310E-04 
-1.17863E-04 2.43514E-04 
-1.55802E-04 2.51206E-04 
-1.99975E-04 2.59631E-04 
-2.51157E-04 2.69082E-04 
-3.10302E-04 2.79877E-04 
-3.79009E-04 2.92250E-04 
-4.61330E-04 3.05949E-04 
-5.70123E-04 3.18951E-04 
-7.40889E-04 3.25369E-04 
-1.02425E-03 3.19630E-04 
-1.40129E-03 3.13276E-04 
-1.76975E-03 3.28673E-04 
4.94965E-05 2.06124E-04 
4.91103E-05 2.13972E-04 
4.12889E-05 2.15574E-04 
3.72731E-05 2.23142E-04 
3.24885E-05 2.30653E-04 
2.66363E-05 2.38089E-04 
1.93888E-05 2.45453E-04 
1.26013E-05 2.51116E-04 
1.03945E-05 2.52769E-04 
-1.68960E-06 2.60657E-04 
-1.67271E-05 2.68634E-04 
-3.52251E-05 2.76818E-04 
-5.77025E-05 2.85363E-04 
-8.35217E-05 3.00585E-04 
-1.17250E-04 3.11316E-04 
-1.56681E-04 3.22868E-04 
-2.02505E-04 3.35540E-04 
-2.55475E-04 3.49684E-04 
-3.16526E-04 3.65684E-04 
-3.87271E-04 3.83857E-04 
-4.71941E-04 4.04085E-04 
-5.84171E-04 4.24655E-04 
-7.61649E-04 4.40509E-04 
-1.05761E-03 4.47471E-04 
-1.45044E-03 4.57281E-04 
-1.83054E-03 4.90253E-04 
6.01239E-05 2.52027E-04 
6.00672E-05 2.61708E-04 
5.12064E-05 2.64936E-04 
4.72235E-05 2.74595E-04 
4.24013E-05 2.84261E-04 
3.64175E-05 2.93937E-04 
2.89246E-05 3.03650E-04 
2.18590E-05 3.11221E-04 
1.95555E-05 3.13448E-04 
6.90971E-06 3.24193E-04 
-8.85967E-06 3.35244E-04 
-2.82597E-05 3.46755E-04 
-5.18017E-05 3.58912E-04 
-7.79272E-05 3.78766E-04 
-1.12708E-04 3.93712E-04 
-1.53323E-04 4.09862E-04 
-2.00442E-04 4.27571E-04 
-2.54784E-04 4.47256E-04 
-3.17251E-04 4.69371E-04 
-3.89460E-04 4.94325E-04 
-4.75812E-04 5.22159E-04 
-5.90720E-04 5.51567E-04 
-7.74069E-04 5.78558E-04 
-1.08163E-03 6.00673E-04 
-1.48889E-03 6.29641E-04 
-1.87872E-03 6.82968E-04 
7.37187E-05 3.07447E-04 
7.41060E-05 3.19346E-04 
6.40725E-05 3.24808E-04 
6.02421E-05 3.37010E-04 
5.54989E-05 3.49304E-04 
4.94997E-05 3.61717E-04 
4.18807E-05 3.74304E-04 
3.46341E-05 3.84209E-04 
3.22632E-05 3.87139E-04 
1.92060E-05 4.01372E-04 
2.87613E-06 4.16167E-04 
-1.72259E-05 4.31712E-04 
-4.15956E-05 4.48228E-04 
-6.75964E-05 4.73527E-04 
-1.03063E-04 4.93459E-04 
-1.44449E-04 5.15028E-04 
-1.92386E-04 5.38652E-04 
-2.47550E-04 5.64812E-04 
-3.10798E-04 5.94038E-04 
-3.83732E-04 6.26842E-04 
-4.70914E-04 6.63456E-04 
-5.87527E-04 7.03082E-04 
-7.75637E-04 7.43083E-04 
-1.09345E-03 7.83073E-04 
-1.51330E-03 8.34506E-04 
-1.91046E-03 9.11187E-04 
9.08761E-05 3.74375E-04 
9.18516E-05 3.88951E-04 
8.05090E-05 3.97427E-04 
7.69926E-05 4.12702E-04 
7.24899E-05 4.28179E-04 
6.66405E-05 4.43912E-04 
5.90685E-05 4.59983E-04 
5.17838E-05 4.72715E-04 
4.93894E-05 4.76496E-04 
3.61439E-05 4.94944E-04 
1.95072E-05 5.14247E-04 
-1.00409E-06 5.34628E-04 
-2.58613E-05 5.56343E-04 
-5.11783E-05 5.87983E-04 
-8.68468E-05 6.13752E-04 
-1.28457E-04 6.41644E-04 
-1.76593E-04 6.72142E-04 
-2.31872E-04 7.05793E-04 
-2.95089E-04 7.43210E-04 
-3.67818E-04 7.85014E-04 
-4.54764E-04 8.31667E-04 
-5.71862E-04 8.82997E-04 
-7.63308E-04 9.38049E-04 
-1.08958E-03 9.98911E-04 
-1.51964E-03 1.07643E-03 
-1.92116E-03 1.17966E-03 
1.12325E-04 4.55189E-04 
1.14071E-04 4.72985E-04 
1.01288E-04 4.85472E-04 
9.83028E-05 5.04436E-04 
9.42614E-05 5.23737E-04 
8.87912E-05 5.43461E-04 
8.15106E-05 5.63717E-04 
7.43908E-05 5.79840E-04 
7.20350E-05 5.84639E-04 
5.89187E-05 6.08126E-04 
4.23340E-05 6.32795E-04 
2.18227E-05 6.58906E-04 
-3.05341E-06 6.86747E-04 
-2.69732E-05 7.25698E-04 
-6.22157E-05 7.58230E-04 
-1.03348E-04 7.93425E-04 
-1.50894E-04 8.31830E-04 
-2.05394E-04 8.74063E-04 
-2.67566E-04 9.20819E-04 
-3.38938E-04 9.72842E-04 
-4.24334E-04 1.03086E-03 
-5.40410E-04 1.09547E-03 
-7.33402E-04 1.16777E-03 
-1.06584E-03 1.25277E-03 
-1.50310E-03 1.36028E-03 
-1.90539E-03 1.49343E-03 
1.38975E-04 5.52730E-04 
1.41724E-04 5.74385E-04 
1.27386E-04 5.92134E-04 
1.25220E-04 6.15494E-04 
1.21937E-04 6.39355E-04 
1.17160E-04 6.63831E-04 
1.10506E-04 6.89065E-04 
1.03832E-04 7.09212E-04 
1.01600E-04 7.15218E-04 
8.90504E-05 7.44660E-04 
7.30081E-05 7.75644E-04 
5.30498E-05 8.08464E-04 
2.87802E-05 8.43441E-04 
7.15439E-06 8.90735E-04 
-2.68651E-05 9.31022E-04 
-6.66349E-05 9.74564E-04 
-1.12601E-04 1.02197E-03 
-1.65213E-04 1.07393E-03 
-2.25092E-04 1.13123E-03 
-2.93697E-04 1.19474E-03 
-3.75945E-04 1.26549E-03 
-4.89162E-04 1.34503E-03 
-6.81490E-04 1.43690E-03 
-1.01723E-03 1.54955E-03 
-1.45796E-03 1.69124E-03 
-1.85667E-03 1.85779E-03 
1.71961E-04 6.70354E-04 
1.76008E-04 6.96612E-04 
1.60036E-04 7.21187E-04 
1.59070E-04 7.49742E-04 
1.56944E-04 7.78988E-04 
1.53279E-04 8.09072E-04 
1.47706E-04 8.40163E-04 
1.41854E-04 8.65032E-04 
1.39863E-04 8.72452E-04 
1.28465E-04 9.08852E-04 
1.13618E-04 9.47180E-04 
9.49412E-05 9.87762E-04 
7.20916E-05 1.03095E-03 
5.38727E-05 1.08766E-03 
2.20719E-05 1.13675E-03 
-1.52360E-05 1.18972E-03 
-5.84029E-05 1.24727E-03 
-1.07769E-04 1.31015E-03 
-1.63835E-04 1.37921E-03 
-2.27970E-04 1.45549E-03 
-3.05151E-04 1.54037E-03 
-4.13300E-04 1.63650E-03 
-6.02274E-04 1.75038E-03 
-9.37763E-04 1.89440E-03 
-1.37741E-03 2.07468E-03 
-1.76742E-03 2.27816E-03 
2.12707E-04 8.12009E-04 
2.18427E-04 8.43730E-04 
2.00804E-04 8.77057E-04 
2.01535E-04 9.11694E-04 
2.01087E-04 9.47239E-04 
1.99092E-04 9.83865E-04 
1.95199E-04 1.02177E-03 
1.90669E-04 1.05212E-03 
1.89070E-04 1.06117E-03 
1.79595E-04 1.10560E-03 
1.66792E-04 1.15237E-03 
1.50336E-04 1.20181E-03 
1.29943E-04 1.25433E-03 
1.16496E-04 1.32154E-03 
8.81405E-05 1.38049E-03 
5.46411E-05 1.44402E-03 
1.57585E-05 1.51285E-03 
-2.87171E-05 1.58783E-03 
-7.91470E-05 1.66988E-03 
-1.36780E-04 1.76019E-03 
-2.06609E-04 1.86055E-03 
-3.07060E-04 1.97493E-03 
-4.89440E-04 2.11329E-03 
-8.20370E-04 2.29257E-03 
-1.25344E-03 2.51600E-03 
-1.62871E-03 2.75988E-03 
2.62986E-04 9.82304E-04 
2.70856E-04 1.02047E-03 
2.51669E-04 1.06489E-03 
2.54742E-04 1.10658E-03 
2.56653E-04 1.14941E-03 
2.57055E-04 1.19358E-03 
2.55622E-04 1.23931E-03 
2.53062E-04 1.27592E-03 
2.52053E-04 1.28685E-03 
2.45494E-04 1.34042E-03 
2.35822E-04 1.39674E-03 
2.22775E-04 1.45618E-03 
2.06139E-04 1.51916E-03 
1.99118E-04 1.59792E-03 
1.75700E-04 1.66779E-03 
1.47638E-04 1.74296E-03 
1.14827E-04 1.82420E-03 
7.72076E-05 1.91242E-03 
3.45840E-05 2.00862E-03 
-1.41418E-05 2.11414E-03 
-7.39300E-05 2.23125E-03 
-1.63580E-04 2.36543E-03 
-3.35512E-04 2.53074E-03 
-6.56705E-04 2.74924E-03 
-1.07665E-03 3.02043E-03 
-1.43015E-03 3.30799E-03 
3.26075E-04 1.19005E-03 
3.36754E-04 1.23589E-03 
3.16231E-04 1.29446E-03 
3.22533E-04 1.34434E-03 
3.27740E-04 1.39562E-03 
3.31536E-04 1.44851E-03 
3.33634E-04 1.50326E-03 
3.33925E-04 1.54706E-03 
3.33772E-04 1.56012E-03 
3.31465E-04 1.62412E-03 
3.26372E-04 1.69127E-03 
3.18304E-04 1.76199E-03 
3.07124E-04 1.83671E-03 
3.08663E-04 1.92817E-03 
2.92096E-04 2.01016E-03 
2.71554E-04 2.09819E-03 
2.47087E-04 2.19309E-03 
2.18814E-04 2.29582E-03 
1.86734E-04 2.40744E-03 
1.49937E-04 2.52946E-03 
1.03562E-04 2.66470E-03 
2.85921E-05 2.82042E-03 
-1.28075E-04 3.01548E-03 
-4.33074E-04 3.27782E-03 
-8.31767E-04 3.60213E-03 
-1.15486E-03 3.93706E-03 
4.02802E-04 1.43500E-03 
4.17032E-04 1.48960E-03 
3.95686E-04 1.56544E-03 
4.06238E-04 1.62443E-03 
4.15824E-04 1.68505E-03 
4.24167E-04 1.74755E-03 
4.31026E-04 1.81219E-03 
4.35180E-04 1.86384E-03 
4.36190E-04 1.87923E-03 
4.39658E-04 1.95456E-03 
4.40781E-04 2.03342E-03 
4.39445E-04 2.11625E-03 
4.35600E-04 2.20352E-03 
4.47944E-04 2.30827E-03 
4.40272E-04 2.40308E-03 
4.29459E-04 2.50466E-03 
4.15732E-04 2.61390E-03 
3.99409E-04 2.73176E-03 
3.80711E-04 2.85939E-03 
3.58951E-04 2.99844E-03 
3.29438E-04 3.15232E-03 
2.73149E-04 3.33036E-03 
1.36859E-04 3.55680E-03 
-1.44889E-04 3.86605E-03 
-5.13551E-04 4.24690E-03 
-7.97340E-04 4.63081E-03 
4.97498E-04 1.72706E-03 
5.16279E-04 1.79171E-03 
4.94950E-04 1.88863E-03 
5.11103E-04 1.95771E-03 
5.26493E-04 2.02865E-03 
5.40893E-04 2.10170E-03 
5.54114E-04 2.17713E-03 
5.63436E-04 2.23732E-03 
5.66002E-04 2.25524E-03 
5.77190E-04 2.34280E-03 
5.86598E-04 2.43425E-03 
5.94197E-04 2.53003E-03 
6.00026E-04 2.63066E-03 
6.25946E-04 2.74922E-03 
6.29681E-04 2.85751E-03 
6.31303E-04 2.97331E-03 
6.31239E-04 3.09750E-03 
6.30035E-04 3.23107E-03 
6.28159E-04 3.37520E-03 
6.25194E-04 3.53170E-03 
6.16706E-04 3.70464E-03 
5.83916E-04 3.90566E-03 
4.74151E-04 4.16514E-03 
2.24118E-04 4.52463E-03 
-1.04026E-04 4.96569E-03 
-3.37982E-04 5.40011E-03 
6.14460E-04 2.07392E-03 
6.39070E-04 2.14992E-03 
6.19102E-04 2.27221E-03 
6.42551E-04 2.35221E-03 
6.65528E-04 2.43427E-03 
6.87862E-04 2.51863E-03 
7.09422E-04 2.60559E-03 
7.25511E-04 2.67483E-03 
7.30112E-04 2.69542E-03 
7.51382E-04 2.79590E-03 
7.71565E-04 2.90055E-03 
7.90719E-04 3.00986E-03 
8.08984E-04 3.12437E-03 
8.51698E-04 3.25685E-03 
8.69759E-04 3.37901E-03 
8.86947E-04 3.50935E-03 
9.03914E-04 3.64876E-03 
9.21460E-04 3.79821E-03 
9.40337E-04 3.95888E-03 
9.60438E-04 4.13275E-03 
9.77694E-04 4.32458E-03 
9.73871E-04 4.54864E-03 
8.97671E-04 4.84220E-03 
6.89126E-04 5.25460E-03 
4.13529E-04 5.75870E-03 
2.41228E-04 6.24399E-03 
7.59086E-04 2.48389E-03 
7.91156E-04 2.57248E-03 
7.74590E-04 2.72477E-03 
8.07443E-04 2.81628E-03 
8.40211E-04 2.90998E-03 
8.72782E-04 3.00612E-03 
9.05085E-04 3.10499E-03 
9.29871E-04 3.18357E-03 
9.37084E-04 3.20691E-03 
9.71256E-04 3.32061E-03 
1.00516E-03 3.43871E-03 
1.03895E-03 3.56173E-03 
1.07286E-03 3.69023E-03 
1.13605E-03 3.83622E-03 
1.17179E-03 3.97220E-03 
1.20812E-03 4.11696E-03 
1.24595E-03 4.27136E-03 
1.28637E-03 4.43630E-03 
1.33043E-03 4.61295E-03 
1.37840E-03 4.80342E-03 
1.42669E-03 5.01324E-03 
1.45797E-03 5.25961E-03 
1.42332E-03 5.58742E-03 
1.26744E-03 6.05440E-03 
1.05805E-03 6.62314E-03 
9.60533E-04 7.15816E-03 
9.38484E-04 2.96640E-03 
9.80094E-04 3.06867E-03 
9.69940E-04 3.25576E-03 
1.01480E-03 3.35896E-03 
1.06007E-03 3.46441E-03 
1.10567E-03 3.57236E-03 
1.15162E-03 3.68312E-03 
1.18741E-03 3.77095E-03 
1.19792E-03 3.79701E-03 
1.24833E-03 3.92374E-03 
1.29941E-03 4.05504E-03 
1.35141E-03 4.19145E-03 
1.40469E-03 4.33354E-03 
1.49256E-03 4.49193E-03 
1.54979E-03 4.64115E-03 
1.60934E-03 4.79964E-03 
1.67239E-03 4.96815E-03 
1.74032E-03 5.14752E-03 
1.81456E-03 5.33883E-03 
1.89577E-03 5.54428E-03 
1.98099E-03 5.77027E-03 
2.05425E-03 6.03720E-03 
2.07018E-03 6.39833E-03 
1.97971E-03 6.92029E-03 
1.85204E-03 7.55367E-03 
1.84384E-03 8.13540E-03 
1.16098E-03 3.52907E-03 
1.21473E-03 3.64571E-03 
1.21526E-03 3.87212E-03 
1.27526E-03 3.98658E-03 
1.33622E-03 4.10325E-03 
1.39816E-03 4.22240E-03 
1.46112E-03 4.34436E-03 
1.51058E-03 4.44087E-03 
1.52517E-03 4.46947E-03 
1.59564E-03 4.60836E-03 
1.66780E-03 4.75190E-03 
1.74202E-03 4.90065E-03 
1.81880E-03 5.05521E-03 
1.93595E-03 5.22401E-03 
2.01889E-03 5.38516E-03 
2.10613E-03 5.55587E-03 
2.19914E-03 5.73680E-03 
2.29966E-03 5.92859E-03 
2.40949E-03 6.13222E-03 
2.52975E-03 6.34996E-03 
2.65826E-03 6.58908E-03 
2.78093E-03 6.87346E-03 
2.85733E-03 7.26543E-03 
2.84640E-03 7.84084E-03 
2.81750E-03 8.53653E-03 
2.91416E-03 9.15948E-03 
1.43733E-03 4.17903E-03 
1.50641E-03 4.31018E-03 
1.52356E-03 4.57961E-03 
1.60236E-03 4.70406E-03 
1.68277E-03 4.83061E-03 
1.76483E-03 4.95955E-03 
1.84864E-03 5.09123E-03 
1.91478E-03 5.19524E-03 
1.93434E-03 5.22603E-03 
2.02912E-03 5.37536E-03 
2.12669E-03 5.52935E-03 
2.22755E-03 5.68860E-03 
2.33235E-03 5.85367E-03 
2.48375E-03 6.02983E-03 
2.59698E-03 6.20073E-03 
2.71674E-03 6.38128E-03 
2.84486E-03 6.57190E-03 
2.98342E-03 6.77304E-03 
3.13463E-03 6.98547E-03 
3.30013E-03 7.21150E-03 
3.47870E-03 7.45931E-03 
3.65871E-03 7.75648E-03 
3.80630E-03 8.17495E-03 
3.89042E-03 8.79996E-03 
3.97888E-03 9.55285E-03 
4.19685E-03 1.02087E-02 
1.78075E-03 4.92061E-03 
1.86901E-03 5.06557E-03 
1.91079E-03 5.38011E-03 
2.01257E-03 5.51228E-03 
2.11661E-03 5.64638E-03 
2.22301E-03 5.78273E-03 
2.33190E-03 5.92171E-03 
2.41799E-03 6.03133E-03 
2.44349E-03 6.06375E-03 
2.56715E-03 6.22084E-03 
2.69477E-03 6.38257E-03 
2.82697E-03 6.54951E-03 
2.96457E-03 6.72218E-03 
3.15542E-03 6.90145E-03 
3.30373E-03 7.07896E-03 
3.46110E-03 7.26586E-03 
3.62970E-03 7.46233E-03 
3.81200E-03 7.66848E-03 
4.01061E-03 7.88484E-03 
4.22776E-03 8.11368E-03 
4.46335E-03 8.36411E-03 
4.70893E-03 8.66761E-03 
4.93905E-03 9.10607E-03 
5.13488E-03 9.77396E-03 
5.36051E-03 1.05756E-02 
5.71666E-03 1.12527E-02 
2.20808E-03 5.75509E-03 
2.32005E-03 5.91214E-03 
2.39697E-03 6.27130E-03 
2.52634E-03 6.40777E-03 
2.65858E-03 6.54597E-03 
2.79382E-03 6.68630E-03 
2.93226E-03 6.82917E-03 
3.04175E-03 6.94175E-03 
3.07418E-03 6.97504E-03 
3.23152E-03 7.13621E-03 
3.39396E-03 7.30196E-03 
3.56232E-03 7.47280E-03 
3.73765E-03 7.64915E-03 
3.97318E-03 7.82600E-03 
4.16151E-03 8.00589E-03 
4.36170E-03 8.19454E-03 
4.57629E-03 8.39172E-03 
4.80814E-03 8.59718E-03 
5.06028E-03 8.81108E-03 
5.33555E-03 9.03563E-03 
5.63519E-03 9.28085E-03 
5.95470E-03 9.58222E-03 
6.27913E-03 1.00317E-02 
6.60428E-03 1.07325E-02 
6.98787E-03 1.15705E-02 
7.49920E-03 1.22538E-02 
2.73911E-03 6.67671E-03 
2.87985E-03 6.84285E-03 
3.00535E-03 7.24230E-03 
3.16704E-03 7.37843E-03 
3.33210E-03 7.51619E-03 
3.50070E-03 7.65602E-03 
3.67311E-03 7.79838E-03 
3.80935E-03 7.91057E-03 
3.84969E-03 7.94375E-03 
4.04533E-03 8.10435E-03 
4.24722E-03 8.26945E-03 
4.45641E-03 8.43943E-03 
4.67421E-03 8.61453E-03 
4.95941E-03 8.78216E-03 
5.19253E-03 8.95912E-03 
5.44060E-03 9.14366E-03 
5.70655E-03 9.33510E-03 
5.99358E-03 9.53268E-03 
6.30515E-03 9.73614E-03 
6.64474E-03 9.94758E-03 
7.01513E-03 1.01779E-02 
7.41661E-03 1.04665E-02 
7.84707E-03 1.09153E-02 
8.31948E-03 1.16354E-02 
8.88199E-03 1.24932E-02 
9.56471E-03 1.31640E-02 
3.39711E-03 7.67186E-03 
3.57198E-03 7.84281E-03 
3.76266E-03 8.27296E-03 
3.96113E-03 8.40311E-03 
4.16328E-03 8.53497E-03 
4.36934E-03 8.66901E-03 
4.57968E-03 8.80571E-03 
4.74568E-03 8.91358E-03 
4.79479E-03 8.94551E-03 
5.03285E-03 9.10014E-03 
5.27830E-03 9.25915E-03 
5.53250E-03 9.42270E-03 
5.79706E-03 9.59071E-03 
6.13630E-03 9.74114E-03 
6.41857E-03 9.90881E-03 
6.71920E-03 1.00822E-02 
7.04145E-03 1.02601E-02 
7.38886E-03 1.04412E-02 
7.76527E-03 1.06246E-02 
8.17477E-03 1.08124E-02 
8.62192E-03 1.10162E-02 
9.11273E-03 1.12795E-02 
9.66037E-03 1.17131E-02 
1.02976E-02 1.24350E-02 
1.10594E-02 1.32917E-02 
1.19281E-02 1.39276E-02 
4.20787E-03 8.71707E-03 
4.42209E-03 8.88741E-03 
4.69773E-03 9.33206E-03 
4.93657E-03 9.45002E-03 
5.17917E-03 9.57005E-03 
5.42585E-03 9.69263E-03 
5.67713E-03 9.81818E-03 
5.87515E-03 9.91758E-03 
5.93371E-03 9.94703E-03 
6.21732E-03 1.00899E-02 
6.50953E-03 1.02369E-02 
6.81205E-03 1.03879E-02 
7.12688E-03 1.05423E-02 
7.52352E-03 1.06666E-02 
7.85864E-03 1.08177E-02 
8.21581E-03 1.09718E-02 
8.59861E-03 1.11271E-02 
9.01086E-03 1.12815E-02 
9.45666E-03 1.14338E-02 
9.94074E-03 1.15858E-02 
1.04696E-02 1.17500E-02 
1.10559E-02 1.19731E-02 
1.17307E-02 1.23745E-02 
1.25492E-02 1.30769E-02 
1.35290E-02 1.39073E-02 
1.45957E-02 1.44830E-02 
5.19783E-03 9.77828E-03 
5.45588E-03 9.94188E-03 
5.83900E-03 1.03771E-02 
6.12022E-03 1.04769E-02 
6.40500E-03 1.05795E-02 
6.69389E-03 1.06852E-02 
6.98762E-03 1.07944E-02 
7.21883E-03 1.08813E-02 
7.28716E-03 1.09071E-02 
7.61805E-03 1.10325E-02 
7.95892E-03 1.11616E-02 
8.31191E-03 1.12936E-02 
8.67944E-03 1.14273E-02 
9.13547E-03 1.15161E-02 
9.52620E-03 1.16425E-02 
9.94301E-03 1.17682E-02 
1.03897E-02 1.18906E-02 
1.08702E-02 1.20070E-02 
1.13889E-02 1.21157E-02 
1.19509E-02 1.22182E-02 
1.25648E-02 1.23279E-02 
1.32511E-02 1.24947E-02 
1.40612E-02 1.28445E-02 
1.50753E-02 1.35027E-02 
1.62889E-02 1.42779E-02 
1.75620E-02 1.47657E-02 
6.39124E-03 1.08123E-02 
6.69610E-03 1.09631E-02 
7.21111E-03 1.13566E-02 
7.53430E-03 1.14335E-02 
7.86077E-03 1.15142E-02 
8.19132E-03 1.15988E-02 
8.52705E-03 1.16874E-02 
8.79122E-03 1.17584E-02 
8.86930E-03 1.17796E-02 
9.24746E-03 1.18824E-02 
9.63736E-03 1.19879E-02 
1.00416E-02 1.20944E-02 
1.04631E-02 1.22002E-02 
1.09790E-02 1.22436E-02 
1.14271E-02 1.23365E-02 
1.19057E-02 1.24236E-02 
1.24185E-02 1.25017E-02 
1.29696E-02 1.25676E-02 
1.35632E-02 1.26189E-02 
1.42050E-02 1.26572E-02 
1.49057E-02 1.26966E-02 
1.56943E-02 1.27895E-02 
1.66452E-02 1.30667E-02 
1.78661E-02 1.36533E-02 
1.93255E-02 1.43415E-02 
2.08087E-02 1.47125E-02 
7.80554E-03 1.17702E-02 
8.15809E-03 1.19030E-02 
8.82962E-03 1.22146E-02 
9.19147E-03 1.22662E-02 
9.55642E-03 1.23226E-02 
9.92569E-03 1.23837E-02 
1.03008E-02 1.24489E-02 
1.05963E-02 1.25016E-02 
1.06837E-02 1.25173E-02 
1.11074E-02 1.25933E-02 
1.15453E-02 1.26699E-02 
1.20005E-02 1.27446E-02 
1.24762E-02 1.28148E-02 
1.30506E-02 1.28030E-02 
1.35572E-02 1.28526E-02 
1.40988E-02 1.28900E-02 
1.46791E-02 1.29114E-02 
1.53018E-02 1.29128E-02 
1.59711E-02 1.28920E-02 
1.66926E-02 1.28505E-02 
1.74797E-02 1.28030E-02 
1.83705E-02 1.28039E-02 
1.94648E-02 1.29864E-02 
2.08994E-02 1.34724E-02 
2.26115E-02 1.40404E-02 
2.43032E-02 1.42662E-02 
9.44960E-03 1.26044E-02 
9.84831E-03 1.27156E-02 
1.06993E-02 1.28985E-02 
1.10935E-02 1.29254E-02 
1.14912E-02 1.29579E-02 
1.18941E-02 1.29951E-02 
1.23043E-02 1.30358E-02 
1.26282E-02 1.30686E-02 
1.27242E-02 1.30782E-02 
1.31907E-02 1.31238E-02 
1.36748E-02 1.31662E-02 
1.41799E-02 1.32022E-02 
1.47096E-02 1.32283E-02 
1.53403E-02 1.31514E-02 
1.59059E-02 1.31466E-02 
1.65112E-02 1.31218E-02 
1.71596E-02 1.30725E-02 
1.78542E-02 1.29947E-02 
1.85985E-02 1.28860E-02 
1.93983E-02 1.27483E-02 
2.02692E-02 1.25972E-02 
2.12595E-02 1.24880E-02 
2.24963E-02 1.25536E-02 
2.41472E-02 1.29093E-02 
2.61132E-02 1.33238E-02 
2.80060E-02 1.33774E-02 
1.13071E-02 1.32702E-02 
1.17481E-02 1.33579E-02 
1.27960E-02 1.33629E-02 
1.32137E-02 1.33689E-02 
1.36364E-02 1.33802E-02 
1.40664E-02 1.33950E-02 
1.45064E-02 1.34110E-02 
1.48555E-02 1.34227E-02 
1.49593E-02 1.34258E-02 
1.54654E-02 1.34370E-02 
1.59937E-02 1.34395E-02 
1.65478E-02 1.34290E-02 
1.71313E-02 1.34011E-02 
1.78151E-02 1.32491E-02 
1.84401E-02 1.31777E-02 
1.91095E-02 1.30768E-02 
1.98257E-02 1.29420E-02 
2.05910E-02 1.27694E-02 
2.14080E-02 1.25571E-02 
2.22822E-02 1.23077E-02 
2.32317E-02 1.20374E-02 
2.43152E-02 1.18016E-02 
2.56891E-02 1.17301E-02 
2.75525E-02 1.19276E-02 
2.97662E-02 1.21576E-02 
3.18455E-02 1.20167E-02 
1.33616E-02 1.37421E-02 
1.38402E-02 1.38057E-02 
1.50951E-02 1.35837E-02 
1.55269E-02 1.35745E-02 
1.59669E-02 1.35683E-02 
1.64180E-02 1.35623E-02 
1.68834E-02 1.35531E-02 
1.72554E-02 1.35417E-02 
1.73664E-02 1.35374E-02 
1.79105E-02 1.35086E-02 
1.84827E-02 1.34630E-02 
1.90865E-02 1.33955E-02 
1.97251E-02 1.33013E-02 
2.04586E-02 1.30632E-02 
2.11443E-02 1.29103E-02 
2.18784E-02 1.27176E-02 
2.26621E-02 1.24810E-02 
2.34962E-02 1.21973E-02 
2.43823E-02 1.18656E-02 
2.53253E-02 1.14893E-02 
2.63456E-02 1.10856E-02 
2.75134E-02 1.07089E-02 
2.90151E-02 1.04819E-02 
3.10825E-02 1.04957E-02 
3.35320E-02 1.05136E-02 
3.57776E-02 1.01607E-02 
1.55754E-02 1.40048E-02 
1.60873E-02 1.40430E-02 
1.75474E-02 1.35521E-02 
1.79856E-02 1.35330E-02 
1.84372E-02 1.35119E-02 
1.89057E-02 1.34847E-02 
1.93947E-02 1.34472E-02 
1.97892E-02 1.34084E-02 
1.99075E-02 1.33950E-02 
2.04909E-02 1.33173E-02 
2.11092E-02 1.32119E-02 
2.17655E-02 1.30735E-02 
2.24618E-02 1.28974E-02 
2.32420E-02 1.25617E-02 
2.39904E-02 1.23105E-02 
2.47897E-02 1.20089E-02 
2.56395E-02 1.16538E-02 
2.65390E-02 1.12434E-02 
2.74882E-02 1.07779E-02 
2.84915E-02 1.02624E-02 
2.95716E-02 9.71463E-03 
3.08103E-02 9.18676E-03 
3.24260E-02 8.79088E-03 
3.46826E-02 8.60004E-03 
3.73488E-02 8.38412E-03 
3.97340E-02 7.80954E-03 
1.79078E-02 1.40547E-02 
1.84516E-02 1.40635E-02 
2.01003E-02 1.32751E-02 
2.05413E-02 1.32481E-02 
2.10032E-02 1.32104E-02 
2.14900E-02 1.31571E-02 
2.20050E-02 1.30833E-02 
2.24249E-02 1.30090E-02 
2.25515E-02 1.29841E-02 
2.31790E-02 1.28431E-02 
2.38488E-02 1.26617E-02 
2.45626E-02 1.24348E-02 
2.53211E-02 1.21582E-02 
2.61451E-02 1.17127E-02 
2.69578E-02 1.13450E-02 
2.78218E-02 1.09173E-02 
2.87347E-02 1.04282E-02 
2.96936E-02 9.87746E-03 
3.06968E-02 9.26745E-03 
3.17481E-02 8.60478E-03 
3.28726E-02 7.90758E-03 
3.41648E-02 7.22428E-03 
3.58752E-02 6.65221E-03 
3.83001E-02 6.24277E-03 
4.11569E-02 5.77918E-03 
4.36485E-02 4.98261E-03 
2.03225E-02 1.38919E-02 
2.09012E-02 1.38623E-02 
2.27040E-02 1.27673E-02 
2.31507E-02 1.27274E-02 
2.36281E-02 1.26647E-02 
2.41397E-02 1.25738E-02 
2.46884E-02 1.24493E-02 
2.51400E-02 1.23269E-02 
2.52766E-02 1.22864E-02 
2.59571E-02 1.20626E-02 
2.66863E-02 1.17844E-02 
2.74643E-02 1.14479E-02 
2.82898E-02 1.10504E-02 
2.91537E-02 1.04838E-02 
3.00310E-02 9.98205E-03 
3.09569E-02 9.41301E-03 
3.19264E-02 8.77743E-03 
3.29347E-02 8.07761E-03 
3.39782E-02 7.31795E-03 
3.50603E-02 6.50681E-03 
3.62091E-02 5.66231E-03 
3.75317E-02 4.82722E-03 
3.93121E-02 4.07984E-03 
4.18779E-02 3.44637E-03 
4.48925E-02 2.73107E-03 
4.74516E-02 1.72285E-03 
2.27957E-02 1.35114E-02 
2.34175E-02 1.34276E-02 
2.53210E-02 1.20416E-02 
2.57842E-02 1.19749E-02 
2.62889E-02 1.18702E-02 
2.68377E-02 1.17222E-02 
2.74325E-02 1.15259E-02 
2.79249E-02 1.13382E-02 
2.80742E-02 1.12772E-02 
2.88187E-02 1.09464E-02 
2.96165E-02 1.05478E-02 
3.04650E-02 1.00795E-02 
3.13603E-02 9.54105E-03 
3.22581E-02 8.84490E-03 
3.31968E-02 8.19477E-03 
3.41770E-02 7.47395E-03 
3.51916E-02 6.68584E-03 
3.62336E-02 5.83533E-03 
3.72979E-02 4.92911E-03 
3.83879E-02 3.97708E-03 
3.95348E-02 2.99663E-03 
4.08597E-02 2.02281E-03 
4.26797E-02 1.11055E-03 
4.53528E-02 2.57765E-04 
4.84856E-02 -7.02176E-04 
5.10682E-02 -1.90054E-03 
2.53200E-02 1.28967E-02 
2.59980E-02 1.27360E-02 
2.79307E-02 1.11014E-02 
2.84285E-02 1.09841E-02 
2.89783E-02 1.08121E-02 
2.95812E-02 1.05807E-02 
3.02373E-02 1.02862E-02 
3.07809E-02 1.00134E-02 
3.09456E-02 9.92600E-03 
3.17651E-02 9.46215E-03 
3.26387E-02 8.91961E-03 
3.35607E-02 8.29939E-03 
3.45246E-02 7.60399E-03 
3.54461E-02 6.77506E-03 
3.64369E-02 5.96892E-03 
3.74577E-02 5.09382E-03 
3.84991E-02 4.15602E-03 
3.95524E-02 3.16296E-03 
4.06116E-02 2.12345E-03 
4.16802E-02 1.04846E-03 
4.27937E-02 -4.63140E-05 
4.40873E-02 -1.13574E-03 
4.59116E-02 -2.19239E-03 
4.86527E-02 -3.24893E-03 
5.18589E-02 -4.43488E-03 
5.44177E-02 -5.79127E-03 
2.79055E-02 1.20181E-02 
2.86555E-02 1.17525E-02 
3.05328E-02 9.93643E-03 
3.10882E-02 9.73677E-03 
3.17041E-02 9.46573E-03 
3.23794E-02 9.12038E-03 
3.31118E-02 8.69903E-03 
3.37156E-02 8.32059E-03 
3.38979E-02 8.20134E-03 
3.48000E-02 7.58027E-03 
3.57517E-02 6.87440E-03 
3.67444E-02 6.08810E-03 
3.77686E-02 5.22721E-03 
3.86982E-02 4.26984E-03 
3.97243E-02 3.30965E-03 
4.07641E-02 2.28822E-03 
4.18066E-02 1.21446E-03 
4.28418E-02 9.80689E-05 
4.38634E-02 -1.05055E-03 
4.48760E-02 -2.22005E-03 
4.59201E-02 -3.39761E-03 
4.71452E-02 -4.57016E-03 
4.89347E-02 -5.74133E-03 
5.17003E-02 -6.97582E-03 
5.49314E-02 -8.35851E-03 
5.74178E-02 -9.83218E-03 
3.05590E-02 1.08439E-02 
3.13963E-02 1.04439E-02 
3.31284E-02 8.53214E-03 
3.37651E-02 8.21421E-03 
3.44670E-02 7.81087E-03 
3.52302E-02 7.32167E-03 
3.60497E-02 6.74768E-03 
3.67184E-02 6.24692E-03 
3.69192E-02 6.09144E-03 
3.79042E-02 5.29624E-03 
3.89283E-02 4.41658E-03 
3.99800E-02 3.46043E-03 
4.10475E-02 2.43699E-03 
4.19635E-02 1.36515E-03 
4.29996E-02 2.65143E-04 
4.40292E-02 -8.82376E-04 
4.50401E-02 -2.06634E-03 
4.60220E-02 -3.27544E-03 
4.69692E-02 -4.49845E-03 
4.78882E-02 -5.72454E-03 
4.88247E-02 -6.94498E-03 
4.99431E-02 -8.16063E-03 
5.16580E-02 -9.40876E-03 
5.44030E-02 -1.07862E-02 
5.76091E-02 -1.23271E-02 
5.99769E-02 -1.38714E-02 
3.33354E-02 9.31971E-03 
3.42728E-02 8.75567E-03 
3.57715E-02 6.84152E-03 
3.65113E-02 6.36825E-03 
3.73152E-02 5.80016E-03 
3.81767E-02 5.13999E-03 
3.90878E-02 4.39206E-03 
3.98210E-02 3.75677E-03 
4.00393E-02 3.56221E-03 
4.10991E-02 2.58392E-03 
4.21810E-02 1.52913E-03 
4.32713E-02 4.09290E-04 
4.43563E-02 -7.63407E-04 
4.52308E-02 -1.92763E-03 
4.62441E-02 -3.14292E-03 
4.72272E-02 -4.38635E-03 
4.81680E-02 -5.64551E-03 
4.90568E-02 -6.90836E-03 
4.98891E-02 -8.16375E-03 
5.06743E-02 -9.40243E-03 
5.14640E-02 -1.06209E-02 
5.24372E-02 -1.18356E-02 
5.40376E-02 -1.31195E-02 
5.67169E-02 -1.46009E-02 
5.98494E-02 -1.62576E-02 
6.20553E-02 -1.78246E-02 
3.62245E-02 7.42737E-03 
3.72673E-02 6.67670E-03 
3.84599E-02 4.85055E-03 
3.93157E-02 4.19173E-03 
4.02284E-02 3.43522E-03 
4.11884E-02 2.58730E-03 
4.21848E-02 1.65579E-03 
4.29735E-02 8.83482E-04 
4.32061E-02 6.49921E-04 
4.43213E-02 -5.06121E-04 
4.54358E-02 -1.72280E-03 
4.65343E-02 -2.98577E-03 
4.76023E-02 -4.28054E-03 
4.84035E-02 -5.50559E-03 
4.93550E-02 -6.79964E-03 
5.02512E-02 -8.09824E-03 
5.10809E-02 -9.38860E-03 
5.18360E-02 -1.06590E-02 
5.25142E-02 -1.18993E-02 
5.31283E-02 -1.31029E-02 
5.37361E-02 -1.42725E-02 
5.45306E-02 -1.54411E-02 
5.59811E-02 -1.67175E-02 
5.85534E-02 -1.82600E-02 
6.15679E-02 -1.99869E-02 
6.35765E-02 -2.15294E-02 
3.92336E-02 5.15053E-03 
4.03787E-02 4.19899E-03 
4.12137E-02 2.53646E-03 
4.21880E-02 1.67178E-03 
4.32052E-02 7.14033E-04 
4.42530E-02 -3.26815E-04 
4.53181E-02 -1.43949E-03 
4.61455E-02 -2.34190E-03 
4.63870E-02 -2.61162E-03 
4.75280E-02 -3.92715E-03 
4.86409E-02 -5.28011E-03 
4.97098E-02 -6.65415E-03 
5.07204E-02 -8.03353E-03 
5.14137E-02 -9.28170E-03 
5.22615E-02 -1.06103E-02 
5.30288E-02 -1.19172E-02 
5.37066E-02 -1.31904E-02 
5.42892E-02 -1.44194E-02 
5.47772E-02 -1.55963E-02 
5.51871E-02 -1.67177E-02 
5.55833E-02 -1.77932E-02 
5.61711E-02 -1.88730E-02 
5.74421E-02 -2.01011E-02 
5.98712E-02 -2.16626E-02 
6.27295E-02 -2.34154E-02 
6.45133E-02 -2.48911E-02 
4.23422E-02 2.50038E-03 
4.35768E-02 1.34464E-03 
4.40301E-02 -1.01795E-04 
4.51127E-02 -1.17929E-03 
4.62181E-02 -2.33749E-03 
4.73316E-02 -3.56293E-03 
4.84383E-02 -4.84122E-03 
4.92804E-02 -5.85707E-03 
4.95232E-02 -6.15737E-03 
5.06522E-02 -7.60166E-03 
5.17226E-02 -9.05416E-03 
5.27191E-02 -1.04976E-02 
5.36288E-02 -1.19162E-02 
5.41801E-02 -1.31462E-02 
5.48821E-02 -1.44605E-02 
5.54805E-02 -1.57261E-02 
5.59691E-02 -1.69329E-02 
5.63451E-02 -1.80726E-02 
5.66127E-02 -1.91400E-02 
5.67925E-02 -2.01359E-02 
5.69548E-02 -2.10771E-02 
5.73160E-02 -2.20306E-02 
5.83853E-02 -2.31739E-02 
6.06419E-02 -2.47160E-02 
6.33133E-02 -2.64538E-02 
6.48542E-02 -2.78270E-02 
4.55085E-02 -4.85607E-04 
4.68103E-02 -1.83739E-03 
4.68865E-02 -3.04286E-03 
4.80548E-02 -4.32556E-03 
4.92207E-02 -5.66949E-03 
5.03680E-02 -7.05806E-03 
5.14807E-02 -8.47438E-03 
5.23080E-02 -9.57856E-03 
5.25433E-02 -9.90154E-03 
5.36169E-02 -1.14339E-02 
5.46003E-02 -1.29410E-02 
5.54801E-02 -1.44060E-02 
5.62458E-02 -1.58144E-02 
5.66236E-02 -1.69841E-02 
5.71413E-02 -1.82345E-02 
5.75356E-02 -1.94104E-02 
5.78036E-02 -2.05042E-02 
5.79464E-02 -2.15108E-02 
5.79715E-02 -2.24284E-02 
5.79037E-02 -2.32619E-02 
5.78187E-02 -2.40358E-02 
5.79418E-02 -2.48328E-02 
5.87954E-02 -2.58614E-02 
6.08578E-02 -2.73502E-02 
6.33199E-02 -2.90380E-02 
6.46086E-02 -3.02805E-02 
4.86716E-02 -3.74500E-03 
5.00108E-02 -5.27401E-03 
4.97402E-02 -6.24118E-03 
5.09609E-02 -7.70773E-03 
5.21507E-02 -9.21013E-03 
5.32926E-02 -1.07293E-02 
5.43702E-02 -1.22465E-02 
5.51503E-02 -1.34077E-02 
5.53686E-02 -1.37438E-02 
5.63414E-02 -1.53170E-02 
5.71935E-02 -1.68295E-02 
5.79142E-02 -1.82660E-02 
5.84963E-02 -1.96141E-02 
5.86742E-02 -2.06838E-02 
5.89751E-02 -2.18235E-02 
5.91374E-02 -2.28656E-02 
5.91619E-02 -2.38058E-02 
5.90533E-02 -2.46425E-02 
5.88229E-02 -2.53774E-02 
5.84993E-02 -2.60201E-02 
5.81626E-02 -2.66020E-02 
5.80451E-02 -2.72207E-02 
5.86769E-02 -2.81119E-02 
6.05314E-02 -2.95199E-02 
6.27697E-02 -3.11287E-02 
6.38052E-02 -3.22206E-02 
5.17275E-02 -7.16119E-03 
5.30690E-02 -8.83863E-03 
5.25042E-02 -9.59539E-03 
5.37368E-02 -1.12119E-02 
5.49088E-02 -1.28349E-02 
5.60029E-02 -1.44436E-02 
5.70035E-02 -1.60182E-02 
5.77047E-02 -1.72016E-02 
5.78968E-02 -1.75406E-02 
5.87269E-02 -1.91052E-02 
5.94086E-02 -2.05740E-02 
5.99350E-02 -2.19342E-02 
6.03027E-02 -2.31766E-02 
6.02629E-02 -2.41125E-02 
6.03253E-02 -2.51024E-02 
6.02389E-02 -2.59754E-02 
6.00086E-02 -2.67310E-02 
5.96425E-02 -2.73713E-02 
5.91555E-02 -2.79019E-02 
5.85793E-02 -2.83365E-02 
5.79976E-02 -2.87130E-02 
5.76470E-02 -2.91417E-02 
5.80606E-02 -2.98819E-02 
5.97024E-02 -3.11890E-02 
6.17119E-02 -3.26973E-02 
6.25028E-02 -3.36279E-02 
5.46546E-02 -1.07056E-02 
5.59611E-02 -1.24996E-02 
5.51608E-02 -1.30861E-02 
5.63614E-02 -1.48139E-02 
5.74716E-02 -1.65162E-02 
5.84747E-02 -1.81710E-02 
5.93564E-02 -1.97583E-02 
5.99476E-02 -2.09290E-02 
6.01047E-02 -2.12606E-02 
6.07522E-02 -2.27685E-02 
6.12277E-02 -2.41468E-02 
6.15282E-02 -2.53860E-02 
6.16548E-02 -2.64813E-02 
6.13826E-02 -2.72532E-02 
6.11892E-02 -2.80590E-02 
6.08422E-02 -2.87328E-02 
6.03502E-02 -2.92782E-02 
5.97247E-02 -2.97012E-02 
5.89836E-02 -3.00110E-02 
5.81612E-02 -3.02251E-02 
5.73438E-02 -3.03872E-02 
5.67700E-02 -3.06187E-02 
5.69708E-02 -3.11981E-02 
5.83972E-02 -3.23882E-02 
6.01747E-02 -3.37787E-02 
6.07302E-02 -3.45406E-02 
5.73302E-02 -1.42290E-02 
5.85650E-02 -1.61025E-02 
5.75948E-02 -1.65700E-02 
5.87198E-02 -1.83648E-02 
5.97266E-02 -2.01014E-02 
6.05996E-02 -2.17576E-02 
6.13264E-02 -2.33137E-02 
6.17823E-02 -2.44387E-02 
6.18976E-02 -2.47535E-02 
6.23323E-02 -2.61614E-02 
6.25764E-02 -2.74090E-02 
6.26313E-02 -2.84912E-02 
6.25026E-02 -2.94074E-02 
6.19940E-02 -2.99945E-02 
6.15406E-02 -3.05930E-02 
6.09338E-02 -3.10493E-02 
6.01856E-02 -3.13711E-02 
5.93105E-02 -3.15677E-02 
5.83290E-02 -3.16517E-02 
5.72773E-02 -3.16443E-02 
5.62431E-02 -3.15937E-02 
5.54644E-02 -3.16304E-02 
5.54658E-02 -3.20475E-02 
5.66820E-02 -3.31113E-02 
5.82324E-02 -3.43734E-02 
5.85694E-02 -3.49672E-02 
5.96931E-02 -1.76470E-02 
6.08219E-02 -1.95632E-02 
5.97423E-02 -1.99624E-02 
6.07516E-02 -2.17803E-02 
6.16180E-02 -2.35083E-02 
6.23276E-02 -2.51241E-02 
6.28702E-02 -2.66095E-02 
6.31710E-02 -2.76598E-02 
6.32391E-02 -2.79498E-02 
6.34390E-02 -2.92211E-02 
6.34352E-02 -3.03056E-02 
6.32335E-02 -3.12027E-02 
6.28438E-02 -3.19164E-02 
6.21013E-02 -3.23045E-02 
6.13915E-02 -3.26813E-02 
6.05330E-02 -3.29102E-02 
5.95407E-02 -3.30027E-02 
5.84320E-02 -3.29714E-02 
5.72289E-02 -3.28319E-02 
5.59691E-02 -3.26082E-02 
5.47404E-02 -3.23523E-02 
5.37782E-02 -3.22014E-02 
5.35964E-02 -3.24591E-02 
5.46104E-02 -3.33914E-02 
5.59415E-02 -3.45186E-02 
5.60786E-02 -3.49486E-02 
6.16824E-02 -2.08696E-02 
6.26757E-02 -2.27934E-02 
6.15372E-02 -2.31691E-02 
6.23969E-02 -2.49692E-02 
6.30927E-02 -2.66496E-02 
6.36132E-02 -2.81888E-02 
6.39503E-02 -2.95700E-02 
6.40829E-02 -3.05222E-02 
6.41005E-02 -3.07808E-02 
6.40532E-02 -3.18873E-02 
6.37944E-02 -3.27851E-02 
6.33343E-02 -3.34779E-02 
6.26868E-02 -3.39748E-02 
6.17193E-02 -3.41570E-02 
6.07645E-02 -3.43065E-02 
5.96695E-02 -3.43065E-02 
5.84519E-02 -3.41720E-02 
5.71307E-02 -3.39186E-02 
5.57295E-02 -3.35644E-02 
5.42867E-02 -3.31355E-02 
5.28890E-02 -3.26870E-02 
5.17673E-02 -3.23604E-02 
5.14207E-02 -3.24656E-02 
5.22434E-02 -3.32647E-02 
5.33657E-02 -3.42542E-02 
5.33232E-02 -3.45283E-02 
6.32598E-02 -2.38320E-02 
6.40929E-02 -2.57314E-02 
6.29328E-02 -2.61180E-02 
6.36156E-02 -2.78642E-02 
6.41182E-02 -2.94636E-02 
6.44312E-02 -3.08961E-02 
6.45495E-02 -3.21465E-02 
6.45066E-02 -3.29826E-02 
6.44721E-02 -3.32049E-02 
6.41733E-02 -3.41264E-02 
6.36604E-02 -3.48217E-02 
6.29474E-02 -3.52992E-02 
6.20520E-02 -3.55726E-02 
6.08730E-02 -3.55479E-02 
5.96903E-02 -3.54713E-02 
5.83788E-02 -3.52474E-02 
5.69584E-02 -3.48941E-02 
5.54494E-02 -3.44296E-02 
5.38762E-02 -3.38740E-02 
5.22771E-02 -3.32552E-02 
5.07373E-02 -3.26299E-02 
4.94807E-02 -3.21425E-02 
4.89888E-02 -3.21044E-02 
4.96324E-02 -3.27714E-02 
5.05579E-02 -3.36231E-02 
5.03565E-02 -3.37511E-02 
6.43970E-02 -2.64746E-02 
6.50511E-02 -2.83216E-02 
6.38927E-02 -2.87412E-02 
6.43789E-02 -3.04031E-02 
6.46732E-02 -3.18946E-02 
6.47686E-02 -3.31971E-02 
6.46624E-02 -3.42974E-02 
6.44428E-02 -3.50050E-02 
6.43563E-02 -3.51880E-02 
6.38096E-02 -3.59121E-02 
6.30508E-02 -3.63972E-02 
6.20974E-02 -3.66560E-02 
6.09702E-02 -3.67066E-02 
5.95975E-02 -3.64795E-02 
5.82087E-02 -3.61848E-02 
5.67051E-02 -3.57478E-02 
5.51078E-02 -3.51892E-02 
5.34382E-02 -3.45294E-02 
5.17210E-02 -3.37899E-02 
4.99939E-02 -3.29998E-02 
4.83394E-02 -3.22167E-02 
4.69734E-02 -3.15855E-02 
4.63563E-02 -3.14158E-02 
4.68345E-02 -3.19541E-02 
4.75766E-02 -3.26704E-02 
4.72372E-02 -3.26643E-02 
6.50859E-02 -2.87600E-02 
6.55474E-02 -3.05309E-02 
6.44006E-02 -3.09931E-02 
6.46778E-02 -3.25464E-02 
6.47558E-02 -3.39094E-02 
6.46300E-02 -3.50651E-02 
6.43001E-02 -3.60023E-02 
6.39073E-02 -3.65741E-02 
6.37703E-02 -3.67160E-02 
6.29854E-02 -3.72373E-02 
6.19945E-02 -3.75110E-02 
6.08180E-02 -3.75539E-02 
5.94794E-02 -3.73881E-02 
5.79334E-02 -3.69674E-02 
5.63637E-02 -3.64672E-02 
5.46945E-02 -3.58324E-02 
5.29481E-02 -3.50859E-02 
5.11463E-02 -3.42498E-02 
4.93138E-02 -3.33466E-02 
4.74870E-02 -3.24060E-02 
4.57453E-02 -3.14858E-02 
4.42949E-02 -3.07295E-02 
4.35727E-02 -3.04413E-02 
4.38997E-02 -3.08562E-02 
4.44727E-02 -3.14415E-02 
4.40164E-02 -3.13144E-02 
6.53337E-02 -3.06691E-02 
6.55937E-02 -3.23443E-02 
6.44571E-02 -3.28476E-02 
6.45187E-02 -3.42735E-02 
6.43781E-02 -3.54930E-02 
6.40329E-02 -3.64905E-02 
6.34851E-02 -3.72569E-02 
6.29261E-02 -3.76896E-02 
6.27412E-02 -3.77898E-02 
6.17320E-02 -3.81081E-02 
6.05264E-02 -3.81741E-02 
5.91474E-02 -3.80085E-02 
5.76205E-02 -3.76371E-02 
5.59234E-02 -3.70347E-02 
5.41992E-02 -3.63452E-02 
5.23922E-02 -3.55309E-02 
5.05251E-02 -3.46164E-02 
4.86199E-02 -3.36250E-02 
4.67004E-02 -3.25800E-02 
4.48019E-02 -3.15112E-02 
4.29997E-02 -3.04755E-02 
4.14891E-02 -2.96136E-02 
4.06816E-02 -2.92209E-02 
4.08720E-02 -2.95194E-02 
4.12907E-02 -2.99795E-02 
4.07377E-02 -2.97456E-02 
6.51606E-02 -3.21942E-02 
6.52145E-02 -3.37579E-02 
6.40782E-02 -3.42917E-02 
6.39230E-02 -3.55766E-02 
6.35664E-02 -3.66423E-02 
6.30080E-02 -3.74750E-02 
6.22519E-02 -3.80676E-02 
6.15365E-02 -3.83611E-02 
6.13067E-02 -3.84201E-02 
6.00904E-02 -3.85395E-02 
5.86904E-02 -3.84056E-02 
5.71316E-02 -3.80426E-02 
5.54412E-02 -3.74796E-02 
5.36162E-02 -3.67102E-02 
5.17652E-02 -3.58506E-02 
4.98486E-02 -3.48774E-02 
4.78894E-02 -3.38169E-02 
4.59091E-02 -3.26931E-02 
4.39306E-02 -3.15295E-02 
4.19873E-02 -3.03555E-02 
4.01502E-02 -2.92267E-02 
3.86027E-02 -2.82793E-02 
3.77292E-02 -2.77971E-02 
3.77983E-02 -2.79873E-02 
3.80782E-02 -2.83301E-02 
3.74484E-02 -2.80043E-02 
6.45959E-02 -3.33474E-02 
6.44419E-02 -3.47866E-02 
6.32901E-02 -3.53338E-02 
6.29200E-02 -3.64677E-02 
6.23525E-02 -3.73726E-02 
6.15892E-02 -3.80366E-02 
6.06362E-02 -3.84547E-02 
5.97749E-02 -3.86108E-02 
5.95037E-02 -3.86294E-02 
5.80985E-02 -3.85562E-02 
5.65247E-02 -3.82321E-02 
5.48090E-02 -3.76846E-02 
5.29798E-02 -3.69458E-02 
5.10502E-02 -3.60253E-02 
4.90993E-02 -3.50155E-02 
4.71008E-02 -3.39051E-02 
4.50771E-02 -3.27212E-02 
4.30490E-02 -3.14882E-02 
4.10382E-02 -3.02293E-02 
3.90758E-02 -2.89734E-02 
3.72280E-02 -2.77737E-02 
3.56655E-02 -2.67606E-02 
3.47444E-02 -2.62040E-02 
3.47072E-02 -2.62951E-02 
3.48638E-02 -2.65294E-02 
3.41759E-02 -2.61268E-02 
6.36867E-02 -3.41376E-02 
6.33275E-02 -3.54437E-02 
6.21418E-02 -3.59834E-02 
6.15636E-02 -3.69608E-02 
6.07946E-02 -3.77023E-02 
5.98383E-02 -3.81979E-02 
5.87025E-02 -3.84448E-02 
5.77081E-02 -3.84679E-02 
5.73994E-02 -3.84478E-02 
5.58255E-02 -3.81919E-02 
5.41005E-02 -3.76907E-02 
5.22522E-02 -3.69747E-02 
5.03099E-02 -3.60786E-02 
4.82993E-02 -3.50255E-02 
4.62758E-02 -3.38879E-02 
4.42226E-02 -3.26638E-02 
4.21615E-02 -3.13808E-02 
4.01120E-02 -3.00630E-02 
3.80943E-02 -2.87332E-02 
3.61369E-02 -2.74188E-02 
3.43008E-02 -2.61706E-02 
3.27437E-02 -2.51120E-02 
3.17929E-02 -2.44969E-02 
3.16656E-02 -2.45001E-02 
3.17156E-02 -2.46369E-02 
3.09881E-02 -2.41734E-02 
6.24588E-02 -3.46040E-02 
6.18957E-02 -3.57679E-02 
6.06565E-02 -3.62776E-02 
5.98750E-02 -3.70926E-02 
5.89115E-02 -3.76672E-02 
5.77714E-02 -3.79932E-02 
5.64643E-02 -3.80702E-02 
5.53471E-02 -3.79634E-02 
5.50041E-02 -3.79056E-02 
5.32784E-02 -3.74746E-02 
5.14214E-02 -3.68070E-02 
4.94618E-02 -3.59363E-02 
4.74294E-02 -3.48995E-02 
4.53595E-02 -3.37305E-02 
4.32881E-02 -3.24857E-02 
4.12055E-02 -3.11698E-02 
3.91319E-02 -2.98101E-02 
3.70856E-02 -2.84304E-02 
3.50846E-02 -2.70523E-02 
3.31547E-02 -2.57017E-02 
3.13514E-02 -2.44260E-02 
2.98187E-02 -2.33407E-02 
2.88548E-02 -2.26820E-02 
2.86516E-02 -2.26076E-02 
2.86100E-02 -2.26572E-02 
2.78595E-02 -2.21474E-02 
6.09636E-02 -3.47681E-02 
6.02009E-02 -3.57840E-02 
5.88898E-02 -3.62414E-02 
5.79130E-02 -3.68912E-02 
5.67643E-02 -3.72978E-02 
5.54515E-02 -3.74556E-02 
5.39860E-02 -3.73664E-02 
5.27570E-02 -3.71340E-02 
5.23833E-02 -3.70403E-02 
5.05236E-02 -3.64436E-02 
4.85542E-02 -3.56223E-02 
4.65048E-02 -3.46126E-02 
4.44053E-02 -3.34532E-02 
4.22977E-02 -3.21870E-02 
4.02026E-02 -3.08566E-02 
3.81148E-02 -2.94716E-02 
3.60529E-02 -2.80587E-02 
3.40328E-02 -2.66403E-02 
3.20706E-02 -2.52367E-02 
3.01889E-02 -2.38717E-02 
2.84375E-02 -2.25892E-02 
2.69466E-02 -2.14956E-02 
2.59852E-02 -2.08085E-02 
2.57212E-02 -2.06684E-02 
2.56036E-02 -2.06426E-02 
2.48460E-02 -2.01015E-02 
5.92447E-02 -3.46633E-02 
5.82879E-02 -3.55266E-02 
5.68887E-02 -3.59108E-02 
5.57248E-02 -3.63938E-02 
5.44006E-02 -3.66325E-02 
5.29258E-02 -3.66237E-02 
5.13140E-02 -3.63721E-02 
4.99838E-02 -3.60188E-02 
4.95826E-02 -3.58908E-02 
4.76055E-02 -3.51381E-02 
4.55424E-02 -3.41758E-02 
4.34236E-02 -3.30425E-02 
4.12784E-02 -3.17786E-02 
3.91539E-02 -3.04337E-02 
3.70579E-02 -2.90391E-02 
3.49875E-02 -2.76074E-02 
3.29594E-02 -2.61638E-02 
3.09870E-02 -2.47292E-02 
2.90836E-02 -2.33219E-02 
2.72688E-02 -2.19634E-02 
2.55864E-02 -2.06933E-02 
2.41528E-02 -1.96088E-02 
2.32083E-02 -1.89080E-02 
2.28981E-02 -1.87142E-02 
2.27199E-02 -1.86252E-02 
2.19696E-02 -1.80671E-02 
5.73442E-02 -3.43230E-02 
5.61995E-02 -3.50309E-02 
5.46990E-02 -3.53233E-02 
5.33566E-02 -3.56388E-02 
5.18662E-02 -3.57102E-02 
5.02399E-02 -3.55369E-02 
4.84934E-02 -3.51270E-02 
4.70718E-02 -3.46574E-02 
4.66461E-02 -3.44967E-02 
4.45674E-02 -3.35975E-02 
4.24280E-02 -3.25067E-02 
4.02588E-02 -3.12653E-02 
3.80885E-02 -2.99150E-02 
3.59665E-02 -2.85098E-02 
3.38906E-02 -2.70719E-02 
3.18588E-02 -2.56150E-02 
2.98848E-02 -2.41625E-02 
2.79793E-02 -2.27330E-02 
2.61529E-02 -2.13425E-02 
2.44215E-02 -2.00098E-02 
2.28230E-02 -1.87700E-02 
2.14604E-02 -1.77108E-02 
2.05458E-02 -1.70100E-02 
2.02033E-02 -1.67746E-02 
1.99791E-02 -1.66347E-02 
1.92489E-02 -1.60730E-02 
5.53017E-02 -3.37807E-02 
5.39761E-02 -3.43311E-02 
5.23642E-02 -3.45162E-02 
5.08521E-02 -3.46645E-02 
4.92049E-02 -3.45696E-02 
4.74371E-02 -3.42345E-02 
4.55670E-02 -3.36705E-02 
4.40635E-02 -3.30895E-02 
4.36163E-02 -3.28977E-02 
4.14507E-02 -3.18618E-02 
3.92517E-02 -3.06551E-02 
3.70500E-02 -2.93209E-02 
3.48737E-02 -2.79018E-02 
3.27728E-02 -2.64545E-02 
3.07365E-02 -2.49935E-02 
2.87624E-02 -2.35322E-02 
2.68609E-02 -2.20913E-02 
2.50397E-02 -2.06868E-02 
2.33060E-02 -1.93321E-02 
2.16722E-02 -1.80428E-02 
2.01705E-02 -1.68496E-02 
1.88904E-02 -1.58300E-02 
1.80172E-02 -1.51420E-02 
1.76552E-02 -1.48769E-02 
1.73989E-02 -1.46982E-02 
1.67000E-02 -1.41448E-02 
5.31532E-02 -3.30679E-02 
5.16541E-02 -3.34601E-02 
4.99243E-02 -3.35255E-02 
4.82514E-02 -3.35075E-02 
4.64567E-02 -3.32483E-02 
4.45574E-02 -3.27544E-02 
4.25746E-02 -3.20412E-02 
4.09983E-02 -3.13539E-02 
4.05324E-02 -3.11327E-02 
3.82943E-02 -2.99699E-02 
3.60514E-02 -2.86601E-02 
3.38345E-02 -2.72485E-02 
3.16702E-02 -2.57779E-02 
2.96075E-02 -2.43065E-02 
2.76286E-02 -2.28415E-02 
2.57295E-02 -2.13953E-02 
2.39170E-02 -1.99852E-02 
2.21949E-02 -1.86241E-02 
2.05675E-02 -1.73223E-02 
1.90432E-02 -1.60921E-02 
1.76486E-02 -1.49596E-02 
1.64604E-02 -1.39924E-02 
1.56384E-02 -1.33286E-02 
1.52688E-02 -1.30450E-02 
1.49930E-02 -1.28392E-02 
1.43349E-02 -1.23049E-02 
5.09317E-02 -3.22144E-02 
4.92671E-02 -3.24488E-02 
4.74159E-02 -3.23853E-02 
4.55916E-02 -3.22029E-02 
4.36590E-02 -3.17822E-02 
4.16384E-02 -3.11334E-02 
3.95536E-02 -3.02764E-02 
3.79136E-02 -2.94883E-02 
3.74317E-02 -2.92397E-02 
3.51353E-02 -2.79605E-02 
3.28637E-02 -2.65605E-02 
3.06479E-02 -2.50868E-02 
2.85126E-02 -2.35821E-02 
2.65043E-02 -2.21037E-02 
2.45989E-02 -2.06532E-02 
2.27902E-02 -1.92401E-02 
2.10806E-02 -1.78784E-02 
1.94704E-02 -1.65771E-02 
1.79601E-02 -1.53431E-02 
1.65547E-02 -1.41857E-02 
1.52751E-02 -1.31259E-02 
1.41860E-02 -1.22217E-02 
1.34232E-02 -1.15922E-02 
1.30567E-02 -1.13005E-02 
1.27727E-02 -1.10783E-02 
1.21630E-02 -1.05724E-02 
4.86659E-02 -3.12475E-02 
4.68446E-02 -3.13255E-02 
4.48715E-02 -3.11271E-02 
4.29054E-02 -3.07832E-02 
4.08449E-02 -3.02045E-02 
3.87132E-02 -2.94057E-02 
3.65376E-02 -2.84114E-02 
3.48431E-02 -2.75286E-02 
3.43482E-02 -2.72547E-02 
3.20073E-02 -2.58703E-02 
2.97222E-02 -2.43937E-02 
2.75233E-02 -2.28735E-02 
2.54330E-02 -2.13513E-02 
2.34937E-02 -1.98828E-02 
2.16763E-02 -1.84638E-02 
1.99711E-02 -1.71005E-02 
1.83762E-02 -1.58026E-02 
1.68880E-02 -1.45753E-02 
1.55033E-02 -1.34221E-02 
1.42235E-02 -1.23485E-02 
1.30644E-02 -1.13711E-02 
1.20793E-02 -1.05385E-02 
1.13818E-02 -9.95157E-03 
1.10275E-02 -9.66125E-03 
1.07454E-02 -9.43251E-03 
1.01896E-02 -8.96233E-03 
4.63766E-02 -3.01899E-02 
4.44075E-02 -3.01138E-02 
4.23145E-02 -2.97767E-02 
4.02165E-02 -2.92750E-02 
3.80382E-02 -2.85429E-02 
3.58062E-02 -2.75998E-02 
3.35513E-02 -2.64754E-02 
3.18119E-02 -2.55049E-02 
3.13066E-02 -2.52078E-02 
2.89356E-02 -2.37303E-02 
2.66521E-02 -2.21911E-02 
2.44854E-02 -2.06399E-02 
2.24550E-02 -1.91169E-02 
2.05986E-02 -1.76743E-02 
1.88819E-02 -1.63025E-02 
1.72916E-02 -1.50040E-02 
1.58210E-02 -1.37837E-02 
1.44625E-02 -1.26425E-02 
1.32094E-02 -1.15804E-02 
1.20597E-02 -1.05995E-02 
1.10243E-02 -9.71189E-03 
1.01459E-02 -8.95730E-03 
9.51808E-03 -8.41971E-03 
9.18374E-03 -8.13897E-03 
8.91198E-03 -7.91228E-03 
8.41402E-03 -7.48368E-03 
4.41062E-02 -2.90736E-02 
4.19999E-02 -2.88480E-02 
3.97923E-02 -2.83725E-02 
3.75739E-02 -2.77191E-02 
3.52897E-02 -2.68407E-02 
3.29697E-02 -2.57615E-02 
3.06482E-02 -2.45167E-02 
2.88740E-02 -2.34671E-02 
2.83615E-02 -2.31495E-02 
2.59752E-02 -2.15925E-02 
2.37080E-02 -2.00060E-02 
2.15880E-02 -1.84397E-02 
1.96312E-02 -1.69319E-02 
1.78690E-02 -1.55301E-02 
1.62629E-02 -1.42194E-02 
1.47954E-02 -1.29980E-02 
1.34551E-02 -1.18658E-02 
1.22303E-02 -1.08195E-02 
1.11110E-02 -9.85554E-03 
1.00922E-02 -8.97271E-03 
9.17992E-03 -8.17892E-03 
8.40801E-03 -7.50582E-03 
7.85164E-03 -7.02189E-03 
7.54313E-03 -6.75747E-03 
7.28839E-03 -6.54004E-03 
6.84979E-03 -6.15664E-03 
4.18433E-02 -2.79036E-02 
3.96093E-02 -2.75322E-02 
3.72927E-02 -2.69190E-02 
3.49645E-02 -2.61193E-02 
3.25854E-02 -2.51009E-02 
3.01893E-02 -2.38934E-02 
2.78139E-02 -2.25376E-02 
2.60151E-02 -2.14174E-02 
2.54985E-02 -2.10820E-02 
2.31118E-02 -1.94595E-02 
2.08761E-02 -1.78408E-02 
1.88175E-02 -1.62754E-02 
1.69478E-02 -1.47985E-02 
1.52911E-02 -1.34516E-02 
1.38051E-02 -1.22150E-02 
1.24677E-02 -1.10820E-02 
1.12628E-02 -1.00472E-02 
1.01747E-02 -9.10329E-03 
9.19056E-03 -8.24301E-03 
8.30228E-03 -7.46227E-03 
7.51216E-03 -6.76514E-03 
6.84554E-03 -6.17580E-03 
6.36156E-03 -5.74874E-03 
6.08350E-03 -5.50612E-03 
5.85107E-03 -5.30385E-03 
5.47238E-03 -4.96811E-03 
3.96189E-02 -2.67045E-02 
3.72679E-02 -2.61929E-02 
3.48505E-02 -2.54457E-02 
3.24244E-02 -2.45071E-02 
2.99630E-02 -2.33574E-02 
2.75038E-02 -2.20318E-02 
2.50884E-02 -2.05767E-02 
2.32762E-02 -1.93959E-02 
2.27588E-02 -1.90458E-02 
2.03873E-02 -1.73733E-02 
1.81982E-02 -1.57386E-02 
1.62148E-02 -1.41902E-02 
1.44441E-02 -1.27593E-02 
1.29022E-02 -1.14802E-02 
1.15429E-02 -1.03285E-02 
1.03397E-02 -9.29230E-03 
9.27188E-03 -8.36122E-03 
8.32025E-03 -7.52370E-03 
7.46905E-03 -6.76942E-03 
6.70789E-03 -6.09155E-03 
6.03567E-03 -5.49079E-03 
5.47050E-03 -4.98478E-03 
5.05760E-03 -4.61563E-03 
4.81285E-03 -4.39870E-03 
4.60631E-03 -4.21595E-03 
4.28607E-03 -3.92838E-03 
3.74450E-02 -2.54908E-02 
3.49880E-02 -2.48455E-02 
3.24792E-02 -2.39695E-02 
2.99676E-02 -2.29006E-02 
2.74369E-02 -2.16294E-02 
2.49287E-02 -2.01970E-02 
2.24877E-02 -1.86555E-02 
2.06737E-02 -1.74252E-02 
2.01588E-02 -1.70637E-02 
1.78184E-02 -1.53576E-02 
1.56911E-02 -1.37237E-02 
1.37962E-02 -1.22082E-02 
1.21354E-02 -1.08376E-02 
1.07158E-02 -9.63785E-03 
9.48802E-03 -8.58000E-03 
8.42085E-03 -7.64685E-03 
7.48941E-03 -6.82314E-03 
6.67135E-03 -6.09355E-03 
5.94863E-03 -5.44496E-03 
5.30892E-03 -4.86828E-03 
4.74840E-03 -4.36137E-03 
4.27906E-03 -3.93622E-03 
3.93434E-03 -3.62430E-03 
3.72423E-03 -3.43550E-03 
3.54564E-03 -3.27517E-03 
3.28101E-03 -3.03474E-03 
3.53318E-02 -2.42751E-02 
3.27800E-02 -2.35033E-02 
3.01902E-02 -2.25052E-02 
2.76058E-02 -2.13153E-02 
2.50197E-02 -1.99337E-02 
2.24768E-02 -1.84070E-02 
2.00254E-02 -1.67933E-02 
1.82214E-02 -1.55252E-02 
1.77125E-02 -1.51560E-02 
1.54196E-02 -1.34337E-02 
1.33688E-02 -1.18176E-02 
1.15751E-02 -1.03507E-02 
1.00337E-02 -9.05358E-03 
8.74255E-03 -7.94330E-03 
7.64884E-03 -6.98620E-03 
6.71725E-03 -6.15997E-03 
5.91908E-03 -5.44479E-03 
5.22939E-03 -4.82206E-03 
4.62845E-03 -4.27639E-03 
4.10253E-03 -3.79689E-03 
3.64571E-03 -3.37921E-03 
3.26503E-03 -3.03063E-03 
2.98416E-03 -2.77367E-03 
2.80862E-03 -2.61399E-03 
2.65859E-03 -2.47760E-03 
2.44552E-03 -2.28192E-03 
3.32866E-02 -2.30677E-02 
3.06516E-02 -2.21771E-02 
2.79917E-02 -2.10648E-02 
2.53478E-02 -1.97643E-02 
2.27201E-02 -1.82840E-02 
2.01575E-02 -1.66766E-02 
1.77113E-02 -1.50058E-02 
1.59295E-02 -1.37125E-02 
1.54301E-02 -1.33392E-02 
1.32008E-02 -1.16185E-02 
1.12412E-02 -1.00376E-02 
9.56037E-03 -8.63449E-03 
8.14669E-03 -7.42304E-03 
6.98818E-03 -6.41060E-03 
6.02919E-03 -5.55911E-03 
5.23052E-03 -4.84132E-03 
4.56030E-03 -4.23338E-03 
3.99168E-03 -3.71405E-03 
3.50388E-03 -3.26624E-03 
3.08236E-03 -2.87788E-03 
2.71978E-03 -2.54297E-03 
2.41932E-03 -2.26507E-03 
2.19679E-03 -2.05943E-03 
2.05447E-03 -1.92856E-03 
1.93236E-03 -1.81631E-03 
1.76582E-03 -1.66185E-03 
3.13164E-02 -2.18780E-02 
2.86096E-02 -2.08768E-02 
2.58911E-02 -1.96591E-02 
2.32010E-02 -1.82590E-02 
2.05461E-02 -1.66927E-02 
1.79790E-02 -1.50190E-02 
1.55537E-02 -1.33070E-02 
1.38063E-02 -1.20014E-02 
1.33199E-02 -1.16279E-02 
1.11704E-02 -9.92723E-03 
9.31569E-03 -8.39829E-03 
7.75840E-03 -7.07341E-03 
6.47900E-03 -5.95843E-03 
5.45555E-03 -5.05042E-03 
4.62979E-03 -4.30717E-03 
3.95916E-03 -3.69693E-03 
3.40942E-03 -3.19255E-03 
2.95262E-03 -2.77084E-03 
2.56760E-03 -2.41378E-03 
2.23964E-03 -2.10866E-03 
1.96064E-03 -1.84850E-03 
1.73092E-03 -1.63407E-03 
1.56025E-03 -1.47489E-03 
1.44871E-03 -1.37134E-03 
1.35276E-03 -1.28227E-03 
1.22701E-03 -1.16458E-03 
2.94195E-02 -2.07093E-02 
2.66521E-02 -1.96060E-02 
2.38868E-02 -1.82921E-02 
2.11636E-02 -1.68036E-02 
1.84959E-02 -1.51644E-02 
1.59396E-02 -1.34393E-02 
1.35510E-02 -1.17024E-02 
1.18502E-02 -1.03978E-02 
1.13804E-02 -1.00280E-02 
9.32637E-03 -8.36566E-03 
7.59003E-03 -6.90546E-03 
6.16596E-03 -5.67236E-03 
5.02615E-03 -4.66329E-03 
4.13862E-03 -3.86464E-03 
3.44293E-03 -3.23038E-03 
2.89381E-03 -2.72485E-03 
2.45556E-03 -2.31842E-03 
2.10001E-03 -1.98687E-03 
1.80635E-03 -1.71194E-03 
1.56031E-03 -1.48095E-03 
1.35363E-03 -1.28654E-03 
1.18472E-03 -1.12753E-03 
1.05888E-03 -1.00918E-03 
9.74893E-04 -9.30538E-04 
9.02520E-04 -8.62784E-04 
8.11465E-04 -7.76858E-04 
2.76105E-02 -1.95748E-02 
2.47941E-02 -1.83786E-02 
2.19938E-02 -1.69787E-02 
1.92509E-02 -1.54140E-02 
1.65847E-02 -1.37158E-02 
1.40541E-02 -1.19547E-02 
1.17176E-02 -1.02097E-02 
1.00751E-02 -8.91943E-03 
9.62518E-03 -8.55722E-03 
7.68098E-03 -6.95088E-03 
6.07433E-03 -5.57478E-03 
4.79072E-03 -4.44502E-03 
3.79296E-03 -3.54870E-03 
3.03932E-03 -2.86152E-03 
2.46763E-03 -2.33403E-03 
2.03084E-03 -1.92749E-03 
1.69279E-03 -1.61081E-03 
1.42599E-03 -1.35969E-03 
1.21075E-03 -1.15641E-03 
1.03383E-03 -9.88920E-04 
8.87344E-04 -8.50025E-04 
7.68661E-04 -7.37427E-04 
6.79985E-04 -6.53413E-04 
6.19483E-04 -5.96359E-04 
5.67304E-04 -5.47161E-04 
5.04484E-04 -4.87438E-04 
2.58832E-02 -1.84742E-02 
2.30287E-02 -1.71941E-02 
2.02051E-02 -1.57182E-02 
1.74555E-02 -1.40894E-02 
1.48046E-02 -1.23459E-02 
1.23146E-02 -1.05643E-02 
1.00451E-02 -8.82765E-03 
8.47213E-03 -7.56474E-03 
8.04515E-03 -7.21390E-03 
6.22447E-03 -5.68071E-03 
4.75781E-03 -4.40305E-03 
3.62047E-03 -3.38674E-03 
2.76561E-03 -2.60824E-03 
2.14218E-03 -2.03270E-03 
1.68695E-03 -1.60790E-03 
1.35206E-03 -1.29298E-03 
1.10203E-03 -1.05653E-03 
9.10981E-04 -8.75145E-04 
7.61059E-04 -7.32400E-04 
6.40549E-04 -6.17442E-04 
5.42431E-04 -5.23736E-04 
4.63705E-04 -4.48532E-04 
4.04646E-04 -3.92224E-04 
3.63301E-04 -3.53014E-04 
3.27622E-04 -3.19185E-04 
2.86842E-04 -2.80158E-04 
2.42390E-02 -1.74113E-02 
2.13568E-02 -1.60562E-02 
1.85213E-02 -1.45148E-02 
1.57776E-02 -1.28338E-02 
1.31556E-02 -1.10588E-02 
1.07203E-02 -9.27193E-03 
8.53204E-03 -7.55994E-03 
7.03898E-03 -6.33703E-03 
6.63787E-03 -6.00116E-03 
4.95284E-03 -4.55707E-03 
3.63452E-03 -3.39048E-03 
2.64696E-03 -2.49548E-03 
1.93335E-03 -1.83726E-03 
1.43409E-03 -1.37097E-03 
1.08571E-03 -1.04241E-03 
8.40702E-04 -8.09775E-04 
6.65447E-04 -6.42575E-04 
5.36597E-04 -5.19247E-04 
4.38737E-04 -4.25382E-04 
3.62112E-04 -3.51789E-04 
3.00920E-04 -2.92980E-04 
2.52322E-04 -2.46287E-04 
2.15572E-04 -2.11074E-04 
1.88922E-04 -1.85702E-04 
1.65898E-04 -1.63788E-04 
1.41335E-04 -1.40151E-04 
2.26775E-02 -1.63886E-02 
1.97781E-02 -1.49677E-02 
1.69417E-02 -1.33709E-02 
1.42158E-02 -1.16497E-02 
1.16357E-02 -9.85673E-03 
9.26837E-03 -8.07952E-03 
7.17454E-03 -6.40779E-03 
5.77090E-03 -5.23680E-03 
5.39823E-03 -4.91925E-03 
3.85912E-03 -3.57865E-03 
2.69521E-03 -2.53360E-03 
1.85833E-03 -1.76511E-03 
1.28161E-03 -1.22678E-03 
8.98039E-04 -8.64621E-04 
6.44946E-04 -6.23533E-04 
4.76514E-04 -4.62148E-04 
3.62144E-04 -3.52135E-04 
2.81854E-04 -2.74718E-04 
2.23174E-04 -2.18065E-04 
1.78582E-04 -1.74989E-04 
1.43713E-04 -1.41308E-04 
1.16248E-04 -1.14806E-04 
9.50759E-05 -9.44553E-05 
7.88173E-05 -7.89479E-05 
6.47255E-05 -6.55110E-05 
5.12065E-05 -5.24469E-05 
2.11981E-02 -1.54081E-02 
1.82912E-02 -1.39301E-02 
1.54644E-02 -1.22881E-02 
1.27679E-02 -1.05384E-02 
1.02417E-02 -8.74068E-03 
7.95484E-03 -6.98746E-03 
5.96740E-03 -5.37075E-03 
4.66147E-03 -4.26260E-03 
4.31939E-03 -3.96639E-03 
2.93433E-03 -2.74168E-03 
1.92823E-03 -1.82602E-03 
1.23995E-03 -1.18619E-03 
7.92802E-04 -7.64132E-04 
5.13900E-04 -4.98113E-04 
3.42685E-04 -3.33487E-04 
2.36493E-04 -2.30873E-04 
1.68904E-04 -1.65367E-04 
1.23967E-04 -1.21753E-04 
9.24658E-05 -9.11733E-05 
6.92147E-05 -6.86141E-05 
5.13378E-05 -5.12871E-05 
3.72186E-05 -3.76301E-05 
2.57815E-05 -2.66240E-05 
1.60492E-05 -1.73329E-05 
7.55618E-06 -9.22542E-06 
7.80653E-07 -2.66144E-06 
1.97992E-02 -1.44708E-02 
1.68941E-02 -1.29443E-02 
1.40868E-02 -1.12670E-02 
1.14304E-02 -9.50006E-03 
8.96943E-03 -7.71026E-03 
6.77436E-03 -5.99459E-03 
4.90387E-03 -4.44652E-03 
3.70255E-03 -3.41097E-03 
3.39279E-03 -3.13870E-03 
2.16740E-03 -2.03992E-03 
1.31954E-03 -1.25848E-03 
7.74490E-04 -7.45985E-04 
4.46467E-04 -4.33130E-04 
2.58660E-04 -2.52298E-04 
1.54275E-04 -1.51054E-04 
9.53856E-05 -9.37052E-05 
6.07848E-05 -5.99432E-05 
3.89957E-05 -3.86765E-05 
2.41095E-05 -2.41613E-05 
1.31607E-05 -1.35028E-05 
4.63783E-06 -5.22211E-06 
-2.37496E-06 1.57372E-06 
-8.74040E-06 7.71454E-06 
-1.51068E-05 1.38268E-05 
-2.07002E-05 1.91985E-05 
-2.39752E-05 2.23784E-05 
1.84786E-02 -1.35770E-02 
1.55838E-02 -1.20102E-02 
1.28054E-02 -1.03070E-02 
1.01990E-02 -8.53379E-03 
7.81362E-03 -6.76388E-03 
5.72045E-03 -5.09840E-03 
3.97592E-03 -3.63126E-03 
2.88464E-03 -2.67670E-03 
2.60842E-03 -2.43049E-03 
1.54561E-03 -1.46500E-03 
8.53128E-04 -8.19217E-04 
4.42439E-04 -4.28923E-04 
2.19806E-04 -2.14526E-04 
1.07038E-04 -1.05003E-04 
5.31242E-05 -5.22973E-05 
2.65282E-05 -2.62183E-05 
1.20800E-05 -1.20341E-05 
2.87720E-06 -2.99718E-06 
-3.95219E-06 3.70786E-06 
-9.51853E-06 9.17013E-06 
-1.42726E-05 1.38316E-05 
-1.85937E-05 1.80637E-05 
-2.31448E-05 2.25146E-05 
-2.83797E-05 2.76291E-05 
-3.29418E-05 3.20869E-05 
-3.47997E-05 3.39078E-05 
1.72347E-02 -1.27272E-02 
1.43584E-02 -1.11282E-02 
1.16174E-02 -9.40828E-03 
9.07023E-03 -7.63893E-03 
6.76955E-03 -5.90009E-03 
4.78698E-03 -4.29630E-03 
3.17559E-03 -2.92079E-03 
2.19803E-03 -2.05392E-03 
1.95601E-03 -1.83536E-03 
1.05553E-03 -1.00733E-03 
5.11879E-04 -4.94754E-04 
2.22780E-04 -2.17281E-04 
8.83705E-05 -8.66973E-05 
3.22689E-05 -3.17993E-05 
1.16832E-05 -1.15466E-05 
3.07835E-06 -3.06033E-06 
-2.26312E-06 2.23478E-06 
-7.06447E-06 7.02345E-06 
-1.18292E-05 1.17923E-05 
-1.64314E-05 1.64046E-05 
-2.07151E-05 2.06983E-05 
-2.47991E-05 2.47897E-05 
-2.92836E-05 2.92787E-05 
-3.45702E-05 3.45679E-05 
-3.90408E-05 3.90398E-05 
-4.04310E-05 4.04307E-05 
---
