PdfType: replica
Format: lhagrid1
---
1.00000E-06 1.28121E-06 1.64152E-06 2.10317E-06 2.69463E-06 3.45242E-06 4.42329E-06 5.66715E-06 7.26076E-06 9.30241E-06 1.19180E-05 1.52689E-05 1.95617E-05 2.50609E-05 3.21053E-05 4.11287E-05 5.26863E-05 6.74889E-05 8.64459E-05 1.10720E-04 1.41800E-04 1.81585E-04 2.32503E-04 2.97652E-04 3.80981E-04 4.87518E-04 6.26039E-04 8.00452E-04 1.02297E-03 1.30657E-03 1.66759E-03 2.12729E-03 2.71054E-03 3.44865E-03 4.37927E-03 5.54908E-03 7.01192E-03 8.83064E-03 1.10763E-02 1.38266E-02 1.71641E-02 2.11717E-02 2.59364E-02 3.15062E-02 3.79623E-02 4.53425E-02 5.36750E-02 6.29705E-02 7.32221E-02 8.44039E-02 9.64793E-02 1.09332E-01 1.23067E-01 1.37507E-01 1.52639E-01 1.68416E-01 1.84794E-01 2.01731E-01 2.19016E-01 2.36948E-01 2.55242E-01 2.73927E-01 2.92954E-01 3.12340E-01 3.32036E-01 3.52019E-01 3.72282E-01 3.92772E-01 4.13533E-01 4.34326E-01 4.55495E-01 4.76836E-01 4.98342E-01 5.20006E-01 5.41818E-01 5.63773E-01 5.85861E-01 6.08077E-01 6.30459E-01 6.52800E-01 6.75387E-01 6.98063E-01 7.20830E-01 7.43683E-01 7.66623E-01 7.89636E-01 8.12791E-01 8.35940E-01 8.59175E-01 8.82485E-01 9.05866E-01 9.29311E-01 9.52817E-01 9.76387E-01 1.00000E+00 
1.14018E+00 1.22539E+00 1.32482E+00 1.44156E+00 1.57954E+00 1.74381E+00 1.94091E+00 2.12132E+00 2.17945E+00 2.49622E+00 2.89383E+00 3.39925E+00 4.05063E+00 4.90286E+00 6.03623E+00 7.57063E+00 9.68869E+00 1.26749E+01 1.69835E+01 2.33578E+01 3.30501E+01 4.82334E+01 7.28041E+01 1.13998E+02 1.85779E+02 3.16228E+02 
908 909 
-9.47529E-03 2.90722E-04 
-8.29897E-03 2.93954E-04 
-7.17326E-03 2.97702E-04 
-6.15106E-03 3.00095E-04 
-5.22043E-03 3.02461E-04 
-4.38491E-03 3.04796E-04 
-3.64587E-03 3.07100E-04 
-3.13987E-03 3.08861E-04 
-3.00260E-03 3.09373E-04 
-2.41298E-03 3.11795E-04 
-1.92524E-03 3.14198E-04 
-1.53097E-03 3.16600E-04 
-1.22007E-03 3.19027E-04 
-9.74666E-04 3.21990E-04 
-7.97293E-04 3.24535E-04 
-6.69246E-04 3.27296E-04 
-5.80523E-04 3.30355E-04 
-5.23081E-04 3.33821E-04 
-4.92419E-04 3.37864E-04 
-4.92185E-04 3.42797E-04 
-5.49917E-04 3.49353E-04 
-7.64519E-04 3.59531E-04 
-1.38082E-03 3.78019E-04 
-2.63800E-03 4.10034E-04 
-4.17569E-03 4.50852E-04 
-5.25633E-03 4.87902E-04 
-9.21871E-03 2.90290E-04 
-8.06425E-03 2.93372E-04 
-6.95878E-03 2.97050E-04 
-5.95542E-03 2.99320E-04 
-5.04186E-03 3.01574E-04 
-4.22155E-03 3.03808E-04 
-3.49586E-03 3.06023E-04 
-2.99891E-03 3.07725E-04 
-2.86409E-03 3.08222E-04 
-2.28486E-03 3.10584E-04 
-1.80556E-03 3.12952E-04 
-1.41795E-03 3.15348E-04 
-1.11212E-03 3.17806E-04 
-8.70401E-04 3.20932E-04 
-6.95663E-04 3.23635E-04 
-5.69333E-04 3.26615E-04 
-4.81609E-04 3.29965E-04 
-4.24620E-04 3.33808E-04 
-3.93987E-04 3.38330E-04 
-3.93426E-04 3.43869E-04 
-4.50427E-04 3.51208E-04 
-6.63575E-04 3.62479E-04 
-1.27688E-03 3.82706E-04 
-2.52866E-03 4.17578E-04 
-4.05961E-03 4.62224E-04 
-5.13453E-03 5.03203E-04 
-8.96288E-03 2.86731E-04 
-7.82971E-03 2.89741E-04 
-6.74399E-03 2.93482E-04 
-5.75899E-03 2.95711E-04 
-4.86206E-03 2.97935E-04 
-4.05659E-03 3.00153E-04 
-3.34393E-03 3.02368E-04 
-2.85583E-03 3.04084E-04 
-2.72339E-03 3.04586E-04 
-2.15434E-03 3.06992E-04 
-1.68331E-03 3.09433E-04 
-1.30224E-03 3.11939E-04 
-1.00143E-03 3.14548E-04 
-7.63338E-04 3.17978E-04 
-5.91223E-04 3.20975E-04 
-4.66618E-04 3.24320E-04 
-3.79913E-04 3.28116E-04 
-3.23399E-04 3.32502E-04 
-2.92814E-04 3.37681E-04 
-2.91932E-04 3.44015E-04 
-3.48180E-04 3.52344E-04 
-5.59805E-04 3.64938E-04 
-1.16993E-03 3.87193E-04 
-2.41595E-03 4.25316E-04 
-3.93965E-03 4.74290E-04 
-5.00832E-03 5.19717E-04 
-8.70948E-03 2.80689E-04 
-7.59694E-03 2.83712E-04 
-6.53038E-03 2.87653E-04 
-5.56319E-03 2.89926E-04 
-4.68239E-03 2.92208E-04 
-3.89133E-03 2.94501E-04 
-3.19132E-03 2.96810E-04 
-2.71182E-03 2.98611E-04 
-2.58170E-03 2.99142E-04 
-2.02254E-03 3.01699E-04 
-1.55957E-03 3.04327E-04 
-1.18488E-03 3.07060E-04 
-8.88957E-04 3.09945E-04 
-6.54413E-04 3.13817E-04 
-4.84868E-04 3.17249E-04 
-3.61954E-04 3.21108E-04 
-2.76248E-04 3.25508E-04 
-2.20190E-04 3.30605E-04 
-1.89629E-04 3.36621E-04 
-1.88387E-04 3.43946E-04 
-2.43818E-04 3.53476E-04 
-4.53802E-04 3.67640E-04 
-1.06052E-03 3.92242E-04 
-2.30038E-03 4.34072E-04 
-3.81626E-03 4.87949E-04 
-4.87809E-03 5.38398E-04 
-8.45939E-03 2.72847E-04 
-7.36683E-03 2.75966E-04 
-6.31882E-03 2.80234E-04 
-5.36887E-03 2.82633E-04 
-4.50371E-03 2.85059E-04 
-3.72661E-03 2.87515E-04 
-3.03886E-03 2.90006E-04 
-2.56770E-03 2.91966E-04 
-2.43983E-03 2.92546E-04 
-1.89026E-03 2.95359E-04 
-1.43511E-03 2.98282E-04 
-1.06662E-03 3.01356E-04 
-7.75447E-04 3.04638E-04 
-5.44322E-04 3.09091E-04 
-3.77260E-04 3.13095E-04 
-2.55970E-04 3.17613E-04 
-1.71202E-04 3.22775E-04 
-1.15539E-04 3.28752E-04 
-8.49351E-05 3.35785E-04 
-8.32477E-05 3.44297E-04 
-1.37748E-04 3.55245E-04 
-3.45926E-04 3.71237E-04 
-9.48968E-04 3.98536E-04 
-2.18219E-03 4.44587E-04 
-3.68960E-03 5.04015E-04 
-4.74390E-03 5.60116E-04 
-8.21287E-03 2.63824E-04 
-7.13969E-03 2.67117E-04 
-6.10963E-03 2.71822E-04 
-5.17642E-03 2.74426E-04 
-4.32642E-03 2.77074E-04 
-3.56286E-03 2.79772E-04 
-2.88701E-03 2.82529E-04 
-2.42393E-03 2.84714E-04 
-2.29824E-03 2.85363E-04 
-1.75798E-03 2.88530E-04 
-1.31041E-03 2.91850E-04 
-9.47915E-04 2.95375E-04 
-6.61338E-04 2.99170E-04 
-4.33483E-04 3.04335E-04 
-2.68791E-04 3.09046E-04 
-1.49026E-04 3.14368E-04 
-6.51008E-05 3.20448E-04 
-9.73615E-06 3.27472E-04 
2.10219E-05 3.35706E-04 
2.32842E-05 3.45603E-04 
-3.01242E-05 3.58194E-04 
-2.36277E-04 3.76283E-04 
-8.35305E-04 4.06660E-04 
-2.06135E-03 4.57507E-04 
-3.55956E-03 5.23209E-04 
-4.60553E-03 5.85647E-04 
-7.96978E-03 2.54123E-04 
-6.91544E-03 2.57654E-04 
-5.90281E-03 2.62898E-04 
-4.98587E-03 2.65773E-04 
-4.15060E-03 2.68714E-04 
-3.40020E-03 2.71727E-04 
-2.73591E-03 2.74827E-04 
-2.28068E-03 2.77298E-04 
-2.15711E-03 2.78035E-04 
-1.62587E-03 2.81646E-04 
-1.18565E-03 2.85462E-04 
-8.28964E-04 2.89543E-04 
-5.46817E-04 2.93964E-04 
-3.22065E-04 2.99971E-04 
-1.59610E-04 3.05522E-04 
-4.12428E-05 3.11793E-04 
4.19645E-05 3.18948E-04 
9.71646E-05 3.27191E-04 
1.28225E-04 3.36811E-04 
1.31234E-04 3.48299E-04 
7.91259E-05 3.62764E-04 
-1.24731E-04 3.83239E-04 
-7.19346E-04 4.17108E-04 
-1.93759E-03 4.73389E-04 
-3.42574E-03 5.46163E-04 
-4.46245E-03 6.15680E-04 
-7.72971E-03 2.44106E-04 
-6.69374E-03 2.47934E-04 
-5.69806E-03 2.53806E-04 
-4.79697E-03 2.57015E-04 
-3.97608E-03 2.60311E-04 
-3.23850E-03 2.63707E-04 
-2.58546E-03 2.67221E-04 
-2.13787E-03 2.70036E-04 
-2.01636E-03 2.70878E-04 
-1.49390E-03 2.75022E-04 
-1.06080E-03 2.79429E-04 
-7.09729E-04 2.84170E-04 
-4.31844E-04 2.89331E-04 
-2.10016E-04 2.96311E-04 
-4.96471E-05 3.02837E-04 
6.74710E-05 3.10207E-04 
1.50114E-04 3.18599E-04 
2.05315E-04 3.28239E-04 
2.36861E-04 3.39442E-04 
2.40829E-04 3.52737E-04 
1.90273E-04 3.69323E-04 
-1.09667E-05 3.92493E-04 
-6.00701E-04 4.30308E-04 
-1.81041E-03 4.92725E-04 
-3.28752E-03 5.73451E-04 
-4.31394E-03 6.50853E-04 
-7.49207E-03 2.34009E-04 
-6.47408E-03 2.38182E-04 
-5.49491E-03 2.44766E-04 
-4.60934E-03 2.48366E-04 
-3.80249E-03 2.52079E-04 
-3.07743E-03 2.55922E-04 
-2.43538E-03 2.59918E-04 
-1.99524E-03 2.63135E-04 
-1.87574E-03 2.64100E-04 
-1.36182E-03 2.68865E-04 
-9.35640E-04 2.73961E-04 
-5.89996E-04 2.79470E-04 
-3.16202E-04 2.85490E-04 
-9.71080E-05 2.93580E-04 
6.13413E-05 3.01227E-04 
1.77378E-04 3.09854E-04 
2.59635E-04 3.19658E-04 
3.15030E-04 3.30887E-04 
3.47280E-04 3.43882E-04 
3.52455E-04 3.59217E-04 
3.03746E-04 3.78192E-04 
1.05498E-04 4.04391E-04 
-4.78813E-04 4.46650E-04 
-1.67914E-03 5.15980E-04 
-3.14409E-03 6.05625E-04 
-4.15903E-03 6.91787E-04 
-7.25621E-03 2.23955E-04 
-6.25586E-03 2.28520E-04 
-5.29283E-03 2.35901E-04 
-4.42246E-03 2.39947E-04 
-3.62937E-03 2.44138E-04 
-2.91658E-03 2.48493E-04 
-2.28527E-03 2.53044E-04 
-1.85241E-03 2.56724E-04 
-1.73487E-03 2.57829E-04 
-1.22928E-03 2.63310E-04 
-8.09823E-04 2.69200E-04 
-4.69422E-04 2.75594E-04 
-1.99548E-04 2.82604E-04 
1.70128E-05 2.91952E-04 
1.73722E-04 3.00878E-04 
2.88865E-04 3.10936E-04 
3.70937E-04 3.22344E-04 
4.26747E-04 3.35372E-04 
4.59950E-04 3.50391E-04 
4.66618E-04 3.68022E-04 
4.20093E-04 3.89677E-04 
2.25266E-04 4.19275E-04 
-3.53002E-04 4.66527E-04 
-1.54300E-03 5.43626E-04 
-2.99451E-03 6.43251E-04 
-3.99663E-03 7.39123E-04 
-7.02151E-03 2.13993E-04 
-6.03848E-03 2.18996E-04 
-5.09124E-03 2.27262E-04 
-4.23581E-03 2.31815E-04 
-3.45623E-03 2.36547E-04 
-2.75547E-03 2.41487E-04 
-2.13469E-03 2.46672E-04 
-1.70894E-03 2.50881E-04 
-1.59332E-03 2.52149E-04 
-1.09585E-03 2.58451E-04 
-6.82923E-04 2.65254E-04 
-3.47586E-04 2.72665E-04 
-8.14527E-05 2.80811E-04 
1.32787E-04 2.91584E-04 
2.87950E-04 3.01966E-04 
4.02407E-04 3.13651E-04 
4.84517E-04 3.26877E-04 
5.40993E-04 3.41940E-04 
5.75431E-04 3.59240E-04 
5.83915E-04 3.79452E-04 
5.39956E-04 4.04111E-04 
3.49035E-04 4.37513E-04 
-2.22486E-04 4.90364E-04 
-1.40105E-03 5.76176E-04 
-2.83768E-03 6.86947E-04 
-3.82548E-03 7.93559E-04 
-6.78735E-03 2.04128E-04 
-5.82137E-03 2.09618E-04 
-4.88958E-03 2.18867E-04 
-4.04885E-03 2.23994E-04 
-3.28255E-03 2.29343E-04 
-2.59359E-03 2.34950E-04 
-1.98313E-03 2.40860E-04 
-1.56435E-03 2.45677E-04 
-1.45060E-03 2.47131E-04 
-9.61055E-04 2.54378E-04 
-5.54469E-04 2.62231E-04 
-2.24009E-04 2.70812E-04 
3.85665E-05 2.80265E-04 
2.50712E-04 2.92649E-04 
4.04542E-04 3.04691E-04 
5.18539E-04 3.18225E-04 
6.00940E-04 3.33513E-04 
6.58361E-04 3.50876E-04 
6.94349E-04 3.70748E-04 
7.05013E-04 3.93856E-04 
6.64050E-04 4.21879E-04 
4.77582E-04 4.59539E-04 
-8.63933E-05 5.18658E-04 
-1.25229E-03 6.14227E-04 
-2.67239E-03 7.37421E-04 
-3.64419E-03 8.55893E-04 
-6.55319E-03 1.94357E-04 
-5.60400E-03 2.00394E-04 
-4.68735E-03 2.10738E-04 
-3.86106E-03 2.16518E-04 
-3.10781E-03 2.22571E-04 
-2.43045E-03 2.28942E-04 
-1.83011E-03 2.35687E-04 
-1.41815E-03 2.41204E-04 
-1.30623E-03 2.42873E-04 
-8.24409E-04 2.51210E-04 
-4.23970E-04 2.60275E-04 
-9.81966E-05 2.70207E-04 
1.61019E-04 2.81164E-04 
3.71318E-04 2.95375E-04 
5.24046E-04 3.09309E-04 
6.37836E-04 3.24947E-04 
7.20806E-04 3.42575E-04 
7.79486E-04 3.62539E-04 
8.17380E-04 3.85307E-04 
8.30632E-04 4.11669E-04 
7.93147E-04 4.43457E-04 
6.11748E-04 4.85873E-04 
5.62211E-05 5.52003E-04 
-1.09560E-03 6.58477E-04 
-2.49733E-03 7.95497E-04 
-3.45126E-03 9.27040E-04 
-6.31855E-03 1.84704E-04 
-5.38590E-03 1.91359E-04 
-4.48405E-03 2.02925E-04 
-3.67199E-03 2.09455E-04 
-2.93156E-03 2.16319E-04 
-2.26558E-03 2.23573E-04 
-1.67515E-03 2.31282E-04 
-1.26986E-03 2.37611E-04 
-1.15973E-03 2.39528E-04 
-6.85428E-04 2.49129E-04 
-2.90934E-04 2.59599E-04 
3.03605E-05 2.71093E-04 
2.86429E-04 2.83787E-04 
4.95153E-04 3.00069E-04 
6.47037E-04 3.16163E-04 
7.60902E-04 3.34197E-04 
8.44755E-04 3.54481E-04 
9.05046E-04 3.77387E-04 
9.45246E-04 4.03419E-04 
9.61545E-04 4.33431E-04 
9.28081E-04 4.69429E-04 
7.52444E-04 5.17155E-04 
2.06383E-04 5.91113E-04 
-9.29767E-04 7.09758E-04 
-2.31105E-03 8.62136E-04 
-3.24502E-03 1.00806E-03 
-6.08302E-03 1.75250E-04 
-5.16664E-03 1.82609E-04 
-4.27925E-03 1.95545E-04 
-3.48117E-03 2.02941E-04 
-2.75335E-03 2.10745E-04 
-2.09853E-03 2.19023E-04 
-1.51780E-03 2.27856E-04 
-1.11902E-03 2.35129E-04 
-1.01063E-03 2.37336E-04 
-5.43627E-04 2.48407E-04 
-1.54857E-04 2.60508E-04 
1.62184E-04 2.73813E-04 
4.15343E-04 2.88514E-04 
6.22793E-04 3.07146E-04 
7.74121E-04 3.25709E-04 
8.88380E-04 3.46473E-04 
9.73470E-04 3.69770E-04 
1.03577E-03 3.96002E-04 
1.07873E-03 4.25708E-04 
1.09859E-03 4.59813E-04 
1.06976E-03 5.00514E-04 
9.00666E-04 5.54160E-04 
3.65218E-04 6.36844E-04 
-7.53472E-04 7.69052E-04 
-2.11197E-03 9.38462E-04 
-3.02367E-03 1.10017E-03 
-5.84619E-03 1.66155E-04 
-4.94583E-03 1.74327E-04 
-4.07254E-03 1.88798E-04 
-3.28819E-03 1.97201E-04 
-2.57273E-03 2.06100E-04 
-1.92885E-03 2.15576E-04 
-1.35760E-03 2.25721E-04 
-9.65152E-04 2.34097E-04 
-8.58447E-04 2.36642E-04 
-3.98512E-04 2.49428E-04 
-1.52239E-05 2.63429E-04 
2.97815E-04 2.78835E-04 
5.48332E-04 2.95855E-04 
7.54847E-04 3.17152E-04 
9.05947E-04 3.38537E-04 
1.02096E-03 3.62408E-04 
1.10769E-03 3.89124E-04 
1.17245E-03 4.19112E-04 
1.21868E-03 4.52950E-04 
1.24270E-03 4.91636E-04 
1.21919E-03 5.37581E-04 
1.05751E-03 5.97813E-04 
5.33974E-04 6.90212E-04 
-5.65239E-04 8.37504E-04 
-1.89835E-03 1.02577E-03 
-2.78517E-03 1.20477E-03 
-5.60770E-03 1.57685E-04 
-4.72308E-03 1.66800E-04 
-3.86350E-03 1.82992E-04 
-3.09262E-03 1.92573E-04 
-2.38927E-03 2.02756E-04 
-1.75608E-03 2.13634E-04 
-1.19406E-03 2.25316E-04 
-8.07768E-04 2.34984E-04 
-7.02698E-04 2.37925E-04 
-2.49563E-04 2.52714E-04 
1.28512E-04 2.68926E-04 
4.37833E-04 2.86769E-04 
6.86012E-04 3.06469E-04 
8.91976E-04 3.30784E-04 
1.04322E-03 3.55390E-04 
1.15940E-03 3.82796E-04 
1.24823E-03 4.13383E-04 
1.31597E-03 4.47606E-04 
1.36605E-03 4.86080E-04 
1.39489E-03 5.29885E-04 
1.37748E-03 5.81665E-04 
1.22422E-03 6.49209E-04 
7.14047E-04 7.52398E-04 
-3.63415E-04 9.16435E-04 
-1.66819E-03 1.12552E-03 
-2.52728E-03 1.32342E-03 
-5.36715E-03 1.50225E-04 
-4.49799E-03 1.60445E-04 
-3.65169E-03 1.78562E-04 
-2.89401E-03 1.89524E-04 
-2.20250E-03 2.01215E-04 
-1.57973E-03 2.13741E-04 
-1.02669E-03 2.27227E-04 
-6.46336E-04 2.38407E-04 
-5.42841E-04 2.41810E-04 
-9.62149E-05 2.58937E-04 
2.76954E-04 2.77722E-04 
5.82881E-04 2.98390E-04 
8.29069E-04 3.21182E-04 
1.03492E-03 3.48907E-04 
1.18673E-03 3.77184E-04 
1.30455E-03 4.08602E-04 
1.39601E-03 4.43565E-04 
1.46732E-03 4.82552E-04 
1.52192E-03 5.26217E-04 
1.55633E-03 5.75723E-04 
1.54591E-03 6.33976E-04 
1.40219E-03 7.09618E-04 
9.07023E-04 8.24761E-04 
-1.46129E-04 1.00735E-03 
-1.41929E-03 1.23938E-03 
-2.24745E-03 1.45786E-03 
-5.12409E-03 1.44302E-04 
-4.27010E-03 1.55822E-04 
-3.43661E-03 1.76084E-04 
-2.69184E-03 1.88672E-04 
-2.01188E-03 2.02135E-04 
-1.39924E-03 2.16597E-04 
-8.54889E-04 2.32199E-04 
-4.80258E-04 2.45150E-04 
-3.78271E-04 2.49093E-04 
6.21765E-05 2.68947E-04 
4.30785E-04 2.90720E-04 
7.33689E-04 3.14653E-04 
9.78290E-04 3.41002E-04 
1.18453E-03 3.72570E-04 
1.33740E-03 4.05023E-04 
1.45740E-03 4.40984E-04 
1.55209E-03 4.80879E-04 
1.62765E-03 5.25210E-04 
1.68754E-03 5.74667E-04 
1.72837E-03 6.30503E-04 
1.72594E-03 6.95914E-04 
1.59302E-03 7.80492E-04 
1.11472E-03 9.08843E-04 
8.87552E-05 1.11192E-03 
-1.14912E-03 1.36916E-03 
-1.94280E-03 1.60998E-03 
-4.87800E-03 1.40600E-04 
-4.03886E-03 1.53655E-04 
-3.21770E-03 1.76295E-04 
-2.48553E-03 1.90797E-04 
-1.81681E-03 2.06345E-04 
-1.21399E-03 2.23082E-04 
-6.78005E-04 2.41163E-04 
-3.08838E-04 2.56182E-04 
-2.08283E-04 2.60756E-04 
2.26359E-04 2.83783E-04 
5.90804E-04 3.09017E-04 
8.91112E-04 3.36715E-04 
1.13459E-03 3.67146E-04 
1.34178E-03 4.03029E-04 
1.49629E-03 4.40216E-04 
1.61910E-03 4.81306E-04 
1.71772E-03 5.26741E-04 
1.79830E-03 5.77044E-04 
1.86433E-03 6.32941E-04 
1.91257E-03 6.95779E-04 
1.91927E-03 7.69072E-04 
1.79857E-03 8.63475E-04 
1.33922E-03 1.00637E-03 
3.43682E-04 1.23201E-03 
-8.54785E-04 1.51687E-03 
-1.61007E-03 1.78184E-03 
-4.62820E-03 1.39976E-04 
-3.80362E-03 1.54848E-04 
-2.99424E-03 1.80112E-04 
-2.27434E-03 1.96866E-04 
-1.61653E-03 2.14866E-04 
-1.02320E-03 2.34270E-04 
-4.95220E-04 2.55251E-04 
-1.31233E-04 2.72681E-04 
-3.20249E-05 2.77990E-04 
3.97233E-04 3.04699E-04 
7.57970E-04 3.33932E-04 
1.05618E-03 3.65957E-04 
1.29907E-03 4.01054E-04 
1.50787E-03 4.41760E-04 
1.66465E-03 4.84299E-04 
1.79099E-03 5.31158E-04 
1.89434E-03 5.82794E-04 
1.98083E-03 6.39745E-04 
2.05400E-03 7.02771E-04 
2.11077E-03 7.73318E-04 
2.12786E-03 8.55250E-04 
2.02100E-03 9.60406E-04 
1.58297E-03 1.11925E-03 
6.21482E-04 1.36966E-03 
-5.32980E-04 1.68466E-03 
-1.24552E-03 1.97561E-03 
-4.37393E-03 1.43485E-04 
-3.56359E-03 1.60513E-04 
-2.76540E-03 1.88649E-04 
-2.05742E-03 2.08053E-04 
-1.41016E-03 2.28933E-04 
-8.25939E-04 2.51461E-04 
-3.05582E-04 2.75824E-04 
5.35452E-05 2.96058E-04 
1.51504E-04 3.02218E-04 
5.75861E-04 3.33187E-04 
9.33412E-04 3.67021E-04 
1.23008E-03 4.04000E-04 
1.47302E-03 4.44412E-04 
1.68417E-03 4.90486E-04 
1.84398E-03 5.39050E-04 
1.97468E-03 5.92372E-04 
2.08367E-03 6.50916E-04 
2.17710E-03 7.15233E-04 
2.25852E-03 7.86110E-04 
2.32507E-03 8.65100E-04 
2.35402E-03 9.56449E-04 
2.26281E-03 1.07331E-03 
1.84872E-03 1.24958E-03 
9.25379E-04 1.52705E-03 
-1.79944E-04 1.87480E-03 
-8.44936E-04 2.19356E-03 
-4.11423E-03 1.52401E-04 
-3.31779E-03 1.71993E-04 
-2.53017E-03 2.03251E-04 
-1.83374E-03 2.25770E-04 
-1.19664E-03 2.50023E-04 
-6.21105E-04 2.76200E-04 
-1.07927E-04 3.04499E-04 
2.46704E-04 3.27982E-04 
3.43522E-04 3.35126E-04 
7.63530E-04 3.71005E-04 
1.11850E-03 4.10115E-04 
1.41429E-03 4.52744E-04 
1.65799E-03 4.99182E-04 
1.87234E-03 5.51196E-04 
2.03604E-03 6.06517E-04 
2.17206E-03 6.67044E-04 
2.28775E-03 7.33247E-04 
2.38926E-03 8.05679E-04 
2.48023E-03 8.85153E-04 
2.55799E-03 9.73330E-04 
2.60042E-03 1.07488E-03 
2.52689E-03 1.20441E-03 
2.13973E-03 1.39959E-03 
1.25910E-03 1.70651E-03 
2.08641E-04 2.08967E-03 
-4.03502E-04 2.43798E-03 
-3.84793E-03 1.68256E-04 
-3.06507E-03 1.90900E-04 
-2.28733E-03 2.25519E-04 
-1.60204E-03 2.51694E-04 
-9.74662E-04 2.79894E-04 
-4.07362E-04 3.10320E-04 
9.91367E-05 3.43183E-04 
4.49684E-04 3.70419E-04 
5.45489E-04 3.78697E-04 
9.61781E-04 4.20212E-04 
1.31486E-03 4.65346E-04 
1.61054E-03 5.14387E-04 
1.85583E-03 5.67629E-04 
2.07434E-03 6.26178E-04 
2.24293E-03 6.89034E-04 
2.38535E-03 7.57553E-04 
2.50895E-03 8.32197E-04 
2.61987E-03 9.13515E-04 
2.72185E-03 1.00234E-03 
2.81242E-03 1.10044E-03 
2.87017E-03 1.21295E-03 
2.81663E-03 1.35609E-03 
2.45972E-03 1.57168E-03 
1.62692E-03 1.91045E-03 
6.37695E-04 2.33166E-03 
8.42371E-05 2.71115E-03 
-3.57365E-03 1.92871E-04 
-2.80402E-03 2.19150E-04 
-2.03543E-03 2.57356E-04 
-1.36083E-03 2.87813E-04 
-7.42706E-04 3.20617E-04 
-1.83118E-04 3.55978E-04 
3.17267E-04 3.94114E-04 
6.64205E-04 4.25664E-04 
7.59140E-04 4.35243E-04 
1.17245E-03 4.83201E-04 
1.52444E-03 5.35180E-04 
1.82089E-03 5.91466E-04 
2.06873E-03 6.52345E-04 
2.29250E-03 7.18035E-04 
2.46712E-03 7.89249E-04 
2.61720E-03 8.66575E-04 
2.75008E-03 9.50458E-04 
2.87193E-03 1.04143E-03 
2.98655E-03 1.14034E-03 
3.09177E-03 1.24906E-03 
3.16691E-03 1.37324E-03 
3.13590E-03 1.53087E-03 
2.81298E-03 1.76833E-03 
2.03373E-03 2.14132E-03 
1.11281E-03 2.60314E-03 
6.24446E-04 3.01519E-03 
-3.28978E-03 2.28408E-04 
-2.53300E-03 2.59018E-04 
-1.77278E-03 3.01006E-04 
-1.10838E-03 3.36468E-04 
-4.98959E-04 3.74626E-04 
5.35105E-05 4.15696E-04 
5.48432E-04 4.59899E-04 
8.92305E-04 4.96391E-04 
9.86539E-04 5.07455E-04 
1.39771E-03 5.62741E-04 
1.74953E-03 6.22457E-04 
2.04777E-03 6.86880E-04 
2.29928E-03 7.56284E-04 
2.52954E-03 8.29713E-04 
2.71151E-03 9.10135E-04 
2.87069E-03 9.97094E-04 
3.01442E-03 1.09101E-03 
3.14891E-03 1.19238E-03 
3.27805E-03 1.30205E-03 
3.39996E-03 1.42203E-03 
3.49480E-03 1.55848E-03 
3.48920E-03 1.73136E-03 
3.20442E-03 1.99203E-03 
2.48510E-03 2.40151E-03 
1.64033E-03 2.90629E-03 
1.22408E-03 3.35196E-03 
-2.98972E-03 2.78300E-04 
-2.24559E-03 3.14157E-04 
-1.49298E-03 3.60143E-04 
-8.38377E-04 4.01533E-04 
-2.37170E-04 4.45998E-04 
3.08767E-04 4.93754E-04 
7.98909E-04 5.45021E-04 
1.14032E-03 5.87233E-04 
1.23404E-03 6.00012E-04 
1.64403E-03 6.63723E-04 
1.99680E-03 7.32275E-04 
2.29806E-03 8.05927E-04 
2.55462E-03 8.84933E-04 
2.79290E-03 9.66804E-04 
2.98387E-03 1.05745E-03 
3.15398E-03 1.15502E-03 
3.31057E-03 1.25988E-03 
3.45987E-03 1.37250E-03 
3.60593E-03 1.49370E-03 
3.74714E-03 1.62561E-03 
3.86464E-03 1.77500E-03 
3.88812E-03 1.96397E-03 
3.64682E-03 2.24938E-03 
2.99561E-03 2.69798E-03 
2.23705E-03 3.24846E-03 
1.90185E-03 3.72886E-03 
-2.68055E-03 3.44037E-04 
-1.94842E-03 3.86040E-04 
-1.20239E-03 4.36060E-04 
-5.56779E-04 4.84228E-04 
3.70629E-05 5.35861E-04 
5.77366E-04 5.91166E-04 
1.06368E-03 6.50356E-04 
1.40341E-03 6.98949E-04 
1.49685E-03 7.13633E-04 
1.90684E-03 7.86669E-04 
2.26180E-03 8.64930E-04 
2.56740E-03 9.48649E-04 
2.83043E-03 1.03805E-03 
3.07821E-03 1.12874E-03 
3.27977E-03 1.23027E-03 
3.46254E-03 1.33903E-03 
3.63384E-03 1.45533E-03 
3.79996E-03 1.57957E-03 
3.96506E-03 1.71255E-03 
4.12787E-03 1.85651E-03 
4.27060E-03 2.01885E-03 
4.32627E-03 2.22397E-03 
4.13295E-03 2.53458E-03 
3.55671E-03 3.02336E-03 
2.89261E-03 3.62036E-03 
2.64555E-03 4.13487E-03 
-2.35509E-03 4.29809E-04 
-1.63444E-03 4.79100E-04 
-8.94017E-04 5.33171E-04 
-2.56655E-04 5.89167E-04 
3.30655E-04 6.49017E-04 
8.66251E-04 7.12920E-04 
1.34977E-03 7.81071E-04 
1.68867E-03 8.36835E-04 
1.78210E-03 8.53653E-04 
2.19342E-03 9.37082E-04 
2.55202E-03 1.02608E-03 
2.86356E-03 1.12084E-03 
3.13477E-03 1.22154E-03 
3.39382E-03 1.32145E-03 
3.60797E-03 1.43460E-03 
3.80555E-03 1.55518E-03 
3.99389E-03 1.68341E-03 
4.17932E-03 1.81962E-03 
4.36614E-03 1.96456E-03 
4.55344E-03 2.12057E-03 
4.72459E-03 2.29574E-03 
4.81639E-03 2.51696E-03 
4.67676E-03 2.85318E-03 
4.18416E-03 3.38323E-03 
3.62498E-03 4.02753E-03 
3.47502E-03 4.57525E-03 
-2.01041E-03 5.39708E-04 
-1.30063E-03 5.97603E-04 
-5.64764E-04 6.55641E-04 
6.52292E-05 7.20616E-04 
6.46991E-04 7.89826E-04 
1.17897E-03 8.63445E-04 
1.66090E-03 9.41645E-04 
1.99999E-03 1.00540E-03 
2.09371E-03 1.02458E-03 
2.50791E-03 1.11948E-03 
2.87186E-03 1.22022E-03 
3.19117E-03 1.32695E-03 
3.47255E-03 1.43979E-03 
3.74487E-03 1.54916E-03 
3.97390E-03 1.67449E-03 
4.18874E-03 1.80731E-03 
4.39676E-03 1.94773E-03 
4.60431E-03 2.09595E-03 
4.81585E-03 2.25268E-03 
5.03086E-03 2.42035E-03 
5.23400E-03 2.60779E-03 
5.36626E-03 2.84452E-03 
5.28658E-03 3.20613E-03 
4.88716E-03 3.77779E-03 
4.44429E-03 4.46920E-03 
4.40102E-03 5.04812E-03 
-1.64310E-03 6.78453E-04 
-9.43463E-04 7.46444E-04 
-2.11032E-04 8.08231E-04 
4.12643E-04 8.83427E-04 
9.90029E-04 9.63202E-04 
1.51969E-03 1.04770E-03 
2.00145E-03 1.13705E-03 
2.34193E-03 1.20960E-03 
2.43630E-03 1.23138E-03 
2.85521E-03 1.33879E-03 
3.22648E-03 1.45221E-03 
3.55571E-03 1.57172E-03 
3.84955E-03 1.69736E-03 
4.13738E-03 1.81617E-03 
4.38390E-03 1.95402E-03 
4.61882E-03 2.09919E-03 
4.84949E-03 2.25167E-03 
5.08234E-03 2.41154E-03 
5.32194E-03 2.57939E-03 
5.56823E-03 2.75779E-03 
5.80727E-03 2.95630E-03 
5.98474E-03 3.20727E-03 
5.97188E-03 3.59327E-03 
5.67604E-03 4.20580E-03 
5.36183E-03 4.94285E-03 
5.43544E-03 5.54961E-03 
-1.24865E-03 8.51708E-04 
-5.58229E-04 9.31470E-04 
1.71949E-04 9.96623E-04 
7.90569E-04 1.08335E-03 
1.36498E-03 1.17494E-03 
1.89388E-03 1.27149E-03 
2.37716E-03 1.37308E-03 
2.72044E-03 1.45520E-03 
2.81590E-03 1.47979E-03 
3.24167E-03 1.60064E-03 
3.62259E-03 1.72752E-03 
3.96424E-03 1.86043E-03 
4.27322E-03 1.99931E-03 
4.57911E-03 2.12722E-03 
4.84614E-03 2.27752E-03 
5.10436E-03 2.43473E-03 
5.36110E-03 2.59866E-03 
5.62285E-03 2.76922E-03 
5.89430E-03 2.94691E-03 
6.17585E-03 3.13439E-03 
6.45513E-03 3.34201E-03 
6.68306E-03 3.60508E-03 
6.74459E-03 4.01340E-03 
6.56379E-03 4.66479E-03 
6.39171E-03 5.44441E-03 
6.59310E-03 6.07402E-03 
-8.23241E-04 1.06522E-03 
-1.40867E-04 1.15853E-03 
5.88318E-04 1.22644E-03 
1.20343E-03 1.32599E-03 
1.77658E-03 1.43057E-03 
2.30658E-03 1.54024E-03 
2.79341E-03 1.65501E-03 
3.14114E-03 1.74732E-03 
3.23820E-03 1.77489E-03 
3.67336E-03 1.90986E-03 
4.06663E-03 2.05067E-03 
4.42358E-03 2.19722E-03 
4.75077E-03 2.34933E-03 
5.07754E-03 2.48548E-03 
5.36850E-03 2.64762E-03 
5.65362E-03 2.81589E-03 
5.94023E-03 2.98991E-03 
6.23482E-03 3.16942E-03 
6.54223E-03 3.35478E-03 
6.86333E-03 3.54873E-03 
7.18748E-03 3.76247E-03 
7.47141E-03 4.03435E-03 
7.61533E-03 4.46155E-03 
7.56168E-03 5.14795E-03 
7.54577E-03 5.96493E-03 
7.88597E-03 6.61036E-03 
-3.61847E-04 1.32543E-03 
3.13994E-04 1.43411E-03 
1.04352E-03 1.50388E-03 
1.65702E-03 1.61744E-03 
2.23097E-03 1.73605E-03 
2.76429E-03 1.85970E-03 
3.25707E-03 1.98833E-03 
3.61125E-03 2.09124E-03 
3.71049E-03 2.12188E-03 
4.15800E-03 2.27124E-03 
4.56678E-03 2.42600E-03 
4.94238E-03 2.58589E-03 
5.29130E-03 2.75061E-03 
5.64206E-03 2.89352E-03 
5.96082E-03 3.06607E-03 
6.27690E-03 3.24357E-03 
6.59759E-03 3.42540E-03 
6.92939E-03 3.61109E-03 
7.27723E-03 3.80086E-03 
7.64250E-03 3.99752E-03 
8.01643E-03 4.21313E-03 
8.36223E-03 4.48916E-03 
8.59700E-03 4.93014E-03 
8.68325E-03 5.64556E-03 
8.83817E-03 6.49223E-03 
9.32831E-03 7.14414E-03 
1.41032E-04 1.63886E-03 
8.12288E-04 1.76463E-03 
1.54355E-03 1.83503E-03 
2.15775E-03 1.96352E-03 
2.73500E-03 2.09688E-03 
3.27433E-03 2.23501E-03 
3.77591E-03 2.37777E-03 
4.13886E-03 2.49128E-03 
4.24099E-03 2.52496E-03 
4.70431E-03 2.68841E-03 
5.13225E-03 2.85642E-03 
5.53033E-03 3.02860E-03 
5.90501E-03 3.20445E-03 
6.28319E-03 3.35176E-03 
6.63409E-03 3.53229E-03 
6.98561E-03 3.71607E-03 
7.34500E-03 3.90223E-03 
7.71870E-03 4.09006E-03 
8.11175E-03 4.27963E-03 
8.52604E-03 4.47383E-03 
8.95487E-03 4.68559E-03 
9.36857E-03 4.95948E-03 
9.70289E-03 5.40717E-03 
9.94219E-03 6.14308E-03 
1.02828E-02 7.00884E-03 
1.09337E-02 7.65535E-03 
6.92403E-04 2.01230E-03 
1.36157E-03 2.15662E-03 
2.09606E-03 2.22596E-03 
2.71379E-03 2.36989E-03 
3.29734E-03 2.51824E-03 
3.84588E-03 2.67078E-03 
4.35966E-03 2.82728E-03 
4.73412E-03 2.95088E-03 
4.83997E-03 2.98741E-03 
5.32314E-03 3.16375E-03 
5.77448E-03 3.34341E-03 
6.19947E-03 3.52577E-03 
6.60449E-03 3.71015E-03 
7.01387E-03 3.85843E-03 
7.40174E-03 4.04319E-03 
7.79367E-03 4.22891E-03 
8.19678E-03 4.41444E-03 
8.61744E-03 4.59884E-03 
9.06074E-03 4.78200E-03 
9.52910E-03 4.96692E-03 
1.00181E-02 5.16738E-03 
1.05058E-02 5.43098E-03 
1.09485E-02 5.87610E-03 
1.13543E-02 6.62108E-03 
1.18955E-02 7.49213E-03 
1.27175E-02 8.11859E-03 
1.29950E-03 2.45130E-03 
1.96978E-03 2.61507E-03 
2.70906E-03 2.68109E-03 
3.33375E-03 2.84028E-03 
3.92724E-03 3.00307E-03 
4.48879E-03 3.16912E-03 
5.01875E-03 3.33804E-03 
5.40794E-03 3.47043E-03 
5.51845E-03 3.50938E-03 
6.02614E-03 3.69625E-03 
6.50573E-03 3.88463E-03 
6.96263E-03 4.07371E-03 
7.40310E-03 4.26255E-03 
7.84774E-03 4.40705E-03 
8.27785E-03 4.59066E-03 
8.71549E-03 4.77227E-03 
9.16763E-03 4.95046E-03 
9.64049E-03 5.12405E-03 
1.01392E-02 5.29277E-03 
1.06666E-02 5.45975E-03 
1.12207E-02 5.63959E-03 
1.17883E-02 5.88273E-03 
1.23481E-02 6.31353E-03 
1.29333E-02 7.05301E-03 
1.36893E-02 7.91209E-03 
1.46913E-02 8.50110E-03 
1.97082E-03 2.95981E-03 
2.64624E-03 3.14305E-03 
3.39200E-03 3.20279E-03 
4.02776E-03 3.37604E-03 
4.63549E-03 3.55165E-03 
5.21455E-03 3.72911E-03 
5.76534E-03 3.90788E-03 
6.17295E-03 4.04672E-03 
6.28924E-03 4.08735E-03 
6.82678E-03 4.28085E-03 
7.34008E-03 4.47341E-03 
7.83445E-03 4.66400E-03 
8.31603E-03 4.85143E-03 
8.80019E-03 4.98580E-03 
9.27815E-03 5.16099E-03 
9.76707E-03 5.33050E-03 
1.02737E-02 5.49266E-03 
1.08039E-02 5.64607E-03 
1.13630E-02 5.79035E-03 
1.19541E-02 5.92875E-03 
1.25781E-02 6.07670E-03 
1.32309E-02 6.28717E-03 
1.39155E-02 6.68943E-03 
1.46923E-02 7.40558E-03 
1.56757E-02 8.23197E-03 
1.68647E-02 8.76359E-03 
2.71598E-03 3.53885E-03 
3.40153E-03 3.74023E-03 
4.15560E-03 3.78986E-03 
4.80732E-03 3.97463E-03 
5.43435E-03 4.15997E-03 
6.03611E-03 4.34522E-03 
6.61306E-03 4.52965E-03 
7.04331E-03 4.67129E-03 
7.16660E-03 4.71246E-03 
7.73997E-03 4.90677E-03 
8.29302E-03 5.09699E-03 
8.83096E-03 5.28182E-03 
9.35971E-03 5.45986E-03 
9.88778E-03 5.57600E-03 
1.04194E-02 5.73335E-03 
1.09651E-02 5.88064E-03 
1.15315E-02 6.01597E-03 
1.21241E-02 6.13777E-03 
1.27480E-02 6.24561E-03 
1.34070E-02 6.34290E-03 
1.41045E-02 6.44584E-03 
1.48468E-02 6.60948E-03 
1.56628E-02 6.96666E-03 
1.66415E-02 7.63862E-03 
1.78628E-02 8.40848E-03 
1.92431E-02 8.86071E-03 
3.54573E-03 4.18500E-03 
4.24748E-03 4.40139E-03 
5.01182E-03 4.43606E-03 
5.68520E-03 4.62801E-03 
6.33732E-03 4.81818E-03 
6.96769E-03 5.00569E-03 
7.57680E-03 5.18962E-03 
8.03435E-03 5.32885E-03 
8.16602E-03 5.36898E-03 
8.78175E-03 5.55602E-03 
9.38108E-03 5.73506E-03 
9.96899E-03 5.90457E-03 
1.05512E-02 6.06291E-03 
1.11275E-02 6.15084E-03 
1.17183E-02 6.27871E-03 
1.23262E-02 6.39149E-03 
1.29571E-02 6.48712E-03 
1.36165E-02 6.56393E-03 
1.43088E-02 6.62151E-03 
1.50386E-02 6.66353E-03 
1.58122E-02 6.70682E-03 
1.66465E-02 6.80797E-03 
1.75986E-02 7.10163E-03 
1.87868E-02 7.70604E-03 
2.02530E-02 8.39309E-03 
2.18252E-02 8.74277E-03 
4.47215E-03 4.88900E-03 
5.19727E-03 5.11499E-03 
5.97400E-03 5.12865E-03 
6.67549E-03 5.32137E-03 
7.35922E-03 5.50928E-03 
8.02475E-03 5.69130E-03 
8.67255E-03 5.86631E-03 
9.16244E-03 5.99616E-03 
9.30395E-03 6.03312E-03 
9.96896E-03 6.20236E-03 
1.06213E-02 6.35893E-03 
1.12657E-02 6.50110E-03 
1.19076E-02 6.62705E-03 
1.25360E-02 6.67495E-03 
1.31913E-02 6.75960E-03 
1.38659E-02 6.82362E-03 
1.45653E-02 6.86486E-03 
1.52944E-02 6.88169E-03 
1.60575E-02 6.87384E-03 
1.68594E-02 6.84525E-03 
1.77096E-02 6.81333E-03 
1.86365E-02 6.83547E-03 
1.97266E-02 7.04609E-03 
2.11284E-02 7.55801E-03 
2.28422E-02 8.13466E-03 
2.46026E-02 8.35866E-03 
5.50826E-03 5.63413E-03 
6.26492E-03 5.86161E-03 
7.05628E-03 5.84696E-03 
7.79297E-03 6.03163E-03 
8.51539E-03 6.20778E-03 
9.22306E-03 6.37415E-03 
9.91642E-03 6.52942E-03 
1.04439E-02 6.64107E-03 
1.05967E-02 6.67222E-03 
1.13180E-02 6.81057E-03 
1.20300E-02 6.93094E-03 
1.27372E-02 7.03142E-03 
1.34444E-02 7.11011E-03 
1.41282E-02 7.10461E-03 
1.48520E-02 7.13058E-03 
1.55967E-02 7.13006E-03 
1.63671E-02 7.10100E-03 
1.71673E-02 7.04192E-03 
1.80014E-02 6.95281E-03 
1.88746E-02 6.83798E-03 
1.97996E-02 6.71526E-03 
2.08168E-02 6.64203E-03 
2.20432E-02 6.75010E-03 
2.36583E-02 7.14434E-03 
2.56169E-02 7.58320E-03 
2.75566E-02 7.65991E-03 
6.66969E-03 6.39648E-03 
7.46695E-03 6.61438E-03 
8.27528E-03 6.56276E-03 
9.05473E-03 6.72804E-03 
9.82323E-03 6.88045E-03 
1.05803E-02 7.01854E-03 
1.13261E-02 7.14083E-03 
1.18963E-02 7.22366E-03 
1.20620E-02 7.24582E-03 
1.28462E-02 7.33785E-03 
1.36241E-02 7.40604E-03 
1.43996E-02 7.44845E-03 
1.51770E-02 7.46320E-03 
1.59183E-02 7.38976E-03 
1.67134E-02 7.34041E-03 
1.75298E-02 7.25874E-03 
1.83716E-02 7.14295E-03 
1.92422E-02 6.99187E-03 
2.01451E-02 6.80591E-03 
2.10861E-02 6.58982E-03 
2.20810E-02 6.36169E-03 
2.31829E-02 6.17791E-03 
2.45402E-02 6.16511E-03 
2.63631E-02 6.41762E-03 
2.85582E-02 6.69298E-03 
3.06630E-02 6.60371E-03 
7.96522E-03 7.13910E-03 
8.81237E-03 7.33347E-03 
9.63982E-03 7.23524E-03 
1.04694E-02 7.36754E-03 
1.12911E-02 7.48208E-03 
1.21042E-02 7.57727E-03 
1.29089E-02 7.65152E-03 
1.35263E-02 7.69359E-03 
1.37060E-02 7.70324E-03 
1.45589E-02 7.73196E-03 
1.54074E-02 7.73076E-03 
1.62550E-02 7.69778E-03 
1.71054E-02 7.63133E-03 
1.79044E-02 7.47550E-03 
1.87710E-02 7.33449E-03 
1.96581E-02 7.15578E-03 
2.05688E-02 6.93798E-03 
2.15058E-02 6.68045E-03 
2.24721E-02 6.38413E-03 
2.34737E-02 6.05431E-03 
2.45301E-02 5.70907E-03 
2.57070E-02 5.40281E-03 
2.71846E-02 5.25429E-03 
2.92033E-02 5.34477E-03 
3.16191E-02 5.43544E-03 
3.38686E-02 5.16702E-03 
9.41437E-03 7.82388E-03 
1.03209E-02 7.97807E-03 
1.11694E-02 7.82253E-03 
1.20563E-02 7.90619E-03 
1.29379E-02 7.96679E-03 
1.38132E-02 8.00268E-03 
1.46823E-02 8.01223E-03 
1.53508E-02 8.00054E-03 
1.55456E-02 7.99387E-03 
1.64714E-02 7.94109E-03 
1.73938E-02 7.85239E-03 
1.83157E-02 7.72619E-03 
1.92401E-02 7.56114E-03 
2.00952E-02 7.30885E-03 
2.10312E-02 7.06062E-03 
2.19852E-02 6.77017E-03 
2.29595E-02 6.43673E-03 
2.39560E-02 6.06035E-03 
2.49769E-02 5.64268E-03 
2.60289E-02 5.18954E-03 
2.71348E-02 4.71879E-03 
2.83734E-02 4.28167E-03 
2.99566E-02 3.98629E-03 
3.21543E-02 3.89837E-03 
3.47700E-02 3.78768E-03 
3.71391E-02 3.33225E-03 
1.10294E-02 8.40215E-03 
1.20039E-02 8.49749E-03 
1.28749E-02 8.27351E-03 
1.38253E-02 8.29158E-03 
1.47723E-02 8.28113E-03 
1.57147E-02 8.24052E-03 
1.66521E-02 8.16820E-03 
1.73741E-02 8.08957E-03 
1.75847E-02 8.06274E-03 
1.85855E-02 7.91044E-03 
1.95829E-02 7.71675E-03 
2.05786E-02 7.48055E-03 
2.15749E-02 7.20102E-03 
2.24818E-02 6.84014E-03 
2.34817E-02 6.47165E-03 
2.44955E-02 6.05775E-03 
2.55245E-02 5.59850E-03 
2.65697E-02 5.09480E-03 
2.76329E-02 4.54911E-03 
2.87211E-02 3.96780E-03 
2.98607E-02 3.36818E-03 
3.11437E-02 2.79715E-03 
3.28135E-02 2.34934E-03 
3.51678E-02 2.07266E-03 
3.79566E-02 1.75061E-03 
4.04161E-02 1.10738E-03 
1.28229E-02 8.82210E-03 
1.38730E-02 8.83877E-03 
1.47669E-02 8.53530E-03 
1.57854E-02 8.47040E-03 
1.68016E-02 8.37162E-03 
1.78140E-02 8.23746E-03 
1.88217E-02 8.06658E-03 
1.95979E-02 7.90844E-03 
1.98243E-02 7.85785E-03 
2.08997E-02 7.58934E-03 
2.19699E-02 7.27496E-03 
2.30359E-02 6.91423E-03 
2.40988E-02 6.50710E-03 
2.50503E-02 6.02847E-03 
2.61051E-02 5.53036E-03 
2.71679E-02 4.98546E-03 
2.82391E-02 4.39479E-03 
2.93186E-02 3.76022E-03 
3.04080E-02 3.08514E-03 
3.15146E-02 2.37637E-03 
3.26688E-02 1.65029E-03 
3.39754E-02 9.48256E-04 
3.57087E-02 3.48597E-04 
3.81928E-02 -1.20697E-04 
4.11237E-02 -6.57107E-04 
4.36408E-02 -1.48178E-03 
1.48058E-02 9.03036E-03 
1.59367E-02 8.94855E-03 
1.68528E-02 8.55532E-03 
1.79420E-02 8.39066E-03 
1.90290E-02 8.18719E-03 
2.01118E-02 7.94370E-03 
2.11890E-02 7.65922E-03 
2.20180E-02 7.41053E-03 
2.22596E-02 7.33307E-03 
2.34060E-02 6.93430E-03 
2.45436E-02 6.48662E-03 
2.56727E-02 5.99043E-03 
2.67933E-02 5.44660E-03 
2.77791E-02 4.84509E-03 
2.88760E-02 4.21286E-03 
2.99734E-02 3.53459E-03 
3.10704E-02 2.81242E-03 
3.21663E-02 2.04929E-03 
3.32623E-02 1.24946E-03 
3.43664E-02 4.20127E-04 
3.55128E-02 -4.23689E-04 
3.68191E-02 -1.24752E-03 
3.85899E-02 -1.99203E-03 
4.11737E-02 -2.65106E-03 
4.42125E-02 -3.39775E-03 
4.67525E-02 -4.39055E-03 
1.69858E-02 8.97520E-03 
1.82002E-02 8.77631E-03 
1.91360E-02 8.28459E-03 
2.02958E-02 8.00511E-03 
2.14523E-02 7.68266E-03 
2.26031E-02 7.31649E-03 
2.37460E-02 6.90616E-03 
2.46239E-02 6.55833E-03 
2.48795E-02 6.45164E-03 
2.60894E-02 5.91243E-03 
2.72854E-02 5.32317E-03 
2.84666E-02 4.68530E-03 
2.96321E-02 4.00081E-03 
3.06386E-02 3.27621E-03 
3.17614E-02 2.51106E-03 
3.28751E-02 1.70306E-03 
3.39782E-02 8.55520E-04 
3.50694E-02 -2.75577E-05 
3.61493E-02 -9.41079E-04 
3.72272E-02 -1.87767E-03 
3.83410E-02 -2.82419E-03 
3.96212E-02 -3.75435E-03 
4.14012E-02 -4.63048E-03 
4.40523E-02 -5.46990E-03 
4.71630E-02 -6.41611E-03 
4.96904E-02 -7.55742E-03 
1.93654E-02 8.61001E-03 
2.06627E-02 8.27800E-03 
2.16139E-02 7.68139E-03 
2.28412E-02 7.27486E-03 
2.40629E-02 6.82231E-03 
2.52758E-02 6.32363E-03 
2.64773E-02 5.77909E-03 
2.73975E-02 5.32676E-03 
2.76649E-02 5.18947E-03 
2.89273E-02 4.50459E-03 
3.01688E-02 3.77080E-03 
3.13873E-02 2.99073E-03 
3.25811E-02 2.16758E-03 
3.35916E-02 1.32526E-03 
3.47203E-02 4.34643E-04 
3.58291E-02 -4.93062E-04 
3.69156E-02 -1.45340E-03 
3.79780E-02 -2.44138E-03 
3.90171E-02 -3.45119E-03 
4.00430E-02 -4.47558E-03 
4.10978E-02 -5.50384E-03 
4.23247E-02 -6.51916E-03 
4.40847E-02 -7.50805E-03 
4.67699E-02 -8.51262E-03 
4.99157E-02 -9.64161E-03 
5.23955E-02 -1.09065E-02 
2.19422E-02 7.89685E-03 
2.33181E-02 7.41930E-03 
2.42782E-02 6.71432E-03 
2.55666E-02 6.17221E-03 
2.68458E-02 5.58246E-03 
2.81118E-02 4.94577E-03 
2.93611E-02 4.26332E-03 
3.03144E-02 3.70493E-03 
3.05906E-02 3.53682E-03 
3.18907E-02 2.70670E-03 
3.31609E-02 1.83136E-03 
3.43984E-02 9.14715E-04 
3.56004E-02 -3.87745E-05 
3.65952E-02 -9.87691E-04 
3.77072E-02 -1.99001E-03 
3.87870E-02 -3.02112E-03 
3.98319E-02 -4.07550E-03 
4.08396E-02 -5.14731E-03 
4.18114E-02 -6.23030E-03 
4.27586E-02 -7.31761E-03 
4.37276E-02 -8.40160E-03 
4.48737E-02 -9.47620E-03 
4.65845E-02 -1.05543E-02 
4.92705E-02 -1.17039E-02 
5.24155E-02 -1.29940E-02 
5.48142E-02 -1.43536E-02 
2.46914E-02 6.81623E-03 
2.61377E-02 6.18600E-03 
2.70979E-02 5.37313E-03 
2.84375E-02 4.69198E-03 
2.97629E-02 3.96325E-03 
3.10693E-02 3.18864E-03 
3.23525E-02 2.37037E-03 
3.33268E-02 1.70904E-03 
3.36083E-02 1.51126E-03 
3.49276E-02 5.42999E-04 
3.62066E-02 -4.64114E-04 
3.74414E-02 -1.50484E-03 
3.86289E-02 -2.57349E-03 
3.95863E-02 -3.61188E-03 
4.06568E-02 -4.70579E-03 
4.16822E-02 -5.81785E-03 
4.26592E-02 -6.94170E-03 
4.35859E-02 -8.07088E-03 
4.44639E-02 -9.19897E-03 
4.53062E-02 -1.03199E-02 
4.61634E-02 -1.14297E-02 
4.72027E-02 -1.25342E-02 
4.88366E-02 -1.36744E-02 
5.14916E-02 -1.49445E-02 
5.46016E-02 -1.63694E-02 
5.68888E-02 -1.77918E-02 
2.76286E-02 5.34249E-03 
2.91341E-02 4.55544E-03 
3.00836E-02 3.63741E-03 
3.14622E-02 2.81665E-03 
3.28201E-02 1.95030E-03 
3.41517E-02 1.04120E-03 
3.54520E-02 9.27729E-05 
3.64336E-02 -6.65539E-04 
3.67161E-02 -8.90970E-04 
3.80335E-02 -1.98606E-03 
3.92984E-02 -3.11080E-03 
4.05065E-02 -4.25868E-03 
4.16540E-02 -5.42289E-03 
4.25501E-02 -6.52963E-03 
4.35525E-02 -7.69087E-03 
4.44962E-02 -8.85749E-03 
4.53778E-02 -1.00225E-02 
4.61960E-02 -1.11792E-02 
4.69530E-02 -1.23213E-02 
4.76637E-02 -1.34440E-02 
4.83832E-02 -1.45475E-02 
4.92902E-02 -1.56505E-02 
5.08203E-02 -1.68242E-02 
5.34139E-02 -1.81890E-02 
5.64562E-02 -1.97216E-02 
5.86034E-02 -2.11743E-02 
3.07001E-02 3.49123E-03 
3.22500E-02 2.54962E-03 
3.31761E-02 1.53353E-03 
3.45784E-02 5.78408E-04 
3.59522E-02 -4.18272E-04 
3.72912E-02 -1.45236E-03 
3.85894E-02 -2.51915E-03 
3.95623E-02 -3.36369E-03 
3.98412E-02 -3.61336E-03 
4.11330E-02 -4.81735E-03 
4.23592E-02 -6.03908E-03 
4.35148E-02 -7.27089E-03 
4.45957E-02 -8.50508E-03 
4.54063E-02 -9.65409E-03 
4.63140E-02 -1.08535E-02 
4.71492E-02 -1.20439E-02 
4.79091E-02 -1.32181E-02 
4.85929E-02 -1.43693E-02 
4.92042E-02 -1.54919E-02 
4.97597E-02 -1.65826E-02 
5.03191E-02 -1.76466E-02 
5.10717E-02 -1.87163E-02 
5.24747E-02 -1.98935E-02 
5.49791E-02 -2.13245E-02 
5.79244E-02 -2.29346E-02 
5.99077E-02 -2.43848E-02 
3.38774E-02 1.27917E-03 
3.54546E-02 1.89357E-04 
3.63437E-02 -9.14968E-04 
3.77526E-02 -1.99554E-03 
3.91240E-02 -3.11149E-03 
4.04507E-02 -4.25723E-03 
4.17260E-02 -5.42670E-03 
4.26734E-02 -6.34370E-03 
4.29435E-02 -6.61331E-03 
4.41851E-02 -7.90411E-03 
4.53466E-02 -9.19815E-03 
4.64231E-02 -1.04869E-02 
4.74104E-02 -1.17619E-02 
4.81110E-02 -1.29242E-02 
4.88976E-02 -1.41301E-02 
4.95984E-02 -1.53114E-02 
5.02113E-02 -1.64609E-02 
5.07367E-02 -1.75725E-02 
5.11793E-02 -1.86415E-02 
5.15584E-02 -1.96668E-02 
5.19379E-02 -2.06587E-02 
5.25174E-02 -2.16638E-02 
5.37725E-02 -2.28150E-02 
5.61628E-02 -2.42834E-02 
5.89843E-02 -2.59406E-02 
6.07835E-02 -2.73566E-02 
3.71153E-02 -1.25745E-03 
3.87011E-02 -2.48519E-03 
3.95388E-02 -3.66552E-03 
4.09362E-02 -4.85923E-03 
4.22858E-02 -6.07994E-03 
4.35797E-02 -7.32054E-03 
4.48104E-02 -8.57355E-03 
4.57149E-02 -9.54662E-03 
4.59710E-02 -9.83112E-03 
4.71369E-02 -1.11831E-02 
4.82078E-02 -1.25215E-02 
4.91787E-02 -1.38371E-02 
5.00458E-02 -1.51212E-02 
5.06130E-02 -1.62661E-02 
5.12536E-02 -1.74452E-02 
5.17958E-02 -1.85833E-02 
5.22388E-02 -1.96741E-02 
5.25842E-02 -2.07123E-02 
5.28386E-02 -2.16945E-02 
5.30235E-02 -2.26220E-02 
5.32071E-02 -2.35109E-02 
5.35982E-02 -2.44222E-02 
5.46885E-02 -2.55194E-02 
5.69427E-02 -2.69969E-02 
5.96170E-02 -2.86709E-02 
6.12160E-02 -3.00231E-02 
4.03604E-02 -4.06783E-03 
4.19352E-02 -5.42005E-03 
4.27073E-02 -6.66243E-03 
4.40744E-02 -7.95431E-03 
4.53826E-02 -9.26263E-03 
4.66231E-02 -1.05787E-02 
4.77876E-02 -1.18936E-02 
4.86319E-02 -1.29045E-02 
4.88690E-02 -1.31983E-02 
4.99344E-02 -1.45836E-02 
5.08894E-02 -1.59364E-02 
5.17293E-02 -1.72471E-02 
5.24512E-02 -1.85073E-02 
5.28631E-02 -1.96032E-02 
5.33350E-02 -2.07220E-02 
5.36972E-02 -2.17835E-02 
5.39504E-02 -2.27824E-02 
5.40978E-02 -2.37147E-02 
5.41481E-02 -2.45790E-02 
5.41252E-02 -2.53793E-02 
5.41012E-02 -2.61373E-02 
5.42930E-02 -2.69286E-02 
5.52054E-02 -2.79463E-02 
5.73047E-02 -2.94053E-02 
5.98116E-02 -3.10669E-02 
6.11987E-02 -3.23288E-02 
4.35530E-02 -7.08866E-03 
4.50971E-02 -8.54960E-03 
4.57899E-02 -9.83902E-03 
4.71085E-02 -1.12122E-02 
4.83562E-02 -1.25893E-02 
4.95231E-02 -1.39597E-02 
5.06008E-02 -1.53134E-02 
5.13684E-02 -1.63428E-02 
5.15814E-02 -1.66401E-02 
5.25229E-02 -1.80295E-02 
5.33383E-02 -1.93657E-02 
5.40240E-02 -2.06394E-02 
5.45780E-02 -2.18428E-02 
5.48153E-02 -2.28589E-02 
5.50990E-02 -2.38851E-02 
5.52633E-02 -2.48381E-02 
5.53107E-02 -2.57142E-02 
5.52463E-02 -2.65112E-02 
5.50810E-02 -2.72297E-02 
5.48411E-02 -2.78768E-02 
5.46024E-02 -2.84801E-02 
5.45885E-02 -2.91291E-02 
5.53138E-02 -3.00446E-02 
5.72428E-02 -3.14596E-02 
5.95657E-02 -3.30813E-02 
6.07335E-02 -3.42298E-02 
4.66004E-02 -1.02165E-02 
4.80955E-02 -1.17680E-02 
4.86974E-02 -1.30888E-02 
4.99510E-02 -1.45249E-02 
5.11208E-02 -1.59503E-02 
5.21965E-02 -1.73532E-02 
5.31691E-02 -1.87218E-02 
5.38458E-02 -1.97502E-02 
5.40306E-02 -2.00451E-02 
5.48284E-02 -2.14098E-02 
5.54848E-02 -2.26996E-02 
5.59974E-02 -2.39056E-02 
5.63660E-02 -2.50214E-02 
5.64146E-02 -2.59298E-02 
5.64964E-02 -2.68349E-02 
5.64510E-02 -2.76519E-02 
5.62830E-02 -2.83792E-02 
5.59998E-02 -2.90167E-02 
5.56143E-02 -2.95676E-02 
5.51554E-02 -3.00420E-02 
5.47020E-02 -3.04734E-02 
5.44826E-02 -3.09639E-02 
5.50176E-02 -3.17596E-02 
5.67662E-02 -3.31079E-02 
5.88939E-02 -3.46654E-02 
5.98416E-02 -3.56829E-02 
4.94987E-02 -1.34348E-02 
5.09266E-02 -1.50597E-02 
5.14257E-02 -1.63968E-02 
5.25975E-02 -1.78781E-02 
5.36723E-02 -1.93323E-02 
5.46390E-02 -2.07460E-02 
5.54883E-02 -2.21062E-02 
5.60598E-02 -2.31145E-02 
5.62124E-02 -2.34013E-02 
5.68465E-02 -2.47130E-02 
5.73245E-02 -2.59268E-02 
5.76454E-02 -2.70352E-02 
5.78110E-02 -2.80334E-02 
5.76569E-02 -2.88068E-02 
5.75236E-02 -2.95630E-02 
5.72571E-02 -3.02177E-02 
5.68649E-02 -3.07716E-02 
5.63564E-02 -3.12272E-02 
5.57469E-02 -3.15903E-02 
5.50675E-02 -3.18744E-02 
5.44000E-02 -3.21183E-02 
5.39760E-02 -3.24361E-02 
5.43178E-02 -3.30961E-02 
5.58760E-02 -3.43569E-02 
5.77973E-02 -3.58271E-02 
5.85240E-02 -3.66981E-02 
5.21449E-02 -1.66204E-02 
5.34896E-02 -1.82997E-02 
5.38768E-02 -1.96381E-02 
5.49529E-02 -2.11460E-02 
5.59185E-02 -2.26090E-02 
5.67619E-02 -2.40122E-02 
5.74737E-02 -2.53416E-02 
5.79293E-02 -2.63117E-02 
5.80464E-02 -2.65849E-02 
5.85025E-02 -2.78175E-02 
5.87885E-02 -2.89290E-02 
5.89055E-02 -2.99136E-02 
5.88577E-02 -3.07689E-02 
5.84939E-02 -3.13853E-02 
5.81396E-02 -3.19712E-02 
5.76488E-02 -3.24439E-02 
5.70313E-02 -3.28070E-02 
5.62993E-02 -3.30659E-02 
5.54702E-02 -3.32291E-02 
5.45772E-02 -3.33133E-02 
5.37038E-02 -3.33623E-02 
5.30833E-02 -3.35008E-02 
5.32358E-02 -3.40152E-02 
5.45997E-02 -3.51716E-02 
5.63097E-02 -3.65362E-02 
5.68216E-02 -3.72514E-02 
5.44958E-02 -1.97091E-02 
5.57426E-02 -2.14243E-02 
5.60102E-02 -2.27495E-02 
5.69779E-02 -2.42658E-02 
5.78217E-02 -2.57185E-02 
5.85296E-02 -2.70909E-02 
5.90919E-02 -2.83683E-02 
5.94225E-02 -2.92834E-02 
5.95016E-02 -2.95381E-02 
5.97681E-02 -3.06678E-02 
5.98519E-02 -3.16535E-02 
5.97563E-02 -3.24914E-02 
5.94884E-02 -3.31821E-02 
5.89115E-02 -3.36234E-02 
5.83346E-02 -3.40217E-02 
5.76202E-02 -3.42974E-02 
5.67809E-02 -3.44573E-02 
5.58314E-02 -3.45097E-02 
5.47910E-02 -3.44659E-02 
5.36949E-02 -3.43458E-02 
5.26278E-02 -3.41976E-02 
5.18223E-02 -3.41544E-02 
5.17923E-02 -3.45174E-02 
5.29608E-02 -3.55561E-02 
5.44576E-02 -3.67997E-02 
5.47638E-02 -3.73542E-02 
5.65043E-02 -2.26295E-02 
5.76402E-02 -2.43619E-02 
5.77816E-02 -2.56600E-02 
5.86302E-02 -2.71672E-02 
5.93417E-02 -2.85911E-02 
5.99039E-02 -2.99138E-02 
6.03074E-02 -3.11197E-02 
6.05066E-02 -3.19647E-02 
6.05459E-02 -3.21965E-02 
6.06150E-02 -3.32027E-02 
6.04904E-02 -3.40424E-02 
6.01781E-02 -3.47149E-02 
5.96880E-02 -3.52240E-02 
5.88995E-02 -3.54768E-02 
5.81031E-02 -3.56757E-02 
5.71710E-02 -3.57451E-02 
5.61184E-02 -3.56952E-02 
5.49621E-02 -3.55372E-02 
5.37238E-02 -3.52854E-02 
5.24396E-02 -3.49623E-02 
5.11949E-02 -3.46201E-02 
5.02199E-02 -3.43984E-02 
5.00177E-02 -3.46085E-02 
5.09931E-02 -3.55197E-02 
5.22786E-02 -3.66311E-02 
5.23917E-02 -3.70243E-02 
5.81400E-02 -2.53287E-02 
5.91529E-02 -2.70600E-02 
5.91626E-02 -2.83174E-02 
5.98822E-02 -2.97981E-02 
6.04522E-02 -3.11755E-02 
6.08606E-02 -3.24306E-02 
6.10980E-02 -3.35473E-02 
6.11608E-02 -3.43087E-02 
6.11591E-02 -3.45136E-02 
6.10260E-02 -3.53782E-02 
6.06902E-02 -3.60553E-02 
6.01606E-02 -3.65475E-02 
5.94504E-02 -3.68622E-02 
5.84552E-02 -3.69176E-02 
5.74469E-02 -3.69100E-02 
5.63070E-02 -3.67689E-02 
5.50534E-02 -3.65077E-02 
5.37053E-02 -3.61408E-02 
5.22858E-02 -3.56849E-02 
5.08321E-02 -3.51652E-02 
4.94291E-02 -3.46367E-02 
4.83026E-02 -3.42438E-02 
4.79413E-02 -3.43033E-02 
4.87287E-02 -3.50807E-02 
4.98074E-02 -3.60521E-02 
4.97424E-02 -3.62874E-02 
5.93761E-02 -2.77541E-02 
6.02552E-02 -2.94660E-02 
6.01286E-02 -3.06694E-02 
6.07106E-02 -3.21066E-02 
6.11317E-02 -3.34207E-02 
6.13798E-02 -3.45916E-02 
6.14463E-02 -3.56032E-02 
6.13701E-02 -3.62691E-02 
6.13268E-02 -3.64439E-02 
6.09901E-02 -3.71521E-02 
6.04442E-02 -3.76538E-02 
5.97010E-02 -3.79551E-02 
5.87771E-02 -3.80677E-02 
5.75848E-02 -3.79219E-02 
5.63764E-02 -3.77064E-02 
5.50431E-02 -3.73560E-02 
5.36055E-02 -3.68878E-02 
5.20845E-02 -3.63190E-02 
5.05045E-02 -3.56686E-02 
4.89034E-02 -3.49638E-02 
4.73646E-02 -3.42617E-02 
4.61075E-02 -3.37093E-02 
4.56027E-02 -3.36245E-02 
4.62104E-02 -3.42655E-02 
4.70901E-02 -3.50930E-02 
4.68649E-02 -3.51778E-02 
6.02001E-02 -2.98691E-02 
6.09358E-02 -3.15434E-02 
6.06685E-02 -3.26795E-02 
6.11055E-02 -3.40566E-02 
6.13714E-02 -3.52911E-02 
6.14544E-02 -3.63623E-02 
6.13469E-02 -3.72544E-02 
6.11309E-02 -3.78148E-02 
6.10459E-02 -3.79568E-02 
6.05072E-02 -3.84968E-02 
5.97554E-02 -3.88139E-02 
5.88060E-02 -3.89182E-02 
5.76787E-02 -3.88256E-02 
5.63023E-02 -3.84794E-02 
5.49096E-02 -3.80594E-02 
5.34013E-02 -3.75064E-02 
5.18001E-02 -3.68406E-02 
5.01285E-02 -3.60819E-02 
4.84119E-02 -3.52511E-02 
4.66880E-02 -3.43772E-02 
4.50381E-02 -3.35182E-02 
4.36734E-02 -3.28214E-02 
4.30429E-02 -3.26020E-02 
4.34814E-02 -3.31074E-02 
4.41730E-02 -3.37909E-02 
4.38070E-02 -3.37359E-02 
6.06108E-02 -3.16499E-02 
6.11939E-02 -3.32687E-02 
6.07823E-02 -3.43241E-02 
6.10672E-02 -3.56247E-02 
6.11725E-02 -3.67640E-02 
6.10870E-02 -3.77211E-02 
6.08041E-02 -3.84808E-02 
6.04486E-02 -3.89271E-02 
6.03224E-02 -3.90340E-02 
5.95855E-02 -3.93968E-02 
5.86351E-02 -3.95235E-02 
5.74897E-02 -3.94283E-02 
5.61726E-02 -3.91317E-02 
5.46285E-02 -3.85902E-02 
5.30704E-02 -3.79737E-02 
5.14085E-02 -3.72293E-02 
4.96671E-02 -3.63799E-02 
4.78699E-02 -3.54474E-02 
4.60427E-02 -3.44545E-02 
4.42225E-02 -3.34309E-02 
4.24878E-02 -3.24349E-02 
4.10397E-02 -3.16122E-02 
4.03027E-02 -3.12705E-02 
4.05851E-02 -3.16443E-02 
4.11014E-02 -3.21868E-02 
4.06155E-02 -3.20053E-02 
6.06163E-02 -3.30810E-02 
6.10389E-02 -3.46265E-02 
6.04796E-02 -3.55883E-02 
6.06066E-02 -3.67962E-02 
6.05470E-02 -3.78254E-02 
6.02907E-02 -3.86552E-02 
5.98326E-02 -3.92713E-02 
5.93398E-02 -3.95966E-02 
5.91733E-02 -3.96666E-02 
5.82447E-02 -3.98462E-02 
5.71055E-02 -3.97801E-02 
5.57777E-02 -3.94870E-02 
5.42875E-02 -3.89919E-02 
5.25949E-02 -3.82646E-02 
5.08935E-02 -3.74643E-02 
4.91023E-02 -3.65441E-02 
4.72467E-02 -3.55292E-02 
4.53510E-02 -3.44433E-02 
4.34410E-02 -3.33100E-02 
4.15526E-02 -3.21596E-02 
3.97604E-02 -3.10494E-02 
3.82540E-02 -3.01213E-02 
3.74311E-02 -2.96724E-02 
3.75722E-02 -2.99217E-02 
3.79284E-02 -3.03296E-02 
3.73446E-02 -3.00372E-02 
6.02335E-02 -3.41638E-02 
6.04881E-02 -3.56187E-02 
5.97778E-02 -3.64735E-02 
5.97410E-02 -3.75729E-02 
5.95127E-02 -3.84773E-02 
5.90839E-02 -3.91670E-02 
5.84516E-02 -3.96293E-02 
5.78241E-02 -3.98276E-02 
5.76184E-02 -3.98593E-02 
5.65058E-02 -3.98516E-02 
5.51895E-02 -3.95927E-02 
5.36944E-02 -3.91062E-02 
5.20499E-02 -3.84214E-02 
5.02300E-02 -3.75206E-02 
4.84091E-02 -3.65523E-02 
4.65143E-02 -3.54748E-02 
4.45719E-02 -3.43156E-02 
4.26060E-02 -3.30992E-02 
4.06418E-02 -3.18497E-02 
3.87135E-02 -3.05970E-02 
3.68911E-02 -2.93969E-02 
3.53516E-02 -2.83856E-02 
3.44635E-02 -2.78459E-02 
3.44794E-02 -2.79796E-02 
3.46919E-02 -2.82616E-02 
3.40319E-02 -2.78756E-02 
5.94945E-02 -3.48975E-02 
5.95767E-02 -3.62461E-02 
5.87139E-02 -3.69823E-02 
5.85104E-02 -3.79590E-02 
5.81120E-02 -3.87264E-02 
5.75119E-02 -3.92660E-02 
5.67092E-02 -3.95672E-02 
5.59522E-02 -3.96352E-02 
5.57092E-02 -3.96282E-02 
5.44238E-02 -3.94331E-02 
5.29453E-02 -3.89864E-02 
5.13018E-02 -3.83158E-02 
4.95251E-02 -3.74548E-02 
4.76015E-02 -3.63978E-02 
4.56875E-02 -3.52817E-02 
4.37173E-02 -3.40702E-02 
4.17170E-02 -3.27916E-02 
3.97103E-02 -3.14709E-02 
3.77210E-02 -3.01321E-02 
3.57811E-02 -2.88041E-02 
3.39555E-02 -2.75400E-02 
3.24076E-02 -2.64690E-02 
3.14756E-02 -2.58571E-02 
3.13843E-02 -2.58877E-02 
3.14720E-02 -2.60559E-02 
3.07580E-02 -2.55949E-02 
5.84168E-02 -3.53098E-02 
5.83201E-02 -3.65357E-02 
5.73018E-02 -3.71401E-02 
5.69263E-02 -3.79789E-02 
5.63547E-02 -3.85954E-02 
5.55825E-02 -3.89733E-02 
5.46114E-02 -3.91050E-02 
5.37287E-02 -3.90385E-02 
5.34499E-02 -3.89919E-02 
5.20012E-02 -3.86086E-02 
5.03743E-02 -3.79777E-02 
4.86001E-02 -3.71318E-02 
4.67122E-02 -3.61081E-02 
4.47084E-02 -3.49119E-02 
4.27270E-02 -3.36683E-02 
4.07087E-02 -3.23456E-02 
3.86788E-02 -3.09723E-02 
3.66597E-02 -2.95733E-02 
3.46735E-02 -2.81716E-02 
3.27494E-02 -2.67945E-02 
3.09464E-02 -2.54917E-02 
2.94137E-02 -2.43838E-02 
2.84578E-02 -2.37175E-02 
2.82762E-02 -2.36570E-02 
2.82565E-02 -2.37233E-02 
2.75090E-02 -2.32055E-02 
5.70401E-02 -3.54144E-02 
5.67614E-02 -3.65033E-02 
5.55864E-02 -3.69648E-02 
5.50368E-02 -3.76525E-02 
5.42915E-02 -3.81069E-02 
5.33491E-02 -3.83144E-02 
5.22144E-02 -3.82708E-02 
5.12117E-02 -3.80681E-02 
5.08992E-02 -3.79819E-02 
4.92998E-02 -3.74130E-02 
4.75408E-02 -3.66059E-02 
4.56560E-02 -3.55975E-02 
4.36806E-02 -3.44283E-02 
4.16212E-02 -3.31132E-02 
3.95995E-02 -3.17657E-02 
3.75612E-02 -3.03574E-02 
3.55302E-02 -2.89166E-02 
3.35270E-02 -2.74669E-02 
3.15713E-02 -2.60298E-02 
2.96890E-02 -2.46303E-02 
2.79331E-02 -2.33143E-02 
2.64377E-02 -2.21926E-02 
2.54775E-02 -2.14905E-02 
2.52237E-02 -2.13532E-02 
2.51153E-02 -2.13317E-02 
2.43541E-02 -2.07756E-02 
5.54007E-02 -3.52378E-02 
5.49382E-02 -3.61770E-02 
5.36068E-02 -3.64855E-02 
5.28821E-02 -3.70105E-02 
5.19641E-02 -3.72930E-02 
5.08547E-02 -3.73228E-02 
4.95623E-02 -3.71001E-02 
4.84464E-02 -3.67606E-02 
4.81025E-02 -3.66351E-02 
4.63658E-02 -3.58853E-02 
4.44923E-02 -3.49118E-02 
4.25180E-02 -3.37555E-02 
4.04788E-02 -3.24599E-02 
3.83889E-02 -3.10478E-02 
3.63535E-02 -2.96208E-02 
3.43229E-02 -2.81535E-02 
3.23183E-02 -2.66725E-02 
3.03578E-02 -2.51996E-02 
2.84582E-02 -2.37541E-02 
2.66418E-02 -2.23583E-02 
2.49551E-02 -2.10533E-02 
2.35171E-02 -1.99395E-02 
2.25710E-02 -1.92200E-02 
2.22625E-02 -1.90205E-02 
2.20840E-02 -1.89263E-02 
2.13274E-02 -1.83498E-02 
5.35352E-02 -3.48092E-02 
5.28891E-02 -3.55878E-02 
5.14030E-02 -3.57347E-02 
5.05040E-02 -3.60871E-02 
4.94157E-02 -3.61896E-02 
4.81439E-02 -3.60364E-02 
4.67012E-02 -3.56324E-02 
4.54798E-02 -3.51572E-02 
4.51072E-02 -3.49931E-02 
4.32479E-02 -3.40690E-02 
4.12781E-02 -3.29407E-02 
3.92356E-02 -3.16529E-02 
3.71568E-02 -3.02513E-02 
3.50612E-02 -2.87649E-02 
3.30382E-02 -2.72835E-02 
3.10415E-02 -2.57836E-02 
2.90894E-02 -2.42893E-02 
2.71965E-02 -2.28199E-02 
2.53763E-02 -2.13918E-02 
2.36474E-02 -2.00241E-02 
2.20496E-02 -1.87528E-02 
2.06868E-02 -1.76672E-02 
1.97712E-02 -1.69475E-02 
1.94251E-02 -1.67008E-02 
1.91943E-02 -1.65491E-02 
1.84586E-02 -1.59687E-02 
5.14801E-02 -3.41594E-02 
5.06526E-02 -3.47686E-02 
4.90149E-02 -3.47472E-02 
4.79444E-02 -3.49191E-02 
4.66902E-02 -3.48357E-02 
4.52624E-02 -3.44961E-02 
4.36782E-02 -3.39107E-02 
4.23602E-02 -3.33023E-02 
4.19617E-02 -3.31009E-02 
3.99956E-02 -3.20112E-02 
3.79486E-02 -3.07414E-02 
3.58599E-02 -2.93399E-02 
3.37654E-02 -2.78536E-02 
3.16880E-02 -2.63162E-02 
2.97025E-02 -2.48055E-02 
2.77645E-02 -2.32988E-02 
2.58887E-02 -2.18172E-02 
2.40858E-02 -2.03765E-02 
2.23658E-02 -1.89898E-02 
2.07430E-02 -1.76725E-02 
1.92508E-02 -1.64554E-02 
1.79783E-02 -1.54161E-02 
1.71078E-02 -1.47122E-02 
1.67400E-02 -1.44328E-02 
1.64738E-02 -1.42385E-02 
1.57730E-02 -1.36694E-02 
4.92698E-02 -3.33199E-02 
4.82651E-02 -3.37528E-02 
4.64809E-02 -3.35582E-02 
4.52437E-02 -3.35441E-02 
4.38300E-02 -3.32712E-02 
4.22545E-02 -3.27442E-02 
4.05395E-02 -3.19796E-02 
3.91347E-02 -3.12422E-02 
3.87135E-02 -3.10050E-02 
3.66577E-02 -2.97603E-02 
3.45533E-02 -2.83641E-02 
3.24404E-02 -2.68679E-02 
3.03538E-02 -2.53190E-02 
2.83179E-02 -2.37537E-02 
2.63932E-02 -2.22383E-02 
2.45367E-02 -2.07498E-02 
2.27585E-02 -1.93052E-02 
2.10653E-02 -1.79164E-02 
1.94631E-02 -1.65926E-02 
1.79620E-02 -1.53455E-02 
1.65889E-02 -1.42002E-02 
1.54187E-02 -1.32230E-02 
1.46057E-02 -1.25490E-02 
1.42306E-02 -1.22510E-02 
1.39445E-02 -1.20284E-02 
1.32904E-02 -1.14838E-02 
4.69367E-02 -3.23216E-02 
4.57613E-02 -3.25740E-02 
4.38378E-02 -3.22034E-02 
4.24409E-02 -3.20001E-02 
4.08763E-02 -3.15366E-02 
3.91637E-02 -3.08237E-02 
3.73303E-02 -2.98845E-02 
3.58499E-02 -2.90239E-02 
3.54096E-02 -2.87533E-02 
3.32824E-02 -2.73662E-02 
3.11412E-02 -2.58603E-02 
2.90263E-02 -2.42894E-02 
2.69706E-02 -2.27004E-02 
2.49980E-02 -2.11302E-02 
2.31556E-02 -1.96335E-02 
2.14009E-02 -1.81864E-02 
1.97388E-02 -1.68010E-02 
1.81718E-02 -1.54847E-02 
1.67017E-02 -1.42427E-02 
1.53344E-02 -1.30825E-02 
1.40905E-02 -1.20237E-02 
1.30317E-02 -1.11216E-02 
1.22859E-02 -1.04897E-02 
1.19166E-02 -1.01857E-02 
1.16244E-02 -9.94815E-03 
1.10261E-02 -9.43908E-03 
4.45099E-02 -3.11944E-02 
4.31725E-02 -3.12640E-02 
4.11186E-02 -3.07169E-02 
3.95717E-02 -3.03239E-02 
3.78671E-02 -2.96713E-02 
3.60298E-02 -2.87765E-02 
3.40927E-02 -2.76699E-02 
3.25493E-02 -2.66940E-02 
3.20937E-02 -2.63924E-02 
2.99148E-02 -2.48779E-02 
2.77580E-02 -2.32805E-02 
2.56634E-02 -2.16558E-02 
2.36608E-02 -2.00492E-02 
2.17719E-02 -1.84963E-02 
2.00313E-02 -1.70405E-02 
1.83959E-02 -1.56560E-02 
1.68655E-02 -1.43494E-02 
1.54377E-02 -1.31232E-02 
1.41103E-02 -1.19785E-02 
1.28852E-02 -1.09186E-02 
1.17772E-02 -9.95786E-03 
1.08358E-02 -9.14088E-03 
1.01646E-02 -8.56093E-03 
9.81203E-03 -8.26240E-03 
9.52563E-03 -8.02171E-03 
8.98978E-03 -7.55693E-03 
4.20099E-02 -2.99642E-02 
4.05211E-02 -2.98507E-02 
3.83480E-02 -2.91284E-02 
3.66626E-02 -2.85472E-02 
3.48310E-02 -2.77094E-02 
3.28839E-02 -2.66392E-02 
3.08594E-02 -2.53744E-02 
2.92668E-02 -2.42926E-02 
2.88002E-02 -2.39632E-02 
2.65907E-02 -2.23380E-02 
2.44404E-02 -2.06688E-02 
2.23882E-02 -1.90117E-02 
2.04601E-02 -1.74100E-02 
1.86741E-02 -1.58957E-02 
1.70526E-02 -1.45013E-02 
1.55514E-02 -1.31982E-02 
1.41650E-02 -1.19873E-02 
1.28861E-02 -1.08658E-02 
1.17087E-02 -9.83063E-03 
1.06310E-02 -8.88119E-03 
9.66245E-03 -8.02667E-03 
8.84123E-03 -7.30189E-03 
8.24960E-03 -6.78147E-03 
7.92283E-03 -6.49817E-03 
7.65220E-03 -6.26465E-03 
7.18298E-03 -5.85059E-03 
3.94811E-02 -2.86686E-02 
3.78550E-02 -2.83755E-02 
3.55768E-02 -2.74829E-02 
3.37681E-02 -2.67196E-02 
3.18261E-02 -2.57045E-02 
2.97870E-02 -2.44694E-02 
2.76943E-02 -2.30598E-02 
2.60682E-02 -2.18841E-02 
2.55951E-02 -2.15307E-02 
2.33776E-02 -1.98145E-02 
2.12563E-02 -1.80949E-02 
1.92679E-02 -1.64277E-02 
1.74340E-02 -1.48525E-02 
1.57669E-02 -1.33965E-02 
1.42781E-02 -1.20811E-02 
1.29217E-02 -1.08747E-02 
1.16867E-02 -9.77196E-03 
1.05614E-02 -8.76525E-03 
9.53626E-03 -7.84716E-03 
8.60611E-03 -7.01358E-03 
7.77575E-03 -6.26908E-03 
7.07363E-03 -5.63964E-03 
6.56312E-03 -5.18322E-03 
6.26881E-03 -4.92287E-03 
6.02155E-03 -4.70481E-03 
5.62005E-03 -4.34497E-03 
3.69077E-02 -2.73150E-02 
3.51587E-02 -2.68453E-02 
3.27903E-02 -2.57873E-02 
3.08742E-02 -2.48474E-02 
2.88391E-02 -2.36633E-02 
2.67270E-02 -2.22743E-02 
2.45864E-02 -2.07338E-02 
2.29434E-02 -1.94768E-02 
2.24689E-02 -1.91033E-02 
2.02670E-02 -1.73165E-02 
1.81981E-02 -1.55684E-02 
1.62956E-02 -1.39134E-02 
1.45754E-02 -1.23860E-02 
1.30431E-02 -1.10069E-02 
1.16995E-02 -9.78685E-03 
1.04971E-02 -8.69056E-03 
9.41932E-03 -7.70662E-03 
8.45067E-03 -6.82242E-03 
7.57832E-03 -6.02679E-03 
6.79431E-03 -5.31234E-03 
6.09955E-03 -4.67964E-03 
5.51402E-03 -4.14683E-03 
5.08478E-03 -3.75720E-03 
4.82785E-03 -3.52580E-03 
4.60965E-03 -3.32973E-03 
4.27553E-03 -3.02598E-03 
3.43194E-02 -2.59337E-02 
3.24652E-02 -2.52937E-02 
3.00243E-02 -2.40779E-02 
2.80199E-02 -2.29708E-02 
2.59123E-02 -2.16294E-02 
2.37490E-02 -2.01010E-02 
2.15835E-02 -1.84466E-02 
1.99416E-02 -1.71232E-02 
1.94710E-02 -1.67343E-02 
1.73099E-02 -1.48994E-02 
1.53170E-02 -1.31462E-02 
1.35216E-02 -1.15257E-02 
1.19327E-02 -1.00664E-02 
1.05481E-02 -8.78069E-03 
9.35868E-03 -7.66907E-03 
8.31508E-03 -6.69242E-03 
7.39600E-03 -5.83343E-03 
6.58231E-03 -5.07499E-03 
5.85873E-03 -4.40264E-03 
5.21517E-03 -3.80627E-03 
4.64942E-03 -3.28310E-03 
4.17447E-03 -2.84463E-03 
3.82381E-03 -2.52170E-03 
3.60681E-03 -2.32308E-03 
3.42106E-03 -2.15339E-03 
3.15142E-03 -1.90499E-03 
3.17227E-02 -2.45439E-02 
2.97829E-02 -2.37411E-02 
2.72895E-02 -2.23769E-02 
2.52183E-02 -2.11139E-02 
2.30611E-02 -1.96290E-02 
2.08705E-02 -1.79777E-02 
1.87049E-02 -1.62286E-02 
1.70836E-02 -1.48549E-02 
1.66226E-02 -1.44554E-02 
1.45284E-02 -1.25967E-02 
1.26358E-02 -1.08621E-02 
1.09680E-02 -9.29819E-03 
9.52652E-03 -7.92568E-03 
8.30026E-03 -6.74778E-03 
7.27120E-03 -5.75486E-03 
6.38813E-03 -4.90402E-03 
5.62564E-03 -4.17253E-03 
4.96188E-03 -3.53943E-03 
4.37986E-03 -2.98761E-03 
3.86808E-03 -2.50491E-03 
3.42212E-03 -2.08599E-03 
3.04944E-03 -1.73692E-03 
2.77255E-03 -1.47833E-03 
2.59602E-03 -1.31430E-03 
2.44405E-03 -1.17337E-03 
2.23417E-03 -9.77605E-04 
2.91184E-02 -2.31626E-02 
2.71155E-02 -2.22061E-02 
2.45919E-02 -2.07044E-02 
2.24779E-02 -1.92982E-02 
2.02962E-02 -1.76854E-02 
1.81046E-02 -1.59295E-02 
1.59658E-02 -1.41065E-02 
1.43856E-02 -1.27000E-02 
1.39401E-02 -1.22952E-02 
1.19402E-02 -1.04376E-02 
1.01719E-02 -8.74569E-03 
8.65164E-03 -7.25964E-03 
7.37204E-03 -5.99112E-03 
6.31257E-03 -4.93289E-03 
5.44711E-03 -4.06583E-03 
4.72306E-03 -3.34348E-03 
4.11182E-03 -2.73841E-03 
3.58981E-03 -2.22666E-03 
3.13920E-03 -1.78927E-03 
2.74793E-03 -1.41280E-03 
2.41027E-03 -1.09011E-03 
2.12956E-03 -8.23149E-04 
1.91984E-03 -6.24475E-04 
1.78243E-03 -4.94925E-04 
1.66370E-03 -3.83266E-04 
1.50737E-03 -2.35697E-04 
2.64997E-02 -2.18045E-02 
2.44586E-02 -2.07043E-02 
2.19300E-02 -1.90770E-02 
1.98000E-02 -1.75419E-02 
1.76215E-02 -1.58182E-02 
1.54575E-02 -1.39777E-02 
1.33742E-02 -1.21028E-02 
1.18571E-02 -1.06818E-02 
1.14332E-02 -1.02770E-02 
9.55572E-03 -8.44607E-03 
7.93626E-03 -6.82071E-03 
6.58242E-03 -5.43266E-03 
5.47739E-03 -4.28318E-03 
4.59082E-03 -3.35385E-03 
3.88941E-03 -2.61662E-03 
3.31990E-03 -2.02198E-03 
2.85161E-03 -1.53879E-03 
2.46038E-03 -1.14111E-03 
2.12859E-03 -8.09068E-04 
1.84447E-03 -5.28728E-04 
1.60183E-03 -2.92006E-04 
1.40129E-03 -9.79290E-05 
1.25069E-03 4.69787E-05 
1.14944E-03 1.43878E-04 
1.06176E-03 2.27481E-04 
9.51685E-04 3.32636E-04 
2.38508E-02 -2.04831E-02 
2.18006E-02 -1.92502E-02 
1.92956E-02 -1.75101E-02 
1.71796E-02 -1.58616E-02 
1.50353E-02 -1.40454E-02 
1.29300E-02 -1.21409E-02 
1.09331E-02 -1.02374E-02 
9.50232E-03 -8.82035E-03 
9.10672E-03 -8.42113E-03 
7.38063E-03 -6.64251E-03 
5.93415E-03 -5.10667E-03 
4.76471E-03 -3.83502E-03 
3.84502E-03 -2.81709E-03 
3.13502E-03 -2.02277E-03 
2.59536E-03 -1.41592E-03 
2.17302E-03 -9.44710E-04 
1.83670E-03 -5.75534E-04 
1.56292E-03 -2.81639E-04 
1.33533E-03 -4.32584E-05 
1.14335E-03 1.53221E-04 
9.81194E-04 3.16042E-04 
8.47975E-04 4.47962E-04 
7.47387E-04 5.46630E-04 
6.77975E-04 6.14195E-04 
6.17804E-04 6.72417E-04 
5.45955E-04 7.41928E-04 
2.11266E-02 -1.92054E-02 
1.91021E-02 -1.78511E-02 
1.66552E-02 -1.60116E-02 
1.45886E-02 -1.42656E-02 
1.25141E-02 -1.23755E-02 
1.05032E-02 -1.04287E-02 
8.62741E-03 -8.51992E-03 
7.30833E-03 -7.12583E-03 
6.94813E-03 -6.73767E-03 
5.40472E-03 -5.03665E-03 
4.15654E-03 -3.61227E-03 
3.18935E-03 -2.47359E-03 
2.46478E-03 -1.59714E-03 
1.93344E-03 -9.41069E-04 
1.55132E-03 -4.62052E-04 
1.26688E-03 -1.07045E-04 
1.04978E-03 1.58641E-04 
8.78683E-04 3.61264E-04 
7.39621E-04 5.19454E-04 
6.24067E-04 6.45698E-04 
5.27429E-04 7.47675E-04 
4.48389E-04 8.28930E-04 
3.88227E-04 8.89685E-04 
3.45448E-04 9.32305E-04 
3.08329E-04 9.68881E-04 
2.66504E-04 1.00997E-03 
1.82733E-02 -1.79888E-02 
1.63194E-02 -1.65257E-02 
1.39738E-02 -1.46010E-02 
1.20003E-02 -1.27745E-02 
1.00384E-02 -1.08303E-02 
8.16343E-03 -8.86315E-03 
6.44826E-03 -6.97266E-03 
5.26916E-03 -5.61988E-03 
4.95212E-03 -5.24807E-03 
3.62464E-03 -3.64821E-03 
2.60038E-03 -2.35448E-03 
1.85217E-03 -1.36158E-03 
1.33031E-03 -6.32173E-04 
9.77091E-04 -1.13048E-04 
7.45536E-04 2.44999E-04 
5.87182E-04 4.94907E-04 
4.74472E-04 6.70831E-04 
3.89696E-04 7.97207E-04 
3.22395E-04 8.90542E-04 
2.66892E-04 9.61489E-04 
2.20462E-04 1.01656E-03 
1.82286E-04 1.05927E-03 
1.52641E-04 1.09108E-03 
1.30553E-04 1.11405E-03 
1.11304E-04 1.13360E-03 
9.13060E-05 1.15373E-03 
1.52112E-02 -1.68363E-02 
1.33821E-02 -1.52765E-02 
1.11900E-02 -1.32807E-02 
9.36123E-03 -1.13906E-02 
7.56217E-03 -9.41171E-03 
5.87111E-03 -7.44598E-03 
4.36126E-03 -5.59684E-03 
3.35370E-03 -4.30313E-03 
3.08844E-03 -3.95270E-03 
2.01319E-03 -2.47603E-03 
1.24008E-03 -1.32982E-03 
7.27861E-04 -4.92488E-04 
4.15612E-04 8.77755E-05 
2.38863E-04 4.74650E-04 
1.49756E-04 7.21631E-04 
1.04820E-04 8.79928E-04 
8.12745E-05 9.81459E-04 
6.65574E-05 1.04753E-03 
5.47646E-05 1.09166E-03 
4.37655E-05 1.12210E-03 
3.32573E-05 1.14375E-03 
2.36095E-05 1.15948E-03 
1.51745E-05 1.17105E-03 
7.82116E-06 1.17990E-03 
1.19708E-06 1.18725E-03 
-4.42385E-06 1.19337E-03 
1.20535E-02 -1.57555E-02 
1.03881E-02 -1.41113E-02 
8.38737E-03 -1.20586E-02 
6.74183E-03 -1.01217E-02 
5.14340E-03 -8.12744E-03 
3.67274E-03 -6.18434E-03 
2.40233E-03 -4.39866E-03 
1.59013E-03 -3.18066E-03 
1.38303E-03 -2.85624E-03 
5.86191E-04 -1.52222E-03 
8.18048E-05 -5.36835E-04 
-1.86414E-04 1.39431E-04 
-2.90201E-04 5.73081E-04 
-2.98799E-04 8.36709E-04 
-2.58669E-04 9.86090E-04 
-2.06283E-04 1.06882E-03 
-1.57799E-04 1.11282E-03 
-1.19391E-04 1.13511E-03 
-9.16803E-05 1.14553E-03 
-7.28565E-05 1.14960E-03 
-6.05312E-05 1.15039E-03 
-5.27439E-05 1.14977E-03 
-4.83913E-05 1.14912E-03 
-4.66716E-05 1.14921E-03 
-4.56477E-05 1.14909E-03 
-4.33235E-05 1.14735E-03 
8.89364E-03 -1.47531E-02 
7.41804E-03 -1.30368E-02 
5.63427E-03 -1.09410E-02 
4.19887E-03 -8.97395E-03 
2.82814E-03 -6.98319E-03 
1.60434E-03 -5.08314E-03 
5.98007E-04 -3.38168E-03 
-2.10718E-06 -2.25447E-03 
-1.46664E-04 -1.96013E-03 
-6.48482E-04 -7.84980E-04 
-8.75820E-04 3.05284E-05 
-9.00805E-04 5.45247E-04 
-8.05099E-04 8.39932E-04 
-6.60194E-04 9.93822E-04 
-5.08552E-04 1.06245E-03 
-3.77576E-04 1.08766E-03 
-2.75169E-04 1.09171E-03 
-2.00249E-04 1.08639E-03 
-1.47836E-04 1.07753E-03 
-1.12138E-04 1.06784E-03 
-8.81079E-05 1.05859E-03 
-7.21005E-05 1.05058E-03 
-6.19592E-05 1.04452E-03 
-5.60495E-05 1.04058E-03 
-5.16411E-05 1.03711E-03 
-4.64089E-05 1.03241E-03 
2.02590E-03 -1.38363E-02 
1.26292E-03 -1.20599E-02 
1.84513E-04 -9.93478E-03 
-5.88242E-04 -7.95367E-03 
-1.31814E-03 -5.98444E-03 
-1.92366E-03 -4.14667E-03 
-2.33810E-03 -2.54837E-03 
-2.50334E-03 -1.52507E-03 
-2.52539E-03 -1.26421E-03 
-2.47858E-03 -2.60197E-04 
-2.22766E-03 3.81446E-04 
-1.85724E-03 7.39867E-04 
-1.45283E-03 9.08863E-04 
-1.07992E-03 9.71179E-04 
-7.68769E-04 9.78999E-04 
-5.30508E-04 9.66069E-04 
-3.58788E-04 9.47493E-04 
-2.40798E-04 9.29354E-04 
-1.62719E-04 9.13524E-04 
-1.12463E-04 9.00243E-04 
-8.06732E-05 8.89303E-04 
-6.08162E-05 8.80565E-04 
-4.87922E-05 8.74122E-04 
-4.18014E-05 8.69757E-04 
-3.69168E-05 8.66051E-04 
-3.20447E-05 8.61721E-04 
-3.08926E-02 -1.30133E-02 
-2.74214E-02 -1.11885E-02 
-2.45126E-02 -9.04708E-03 
-2.15997E-02 -7.06736E-03 
-1.89420E-02 -5.13672E-03 
-1.64698E-02 -3.37898E-03 
-1.41256E-02 -1.90059E-03 
-1.23801E-02 -9.92004E-04 
-1.18807E-02 -7.67233E-04 
-9.58289E-03 5.79747E-05 
-7.46517E-03 5.27531E-04 
-5.59838E-03 7.41285E-04 
-4.03800E-03 8.03879E-04 
-2.80460E-03 7.97382E-04 
-1.87666E-03 7.66827E-04 
-1.21176E-03 7.35429E-04 
-7.56039E-04 7.10074E-04 
-4.56797E-04 6.91258E-04 
-2.68504E-04 6.77580E-04 
-1.54978E-04 6.67539E-04 
-8.93543E-05 6.60038E-04 
-5.29576E-05 6.54433E-04 
-3.36535E-05 6.50437E-04 
-2.38491E-05 6.47735E-04 
-1.85719E-05 6.45522E-04 
-1.49683E-05 6.43152E-04 
-1.59375E-01 -1.22888E-02 
-1.38817E-01 -1.04269E-02 
-1.19946E-01 -8.28170E-03 
-1.02325E-01 -6.31799E-03 
-8.62689E-02 -4.44182E-03 
-7.17595E-02 -2.78013E-03 
-5.87633E-02 -1.43592E-03 
-4.97274E-02 -6.50214E-04 
-4.72518E-02 -4.63225E-04 
-3.64836E-02 1.80670E-04 
-2.74052E-02 4.86345E-04 
-1.99771E-02 5.74027E-04 
-1.41060E-02 5.55715E-04 
-9.63481E-03 5.07327E-04 
-6.35429E-03 4.62146E-04 
-4.03808E-03 4.30574E-04 
-2.46607E-03 4.11056E-04 
-1.44283E-03 3.99581E-04 
-8.06088E-04 3.92853E-04 
-4.28712E-04 3.88792E-04 
-2.16563E-04 3.86228E-04 
-1.03936E-04 3.84552E-04 
-4.77578E-05 3.83471E-04 
-2.15694E-05 3.82804E-04 
-1.01237E-05 3.82318E-04 
-5.30775E-06 3.81837E-04 
-5.04119E-01 -1.16469E-02 
-4.37419E-01 -9.75860E-03 
-3.75515E-01 -7.62142E-03 
-3.18272E-01 -5.68738E-03 
-2.66194E-01 -3.88014E-03 
-2.19400E-01 -2.32847E-03 
-1.77914E-01 -1.12976E-03 
-1.49428E-01 -4.72029E-04 
-1.41687E-01 -3.23474E-04 
-1.08383E-01 1.42527E-04 
-8.08128E-02 2.99767E-04 
-5.86077E-02 2.87516E-04 
-4.12602E-02 2.19813E-04 
-2.81402E-02 1.59191E-04 
-1.85484E-02 1.21905E-04 
-1.17828E-02 1.04157E-04 
-7.19014E-03 9.73693E-05 
-4.19941E-03 9.54567E-05 
-2.33812E-03 9.53368E-05 
-1.23566E-03 9.57338E-05 
-6.16948E-04 9.61980E-05 
-2.89571E-04 9.66002E-05 
-1.27125E-04 9.69276E-05 
-5.20105E-05 9.72121E-05 
-1.98923E-05 9.74737E-05 
-7.29834E-06 9.76855E-05 
---
