PdfType: replica
Format: lhagrid1
---
1.00000E-06 1.28121E-06 1.64152E-06 2.10317E-06 2.69463E-06 3.45242E-06 4.42329E-06 5.66715E-06 7.26076E-06 9.30241E-06 1.19180E-05 1.52689E-05 1.95617E-05 2.50609E-05 3.21053E-05 4.11287E-05 5.26863E-05 6.74889E-05 8.64459E-05 1.10720E-04 1.41800E-04 1.81585E-04 2.32503E-04 2.97652E-04 3.80981E-04 4.87518E-04 6.26039E-04 8.00452E-04 1.02297E-03 1.30657E-03 1.66759E-03 2.12729E-03 2.71054E-03 3.44865E-03 4.37927E-03 5.54908E-03 7.01192E-03 8.83064E-03 1.10763E-02 1.38266E-02 1.71641E-02 2.11717E-02 2.59364E-02 3.15062E-02 3.79623E-02 4.53425E-02 5.36750E-02 6.29705E-02 7.32221E-02 8.44039E-02 9.64793E-02 1.09332E-01 1.23067E-01 1.37507E-01 1.52639E-01 1.68416E-01 1.84794E-01 2.01731E-01 2.19016E-01 2.36948E-01 2.55242E-01 2.73927E-01 2.92954E-01 3.12340E-01 3.32036E-01 3.52019E-01 3.72282E-01 3.92772E-01 4.13533E-01 4.34326E-01 4.55495E-01 4.76836E-01 4.98342E-01 5.20006E-01 5.41818E-01 5.63773E-01 5.85861E-01 6.08077E-01 6.30459E-01 6.52800E-01 6.75387E-01 6.98063E-01 7.20830E-01 7.43683E-01 7.66623E-01 7.89636E-01 8.12791E-01 8.35940E-01 8.59175E-01 8.82485E-01 9.05866E-01 9.29311E-01 9.52817E-01 9.76387E-01 1.00000E+00 
1.14018E+00 1.22539E+00 1.32482E+00 1.44156E+00 1.57954E+00 1.74381E+00 1.94091E+00 2.12132E+00 2.17945E+00 2.49622E+00 2.89383E+00 3.39925E+00 4.05063E+00 4.90286E+00 6.03623E+00 7.57063E+00 9.68869E+00 1.26749E+01 1.69835E+01 2.33578E+01 3.30501E+01 4.82334E+01 7.28041E+01 1.13998E+02 1.85779E+02 3.16228E+02 
908 909 
8.89991E-05 7.39798E-05 
9.08655E-05 7.53329E-05 
9.29110E-05 7.53664E-05 
9.42009E-05 7.62003E-05 
9.54111E-05 7.69571E-05 
9.65113E-05 7.75985E-05 
9.74595E-05 7.80794E-05 
9.80537E-05 7.83087E-05 
9.81993E-05 7.83479E-05 
9.86791E-05 7.83327E-05 
9.87143E-05 7.79227E-05 
9.81576E-05 7.70312E-05 
9.68277E-05 7.55663E-05 
9.27375E-05 7.31759E-05 
8.72946E-05 6.99418E-05 
8.01270E-05 6.58849E-05 
7.08707E-05 6.08929E-05 
5.90944E-05 5.48447E-05 
4.42683E-05 4.75956E-05 
2.56591E-05 3.89132E-05 
1.90881E-06 2.82171E-05 
-3.05436E-05 1.36474E-05 
-8.14013E-05 -9.99816E-06 
-1.66546E-04 -5.02496E-05 
-2.87078E-04 -1.04499E-04 
-4.19824E-04 -1.57690E-04 
9.89057E-05 8.36501E-05 
1.01237E-04 8.48542E-05 
1.03607E-04 8.45243E-05 
1.05249E-04 8.51908E-05 
1.06796E-04 8.57754E-05 
1.08213E-04 8.62354E-05 
1.09450E-04 8.65211E-05 
1.10243E-04 8.65870E-05 
1.10442E-04 8.65761E-05 
1.11140E-04 8.63052E-05 
1.11323E-04 8.56085E-05 
1.10826E-04 8.43957E-05 
1.09445E-04 8.25724E-05 
1.05022E-04 7.98840E-05 
9.91170E-05 7.62603E-05 
9.13113E-05 7.17820E-05 
8.12122E-05 6.63378E-05 
6.83564E-05 5.98086E-05 
5.21765E-05 5.20516E-05 
3.18856E-05 4.28301E-05 
6.01319E-06 3.15279E-05 
-2.93312E-05 1.61353E-05 
-8.47695E-05 -8.97166E-06 
-1.77599E-04 -5.18363E-05 
-3.08710E-04 -1.09356E-04 
-4.52428E-04 -1.65072E-04 
1.12888E-04 9.13900E-05 
1.15580E-04 9.25203E-05 
1.18090E-04 9.19343E-05 
1.19983E-04 9.25019E-05 
1.21763E-04 9.29841E-05 
1.23389E-04 9.33332E-05 
1.24805E-04 9.34945E-05 
1.25708E-04 9.34517E-05 
1.25934E-04 9.34067E-05 
1.26721E-04 9.29563E-05 
1.26914E-04 9.20495E-05 
1.26328E-04 9.05924E-05 
1.24740E-04 8.84890E-05 
1.19816E-04 8.56079E-05 
1.13272E-04 8.16871E-05 
1.04639E-04 7.68842E-05 
9.34952E-05 7.10896E-05 
7.93453E-05 6.41879E-05 
6.15836E-05 5.60395E-05 
3.93679E-05 4.64037E-05 
1.11085E-05 3.46257E-05 
-2.74402E-05 1.85336E-05 
-8.78963E-05 -7.95020E-06 
-1.89086E-04 -5.33993E-05 
-3.31635E-04 -1.14135E-04 
-4.87127E-04 -1.72178E-04 
1.29826E-04 9.79264E-05 
1.32788E-04 9.90676E-05 
1.35293E-04 9.83200E-05 
1.37343E-04 9.88652E-05 
1.39264E-04 9.93216E-05 
1.41006E-04 9.96359E-05 
1.42503E-04 9.97478E-05 
1.43440E-04 9.96539E-05 
1.43669E-04 9.95914E-05 
1.44431E-04 9.90406E-05 
1.44513E-04 9.80020E-05 
1.43710E-04 9.63792E-05 
1.41774E-04 9.40754E-05 
1.36210E-04 9.11085E-05 
1.28869E-04 8.69853E-05 
1.19241E-04 8.19567E-05 
1.06875E-04 7.59165E-05 
9.12405E-05 6.87541E-05 
7.16941E-05 6.03350E-05 
4.73360E-05 5.04156E-05 
1.64497E-05 3.83012E-05 
-2.55977E-05 2.16471E-05 
-9.15114E-05 -6.10167E-06 
-2.01769E-04 -5.40583E-05 
-3.56661E-04 -1.17890E-04 
-5.24731E-04 -1.78001E-04 
1.48726E-04 1.04054E-04 
1.51885E-04 1.05291E-04 
1.54281E-04 1.04454E-04 
1.56419E-04 1.05053E-04 
1.58408E-04 1.05558E-04 
1.60193E-04 1.05911E-04 
1.61697E-04 1.06045E-04 
1.62606E-04 1.05954E-04 
1.62822E-04 1.05890E-04 
1.63468E-04 1.05313E-04 
1.63343E-04 1.04216E-04 
1.62217E-04 1.02501E-04 
1.59818E-04 1.00072E-04 
1.53500E-04 9.71235E-05 
1.45232E-04 9.28902E-05 
1.34469E-04 8.77330E-05 
1.20728E-04 8.15508E-05 
1.03447E-04 7.42401E-05 
8.19406E-05 6.56733E-05 
5.52514E-05 5.56056E-05 
2.15255E-05 4.33019E-05 
-2.42931E-05 2.62378E-05 
-9.61000E-05 -2.63700E-06 
-2.16159E-04 -5.29753E-05 
-3.84323E-04 -1.19718E-04 
-5.65767E-04 -1.81576E-04 
1.68825E-04 1.10529E-04 
1.72137E-04 1.11938E-04 
1.74362E-04 1.11060E-04 
1.76538E-04 1.11783E-04 
1.78549E-04 1.12406E-04 
1.80327E-04 1.12863E-04 
1.81787E-04 1.13085E-04 
1.82627E-04 1.13046E-04 
1.82816E-04 1.12994E-04 
1.83283E-04 1.12457E-04 
1.82878E-04 1.11368E-04 
1.81347E-04 1.09628E-04 
1.78394E-04 1.07143E-04 
1.71239E-04 1.04314E-04 
1.61938E-04 1.00060E-04 
1.49924E-04 9.48696E-05 
1.34682E-04 8.86489E-05 
1.15617E-04 8.13038E-05 
9.20035E-05 7.27163E-05 
6.28217E-05 6.26425E-05 
2.60707E-05 5.03076E-05 
-2.37694E-05 3.30028E-05 
-1.01897E-04 3.17113E-06 
-2.32504E-04 -4.93713E-05 
-4.14887E-04 -1.18771E-04 
-6.10484E-04 -1.81981E-04 
1.89639E-04 1.18004E-04 
1.93086E-04 1.19658E-04 
1.95108E-04 1.18762E-04 
1.97297E-04 1.19673E-04 
1.99304E-04 1.20475E-04 
2.01051E-04 1.21097E-04 
2.02438E-04 1.21462E-04 
2.03185E-04 1.21518E-04 
2.03338E-04 1.21491E-04 
2.03584E-04 1.21053E-04 
2.02849E-04 1.20031E-04 
2.00854E-04 1.18328E-04 
1.97275E-04 1.15853E-04 
1.89222E-04 1.13246E-04 
1.78806E-04 1.09060E-04 
1.65448E-04 1.03933E-04 
1.48602E-04 9.77813E-05 
1.27639E-04 9.05216E-05 
1.01794E-04 8.20490E-05 
6.99825E-05 7.21236E-05 
3.00456E-05 5.99319E-05 
-2.40446E-05 4.25785E-05 
-1.08911E-04 1.19952E-05 
-2.50819E-04 -4.25158E-05 
-4.48371E-04 -1.14239E-04 
-6.58871E-04 -1.78330E-04 
2.10952E-04 1.27014E-04 
2.14538E-04 1.28974E-04 
2.16350E-04 1.28065E-04 
2.18547E-04 1.29222E-04 
2.20545E-04 1.30260E-04 
2.22254E-04 1.31100E-04 
2.23559E-04 1.31661E-04 
2.24201E-04 1.31851E-04 
2.24316E-04 1.31861E-04 
2.24318E-04 1.31577E-04 
2.23220E-04 1.30678E-04 
2.20717E-04 1.29072E-04 
2.16456E-04 1.26674E-04 
2.07465E-04 1.24397E-04 
1.95867E-04 1.20373E-04 
1.81090E-04 1.15414E-04 
1.62556E-04 1.09446E-04 
1.39600E-04 1.02404E-04 
1.11419E-04 9.41974E-05 
7.68628E-05 8.45936E-05 
3.36014E-05 7.27431E-05 
-2.49466E-05 5.55640E-05 
-1.16957E-04 2.44781E-05 
-2.70921E-04 -3.16989E-05 
-4.84588E-04 -1.05326E-04 
-7.10706E-04 -1.69733E-04 
2.32783E-04 1.37970E-04 
2.36534E-04 1.40295E-04 
2.38139E-04 1.39366E-04 
2.40356E-04 1.40827E-04 
2.42357E-04 1.42153E-04 
2.44037E-04 1.43262E-04 
2.45264E-04 1.44069E-04 
2.45802E-04 1.44432E-04 
2.45877E-04 1.44489E-04 
2.45624E-04 1.44415E-04 
2.44142E-04 1.43699E-04 
2.41097E-04 1.42254E-04 
2.36109E-04 1.40007E-04 
2.26155E-04 1.38182E-04 
2.13325E-04 1.34424E-04 
1.97067E-04 1.29749E-04 
1.76773E-04 1.24098E-04 
1.51747E-04 1.17425E-04 
1.21142E-04 1.09658E-04 
8.37442E-05 1.00577E-04 
3.70406E-05 8.92974E-05 
-2.61528E-05 7.25549E-05 
-1.25698E-04 4.12690E-05 
-2.92465E-04 -1.61935E-05 
-5.23178E-04 -9.12016E-05 
-7.65583E-04 -1.55253E-04 
2.55339E-04 1.51190E-04 
2.59295E-04 1.53936E-04 
2.60699E-04 1.52974E-04 
2.62960E-04 1.54796E-04 
2.64987E-04 1.56467E-04 
2.66658E-04 1.57899E-04 
2.67823E-04 1.59005E-04 
2.68261E-04 1.59583E-04 
2.68298E-04 1.59700E-04 
2.67787E-04 1.59896E-04 
2.65907E-04 1.59431E-04 
2.62293E-04 1.58225E-04 
2.56537E-04 1.56216E-04 
2.45608E-04 1.54984E-04 
2.31503E-04 1.51616E-04 
2.13714E-04 1.47362E-04 
1.91602E-04 1.42185E-04 
1.64438E-04 1.36059E-04 
1.31339E-04 1.28938E-04 
9.10212E-05 1.20614E-04 
4.07788E-05 1.10177E-04 
-2.72252E-05 9.41825E-05 
-1.34677E-04 6.30635E-05 
-3.14982E-04 4.78891E-06 
-5.63649E-04 -7.09583E-05 
-8.22949E-04 -1.33861E-04 
2.78961E-04 1.66924E-04 
2.83176E-04 1.70151E-04 
2.84377E-04 1.69148E-04 
2.86716E-04 1.71395E-04 
2.88800E-04 1.73472E-04 
2.90488E-04 1.75288E-04 
2.91609E-04 1.76755E-04 
2.91958E-04 1.77596E-04 
2.91957E-04 1.77788E-04 
2.91190E-04 1.78331E-04 
2.88899E-04 1.78200E-04 
2.84692E-04 1.77329E-04 
2.78130E-04 1.75668E-04 
2.66223E-04 1.75201E-04 
2.50810E-04 1.72369E-04 
2.31449E-04 1.68702E-04 
2.07471E-04 1.64186E-04 
1.78116E-04 1.58822E-04 
1.42467E-04 1.52591E-04 
9.91703E-05 1.45307E-04 
4.53156E-05 1.36033E-04 
-2.76387E-05 1.21155E-04 
-1.43347E-04 9.06471E-05 
-3.37902E-04 3.21427E-05 
-6.05391E-04 -4.35632E-05 
-8.82123E-04 -1.04383E-04 
3.04080E-04 1.85393E-04 
3.08612E-04 1.89168E-04 
3.09596E-04 1.88129E-04 
3.12052E-04 1.90877E-04 
3.14228E-04 1.93434E-04 
3.15963E-04 1.95708E-04 
3.17062E-04 1.97612E-04 
3.17332E-04 1.98780E-04 
3.17296E-04 1.99066E-04 
3.16274E-04 2.00051E-04 
3.13561E-04 2.00362E-04 
3.08736E-04 1.99947E-04 
3.01331E-04 1.98774E-04 
2.88451E-04 1.99280E-04 
2.71705E-04 1.97164E-04 
2.50740E-04 1.94286E-04 
2.24858E-04 1.90659E-04 
1.93276E-04 1.86315E-04 
1.55039E-04 1.81268E-04 
1.08728E-04 1.75355E-04 
5.12154E-05 1.67624E-04 
-2.67980E-05 1.54303E-04 
-1.51079E-04 1.24938E-04 
-3.60567E-04 6.69139E-05 
-6.47696E-04 -7.80943E-06 
-9.42304E-04 -6.54527E-05 
3.31167E-04 2.06830E-04 
3.36084E-04 2.11232E-04 
3.36816E-04 2.10184E-04 
3.39432E-04 2.13524E-04 
3.41738E-04 2.16653E-04 
3.43552E-04 2.19478E-04 
3.44652E-04 2.21917E-04 
3.44853E-04 2.23493E-04 
3.44783E-04 2.23897E-04 
3.43506E-04 2.25448E-04 
3.40358E-04 2.26340E-04 
3.34889E-04 2.26538E-04 
3.26606E-04 2.26032E-04 
3.12772E-04 2.27763E-04 
2.94676E-04 2.26583E-04 
2.72087E-04 2.24739E-04 
2.44281E-04 2.22275E-04 
2.10451E-04 2.19260E-04 
1.69614E-04 2.15746E-04 
1.20281E-04 2.11599E-04 
5.90999E-05 2.05858E-04 
-2.40414E-05 1.94609E-04 
-1.57172E-04 1.67025E-04 
-3.82227E-04 1.10339E-04 
-6.89743E-04 3.77249E-05 
-1.00256E-03 -1.54692E-05 
3.60710E-04 2.31512E-04 
3.66082E-04 2.36637E-04 
3.66507E-04 2.35643E-04 
3.69328E-04 2.39689E-04 
3.71806E-04 2.43504E-04 
3.73729E-04 2.47000E-04 
3.74852E-04 2.50099E-04 
3.74994E-04 2.52185E-04 
3.74892E-04 2.52740E-04 
3.73360E-04 2.55017E-04 
3.69764E-04 2.56667E-04 
3.63627E-04 2.57678E-04 
3.54433E-04 2.58063E-04 
3.39679E-04 2.61325E-04 
3.20233E-04 2.61347E-04 
2.96016E-04 2.60831E-04 
2.66285E-04 2.59860E-04 
2.30212E-04 2.58542E-04 
1.86792E-04 2.56972E-04 
1.34469E-04 2.55054E-04 
6.96531E-05 2.51825E-04 
-1.86342E-05 2.43253E-04 
-1.60836E-04 2.18204E-04 
-4.02031E-04 1.63885E-04 
-7.30585E-04 9.47166E-05 
-1.06180E-03 4.74433E-05 
3.93193E-04 2.59803E-04 
3.99095E-04 2.65769E-04 
3.99131E-04 2.64934E-04 
4.02208E-04 2.69829E-04 
4.04899E-04 2.74475E-04 
4.06966E-04 2.78791E-04 
4.08134E-04 2.82711E-04 
4.08226E-04 2.85439E-04 
4.08095E-04 2.86184E-04 
4.06307E-04 2.89390E-04 
4.02254E-04 2.92024E-04 
3.95430E-04 2.94098E-04 
3.85301E-04 2.95651E-04 
3.69685E-04 3.00811E-04 
3.48905E-04 3.02352E-04 
3.23081E-04 3.03517E-04 
2.91452E-04 3.04427E-04 
2.53177E-04 3.05240E-04 
2.07230E-04 3.06096E-04 
1.51998E-04 3.06944E-04 
8.36378E-05 3.06831E-04 
-9.74909E-06 3.01639E-04 
-1.61173E-04 2.80011E-04 
-4.18995E-04 2.29281E-04 
-7.69119E-04 1.65135E-04 
-1.11875E-03 1.25473E-04 
4.29084E-04 2.92180E-04 
4.35598E-04 2.99130E-04 
4.35137E-04 2.98623E-04 
4.38525E-04 3.04541E-04 
4.41477E-04 3.10199E-04 
4.43723E-04 3.15525E-04 
4.44963E-04 3.20467E-04 
4.45019E-04 3.24003E-04 
4.44859E-04 3.24988E-04 
4.42823E-04 3.29379E-04 
4.38309E-04 3.33276E-04 
4.30791E-04 3.36719E-04 
4.19719E-04 3.39780E-04 
4.03330E-04 3.47270E-04 
3.81262E-04 3.50707E-04 
3.53882E-04 3.53965E-04 
3.20420E-04 3.57214E-04 
2.80027E-04 3.60661E-04 
2.31666E-04 3.64502E-04 
1.73664E-04 3.68734E-04 
1.01923E-04 3.72432E-04 
3.56349E-06 3.71426E-04 
-1.57142E-04 3.54251E-04 
-4.31969E-04 3.08551E-04 
-8.04037E-04 2.51272E-04 
-1.17189E-03 2.21150E-04 
4.68842E-04 3.29268E-04 
4.76057E-04 3.37378E-04 
4.74963E-04 3.37443E-04 
4.78726E-04 3.44600E-04 
4.81992E-04 3.51493E-04 
4.84462E-04 3.58063E-04 
4.85806E-04 3.64275E-04 
4.85845E-04 3.68826E-04 
4.85663E-04 3.70114E-04 
4.83395E-04 3.76001E-04 
4.78432E-04 3.81503E-04 
4.70232E-04 3.86689E-04 
4.58232E-04 3.91663E-04 
4.41203E-04 4.01988E-04 
4.17930E-04 4.07760E-04 
3.89090E-04 4.13594E-04 
3.53910E-04 4.19709E-04 
3.11541E-04 4.26370E-04 
2.60942E-04 4.33834E-04 
2.00390E-04 4.42156E-04 
1.25518E-04 4.50452E-04 
2.24144E-05 4.54554E-04 
-1.47519E-04 4.43027E-04 
-4.39584E-04 4.04042E-04 
-8.33777E-04 3.55769E-04 
-1.21941E-03 3.37372E-04 
5.12922E-04 3.71869E-04 
5.20939E-04 3.81349E-04 
5.19047E-04 3.82333E-04 
5.23262E-04 3.90991E-04 
5.26908E-04 3.99390E-04 
5.29658E-04 4.07491E-04 
5.31152E-04 4.15278E-04 
5.31205E-04 4.21093E-04 
5.31007E-04 4.22761E-04 
5.28546E-04 4.30524E-04 
5.23171E-04 4.38039E-04 
5.14329E-04 4.45412E-04 
5.01455E-04 4.52777E-04 
4.83975E-04 4.66520E-04 
4.59629E-04 4.75136E-04 
4.29480E-04 4.84097E-04 
3.92760E-04 4.93683E-04 
3.48630E-04 5.04220E-04 
2.96055E-04 5.16031E-04 
2.33265E-04 5.29238E-04 
1.55622E-04 5.43019E-04 
4.81235E-05 5.53270E-04 
-1.30841E-04 5.48758E-04 
-4.40200E-04 5.18444E-04 
-8.56453E-04 4.81645E-04 
-1.25912E-03 4.77429E-04 
5.61792E-04 4.20990E-04 
5.70726E-04 4.32095E-04 
5.67847E-04 4.34471E-04 
5.72608E-04 4.44944E-04 
5.76719E-04 4.55178E-04 
5.79822E-04 4.65155E-04 
5.81534E-04 4.74885E-04 
5.81648E-04 4.82265E-04 
5.81450E-04 4.84402E-04 
5.78861E-04 4.94492E-04 
5.73145E-04 5.04507E-04 
5.63747E-04 5.14585E-04 
5.50100E-04 5.24899E-04 
5.32432E-04 5.42721E-04 
5.07209E-04 5.54759E-04 
4.75973E-04 5.67477E-04 
4.37971E-04 5.81218E-04 
3.92385E-04 5.96375E-04 
3.38196E-04 6.13344E-04 
2.73597E-04 6.32324E-04 
1.93671E-04 6.52581E-04 
8.22749E-05 6.70147E-04 
-1.05352E-04 6.74207E-04 
-4.31833E-04 6.54812E-04 
-8.69785E-04 6.32310E-04 
-1.28839E-03 6.45017E-04 
6.15955E-04 4.77880E-04 
6.25942E-04 4.90914E-04 
6.21859E-04 4.95316E-04 
6.27286E-04 5.07978E-04 
6.31971E-04 5.20437E-04 
6.35529E-04 5.32702E-04 
6.37556E-04 5.44810E-04 
6.37806E-04 5.54110E-04 
6.37629E-04 5.56823E-04 
6.35022E-04 5.69770E-04 
6.29089E-04 5.82848E-04 
6.19275E-04 5.96231E-04 
6.05026E-04 6.10129E-04 
5.87525E-04 6.32777E-04 
5.61697E-04 6.48887E-04 
5.29685E-04 6.66067E-04 
4.90755E-04 6.84727E-04 
4.44127E-04 7.05334E-04 
3.88809E-04 7.28363E-04 
3.22966E-04 7.54099E-04 
2.41399E-04 7.81922E-04 
1.26777E-04 8.08099E-04 
-6.89316E-05 8.22485E-04 
-4.12091E-04 8.16581E-04 
-8.71015E-04 8.11578E-04 
-1.30402E-03 8.44240E-04 
6.75979E-04 5.44069E-04 
6.87177E-04 5.59390E-04 
6.81653E-04 5.66659E-04 
6.87899E-04 5.81949E-04 
6.93303E-04 5.97093E-04 
6.97456E-04 6.12129E-04 
6.99937E-04 6.27125E-04 
7.00435E-04 6.38757E-04 
7.00313E-04 6.42171E-04 
6.97857E-04 6.58585E-04 
6.91896E-04 6.75372E-04 
6.81884E-04 6.92743E-04 
6.67288E-04 7.10943E-04 
6.50420E-04 7.39242E-04 
6.24359E-04 7.60149E-04 
5.91984E-04 7.82574E-04 
5.52600E-04 8.07000E-04 
5.05473E-04 8.33972E-04 
4.49654E-04 8.64049E-04 
3.83294E-04 8.97616E-04 
3.00908E-04 9.34200E-04 
1.83939E-04 9.70411E-04 
-1.90227E-05 9.97087E-04 
-3.78079E-04 1.00759E-03 
-8.56814E-04 1.02369E-03 
-1.30222E-03 1.07963E-03 
7.42511E-04 6.21398E-04 
7.55110E-04 6.39434E-04 
7.47890E-04 6.50660E-04 
7.55155E-04 6.69090E-04 
7.61470E-04 6.87453E-04 
7.66412E-04 7.05820E-04 
7.69544E-04 7.24289E-04 
7.70450E-04 7.38726E-04 
7.70432E-04 7.42983E-04 
7.68372E-04 7.63559E-04 
7.62658E-04 7.84783E-04 
7.52764E-04 8.06902E-04 
7.38183E-04 8.30202E-04 
7.22553E-04 8.65052E-04 
6.96743E-04 8.91553E-04 
6.64547E-04 9.20081E-04 
6.25320E-04 9.51199E-04 
5.78389E-04 9.85532E-04 
5.22868E-04 1.02373E-03 
4.56904E-04 1.06629E-03 
3.74731E-04 1.11293E-03 
2.56533E-04 1.16072E-03 
4.74464E-05 1.20186E-03 
-3.26324E-04 1.23203E-03 
-8.23185E-04 1.27326E-03 
-1.27839E-03 1.35609E-03 
8.16320E-04 7.12093E-04 
8.30549E-04 7.33343E-04 
8.21373E-04 7.49930E-04 
8.29915E-04 7.72086E-04 
8.37399E-04 7.94279E-04 
8.43389E-04 8.16614E-04 
8.47446E-04 8.39220E-04 
8.48984E-04 8.56995E-04 
8.49137E-04 8.62252E-04 
8.47820E-04 8.87766E-04 
8.42739E-04 9.14232E-04 
8.33398E-04 9.41939E-04 
8.19325E-04 9.71208E-04 
8.05701E-04 1.01358E-03 
7.80765E-04 1.04653E-03 
7.49436E-04 1.08209E-03 
7.11138E-04 1.12090E-03 
6.65279E-04 1.16367E-03 
6.11049E-04 1.21114E-03 
5.46609E-04 1.26394E-03 
4.65923E-04 1.32199E-03 
3.47892E-04 1.38304E-03 
1.34159E-04 1.44102E-03 
-2.52661E-04 1.49450E-03 
-7.65349E-04 1.56531E-03 
-1.22712E-03 1.67890E-03 
8.98325E-04 8.18809E-04 
9.14460E-04 8.43859E-04 
9.03080E-04 8.67587E-04 
9.13235E-04 8.94131E-04 
9.22227E-04 9.20842E-04 
9.29616E-04 9.47857E-04 
9.34969E-04 9.75339E-04 
9.37444E-04 9.97038E-04 
9.37862E-04 1.00347E-03 
9.37758E-04 1.03477E-03 
9.33833E-04 1.06736E-03 
9.25627E-04 1.10155E-03 
9.12713E-04 1.13773E-03 
9.02057E-04 1.18862E-03 
8.78773E-04 1.22896E-03 
8.49173E-04 1.27255E-03 
8.12765E-04 1.32011E-03 
7.69056E-04 1.37246E-03 
7.17334E-04 1.43042E-03 
6.55796E-04 1.49475E-03 
5.78144E-04 1.56567E-03 
4.61999E-04 1.64172E-03 
2.45504E-04 1.71914E-03 
-1.52133E-04 1.79993E-03 
-6.77621E-04 1.90517E-03 
-1.14196E-03 2.05361E-03 
9.89628E-04 9.44714E-04 
1.00801E-03 9.74241E-04 
9.94217E-04 1.00734E-03 
1.00642E-03 1.03901E-03 
1.01736E-03 1.07099E-03 
1.02662E-03 1.10347E-03 
1.03376E-03 1.13662E-03 
1.03758E-03 1.16288E-03 
1.03839E-03 1.17068E-03 
1.04012E-03 1.20867E-03 
1.03804E-03 1.24831E-03 
1.03173E-03 1.28995E-03 
1.02081E-03 1.33401E-03 
1.01431E-03 1.39448E-03 
9.93639E-04 1.44317E-03 
9.66827E-04 1.49582E-03 
9.33483E-04 1.55326E-03 
8.93236E-04 1.61636E-03 
8.45495E-04 1.68607E-03 
7.88516E-04 1.76328E-03 
7.15763E-04 1.84854E-03 
6.03586E-04 1.94144E-03 
3.86692E-04 2.04104E-03 
-1.88602E-05 2.15351E-03 
-5.53278E-04 2.29844E-03 
-1.01533E-03 2.48596E-03 
1.09156E-03 1.09356E-03 
1.11259E-03 1.12835E-03 
1.09628E-03 1.17356E-03 
1.11108E-03 1.21114E-03 
1.12456E-03 1.24922E-03 
1.13629E-03 1.28798E-03 
1.14587E-03 1.32766E-03 
1.15158E-03 1.35914E-03 
1.15293E-03 1.36850E-03 
1.15732E-03 1.41413E-03 
1.15796E-03 1.46178E-03 
1.15451E-03 1.51186E-03 
1.14663E-03 1.56482E-03 
1.14574E-03 1.63587E-03 
1.12885E-03 1.69391E-03 
1.10611E-03 1.75670E-03 
1.07725E-03 1.82515E-03 
1.04204E-03 1.90023E-03 
1.00004E-03 1.98296E-03 
9.49600E-04 2.07440E-03 
8.83962E-04 2.17550E-03 
7.78256E-04 2.28710E-03 
5.63872E-04 2.41178E-03 
1.54086E-04 2.56059E-03 
-3.84409E-04 2.75081E-03 
-8.38335E-04 2.98170E-03 
1.20760E-03 1.27276E-03 
1.23186E-03 1.31378E-03 
1.21301E-03 1.37473E-03 
1.23120E-03 1.41916E-03 
1.24802E-03 1.46428E-03 
1.26307E-03 1.51031E-03 
1.27599E-03 1.55749E-03 
1.28431E-03 1.59497E-03 
1.28644E-03 1.60611E-03 
1.29457E-03 1.66047E-03 
1.29913E-03 1.71725E-03 
1.29980E-03 1.77690E-03 
1.29635E-03 1.83991E-03 
1.30293E-03 1.92271E-03 
1.29133E-03 1.99127E-03 
1.27430E-03 2.06547E-03 
1.25172E-03 2.14627E-03 
1.22355E-03 2.23473E-03 
1.18952E-03 2.33197E-03 
1.14810E-03 2.43920E-03 
1.09237E-03 2.55784E-03 
9.96279E-04 2.69030E-03 
7.88068E-04 2.84349E-03 
3.78683E-04 3.03425E-03 
-1.57820E-04 3.27642E-03 
-5.96405E-04 3.55567E-03 
1.33614E-03 1.48200E-03 
1.36420E-03 1.53016E-03 
1.34315E-03 1.61059E-03 
1.36560E-03 1.66260E-03 
1.38667E-03 1.71549E-03 
1.40601E-03 1.76950E-03 
1.42329E-03 1.82492E-03 
1.43505E-03 1.86896E-03 
1.43820E-03 1.88205E-03 
1.45134E-03 1.94592E-03 
1.46114E-03 2.01261E-03 
1.46736E-03 2.08262E-03 
1.46984E-03 2.15651E-03 
1.48587E-03 2.25170E-03 
1.48116E-03 2.33161E-03 
1.47158E-03 2.41807E-03 
1.45720E-03 2.51214E-03 
1.43818E-03 2.61493E-03 
1.41446E-03 2.72763E-03 
1.38469E-03 2.85161E-03 
1.34180E-03 2.98882E-03 
1.25871E-03 3.14354E-03 
1.06086E-03 3.32776E-03 
6.57555E-04 3.56492E-03 
1.30356E-04 3.86419E-03 
-2.84911E-04 4.19501E-03 
1.48127E-03 1.72992E-03 
1.51394E-03 1.78626E-03 
1.49136E-03 1.89081E-03 
1.51922E-03 1.95117E-03 
1.54577E-03 2.01259E-03 
1.57066E-03 2.07536E-03 
1.59364E-03 2.13977E-03 
1.60993E-03 2.19094E-03 
1.61443E-03 2.20615E-03 
1.63415E-03 2.28036E-03 
1.65087E-03 2.35778E-03 
1.66442E-03 2.43900E-03 
1.67470E-03 2.52462E-03 
1.70263E-03 2.63287E-03 
1.70676E-03 2.72501E-03 
1.70676E-03 2.82471E-03 
1.70292E-03 2.93304E-03 
1.69563E-03 3.05118E-03 
1.68509E-03 3.18035E-03 
1.67013E-03 3.32208E-03 
1.64365E-03 3.47893E-03 
1.57766E-03 3.65737E-03 
1.39526E-03 3.87543E-03 
1.00487E-03 4.16406E-03 
4.95740E-04 4.52626E-03 
1.13301E-04 4.91208E-03 
1.64594E-03 2.02345E-03 
1.68421E-03 2.08909E-03 
1.66134E-03 2.22299E-03 
1.69608E-03 2.29232E-03 
1.72961E-03 2.36290E-03 
1.76164E-03 2.43503E-03 
1.79194E-03 2.50902E-03 
1.81407E-03 2.56780E-03 
1.82031E-03 2.58527E-03 
1.84855E-03 2.67045E-03 
1.87419E-03 2.75929E-03 
1.89716E-03 2.85240E-03 
1.91745E-03 2.95048E-03 
1.96010E-03 3.07213E-03 
1.97534E-03 3.17728E-03 
1.98740E-03 3.29101E-03 
1.99681E-03 3.41444E-03 
2.00424E-03 3.54872E-03 
2.01017E-03 3.69512E-03 
2.01370E-03 3.85529E-03 
2.00774E-03 4.03247E-03 
1.96362E-03 4.23573E-03 
1.80266E-03 4.49010E-03 
1.43338E-03 4.83504E-03 
9.52734E-04 5.26565E-03 
6.14103E-04 5.70907E-03 
1.83378E-03 2.37041E-03 
1.87891E-03 2.44644E-03 
1.85781E-03 2.61539E-03 
1.90124E-03 2.69410E-03 
1.94360E-03 2.77422E-03 
1.98469E-03 2.85607E-03 
2.02430E-03 2.94002E-03 
2.05385E-03 3.00668E-03 
2.06229E-03 3.02649E-03 
2.10130E-03 3.12306E-03 
2.13821E-03 3.22374E-03 
2.17303E-03 3.32921E-03 
2.20587E-03 3.44025E-03 
2.26649E-03 3.57524E-03 
2.29546E-03 3.69396E-03 
2.32242E-03 3.82231E-03 
2.34820E-03 3.96139E-03 
2.37378E-03 4.11231E-03 
2.39999E-03 4.27629E-03 
2.42621E-03 4.45512E-03 
2.44548E-03 4.65279E-03 
2.42872E-03 4.88136E-03 
2.29621E-03 5.17398E-03 
1.95775E-03 5.57957E-03 
1.51786E-03 6.08331E-03 
1.23560E-03 6.58572E-03 
2.04969E-03 2.78011E-03 
2.10330E-03 2.86755E-03 
2.08719E-03 3.07751E-03 
2.14150E-03 3.16565E-03 
2.19497E-03 3.25534E-03 
2.24741E-03 3.34694E-03 
2.29869E-03 3.44089E-03 
2.33751E-03 3.51548E-03 
2.34871E-03 3.53764E-03 
2.40114E-03 3.64570E-03 
2.45205E-03 3.75835E-03 
2.50153E-03 3.87637E-03 
2.54983E-03 4.00058E-03 
2.63212E-03 4.14833E-03 
2.67782E-03 4.28092E-03 
2.72296E-03 4.42416E-03 
2.76870E-03 4.57906E-03 
2.81639E-03 4.74664E-03 
2.86724E-03 4.92804E-03 
2.92099E-03 5.12511E-03 
2.97093E-03 5.34270E-03 
2.98786E-03 5.59629E-03 
2.89198E-03 5.92829E-03 
2.59583E-03 6.39807E-03 
2.21108E-03 6.97860E-03 
1.99957E-03 7.53977E-03 
2.29908E-03 3.26101E-03 
2.36313E-03 3.36067E-03 
2.35679E-03 3.61727E-03 
2.42461E-03 3.71436E-03 
2.49182E-03 3.81315E-03 
2.55830E-03 3.91406E-03 
2.62395E-03 4.01757E-03 
2.67414E-03 4.09979E-03 
2.68871E-03 4.12422E-03 
2.75756E-03 4.24341E-03 
2.82550E-03 4.36775E-03 
2.89278E-03 4.49807E-03 
2.95978E-03 4.63525E-03 
3.06782E-03 4.79447E-03 
3.13361E-03 4.94077E-03 
3.20060E-03 5.09864E-03 
3.27033E-03 5.26896E-03 
3.34459E-03 5.45254E-03 
3.42499E-03 5.65035E-03 
3.51170E-03 5.86430E-03 
3.59835E-03 6.10015E-03 
3.65609E-03 6.37727E-03 
3.60621E-03 6.74849E-03 
3.36566E-03 7.28448E-03 
3.05257E-03 7.94351E-03 
2.92776E-03 8.56082E-03 
2.58913E-03 3.82213E-03 
2.66605E-03 3.93442E-03 
2.67635E-03 4.24227E-03 
2.76069E-03 4.34719E-03 
2.84469E-03 4.45399E-03 
2.92822E-03 4.56316E-03 
3.01126E-03 4.67527E-03 
3.07517E-03 4.76442E-03 
3.09381E-03 4.79093E-03 
3.18236E-03 4.92039E-03 
3.27069E-03 5.05561E-03 
3.35919E-03 5.19751E-03 
3.44847E-03 5.34695E-03 
3.58671E-03 5.51548E-03 
3.67632E-03 5.67478E-03 
3.76927E-03 5.84638E-03 
3.86755E-03 6.03092E-03 
3.97337E-03 6.22892E-03 
4.08883E-03 6.44110E-03 
4.21456E-03 6.66935E-03 
4.34469E-03 6.92043E-03 
4.45120E-03 7.21806E-03 
4.45793E-03 7.62663E-03 
4.28825E-03 8.22882E-03 
4.06562E-03 8.96549E-03 
4.04513E-03 9.63337E-03 
2.92876E-03 4.47119E-03 
3.02149E-03 4.59601E-03 
3.05793E-03 4.95766E-03 
3.16218E-03 5.06849E-03 
3.26628E-03 5.18147E-03 
3.37017E-03 5.29720E-03 
3.47386E-03 5.41632E-03 
3.55400E-03 5.51125E-03 
3.57743E-03 5.53951E-03 
3.68921E-03 5.67775E-03 
3.80149E-03 5.82250E-03 
3.91490E-03 5.97464E-03 
4.03030E-03 6.13500E-03 
4.20351E-03 6.30964E-03 
4.32104E-03 6.48047E-03 
4.44452E-03 6.66402E-03 
4.57637E-03 6.86055E-03 
4.71931E-03 7.07020E-03 
4.87592E-03 7.29331E-03 
5.04733E-03 7.53171E-03 
5.22835E-03 7.79324E-03 
5.39240E-03 8.10642E-03 
5.46757E-03 8.54822E-03 
5.38601E-03 9.21380E-03 
5.27490E-03 1.00238E-02 
5.37779E-03 1.07330E-02 
3.32976E-03 5.21472E-03 
3.44177E-03 5.35120E-03 
3.51719E-03 5.76582E-03 
3.64498E-03 5.87978E-03 
3.77272E-03 5.99636E-03 
3.90041E-03 6.11622E-03 
4.02814E-03 6.24011E-03 
4.12713E-03 6.33920E-03 
4.15612E-03 6.36877E-03 
4.29477E-03 6.51370E-03 
4.43475E-03 6.66594E-03 
4.57696E-03 6.82632E-03 
4.72261E-03 6.99549E-03 
4.93575E-03 7.17184E-03 
5.08575E-03 7.35180E-03 
5.24477E-03 7.54439E-03 
5.41578E-03 7.74938E-03 
5.60197E-03 7.96638E-03 
5.80644E-03 8.19526E-03 
6.03084E-03 8.43773E-03 
6.27081E-03 8.70281E-03 
6.50194E-03 9.02419E-03 
6.65866E-03 9.49232E-03 
6.68456E-03 1.02149E-02 
6.70833E-03 1.10897E-02 
6.95493E-03 1.18267E-02 
3.80635E-03 6.05442E-03 
3.94160E-03 6.20080E-03 
4.07279E-03 6.66232E-03 
4.22772E-03 6.77582E-03 
4.38258E-03 6.89266E-03 
4.53744E-03 7.01360E-03 
4.69252E-03 7.13941E-03 
4.81289E-03 7.24059E-03 
4.84819E-03 7.27086E-03 
5.01733E-03 7.41973E-03 
5.18877E-03 7.57676E-03 
5.36377E-03 7.74257E-03 
5.54396E-03 7.91753E-03 
5.80210E-03 8.08979E-03 
5.98941E-03 8.27526E-03 
6.18945E-03 8.47256E-03 
6.40567E-03 8.68080E-03 
6.64175E-03 8.89895E-03 
6.90127E-03 9.12633E-03 
7.18641E-03 9.36447E-03 
7.49382E-03 9.62365E-03 
7.80209E-03 9.94309E-03 
8.05446E-03 1.04272E-02 
8.20893E-03 1.11960E-02 
8.39284E-03 1.21215E-02 
8.80411E-03 1.28678E-02 
4.37629E-03 6.98621E-03 
4.53909E-03 7.13967E-03 
4.74726E-03 7.63484E-03 
4.93261E-03 7.74365E-03 
5.11768E-03 7.85688E-03 
5.30272E-03 7.97532E-03 
5.48812E-03 8.09973E-03 
5.63220E-03 8.20054E-03 
5.67449E-03 8.23081E-03 
5.87752E-03 8.38027E-03 
6.08405E-03 8.53865E-03 
6.29583E-03 8.70619E-03 
6.51498E-03 8.88282E-03 
6.82307E-03 9.04371E-03 
7.05290E-03 9.22960E-03 
7.29979E-03 9.42551E-03 
7.56769E-03 9.62981E-03 
7.86072E-03 9.84067E-03 
8.18284E-03 1.00568E-02 
8.53674E-03 1.02796E-02 
8.92027E-03 1.05206E-02 
9.31598E-03 1.08248E-02 
9.67876E-03 1.13107E-02 
9.98438E-03 1.21094E-02 
1.03551E-02 1.30656E-02 
1.09518E-02 1.37973E-02 
5.06091E-03 7.99739E-03 
5.25571E-03 8.15407E-03 
5.56670E-03 8.66040E-03 
5.78490E-03 8.76006E-03 
6.00252E-03 8.86562E-03 
6.22000E-03 8.97780E-03 
6.43805E-03 9.09726E-03 
6.60776E-03 9.19499E-03 
6.65763E-03 9.22447E-03 
6.89752E-03 9.37064E-03 
7.14254E-03 9.52618E-03 
7.39500E-03 9.69077E-03 
7.65759E-03 9.86367E-03 
8.02025E-03 1.00043E-02 
8.29806E-03 1.01838E-02 
8.59796E-03 1.03702E-02 
8.92431E-03 1.05610E-02 
9.28156E-03 1.07536E-02 
9.67394E-03 1.09460E-02 
1.01046E-02 1.11395E-02 
1.05726E-02 1.13471E-02 
1.10659E-02 1.16195E-02 
1.15539E-02 1.20887E-02 
1.20341E-02 1.28952E-02 
1.26187E-02 1.38552E-02 
1.34206E-02 1.45432E-02 
5.88493E-03 9.06418E-03 
6.11593E-03 9.21935E-03 
6.55973E-03 9.70343E-03 
6.81186E-03 9.78988E-03 
7.06307E-03 9.88405E-03 
7.31417E-03 9.98647E-03 
7.56628E-03 1.00975E-02 
7.76293E-03 1.01894E-02 
7.82082E-03 1.02172E-02 
8.09997E-03 1.03558E-02 
8.38650E-03 1.05035E-02 
8.68338E-03 1.06594E-02 
8.99388E-03 1.08217E-02 
9.41518E-03 1.09317E-02 
9.74660E-03 1.10959E-02 
1.01058E-02 1.12623E-02 
1.04975E-02 1.14276E-02 
1.09261E-02 1.15882E-02 
1.13961E-02 1.17417E-02 
1.19109E-02 1.18892E-02 
1.24712E-02 1.20454E-02 
1.30710E-02 1.22662E-02 
1.36986E-02 1.26960E-02 
1.43764E-02 1.34821E-02 
1.52013E-02 1.44120E-02 
1.62255E-02 1.50225E-02 
6.87561E-03 1.01504E-02 
7.14631E-03 1.02987E-02 
7.75574E-03 1.07155E-02 
8.04095E-03 1.07859E-02 
8.32514E-03 1.08660E-02 
8.60962E-03 1.09559E-02 
8.89605E-03 1.10554E-02 
9.12026E-03 1.11387E-02 
9.18642E-03 1.11640E-02 
9.50658E-03 1.12903E-02 
9.83727E-03 1.14245E-02 
1.01821E-02 1.15645E-02 
1.05450E-02 1.17076E-02 
1.10281E-02 1.17753E-02 
1.14188E-02 1.19130E-02 
1.18436E-02 1.20466E-02 
1.23072E-02 1.21716E-02 
1.28140E-02 1.22839E-02 
1.33682E-02 1.23806E-02 
1.39733E-02 1.24631E-02 
1.46319E-02 1.25474E-02 
1.53456E-02 1.26946E-02 
1.61253E-02 1.30587E-02 
1.70223E-02 1.37903E-02 
1.81116E-02 1.46502E-02 
1.93707E-02 1.51460E-02 
8.06040E-03 1.12068E-02 
8.37311E-03 1.13432E-02 
9.18122E-03 1.16370E-02 
9.49634E-03 1.16904E-02 
9.81097E-03 1.17553E-02 
1.01270E-02 1.18310E-02 
1.04469E-02 1.19166E-02 
1.06986E-02 1.19887E-02 
1.07731E-02 1.20106E-02 
1.11355E-02 1.21195E-02 
1.15126E-02 1.22334E-02 
1.19089E-02 1.23490E-02 
1.23285E-02 1.24626E-02 
1.28756E-02 1.24750E-02 
1.33311E-02 1.25728E-02 
1.38274E-02 1.26582E-02 
1.43689E-02 1.27259E-02 
1.49595E-02 1.27713E-02 
1.56029E-02 1.27915E-02 
1.63025E-02 1.27882E-02 
1.70629E-02 1.27789E-02 
1.78951E-02 1.28288E-02 
1.88363E-02 1.30984E-02 
1.99708E-02 1.37371E-02 
2.13438E-02 1.44825E-02 
2.28447E-02 1.48254E-02 
9.46602E-03 1.21758E-02 
9.82157E-03 1.22953E-02 
1.08580E-02 1.24028E-02 
1.11975E-02 1.24410E-02 
1.15383E-02 1.24915E-02 
1.18829E-02 1.25525E-02 
1.22343E-02 1.26223E-02 
1.25131E-02 1.26807E-02 
1.25960E-02 1.26982E-02 
1.30015E-02 1.27838E-02 
1.34275E-02 1.28693E-02 
1.38787E-02 1.29502E-02 
1.43594E-02 1.30216E-02 
1.49713E-02 1.29650E-02 
1.54969E-02 1.30073E-02 
1.60701E-02 1.30268E-02 
1.66943E-02 1.30181E-02 
1.73727E-02 1.29766E-02 
1.81082E-02 1.28993E-02 
1.89037E-02 1.27889E-02 
1.97662E-02 1.26645E-02 
2.07174E-02 1.25937E-02 
2.18253E-02 1.27393E-02 
2.32105E-02 1.32441E-02 
2.48805E-02 1.38283E-02 
2.66221E-02 1.39816E-02 
1.11027E-02 1.29893E-02 
1.15001E-02 1.30883E-02 
1.27842E-02 1.29458E-02 
1.31410E-02 1.29732E-02 
1.35023E-02 1.30116E-02 
1.38717E-02 1.30584E-02 
1.42527E-02 1.31105E-02 
1.45580E-02 1.31521E-02 
1.46493E-02 1.31642E-02 
1.50990E-02 1.32195E-02 
1.55763E-02 1.32668E-02 
1.60859E-02 1.33006E-02 
1.66320E-02 1.33154E-02 
1.73074E-02 1.31765E-02 
1.79075E-02 1.31458E-02 
1.85611E-02 1.30808E-02 
1.92707E-02 1.29761E-02 
2.00380E-02 1.28276E-02 
2.08646E-02 1.26331E-02 
2.17531E-02 1.23964E-02 
2.27128E-02 1.21378E-02 
2.37781E-02 1.19259E-02 
2.50511E-02 1.19205E-02 
2.66918E-02 1.22519E-02 
2.86615E-02 1.26310E-02 
3.06320E-02 1.25643E-02 
1.29821E-02 1.35906E-02 
1.34194E-02 1.36661E-02 
1.49565E-02 1.32164E-02 
1.53230E-02 1.32385E-02 
1.56998E-02 1.32677E-02 
1.60908E-02 1.33003E-02 
1.65004E-02 1.33317E-02 
1.68327E-02 1.33523E-02 
1.69327E-02 1.33573E-02 
1.74289E-02 1.33728E-02 
1.79609E-02 1.33697E-02 
1.85331E-02 1.33418E-02 
1.91489E-02 1.32832E-02 
1.98853E-02 1.30488E-02 
2.05634E-02 1.29262E-02 
2.12996E-02 1.27571E-02 
2.20948E-02 1.25368E-02 
2.29490E-02 1.22623E-02 
2.38622E-02 1.19328E-02 
2.48364E-02 1.15534E-02 
2.58836E-02 1.11454E-02 
2.70521E-02 1.07763E-02 
2.84824E-02 1.05970E-02 
3.03751E-02 1.07193E-02 
3.26375E-02 1.08544E-02 
3.48157E-02 1.05454E-02 
1.50913E-02 1.39297E-02 
1.55665E-02 1.39785E-02 
1.73407E-02 1.31817E-02 
1.77115E-02 1.32033E-02 
1.81007E-02 1.32247E-02 
1.85128E-02 1.32406E-02 
1.89521E-02 1.32456E-02 
1.93133E-02 1.32385E-02 
1.94228E-02 1.32343E-02 
1.99696E-02 1.31975E-02 
2.05611E-02 1.31289E-02 
2.12006E-02 1.30221E-02 
2.18900E-02 1.28714E-02 
2.26828E-02 1.25298E-02 
2.34406E-02 1.22962E-02 
2.42589E-02 1.20044E-02 
2.51365E-02 1.16512E-02 
2.60713E-02 1.12351E-02 
2.70613E-02 1.07573E-02 
2.81081E-02 1.02244E-02 
2.92269E-02 9.65855E-03 
3.04814E-02 9.12338E-03 
3.20526E-02 8.75470E-03 
3.41831E-02 8.64041E-03 
3.67187E-02 8.50259E-03 
3.90722E-02 7.94122E-03 
1.74026E-02 1.39766E-02 
1.79152E-02 1.39936E-02 
1.98854E-02 1.28361E-02 
2.02595E-02 1.28582E-02 
2.06627E-02 1.28683E-02 
2.10993E-02 1.28606E-02 
2.15733E-02 1.28289E-02 
2.19679E-02 1.27843E-02 
2.20881E-02 1.27676E-02 
2.26921E-02 1.26620E-02 
2.33492E-02 1.25094E-02 
2.40609E-02 1.23044E-02 
2.48273E-02 1.20423E-02 
2.56697E-02 1.15837E-02 
2.65065E-02 1.12213E-02 
2.74029E-02 1.07907E-02 
2.83553E-02 1.02911E-02 
2.93592E-02 9.72302E-03 
3.04110E-02 9.08991E-03 
3.15115E-02 8.40025E-03 
3.26799E-02 7.67602E-03 
3.39963E-02 6.97473E-03 
3.56842E-02 6.41094E-03 
3.80273E-02 6.04374E-03 
4.08042E-02 5.61732E-03 
4.32909E-02 4.80710E-03 
1.98726E-02 1.37229E-02 
2.04256E-02 1.36990E-02 
2.25247E-02 1.22003E-02 
2.29082E-02 1.22162E-02 
2.33332E-02 1.22046E-02 
2.38033E-02 1.21593E-02 
2.43214E-02 1.20746E-02 
2.47565E-02 1.19785E-02 
2.48895E-02 1.19450E-02 
2.55595E-02 1.17498E-02 
2.62893E-02 1.14921E-02 
2.70779E-02 1.11683E-02 
2.79229E-02 1.07758E-02 
2.88060E-02 1.01935E-02 
2.97175E-02 9.68727E-03 
3.06837E-02 9.10644E-03 
3.16982E-02 8.45264E-03 
3.27545E-02 7.72922E-03 
3.38471E-02 6.94191E-03 
3.49767E-02 6.10085E-03 
3.61670E-02 5.22715E-03 
3.75151E-02 4.36953E-03 
3.92876E-02 3.61584E-03 
4.18078E-02 2.99256E-03 
4.47830E-02 2.27684E-03 
4.73529E-02 1.23544E-03 
2.24484E-02 1.31798E-02 
2.30500E-02 1.30998E-02 
2.51874E-02 1.13145E-02 
2.55953E-02 1.13070E-02 
2.60574E-02 1.12537E-02 
2.65759E-02 1.11491E-02 
2.71518E-02 1.09883E-02 
2.76369E-02 1.08229E-02 
2.77853E-02 1.07674E-02 
2.85315E-02 1.04583E-02 
2.93409E-02 1.00730E-02 
3.02093E-02 9.61034E-03 
3.11316E-02 9.07057E-03 
3.20438E-02 8.36194E-03 
3.30212E-02 7.70200E-03 
3.40436E-02 6.96577E-03 
3.51022E-02 6.15775E-03 
3.61883E-02 5.28404E-03 
3.72952E-02 4.35266E-03 
3.84242E-02 3.37498E-03 
3.96036E-02 2.37027E-03 
4.09484E-02 1.37606E-03 
4.27676E-02 4.48826E-04 
4.54207E-02 -4.19913E-04 
4.85418E-02 -1.41037E-03 
5.11397E-02 -2.65231E-03 
2.50765E-02 1.23709E-02 
2.57404E-02 1.22120E-02 
2.78096E-02 1.02258E-02 
2.82653E-02 1.01661E-02 
2.87865E-02 1.00416E-02 
2.93729E-02 9.84836E-03 
3.00233E-02 9.58332E-03 
3.05689E-02 9.32777E-03 
3.07352E-02 9.24464E-03 
3.15674E-02 8.79607E-03 
3.24610E-02 8.26152E-03 
3.34088E-02 7.64299E-03 
3.44025E-02 6.94396E-03 
3.53292E-02 6.11133E-03 
3.63581E-02 5.29504E-03 
3.74174E-02 4.40650E-03 
3.84962E-02 3.45309E-03 
3.95843E-02 2.44342E-03 
4.06744E-02 1.38743E-03 
4.17689E-02 2.97103E-04 
4.29014E-02 -8.11231E-04 
4.42049E-02 -1.91334E-03 
4.60285E-02 -2.98754E-03 
4.87642E-02 -4.07821E-03 
5.19731E-02 -5.31493E-03 
5.45422E-02 -6.71635E-03 
2.77142E-02 1.13204E-02 
2.84587E-02 1.10528E-02 
3.03484E-02 8.97316E-03 
3.08817E-02 8.82235E-03 
3.14878E-02 8.58957E-03 
3.21637E-02 8.27326E-03 
3.29051E-02 7.87310E-03 
3.35205E-02 7.50645E-03 
3.37069E-02 7.38998E-03 
3.46315E-02 6.77854E-03 
3.56094E-02 6.07725E-03 
3.66306E-02 5.29166E-03 
3.76840E-02 4.42863E-03 
3.86073E-02 3.48029E-03 
3.96671E-02 2.51388E-03 
4.07380E-02 1.48544E-03 
4.18078E-02 4.04855E-04 
4.28656E-02 -7.17268E-04 
4.39043E-02 -1.86973E-03 
4.49279E-02 -3.04074E-03 
4.59762E-02 -4.21802E-03 
4.71993E-02 -5.39231E-03 
4.89838E-02 -6.57882E-03 
5.17485E-02 -7.85733E-03 
5.49847E-02 -9.30086E-03 
5.74701E-02 -1.08139E-02 
3.03244E-02 1.00497E-02 
3.11691E-02 9.63998E-03 
3.27772E-02 7.58200E-03 
3.34189E-02 7.29594E-03 
3.41348E-02 6.91549E-03 
3.49188E-02 6.44217E-03 
3.57637E-02 5.87876E-03 
3.64540E-02 5.38351E-03 
3.66613E-02 5.22929E-03 
3.76777E-02 4.43855E-03 
3.87328E-02 3.56159E-03 
3.98139E-02 2.60738E-03 
4.09080E-02 1.58587E-03 
4.18066E-02 5.37178E-04 
4.28704E-02 -5.62567E-04 
4.39225E-02 -1.70831E-03 
4.49501E-02 -2.88837E-03 
4.59427E-02 -4.09089E-03 
4.68940E-02 -5.30427E-03 
4.78106E-02 -6.51780E-03 
4.87386E-02 -7.72426E-03 
4.98443E-02 -8.93045E-03 
5.15476E-02 -1.01890E-02 
5.42887E-02 -1.16132E-02 
5.74933E-02 -1.32161E-02 
5.98459E-02 -1.47898E-02 
3.29380E-02 8.53922E-03 
3.39017E-02 7.95202E-03 
3.51421E-02 6.02487E-03 
3.59206E-02 5.55803E-03 
3.67670E-02 4.99153E-03 
3.76721E-02 4.33026E-03 
3.86262E-02 3.58025E-03 
3.93911E-02 2.94355E-03 
3.96184E-02 2.74868E-03 
4.07183E-02 1.76995E-03 
4.18353E-02 7.16926E-04 
4.29552E-02 -3.98549E-04 
4.40637E-02 -1.56408E-03 
4.49127E-02 -2.69218E-03 
4.59480E-02 -3.90010E-03 
4.69461E-02 -5.13294E-03 
4.78950E-02 -6.37808E-03 
4.87851E-02 -7.62336E-03 
4.96121E-02 -8.85767E-03 
5.03857E-02 -1.00723E-02 
5.11585E-02 -1.12660E-02 
5.21118E-02 -1.24624E-02 
5.36941E-02 -1.37511E-02 
5.63616E-02 -1.52767E-02 
5.94801E-02 -1.69901E-02 
6.16563E-02 -1.85747E-02 
3.55522E-02 6.77826E-03 
3.66458E-02 5.98487E-03 
3.74636E-02 4.27793E-03 
3.83959E-02 3.59383E-03 
3.93815E-02 2.81375E-03 
4.04087E-02 1.94579E-03 
4.14656E-02 9.98961E-04 
4.22958E-02 2.18453E-04 
4.25397E-02 -1.68829E-05 
4.37028E-02 -1.17752E-03 
4.48560E-02 -2.39263E-03 
4.59844E-02 -3.64839E-03 
4.70740E-02 -4.93097E-03 
4.78459E-02 -6.11026E-03 
4.88157E-02 -7.39106E-03 
4.97224E-02 -8.67233E-03 
5.05555E-02 -9.94152E-03 
5.13073E-02 -1.11871E-02 
5.19761E-02 -1.23993E-02 
5.25752E-02 -1.35723E-02 
5.31635E-02 -1.47114E-02 
5.39356E-02 -1.58568E-02 
5.53636E-02 -1.71339E-02 
5.79136E-02 -1.87147E-02 
6.08987E-02 -2.04886E-02 
6.28652E-02 -2.20378E-02 
3.82109E-02 4.72377E-03 
3.94348E-02 3.70574E-03 
3.98067E-02 2.28060E-03 
4.08952E-02 1.35671E-03 
4.20142E-02 3.50020E-04 
4.31507E-02 -7.28695E-04 
4.42913E-02 -1.86813E-03 
4.51682E-02 -2.78396E-03 
4.54227E-02 -3.05648E-03 
4.66178E-02 -4.37888E-03 
4.77722E-02 -5.72926E-03 
4.88715E-02 -7.09299E-03 
4.99030E-02 -8.45594E-03 
5.05684E-02 -9.65300E-03 
5.14334E-02 -1.09647E-02 
5.22106E-02 -1.22508E-02 
5.28916E-02 -1.34998E-02 
5.34716E-02 -1.47017E-02 
5.39517E-02 -1.58489E-02 
5.43493E-02 -1.69389E-02 
5.47291E-02 -1.79838E-02 
5.52970E-02 -1.90403E-02 
5.65434E-02 -2.02670E-02 
5.89391E-02 -2.18593E-02 
6.17518E-02 -2.36472E-02 
6.34842E-02 -2.51204E-02 
4.09556E-02 2.33017E-03 
4.22960E-02 1.08431E-03 
4.22310E-02 -2.90519E-05 
4.34596E-02 -1.19584E-03 
4.46896E-02 -2.42338E-03 
4.59072E-02 -3.69911E-03 
4.70989E-02 -5.01034E-03 
4.79950E-02 -6.04120E-03 
4.82518E-02 -6.34435E-03 
4.94374E-02 -7.79391E-03 
5.05499E-02 -9.24035E-03 
5.15770E-02 -1.06694E-02 
5.25078E-02 -1.20679E-02 
5.30365E-02 -1.32454E-02 
5.37572E-02 -1.45415E-02 
5.43682E-02 -1.57863E-02 
5.48640E-02 -1.69702E-02 
5.52428E-02 -1.80852E-02 
5.55091E-02 -1.91265E-02 
5.56840E-02 -2.00955E-02 
5.58378E-02 -2.10111E-02 
5.61853E-02 -2.19454E-02 
5.72302E-02 -2.30873E-02 
5.94424E-02 -2.46518E-02 
6.20527E-02 -2.64121E-02 
6.35357E-02 -2.77757E-02 
4.38203E-02 -4.42641E-04 
4.52481E-02 -1.90153E-03 
4.47826E-02 -2.70326E-03 
4.61165E-02 -4.09416E-03 
4.74183E-02 -5.51668E-03 
4.86747E-02 -6.95748E-03 
4.98731E-02 -8.40362E-03 
5.07531E-02 -9.51820E-03 
5.10018E-02 -9.84247E-03 
5.21288E-02 -1.13720E-02 
5.31513E-02 -1.28652E-02 
5.40597E-02 -1.43094E-02 
5.48464E-02 -1.56933E-02 
5.52091E-02 -1.68116E-02 
5.57483E-02 -1.80439E-02 
5.61602E-02 -1.92015E-02 
5.64424E-02 -2.02769E-02 
5.65962E-02 -2.12650E-02 
5.66298E-02 -2.21639E-02 
5.65677E-02 -2.29789E-02 
5.64847E-02 -2.37356E-02 
5.66025E-02 -2.45203E-02 
5.74329E-02 -2.55487E-02 
5.94407E-02 -2.70514E-02 
6.18272E-02 -2.87485E-02 
6.30538E-02 -2.99762E-02 
4.68214E-02 -3.61760E-03 
4.82929E-02 -5.25616E-03 
4.74828E-02 -5.77083E-03 
4.88702E-02 -7.34564E-03 
5.01906E-02 -8.91837E-03 
5.14320E-02 -1.04761E-02 
5.25838E-02 -1.20065E-02 
5.34074E-02 -1.31646E-02 
5.36365E-02 -1.34982E-02 
5.46514E-02 -1.50512E-02 
5.55337E-02 -1.65351E-02 
5.62773E-02 -1.79399E-02 
5.68783E-02 -1.92569E-02 
5.70481E-02 -2.02764E-02 
5.73732E-02 -2.13982E-02 
5.75584E-02 -2.24253E-02 
5.76047E-02 -2.33529E-02 
5.75167E-02 -2.41790E-02 
5.73054E-02 -2.49045E-02 
5.69987E-02 -2.55387E-02 
5.66751E-02 -2.61134E-02 
5.65608E-02 -2.67275E-02 
5.71706E-02 -2.76198E-02 
5.89605E-02 -2.90325E-02 
6.11097E-02 -3.06374E-02 
6.20801E-02 -3.17100E-02 
4.99199E-02 -7.15494E-03 
5.13796E-02 -8.92199E-03 
5.02931E-02 -9.19244E-03 
5.16701E-02 -1.08918E-02 
5.29467E-02 -1.25541E-02 
5.41133E-02 -1.41677E-02 
5.51619E-02 -1.57222E-02 
5.58879E-02 -1.68782E-02 
5.60857E-02 -1.72079E-02 
5.69364E-02 -1.87233E-02 
5.76320E-02 -2.01402E-02 
5.81702E-02 -2.14515E-02 
5.85506E-02 -2.26518E-02 
5.85071E-02 -2.35365E-02 
5.85941E-02 -2.45065E-02 
5.85345E-02 -2.53666E-02 
5.83322E-02 -2.61149E-02 
5.79949E-02 -2.67520E-02 
5.75362E-02 -2.72820E-02 
5.69867E-02 -2.77175E-02 
5.64273E-02 -2.80958E-02 
5.60867E-02 -2.85267E-02 
5.64784E-02 -2.92680E-02 
5.80455E-02 -3.05699E-02 
5.99536E-02 -3.20611E-02 
6.06764E-02 -3.29675E-02 
5.31398E-02 -1.10891E-02 
5.45240E-02 -1.29229E-02 
5.32250E-02 -1.29939E-02 
5.45201E-02 -1.47477E-02 
5.56852E-02 -1.64306E-02 
5.67136E-02 -1.80331E-02 
5.76002E-02 -1.95468E-02 
5.81868E-02 -2.06527E-02 
5.83418E-02 -2.09648E-02 
5.89766E-02 -2.23801E-02 
5.94402E-02 -2.36721E-02 
5.97342E-02 -2.48370E-02 
5.98618E-02 -2.58728E-02 
5.95852E-02 -2.65877E-02 
5.94133E-02 -2.73679E-02 
5.90936E-02 -2.80280E-02 
5.86329E-02 -2.85688E-02 
5.80412E-02 -2.89935E-02 
5.73347E-02 -2.93091E-02 
5.65457E-02 -2.95312E-02 
5.57569E-02 -2.97016E-02 
5.51969E-02 -2.99396E-02 
5.53737E-02 -3.05181E-02 
5.67151E-02 -3.16918E-02 
5.83792E-02 -3.30512E-02 
5.88631E-02 -3.37834E-02 
5.63737E-02 -1.53015E-02 
5.76165E-02 -1.71305E-02 
5.61650E-02 -1.70484E-02 
5.73065E-02 -1.87787E-02 
5.82945E-02 -2.04081E-02 
5.91255E-02 -2.19298E-02 
5.97977E-02 -2.33382E-02 
6.02088E-02 -2.43475E-02 
6.03110E-02 -2.46291E-02 
6.06879E-02 -2.58862E-02 
6.08849E-02 -2.70014E-02 
6.09072E-02 -2.79745E-02 
6.07613E-02 -2.88065E-02 
6.02415E-02 -2.93242E-02 
5.98015E-02 -2.98865E-02 
5.92180E-02 -3.03238E-02 
5.85001E-02 -3.06394E-02 
5.76597E-02 -3.08388E-02 
5.67148E-02 -3.09312E-02 
5.56989E-02 -3.09350E-02 
5.46953E-02 -3.08956E-02 
5.39307E-02 -3.09395E-02 
5.39038E-02 -3.13511E-02 
5.50242E-02 -3.23860E-02 
5.64496E-02 -3.36027E-02 
5.67106E-02 -3.41600E-02 
5.95490E-02 -1.97114E-02 
6.05863E-02 -2.14618E-02 
5.90287E-02 -2.12637E-02 
5.99497E-02 -2.28925E-02 
6.07010E-02 -2.43964E-02 
6.12824E-02 -2.57712E-02 
6.16953E-02 -2.70143E-02 
6.19009E-02 -2.78848E-02 
6.19425E-02 -2.81243E-02 
6.20282E-02 -2.91720E-02 
6.19329E-02 -3.00662E-02 
6.16648E-02 -3.08097E-02 
6.12331E-02 -3.14067E-02 
6.04656E-02 -3.17057E-02 
5.97561E-02 -3.20300E-02 
5.89121E-02 -3.22294E-02 
5.79444E-02 -3.23093E-02 
5.68666E-02 -3.22773E-02 
5.56975E-02 -3.21442E-02 
5.44716E-02 -3.19304E-02 
5.32715E-02 -3.16845E-02 
5.23201E-02 -3.15380E-02 
5.21032E-02 -3.17830E-02 
5.30105E-02 -3.26727E-02 
5.42057E-02 -3.37399E-02 
5.42616E-02 -3.41254E-02 
6.25650E-02 -2.42005E-02 
6.33397E-02 -2.58012E-02 
6.17069E-02 -2.55114E-02 
6.23503E-02 -2.69667E-02 
6.28160E-02 -2.82799E-02 
6.31065E-02 -2.94497E-02 
6.32262E-02 -3.04760E-02 
6.32049E-02 -3.11726E-02 
6.31804E-02 -3.13603E-02 
6.29532E-02 -3.21573E-02 
6.25509E-02 -3.27961E-02 
6.19839E-02 -3.32824E-02 
6.12638E-02 -3.36225E-02 
6.02515E-02 -3.36891E-02 
5.92792E-02 -3.37642E-02 
5.81854E-02 -3.37190E-02 
5.69822E-02 -3.35608E-02 
5.56839E-02 -3.32985E-02 
5.43101E-02 -3.29443E-02 
5.28952E-02 -3.25201E-02 
5.15204E-02 -3.20764E-02 
5.04032E-02 -3.17481E-02 
5.00133E-02 -3.18311E-02 
5.07185E-02 -3.25737E-02 
5.16950E-02 -3.34888E-02 
5.15658E-02 -3.37095E-02 
6.53253E-02 -2.86536E-02 
6.57896E-02 -3.00399E-02 
6.40967E-02 -2.96688E-02 
6.44181E-02 -3.08882E-02 
6.45613E-02 -3.19556E-02 
6.45317E-02 -3.28723E-02 
6.43356E-02 -3.36407E-02 
6.40745E-02 -3.41358E-02 
6.39808E-02 -3.42644E-02 
6.34300E-02 -3.47800E-02 
6.27159E-02 -3.51394E-02 
6.18510E-02 -3.53501E-02 
6.08482E-02 -3.54208E-02 
5.95997E-02 -3.52479E-02 
5.83783E-02 -3.50706E-02 
5.70513E-02 -3.47816E-02 
5.56317E-02 -3.43894E-02 
5.41343E-02 -3.39039E-02 
5.25786E-02 -3.33385E-02 
5.09986E-02 -3.27156E-02 
4.94734E-02 -3.20871E-02 
4.82132E-02 -3.15893E-02 
4.76690E-02 -3.15183E-02 
4.81852E-02 -3.21148E-02 
4.89563E-02 -3.28783E-02 
4.86630E-02 -3.29441E-02 
6.77249E-02 -3.29366E-02 
6.78437E-02 -3.40543E-02 
6.60922E-02 -3.35993E-02 
6.60623E-02 -3.45336E-02 
6.58610E-02 -3.53132E-02 
6.54956E-02 -3.59415E-02 
6.49743E-02 -3.64231E-02 
6.44697E-02 -3.66983E-02 
6.43062E-02 -3.67632E-02 
6.34328E-02 -3.69787E-02 
6.24133E-02 -3.70457E-02 
6.12609E-02 -3.69733E-02 
5.99895E-02 -3.67714E-02 
5.85201E-02 -3.63598E-02 
5.70696E-02 -3.59350E-02 
5.55319E-02 -3.54104E-02 
5.39200E-02 -3.47951E-02 
5.22488E-02 -3.40997E-02 
5.05376E-02 -3.33381E-02 
4.88192E-02 -3.25332E-02 
4.71700E-02 -3.17370E-02 
4.57915E-02 -3.10857E-02 
4.51134E-02 -3.08721E-02 
4.54557E-02 -3.13268E-02 
4.60367E-02 -3.19424E-02 
4.56014E-02 -3.18659E-02 
6.96724E-02 -3.69264E-02 
6.94240E-02 -3.77334E-02 
6.76052E-02 -3.71818E-02 
6.72102E-02 -3.77964E-02 
6.66565E-02 -3.82600E-02 
6.59527E-02 -3.85779E-02 
6.51086E-02 -3.87560E-02 
6.43655E-02 -3.88022E-02 
6.41342E-02 -3.88012E-02 
6.29498E-02 -3.87094E-02 
6.16401E-02 -3.84815E-02 
6.02189E-02 -3.81279E-02 
5.87002E-02 -3.76591E-02 
5.70304E-02 -3.70163E-02 
5.53763E-02 -3.63562E-02 
5.36545E-02 -3.56104E-02 
5.18780E-02 -3.47884E-02 
5.00614E-02 -3.39012E-02 
4.82231E-02 -3.29628E-02 
4.63948E-02 -3.19962E-02 
4.46492E-02 -3.10527E-02 
4.31780E-02 -3.02666E-02 
4.23874E-02 -2.99242E-02 
4.25722E-02 -3.02441E-02 
4.29798E-02 -3.07182E-02 
4.24252E-02 -3.05140E-02 
7.10918E-02 -4.05142E-02 
7.04679E-02 -4.09816E-02 
6.85671E-02 -4.03140E-02 
6.78074E-02 -4.05889E-02 
6.69064E-02 -4.07220E-02 
6.58737E-02 -4.07199E-02 
6.47198E-02 -4.05896E-02 
6.37504E-02 -4.04057E-02 
6.34552E-02 -4.03389E-02 
6.19805E-02 -3.99431E-02 
6.04038E-02 -3.94275E-02 
5.87391E-02 -3.88029E-02 
5.70000E-02 -3.80805E-02 
5.51547E-02 -3.72200E-02 
5.33263E-02 -3.63426E-02 
5.14504E-02 -3.53951E-02 
4.95394E-02 -3.43874E-02 
4.76075E-02 -3.33305E-02 
4.56721E-02 -3.22381E-02 
4.37631E-02 -3.11327E-02 
4.19493E-02 -3.00646E-02 
4.04112E-02 -2.91644E-02 
3.95300E-02 -2.87089E-02 
3.95747E-02 -2.89031E-02 
3.98266E-02 -2.92442E-02 
3.91751E-02 -2.89286E-02 
7.19223E-02 -4.35999E-02 
7.09281E-02 -4.37126E-02 
6.89292E-02 -4.29076E-02 
6.78188E-02 -4.28373E-02 
6.65878E-02 -4.26388E-02 
6.52465E-02 -4.23194E-02 
6.38055E-02 -4.18869E-02 
6.26289E-02 -4.14800E-02 
6.22756E-02 -4.13498E-02 
6.05390E-02 -4.06631E-02 
5.87254E-02 -3.98756E-02 
5.68483E-02 -3.89984E-02 
5.49206E-02 -3.80424E-02 
5.29287E-02 -3.69838E-02 
5.09584E-02 -3.59122E-02 
4.89606E-02 -3.47873E-02 
4.69473E-02 -3.36188E-02 
4.49314E-02 -3.24174E-02 
4.29296E-02 -3.11965E-02 
4.09696E-02 -2.99777E-02 
3.91157E-02 -2.88095E-02 
3.75367E-02 -2.78176E-02 
3.65867E-02 -2.72664E-02 
3.65096E-02 -2.73460E-02 
3.66243E-02 -2.75649E-02 
3.58983E-02 -2.71553E-02 
7.21266E-02 -4.61169E-02 
7.07776E-02 -4.58714E-02 
6.86665E-02 -4.49088E-02 
6.72292E-02 -4.44993E-02 
6.56944E-02 -4.39784E-02 
6.40723E-02 -4.33538E-02 
6.23735E-02 -4.26339E-02 
6.10131E-02 -4.20169E-02 
6.06086E-02 -4.18272E-02 
5.86439E-02 -4.08700E-02 
5.66277E-02 -3.98329E-02 
5.45727E-02 -3.87266E-02 
5.24911E-02 -3.75618E-02 
5.03835E-02 -3.63285E-02 
4.83052E-02 -3.50893E-02 
4.62188E-02 -3.38138E-02 
4.41355E-02 -3.25117E-02 
4.20674E-02 -3.11931E-02 
4.00296E-02 -2.98705E-02 
3.80477E-02 -2.85647E-02 
3.61810E-02 -2.73216E-02 
3.45860E-02 -2.62607E-02 
3.35890E-02 -2.56320E-02 
3.34082E-02 -2.56094E-02 
3.34041E-02 -2.57179E-02 
3.26252E-02 -2.52322E-02 
7.16898E-02 -4.79908E-02 
7.00148E-02 -4.73988E-02 
6.77839E-02 -4.62650E-02 
6.60555E-02 -4.55365E-02 
6.42532E-02 -4.47151E-02 
6.23874E-02 -4.38092E-02 
6.04681E-02 -4.28270E-02 
5.89529E-02 -4.20201E-02 
5.85057E-02 -4.17771E-02 
5.63528E-02 -4.05788E-02 
5.41735E-02 -3.93222E-02 
5.19794E-02 -3.80176E-02 
4.97816E-02 -3.66751E-02 
4.75920E-02 -3.52956E-02 
4.54411E-02 -3.39194E-02 
4.33003E-02 -3.25240E-02 
4.11800E-02 -3.11183E-02 
3.90910E-02 -2.97118E-02 
3.70470E-02 -2.83163E-02 
3.50711E-02 -2.69509E-02 
3.32178E-02 -2.56589E-02 
3.16306E-02 -2.45526E-02 
3.06075E-02 -2.38654E-02 
3.03421E-02 -2.37549E-02 
3.02388E-02 -2.37671E-02 
2.94278E-02 -2.32241E-02 
7.06041E-02 -4.92207E-02 
6.86344E-02 -4.82978E-02 
6.62815E-02 -4.69839E-02 
6.42989E-02 -4.59594E-02 
6.22666E-02 -4.48623E-02 
6.01945E-02 -4.37008E-02 
5.80922E-02 -4.24832E-02 
5.64509E-02 -4.15077E-02 
5.59693E-02 -4.12175E-02 
5.36678E-02 -3.98085E-02 
5.13641E-02 -3.83632E-02 
4.90688E-02 -3.68911E-02 
4.67916E-02 -3.54017E-02 
4.45530E-02 -3.39047E-02 
4.23634E-02 -3.24218E-02 
4.02011E-02 -3.09362E-02 
3.80752E-02 -2.94560E-02 
3.59952E-02 -2.79901E-02 
3.39732E-02 -2.65490E-02 
3.20300E-02 -2.51504E-02 
3.02147E-02 -2.38342E-02 
2.86575E-02 -2.27046E-02 
2.76277E-02 -2.19771E-02 
2.72950E-02 -2.17922E-02 
2.71102E-02 -2.17215E-02 
2.62861E-02 -2.11385E-02 
6.88884E-02 -4.97738E-02 
6.66645E-02 -4.85476E-02 
6.41969E-02 -4.70547E-02 
6.20044E-02 -4.57672E-02 
5.97857E-02 -4.44279E-02 
5.75502E-02 -4.30447E-02 
5.53069E-02 -4.16255E-02 
5.35713E-02 -4.05076E-02 
5.30644E-02 -4.01781E-02 
5.06572E-02 -3.85947E-02 
4.82705E-02 -3.69965E-02 
4.59136E-02 -3.53924E-02 
4.35950E-02 -3.37906E-02 
4.13410E-02 -3.22076E-02 
3.91469E-02 -3.06504E-02 
3.69952E-02 -2.91059E-02 
3.48939E-02 -2.75816E-02 
3.28514E-02 -2.60852E-02 
3.08780E-02 -2.46262E-02 
2.89920E-02 -2.32205E-02 
2.72371E-02 -2.19043E-02 
2.57301E-02 -2.07731E-02 
2.47120E-02 -2.00234E-02 
2.43295E-02 -1.97788E-02 
2.40812E-02 -1.96397E-02 
2.32616E-02 -1.90340E-02 
6.65747E-02 -4.96557E-02 
6.41420E-02 -4.81605E-02 
6.15752E-02 -4.64989E-02 
5.92197E-02 -4.49864E-02 
5.68604E-02 -4.34428E-02 
5.45060E-02 -4.18755E-02 
5.21647E-02 -4.02920E-02 
5.03670E-02 -3.90602E-02 
4.98443E-02 -3.86995E-02 
4.73743E-02 -3.69804E-02 
4.49458E-02 -3.52671E-02 
4.25664E-02 -3.35676E-02 
4.02433E-02 -3.18889E-02 
3.80068E-02 -3.02522E-02 
3.58403E-02 -2.86529E-02 
3.37295E-02 -2.70805E-02 
3.16813E-02 -2.55415E-02 
2.97024E-02 -2.40426E-02 
2.78017E-02 -2.25920E-02 
2.59947E-02 -2.12036E-02 
2.43200E-02 -1.99100E-02 
2.28812E-02 -1.87974E-02 
2.18913E-02 -1.80427E-02 
2.14755E-02 -1.77529E-02 
2.11808E-02 -1.75600E-02 
2.03815E-02 -1.69477E-02 
6.37074E-02 -4.88874E-02 
6.11144E-02 -4.71633E-02 
5.84720E-02 -4.53520E-02 
5.60015E-02 -4.36563E-02 
5.35480E-02 -4.19492E-02 
5.11196E-02 -4.02380E-02 
4.87234E-02 -3.85294E-02 
4.68959E-02 -3.72134E-02 
4.63664E-02 -3.68301E-02 
4.38760E-02 -3.50153E-02 
4.14456E-02 -3.32256E-02 
3.90815E-02 -3.14675E-02 
3.67891E-02 -2.97472E-02 
3.46012E-02 -2.80889E-02 
3.24924E-02 -2.64789E-02 
3.04505E-02 -2.49083E-02 
2.84809E-02 -2.33827E-02 
2.65892E-02 -2.19075E-02 
2.47823E-02 -2.04897E-02 
2.30735E-02 -1.91411E-02 
2.14961E-02 -1.78906E-02 
2.01407E-02 -1.68148E-02 
1.91935E-02 -1.60708E-02 
1.87597E-02 -1.57501E-02 
1.84345E-02 -1.55176E-02 
1.76691E-02 -1.49132E-02 
6.03419E-02 -4.75045E-02 
5.76391E-02 -4.55958E-02 
5.49510E-02 -4.36619E-02 
5.24138E-02 -4.18266E-02 
4.99125E-02 -3.99990E-02 
4.74543E-02 -3.81855E-02 
4.50455E-02 -3.63922E-02 
4.32192E-02 -3.50222E-02 
4.26918E-02 -3.46249E-02 
4.02218E-02 -3.27546E-02 
3.78277E-02 -3.09267E-02 
3.55143E-02 -2.91466E-02 
3.32857E-02 -2.74190E-02 
3.11752E-02 -2.57701E-02 
2.91514E-02 -2.41792E-02 
2.72032E-02 -2.26383E-02 
2.53348E-02 -2.11520E-02 
2.35506E-02 -1.97246E-02 
2.18557E-02 -1.83615E-02 
2.02610E-02 -1.70728E-02 
1.87947E-02 -1.58833E-02 
1.75353E-02 -1.48602E-02 
1.66431E-02 -1.41412E-02 
1.62052E-02 -1.38027E-02 
1.58639E-02 -1.35441E-02 
1.51438E-02 -1.29604E-02 
5.65423E-02 -4.55551E-02 
5.37809E-02 -4.35092E-02 
5.10821E-02 -4.14857E-02 
4.85253E-02 -3.95561E-02 
4.60213E-02 -3.76514E-02 
4.35761E-02 -3.57776E-02 
4.11951E-02 -3.39399E-02 
3.93998E-02 -3.25459E-02 
3.88830E-02 -3.21432E-02 
3.64717E-02 -3.02569E-02 
3.41494E-02 -2.84281E-02 
3.19195E-02 -2.66609E-02 
2.97845E-02 -2.49587E-02 
2.77773E-02 -2.33482E-02 
2.58624E-02 -2.18039E-02 
2.40295E-02 -2.03182E-02 
2.22817E-02 -1.88945E-02 
2.06218E-02 -1.75361E-02 
1.90537E-02 -1.62470E-02 
1.75856E-02 -1.50352E-02 
1.62413E-02 -1.39218E-02 
1.50873E-02 -1.29648E-02 
1.42601E-02 -1.22829E-02 
1.38303E-02 -1.19389E-02 
1.34858E-02 -1.16665E-02 
1.28200E-02 -1.11146E-02 
5.23808E-02 -4.30989E-02 
4.96119E-02 -4.09650E-02 
4.69402E-02 -3.88899E-02 
4.44095E-02 -3.69110E-02 
4.19457E-02 -3.49726E-02 
3.95542E-02 -3.30799E-02 
3.72389E-02 -3.12371E-02 
3.55022E-02 -2.98480E-02 
3.50036E-02 -2.94482E-02 
3.26863E-02 -2.75837E-02 
3.04681E-02 -2.57892E-02 
2.83509E-02 -2.40676E-02 
2.63359E-02 -2.24209E-02 
2.44544E-02 -2.08754E-02 
2.26687E-02 -1.94023E-02 
2.09692E-02 -1.79942E-02 
1.93574E-02 -1.66534E-02 
1.78352E-02 -1.53820E-02 
1.64048E-02 -1.41828E-02 
1.50725E-02 -1.30619E-02 
1.38575E-02 -1.20367E-02 
1.28155E-02 -1.11564E-02 
1.20609E-02 -1.05217E-02 
1.16495E-02 -1.01830E-02 
1.13130E-02 -9.90799E-03 
1.07080E-02 -9.39646E-03 
4.79354E-02 -4.02053E-02 
4.52084E-02 -3.80330E-02 
4.26032E-02 -3.59467E-02 
4.01413E-02 -3.39628E-02 
3.77580E-02 -3.20328E-02 
3.54575E-02 -3.01609E-02 
3.32427E-02 -2.83505E-02 
3.15895E-02 -2.69939E-02 
3.11163E-02 -2.66046E-02 
2.89244E-02 -2.47971E-02 
2.68386E-02 -2.30693E-02 
2.48594E-02 -2.14229E-02 
2.29866E-02 -1.98587E-02 
2.12494E-02 -1.84015E-02 
1.96094E-02 -1.70209E-02 
1.80570E-02 -1.57093E-02 
1.65931E-02 -1.44682E-02 
1.52179E-02 -1.32984E-02 
1.39327E-02 -1.22016E-02 
1.27417E-02 -1.11822E-02 
1.16602E-02 -1.02541E-02 
1.07339E-02 -9.45824E-03 
1.00568E-02 -8.87843E-03 
9.67245E-03 -8.55440E-03 
9.35295E-03 -8.28628E-03 
8.81314E-03 -7.82172E-03 
4.32800E-02 -3.69456E-02 
4.06420E-02 -3.47838E-02 
3.81420E-02 -3.27278E-02 
3.57886E-02 -3.07811E-02 
3.35226E-02 -2.88994E-02 
3.13471E-02 -2.70858E-02 
2.92639E-02 -2.53427E-02 
2.77164E-02 -2.40436E-02 
2.72746E-02 -2.36720E-02 
2.52354E-02 -2.19534E-02 
2.33062E-02 -2.03214E-02 
2.14861E-02 -1.87764E-02 
1.97739E-02 -1.73180E-02 
1.81957E-02 -1.59690E-02 
1.67137E-02 -1.46984E-02 
1.53188E-02 -1.34988E-02 
1.40105E-02 -1.23705E-02 
1.27883E-02 -1.13135E-02 
1.16523E-02 -1.03282E-02 
1.06051E-02 -9.41763E-03 
9.65827E-03 -8.59252E-03 
8.84858E-03 -7.88613E-03 
8.25195E-03 -7.36688E-03 
7.90109E-03 -7.06503E-03 
7.60592E-03 -6.81179E-03 
7.13342E-03 -6.39866E-03 
3.85438E-02 -3.34358E-02 
3.60371E-02 -3.13308E-02 
3.36777E-02 -2.93449E-02 
3.14669E-02 -2.74743E-02 
2.93493E-02 -2.56768E-02 
2.73268E-02 -2.39546E-02 
2.54004E-02 -2.23091E-02 
2.39760E-02 -2.10892E-02 
2.35704E-02 -2.07414E-02 
2.17049E-02 -1.91384E-02 
1.99499E-02 -1.76259E-02 
1.83037E-02 -1.62031E-02 
1.67639E-02 -1.48683E-02 
1.53534E-02 -1.36422E-02 
1.40362E-02 -1.24941E-02 
1.28030E-02 -1.14167E-02 
1.16529E-02 -1.04094E-02 
1.05845E-02 -9.47132E-03 
9.59688E-03 -8.60212E-03 
8.69118E-03 -7.80327E-03 
7.87600E-03 -7.08288E-03 
7.18017E-03 -6.46733E-03 
6.66380E-03 -6.01134E-03 
6.35072E-03 -5.73723E-03 
6.08491E-03 -5.50488E-03 
5.67917E-03 -5.14504E-03 
3.37536E-02 -2.97204E-02 
3.14174E-02 -2.77159E-02 
2.92318E-02 -2.58379E-02 
2.71944E-02 -2.40790E-02 
2.52530E-02 -2.23984E-02 
2.34085E-02 -2.07976E-02 
2.16608E-02 -1.92769E-02 
2.03746E-02 -1.81554E-02 
2.00094E-02 -1.78365E-02 
1.83351E-02 -1.63726E-02 
1.67691E-02 -1.49999E-02 
1.53087E-02 -1.37167E-02 
1.39504E-02 -1.25204E-02 
1.27141E-02 -1.14290E-02 
1.15658E-02 -1.04131E-02 
1.04969E-02 -9.46548E-03 
9.50567E-03 -8.58485E-03 
8.59007E-03 -7.76976E-03 
7.74843E-03 -7.01901E-03 
6.98081E-03 -6.33299E-03 
6.29316E-03 -5.71741E-03 
5.70746E-03 -5.19259E-03 
5.27008E-03 -4.80117E-03 
4.99763E-03 -4.55889E-03 
4.76468E-03 -4.35192E-03 
4.42413E-03 -4.04595E-03 
2.90308E-02 -2.59166E-02 
2.68973E-02 -2.40509E-02 
2.49126E-02 -2.23140E-02 
2.30727E-02 -2.06967E-02 
2.13286E-02 -1.91603E-02 
1.96802E-02 -1.77050E-02 
1.81265E-02 -1.63305E-02 
1.69885E-02 -1.53219E-02 
1.66662E-02 -1.50359E-02 
1.51939E-02 -1.37282E-02 
1.38248E-02 -1.25096E-02 
1.25554E-02 -1.13775E-02 
1.13817E-02 -1.03288E-02 
1.03202E-02 -9.37835E-03 
9.33976E-03 -8.49903E-03 
8.43242E-03 -7.68380E-03 
7.59585E-03 -6.93086E-03 
6.82761E-03 -6.23823E-03 
6.12550E-03 -5.60416E-03 
5.48874E-03 -5.02816E-03 
4.92111E-03 -4.51394E-03 
4.43884E-03 -4.07667E-03 
4.07672E-03 -3.74863E-03 
3.84568E-03 -3.54032E-03 
3.64713E-03 -3.36136E-03 
3.36808E-03 -3.10765E-03 
2.44612E-02 -2.21181E-02 
2.25560E-02 -2.04233E-02 
2.07927E-02 -1.88548E-02 
1.91679E-02 -1.74033E-02 
1.76358E-02 -1.60320E-02 
1.61953E-02 -1.47406E-02 
1.48449E-02 -1.35278E-02 
1.38606E-02 -1.26424E-02 
1.35825E-02 -1.23921E-02 
1.23170E-02 -1.12518E-02 
1.11471E-02 -1.01959E-02 
1.00689E-02 -9.22115E-03 
9.07787E-03 -8.32386E-03 
8.18721E-03 -7.51611E-03 
7.36950E-03 -6.77344E-03 
6.61718E-03 -6.08918E-03 
5.92769E-03 -5.46116E-03 
5.29831E-03 -4.88707E-03 
4.72656E-03 -4.36480E-03 
4.21103E-03 -3.89324E-03 
3.75385E-03 -3.47451E-03 
3.36651E-03 -3.11947E-03 
3.07429E-03 -2.85178E-03 
2.88383E-03 -2.67791E-03 
2.71956E-03 -2.52796E-03 
2.49700E-03 -2.32339E-03 
2.01284E-02 -1.84177E-02 
1.84688E-02 -1.69187E-02 
1.69405E-02 -1.55391E-02 
1.55412E-02 -1.42706E-02 
1.42288E-02 -1.30790E-02 
1.30016E-02 -1.19632E-02 
1.18575E-02 -1.09215E-02 
1.10276E-02 -1.01650E-02 
1.07938E-02 -9.95174E-03 
9.73374E-03 -8.98393E-03 
8.75975E-03 -8.09353E-03 
7.86750E-03 -7.27681E-03 
7.05253E-03 -6.52987E-03 
6.32481E-03 -5.86204E-03 
5.66076E-03 -5.25193E-03 
5.05355E-03 -4.69340E-03 
4.50049E-03 -4.18407E-03 
3.99879E-03 -3.72150E-03 
3.54587E-03 -3.30340E-03 
3.13998E-03 -2.92827E-03 
2.78199E-03 -2.59705E-03 
2.47966E-03 -2.31713E-03 
2.25065E-03 -2.10517E-03 
2.09852E-03 -1.96473E-03 
1.96702E-03 -1.84330E-03 
1.79489E-03 -1.68349E-03 
1.61080E-02 -1.49031E-02 
1.47031E-02 -1.36165E-02 
1.34153E-02 -1.24385E-02 
1.22446E-02 -1.13629E-02 
1.11527E-02 -1.03584E-02 
1.01374E-02 -9.42344E-03 
9.19632E-03 -8.55570E-03 
8.51716E-03 -7.92889E-03 
8.32643E-03 -7.75276E-03 
7.46466E-03 -6.95648E-03 
6.67787E-03 -6.22870E-03 
5.96169E-03 -5.56558E-03 
5.31173E-03 -4.96317E-03 
4.73522E-03 -4.42829E-03 
4.21249E-03 -3.94288E-03 
3.73756E-03 -3.50144E-03 
3.30776E-03 -3.10159E-03 
2.92042E-03 -2.74089E-03 
2.57303E-03 -2.41707E-03 
2.26370E-03 -2.12845E-03 
1.99248E-03 -1.87514E-03 
1.76425E-03 -1.66185E-03 
1.59080E-03 -1.49977E-03 
1.47358E-03 -1.39046E-03 
1.37216E-03 -1.29584E-03 
1.24373E-03 -1.17547E-03 
1.24695E-02 -1.16568E-02 
1.13193E-02 -1.05901E-02 
1.02692E-02 -9.61796E-03 
9.32247E-03 -8.73743E-03 
8.44463E-03 -7.92013E-03 
7.63330E-03 -7.16401E-03 
6.88569E-03 -6.46664E-03 
6.34908E-03 -5.96571E-03 
6.19884E-03 -5.82540E-03 
5.52270E-03 -5.19364E-03 
4.90946E-03 -4.62019E-03 
4.35496E-03 -4.10129E-03 
3.85509E-03 -3.63316E-03 
3.41477E-03 -3.22048E-03 
3.01820E-03 -2.84857E-03 
2.66028E-03 -2.51268E-03 
2.33857E-03 -2.21056E-03 
2.05063E-03 -1.93994E-03 
1.79417E-03 -1.69872E-03 
1.56737E-03 -1.48523E-03 
1.36975E-03 -1.29905E-03 
1.20416E-03 -1.14295E-03 
1.07797E-03 -1.02400E-03 
9.91365E-04 -9.42479E-04 
9.16460E-04 -8.71936E-04 
8.24601E-04 -7.85096E-04 
9.25885E-03 -8.74024E-03 
8.35509E-03 -7.89222E-03 
7.53239E-03 -7.12236E-03 
6.79833E-03 -6.43181E-03 
6.12198E-03 -5.79500E-03 
5.50085E-03 -5.20972E-03 
4.93217E-03 -4.67348E-03 
4.52633E-03 -4.29056E-03 
4.41307E-03 -4.18366E-03 
3.90549E-03 -3.70443E-03 
3.44834E-03 -3.27257E-03 
3.03788E-03 -2.88462E-03 
2.67045E-03 -2.53719E-03 
2.34913E-03 -2.23319E-03 
2.06179E-03 -1.96122E-03 
1.80427E-03 -1.71738E-03 
1.57445E-03 -1.49967E-03 
1.37024E-03 -1.30611E-03 
1.18971E-03 -1.13489E-03 
1.03123E-03 -9.84479E-04 
8.94091E-04 -8.54229E-04 
7.79724E-04 -7.45545E-04 
6.92397E-04 -6.62560E-04 
6.31622E-04 -6.04867E-04 
5.79140E-04 -5.55016E-04 
5.16827E-04 -4.95621E-04 
6.53681E-03 -6.22754E-03 
5.86092E-03 -5.58651E-03 
5.24613E-03 -5.00562E-03 
4.70525E-03 -4.49136E-03 
4.21033E-03 -4.02046E-03 
3.75896E-03 -3.59072E-03 
3.34857E-03 -3.19977E-03 
3.05749E-03 -2.92237E-03 
2.97654E-03 -2.84521E-03 
2.61537E-03 -2.50086E-03 
2.29248E-03 -2.19291E-03 
2.00471E-03 -1.91839E-03 
1.74900E-03 -1.67440E-03 
1.52705E-03 -1.46256E-03 
1.33005E-03 -1.27451E-03 
1.15477E-03 -1.10718E-03 
9.99513E-04 -9.58915E-04 
8.62618E-04 -8.28146E-04 
7.42540E-04 -7.13391E-04 
6.37972E-04 -6.13402E-04 
5.48170E-04 -5.27477E-04 
4.73695E-04 -4.56177E-04 
4.16760E-04 -4.01668E-04 
3.76626E-04 -3.63278E-04 
3.42078E-04 -3.30204E-04 
3.02410E-04 -2.92098E-04 
4.31363E-03 -4.14565E-03 
3.84012E-03 -3.69204E-03 
3.40772E-03 -3.27997E-03 
3.03542E-03 -2.92238E-03 
2.69743E-03 -2.59754E-03 
2.39157E-03 -2.30344E-03 
2.11562E-03 -2.03798E-03 
1.92121E-03 -1.85091E-03 
1.86735E-03 -1.79908E-03 
1.62817E-03 -1.56890E-03 
1.41603E-03 -1.36472E-03 
1.22841E-03 -1.18415E-03 
1.06296E-03 -1.02494E-03 
9.20473E-04 -8.87808E-04 
7.94950E-04 -7.67042E-04 
6.84093E-04 -6.60402E-04 
5.86646E-04 -5.66667E-04 
5.01410E-04 -4.84669E-04 
4.27272E-04 -4.13329E-04 
3.63271E-04 -3.51717E-04 
3.08779E-04 -2.99226E-04 
2.63887E-04 -2.55958E-04 
2.29555E-04 -2.22866E-04 
2.05061E-04 -1.99275E-04 
1.84085E-04 -1.79052E-04 
1.60888E-04 -1.56597E-04 
2.59387E-03 -2.51411E-03 
2.29050E-03 -2.22070E-03 
2.00922E-03 -1.95068E-03 
1.77615E-03 -1.72457E-03 
1.56656E-03 -1.52110E-03 
1.37862E-03 -1.33859E-03 
1.21055E-03 -1.17532E-03 
1.09303E-03 -1.06115E-03 
1.06060E-03 -1.02965E-03 
9.17335E-04 -8.90477E-04 
7.91285E-04 -7.68066E-04 
6.80654E-04 -6.60674E-04 
5.83804E-04 -5.66710E-04 
5.01021E-04 -4.86413E-04 
4.28594E-04 -4.16221E-04 
3.65053E-04 -3.54678E-04 
3.09594E-04 -3.00986E-04 
2.61462E-04 -2.54398E-04 
2.19959E-04 -2.14225E-04 
1.84473E-04 -1.79865E-04 
1.54561E-04 -1.50884E-04 
1.30124E-04 -1.27192E-04 
1.11447E-04 -1.09081E-04 
9.79546E-05 -9.60095E-05 
8.65027E-05 -8.48977E-05 
7.44336E-05 -7.31232E-05 
1.35797E-03 -1.32755E-03 
1.18774E-03 -1.16135E-03 
1.02251E-03 -1.00182E-03 
8.96444E-04 -8.78201E-04 
7.84506E-04 -7.68357E-04 
6.85310E-04 -6.70976E-04 
5.97534E-04 -5.84794E-04 
5.36673E-04 -5.25045E-04 
5.19953E-04 -5.08634E-04 
4.46436E-04 -4.36500E-04 
3.82206E-04 -3.73530E-04 
3.26148E-04 -3.18631E-04 
2.77291E-04 -2.70844E-04 
2.35759E-04 -2.30252E-04 
1.99515E-04 -1.94893E-04 
1.67803E-04 -1.63998E-04 
1.40228E-04 -1.37163E-04 
1.16425E-04 -1.14016E-04 
9.60581E-05 -9.42149E-05 
7.88230E-05 -7.74549E-05 
6.44756E-05 -6.34930E-05 
5.28909E-05 -5.22090E-05 
4.40505E-05 -4.35963E-05 
3.75623E-05 -3.72827E-05 
3.21513E-05 -3.20035E-05 
2.68943E-05 -2.68271E-05 
5.60605E-04 -5.53431E-04 
4.84445E-04 -4.78286E-04 
3.98914E-04 -3.95436E-04 
3.47073E-04 -3.43860E-04 
3.02075E-04 -2.99037E-04 
2.62952E-04 -2.60039E-04 
2.28834E-04 -2.26028E-04 
2.05383E-04 -2.02664E-04 
1.98960E-04 -1.96268E-04 
1.70763E-04 -1.68218E-04 
1.46081E-04 -1.43718E-04 
1.24381E-04 -1.22238E-04 
1.05253E-04 -1.03361E-04 
8.89054E-05 -8.72564E-05 
7.43530E-05 -7.29812E-05 
6.14201E-05 -6.03316E-05 
5.00411E-05 -4.92279E-05 
4.01584E-05 -3.95998E-05 
3.17115E-05 -3.13770E-05 
2.46321E-05 -2.44843E-05 
1.88440E-05 -1.88428E-05 
1.42661E-05 -1.43742E-05 
1.07831E-05 -1.09730E-05 
8.14932E-06 -8.40552E-06 
6.05286E-06 -6.35180E-06 
4.42106E-06 -4.71872E-06 
1.28301E-04 -1.29028E-04 
1.08713E-04 -1.09339E-04 
6.85945E-05 -7.04423E-05 
6.06607E-05 -6.20796E-05 
5.46773E-05 -5.56808E-05 
5.00145E-05 -5.06379E-05 
4.61561E-05 -4.64505E-05 
4.34652E-05 -4.35467E-05 
4.27029E-05 -4.27294E-05 
3.91076E-05 -3.89188E-05 
3.54303E-05 -3.51016E-05 
3.15694E-05 -3.11704E-05 
2.75208E-05 -2.71111E-05 
2.37169E-05 -2.33230E-05 
1.96566E-05 -1.93301E-05 
1.56018E-05 -1.53673E-05 
1.17166E-05 -1.15855E-05 
8.14897E-06 -8.12106E-06 
5.01752E-06 -5.08335E-06 
2.40196E-06 -2.54558E-06 
3.34458E-07 -5.36690E-07 
-1.21886E-06 9.76039E-07 
-2.39093E-06 2.11846E-06 
-3.34722E-06 3.04877E-06 
-3.99144E-06 3.68098E-06 
-4.05197E-06 3.76118E-06 
-4.03207E-05 3.88944E-05 
-3.46171E-05 3.34142E-05 
-5.74598E-05 5.57361E-05 
-4.57539E-05 4.43836E-05 
-3.46510E-05 3.36078E-05 
-2.45849E-05 2.38330E-05 
-1.58634E-05 1.53608E-05 
-1.01596E-05 9.81868E-06 
-8.67185E-06 8.37293E-06 
-2.70985E-06 2.57920E-06 
1.43700E-06 -1.45019E-06 
3.92285E-06 -3.86423E-06 
4.98266E-06 -4.89087E-06 
5.32290E-06 -5.21668E-06 
4.45978E-06 -4.37225E-06 
2.97943E-06 -2.92669E-06 
1.17549E-06 -1.16589E-06 
-6.94609E-07 6.59385E-07 
-2.42381E-06 2.34739E-06 
-3.86524E-06 3.75494E-06 
-4.94260E-06 4.80759E-06 
-5.67452E-06 5.52339E-06 
-6.20773E-06 6.04521E-06 
-6.69074E-06 6.51788E-06 
-6.89099E-06 6.71505E-06 
-6.42207E-06 6.26004E-06 
-6.79041E-05 6.79041E-05 
-5.67288E-05 5.67288E-05 
-7.98350E-05 7.98350E-05 
-6.30093E-05 6.30093E-05 
-4.76132E-05 4.76132E-05 
-3.40399E-05 3.40399E-05 
-2.25393E-05 2.25393E-05 
-1.51395E-05 1.51395E-05 
-1.32246E-05 1.32246E-05 
-5.61405E-06 5.61405E-06 
-3.75472E-07 3.75472E-07 
2.75761E-06 -2.75761E-06 
4.12872E-06 -4.12872E-06 
4.71700E-06 -4.71700E-06 
3.75190E-06 -3.75190E-06 
2.09003E-06 -2.09003E-06 
8.47592E-08 -8.47592E-08 
-1.96189E-06 1.96189E-06 
-3.81370E-06 3.81370E-06 
-5.30939E-06 5.30939E-06 
-6.37303E-06 6.37303E-06 
-7.04083E-06 7.04083E-06 
-7.49466E-06 7.49466E-06 
-7.90096E-06 7.90096E-06 
-7.97031E-06 7.97031E-06 
-7.26400E-06 7.26400E-06 
---
