PdfType: replica
Format: lhagrid1
---
1.00000E-06 1.28121E-06 1.64152E-06 2.10317E-06 2.69463E-06 3.45242E-06 4.42329E-06 5.66715E-06 7.26076E-06 9.30241E-06 1.19180E-05 1.52689E-05 1.95617E-05 2.50609E-05 3.21053E-05 4.11287E-05 5.26863E-05 6.74889E-05 8.64459E-05 1.10720E-04 1.41800E-04 1.81585E-04 2.32503E-04 2.97652E-04 3.80981E-04 4.87518E-04 6.26039E-04 8.00452E-04 1.02297E-03 1.30657E-03 1.66759E-03 2.12729E-03 2.71054E-03 3.44865E-03 4.37927E-03 5.54908E-03 7.01192E-03 8.83064E-03 1.10763E-02 1.38266E-02 1.71641E-02 2.11717E-02 2.59364E-02 3.15062E-02 3.79623E-02 4.53425E-02 5.36750E-02 6.29705E-02 7.32221E-02 8.44039E-02 9.64793E-02 1.09332E-01 1.23067E-01 1.37507E-01 1.52639E-01 1.68416E-01 1.84794E-01 2.01731E-01 2.19016E-01 2.36948E-01 2.55242E-01 2.73927E-01 2.92954E-01 3.12340E-01 3.32036E-01 3.52019E-01 3.72282E-01 3.92772E-01 4.13533E-01 4.34326E-01 4.55495E-01 4.76836E-01 4.98342E-01 5.20006E-01 5.41818E-01 5.63773E-01 5.85861E-01 6.08077E-01 6.30459E-01 6.52800E-01 6.75387E-01 6.98063E-01 7.20830E-01 7.43683E-01 7.66623E-01 7.89636E-01 8.12791E-01 8.35940E-01 8.59175E-01 8.82485E-01 9.05866E-01 9.29311E-01 9.52817E-01 9.76387E-01 1.00000E+00 
1.14018E+00 1.22539E+00 1.32482E+00 1.44156E+00 1.57954E+00 1.74381E+00 1.94091E+00 2.12132E+00 2.17945E+00 2.49622E+00 2.89383E+00 3.39925E+00 4.05063E+00 4.90286E+00 6.03623E+00 7.57063E+00 9.68869E+00 1.26749E+01 1.69835E+01 2.33578E+01 3.30501E+01 4.82334E+01 7.28041E+01 1.13998E+02 1.85779E+02 3.16228E+02 
908 909 
-4.43846E-05 -2.19367E-06 
-4.49850E-05 -2.27726E-06 
-4.59738E-05 -4.52439E-06 
-4.68878E-05 -5.18733E-06 
-4.79238E-05 -6.00718E-06 
-4.91244E-05 -7.04129E-06 
-5.05496E-05 -8.35482E-06 
-5.18562E-05 -9.60854E-06 
-5.22791E-05 -1.00200E-05 
-5.46033E-05 -1.23002E-05 
-5.75633E-05 -1.51864E-05 
-6.13611E-05 -1.87902E-05 
-6.62417E-05 -2.32267E-05 
-7.52259E-05 -2.86996E-05 
-8.52648E-05 -3.54191E-05 
-9.76033E-05 -4.33010E-05 
-1.12722E-04 -5.24871E-05 
-1.31197E-04 -6.31341E-05 
-1.53763E-04 -7.54449E-05 
-1.81515E-04 -8.97952E-05 
-2.16696E-04 -1.07217E-04 
-2.65428E-04 -1.31036E-04 
-3.43830E-04 -1.70198E-04 
-4.75632E-04 -2.36523E-04 
-6.56418E-04 -3.23139E-04 
-8.45200E-04 -4.03657E-04 
-4.74634E-05 7.61423E-07 
-4.78835E-05 4.46822E-07 
-4.89113E-05 -2.39384E-06 
-4.97667E-05 -3.31259E-06 
-5.07693E-05 -4.40385E-06 
-5.19711E-05 -5.73067E-06 
-5.34432E-05 -7.36370E-06 
-5.48260E-05 -8.88623E-06 
-5.52789E-05 -9.38024E-06 
-5.78021E-05 -1.20798E-05 
-6.10709E-05 -1.54316E-05 
-6.53125E-05 -1.95499E-05 
-7.07997E-05 -2.45505E-05 
-8.07575E-05 -3.04631E-05 
-9.19431E-05 -3.77764E-05 
-1.05680E-04 -4.62944E-05 
-1.22486E-04 -5.61551E-05 
-1.42982E-04 -6.75098E-05 
-1.67956E-04 -8.05575E-05 
-1.98589E-04 -9.56809E-05 
-2.37331E-04 -1.13970E-04 
-2.90920E-04 -1.38985E-04 
-3.77135E-04 -1.80310E-04 
-5.22010E-04 -2.50475E-04 
-7.20181E-04 -3.41751E-04 
-9.25981E-04 -4.25627E-04 
-4.78137E-05 1.42267E-06 
-4.81784E-05 9.53871E-07 
-4.94792E-05 -2.38097E-06 
-5.04017E-05 -3.48481E-06 
-5.15006E-05 -4.77671E-06 
-5.28381E-05 -6.32570E-06 
-5.44980E-05 -8.20804E-06 
-5.60713E-05 -9.94520E-06 
-5.65885E-05 -1.05059E-05 
-5.94813E-05 -1.35491E-05 
-6.32417E-05 -1.72899E-05 
-6.81238E-05 -2.18439E-05 
-7.44298E-05 -2.73266E-05 
-8.55775E-05 -3.35563E-05 
-9.81470E-05 -4.13613E-05 
-1.13535E-04 -5.04060E-05 
-1.32301E-04 -6.08230E-05 
-1.55107E-04 -7.27559E-05 
-1.82797E-04 -8.63974E-05 
-2.16643E-04 -1.02136E-04 
-2.59311E-04 -1.21121E-04 
-3.18208E-04 -1.47159E-04 
-4.12907E-04 -1.90493E-04 
-5.71922E-04 -2.64370E-04 
-7.88813E-04 -3.60102E-04 
-1.01279E-03 -4.46962E-04 
-4.66456E-05 5.19239E-07 
-4.70698E-05 -1.63112E-08 
-4.88459E-05 -3.75392E-06 
-4.99517E-05 -4.96279E-06 
-5.12658E-05 -6.37634E-06 
-5.28623E-05 -8.06974E-06 
-5.48391E-05 -1.01247E-05 
-5.67075E-05 -1.20178E-05 
-5.73205E-05 -1.26281E-05 
-6.07395E-05 -1.59335E-05 
-6.51601E-05 -1.99808E-05 
-7.08647E-05 -2.48861E-05 
-7.81863E-05 -3.07627E-05 
-9.07171E-05 -3.71790E-05 
-1.04888E-04 -4.53661E-05 
-1.22162E-04 -5.48199E-05 
-1.43137E-04 -6.56652E-05 
-1.68520E-04 -7.80357E-05 
-1.99210E-04 -9.21147E-05 
-2.36574E-04 -1.08294E-04 
-2.83509E-04 -1.27784E-04 
-3.48146E-04 -1.54640E-04 
-4.52005E-04 -1.99783E-04 
-6.26269E-04 -2.77157E-04 
-8.63259E-04 -3.77038E-04 
-1.10658E-03 -4.66404E-04 
-4.50485E-05 -1.14812E-06 
-4.56267E-05 -1.66157E-06 
-4.80431E-05 -5.72703E-06 
-4.94298E-05 -6.95922E-06 
-5.10592E-05 -8.41458E-06 
-5.30186E-05 -1.01745E-05 
-5.54218E-05 -1.23258E-05 
-5.76750E-05 -1.43165E-05 
-5.84111E-05 -1.49593E-05 
-6.24922E-05 -1.84459E-05 
-6.77208E-05 -2.27177E-05 
-7.44095E-05 -2.78892E-05 
-8.29230E-05 -3.40696E-05 
-9.70013E-05 -4.05378E-05 
-1.12969E-04 -4.89931E-05 
-1.32338E-04 -5.87329E-05 
-1.55746E-04 -6.98714E-05 
-1.83946E-04 -8.25294E-05 
-2.17893E-04 -9.68777E-05 
-2.59050E-04 -1.13309E-04 
-3.10564E-04 -1.33090E-04 
-3.81349E-04 -1.60531E-04 
-4.95040E-04 -2.07228E-04 
-6.85685E-04 -2.87799E-04 
-9.44175E-04 -3.91402E-04 
-1.20797E-03 -4.82688E-04 
-4.38840E-05 -2.81067E-06 
-4.46854E-05 -3.21647E-06 
-4.78730E-05 -7.55291E-06 
-4.96162E-05 -8.72853E-06 
-5.16389E-05 -1.01484E-05 
-5.40436E-05 -1.18996E-05 
-5.69613E-05 -1.40739E-05 
-5.96726E-05 -1.61061E-05 
-6.05542E-05 -1.67650E-05 
-6.54110E-05 -2.03542E-05 
-7.15740E-05 -2.47697E-05 
-7.93872E-05 -3.01225E-05 
-8.92481E-05 -3.65154E-05 
-1.05010E-04 -4.28948E-05 
-1.22944E-04 -5.14999E-05 
-1.44593E-04 -6.13961E-05 
-1.70633E-04 -7.26839E-05 
-2.01863E-04 -8.54675E-05 
-2.39295E-04 -9.99016E-05 
-2.84491E-04 -1.16375E-04 
-3.40865E-04 -1.36210E-04 
-4.18180E-04 -1.63967E-04 
-5.42362E-04 -2.11906E-04 
-7.50531E-04 -2.95276E-04 
-1.03193E-03 -4.02051E-04 
-1.31730E-03 -4.94554E-04 
-4.37469E-05 -3.78565E-06 
-4.48158E-05 -4.00282E-06 
-4.88786E-05 -8.56769E-06 
-5.10322E-05 -9.60913E-06 
-5.35050E-05 -1.09187E-05 
-5.64161E-05 -1.25889E-05 
-5.99162E-05 -1.47151E-05 
-6.31439E-05 -1.67339E-05 
-6.41890E-05 -1.73930E-05 
-6.99152E-05 -2.10069E-05 
-7.71195E-05 -2.54848E-05 
-8.61788E-05 -3.09315E-05 
-9.75239E-05 -3.74408E-05 
-1.15080E-04 -4.35810E-05 
-1.35129E-04 -5.22093E-05 
-1.59218E-04 -6.21216E-05 
-1.88066E-04 -7.34012E-05 
-2.22515E-04 -8.61316E-05 
-2.63632E-04 -1.00447E-04 
-3.13084E-04 -1.16730E-04 
-3.74567E-04 -1.36349E-04 
-4.58764E-04 -1.64110E-04 
-5.94077E-04 -2.12912E-04 
-8.20908E-04 -2.98576E-04 
-1.12661E-03 -4.07835E-04 
-1.43458E-03 -5.00720E-04 
-4.49722E-05 -3.49385E-06 
-4.63297E-05 -3.44476E-06 
-5.13556E-05 -8.20234E-06 
-5.39540E-05 -9.03243E-06 
-5.69145E-05 -1.01574E-05 
-6.03754E-05 -1.16743E-05 
-6.45087E-05 -1.36809E-05 
-6.82984E-05 -1.56307E-05 
-6.95215E-05 -1.62734E-05 
-7.61941E-05 -1.98311E-05 
-8.45311E-05 -2.42848E-05 
-9.49430E-05 -2.97306E-05 
-1.07895E-04 -3.62502E-05 
-1.27331E-04 -4.19844E-05 
-1.49624E-04 -5.04956E-05 
-1.76297E-04 -6.02671E-05 
-2.08107E-04 -7.13606E-05 
-2.45939E-04 -8.38352E-05 
-2.90916E-04 -9.78001E-05 
-3.44810E-04 -1.13624E-04 
-4.11621E-04 -1.32719E-04 
-5.03022E-04 -1.60119E-04 
-6.50081E-04 -2.09329E-04 
-8.96692E-04 -2.96661E-04 
-1.22804E-03 -4.07563E-04 
-1.55959E-03 -4.99849E-04 
-4.76684E-05 -1.45089E-06 
-4.93163E-05 -1.05827E-06 
-5.53876E-05 -5.96942E-06 
-5.84488E-05 -6.50800E-06 
-6.19193E-05 -7.37091E-06 
-6.59588E-05 -8.65831E-06 
-7.07627E-05 -1.04689E-05 
-7.51504E-05 -1.22891E-05 
-7.65634E-05 -1.28973E-05 
-8.42474E-05 -1.63092E-05 
-9.37970E-05 -2.06409E-05 
-1.05657E-04 -2.59769E-05 
-1.20326E-04 -3.23835E-05 
-1.41710E-04 -3.75214E-05 
-1.66359E-04 -4.57547E-05 
-1.95739E-04 -5.52042E-05 
-2.30646E-04 -6.59063E-05 
-2.72004E-04 -7.78903E-05 
-3.20990E-04 -9.12353E-05 
-3.79485E-04 -1.06291E-04 
-4.51809E-04 -1.24504E-04 
-5.50698E-04 -1.51118E-04 
-7.10083E-04 -2.00191E-04 
-9.77558E-04 -2.88430E-04 
-1.33586E-03 -3.99960E-04 
-1.69183E-03 -4.90503E-04 
-5.17650E-05 2.75905E-06 
-5.36893E-05 3.57611E-06 
-6.08923E-05 -1.43377E-06 
-6.44210E-05 -1.59328E-06 
-6.84117E-05 -2.10867E-06 
-7.30477E-05 -3.08148E-06 
-7.85499E-05 -4.60924E-06 
-8.35649E-05 -6.23009E-06 
-8.51777E-05 -6.78275E-06 
-9.39295E-05 -9.94352E-06 
-1.04764E-04 -1.40373E-05 
-1.18159E-04 -1.91330E-05 
-1.34648E-04 -2.52786E-05 
-1.58027E-04 -2.95978E-05 
-1.85130E-04 -3.73642E-05 
-2.17324E-04 -4.62790E-05 
-2.55443E-04 -5.63482E-05 
-3.00448E-04 -6.75664E-05 
-3.53566E-04 -7.99770E-05 
-4.16789E-04 -9.39039E-05 
-4.94773E-04 -1.10818E-04 
-6.01392E-04 -1.36148E-04 
-7.73638E-04 -1.84438E-04 
-1.06301E-03 -2.72668E-04 
-1.44948E-03 -3.83621E-04 
-1.83060E-03 -4.71096E-04 
-5.70616E-05 9.52021E-06 
-5.92354E-05 1.08510E-05 
-6.76693E-05 5.82675E-06 
-7.16595E-05 6.14623E-06 
-7.61711E-05 6.07712E-06 
-8.14133E-05 5.51863E-06 
-8.76346E-05 4.37690E-06 
-9.33013E-05 3.03934E-06 
-9.51226E-05 2.56762E-06 
-1.04993E-04 -2.14012E-07 
-1.17177E-04 -3.92768E-06 
-1.32190E-04 -8.62352E-06 
-1.50592E-04 -1.43270E-05 
-1.75995E-04 -1.75649E-05 
-2.05633E-04 -2.46398E-05 
-2.40732E-04 -3.27675E-05 
-2.82156E-04 -4.19181E-05 
-3.30903E-04 -5.20462E-05 
-3.88247E-04 -6.31537E-05 
-4.56286E-04 -7.55316E-05 
-5.40035E-04 -9.06627E-05 
-6.54575E-04 -1.14129E-04 
-8.40159E-04 -1.60872E-04 
-1.15238E-03 -2.48004E-04 
-1.56812E-03 -3.56957E-04 
-1.97497E-03 -4.39842E-04 
-6.32735E-05 1.92284E-05 
-6.56599E-05 2.11756E-05 
-7.54425E-05 1.62661E-05 
-7.98788E-05 1.71822E-05 
-8.49042E-05 1.76769E-05 
-9.07559E-05 1.76530E-05 
-9.77115E-05 1.70232E-05 
-1.04051E-04 1.60722E-05 
-1.06088E-04 1.57127E-05 
-1.17122E-04 1.34685E-05 
-1.30717E-04 1.03108E-05 
-1.47421E-04 6.21198E-06 
-1.67823E-04 1.17276E-06 
-1.95255E-04 -6.72996E-07 
-2.27492E-04 -6.78908E-06 
-2.65564E-04 -1.38296E-05 
-3.10364E-04 -2.17238E-05 
-3.62918E-04 -3.03805E-05 
-4.24543E-04 -3.97537E-05 
-4.97445E-04 -5.00937E-05 
-5.87010E-04 -6.28803E-05 
-7.09602E-04 -8.38095E-05 
-9.08923E-04 -1.28114E-04 
-1.24484E-03 -2.12863E-04 
-1.69083E-03 -3.18156E-04 
-2.12379E-03 -3.94714E-04 
-7.00684E-05 3.23355E-05 
-7.26209E-05 3.50198E-05 
-8.38925E-05 3.04162E-05 
-8.87505E-05 3.20690E-05 
-9.42749E-05 3.32696E-05 
-1.00733E-04 3.39271E-05 
-1.08432E-04 3.39641E-05 
-1.15460E-04 3.35270E-05 
-1.17720E-04 3.33186E-05 
-1.29956E-04 3.18077E-05 
-1.45017E-04 2.94229E-05 
-1.63476E-04 2.61634E-05 
-1.85953E-04 2.20593E-05 
-2.15391E-04 2.19721E-05 
-2.50268E-04 1.71321E-05 
-2.91355E-04 1.15332E-05 
-3.39569E-04 5.29256E-06 
-3.95957E-04 -1.44684E-06 
-4.61874E-04 -8.58466E-06 
-5.39631E-04 -1.63220E-05 
-6.34997E-04 -2.61185E-05 
-7.65693E-04 -4.37362E-05 
-9.79060E-04 -8.45651E-05 
-1.33941E-03 -1.65431E-04 
-1.81642E-03 -2.65140E-04 
-2.27566E-03 -3.33401E-04 
-7.70908E-05 4.93933E-05 
-7.97534E-05 5.29585E-05 
-9.26778E-05 4.89323E-05 
-9.79228E-05 5.14898E-05 
-1.03922E-04 5.35679E-05 
-1.10975E-04 5.50857E-05 
-1.19420E-04 5.59793E-05 
-1.27148E-04 5.62128E-05 
-1.29634E-04 5.62032E-05 
-1.43104E-04 5.56661E-05 
-1.59671E-04 5.43197E-05 
-1.79938E-04 5.21936E-05 
-2.04544E-04 4.93513E-05 
-2.35929E-04 5.14513E-05 
-2.73459E-04 4.82606E-05 
-3.17569E-04 4.45184E-05 
-3.69193E-04 4.03944E-05 
-4.29395E-04 3.60893E-05 
-4.99557E-04 3.17642E-05 
-5.82093E-04 2.72767E-05 
-6.83167E-04 2.12071E-05 
-8.21924E-04 7.78595E-06 
-1.04952E-03 -2.83737E-05 
-1.43487E-03 -1.03621E-04 
-1.94346E-03 -1.95536E-04 
-2.42887E-03 -2.53283E-04 
-8.39755E-05 7.10973E-05 
-8.66805E-05 7.57144E-05 
-1.01444E-04 7.26386E-05 
-1.07028E-04 7.63010E-05 
-1.13467E-04 7.94629E-05 
-1.21092E-04 8.20575E-05 
-1.30273E-04 8.40381E-05 
-1.38701E-04 8.51325E-05 
-1.41416E-04 8.53795E-05 
-1.56134E-04 8.61076E-05 
-1.74232E-04 8.61198E-05 
-1.96336E-04 8.54801E-05 
-2.23101E-04 8.42884E-05 
-2.56328E-04 8.90714E-05 
-2.96483E-04 8.79643E-05 
-3.43579E-04 8.65603E-05 
-3.98560E-04 8.50875E-05 
-4.62494E-04 8.38100E-05 
-5.36784E-04 8.29568E-05 
-6.23938E-04 8.24538E-05 
-7.30530E-04 8.09446E-05 
-8.77188E-04 7.27221E-05 
-1.11906E-03 4.25942E-05 
-1.52976E-03 -2.50385E-05 
-2.07021E-03 -1.06641E-04 
-2.58136E-03 -1.51402E-04 
-9.03469E-05 9.83259E-05 
-9.30121E-05 1.04198E-04 
-1.09818E-04 1.02570E-04 
-1.15675E-04 1.07574E-04 
-1.22502E-04 1.12065E-04 
-1.30660E-04 1.15995E-04 
-1.40551E-04 1.19339E-04 
-1.49667E-04 1.21522E-04 
-1.52608E-04 1.22095E-04 
-1.68567E-04 1.24437E-04 
-1.88194E-04 1.26188E-04 
-2.12133E-04 1.27451E-04 
-2.41049E-04 1.28366E-04 
-2.75951E-04 1.36399E-04 
-3.18655E-04 1.37876E-04 
-3.68644E-04 1.39362E-04 
-4.26860E-04 1.41150E-04 
-4.94369E-04 1.43575E-04 
-5.72581E-04 1.46938E-04 
-6.64093E-04 1.51246E-04 
-7.75892E-04 1.55231E-04 
-9.30151E-04 1.53331E-04 
-1.18615E-03 1.30777E-04 
-1.62232E-03 7.30295E-05 
-2.19457E-03 4.58682E-06 
-2.73064E-03 -2.44516E-05 
-9.58072E-05 1.32179E-04 
-9.83314E-05 1.39543E-04 
-1.17394E-04 1.40014E-04 
-1.23435E-04 1.46635E-04 
-1.30573E-04 1.52743E-04 
-1.39202E-04 1.58314E-04 
-1.49753E-04 1.63347E-04 
-1.59524E-04 1.66888E-04 
-1.62681E-04 1.67868E-04 
-1.79842E-04 1.72233E-04 
-2.00959E-04 1.76169E-04 
-2.26688E-04 1.79819E-04 
-2.57696E-04 1.83368E-04 
-2.94032E-04 1.95291E-04 
-3.39144E-04 1.99920E-04 
-3.91859E-04 2.04922E-04 
-4.53109E-04 2.10661E-04 
-5.23941E-04 2.17545E-04 
-6.05763E-04 2.25958E-04 
-7.01248E-04 2.35995E-04 
-8.17804E-04 2.46510E-04 
-9.79196E-04 2.52183E-04 
-1.24897E-03 2.38932E-04 
-1.71040E-03 1.93632E-04 
-2.31400E-03 1.41539E-04 
-2.87373E-03 1.31226E-04 
-9.99139E-05 1.74012E-04 
-1.02171E-04 1.83146E-04 
-1.23703E-04 1.86546E-04 
-1.29807E-04 1.95102E-04 
-1.37150E-04 2.03163E-04 
-1.46157E-04 2.10729E-04 
-1.57281E-04 2.17830E-04 
-1.67646E-04 2.23041E-04 
-1.71003E-04 2.24524E-04 
-1.89281E-04 2.31385E-04 
-2.11799E-04 2.38018E-04 
-2.39214E-04 2.44612E-04 
-2.72190E-04 2.51394E-04 
-3.09624E-04 2.67922E-04 
-3.56925E-04 2.76341E-04 
-4.12112E-04 2.85561E-04 
-4.76093E-04 2.96020E-04 
-5.49885E-04 3.08206E-04 
-6.34875E-04 3.22590E-04 
-7.33804E-04 3.39369E-04 
-8.54498E-04 3.57549E-04 
-1.02235E-03 3.72171E-04 
-1.30529E-03 3.70143E-04 
-1.79141E-03 3.40157E-04 
-2.42541E-03 3.07957E-04 
-3.00704E-03 3.19631E-04 
-1.02147E-04 2.25475E-04 
-1.03980E-04 2.36698E-04 
-1.28176E-04 2.44071E-04 
-1.34183E-04 2.54924E-04 
-1.41584E-04 2.65319E-04 
-1.50830E-04 2.75287E-04 
-1.62400E-04 2.84891E-04 
-1.73259E-04 2.92129E-04 
-1.76786E-04 2.94222E-04 
-1.96038E-04 3.04120E-04 
-2.19801E-04 3.14033E-04 
-2.48725E-04 3.24197E-04 
-2.83461E-04 3.34886E-04 
-3.21542E-04 3.56804E-04 
-3.70717E-04 3.69722E-04 
-4.28016E-04 3.83937E-04 
-4.94306E-04 3.99965E-04 
-5.70558E-04 4.18380E-04 
-6.58124E-04 4.39743E-04 
-7.59795E-04 4.64365E-04 
-8.83814E-04 4.91446E-04 
-1.05723E-03 5.16512E-04 
-1.35240E-03 5.27820E-04 
-1.86222E-03 5.16323E-04 
-2.52512E-03 5.07914E-04 
-3.12627E-03 5.45081E-04 
-1.01867E-04 2.88538E-04 
-1.03081E-04 3.02214E-04 
-1.30095E-04 3.14854E-04 
-1.35794E-04 3.28410E-04 
-1.43053E-04 3.41568E-04 
-1.52349E-04 3.54396E-04 
-1.64174E-04 3.66993E-04 
-1.75380E-04 3.76661E-04 
-1.79033E-04 3.79486E-04 
-1.99041E-04 3.93026E-04 
-2.23808E-04 4.06870E-04 
-2.53972E-04 4.21301E-04 
-2.90154E-04 4.36641E-04 
-3.28296E-04 4.64798E-04 
-3.78916E-04 4.82996E-04 
-4.37838E-04 5.03057E-04 
-5.05874E-04 5.25582E-04 
-5.83930E-04 5.51231E-04 
-6.73303E-04 5.80663E-04 
-7.76818E-04 6.14315E-04 
-9.03120E-04 6.51618E-04 
-1.08093E-03 6.88739E-04 
-1.38705E-03 7.15682E-04 
-1.91904E-03 7.26156E-04 
-2.60868E-03 7.45782E-04 
-3.22631E-03 8.12164E-04 
-9.82668E-05 3.65537E-04 
-9.86166E-05 3.82078E-04 
-1.28537E-04 4.01561E-04 
-1.33651E-04 4.18267E-04 
-1.40505E-04 4.34666E-04 
-1.49590E-04 4.50863E-04 
-1.61410E-04 4.66996E-04 
-1.72753E-04 4.79540E-04 
-1.76470E-04 4.83232E-04 
-1.96920E-04 5.01084E-04 
-2.22349E-04 5.19575E-04 
-2.53367E-04 5.39036E-04 
-2.90561E-04 5.59841E-04 
-3.28015E-04 5.95142E-04 
-3.79518E-04 6.19463E-04 
-4.39426E-04 6.46292E-04 
-5.08480E-04 6.76314E-04 
-5.87501E-04 7.10279E-04 
-6.77708E-04 7.48946E-04 
-7.81940E-04 7.92886E-04 
-9.09229E-04 8.41813E-04 
-1.08996E-03 8.92698E-04 
-1.40533E-03 9.37749E-04 
-1.95737E-03 9.73971E-04 
-2.67083E-03 1.02620E-03 
-3.30113E-03 1.12570E-03 
-9.03122E-05 4.59187E-04 
-8.94972E-05 4.79056E-04 
-1.22298E-04 5.07276E-04 
-1.26479E-04 5.27619E-04 
-1.32583E-04 5.47777E-04 
-1.41113E-04 5.67898E-04 
-1.52574E-04 5.88160E-04 
-1.63771E-04 6.04065E-04 
-1.67466E-04 6.08771E-04 
-1.87932E-04 6.31660E-04 
-2.13555E-04 6.55572E-04 
-2.44908E-04 6.80887E-04 
-2.82529E-04 7.08031E-04 
-3.18361E-04 7.51419E-04 
-3.70028E-04 7.82769E-04 
-4.30117E-04 8.17351E-04 
-4.99272E-04 8.55935E-04 
-5.78209E-04 8.99361E-04 
-6.68047E-04 9.48488E-04 
-7.71610E-04 1.00403E-03 
-8.98294E-04 1.06604E-03 
-1.08010E-03 1.13248E-03 
-1.40256E-03 1.19826E-03 
-1.97184E-03 1.26428E-03 
-2.70530E-03 1.35397E-03 
-3.34362E-03 1.49059E-03 
-7.66757E-05 5.72628E-04 
-7.43268E-05 5.96338E-04 
-1.09822E-04 6.35533E-04 
-1.12626E-04 6.60030E-04 
-1.17541E-04 6.84504E-04 
-1.25070E-04 7.09143E-04 
-1.35711E-04 7.34169E-04 
-1.46388E-04 7.53954E-04 
-1.49949E-04 7.59830E-04 
-1.69868E-04 7.88532E-04 
-1.95071E-04 8.18688E-04 
-2.26080E-04 8.50731E-04 
-2.63376E-04 8.85135E-04 
-2.96437E-04 9.37577E-04 
-3.47374E-04 9.76913E-04 
-4.06641E-04 1.02029E-03 
-4.74768E-04 1.06855E-03 
-5.52335E-04 1.12263E-03 
-6.40337E-04 1.18349E-03 
-7.41556E-04 1.25200E-03 
-8.65715E-04 1.32858E-03 
-1.04638E-03 1.41240E-03 
-1.37320E-03 1.50165E-03 
-1.95610E-03 1.60173E-03 
-2.70479E-03 1.73396E-03 
-3.34550E-03 1.91175E-03 
-5.56607E-05 7.09440E-04 
-5.13287E-05 7.37555E-04 
-8.90979E-05 7.90326E-04 
-8.99761E-05 8.19517E-04 
-9.31493E-05 8.48888E-04 
-9.91116E-05 8.78668E-04 
-1.08343E-04 9.09122E-04 
-1.18022E-04 9.33332E-04 
-1.21303E-04 9.40541E-04 
-1.39955E-04 9.75867E-04 
-1.63954E-04 1.01313E-03 
-1.93760E-04 1.05281E-03 
-2.29782E-04 1.09543E-03 
-2.58683E-04 1.15788E-03 
-3.07798E-04 1.20620E-03 
-3.65024E-04 1.25944E-03 
-4.30750E-04 1.31855E-03 
-5.05397E-04 1.38451E-03 
-5.89803E-04 1.45839E-03 
-6.86678E-04 1.54121E-03 
-8.06025E-04 1.63385E-03 
-9.82875E-04 1.73690E-03 
-1.31073E-03 1.85242E-03 
-1.90274E-03 1.99099E-03 
-2.66074E-03 2.17098E-03 
-3.29719E-03 2.39392E-03 
-2.51141E-05 8.73655E-04 
-1.82568E-05 9.06791E-04 
-5.75584E-05 9.76095E-04 
-5.58379E-05 1.01053E-03 
-5.65854E-05 1.04539E-03 
-6.02755E-05 1.08095E-03 
-6.73600E-05 1.11751E-03 
-7.54410E-05 1.14670E-03 
-7.82626E-05 1.15541E-03 
-9.47451E-05 1.19819E-03 
-1.16563E-04 1.24343E-03 
-1.44102E-04 1.29168E-03 
-1.77685E-04 1.34350E-03 
-2.00768E-04 1.41688E-03 
-2.46748E-04 1.47520E-03 
-3.00471E-04 1.53941E-03 
-3.62156E-04 1.61052E-03 
-4.32036E-04 1.68959E-03 
-5.10764E-04 1.77776E-03 
-6.00935E-04 1.87622E-03 
-7.12779E-04 1.98636E-03 
-8.82649E-04 2.11042E-03 
-1.20752E-03 2.25500E-03 
-1.80313E-03 2.43657E-03 
-2.56327E-03 2.66957E-03 
-3.18764E-03 2.94143E-03 
1.76741E-05 1.06976E-03 
2.77061E-05 1.10858E-03 
-1.19507E-05 1.19770E-03 
-6.81778E-06 1.23791E-03 
-4.30715E-06 1.27884E-03 
-4.86202E-06 1.32081E-03 
-8.89460E-06 1.36416E-03 
-1.46418E-05 1.39889E-03 
-1.67817E-05 1.40927E-03 
-2.99913E-05 1.46033E-03 
-4.84380E-05 1.51443E-03 
-7.24204E-05 1.57216E-03 
-1.02161E-04 1.63415E-03 
-1.17474E-04 1.71929E-03 
-1.58763E-04 1.78864E-03 
-2.07251E-04 1.86492E-03 
-2.62960E-04 1.94918E-03 
-3.25902E-04 2.04255E-03 
-3.96509E-04 2.14622E-03 
-4.77224E-04 2.26157E-03 
-5.78426E-04 2.39051E-03 
-7.37614E-04 2.53725E-03 
-1.05474E-03 2.71359E-03 
-1.64727E-03 2.94262E-03 
-2.40101E-03 3.23373E-03 
-3.00426E-03 3.55788E-03 
7.71345E-05 1.30659E-03 
9.11818E-05 1.35190E-03 
5.29620E-05 1.46476E-03 
6.25535E-05 1.51136E-03 
6.93950E-05 1.55903E-03 
7.30874E-05 1.60812E-03 
7.32703E-05 1.65903E-03 
7.08000E-05 1.69992E-03 
6.96255E-05 1.71216E-03 
6.10965E-05 1.77244E-03 
4.75307E-05 1.83641E-03 
2.87331E-05 1.90470E-03 
4.59700E-06 1.97798E-03 
-5.03283E-07 2.07576E-03 
-3.51633E-05 2.15734E-03 
-7.62636E-05 2.24694E-03 
-1.23589E-04 2.34568E-03 
-1.76896E-04 2.45470E-03 
-2.36356E-04 2.57524E-03 
-3.04207E-04 2.70883E-03 
-3.90897E-04 2.85801E-03 
-5.34841E-04 3.02924E-03 
-8.38359E-04 3.24037E-03 
-1.41966E-03 3.52194E-03 
-2.15662E-03 3.87696E-03 
-2.72780E-03 4.25705E-03 
1.55653E-04 1.58211E-03 
1.74572E-04 1.63454E-03 
1.40292E-04 1.77445E-03 
1.55421E-04 1.82778E-03 
1.67712E-04 1.88259E-03 
1.76822E-04 1.93925E-03 
1.82454E-04 1.99819E-03 
1.84264E-04 2.04565E-03 
1.84357E-04 2.05987E-03 
1.82009E-04 2.12998E-03 
1.74932E-04 2.20446E-03 
1.63050E-04 2.28397E-03 
1.46384E-04 2.36925E-03 
1.53959E-04 2.47997E-03 
1.27948E-04 2.57452E-03 
9.64817E-05 2.67823E-03 
6.00410E-05 2.79220E-03 
1.91560E-05 2.91758E-03 
-2.60480E-05 3.05563E-03 
-7.75603E-05 3.20801E-03 
-1.45791E-04 3.37793E-03 
-2.69768E-04 3.57435E-03 
-5.53330E-04 3.82184E-03 
-1.11425E-03 4.15897E-03 
-1.82291E-03 4.58112E-03 
-2.35069E-03 5.01819E-03 
2.59170E-04 1.90526E-03 
2.84029E-04 1.96556E-03 
2.57148E-04 2.13606E-03 
2.79130E-04 2.19649E-03 
2.98236E-04 2.25884E-03 
3.14190E-04 2.32353E-03 
3.26767E-04 2.39103E-03 
3.34071E-04 2.44549E-03 
3.35797E-04 2.46182E-03 
3.41437E-04 2.54241E-03 
3.42781E-04 2.62809E-03 
3.39883E-04 2.71958E-03 
3.32915E-04 2.81763E-03 
3.56116E-04 2.94149E-03 
3.41167E-04 3.04985E-03 
3.22023E-04 3.16849E-03 
2.99461E-04 3.29849E-03 
2.74333E-04 3.44095E-03 
2.47099E-04 3.59711E-03 
2.16071E-04 3.76873E-03 
1.70994E-04 3.95976E-03 
7.25870E-05 4.18194E-03 
-1.83543E-04 4.46733E-03 
-7.13345E-04 4.86318E-03 
-1.38030E-03 5.35575E-03 
-1.85152E-03 5.85055E-03 
3.93927E-04 2.28159E-03 
4.25967E-04 2.35050E-03 
4.11117E-04 2.55477E-03 
4.41444E-04 2.62253E-03 
4.68918E-04 2.69272E-03 
4.93338E-04 2.76580E-03 
5.14564E-04 2.84225E-03 
5.28743E-04 2.90405E-03 
5.32517E-04 2.92260E-03 
5.48198E-04 3.01421E-03 
5.60152E-04 3.11168E-03 
5.68585E-04 3.21575E-03 
5.73840E-04 3.32720E-03 
6.15959E-04 3.46405E-03 
6.14814E-04 3.58687E-03 
6.11044E-04 3.72106E-03 
6.05760E-04 3.86761E-03 
6.00171E-04 4.02752E-03 
5.95102E-04 4.20196E-03 
5.89226E-04 4.39278E-03 
5.72573E-04 4.60470E-03 
5.06034E-04 4.85253E-03 
2.85820E-04 5.17655E-03 
-2.00610E-04 5.63331E-03 
-8.10658E-04 6.19834E-03 
-1.21076E-03 6.75009E-03 
5.67447E-04 2.71650E-03 
6.08093E-04 2.79474E-03 
6.11323E-04 3.03514E-03 
6.51654E-04 3.11033E-03 
6.89224E-04 3.18852E-03 
7.23918E-04 3.27020E-03 
7.55693E-04 3.35588E-03 
7.78288E-04 3.42526E-03 
7.84572E-04 3.44610E-03 
8.12587E-04 3.54911E-03 
8.37598E-04 3.65878E-03 
8.59988E-04 3.77587E-03 
8.80291E-04 3.90114E-03 
9.44955E-04 4.05036E-03 
9.60701E-04 4.18807E-03 
9.75750E-04 4.33811E-03 
9.91577E-04 4.50133E-03 
1.00978E-03 4.67860E-03 
1.03158E-03 4.87092E-03 
1.05606E-03 5.08021E-03 
1.07369E-03 5.31200E-03 
1.04603E-03 5.58444E-03 
8.71251E-04 5.94678E-03 
4.42021E-04 6.46530E-03 
-9.41086E-05 7.10316E-03 
-4.07190E-04 7.70919E-03 
7.89068E-04 3.21566E-03 
8.39959E-04 3.30390E-03 
8.69026E-04 3.58151E-03 
9.21180E-04 3.66409E-03 
9.70744E-04 3.75031E-03 
1.01770E-03 3.84066E-03 
1.06213E-03 3.93569E-03 
1.09484E-03 4.01278E-03 
1.10415E-03 4.03595E-03 
1.14703E-03 4.15058E-03 
1.18782E-03 4.27269E-03 
1.22710E-03 4.40301E-03 
1.26560E-03 4.54228E-03 
1.35680E-03 4.70269E-03 
1.39292E-03 4.85537E-03 
1.43068E-03 5.02115E-03 
1.47195E-03 5.20068E-03 
1.51874E-03 5.39456E-03 
1.57268E-03 5.60362E-03 
1.63334E-03 5.82979E-03 
1.69178E-03 6.07945E-03 
1.71078E-03 6.37435E-03 
1.59207E-03 6.77335E-03 
1.23556E-03 7.35285E-03 
7.92290E-04 8.06186E-03 
5.83523E-04 8.71726E-03 
1.06901E-03 3.78204E-03 
1.13197E-03 3.88087E-03 
1.19647E-03 4.19474E-03 
1.26234E-03 4.28448E-03 
1.32589E-03 4.37855E-03 
1.38722E-03 4.47748E-03 
1.44650E-03 4.58180E-03 
1.49115E-03 4.66657E-03 
1.50402E-03 4.69207E-03 
1.56450E-03 4.81829E-03 
1.62399E-03 4.95278E-03 
1.68331E-03 5.09623E-03 
1.74346E-03 5.24927E-03 
1.86539E-03 5.41899E-03 
1.92574E-03 5.58623E-03 
1.99051E-03 5.76700E-03 
2.06199E-03 5.96168E-03 
2.14261E-03 6.17056E-03 
2.23446E-03 6.39420E-03 
2.33758E-03 6.63448E-03 
2.44382E-03 6.89866E-03 
2.51784E-03 7.21236E-03 
2.46672E-03 7.64456E-03 
2.19984E-03 8.28193E-03 
1.86987E-03 9.05762E-03 
1.78353E-03 9.75463E-03 
1.41930E-03 4.41764E-03 
1.49635E-03 4.52751E-03 
1.60789E-03 4.87396E-03 
1.68941E-03 4.97049E-03 
1.76899E-03 5.07211E-03 
1.84685E-03 5.17933E-03 
1.92331E-03 5.29269E-03 
1.98178E-03 5.38496E-03 
1.99880E-03 5.41273E-03 
2.07975E-03 5.55024E-03 
2.16108E-03 5.69675E-03 
2.24386E-03 5.85282E-03 
2.32938E-03 6.01893E-03 
2.48645E-03 6.19525E-03 
2.57526E-03 6.37594E-03 
2.67178E-03 6.57015E-03 
2.77872E-03 6.77789E-03 
2.89891E-03 6.99905E-03 
3.03490E-03 7.23383E-03 
3.18726E-03 7.48403E-03 
3.34876E-03 7.75785E-03 
3.48671E-03 8.08491E-03 
3.51548E-03 8.54476E-03 
3.35644E-03 9.23421E-03 
3.16156E-03 1.00689E-02 
3.21632E-03 1.07966E-02 
1.85324E-03 5.12171E-03 
1.94658E-03 5.24288E-03 
2.11870E-03 5.61472E-03 
2.21775E-03 5.71756E-03 
2.31536E-03 5.82627E-03 
2.41192E-03 5.94136E-03 
2.50790E-03 6.06331E-03 
2.58215E-03 6.16270E-03 
2.60392E-03 6.19262E-03 
2.70834E-03 6.34080E-03 
2.81481E-03 6.49852E-03 
2.92470E-03 6.66618E-03 
3.03962E-03 6.84401E-03 
3.23631E-03 7.02326E-03 
3.35824E-03 7.21542E-03 
3.49168E-03 7.42047E-03 
3.63975E-03 7.63794E-03 
3.80570E-03 7.86725E-03 
3.99247E-03 8.10818E-03 
4.20117E-03 8.36244E-03 
4.42570E-03 8.63914E-03 
4.63676E-03 8.97210E-03 
4.75829E-03 9.45158E-03 
4.72618E-03 1.01842E-02 
4.68898E-03 1.10666E-02 
4.90351E-03 1.18106E-02 
2.38594E-03 5.89129E-03 
2.49794E-03 6.02383E-03 
2.74601E-03 6.40969E-03 
2.86433E-03 6.51828E-03 
2.98193E-03 6.63354E-03 
3.09932E-03 6.75590E-03 
3.21719E-03 6.88581E-03 
3.30922E-03 6.99173E-03 
3.33634E-03 7.02361E-03 
3.46739E-03 7.18140E-03 
3.60253E-03 7.34900E-03 
3.74345E-03 7.52653E-03 
3.89211E-03 7.71391E-03 
4.13295E-03 7.89133E-03 
4.29309E-03 8.09183E-03 
4.46908E-03 8.30378E-03 
4.66444E-03 8.52614E-03 
4.88274E-03 8.75780E-03 
5.12729E-03 8.99808E-03 
5.39970E-03 9.24854E-03 
5.69520E-03 9.51928E-03 
5.98871E-03 9.84837E-03 
6.21613E-03 1.03368E-02 
6.33066E-03 1.11001E-02 
6.47420E-03 1.20148E-02 
6.86667E-03 1.27573E-02 
3.03264E-03 6.71858E-03 
3.16582E-03 6.86226E-03 
3.50641E-03 7.24600E-03 
3.64557E-03 7.35977E-03 
3.78492E-03 7.48094E-03 
3.92519E-03 7.60984E-03 
4.06728E-03 7.74676E-03 
4.17913E-03 7.85833E-03 
4.21224E-03 7.89189E-03 
4.37317E-03 8.05769E-03 
4.54068E-03 8.23309E-03 
4.71681E-03 8.41785E-03 
4.90388E-03 8.61147E-03 
5.19325E-03 8.78109E-03 
5.39709E-03 8.98535E-03 
5.62167E-03 9.19859E-03 
5.87077E-03 9.41917E-03 
6.14825E-03 9.64539E-03 
6.45768E-03 9.87609E-03 
6.80113E-03 1.01127E-02 
7.17530E-03 1.03664E-02 
7.56028E-03 1.06794E-02 
7.90643E-03 1.11631E-02 
8.18708E-03 1.19409E-02 
8.53378E-03 1.28684E-02 
9.12078E-03 1.35878E-02 
3.80871E-03 7.59158E-03 
3.96574E-03 7.74578E-03 
4.41577E-03 8.10635E-03 
4.57709E-03 8.22475E-03 
4.73982E-03 8.35109E-03 
4.90493E-03 8.48554E-03 
5.07357E-03 8.62817E-03 
5.20731E-03 8.74412E-03 
5.24706E-03 8.77893E-03 
5.44132E-03 8.95034E-03 
5.64515E-03 9.13048E-03 
5.86097E-03 9.31863E-03 
6.09145E-03 9.51377E-03 
6.43346E-03 9.66829E-03 
6.68689E-03 9.86990E-03 
6.96636E-03 1.00769E-02 
7.27587E-03 1.02869E-02 
7.61941E-03 1.04977E-02 
8.00066E-03 1.07076E-02 
8.42212E-03 1.09180E-02 
8.88207E-03 1.11412E-02 
9.36671E-03 1.14235E-02 
9.84353E-03 1.18860E-02 
1.03087E-02 1.26584E-02 
1.08795E-02 1.35750E-02 
1.16751E-02 1.42468E-02 
4.72843E-03 8.49346E-03 
4.91211E-03 8.65701E-03 
5.48759E-03 8.96886E-03 
5.67217E-03 9.09129E-03 
5.85979E-03 9.22187E-03 
6.05168E-03 9.36051E-03 
6.24928E-03 9.50697E-03 
6.40711E-03 9.62541E-03 
6.45421E-03 9.66085E-03 
6.68548E-03 9.83441E-03 
6.92990E-03 1.00149E-02 
7.19025E-03 1.02011E-02 
7.46949E-03 1.03912E-02 
7.86780E-03 1.05220E-02 
8.17698E-03 1.07124E-02 
8.51783E-03 1.09033E-02 
8.89439E-03 1.10916E-02 
9.31059E-03 1.12746E-02 
9.77010E-03 1.14503E-02 
1.02757E-02 1.16200E-02 
1.08274E-02 1.17970E-02 
1.14185E-02 1.20318E-02 
1.20362E-02 1.24540E-02 
1.27024E-02 1.31976E-02 
1.35153E-02 1.40760E-02 
1.45298E-02 1.46732E-02 
5.80353E-03 9.40261E-03 
6.01692E-03 9.57359E-03 
6.73125E-03 9.80772E-03 
6.94013E-03 9.93338E-03 
7.15418E-03 1.00668E-02 
7.37493E-03 1.02077E-02 
7.60412E-03 1.03552E-02 
7.78847E-03 1.04734E-02 
7.84368E-03 1.05086E-02 
8.11602E-03 1.06794E-02 
8.40571E-03 1.08542E-02 
8.71579E-03 1.10310E-02 
9.04944E-03 1.12076E-02 
9.50712E-03 1.13044E-02 
9.87834E-03 1.14729E-02 
1.02869E-02 1.16354E-02 
1.07368E-02 1.17886E-02 
1.12316E-02 1.19292E-02 
1.17748E-02 1.20549E-02 
1.23692E-02 1.21674E-02 
1.30169E-02 1.22811E-02 
1.37191E-02 1.24500E-02 
1.44854E-02 1.28108E-02 
1.53659E-02 1.34996E-02 
1.64349E-02 1.43096E-02 
1.76738E-02 1.48040E-02 
7.04217E-03 1.02935E-02 
7.28867E-03 1.04689E-02 
8.15083E-03 1.05947E-02 
8.38521E-03 1.07223E-02 
8.62752E-03 1.08565E-02 
8.87958E-03 1.09964E-02 
9.14344E-03 1.11409E-02 
9.35709E-03 1.12551E-02 
9.42130E-03 1.12887E-02 
9.73929E-03 1.14499E-02 
1.00794E-02 1.16107E-02 
1.04448E-02 1.17686E-02 
1.08387E-02 1.19207E-02 
1.13581E-02 1.19721E-02 
1.17974E-02 1.21053E-02 
1.22797E-02 1.22250E-02 
1.28083E-02 1.23274E-02 
1.33865E-02 1.24090E-02 
1.40171E-02 1.24676E-02 
1.47031E-02 1.25051E-02 
1.54485E-02 1.25371E-02 
1.62635E-02 1.26209E-02 
1.71827E-02 1.28983E-02 
1.82863E-02 1.35045E-02 
1.96201E-02 1.42147E-02 
2.10832E-02 1.45783E-02 
8.44734E-03 1.11375E-02 
8.73084E-03 1.13128E-02 
9.74351E-03 1.13006E-02 
1.00051E-02 1.14277E-02 
1.02782E-02 1.15591E-02 
1.05647E-02 1.16935E-02 
1.08669E-02 1.18291E-02 
1.11132E-02 1.19337E-02 
1.11874E-02 1.19641E-02 
1.15563E-02 1.21065E-02 
1.19524E-02 1.22427E-02 
1.23789E-02 1.23696E-02 
1.28391E-02 1.24836E-02 
1.34213E-02 1.24771E-02 
1.39345E-02 1.25594E-02 
1.44954E-02 1.26198E-02 
1.51068E-02 1.26541E-02 
1.57712E-02 1.26588E-02 
1.64908E-02 1.26321E-02 
1.72684E-02 1.25765E-02 
1.81101E-02 1.25089E-02 
1.90360E-02 1.24888E-02 
2.01080E-02 1.26610E-02 
2.14383E-02 1.31566E-02 
2.30392E-02 1.37357E-02 
2.47191E-02 1.39427E-02 
1.00188E-02 1.19058E-02 
1.03440E-02 1.20744E-02 
1.15023E-02 1.18980E-02 
1.17940E-02 1.20204E-02 
1.21012E-02 1.21436E-02 
1.24263E-02 1.22655E-02 
1.27717E-02 1.23840E-02 
1.30546E-02 1.24717E-02 
1.31400E-02 1.24965E-02 
1.35656E-02 1.26081E-02 
1.40238E-02 1.27063E-02 
1.45176E-02 1.27873E-02 
1.50497E-02 1.28475E-02 
1.56950E-02 1.27695E-02 
1.62866E-02 1.27836E-02 
1.69297E-02 1.27665E-02 
1.76261E-02 1.27143E-02 
1.83773E-02 1.26240E-02 
1.91845E-02 1.24942E-02 
2.00503E-02 1.23281E-02 
2.09833E-02 1.21441E-02 
2.20140E-02 1.20031E-02 
2.32340E-02 1.20499E-02 
2.47889E-02 1.24083E-02 
2.66522E-02 1.28266E-02 
2.85353E-02 1.28549E-02 
1.17411E-02 1.25653E-02 
1.21135E-02 1.27182E-02 
1.34033E-02 1.23585E-02 
1.37291E-02 1.24697E-02 
1.40752E-02 1.25765E-02 
1.44441E-02 1.26764E-02 
1.48382E-02 1.27667E-02 
1.51620E-02 1.28281E-02 
1.52600E-02 1.28444E-02 
1.57486E-02 1.29107E-02 
1.62748E-02 1.29550E-02 
1.68412E-02 1.29734E-02 
1.74499E-02 1.29621E-02 
1.81567E-02 1.27996E-02 
1.88293E-02 1.27273E-02 
1.95556E-02 1.26148E-02 
2.03360E-02 1.24587E-02 
2.11709E-02 1.22565E-02 
2.20604E-02 1.20078E-02 
2.30069E-02 1.17170E-02 
2.40213E-02 1.14033E-02 
2.51459E-02 1.11284E-02 
2.65032E-02 1.10336E-02 
2.82729E-02 1.12316E-02 
3.03858E-02 1.14643E-02 
3.24502E-02 1.12981E-02 
1.36091E-02 1.30905E-02 
1.40355E-02 1.32155E-02 
1.54348E-02 1.26613E-02 
1.58007E-02 1.27514E-02 
1.61921E-02 1.28305E-02 
1.66114E-02 1.28956E-02 
1.70608E-02 1.29437E-02 
1.74308E-02 1.29671E-02 
1.75427E-02 1.29715E-02 
1.81009E-02 1.29750E-02 
1.87010E-02 1.29473E-02 
1.93450E-02 1.28844E-02 
2.00337E-02 1.27828E-02 
2.07990E-02 1.25227E-02 
2.15532E-02 1.23460E-02 
2.23610E-02 1.21207E-02 
2.32216E-02 1.18445E-02 
2.41338E-02 1.15158E-02 
2.50967E-02 1.11354E-02 
2.61123E-02 1.07088E-02 
2.71944E-02 1.02563E-02 
2.83975E-02 9.83845E-03 
2.98768E-02 9.58988E-03 
3.18465E-02 9.60848E-03 
3.41900E-02 9.63514E-03 
3.64088E-02 9.26478E-03 
1.56065E-02 1.34532E-02 
1.60949E-02 1.35348E-02 
1.75744E-02 1.27847E-02 
1.79880E-02 1.28402E-02 
1.84325E-02 1.28768E-02 
1.89098E-02 1.28913E-02 
1.94219E-02 1.28803E-02 
1.98431E-02 1.28524E-02 
1.99705E-02 1.28407E-02 
2.06043E-02 1.27622E-02 
2.12833E-02 1.26430E-02 
2.20079E-02 1.24797E-02 
2.27781E-02 1.22693E-02 
2.35967E-02 1.19002E-02 
2.44298E-02 1.16027E-02 
2.53141E-02 1.12500E-02 
2.62470E-02 1.08409E-02 
2.72259E-02 1.03751E-02 
2.82488E-02 9.85488E-03 
2.93175E-02 9.28705E-03 
3.04489E-02 8.69225E-03 
3.17105E-02 8.12879E-03 
3.32916E-02 7.72028E-03 
3.54404E-02 7.54622E-03 
3.79893E-02 7.35299E-03 
4.03301E-02 6.77665E-03 
1.77199E-02 1.36267E-02 
1.82792E-02 1.36463E-02 
1.98042E-02 1.27083E-02 
2.02749E-02 1.27120E-02 
2.07813E-02 1.26881E-02 
2.13248E-02 1.26333E-02 
2.19068E-02 1.25444E-02 
2.23840E-02 1.24503E-02 
2.25281E-02 1.24183E-02 
2.32426E-02 1.22377E-02 
2.40034E-02 1.20075E-02 
2.48095E-02 1.17254E-02 
2.56596E-02 1.13894E-02 
2.65241E-02 1.09024E-02 
2.74298E-02 1.04711E-02 
2.83812E-02 9.98034E-03 
2.93743E-02 9.43025E-03 
3.04050E-02 8.82233E-03 
3.14702E-02 8.16017E-03 
3.25717E-02 7.45190E-03 
3.37300E-02 6.71812E-03 
3.50264E-02 6.01287E-03 
3.66849E-02 5.44466E-03 
3.89873E-02 5.07097E-03 
4.17115E-02 4.65096E-03 
4.41382E-02 3.87467E-03 
1.99395E-02 1.35832E-02 
2.05790E-02 1.35194E-02 
2.21118E-02 1.24099E-02 
2.26498E-02 1.23416E-02 
2.32271E-02 1.22368E-02 
2.38447E-02 1.20924E-02 
2.45028E-02 1.19056E-02 
2.50399E-02 1.17304E-02 
2.52015E-02 1.16740E-02 
2.59995E-02 1.13716E-02 
2.68422E-02 1.10128E-02 
2.77275E-02 1.05960E-02 
2.86522E-02 1.01209E-02 
2.95523E-02 9.51072E-03 
3.05200E-02 8.93741E-03 
3.15250E-02 8.30333E-03 
3.25618E-02 7.61036E-03 
3.36250E-02 6.86166E-03 
3.47106E-02 6.06233E-03 
3.58209E-02 5.22154E-03 
3.69802E-02 4.35914E-03 
3.82845E-02 3.52290E-03 
3.99927E-02 2.80188E-03 
4.24196E-02 2.22818E-03 
4.52853E-02 1.58164E-03 
4.77594E-02 6.19024E-04 
2.22605E-02 1.32926E-02 
2.29891E-02 1.31224E-02 
2.44918E-02 1.18643E-02 
2.51066E-02 1.17020E-02 
2.57632E-02 1.14948E-02 
2.64611E-02 1.12403E-02 
2.71997E-02 1.09364E-02 
2.77983E-02 1.06663E-02 
2.79777E-02 1.05815E-02 
2.88585E-02 1.01405E-02 
2.97797E-02 9.63853E-03 
3.07375E-02 9.07564E-03 
3.17272E-02 8.45292E-03 
3.26497E-02 7.71905E-03 
3.36642E-02 7.00171E-03 
3.47047E-02 6.22583E-03 
3.57644E-02 5.39507E-03 
3.68367E-02 4.51424E-03 
3.79173E-02 3.58984E-03 
3.90091E-02 2.63169E-03 
4.01410E-02 1.65814E-03 
4.14237E-02 7.08502E-04 
4.31521E-02 -1.51996E-04 
4.56717E-02 -9.19530E-04 
4.86426E-02 -1.78526E-03 
5.11245E-02 -2.91361E-03 
2.46839E-02 1.27216E-02 
2.55087E-02 1.24223E-02 
2.69448E-02 1.10430E-02 
2.76447E-02 1.07647E-02 
2.83863E-02 1.04347E-02 
2.91680E-02 1.00513E-02 
2.99879E-02 9.61364E-03 
3.06469E-02 9.23745E-03 
3.08435E-02 9.12127E-03 
3.18021E-02 8.52932E-03 
3.27936E-02 7.87508E-03 
3.38124E-02 7.16047E-03 
3.48525E-02 6.38829E-03 
3.57809E-02 5.53585E-03 
3.68223E-02 4.67972E-03 
3.78759E-02 3.77103E-03 
3.89336E-02 2.81511E-03 
3.99884E-02 1.81831E-03 
4.10355E-02 7.88238E-04 
4.20794E-02 -2.65071E-04 
4.31536E-02 -1.32575E-03 
4.43844E-02 -2.36504E-03 
4.61019E-02 -3.34572E-03 
4.86809E-02 -4.29458E-03 
5.17191E-02 -5.36539E-03 
5.41696E-02 -6.63280E-03 
2.72170E-02 1.18347E-02 
2.81420E-02 1.13853E-02 
2.94784E-02 9.91501E-03 
3.02680E-02 9.50100E-03 
3.10966E-02 9.03064E-03 
3.19614E-02 8.50362E-03 
3.28590E-02 7.92023E-03 
3.35735E-02 7.43073E-03 
3.37855E-02 7.28143E-03 
3.48116E-02 6.53244E-03 
3.58598E-02 5.72382E-03 
3.69230E-02 4.85929E-03 
3.79939E-02 3.94340E-03 
3.89082E-02 2.98376E-03 
3.99525E-02 2.00185E-03 
4.09928E-02 9.76982E-04 
4.20206E-02 -8.39811E-05 
4.30283E-02 -1.17348E-03 
4.40117E-02 -2.28316E-03 
4.49768E-02 -3.40331E-03 
4.59625E-02 -4.52153E-03 
4.71109E-02 -5.62167E-03 
4.87865E-02 -6.69818E-03 
5.13906E-02 -7.81009E-03 
5.44579E-02 -9.06570E-03 
5.68390E-02 -1.04406E-02 
2.98564E-02 1.06029E-02 
3.08807E-02 9.98806E-03 
3.20886E-02 8.45827E-03 
3.29673E-02 7.89419E-03 
3.38794E-02 7.27221E-03 
3.48207E-02 6.59343E-03 
3.57865E-02 5.85959E-03 
3.65473E-02 5.25550E-03 
3.67716E-02 5.07311E-03 
3.78489E-02 4.16969E-03 
3.89344E-02 3.21338E-03 
4.00200E-02 2.20961E-03 
4.10973E-02 1.16455E-03 
4.19749E-02 1.15999E-04 
4.29942E-02 -9.70559E-04 
4.39922E-02 -2.08722E-03 
4.49600E-02 -3.22598E-03 
4.58901E-02 -4.37841E-03 
4.67793E-02 -5.53589E-03 
4.76354E-02 -6.68964E-03 
4.85032E-02 -7.83161E-03 
4.95402E-02 -8.96004E-03 
5.11440E-02 -1.01038E-02 
5.37391E-02 -1.13547E-02 
5.67976E-02 -1.27686E-02 
5.90740E-02 -1.42156E-02 
3.26454E-02 8.97736E-03 
3.37632E-02 8.18601E-03 
3.48163E-02 6.62808E-03 
3.57786E-02 5.90441E-03 
3.67654E-02 5.12482E-03 
3.77714E-02 4.29192E-03 
3.87907E-02 3.40893E-03 
3.95846E-02 2.69381E-03 
3.98170E-02 2.47978E-03 
4.09237E-02 1.43140E-03 
4.20221E-02 3.40953E-04 
4.31034E-02 -7.84599E-04 
4.41585E-02 -1.93774E-03 
4.49734E-02 -3.05179E-03 
4.59370E-02 -4.21605E-03 
4.68610E-02 -5.39483E-03 
4.77367E-02 -6.57932E-03 
4.85574E-02 -7.76073E-03 
4.93209E-02 -8.93065E-03 
5.00377E-02 -1.00818E-02 
5.07585E-02 -1.12115E-02 
5.16558E-02 -1.23338E-02 
5.31585E-02 -1.35144E-02 
5.57111E-02 -1.48776E-02 
5.87234E-02 -1.64205E-02 
6.08616E-02 -1.79030E-02 
3.55663E-02 6.94480E-03 
3.67641E-02 5.97586E-03 
3.76405E-02 4.42167E-03 
3.86730E-02 3.53865E-03 
3.97185E-02 2.60544E-03 
4.07704E-02 1.62612E-03 
4.18218E-02 6.05360E-04 
4.26305E-02 -2.09581E-04 
4.28656E-02 -4.51584E-04 
4.39741E-02 -1.62514E-03 
4.50559E-02 -2.82632E-03 
4.61018E-02 -4.04697E-03 
4.71030E-02 -5.27863E-03 
4.78279E-02 -6.42859E-03 
4.87036E-02 -7.63693E-03 
4.95217E-02 -8.84238E-03 
5.02741E-02 -1.00358E-02 
5.09552E-02 -1.12086E-02 
5.15644E-02 -1.23529E-02 
5.21151E-02 -1.34638E-02 
5.26636E-02 -1.45443E-02 
5.33972E-02 -1.56254E-02 
5.47728E-02 -1.68104E-02 
5.72506E-02 -1.82549E-02 
6.01811E-02 -1.98925E-02 
6.21524E-02 -2.13729E-02 
3.86264E-02 4.48643E-03 
3.98838E-02 3.34784E-03 
4.05640E-02 1.82915E-03 
4.16467E-02 7.95889E-04 
4.27282E-02 -2.78210E-04 
4.38011E-02 -1.38767E-03 
4.48578E-02 -2.52658E-03 
4.56594E-02 -3.42399E-03 
4.58906E-02 -3.68855E-03 
4.69687E-02 -4.95953E-03 
4.80007E-02 -6.24074E-03 
4.89776E-02 -7.52327E-03 
4.98908E-02 -8.79816E-03 
5.04975E-02 -9.95045E-03 
5.12530E-02 -1.11653E-02 
5.19337E-02 -1.23590E-02 
5.25327E-02 -1.35225E-02 
5.30460E-02 -1.46477E-02 
5.34748E-02 -1.57282E-02 
5.38355E-02 -1.67614E-02 
5.41904E-02 -1.77568E-02 
5.47396E-02 -1.87629E-02 
5.59649E-02 -1.99201E-02 
5.83375E-02 -2.14130E-02 
6.11525E-02 -2.31095E-02 
6.29321E-02 -2.45511E-02 
4.18141E-02 1.60305E-03 
4.31037E-02 3.12701E-04 
4.35701E-02 -1.13859E-03 
4.46763E-02 -2.30355E-03 
4.57652E-02 -3.49668E-03 
4.68288E-02 -4.71135E-03 
4.78592E-02 -5.94069E-03 
4.86287E-02 -6.89739E-03 
4.88486E-02 -7.17748E-03 
4.98608E-02 -8.51091E-03 
5.08073E-02 -9.83513E-03 
5.16799E-02 -1.11410E-02 
5.24708E-02 -1.24194E-02 
5.29316E-02 -1.35378E-02 
5.35356E-02 -1.47194E-02 
5.40494E-02 -1.58614E-02 
5.44679E-02 -1.69556E-02 
5.47885E-02 -1.79950E-02 
5.50148E-02 -1.89747E-02 
5.51663E-02 -1.98951E-02 
5.53106E-02 -2.07724E-02 
5.56594E-02 -2.16721E-02 
5.67148E-02 -2.27706E-02 
5.89543E-02 -2.42782E-02 
6.16230E-02 -2.59967E-02 
6.31911E-02 -2.73652E-02 
4.51035E-02 -1.68572E-03 
4.63915E-02 -3.10025E-03 
4.66283E-02 -4.45224E-03 
4.77255E-02 -5.72138E-03 
4.87882E-02 -7.00336E-03 
4.98081E-02 -8.29070E-03 
5.07774E-02 -9.57589E-03 
5.14879E-02 -1.05640E-02 
5.16886E-02 -1.08512E-02 
5.25976E-02 -1.22066E-02 
5.34223E-02 -1.35323E-02 
5.41555E-02 -1.48194E-02 
5.47908E-02 -1.60594E-02 
5.50796E-02 -1.71066E-02 
5.55035E-02 -1.82147E-02 
5.58244E-02 -1.92659E-02 
5.60389E-02 -2.02532E-02 
5.61466E-02 -2.11708E-02 
5.61534E-02 -2.20158E-02 
5.60816E-02 -2.27919E-02 
5.60037E-02 -2.35220E-02 
5.61413E-02 -2.42879E-02 
5.70115E-02 -2.52994E-02 
5.90932E-02 -2.67885E-02 
6.15883E-02 -2.84926E-02 
6.29303E-02 -2.97574E-02 
4.84532E-02 -5.33953E-03 
4.97011E-02 -6.84200E-03 
4.96938E-02 -8.06306E-03 
5.07454E-02 -9.40121E-03 
5.17449E-02 -1.07350E-02 
5.26843E-02 -1.20564E-02 
5.35560E-02 -1.33577E-02 
5.41797E-02 -1.43459E-02 
5.43532E-02 -1.46311E-02 
5.51219E-02 -1.59644E-02 
5.57895E-02 -1.72477E-02 
5.63502E-02 -1.84728E-02 
5.67991E-02 -1.96321E-02 
5.68930E-02 -2.05718E-02 
5.71123E-02 -2.15678E-02 
5.72189E-02 -2.24916E-02 
5.72112E-02 -2.33374E-02 
5.70912E-02 -2.41012E-02 
5.68669E-02 -2.47824E-02 
5.65636E-02 -2.53878E-02 
5.62579E-02 -2.59468E-02 
5.61787E-02 -2.65565E-02 
5.68531E-02 -2.74562E-02 
5.87561E-02 -2.88952E-02 
6.10548E-02 -3.05504E-02 
6.21617E-02 -3.16857E-02 
5.17749E-02 -9.25793E-03 
5.29416E-02 -1.08050E-02 
5.26803E-02 -1.18661E-02 
5.36484E-02 -1.32321E-02 
5.45475E-02 -1.45758E-02 
5.53700E-02 -1.58890E-02 
5.61094E-02 -1.71641E-02 
5.66205E-02 -1.81199E-02 
5.67595E-02 -1.83938E-02 
5.73546E-02 -1.96607E-02 
5.78346E-02 -2.08586E-02 
5.81952E-02 -2.19804E-02 
5.84337E-02 -2.30199E-02 
5.83161E-02 -2.38199E-02 
5.83136E-02 -2.46704E-02 
5.81922E-02 -2.54359E-02 
5.79525E-02 -2.61123E-02 
5.75982E-02 -2.66976E-02 
5.71400E-02 -2.71934E-02 
5.66054E-02 -2.76098E-02 
5.60744E-02 -2.79819E-02 
5.57805E-02 -2.84202E-02 
5.62553E-02 -2.91890E-02 
5.79652E-02 -3.05503E-02 
6.00516E-02 -3.21262E-02 
6.09228E-02 -3.31131E-02 
5.50649E-02 -1.34384E-02 
5.61070E-02 -1.49828E-02 
5.55792E-02 -1.58537E-02 
5.64239E-02 -1.72034E-02 
5.71837E-02 -1.85125E-02 
5.78523E-02 -1.97734E-02 
5.84240E-02 -2.09788E-02 
5.87968E-02 -2.18691E-02 
5.88940E-02 -2.21220E-02 
5.92826E-02 -2.32780E-02 
5.95450E-02 -2.43480E-02 
5.96792E-02 -2.53263E-02 
5.96844E-02 -2.62083E-02 
5.93399E-02 -2.68379E-02 
5.91004E-02 -2.75115E-02 
5.87392E-02 -2.80904E-02 
5.82591E-02 -2.85723E-02 
5.76661E-02 -2.89572E-02 
5.69727E-02 -2.92490E-02 
5.62087E-02 -2.94607E-02 
5.54563E-02 -2.96330E-02 
5.49513E-02 -2.98875E-02 
5.52240E-02 -3.05091E-02 
5.67275E-02 -3.17672E-02 
5.85870E-02 -3.32362E-02 
5.92226E-02 -3.40589E-02 
5.81997E-02 -1.77303E-02 
5.90762E-02 -1.92224E-02 
5.82762E-02 -1.98780E-02 
5.89606E-02 -2.11659E-02 
5.95467E-02 -2.23960E-02 
6.00292E-02 -2.35613E-02 
6.04038E-02 -2.46554E-02 
6.06176E-02 -2.54495E-02 
6.06673E-02 -2.56727E-02 
6.08244E-02 -2.66778E-02 
6.08481E-02 -2.75828E-02 
6.07386E-02 -2.83838E-02 
6.04971E-02 -2.90781E-02 
5.99192E-02 -2.95141E-02 
5.94371E-02 -2.99880E-02 
5.88344E-02 -3.03608E-02 
5.81158E-02 -3.06323E-02 
5.72891E-02 -3.08045E-02 
5.63689E-02 -3.08834E-02 
5.53865E-02 -3.08847E-02 
5.44254E-02 -3.08536E-02 
5.37209E-02 -3.09206E-02 
5.37966E-02 -3.13858E-02 
5.50884E-02 -3.25213E-02 
5.67151E-02 -3.38622E-02 
5.71241E-02 -3.45132E-02 
6.11110E-02 -2.20456E-02 
6.17839E-02 -2.34361E-02 
6.07087E-02 -2.38548E-02 
6.11995E-02 -2.50365E-02 
6.15811E-02 -2.61451E-02 
6.18498E-02 -2.71743E-02 
6.20028E-02 -2.81191E-02 
6.20407E-02 -2.87893E-02 
6.20384E-02 -2.89749E-02 
6.19448E-02 -2.97940E-02 
6.17147E-02 -3.05024E-02 
6.13503E-02 -3.10981E-02 
6.08551E-02 -3.15804E-02 
6.00429E-02 -3.18056E-02 
5.93187E-02 -3.20633E-02 
5.84783E-02 -3.22172E-02 
5.75284E-02 -3.22690E-02 
5.64786E-02 -3.22225E-02 
5.53447E-02 -3.20858E-02 
5.41594E-02 -3.18769E-02 
5.30063E-02 -3.16445E-02 
5.21178E-02 -3.15257E-02 
5.20055E-02 -3.18301E-02 
5.30848E-02 -3.28286E-02 
5.44777E-02 -3.40254E-02 
5.46731E-02 -3.45027E-02 
6.37175E-02 -2.62742E-02 
6.41540E-02 -2.75170E-02 
6.28055E-02 -2.76820E-02 
6.30747E-02 -2.87169E-02 
6.32272E-02 -2.96656E-02 
6.32606E-02 -3.05232E-02 
6.31739E-02 -3.12859E-02 
6.30245E-02 -3.18089E-02 
6.29672E-02 -3.19506E-02 
6.26112E-02 -3.25553E-02 
6.21197E-02 -3.30426E-02 
6.14969E-02 -3.34125E-02 
6.07481E-02 -3.36661E-02 
5.97072E-02 -3.36703E-02 
5.87480E-02 -3.37029E-02 
5.76804E-02 -3.36325E-02 
5.65126E-02 -3.34625E-02 
5.52557E-02 -3.31985E-02 
5.39267E-02 -3.28504E-02 
5.25588E-02 -3.24380E-02 
5.12347E-02 -3.20125E-02 
5.01816E-02 -3.17152E-02 
4.98946E-02 -3.18600E-02 
5.07657E-02 -3.27125E-02 
5.19292E-02 -3.37552E-02 
5.19281E-02 -3.40624E-02 
6.59520E-02 -3.03222E-02 
6.61253E-02 -3.13756E-02 
6.45093E-02 -3.12753E-02 
6.45350E-02 -3.21274E-02 
6.44396E-02 -3.28831E-02 
6.42227E-02 -3.35390E-02 
6.38849E-02 -3.40929E-02 
6.35416E-02 -3.44503E-02 
6.34278E-02 -3.45431E-02 
6.28047E-02 -3.49121E-02 
6.20509E-02 -3.51608E-02 
6.11726E-02 -3.52913E-02 
6.01770E-02 -3.53067E-02 
5.89182E-02 -3.50862E-02 
5.77368E-02 -3.48915E-02 
5.64575E-02 -3.45978E-02 
5.50900E-02 -3.42102E-02 
5.36464E-02 -3.37358E-02 
5.21444E-02 -3.31859E-02 
5.06173E-02 -3.25819E-02 
4.91462E-02 -3.19762E-02 
4.79505E-02 -3.15119E-02 
4.75051E-02 -3.15026E-02 
4.81763E-02 -3.22051E-02 
4.91193E-02 -3.30891E-02 
4.89417E-02 -3.32342E-02 
6.77470E-02 -3.40873E-02 
6.76380E-02 -3.49162E-02 
6.57657E-02 -3.45453E-02 
6.55333E-02 -3.51851E-02 
6.51792E-02 -3.57217E-02 
6.47044E-02 -3.61532E-02 
6.41114E-02 -3.64788E-02 
6.35734E-02 -3.66581E-02 
6.34033E-02 -3.66987E-02 
6.25161E-02 -3.68186E-02 
6.15068E-02 -3.68196E-02 
6.03832E-02 -3.67053E-02 
5.91539E-02 -3.64807E-02 
5.76939E-02 -3.60387E-02 
5.63086E-02 -3.56215E-02 
5.48384E-02 -3.51123E-02 
5.32939E-02 -3.45176E-02 
5.16880E-02 -3.38459E-02 
5.00388E-02 -3.31093E-02 
4.83790E-02 -3.23302E-02 
4.67871E-02 -3.15618E-02 
4.54734E-02 -3.09464E-02 
4.48889E-02 -3.07929E-02 
4.53727E-02 -3.13465E-02 
4.61083E-02 -3.20723E-02 
4.57766E-02 -3.20676E-02 
6.90511E-02 -3.74840E-02 
6.86487E-02 -3.80608E-02 
6.65361E-02 -3.74201E-02 
6.60386E-02 -3.78254E-02 
6.54220E-02 -3.81240E-02 
6.46892E-02 -3.83158E-02 
6.38439E-02 -3.84014E-02 
6.31159E-02 -3.83958E-02 
6.28912E-02 -3.83825E-02 
6.17499E-02 -3.82480E-02 
6.04985E-02 -3.79996E-02 
5.91458E-02 -3.76426E-02 
5.77018E-02 -3.71833E-02 
5.60616E-02 -3.65291E-02 
5.44954E-02 -3.59003E-02 
5.28589E-02 -3.51890E-02 
5.11634E-02 -3.44031E-02 
4.94225E-02 -3.35517E-02 
4.76540E-02 -3.26479E-02 
4.58898E-02 -3.17143E-02 
4.42050E-02 -3.08038E-02 
4.27989E-02 -3.00561E-02 
4.20964E-02 -2.97718E-02 
4.24085E-02 -3.01819E-02 
4.29533E-02 -3.07548E-02 
4.24914E-02 -3.06156E-02 
6.98274E-02 -4.04425E-02 
6.91284E-02 -4.07476E-02 
6.67957E-02 -3.98435E-02 
6.60332E-02 -3.99996E-02 
6.51576E-02 -4.00491E-02 
6.41732E-02 -3.99932E-02 
6.30854E-02 -3.98342E-02 
6.21766E-02 -3.96423E-02 
6.19003E-02 -3.95752E-02 
6.05213E-02 -3.91885E-02 
5.90467E-02 -3.86961E-02 
5.74864E-02 -3.81049E-02 
5.58511E-02 -3.74224E-02 
5.40555E-02 -3.65706E-02 
5.23345E-02 -3.57463E-02 
5.05592E-02 -3.48512E-02 
4.87412E-02 -3.38939E-02 
4.68942E-02 -3.28843E-02 
4.50356E-02 -3.18357E-02 
4.31961E-02 -3.07707E-02 
4.14465E-02 -2.97411E-02 
3.99743E-02 -2.88823E-02 
3.91759E-02 -2.84829E-02 
3.93344E-02 -2.87585E-02 
3.97071E-02 -2.91873E-02 
3.91393E-02 -2.89312E-02 
7.00525E-02 -4.29023E-02 
6.90621E-02 -4.29246E-02 
6.65336E-02 -4.17697E-02 
6.55137E-02 -4.16700E-02 
6.43896E-02 -4.14669E-02 
6.31671E-02 -4.11633E-02 
6.18527E-02 -4.07626E-02 
6.07771E-02 -4.03888E-02 
6.04535E-02 -4.02694E-02 
5.88589E-02 -3.96398E-02 
5.71852E-02 -3.89158E-02 
5.54433E-02 -3.81054E-02 
5.36444E-02 -3.72171E-02 
5.17209E-02 -3.61870E-02 
4.98741E-02 -3.51880E-02 
4.79896E-02 -3.41314E-02 
4.60791E-02 -3.30262E-02 
4.41560E-02 -3.18828E-02 
4.22371E-02 -3.07144E-02 
4.03513E-02 -2.95431E-02 
3.85649E-02 -2.84189E-02 
3.70526E-02 -2.74714E-02 
3.61810E-02 -2.69749E-02 
3.62055E-02 -2.71279E-02 
3.64268E-02 -2.74247E-02 
3.57774E-02 -2.70705E-02 
6.97186E-02 -4.48298E-02 
6.84480E-02 -4.45659E-02 
6.57509E-02 -4.31767E-02 
6.44868E-02 -4.28211E-02 
6.31301E-02 -4.23686E-02 
6.16877E-02 -4.18231E-02 
6.01670E-02 -4.11896E-02 
5.89417E-02 -4.06424E-02 
5.85761E-02 -4.04735E-02 
5.67918E-02 -3.96159E-02 
5.49467E-02 -3.86776E-02 
5.30520E-02 -3.76675E-02 
5.11190E-02 -3.65946E-02 
4.90969E-02 -3.54087E-02 
4.71544E-02 -3.42585E-02 
4.51910E-02 -3.30650E-02 
4.32183E-02 -3.18373E-02 
4.12489E-02 -3.05859E-02 
3.92989E-02 -2.93236E-02 
3.73950E-02 -2.80718E-02 
3.55987E-02 -2.68778E-02 
3.40711E-02 -2.58645E-02 
3.31486E-02 -2.52893E-02 
3.30592E-02 -2.53335E-02 
3.31499E-02 -2.55120E-02 
3.24420E-02 -2.50789E-02 
6.88401E-02 -4.61859E-02 
6.73099E-02 -4.56426E-02 
6.44752E-02 -4.40424E-02 
6.29882E-02 -4.34405E-02 
6.14222E-02 -4.27506E-02 
5.97849E-02 -4.19779E-02 
5.80846E-02 -4.11283E-02 
5.67311E-02 -4.04221E-02 
5.63298E-02 -4.02081E-02 
5.43869E-02 -3.91448E-02 
5.24023E-02 -3.80163E-02 
5.03872E-02 -3.68318E-02 
4.83528E-02 -3.56008E-02 
4.62628E-02 -3.42856E-02 
4.42560E-02 -3.30116E-02 
4.22447E-02 -3.17088E-02 
4.02399E-02 -3.03865E-02 
3.82536E-02 -2.90546E-02 
3.63005E-02 -2.77257E-02 
3.44053E-02 -2.64197E-02 
3.26242E-02 -2.51811E-02 
3.11045E-02 -2.41250E-02 
3.01527E-02 -2.34908E-02 
2.99705E-02 -2.34420E-02 
2.99528E-02 -2.35182E-02 
2.92084E-02 -2.30258E-02 
6.74190E-02 -4.69839E-02 
6.56510E-02 -4.61704E-02 
6.27090E-02 -4.43823E-02 
6.10214E-02 -4.35454E-02 
5.92700E-02 -4.26320E-02 
5.74634E-02 -4.16482E-02 
5.56102E-02 -4.06005E-02 
5.41500E-02 -3.97506E-02 
5.37194E-02 -3.94961E-02 
5.16488E-02 -3.82500E-02 
4.95561E-02 -3.69557E-02 
4.74523E-02 -3.56224E-02 
4.53479E-02 -3.42597E-02 
4.32198E-02 -3.28413E-02 
4.11789E-02 -3.14700E-02 
3.91491E-02 -3.00848E-02 
3.71409E-02 -2.86944E-02 
3.51653E-02 -2.73085E-02 
3.32356E-02 -2.59386E-02 
3.13739E-02 -2.46032E-02 
2.96312E-02 -2.33435E-02 
2.81411E-02 -2.22660E-02 
2.71797E-02 -2.15910E-02 
2.69236E-02 -2.14640E-02 
2.68169E-02 -2.14528E-02 
2.60556E-02 -2.09190E-02 
6.54886E-02 -4.72121E-02 
6.35117E-02 -4.61467E-02 
6.04954E-02 -4.41987E-02 
5.86354E-02 -4.31461E-02 
5.67282E-02 -4.20303E-02 
5.47826E-02 -4.08581E-02 
5.28077E-02 -3.96366E-02 
5.12650E-02 -3.86624E-02 
5.08122E-02 -3.83733E-02 
4.86479E-02 -3.69728E-02 
4.64809E-02 -3.55416E-02 
4.43215E-02 -3.40890E-02 
4.21798E-02 -3.26241E-02 
4.00435E-02 -3.11307E-02 
3.79983E-02 -2.96907E-02 
3.59789E-02 -2.82511E-02 
3.39948E-02 -2.68201E-02 
3.20558E-02 -2.54066E-02 
3.01737E-02 -2.40212E-02 
2.83682E-02 -2.26806E-02 
2.66848E-02 -2.14225E-02 
2.52433E-02 -2.03442E-02 
2.42905E-02 -1.96462E-02 
2.39793E-02 -1.94569E-02 
2.38032E-02 -1.93741E-02 
2.30427E-02 -1.88161E-02 
6.30837E-02 -4.68848E-02 
6.09307E-02 -4.55912E-02 
5.78736E-02 -4.35134E-02 
5.58726E-02 -4.22691E-02 
5.38415E-02 -4.09762E-02 
5.17895E-02 -3.96422E-02 
4.97254E-02 -3.82744E-02 
4.81255E-02 -3.71976E-02 
4.76578E-02 -3.68802E-02 
4.54344E-02 -3.53560E-02 
4.32270E-02 -3.38189E-02 
4.10452E-02 -3.22778E-02 
3.88979E-02 -3.07409E-02 
3.67821E-02 -2.92010E-02 
3.47610E-02 -2.77206E-02 
3.27789E-02 -2.62541E-02 
3.08443E-02 -2.48090E-02 
2.89655E-02 -2.33933E-02 
2.71529E-02 -2.20163E-02 
2.54235E-02 -2.06930E-02 
2.38175E-02 -1.94573E-02 
2.24413E-02 -1.83970E-02 
2.15132E-02 -1.76928E-02 
2.11641E-02 -1.74561E-02 
2.09365E-02 -1.73168E-02 
2.01924E-02 -1.67503E-02 
6.02449E-02 -4.60248E-02 
5.79518E-02 -4.45317E-02 
5.48874E-02 -4.23560E-02 
5.27791E-02 -4.09479E-02 
5.06582E-02 -3.95069E-02 
4.85336E-02 -3.80406E-02 
4.64138E-02 -3.65564E-02 
4.47821E-02 -3.54002E-02 
4.43070E-02 -3.50614E-02 
4.20591E-02 -3.34458E-02 
3.98448E-02 -3.18347E-02 
3.76726E-02 -3.02362E-02 
3.55501E-02 -2.86578E-02 
3.34818E-02 -2.70994E-02 
3.15112E-02 -2.56062E-02 
2.95912E-02 -2.41392E-02 
2.77289E-02 -2.27052E-02 
2.59314E-02 -2.13109E-02 
2.42073E-02 -1.99643E-02 
2.25712E-02 -1.86787E-02 
2.10579E-02 -1.74838E-02 
1.97609E-02 -1.64584E-02 
1.88714E-02 -1.57629E-02 
1.85000E-02 -1.54931E-02 
1.82372E-02 -1.53117E-02 
1.75225E-02 -1.47506E-02 
5.70181E-02 -4.46630E-02 
5.46232E-02 -4.30032E-02 
5.15849E-02 -4.07628E-02 
4.94048E-02 -3.92221E-02 
4.72291E-02 -3.76647E-02 
4.50664E-02 -3.60979E-02 
4.29246E-02 -3.45289E-02 
4.12866E-02 -3.33177E-02 
4.08114E-02 -3.29645E-02 
3.85729E-02 -3.12907E-02 
3.63840E-02 -2.96378E-02 
3.42518E-02 -2.80130E-02 
3.21828E-02 -2.64228E-02 
3.01868E-02 -2.48728E-02 
2.82909E-02 -2.33931E-02 
2.64551E-02 -2.19504E-02 
2.46853E-02 -2.05506E-02 
2.29872E-02 -1.91992E-02 
2.13677E-02 -1.79029E-02 
1.98389E-02 -1.66729E-02 
1.84308E-02 -1.55352E-02 
1.72243E-02 -1.45591E-02 
1.63850E-02 -1.38856E-02 
1.60048E-02 -1.35955E-02 
1.57212E-02 -1.33852E-02 
1.50467E-02 -1.28416E-02 
5.34529E-02 -4.28372E-02 
5.09961E-02 -4.10470E-02 
4.80167E-02 -3.87757E-02 
4.58011E-02 -3.71363E-02 
4.36061E-02 -3.54960E-02 
4.14399E-02 -3.38620E-02 
3.93094E-02 -3.22408E-02 
3.76899E-02 -3.09993E-02 
3.72216E-02 -3.06388E-02 
3.50251E-02 -2.89399E-02 
3.28922E-02 -2.72770E-02 
3.08285E-02 -2.56562E-02 
2.88391E-02 -2.40828E-02 
2.69380E-02 -2.25665E-02 
2.51380E-02 -2.11247E-02 
2.34057E-02 -1.97291E-02 
2.17456E-02 -1.83844E-02 
2.01620E-02 -1.70950E-02 
1.86602E-02 -1.58662E-02 
1.72500E-02 -1.47072E-02 
1.59565E-02 -1.36403E-02 
1.48490E-02 -1.27256E-02 
1.40690E-02 -1.20854E-02 
1.36919E-02 -1.17866E-02 
1.33999E-02 -1.15592E-02 
1.27740E-02 -1.10431E-02 
4.96035E-02 -4.05925E-02 
4.71258E-02 -3.87106E-02 
4.42371E-02 -3.64427E-02 
4.20225E-02 -3.47400E-02 
3.98436E-02 -3.30517E-02 
3.77075E-02 -3.13843E-02 
3.56206E-02 -2.97439E-02 
3.40432E-02 -2.84966E-02 
3.35885E-02 -2.81359E-02 
3.14647E-02 -2.64443E-02 
2.94160E-02 -2.48021E-02 
2.74467E-02 -2.32139E-02 
2.55605E-02 -2.16839E-02 
2.37737E-02 -2.02248E-02 
2.20881E-02 -1.88430E-02 
2.04754E-02 -1.75147E-02 
1.89391E-02 -1.62433E-02 
1.74820E-02 -1.50323E-02 
1.61078E-02 -1.38854E-02 
1.48242E-02 -1.28101E-02 
1.36518E-02 -1.18249E-02 
1.26491E-02 -1.09811E-02 
1.19355E-02 -1.03834E-02 
1.15713E-02 -1.00861E-02 
1.12815E-02 -9.85197E-03 
1.07104E-02 -9.37148E-03 
4.55275E-02 -3.79800E-02 
4.30699E-02 -3.60471E-02 
4.03021E-02 -3.38163E-02 
3.81246E-02 -3.20867E-02 
3.59960E-02 -3.03856E-02 
3.39226E-02 -2.87186E-02 
3.19095E-02 -2.70911E-02 
3.03963E-02 -2.58619E-02 
2.99615E-02 -2.55077E-02 
2.79384E-02 -2.38545E-02 
2.59994E-02 -2.22617E-02 
2.41475E-02 -2.07328E-02 
2.23847E-02 -1.92705E-02 
2.07287E-02 -1.78892E-02 
1.91725E-02 -1.65869E-02 
1.76925E-02 -1.53432E-02 
1.62906E-02 -1.41606E-02 
1.49686E-02 -1.30413E-02 
1.37289E-02 -1.19879E-02 
1.25769E-02 -1.10059E-02 
1.15294E-02 -1.01105E-02 
1.06348E-02 -9.34482E-03 
9.99207E-03 -8.79668E-03 
9.64878E-03 -8.50934E-03 
9.36986E-03 -8.27747E-03 
8.85760E-03 -7.83869E-03 
4.12781E-02 -3.50516E-02 
3.88808E-02 -3.31089E-02 
3.62628E-02 -3.09484E-02 
3.41570E-02 -2.92281E-02 
3.21115E-02 -2.75487E-02 
3.01311E-02 -2.59151E-02 
2.82201E-02 -2.43315E-02 
2.67913E-02 -2.31429E-02 
2.63819E-02 -2.28017E-02 
2.44847E-02 -2.12157E-02 
2.26779E-02 -1.96988E-02 
2.09630E-02 -1.82531E-02 
1.93408E-02 -1.68800E-02 
1.78289E-02 -1.55946E-02 
1.64141E-02 -1.43882E-02 
1.50763E-02 -1.32436E-02 
1.38166E-02 -1.21622E-02 
1.26355E-02 -1.11452E-02 
1.15341E-02 -1.01939E-02 
1.05162E-02 -9.31216E-03 
9.59472E-03 -8.51214E-03 
8.80903E-03 -7.82921E-03 
8.23993E-03 -7.33585E-03 
7.92376E-03 -7.06552E-03 
7.66272E-03 -6.84329E-03 
7.21151E-03 -6.45053E-03 
3.69594E-02 -3.18995E-02 
3.46601E-02 -2.99876E-02 
3.22164E-02 -2.79278E-02 
3.02140E-02 -2.62516E-02 
2.82804E-02 -2.46266E-02 
2.64197E-02 -2.30567E-02 
2.46346E-02 -2.15452E-02 
2.33070E-02 -2.04173E-02 
2.29277E-02 -2.00946E-02 
2.11766E-02 -1.86010E-02 
1.95193E-02 -1.71824E-02 
1.79560E-02 -1.58396E-02 
1.64861E-02 -1.45730E-02 
1.51268E-02 -1.33972E-02 
1.38602E-02 -1.22989E-02 
1.26696E-02 -1.12634E-02 
1.15550E-02 -1.02914E-02 
1.05160E-02 -9.38282E-03 
9.55257E-03 -8.53820E-03 
8.66693E-03 -7.75989E-03 
7.86892E-03 -7.05715E-03 
7.18983E-03 -6.45849E-03 
6.69435E-03 -6.02256E-03 
6.40949E-03 -5.77451E-03 
6.17137E-03 -5.56771E-03 
5.78103E-03 -5.22297E-03 
3.25837E-02 -2.85526E-02 
3.04183E-02 -2.67106E-02 
2.81724E-02 -2.47807E-02 
2.63029E-02 -2.31817E-02 
2.45084E-02 -2.16418E-02 
2.27916E-02 -2.01640E-02 
2.11543E-02 -1.87503E-02 
1.99428E-02 -1.77015E-02 
1.95978E-02 -1.74024E-02 
1.80106E-02 -1.60239E-02 
1.65178E-02 -1.47235E-02 
1.51183E-02 -1.35009E-02 
1.38107E-02 -1.23553E-02 
1.26103E-02 -1.13006E-02 
1.14972E-02 -1.03203E-02 
1.04570E-02 -9.40205E-03 
9.48895E-03 -8.54544E-03 
8.59189E-03 -7.74983E-03 
7.76491E-03 -7.01476E-03 
7.00892E-03 -6.34140E-03 
6.33099E-03 -5.73650E-03 
5.75537E-03 -5.22238E-03 
5.33264E-03 -4.84536E-03 
5.08208E-03 -4.62361E-03 
4.87058E-03 -4.43673E-03 
4.54009E-03 -4.14095E-03 
2.82512E-02 -2.51066E-02 
2.62508E-02 -2.33704E-02 
2.42212E-02 -2.15955E-02 
2.25095E-02 -2.01032E-02 
2.08760E-02 -1.86752E-02 
1.93224E-02 -1.73136E-02 
1.78493E-02 -1.60194E-02 
1.67650E-02 -1.50646E-02 
1.64571E-02 -1.47932E-02 
1.50459E-02 -1.35474E-02 
1.37270E-02 -1.23800E-02 
1.24983E-02 -1.12900E-02 
1.13573E-02 -1.02754E-02 
1.03177E-02 -9.34858E-03 
9.35827E-03 -8.49172E-03 
8.46721E-03 -7.69424E-03 
7.64294E-03 -6.95505E-03 
6.88371E-03 -6.27286E-03 
6.18796E-03 -5.64654E-03 
5.55556E-03 -5.07623E-03 
4.99128E-03 -4.56659E-03 
4.51337E-03 -4.13456E-03 
4.16035E-03 -3.81576E-03 
3.94535E-03 -3.62271E-03 
3.76247E-03 -3.45866E-03 
3.48894E-03 -3.21085E-03 
2.40326E-02 -2.16383E-02 
2.22233E-02 -2.00396E-02 
2.04236E-02 -1.84404E-02 
1.88895E-02 -1.70798E-02 
1.74340E-02 -1.57861E-02 
1.60577E-02 -1.45602E-02 
1.47604E-02 -1.34024E-02 
1.38105E-02 -1.25531E-02 
1.35415E-02 -1.23124E-02 
1.23136E-02 -1.12121E-02 
1.11731E-02 -1.01880E-02 
1.01174E-02 -9.23821E-03 
9.14329E-03 -8.36007E-03 
8.26219E-03 -7.56418E-03 
7.45338E-03 -6.83238E-03 
6.70680E-03 -6.15573E-03 
6.02048E-03 -5.53262E-03 
5.39222E-03 -4.96129E-03 
4.82002E-03 -4.44011E-03 
4.30301E-03 -3.96848E-03 
3.84410E-03 -3.54931E-03 
3.45652E-03 -3.19500E-03 
3.16875E-03 -2.93212E-03 
2.98915E-03 -2.76876E-03 
2.83553E-03 -2.62907E-03 
2.61484E-03 -2.42689E-03 
1.99988E-02 -1.82266E-02 
1.84004E-02 -1.67914E-02 
1.68390E-02 -1.53835E-02 
1.54965E-02 -1.41743E-02 
1.42302E-02 -1.30318E-02 
1.30399E-02 -1.19561E-02 
1.19247E-02 -1.09464E-02 
1.11123E-02 -1.02099E-02 
1.08830E-02 -1.00018E-02 
9.84018E-03 -9.05460E-03 
8.87790E-03 -8.17906E-03 
7.99288E-03 -7.37250E-03 
7.18154E-03 -6.63190E-03 
6.45310E-03 -5.96584E-03 
5.78816E-03 -5.35701E-03 
5.17831E-03 -4.79780E-03 
4.62128E-03 -4.28629E-03 
4.11466E-03 -3.82041E-03 
3.65619E-03 -3.39825E-03 
3.24450E-03 -3.01868E-03 
2.88110E-03 -2.68325E-03 
2.57515E-03 -2.40064E-03 
2.34696E-03 -2.18997E-03 
2.20139E-03 -2.05598E-03 
2.07635E-03 -1.94091E-03 
1.90341E-03 -1.78082E-03 
1.62169E-02 -1.49485E-02 
1.48423E-02 -1.36961E-02 
1.35214E-02 -1.24891E-02 
1.23783E-02 -1.14450E-02 
1.13065E-02 -1.04647E-02 
1.03051E-02 -9.54746E-03 
9.37250E-03 -8.69212E-03 
8.69692E-03 -8.07177E-03 
8.50681E-03 -7.89707E-03 
7.64567E-03 -7.10513E-03 
6.85636E-03 -6.37822E-03 
6.13530E-03 -5.71327E-03 
5.47872E-03 -5.10697E-03 
4.89365E-03 -4.56595E-03 
4.36277E-03 -4.07447E-03 
3.87913E-03 -3.62618E-03 
3.44035E-03 -3.21897E-03 
3.04396E-03 -2.85068E-03 
2.68765E-03 -2.51925E-03 
2.36980E-03 -2.22327E-03 
2.09087E-03 -1.96329E-03 
1.85688E-03 -1.74505E-03 
1.68169E-03 -1.58170E-03 
1.56768E-03 -1.47564E-03 
1.46951E-03 -1.38430E-03 
1.33850E-03 -1.26186E-03 
1.27510E-02 -1.18788E-02 
1.16051E-02 -1.08211E-02 
1.05209E-02 -9.81796E-03 
9.57795E-03 -8.94573E-03 
8.69937E-03 -8.13208E-03 
7.88362E-03 -7.37577E-03 
7.12872E-03 -6.67512E-03 
6.58497E-03 -6.16994E-03 
6.43244E-03 -6.02815E-03 
5.74444E-03 -5.38817E-03 
5.11823E-03 -4.80500E-03 
4.55017E-03 -4.27539E-03 
4.03658E-03 -3.79604E-03 
3.58245E-03 -3.37170E-03 
3.17304E-03 -2.98878E-03 
2.80269E-03 -2.64204E-03 
2.46908E-03 -2.32938E-03 
2.16985E-03 -2.04867E-03 
1.90280E-03 -1.79791E-03 
1.66622E-03 -1.57557E-03 
1.45994E-03 -1.38153E-03 
1.28759E-03 -1.21932E-03 
1.15814E-03 -1.09751E-03 
1.07238E-03 -1.01694E-03 
9.98440E-04 -9.47462E-04 
9.03100E-04 -8.57569E-04 
9.64603E-03 -9.07616E-03 
8.72676E-03 -8.21728E-03 
7.86927E-03 -7.41482E-03 
7.12127E-03 -6.71478E-03 
6.42884E-03 -6.06616E-03 
5.79017E-03 -5.46736E-03 
5.20308E-03 -4.91643E-03 
4.78274E-03 -4.52167E-03 
4.66523E-03 -4.41126E-03 
4.13753E-03 -3.91518E-03 
3.66077E-03 -3.46657E-03 
3.23153E-03 -3.06231E-03 
2.84637E-03 -2.69923E-03 
2.50856E-03 -2.38051E-03 
2.20616E-03 -2.09496E-03 
1.93467E-03 -1.83838E-03 
1.69198E-03 -1.60884E-03 
1.47598E-03 -1.40437E-03 
1.28469E-03 -1.22315E-03 
1.11651E-03 -1.06370E-03 
9.70869E-04 -9.25536E-04 
8.49758E-04 -8.10581E-04 
7.58574E-04 -7.24039E-04 
6.97187E-04 -6.65840E-04 
6.44266E-04 -6.15658E-04 
5.78271E-04 -5.52916E-04 
6.96546E-03 -6.61522E-03 
6.26091E-03 -5.94968E-03 
5.61258E-03 -5.33651E-03 
5.04627E-03 -4.80083E-03 
4.52566E-03 -4.30803E-03 
4.04884E-03 -3.85634E-03 
3.61365E-03 -3.44381E-03 
3.30406E-03 -3.15015E-03 
3.21783E-03 -3.06833E-03 
2.83241E-03 -2.70245E-03 
2.48697E-03 -2.37429E-03 
2.17845E-03 -2.08098E-03 
1.90387E-03 -1.81975E-03 
1.66511E-03 -1.59244E-03 
1.45303E-03 -1.39039E-03 
1.26419E-03 -1.21036E-03 
1.09677E-03 -1.05065E-03 
9.49010E-04 -9.09593E-04 
8.19248E-04 -7.85643E-04 
7.06103E-04 -6.77500E-04 
6.08871E-04 -5.84514E-04 
5.28449E-04 -5.07572E-04 
4.67805E-04 -4.49554E-04 
4.26390E-04 -4.09962E-04 
3.90737E-04 -3.75872E-04 
3.47714E-04 -3.34653E-04 
4.72777E-03 -4.52952E-03 
4.21919E-03 -4.04419E-03 
3.75731E-03 -3.60307E-03 
3.35404E-03 -3.21783E-03 
2.98610E-03 -2.86615E-03 
2.65169E-03 -2.54634E-03 
2.34885E-03 -2.25656E-03 
2.13492E-03 -2.05176E-03 
2.07557E-03 -1.99493E-03 
1.81169E-03 -1.74214E-03 
1.57724E-03 -1.51743E-03 
1.36971E-03 -1.31839E-03 
1.18665E-03 -1.14273E-03 
1.02896E-03 -9.91332E-04 
8.90111E-04 -8.57944E-04 
7.67592E-04 -7.40183E-04 
6.59970E-04 -6.36688E-04 
5.65866E-04 -5.46144E-04 
4.83994E-04 -4.67330E-04 
4.13264E-04 -3.99207E-04 
3.53003E-04 -3.41142E-04 
3.03475E-04 -2.93404E-04 
2.66106E-04 -2.57385E-04 
2.40258E-04 -2.32485E-04 
2.18071E-04 -2.11107E-04 
1.92166E-04 -1.86110E-04 
2.95014E-03 -2.84982E-03 
2.61148E-03 -2.52361E-03 
2.30794E-03 -2.23105E-03 
2.04353E-03 -1.97615E-03 
1.80433E-03 -1.74545E-03 
1.58878E-03 -1.53748E-03 
1.39528E-03 -1.35071E-03 
1.25967E-03 -1.21976E-03 
1.22222E-03 -1.18359E-03 
1.05667E-03 -1.02366E-03 
9.11027E-04 -8.82898E-04 
7.83391E-04 -7.59484E-04 
6.71945E-04 -6.51678E-04 
5.76952E-04 -5.59749E-04 
4.94133E-04 -4.79567E-04 
4.21806E-04 -4.09516E-04 
3.58937E-04 -3.48600E-04 
3.04544E-04 -2.95875E-04 
2.57724E-04 -2.50474E-04 
2.17701E-04 -2.11648E-04 
1.83939E-04 -1.78886E-04 
1.56400E-04 -1.52156E-04 
1.35631E-04 -1.31998E-04 
1.21103E-04 -1.17903E-04 
1.08686E-04 -1.05854E-04 
9.46743E-05 -9.22437E-05 
1.63024E-03 -1.58708E-03 
1.42944E-03 -1.39198E-03 
1.25190E-03 -1.21940E-03 
1.09796E-03 -1.06974E-03 
9.60055E-04 -9.35618E-04 
8.37022E-04 -8.15929E-04 
7.27693E-04 -7.09539E-04 
6.51772E-04 -6.35640E-04 
6.30918E-04 -6.15337E-04 
5.39345E-04 -5.26172E-04 
4.59713E-04 -4.48608E-04 
3.90738E-04 -3.81403E-04 
3.31225E-04 -3.23399E-04 
2.81111E-04 -2.74540E-04 
2.37932E-04 -2.32430E-04 
2.00679E-04 -1.96088E-04 
1.68693E-04 -1.64875E-04 
1.41362E-04 -1.38198E-04 
1.18130E-04 -1.15515E-04 
9.85159E-05 -9.63592E-05 
8.21632E-05 -8.03852E-05 
6.89465E-05 -6.74727E-05 
5.89946E-05 -5.77510E-05 
5.19592E-05 -5.08816E-05 
4.59810E-05 -4.50445E-05 
3.94786E-05 -3.86895E-05 
7.43548E-04 -7.29200E-04 
6.44387E-04 -6.32064E-04 
5.58018E-04 -5.47438E-04 
4.83694E-04 -4.74605E-04 
4.17903E-04 -4.10120E-04 
3.59922E-04 -3.53279E-04 
3.09037E-04 -3.03385E-04 
2.74100E-04 -2.69121E-04 
2.64565E-04 -2.59769E-04 
2.23044E-04 -2.19041E-04 
1.87447E-04 -1.84115E-04 
1.57057E-04 -1.54292E-04 
1.31218E-04 -1.28930E-04 
1.09779E-04 -1.07882E-04 
9.15764E-05 -9.00083E-05 
7.61048E-05 -7.48131E-05 
6.30207E-05 -6.19605E-05 
5.20107E-05 -5.11434E-05 
4.27942E-05 -4.20869E-05 
3.51297E-05 -3.45545E-05 
2.88294E-05 -2.83623E-05 
2.37923E-05 -2.34118E-05 
2.00048E-05 -1.96906E-05 
1.72919E-05 -1.70274E-05 
1.50005E-05 -1.47785E-05 
1.26139E-05 -1.24338E-05 
2.38407E-04 -2.35436E-04 
2.03407E-04 -2.00888E-04 
1.73492E-04 -1.71354E-04 
1.48055E-04 -1.46240E-04 
1.25896E-04 -1.24361E-04 
1.06685E-04 -1.05392E-04 
9.01056E-05 -8.90186E-05 
7.88936E-05 -7.79454E-05 
7.58604E-05 -7.49496E-05 
6.27990E-05 -6.20486E-05 
5.18130E-05 -5.11966E-05 
4.26150E-05 -4.21098E-05 
3.49477E-05 -3.45344E-05 
2.87062E-05 -2.83675E-05 
2.35116E-05 -2.32345E-05 
1.91822E-05 -1.89562E-05 
1.55922E-05 -1.54084E-05 
1.26296E-05 -1.24806E-05 
1.01963E-05 -1.00759E-05 
8.20837E-06 -8.11151E-06 
6.59884E-06 -6.52135E-06 
5.32209E-06 -5.26055E-06 
4.35103E-06 -4.30269E-06 
3.62754E-06 -3.59043E-06 
3.01318E-06 -2.98608E-06 
2.41403E-06 -2.39582E-06 
3.10805E-05 -3.08835E-05 
2.59614E-05 -2.57917E-05 
2.17287E-05 -2.15815E-05 
1.81851E-05 -1.80578E-05 
1.51712E-05 -1.50614E-05 
1.26205E-05 -1.25258E-05 
1.04718E-05 -1.03904E-05 
9.05005E-06 -8.97775E-06 
8.67021E-06 -8.60036E-06 
7.06014E-06 -7.00093E-06 
5.74180E-06 -5.69161E-06 
4.66735E-06 -4.62476E-06 
3.79526E-06 -3.75904E-06 
3.09626E-06 -3.06545E-06 
2.52943E-06 -2.50314E-06 
2.06506E-06 -2.04264E-06 
1.68483E-06 -1.66575E-06 
1.37283E-06 -1.35665E-06 
1.11536E-06 -1.10175E-06 
9.00798E-07 -8.89508E-07 
7.19056E-07 -7.09938E-07 
5.60391E-07 -5.53439E-07 
4.13684E-07 -4.09108E-07 
2.70079E-07 -2.68193E-07 
1.35597E-07 -1.36306E-07 
2.43313E-08 -2.70295E-08 
4.17018E-06 -4.17018E-06 
4.01914E-06 -4.01914E-06 
3.84022E-06 -3.84022E-06 
3.58507E-06 -3.58507E-06 
3.29911E-06 -3.29911E-06 
2.99796E-06 -2.99796E-06 
2.69441E-06 -2.69441E-06 
2.46440E-06 -2.46440E-06 
2.39857E-06 -2.39857E-06 
2.09682E-06 -2.09682E-06 
1.81916E-06 -1.81916E-06 
1.56919E-06 -1.56919E-06 
1.34816E-06 -1.34816E-06 
1.15153E-06 -1.15153E-06 
9.82883E-07 -9.82883E-07 
8.34985E-07 -8.34985E-07 
7.05670E-07 -7.05670E-07 
5.92190E-07 -5.92190E-07 
4.91451E-07 -4.91451E-07 
4.00062E-07 -4.00062E-07 
3.13829E-07 -3.13829E-07 
2.26082E-07 -2.26082E-07 
1.26344E-07 -1.26344E-07 
1.04945E-08 -1.04945E-08 
-9.94894E-08 9.94894E-08 
-1.78440E-07 1.78440E-07 
---
