PdfType: replica
Format: lhagrid1
---
1.00000E-06 1.28121E-06 1.64152E-06 2.10317E-06 2.69463E-06 3.45242E-06 4.42329E-06 5.66715E-06 7.26076E-06 9.30241E-06 1.19180E-05 1.52689E-05 1.95617E-05 2.50609E-05 3.21053E-05 4.11287E-05 5.26863E-05 6.74889E-05 8.64459E-05 1.10720E-04 1.41800E-04 1.81585E-04 2.32503E-04 2.97652E-04 3.80981E-04 4.87518E-04 6.26039E-04 8.00452E-04 1.02297E-03 1.30657E-03 1.66759E-03 2.12729E-03 2.71054E-03 3.44865E-03 4.37927E-03 5.54908E-03 7.01192E-03 8.83064E-03 1.10763E-02 1.38266E-02 1.71641E-02 2.11717E-02 2.59364E-02 3.15062E-02 3.79623E-02 4.53425E-02 5.36750E-02 6.29705E-02 7.32221E-02 8.44039E-02 9.64793E-02 1.09332E-01 1.23067E-01 1.37507E-01 1.52639E-01 1.68416E-01 1.84794E-01 2.01731E-01 2.19016E-01 2.36948E-01 2.55242E-01 2.73927E-01 2.92954E-01 3.12340E-01 3.32036E-01 3.52019E-01 3.72282E-01 3.92772E-01 4.13533E-01 4.34326E-01 4.55495E-01 4.76836E-01 4.98342E-01 5.20006E-01 5.41818E-01 5.63773E-01 5.85861E-01 6.08077E-01 6.30459E-01 6.52800E-01 6.75387E-01 6.98063E-01 7.20830E-01 7.43683E-01 7.66623E-01 7.89636E-01 8.12791E-01 8.35940E-01 8.59175E-01 8.82485E-01 9.05866E-01 9.29311E-01 9.52817E-01 9.76387E-01 1.00000E+00 
1.14018E+00 1.22539E+00 1.32482E+00 1.44156E+00 1.57954E+00 1.74381E+00 1.94091E+00 2.12132E+00 2.17945E+00 2.49622E+00 2.89383E+00 3.39925E+00 4.05063E+00 4.90286E+00 6.03623E+00 7.57063E+00 9.68869E+00 1.26749E+01 1.69835E+01 2.33578E+01 3.30501E+01 4.82334E+01 7.28041E+01 1.13998E+02 1.85779E+02 3.16228E+02 
908 909 
-1.01915E-04 -1.82330E-05 
-1.03325E-04 -1.84984E-05 
-1.06148E-04 -2.17925E-05 
-1.07875E-04 -2.28390E-05 
-1.09812E-04 -2.41468E-05 
-1.12039E-04 -2.57909E-05 
-1.14656E-04 -2.78529E-05 
-1.17028E-04 -2.97906E-05 
-1.17790E-04 -3.04205E-05 
-1.21930E-04 -3.38616E-05 
-1.27094E-04 -3.81180E-05 
-1.33567E-04 -4.33123E-05 
-1.41688E-04 -4.95672E-05 
-1.55074E-04 -5.65308E-05 
-1.70162E-04 -6.54833E-05 
-1.88467E-04 -7.58506E-05 
-2.10616E-04 -8.77765E-05 
-2.37369E-04 -1.01419E-04 
-2.69716E-04 -1.16997E-04 
-3.09251E-04 -1.34963E-04 
-3.59533E-04 -1.56663E-04 
-4.30720E-04 -1.86538E-04 
-5.49254E-04 -2.36415E-04 
-7.51474E-04 -3.21273E-04 
-1.02350E-03 -4.30505E-04 
-1.29480E-03 -5.28654E-04 
-1.08972E-04 -1.52763E-05 
-1.10252E-04 -1.57662E-05 
-1.13385E-04 -1.96406E-05 
-1.15133E-04 -2.09612E-05 
-1.17134E-04 -2.25681E-05 
-1.19481E-04 -2.45418E-05 
-1.22290E-04 -2.69690E-05 
-1.24872E-04 -2.92162E-05 
-1.25707E-04 -2.99413E-05 
-1.30278E-04 -3.38663E-05 
-1.36029E-04 -3.86576E-05 
-1.43278E-04 -4.44374E-05 
-1.52396E-04 -5.13257E-05 
-1.67152E-04 -5.86995E-05 
-1.83901E-04 -6.82915E-05 
-2.04188E-04 -7.93309E-05 
-2.28686E-04 -9.19523E-05 
-2.58203E-04 -1.06303E-04 
-2.93794E-04 -1.22589E-04 
-3.37163E-04 -1.41264E-04 
-3.92158E-04 -1.63729E-04 
-4.69830E-04 -1.94656E-04 
-5.99001E-04 -2.46505E-04 
-8.19151E-04 -3.34906E-04 
-1.11466E-03 -4.48251E-04 
-1.40808E-03 -5.48907E-04 
-1.13393E-04 -1.45084E-05 
-1.14675E-04 -1.51369E-05 
-1.18350E-04 -1.94900E-05 
-1.20258E-04 -2.10033E-05 
-1.22468E-04 -2.28289E-05 
-1.25087E-04 -2.50526E-05 
-1.28248E-04 -2.77657E-05 
-1.31172E-04 -3.02611E-05 
-1.32119E-04 -3.10633E-05 
-1.37317E-04 -3.53856E-05 
-1.43867E-04 -4.06227E-05 
-1.52119E-04 -4.68949E-05 
-1.62478E-04 -5.43176E-05 
-1.78834E-04 -6.19536E-05 
-1.97511E-04 -7.20615E-05 
-2.20065E-04 -8.36389E-05 
-2.47214E-04 -9.68085E-05 
-2.79814E-04 -1.11703E-04 
-3.18985E-04 -1.28514E-04 
-3.66545E-04 -1.47693E-04 
-4.26644E-04 -1.70693E-04 
-5.11287E-04 -2.02418E-04 
-6.51832E-04 -2.55958E-04 
-8.91097E-04 -3.47557E-04 
-1.21152E-03 -4.64527E-04 
-1.52829E-03 -5.67039E-04 
-1.16375E-04 -1.51839E-05 
-1.17780E-04 -1.58525E-05 
-1.22206E-04 -2.05824E-05 
-1.24403E-04 -2.21960E-05 
-1.26955E-04 -2.41499E-05 
-1.29985E-04 -2.65349E-05 
-1.33647E-04 -2.94466E-05 
-1.37032E-04 -3.21228E-05 
-1.38128E-04 -3.29825E-05 
-1.44134E-04 -3.76074E-05 
-1.51678E-04 -4.31931E-05 
-1.61144E-04 -4.98561E-05 
-1.72972E-04 -5.77048E-05 
-1.91134E-04 -6.54433E-05 
-2.11984E-04 -7.59334E-05 
-2.37067E-04 -8.79032E-05 
-2.67143E-04 -1.01461E-04 
-3.03119E-04 -1.16720E-04 
-3.46176E-04 -1.33855E-04 
-3.98251E-04 -1.53312E-04 
-4.63812E-04 -1.76589E-04 
-5.55880E-04 -2.08821E-04 
-7.08524E-04 -2.63704E-04 
-9.68102E-04 -3.58040E-04 
-1.31491E-03 -4.78004E-04 
-1.65615E-03 -5.81591E-04 
-1.19006E-04 -1.64706E-05 
-1.20632E-04 -1.70785E-05 
-1.25988E-04 -2.20876E-05 
-1.28582E-04 -2.37068E-05 
-1.31588E-04 -2.56968E-05 
-1.35149E-04 -2.81535E-05 
-1.39437E-04 -3.11755E-05 
-1.43388E-04 -3.39646E-05 
-1.44665E-04 -3.48618E-05 
-1.51637E-04 -3.96933E-05 
-1.60349E-04 -4.55286E-05 
-1.71218E-04 -5.24777E-05 
-1.84719E-04 -6.06398E-05 
-2.04859E-04 -6.83130E-05 
-2.28100E-04 -7.90450E-05 
-2.55944E-04 -9.12532E-05 
-2.89194E-04 -1.05027E-04 
-3.28803E-04 -1.20459E-04 
-3.76018E-04 -1.37702E-04 
-4.32893E-04 -1.57188E-04 
-5.04234E-04 -1.80459E-04 
-6.04146E-04 -2.12864E-04 
-7.69589E-04 -2.68673E-04 
-1.05067E-03 -3.65168E-04 
-1.42529E-03 -4.87339E-04 
-1.79208E-03 -5.91082E-04 
-1.22150E-04 -1.75555E-05 
-1.24068E-04 -1.80046E-05 
-1.30504E-04 -2.31991E-05 
-1.33578E-04 -2.47306E-05 
-1.37126E-04 -2.66669E-05 
-1.41311E-04 -2.91078E-05 
-1.46329E-04 -3.21540E-05 
-1.50931E-04 -3.49894E-05 
-1.52415E-04 -3.59047E-05 
-1.60489E-04 -4.08478E-05 
-1.70518E-04 -4.68330E-05 
-1.82954E-04 -5.39615E-05 
-1.98308E-04 -6.23201E-05 
-2.20565E-04 -6.97514E-05 
-2.46386E-04 -8.05781E-05 
-2.77193E-04 -9.28616E-05 
-3.13831E-04 -1.06669E-04 
-3.57300E-04 -1.22065E-04 
-4.08907E-04 -1.39178E-04 
-4.70829E-04 -1.58422E-04 
-5.48225E-04 -1.81372E-04 
-6.56354E-04 -2.13573E-04 
-8.35260E-04 -2.69814E-04 
-1.13900E-03 -3.67761E-04 
-1.54281E-03 -4.91187E-04 
-1.93614E-03 -5.94021E-04 
-1.26400E-04 -1.77003E-05 
-1.28652E-04 -1.78969E-05 
-1.36300E-04 -2.31803E-05 
-1.39911E-04 -2.45337E-05 
-1.44064E-04 -2.63294E-05 
-1.48944E-04 -2.86697E-05 
-1.54771E-04 -3.16561E-05 
-1.60094E-04 -3.44721E-05 
-1.61807E-04 -3.53858E-05 
-1.71093E-04 -4.03452E-05 
-1.82565E-04 -4.63785E-05 
-1.96711E-04 -5.35750E-05 
-2.14074E-04 -6.20063E-05 
-2.38556E-04 -6.90064E-05 
-2.67117E-04 -7.97706E-05 
-3.01060E-04 -9.19527E-05 
-3.41271E-04 -1.05593E-04 
-3.88790E-04 -1.20726E-04 
-4.44987E-04 -1.37447E-04 
-5.12162E-04 -1.56148E-04 
-5.95843E-04 -1.78424E-04 
-7.12515E-04 -2.09992E-04 
-9.05499E-04 -2.66087E-04 
-1.23300E-03 -3.64636E-04 
-1.66731E-03 -4.88191E-04 
-2.08802E-03 -5.88892E-04 
-1.32086E-04 -1.62609E-05 
-1.34688E-04 -1.61153E-05 
-1.43666E-04 -2.13787E-05 
-1.47848E-04 -2.24648E-05 
-1.52647E-04 -2.40339E-05 
-1.58269E-04 -2.61894E-05 
-1.64965E-04 -2.90312E-05 
-1.71064E-04 -3.17607E-05 
-1.73022E-04 -3.26529E-05 
-1.83612E-04 -3.75289E-05 
-1.96635E-04 -4.35019E-05 
-2.12612E-04 -5.06459E-05 
-2.32124E-04 -5.90136E-05 
-2.58904E-04 -6.53746E-05 
-2.90343E-04 -7.59036E-05 
-3.27569E-04 -8.77891E-05 
-3.71506E-04 -1.01040E-04 
-4.23236E-04 -1.15654E-04 
-4.84183E-04 -1.31689E-04 
-5.56772E-04 -1.49507E-04 
-6.46920E-04 -1.70712E-04 
-7.72410E-04 -2.01157E-04 
-9.80027E-04 -2.56433E-04 
-1.33232E-03 -3.54586E-04 
-1.79832E-03 -4.76949E-04 
-2.24711E-03 -5.74119E-04 
-1.39302E-04 -1.26797E-05 
-1.42248E-04 -1.21035E-05 
-1.52667E-04 -1.72128E-05 
-1.57435E-04 -1.79411E-05 
-1.62899E-04 -1.91955E-05 
-1.69297E-04 -2.10786E-05 
-1.76904E-04 -2.36865E-05 
-1.83819E-04 -2.62575E-05 
-1.86036E-04 -2.71064E-05 
-1.98006E-04 -3.17901E-05 
-2.12670E-04 -3.75821E-05 
-2.30586E-04 -4.45375E-05 
-2.52366E-04 -5.26868E-05 
-2.81492E-04 -5.81752E-05 
-3.15920E-04 -6.82746E-05 
-3.56550E-04 -7.96423E-05 
-4.04339E-04 -9.22503E-05 
-4.60405E-04 -1.06056E-04 
-5.26226E-04 -1.21072E-04 
-6.04350E-04 -1.37623E-04 
-7.01096E-04 -1.57305E-04 
-8.35616E-04 -1.86068E-04 
-1.05835E-03 -2.39747E-04 
-1.43635E-03 -3.36334E-04 
-1.93510E-03 -4.55977E-04 
-2.41248E-03 -5.48034E-04 
-1.47952E-04 -6.46047E-06 
-1.51213E-04 -5.36324E-06 
-1.63190E-04 -1.01447E-05 
-1.68538E-04 -1.04192E-05 
-1.74673E-04 -1.12646E-05 
-1.81862E-04 -1.27799E-05 
-1.90409E-04 -1.50549E-05 
-1.98173E-04 -1.73864E-05 
-2.00661E-04 -1.81674E-05 
-2.14072E-04 -2.25341E-05 
-2.30455E-04 -2.80054E-05 
-2.50401E-04 -3.46139E-05 
-2.74554E-04 -4.23640E-05 
-3.06044E-04 -4.67139E-05 
-3.43552E-04 -5.61605E-05 
-3.87680E-04 -6.67564E-05 
-4.39417E-04 -7.84313E-05 
-4.99912E-04 -9.10958E-05 
-5.70688E-04 -1.04712E-04 
-6.54417E-04 -1.19556E-04 
-7.57835E-04 -1.37203E-04 
-9.01529E-04 -1.63647E-04 
-1.13977E-03 -2.14831E-04 
-1.54429E-03 -3.08501E-04 
-2.07665E-03 -4.23667E-04 
-2.58291E-03 -5.08830E-04 
-1.57795E-04 2.86767E-06 
-1.61327E-04 4.58262E-06 
-1.74983E-04 3.58745E-07 
-1.80890E-04 6.43319E-07 
-1.87688E-04 3.12271E-07 
-1.95672E-04 -7.27121E-07 
-2.05177E-04 -2.55512E-06 
-2.13813E-04 -4.55267E-06 
-2.16580E-04 -5.23691E-06 
-2.31482E-04 -9.13972E-06 
-2.49650E-04 -1.41251E-05 
-2.71707E-04 -2.01990E-05 
-2.98323E-04 -2.73358E-05 
-3.32162E-04 -3.02416E-05 
-3.72814E-04 -3.87769E-05 
-4.20509E-04 -4.83066E-05 
-4.76257E-04 -5.87129E-05 
-5.41234E-04 -6.98533E-05 
-6.17003E-04 -8.16325E-05 
-7.06353E-04 -9.42716E-05 
-8.16450E-04 -1.09300E-04 
-9.69379E-04 -1.32699E-04 
-1.22340E-03 -1.80364E-04 
-1.65509E-03 -2.69562E-04 
-2.22170E-03 -3.78248E-04 
-2.75690E-03 -4.54522E-04 
-1.68487E-04 1.57927E-05 
-1.72232E-04 1.82322E-05 
-1.87696E-04 1.48693E-05 
-1.94130E-04 1.58320E-05 
-2.01569E-04 1.61360E-05 
-2.10340E-04 1.56985E-05 
-2.20810E-04 1.44520E-05 
-2.30334E-04 1.29005E-05 
-2.33387E-04 1.23474E-05 
-2.49820E-04 9.08397E-06 
-2.69827E-04 4.78227E-06 
-2.94059E-04 -5.33004E-07 
-3.23208E-04 -6.80266E-06 
-3.59348E-04 -7.91247E-06 
-4.03184E-04 -1.52360E-05 
-4.54480E-04 -2.33585E-05 
-5.14266E-04 -3.21086E-05 
-5.83733E-04 -4.12851E-05 
-6.64478E-04 -5.07287E-05 
-7.59402E-04 -6.05942E-05 
-8.76110E-04 -7.23446E-05 
-1.03824E-03 -9.18777E-05 
-1.30821E-03 -1.34855E-04 
-1.76751E-03 -2.17809E-04 
-2.36876E-03 -3.17748E-04 
-2.93263E-03 -3.82914E-04 
-1.79622E-04 3.28624E-05 
-1.83505E-04 3.61471E-05 
-2.00913E-04 3.40416E-05 
-2.07825E-04 3.58186E-05 
-2.15871E-04 3.68982E-05 
-2.25411E-04 3.72107E-05 
-2.36843E-04 3.67056E-05 
-2.47263E-04 3.57341E-05 
-2.50604E-04 3.53533E-05 
-2.68596E-04 3.29394E-05 
-2.90479E-04 2.95576E-05 
-3.16932E-04 2.52673E-05 
-3.48664E-04 2.01650E-05 
-3.87014E-04 2.12543E-05 
-4.34039E-04 1.54907E-05 
-4.88934E-04 9.16934E-06 
-5.52739E-04 2.52087E-06 
-6.26653E-04 -4.18849E-06 
-7.12293E-04 -1.07291E-05 
-8.12668E-04 -1.71788E-05 
-9.35826E-04 -2.49077E-05 
-1.10701E-03 -3.96514E-05 
-1.39292E-03 -7.66216E-05 
-1.88005E-03 -1.51323E-04 
-2.51601E-03 -2.39965E-04 
-3.10796E-03 -2.91574E-04 
-1.90743E-04 5.47266E-05 
-1.94677E-04 5.89945E-05 
-2.14166E-04 5.86555E-05 
-2.21492E-04 6.14037E-05 
-2.30098E-04 6.34226E-05 
-2.40374E-04 6.46598E-05 
-2.52751E-04 6.50856E-05 
-2.64063E-04 6.48536E-05 
-2.67694E-04 6.46941E-05 
-2.87252E-04 6.33794E-05 
-3.11031E-04 6.11975E-05 
-3.39726E-04 5.82463E-05 
-3.74061E-04 5.46632E-05 
-4.14480E-04 5.84100E-05 
-4.64659E-04 5.46069E-05 
-5.23105E-04 5.05385E-05 
-5.90855E-04 4.65004E-05 
-6.69105E-04 4.28294E-05 
-7.59484E-04 3.98324E-05 
-8.65098E-04 3.75197E-05 
-9.94439E-04 3.46425E-05 
-1.17440E-03 2.57197E-05 
-1.47606E-03 -3.76336E-06 
-1.99095E-03 -6.79537E-05 
-2.66133E-03 -1.42452E-04 
-3.28036E-03 -1.77815E-04 
-2.01362E-04 8.21773E-05 
-2.05242E-04 8.75864E-05 
-2.26941E-04 8.96574E-05 
-2.34599E-04 9.35566E-05 
-2.43698E-04 9.67045E-05 
-2.54662E-04 9.90709E-05 
-2.67949E-04 1.00651E-04 
-2.80135E-04 1.01346E-04 
-2.84051E-04 1.01465E-04 
-3.05162E-04 1.01543E-04 
-3.30827E-04 1.00890E-04 
-3.61756E-04 9.96435E-05 
-3.98675E-04 9.79869E-05 
-4.40959E-04 1.04908E-04 
-4.94208E-04 1.03522E-04 
-5.56096E-04 1.02221E-04 
-6.27651E-04 1.01369E-04 
-7.10050E-04 1.01379E-04 
-8.04921E-04 1.02643E-04 
-9.15452E-04 1.05271E-04 
-1.05058E-03 1.08166E-04 
-1.23888E-03 1.06207E-04 
-1.55588E-03 8.58597E-05 
-2.09815E-03 3.47024E-05 
-2.80221E-03 -2.24949E-05 
-3.44685E-03 -3.86887E-05 
-2.10950E-04 1.16184E-04 
-2.14652E-04 1.22914E-04 
-2.38669E-04 1.28196E-04 
-2.46552E-04 1.33450E-04 
-2.56057E-04 1.37945E-04 
-2.67636E-04 1.41676E-04 
-2.81776E-04 1.44669E-04 
-2.94798E-04 1.46509E-04 
-2.98989E-04 1.46975E-04 
-3.21607E-04 1.48787E-04 
-3.49114E-04 1.50041E-04 
-3.82223E-04 1.50921E-04 
-4.21659E-04 1.51657E-04 
-4.65525E-04 1.62326E-04 
-5.21700E-04 1.63875E-04 
-5.86854E-04 1.65919E-04 
-6.61992E-04 1.68899E-04 
-7.48259E-04 1.73310E-04 
-8.47265E-04 1.79631E-04 
-9.62270E-04 1.88084E-04 
-1.10265E-03 1.97763E-04 
-1.29866E-03 2.04025E-04 
-1.63034E-03 1.94634E-04 
-2.19921E-03 1.59304E-04 
-2.93571E-03 1.22879E-04 
-3.60399E-03 1.29010E-04 
-2.18923E-04 1.57925E-04 
-2.22298E-04 1.66179E-04 
-2.48700E-04 1.75650E-04 
-2.56675E-04 1.82488E-04 
-2.66468E-04 1.88577E-04 
-2.78561E-04 1.93943E-04 
-2.93464E-04 1.98645E-04 
-3.07259E-04 2.01881E-04 
-3.11706E-04 2.02769E-04 
-3.35745E-04 2.06706E-04 
-3.65002E-04 2.10299E-04 
-4.00185E-04 2.13783E-04 
-4.42007E-04 2.17437E-04 
-4.87083E-04 2.32487E-04 
-5.45964E-04 2.37548E-04 
-6.14123E-04 2.43583E-04 
-6.92525E-04 2.51114E-04 
-7.82268E-04 2.60718E-04 
-8.84925E-04 2.72972E-04 
-1.00381E-03 2.88220E-04 
-1.14873E-03 3.05784E-04 
-1.35162E-03 3.21634E-04 
-1.69701E-03 3.25194E-04 
-2.29125E-03 3.08761E-04 
-3.05837E-03 2.96895E-04 
-3.74772E-03 3.28721E-04 
-2.24613E-04 2.08814E-04 
-2.27484E-04 2.18820E-04 
-2.56273E-04 2.33661E-04 
-2.64168E-04 2.42334E-04 
-2.74098E-04 2.50292E-04 
-2.86568E-04 2.57597E-04 
-3.02104E-04 2.64343E-04 
-3.16574E-04 2.69256E-04 
-3.21249E-04 2.70654E-04 
-3.46570E-04 2.77154E-04 
-3.77423E-04 2.83573E-04 
-4.14505E-04 2.90196E-04 
-4.58506E-04 2.97355E-04 
-5.04308E-04 3.17470E-04 
-5.65588E-04 3.26684E-04 
-6.36391E-04 3.37424E-04 
-7.17624E-04 3.50294E-04 
-8.10321E-04 3.65963E-04 
-9.15998E-04 3.85103E-04 
-1.03800E-03 4.08194E-04 
-1.18654E-03 4.34829E-04 
-1.39524E-03 4.61741E-04 
-1.75304E-03 4.80417E-04 
-2.37090E-03 4.86224E-04 
-3.16616E-03 5.03011E-04 
-3.87334E-03 5.64096E-04 
-2.27233E-04 2.70522E-04 
-2.29387E-04 2.82531E-04 
-2.60467E-04 3.04143E-04 
-2.68070E-04 3.14926E-04 
-2.77939E-04 3.25057E-04 
-2.90600E-04 3.34636E-04 
-3.06591E-04 3.43796E-04 
-3.21596E-04 3.50702E-04 
-3.26458E-04 3.52705E-04 
-3.52854E-04 3.62257E-04 
-3.85078E-04 3.72040E-04 
-4.23802E-04 3.82394E-04 
-4.69681E-04 3.93702E-04 
-5.15598E-04 4.19614E-04 
-5.78868E-04 4.33684E-04 
-6.51835E-04 4.49910E-04 
-7.35335E-04 4.68982E-04 
-8.30312E-04 4.91658E-04 
-9.38208E-04 5.18711E-04 
-1.06238E-03 5.50769E-04 
-1.21341E-03 5.87740E-04 
-1.42654E-03 6.27286E-04 
-1.79505E-03 6.63403E-04 
-2.43420E-03 6.95058E-04 
-3.25434E-03 7.44876E-04 
-3.97538E-03 8.38942E-04 
-2.25824E-04 3.44994E-04 
-2.27010E-04 3.59282E-04 
-2.60144E-04 3.89302E-04 
-2.67191E-04 4.02488E-04 
-2.76751E-04 4.15119E-04 
-2.89361E-04 4.27337E-04 
-3.05566E-04 4.39319E-04 
-3.20916E-04 4.48559E-04 
-3.25908E-04 4.51274E-04 
-3.53095E-04 4.64413E-04 
-3.86374E-04 4.78150E-04 
-4.26384E-04 4.92879E-04 
-4.73730E-04 5.09038E-04 
-5.19004E-04 5.41517E-04 
-5.83733E-04 5.61207E-04 
-6.58253E-04 5.83767E-04 
-7.43302E-04 6.09971E-04 
-8.39716E-04 6.40665E-04 
-9.48834E-04 6.76729E-04 
-1.07399E-03 7.18942E-04 
-1.22612E-03 7.67580E-04 
-1.44203E-03 8.21416E-04 
-1.81910E-03 8.77442E-04 
-2.47652E-03 9.38793E-04 
-3.31743E-03 1.02628E-03 
-4.04752E-03 1.15715E-03 
-2.19206E-04 4.34465E-04 
-2.19124E-04 4.51333E-04 
-2.53889E-04 4.91642E-04 
-2.60055E-04 5.07539E-04 
-2.68993E-04 5.23019E-04 
-2.81246E-04 5.38269E-04 
-2.97352E-04 5.53510E-04 
-3.12795E-04 5.65457E-04 
-3.17842E-04 5.68997E-04 
-3.45440E-04 5.86301E-04 
-3.79356E-04 6.04629E-04 
-4.20180E-04 6.24428E-04 
-4.68457E-04 6.46194E-04 
-5.12162E-04 6.86033E-04 
-5.77687E-04 7.12170E-04 
-6.52993E-04 7.41974E-04 
-7.38702E-04 7.76305E-04 
-8.35515E-04 8.16096E-04 
-9.44643E-04 8.62325E-04 
-1.06937E-03 9.15937E-04 
-1.22094E-03 9.77625E-04 
-1.43759E-03 1.04747E-03 
-1.82057E-03 1.12600E-03 
-2.49247E-03 1.22110E-03 
-3.34908E-03 1.35109E-03 
-4.08253E-03 1.52265E-03 
-2.05912E-04 5.41456E-04 
-2.04210E-04 5.61228E-04 
-2.39927E-04 6.13947E-04 
-2.44822E-04 6.32872E-04 
-2.52756E-04 6.51566E-04 
-2.64266E-04 6.70261E-04 
-2.79877E-04 6.89227E-04 
-2.95093E-04 7.04277E-04 
-3.00096E-04 7.08763E-04 
-3.27619E-04 7.30850E-04 
-3.61635E-04 7.54446E-04 
-4.02671E-04 7.80057E-04 
-4.51199E-04 8.08233E-04 
-4.92222E-04 8.56235E-04 
-5.57726E-04 8.89703E-04 
-6.32882E-04 9.27722E-04 
-7.18168E-04 9.71234E-04 
-8.14126E-04 1.02125E-03 
-9.21807E-04 1.07885E-03 
-1.04442E-03 1.14514E-03 
-1.19343E-03 1.22129E-03 
-1.40841E-03 1.30890E-03 
-1.79409E-03 1.41260E-03 
-2.47583E-03 1.54567E-03 
-3.34201E-03 1.72314E-03 
-4.07212E-03 1.93922E-03 
-1.84117E-04 6.68784E-04 
-1.80386E-04 6.91808E-04 
-2.16048E-04 7.59274E-04 
-2.19206E-04 7.81549E-04 
-2.25674E-04 8.03832E-04 
-2.35970E-04 8.26405E-04 
-2.50595E-04 8.49583E-04 
-2.65184E-04 8.68152E-04 
-2.70023E-04 8.73714E-04 
-2.96862E-04 9.01233E-04 
-3.30306E-04 9.30815E-04 
-3.70807E-04 9.63019E-04 
-4.18747E-04 9.98450E-04 
-4.55771E-04 1.05541E-03 
-5.20268E-04 1.09714E-03 
-5.94146E-04 1.14440E-03 
-6.77713E-04 1.19820E-03 
-7.71321E-04 1.25961E-03 
-8.75833E-04 1.32981E-03 
-9.94330E-04 1.41007E-03 
-1.13846E-03 1.50209E-03 
-1.34893E-03 1.60923E-03 
-1.73346E-03 1.74080E-03 
-2.41946E-03 1.91616E-03 
-3.28788E-03 2.14612E-03 
-4.00691E-03 2.41041E-03 
-1.51566E-04 8.19539E-04 
-1.45334E-04 8.46190E-04 
-1.79511E-04 9.30915E-04 
-1.80389E-04 9.56857E-04 
-1.84840E-04 9.83111E-04 
-1.93356E-04 1.01000E-03 
-2.06402E-04 1.03790E-03 
-2.19877E-04 1.06042E-03 
-2.24405E-04 1.06719E-03 
-2.49818E-04 1.10083E-03 
-2.81873E-04 1.13714E-03 
-3.20931E-04 1.17676E-03 
-3.67272E-04 1.22033E-03 
-3.98755E-04 1.28700E-03 
-4.61076E-04 1.33799E-03 
-5.32340E-04 1.39556E-03 
-6.12654E-04 1.46078E-03 
-7.02154E-04 1.53479E-03 
-8.01477E-04 1.61881E-03 
-9.13540E-04 1.71433E-03 
-1.05008E-03 1.82360E-03 
-1.25273E-03 1.95196E-03 
-1.63160E-03 2.11409E-03 
-2.31520E-03 2.33603E-03 
-3.17726E-03 2.62343E-03 
-3.87630E-03 2.93934E-03 
-1.05492E-04 9.97066E-04 
-9.62215E-05 1.02775E-03 
-1.26951E-04 1.13233E-03 
-1.24922E-04 1.16226E-03 
-1.26717E-04 1.19286E-03 
-1.32787E-04 1.22453E-03 
-1.43549E-04 1.25766E-03 
-1.55331E-04 1.28458E-03 
-1.59371E-04 1.29270E-03 
-1.82473E-04 1.33315E-03 
-2.12166E-04 1.37698E-03 
-2.48704E-04 1.42485E-03 
-2.92246E-04 1.47748E-03 
-3.16409E-04 1.55455E-03 
-3.75184E-04 1.61583E-03 
-4.42267E-04 1.68482E-03 
-5.17538E-04 1.76262E-03 
-6.00880E-04 1.85041E-03 
-6.92675E-04 1.94948E-03 
-7.95622E-04 2.06146E-03 
-9.21455E-04 2.18926E-03 
-1.11246E-03 2.34045E-03 
-1.48040E-03 2.53570E-03 
-2.15381E-03 2.80841E-03 
-2.99951E-03 3.15797E-03 
-3.66848E-03 3.52845E-03 
-4.25272E-05 1.20492E-03 
-2.96135E-05 1.24006E-03 
-5.42801E-05 1.36708E-03 
-4.86347E-05 1.40129E-03 
-4.70403E-05 1.43663E-03 
-4.98962E-05 1.47353E-03 
-5.75545E-05 1.51243E-03 
-6.69684E-05 1.54421E-03 
-7.03158E-05 1.55381E-03 
-9.00711E-05 1.60180E-03 
-1.16264E-04 1.65395E-03 
-1.49022E-04 1.71095E-03 
-1.88369E-04 1.77357E-03 
-2.03186E-04 1.86165E-03 
-2.56825E-04 1.93429E-03 
-3.17912E-04 2.01581E-03 
-3.86065E-04 2.10734E-03 
-4.60885E-04 2.21008E-03 
-5.42460E-04 2.32533E-03 
-6.33225E-04 2.45489E-03 
-7.44799E-04 2.60234E-03 
-9.19785E-04 2.77775E-03 
-1.27072E-03 3.00847E-03 
-1.92492E-03 3.33588E-03 
-2.74278E-03 3.75189E-03 
-3.37032E-03 4.17928E-03 
4.28705E-05 1.45082E-03 
6.01721E-05 1.49098E-03 
4.51577E-05 1.64323E-03 
5.52800E-05 1.68209E-03 
6.11567E-05 1.72262E-03 
6.24567E-05 1.76530E-03 
5.89046E-05 1.81061E-03 
5.26877E-05 1.84781E-03 
5.02852E-05 1.85908E-03 
3.51439E-05 1.91550E-03 
1.38465E-05 1.97693E-03 
-1.35921E-05 2.04412E-03 
-4.70351E-05 2.11787E-03 
-5.00271E-05 2.21760E-03 
-9.65811E-05 2.30287E-03 
-1.49440E-04 2.39826E-03 
-2.07926E-04 2.50489E-03 
-2.71320E-04 2.62390E-03 
-3.39374E-04 2.75662E-03 
-4.14200E-04 2.90497E-03 
-5.07171E-04 3.07328E-03 
-6.60818E-04 3.27442E-03 
-9.87390E-04 3.54320E-03 
-1.61149E-03 3.92971E-03 
-2.38769E-03 4.41693E-03 
-2.96023E-03 4.90359E-03 
1.52928E-04 1.73092E-03 
1.75291E-04 1.77655E-03 
1.74170E-04 1.95557E-03 
1.89557E-04 1.99931E-03 
2.00557E-04 2.04536E-03 
2.06920E-04 2.09421E-03 
2.08460E-04 2.14640E-03 
2.06264E-04 2.18942E-03 
2.05059E-04 2.20248E-03 
1.95809E-04 2.26797E-03 
1.80822E-04 2.33940E-03 
1.60273E-04 2.41755E-03 
1.34477E-04 2.50321E-03 
1.45680E-04 2.61470E-03 
1.08200E-04 2.71349E-03 
6.58432E-05 2.82361E-03 
1.96106E-05 2.94612E-03 
-2.94322E-05 3.08210E-03 
-8.06724E-05 3.23282E-03 
-1.35848E-04 3.40032E-03 
-2.05948E-04 3.58971E-03 
-3.32979E-04 3.81685E-03 
-6.27674E-04 4.12457E-03 
-1.21032E-03 4.57205E-03 
-1.93070E-03 5.13210E-03 
-2.43508E-03 5.67742E-03 
2.94493E-04 2.05247E-03 
3.22714E-04 2.10416E-03 
3.40938E-04 2.31117E-03 
3.62489E-04 2.36011E-03 
3.79578E-04 2.41207E-03 
3.92050E-04 2.46761E-03 
3.99823E-04 2.52727E-03 
4.02606E-04 2.57663E-03 
4.02891E-04 2.59164E-03 
4.01021E-04 2.66700E-03 
3.93996E-04 2.74931E-03 
3.82175E-04 2.83933E-03 
3.66074E-04 2.93787E-03 
3.94257E-04 3.06119E-03 
3.68218E-04 3.17453E-03 
3.39073E-04 3.30035E-03 
3.08178E-04 3.43961E-03 
2.76972E-04 3.59327E-03 
2.46463E-04 3.76249E-03 
2.15342E-04 3.94940E-03 
1.73159E-04 4.15993E-03 
7.89513E-05 4.41316E-03 
-1.75094E-04 4.76056E-03 
-7.03104E-04 5.27085E-03 
-1.35131E-03 5.90520E-03 
-1.77236E-03 6.50803E-03 
4.74157E-04 2.41889E-03 
5.09085E-04 2.47734E-03 
5.53323E-04 2.71244E-03 
5.81961E-04 2.76693E-03 
6.06148E-04 2.82529E-03 
6.25838E-04 2.88807E-03 
6.41068E-04 2.95585E-03 
6.49866E-04 3.01211E-03 
6.51961E-04 3.02923E-03 
6.59099E-04 3.11533E-03 
6.61859E-04 3.20940E-03 
6.60809E-04 3.31224E-03 
6.56687E-04 3.42458E-03 
7.04871E-04 3.55949E-03 
6.92950E-04 3.68833E-03 
6.80085E-04 3.83067E-03 
6.68008E-04 3.98730E-03 
6.58559E-04 4.15900E-03 
6.53165E-04 4.34679E-03 
6.50998E-04 4.55284E-03 
6.42313E-04 4.78391E-03 
5.87778E-04 5.06256E-03 
3.84098E-04 5.44946E-03 
-7.46636E-05 6.02312E-03 
-6.32698E-04 6.73160E-03 
-9.54086E-04 7.38904E-03 
6.99473E-04 2.83324E-03 
7.41999E-04 2.89925E-03 
8.20235E-04 3.16101E-03 
8.56873E-04 3.22152E-03 
8.89182E-04 3.28683E-03 
9.17239E-04 3.35751E-03 
9.41219E-04 3.43414E-03 
9.57140E-04 3.49790E-03 
9.61387E-04 3.51733E-03 
9.79299E-04 3.61505E-03 
9.93842E-04 3.72183E-03 
1.00582E-03 3.83838E-03 
1.01622E-03 3.96538E-03 
1.08764E-03 4.11132E-03 
1.09287E-03 4.25642E-03 
1.09974E-03 4.41581E-03 
1.11041E-03 4.59007E-03 
1.12710E-03 4.77971E-03 
1.15170E-03 4.98553E-03 
1.18390E-03 5.20973E-03 
1.21483E-03 5.45993E-03 
1.20746E-03 5.76236E-03 
1.06479E-03 6.18732E-03 
6.91307E-04 6.82329E-03 
2.43011E-04 7.60373E-03 
3.86143E-05 8.31075E-03 
9.79411E-04 3.29869E-03 
1.03047E-03 3.37325E-03 
1.15211E-03 3.65826E-03 
1.19763E-03 3.72542E-03 
1.23909E-03 3.79840E-03 
1.27670E-03 3.87777E-03 
1.31079E-03 3.96411E-03 
1.33502E-03 4.03607E-03 
1.34179E-03 4.05800E-03 
1.37240E-03 4.16833E-03 
1.40094E-03 4.28875E-03 
1.42846E-03 4.41990E-03 
1.45623E-03 4.56231E-03 
1.55438E-03 4.71831E-03 
1.58021E-03 4.88016E-03 
1.61078E-03 5.05677E-03 
1.64863E-03 5.24838E-03 
1.69642E-03 5.45521E-03 
1.75647E-03 5.67778E-03 
1.82902E-03 5.91823E-03 
1.90630E-03 6.18510E-03 
1.95426E-03 6.50843E-03 
1.88424E-03 6.96856E-03 
1.61357E-03 7.66387E-03 
1.29621E-03 8.51170E-03 
1.22715E-03 9.26083E-03 
1.32292E-03 3.81602E-03 
1.38347E-03 3.90030E-03 
1.55912E-03 4.20260E-03 
1.61431E-03 4.27724E-03 
1.66589E-03 4.35880E-03 
1.71422E-03 4.44783E-03 
1.75982E-03 4.54486E-03 
1.79361E-03 4.62576E-03 
1.80329E-03 4.65042E-03 
1.84867E-03 4.77434E-03 
1.89359E-03 4.90929E-03 
1.93942E-03 5.05574E-03 
1.98773E-03 5.21405E-03 
2.11621E-03 5.37858E-03 
2.16653E-03 5.55719E-03 
2.22521E-03 5.75053E-03 
2.29518E-03 5.95846E-03 
2.37950E-03 6.18079E-03 
2.48091E-03 6.41772E-03 
2.60026E-03 6.67131E-03 
2.73101E-03 6.95101E-03 
2.84293E-03 7.29082E-03 
2.85785E-03 7.78130E-03 
2.70853E-03 8.53037E-03 
2.54427E-03 9.43796E-03 
2.62910E-03 1.02188E-02 
1.73989E-03 4.38553E-03 
1.81094E-03 4.48094E-03 
2.05221E-03 4.79163E-03 
2.11777E-03 4.87490E-03 
2.18038E-03 4.96621E-03 
2.24062E-03 5.06605E-03 
2.29917E-03 5.17488E-03 
2.34385E-03 5.26554E-03 
2.35688E-03 5.29314E-03 
2.41927E-03 5.43162E-03 
2.48326E-03 5.58184E-03 
2.55049E-03 5.74404E-03 
2.62288E-03 5.91832E-03 
2.78544E-03 6.08921E-03 
2.86467E-03 6.28388E-03 
2.95641E-03 6.49260E-03 
3.06399E-03 6.71477E-03 
3.19082E-03 6.94974E-03 
3.34002E-03 7.19730E-03 
3.51303E-03 7.45944E-03 
3.70478E-03 7.74652E-03 
3.88967E-03 8.09658E-03 
4.00236E-03 8.61038E-03 
3.99377E-03 9.40477E-03 
4.00549E-03 1.03611E-02 
4.26273E-03 1.11600E-02 
2.24025E-03 5.00587E-03 
2.32283E-03 5.11402E-03 
2.64189E-03 5.42098E-03 
2.71841E-03 5.51435E-03 
2.79295E-03 5.61685E-03 
2.86630E-03 5.72885E-03 
2.93937E-03 5.85070E-03 
2.99639E-03 5.95191E-03 
3.01324E-03 5.98266E-03 
3.09518E-03 6.13650E-03 
3.18122E-03 6.30241E-03 
3.27337E-03 6.48033E-03 
3.37385E-03 6.67000E-03 
3.57432E-03 6.84430E-03 
3.68745E-03 7.05333E-03 
3.81781E-03 7.27489E-03 
3.96903E-03 7.50786E-03 
4.14484E-03 7.75107E-03 
4.34868E-03 8.00389E-03 
4.58254E-03 8.26821E-03 
4.84299E-03 8.55533E-03 
5.11000E-03 8.90734E-03 
5.33352E-03 9.43491E-03 
5.48541E-03 1.02629E-02 
5.69607E-03 1.12531E-02 
6.14346E-03 1.20533E-02 
2.83442E-03 5.67498E-03 
2.92972E-03 5.79770E-03 
3.33869E-03 6.08550E-03 
3.42672E-03 6.19084E-03 
3.51415E-03 6.30620E-03 
3.60196E-03 6.43183E-03 
3.69134E-03 6.56788E-03 
3.76240E-03 6.68034E-03 
3.78360E-03 6.71440E-03 
3.88802E-03 6.88404E-03 
3.99963E-03 7.06552E-03 
4.12076E-03 7.25837E-03 
4.25397E-03 7.46190E-03 
4.49627E-03 7.63565E-03 
4.64901E-03 7.85597E-03 
4.82419E-03 8.08630E-03 
5.02571E-03 8.32492E-03 
5.25749E-03 8.57012E-03 
5.52319E-03 8.82085E-03 
5.82532E-03 9.07893E-03 
6.16228E-03 9.35661E-03 
6.52050E-03 9.69995E-03 
6.86787E-03 1.02290E-02 
7.19998E-03 1.10753E-02 
7.63219E-03 1.20806E-02 
8.28623E-03 1.28617E-02 
3.53138E-03 6.38832E-03 
3.64084E-03 6.52747E-03 
4.15072E-03 6.77770E-03 
4.25094E-03 6.89709E-03 
4.35238E-03 7.02711E-03 
4.45630E-03 7.16775E-03 
4.56414E-03 7.31893E-03 
4.65127E-03 7.44297E-03 
4.67749E-03 7.48038E-03 
4.80791E-03 7.66555E-03 
4.94922E-03 7.86151E-03 
5.10408E-03 8.06732E-03 
5.27533E-03 8.28178E-03 
5.56344E-03 8.44982E-03 
5.76218E-03 8.67656E-03 
5.98902E-03 8.90958E-03 
6.24796E-03 9.14657E-03 
6.54301E-03 9.38531E-03 
6.87791E-03 9.62436E-03 
7.25563E-03 9.86549E-03 
7.67654E-03 1.01220E-02 
8.13452E-03 1.04436E-02 
8.61806E-03 1.09591E-02 
9.14922E-03 1.18046E-02 
9.82404E-03 1.28021E-02 
1.06988E-02 1.35408E-02 
4.33887E-03 7.13984E-03 
4.46437E-03 7.29709E-03 
5.08391E-03 7.48908E-03 
5.19732E-03 7.62464E-03 
5.31436E-03 7.77088E-03 
5.43657E-03 7.92751E-03 
5.56565E-03 8.09408E-03 
5.67142E-03 8.22940E-03 
5.70346E-03 8.26998E-03 
5.86419E-03 8.46919E-03 
6.04018E-03 8.67711E-03 
6.23436E-03 8.89222E-03 
6.44980E-03 9.11277E-03 
6.78769E-03 9.26850E-03 
7.03953E-03 9.49451E-03 
7.32540E-03 9.72176E-03 
7.64925E-03 9.94742E-03 
8.01497E-03 1.01688E-02 
8.42626E-03 1.03841E-02 
8.88642E-03 1.05952E-02 
9.39800E-03 1.08164E-02 
9.96326E-03 1.11010E-02 
1.05940E-02 1.15849E-02 
1.13412E-02 1.24071E-02 
1.22772E-02 1.33700E-02 
1.33835E-02 1.40403E-02 
5.26261E-03 7.92164E-03 
5.40675E-03 8.09804E-03 
6.14106E-03 8.21015E-03 
6.26935E-03 8.36353E-03 
6.40435E-03 8.52688E-03 
6.54787E-03 8.69949E-03 
6.70189E-03 8.88053E-03 
6.82960E-03 9.02573E-03 
6.86852E-03 9.06894E-03 
7.06493E-03 9.27891E-03 
7.28161E-03 9.49419E-03 
7.52167E-03 9.71268E-03 
7.78828E-03 9.93205E-03 
8.17989E-03 1.00672E-02 
8.49253E-03 1.02826E-02 
8.84514E-03 1.04930E-02 
9.24143E-03 1.06949E-02 
9.68499E-03 1.08853E-02 
1.01793E-02 1.10624E-02 
1.07278E-02 1.12282E-02 
1.13354E-02 1.13980E-02 
1.20138E-02 1.16282E-02 
1.28006E-02 1.20601E-02 
1.37783E-02 1.28332E-02 
1.49902E-02 1.37316E-02 
1.63342E-02 1.43057E-02 
6.30576E-03 8.72374E-03 
6.47218E-03 8.91908E-03 
7.32139E-03 8.93039E-03 
7.46736E-03 9.10215E-03 
7.62387E-03 9.28207E-03 
7.79297E-03 9.46903E-03 
7.97687E-03 9.66169E-03 
8.13079E-03 9.81372E-03 
8.17789E-03 9.85853E-03 
8.41660E-03 1.00735E-02 
8.68113E-03 1.02888E-02 
8.97463E-03 1.05019E-02 
9.30023E-03 1.07099E-02 
9.74933E-03 1.08144E-02 
1.01308E-02 1.10064E-02 
1.05578E-02 1.11858E-02 
1.10337E-02 1.13490E-02 
1.15615E-02 1.14926E-02 
1.21442E-02 1.16148E-02 
1.27855E-02 1.17180E-02 
1.34926E-02 1.18187E-02 
1.42875E-02 1.19756E-02 
1.52362E-02 1.23337E-02 
1.64547E-02 1.30295E-02 
1.79524E-02 1.38313E-02 
1.95350E-02 1.42809E-02 
7.46914E-03 9.53381E-03 
7.66292E-03 9.74590E-03 
8.62102E-03 9.63826E-03 
8.78910E-03 9.82691E-03 
8.97228E-03 1.00206E-02 
9.17281E-03 1.02178E-02 
9.39306E-03 1.04165E-02 
9.57855E-03 1.05702E-02 
9.63545E-03 1.06149E-02 
9.92446E-03 1.08257E-02 
1.02452E-02 1.10306E-02 
1.06005E-02 1.12262E-02 
1.09935E-02 1.14094E-02 
1.15035E-02 1.14712E-02 
1.19617E-02 1.16242E-02 
1.24704E-02 1.17560E-02 
1.30320E-02 1.18629E-02 
1.36490E-02 1.19417E-02 
1.43237E-02 1.19908E-02 
1.50597E-02 1.20133E-02 
1.58670E-02 1.20265E-02 
1.67787E-02 1.20909E-02 
1.78915E-02 1.23524E-02 
1.93561E-02 1.29415E-02 
2.11432E-02 1.36140E-02 
2.29587E-02 1.39120E-02 
8.75131E-03 1.03363E-02 
8.97927E-03 1.05601E-02 
1.00335E-02 1.03201E-02 
1.02301E-02 1.05212E-02 
1.04471E-02 1.07227E-02 
1.06867E-02 1.09226E-02 
1.09514E-02 1.11185E-02 
1.11750E-02 1.12658E-02 
1.12436E-02 1.13079E-02 
1.15922E-02 1.15020E-02 
1.19783E-02 1.16821E-02 
1.24045E-02 1.18448E-02 
1.28734E-02 1.19866E-02 
1.34470E-02 1.19921E-02 
1.39890E-02 1.20877E-02 
1.45852E-02 1.21530E-02 
1.52371E-02 1.21846E-02 
1.59461E-02 1.21796E-02 
1.67136E-02 1.21369E-02 
1.75433E-02 1.20604E-02 
1.84479E-02 1.19682E-02 
1.94729E-02 1.19218E-02 
2.07470E-02 1.20647E-02 
2.24571E-02 1.25184E-02 
2.45300E-02 1.30299E-02 
2.65658E-02 1.31522E-02 
1.01519E-02 1.11128E-02 
1.04229E-02 1.13394E-02 
1.15538E-02 1.09600E-02 
1.17878E-02 1.11651E-02 
1.20478E-02 1.13645E-02 
1.23361E-02 1.15556E-02 
1.26550E-02 1.17357E-02 
1.29242E-02 1.18658E-02 
1.30068E-02 1.19021E-02 
1.34251E-02 1.20626E-02 
1.38864E-02 1.22002E-02 
1.43925E-02 1.23112E-02 
1.49452E-02 1.23920E-02 
1.55843E-02 1.23263E-02 
1.62158E-02 1.23444E-02 
1.69033E-02 1.23232E-02 
1.76474E-02 1.22598E-02 
1.84481E-02 1.21519E-02 
1.93060E-02 1.19995E-02 
2.02247E-02 1.18070E-02 
2.12199E-02 1.15935E-02 
2.23499E-02 1.14199E-02 
2.37777E-02 1.14246E-02 
2.57262E-02 1.17160E-02 
2.80741E-02 1.20377E-02 
3.03105E-02 1.19647E-02 
1.16621E-02 1.18352E-02 
1.19867E-02 1.20516E-02 
1.31687E-02 1.15339E-02 
1.34510E-02 1.17301E-02 
1.37650E-02 1.19129E-02 
1.41128E-02 1.20796E-02 
1.44965E-02 1.22272E-02 
1.48191E-02 1.23263E-02 
1.49178E-02 1.23526E-02 
1.54160E-02 1.24597E-02 
1.59614E-02 1.25342E-02 
1.65551E-02 1.25725E-02 
1.71978E-02 1.25716E-02 
1.79021E-02 1.24197E-02 
1.86257E-02 1.23401E-02 
1.94050E-02 1.22132E-02 
2.02392E-02 1.20366E-02 
2.11272E-02 1.18092E-02 
2.20685E-02 1.15319E-02 
2.30667E-02 1.12101E-02 
2.41408E-02 1.08636E-02 
2.53626E-02 1.05512E-02 
2.69301E-02 1.04025E-02 
2.91018E-02 1.05098E-02 
3.17046E-02 1.06190E-02 
3.41143E-02 1.03387E-02 
1.32878E-02 1.24766E-02 
1.36782E-02 1.26653E-02 
1.48819E-02 1.20171E-02 
1.52252E-02 1.21866E-02 
1.56056E-02 1.23342E-02 
1.60249E-02 1.24568E-02 
1.64844E-02 1.25514E-02 
1.68684E-02 1.26036E-02 
1.69854E-02 1.26152E-02 
1.75731E-02 1.26462E-02 
1.82105E-02 1.26349E-02 
1.88978E-02 1.25784E-02 
1.96343E-02 1.24742E-02 
2.04018E-02 1.22217E-02 
2.12169E-02 1.20253E-02 
2.20849E-02 1.17748E-02 
2.30034E-02 1.14693E-02 
2.39701E-02 1.11086E-02 
2.49836E-02 1.06949E-02 
2.60475E-02 1.02347E-02 
2.71845E-02 9.74782E-03 
2.84804E-02 9.28974E-03 
3.01686E-02 8.97755E-03 
3.25429E-02 8.88401E-03 
3.53742E-02 8.76393E-03 
3.79246E-02 8.27111E-03 
1.50293E-02 1.29997E-02 
1.54985E-02 1.31391E-02 
1.66928E-02 1.23747E-02 
1.71107E-02 1.24958E-02 
1.75702E-02 1.25858E-02 
1.80724E-02 1.26417E-02 
1.86180E-02 1.26607E-02 
1.90703E-02 1.26485E-02 
1.92074E-02 1.26404E-02 
1.98919E-02 1.25716E-02 
2.06266E-02 1.24518E-02 
2.14102E-02 1.22790E-02 
2.22408E-02 1.20518E-02 
2.30665E-02 1.16864E-02 
2.39681E-02 1.13570E-02 
2.49169E-02 1.09693E-02 
2.59092E-02 1.05236E-02 
2.69412E-02 1.00211E-02 
2.80108E-02 9.46525E-03 
2.91220E-02 8.86359E-03 
3.03013E-02 8.23540E-03 
3.16489E-02 7.63130E-03 
3.34340E-02 7.15211E-03 
3.59834E-02 6.84832E-03 
3.90104E-02 6.49037E-03 
4.16638E-02 5.78844E-03 
1.68922E-02 1.33628E-02 
1.74528E-02 1.34284E-02 
1.86070E-02 1.25668E-02 
1.91128E-02 1.26147E-02 
1.96632E-02 1.26225E-02 
2.02584E-02 1.25876E-02 
2.08983E-02 1.25076E-02 
2.14237E-02 1.24136E-02 
2.15822E-02 1.23807E-02 
2.23677E-02 1.21894E-02 
2.32010E-02 1.19402E-02 
2.40795E-02 1.16323E-02 
2.49999E-02 1.12653E-02 
2.58758E-02 1.07781E-02 
2.68541E-02 1.03046E-02 
2.78710E-02 9.77129E-03 
2.89214E-02 9.17996E-03 
3.00007E-02 8.53342E-03 
3.11060E-02 7.83625E-03 
3.22419E-02 7.09679E-03 
3.34391E-02 6.33332E-03 
3.48123E-02 5.58979E-03 
3.66662E-02 4.94722E-03 
3.93587E-02 4.43142E-03 
4.25434E-02 3.83542E-03 
4.52591E-02 2.93603E-03 
1.88843E-02 1.35206E-02 
1.95476E-02 1.34865E-02 
2.06338E-02 1.25489E-02 
2.12388E-02 1.24977E-02 
2.18895E-02 1.23983E-02 
2.25850E-02 1.22487E-02 
2.33241E-02 1.20475E-02 
2.39247E-02 1.18556E-02 
2.41049E-02 1.17935E-02 
2.49912E-02 1.14599E-02 
2.59199E-02 1.10641E-02 
2.68872E-02 1.06066E-02 
2.78881E-02 1.00886E-02 
2.88025E-02 9.47516E-03 
2.98425E-02 8.85241E-03 
3.09100E-02 8.17173E-03 
3.19986E-02 7.43634E-03 
3.31028E-02 6.65050E-03 
3.42194E-02 5.81993E-03 
3.53540E-02 4.95343E-03 
3.65416E-02 4.06763E-03 
3.79119E-02 3.19813E-03 
3.98037E-02 2.40285E-03 
4.26033E-02 1.68103E-03 
4.59045E-02 8.55044E-04 
4.86404E-02 -2.22638E-04 
2.10141E-02 1.34265E-02 
2.17885E-02 1.32671E-02 
2.27836E-02 1.22749E-02 
2.34961E-02 1.20995E-02 
2.42528E-02 1.18696E-02 
2.50517E-02 1.15842E-02 
2.58905E-02 1.12426E-02 
2.65650E-02 1.09399E-02 
2.67661E-02 1.08450E-02 
2.77478E-02 1.03541E-02 
2.87635E-02 9.79991E-03 
2.98078E-02 9.18454E-03 
3.08749E-02 8.51073E-03 
3.18126E-02 7.77197E-03 
3.28948E-02 7.00208E-03 
3.39908E-02 6.17948E-03 
3.50935E-02 5.30885E-03 
3.61968E-02 4.39571E-03 
3.72975E-02 3.44673E-03 
3.84023E-02 2.47080E-03 
3.95512E-02 1.48215E-03 
4.08884E-02 5.06449E-04 
4.27853E-02 -4.24400E-04 
4.56543E-02 -1.33905E-03 
4.90291E-02 -2.37945E-03 
5.17434E-02 -3.60988E-03 
2.32888E-02 1.30362E-02 
2.41789E-02 1.27282E-02 
2.50652E-02 1.17011E-02 
2.58889E-02 1.13796E-02 
2.67526E-02 1.09997E-02 
2.76531E-02 1.05615E-02 
2.85869E-02 1.00657E-02 
2.93297E-02 9.64322E-03 
2.95500E-02 9.51341E-03 
3.06159E-02 8.85673E-03 
3.17046E-02 8.13941E-03 
3.28093E-02 7.36504E-03 
3.39231E-02 6.53787E-03 
3.48657E-02 5.68080E-03 
3.59662E-02 4.77330E-03 
3.70651E-02 3.82164E-03 
3.81547E-02 2.83175E-03 
3.92287E-02 1.81021E-03 
4.02844E-02 7.64295E-04 
4.13300E-02 -2.97416E-04 
4.24104E-02 -1.36382E-03 
4.36839E-02 -2.42063E-03 
4.55532E-02 -3.46439E-03 
4.84532E-02 -4.55243E-03 
5.18586E-02 -5.78524E-03 
5.45115E-02 -7.13805E-03 
2.57139E-02 1.23102E-02 
2.67193E-02 1.18348E-02 
2.74850E-02 1.07895E-02 
2.84181E-02 1.03050E-02 
2.93842E-02 9.76121E-03 
3.03789E-02 9.15949E-03 
3.13976E-02 8.50175E-03 
3.21991E-02 7.95595E-03 
3.24353E-02 7.79050E-03 
3.35691E-02 6.96713E-03 
3.47114E-02 6.08954E-03 
3.58548E-02 5.16275E-03 
3.69916E-02 4.19239E-03 
3.79178E-02 3.22994E-03 
3.90096E-02 2.20157E-03 
4.00831E-02 1.14057E-03 
4.11304E-02 5.38700E-05 
4.21456E-02 -1.05123E-03 
4.31264E-02 -2.16717E-03 
4.40832E-02 -3.28617E-03 
4.50659E-02 -4.40095E-03 
4.62464E-02 -5.50983E-03 
4.80563E-02 -6.63972E-03 
5.09495E-02 -7.87676E-03 
5.43444E-02 -9.27509E-03 
5.68990E-02 -1.07168E-02 
2.82768E-02 1.12234E-02 
2.93913E-02 1.05686E-02 
3.00306E-02 9.51853E-03 
3.10650E-02 8.86154E-03 
3.21226E-02 8.14770E-03 
3.31980E-02 7.37968E-03 
3.42858E-02 6.56065E-03 
3.51321E-02 5.89428E-03 
3.53799E-02 5.69436E-03 
3.65596E-02 4.71218E-03 
3.77316E-02 3.68579E-03 
3.88879E-02 2.62150E-03 
4.00204E-02 1.52605E-03 
4.09071E-02 4.77234E-04 
4.19613E-02 -6.48360E-04 
4.29799E-02 -1.79268E-03 
4.39555E-02 -2.94810E-03 
4.48825E-02 -4.10696E-03 
4.57600E-02 -5.26182E-03 
4.66003E-02 -6.40615E-03 
4.74583E-02 -7.53709E-03 
4.85191E-02 -8.66653E-03 
5.02403E-02 -9.85284E-03 
5.30917E-02 -1.12104E-02 
5.64376E-02 -1.27434E-02 
5.88619E-02 -1.42387E-02 
3.10062E-02 9.73926E-03 
3.22191E-02 8.89760E-03 
3.27288E-02 7.85311E-03 
3.38515E-02 7.01972E-03 
3.49851E-02 6.13537E-03 
3.61233E-02 5.20402E-03 
3.72599E-02 4.23005E-03 
3.81341E-02 3.45027E-03 
3.83883E-02 3.21833E-03 
3.95880E-02 2.09120E-03 
4.07622E-02 9.33298E-04 
4.19025E-02 -2.48080E-04 
4.30010E-02 -1.44538E-03 
4.38230E-02 -2.55757E-03 
4.48089E-02 -3.75250E-03 
4.57422E-02 -4.95033E-03 
4.66159E-02 -6.14310E-03 
4.74254E-02 -7.32317E-03 
4.81712E-02 -8.48363E-03 
4.88679E-02 -9.61966E-03 
4.95755E-02 -1.07334E-02 
5.04912E-02 -1.18510E-02 
5.20962E-02 -1.30634E-02 
5.48727E-02 -1.45124E-02 
5.81341E-02 -1.61485E-02 
6.03989E-02 -1.76628E-02 
3.38701E-02 7.85623E-03 
3.51640E-02 6.82996E-03 
3.55450E-02 5.79903E-03 
3.67364E-02 4.79502E-03 
3.79243E-02 3.74931E-03 
3.91017E-02 2.66700E-03 
4.02619E-02 1.55351E-03 
4.11434E-02 6.74228E-04 
4.13980E-02 4.14661E-04 
4.25880E-02 -8.34732E-04 
4.37336E-02 -2.09870E-03 
4.48269E-02 -3.36931E-03 
4.58604E-02 -4.63856E-03 
4.65922E-02 -5.78626E-03 
4.74798E-02 -7.01774E-03 
4.82984E-02 -8.23522E-03 
4.90421E-02 -9.43081E-03 
4.97076E-02 -1.05973E-02 
5.02967E-02 -1.17286E-02 
5.08268E-02 -1.28220E-02 
5.13627E-02 -1.38851E-02 
5.21127E-02 -1.49589E-02 
5.35784E-02 -1.61665E-02 
5.62509E-02 -1.76759E-02 
5.93966E-02 -1.93820E-02 
6.14790E-02 -2.08814E-02 
3.68647E-02 5.56713E-03 
3.82172E-02 4.36595E-03 
3.84710E-02 3.35554E-03 
3.97064E-02 2.19440E-03 
4.09223E-02 1.00387E-03 
4.21113E-02 -2.09984E-04 
4.32664E-02 -1.44092E-03 
4.41325E-02 -2.40095E-03 
4.43807E-02 -2.68241E-03 
4.55286E-02 -4.02528E-03 
4.66133E-02 -5.36443E-03 
4.76273E-02 -6.69165E-03 
4.85640E-02 -7.99890E-03 
4.91802E-02 -9.15131E-03 
4.99401E-02 -1.03840E-02 
5.06161E-02 -1.15855E-02 
5.12035E-02 -1.27483E-02 
5.17005E-02 -1.38659E-02 
5.21109E-02 -1.49336E-02 
5.24545E-02 -1.59510E-02 
5.28008E-02 -1.69314E-02 
5.33679E-02 -1.79308E-02 
5.46746E-02 -1.91040E-02 
5.72175E-02 -2.06432E-02 
6.02203E-02 -2.23868E-02 
6.21018E-02 -2.38396E-02 
3.99739E-02 2.87773E-03 
4.13575E-02 1.51949E-03 
4.14855E-02 5.36856E-04 
4.27356E-02 -7.60026E-04 
4.39491E-02 -2.07138E-03 
4.51185E-02 -3.39040E-03 
4.62369E-02 -4.71031E-03 
4.70630E-02 -5.72781E-03 
4.72976E-02 -6.02419E-03 
4.83695E-02 -7.42624E-03 
4.93598E-02 -8.80494E-03 
5.02620E-02 -1.01522E-02 
5.10707E-02 -1.14604E-02 
5.15465E-02 -1.25847E-02 
5.21510E-02 -1.37819E-02 
5.26588E-02 -1.49310E-02 
5.30665E-02 -1.60254E-02 
5.33740E-02 -1.70596E-02 
5.35870E-02 -1.80305E-02 
5.37280E-02 -1.89404E-02 
5.38707E-02 -1.98085E-02 
5.42417E-02 -2.07053E-02 
5.53739E-02 -2.18165E-02 
5.77654E-02 -2.33559E-02 
6.06021E-02 -2.51055E-02 
6.22688E-02 -2.64830E-02 
4.31769E-02 -1.96547E-04 
4.45594E-02 -1.68608E-03 
4.45611E-02 -2.63201E-03 
4.57927E-02 -4.03586E-03 
4.69701E-02 -5.43723E-03 
4.80861E-02 -6.82890E-03 
4.91343E-02 -8.20383E-03 
4.98948E-02 -9.25175E-03 
5.01084E-02 -9.55502E-03 
5.10694E-02 -1.09776E-02 
5.19318E-02 -1.23567E-02 
5.26905E-02 -1.36849E-02 
5.33412E-02 -1.49552E-02 
5.36531E-02 -1.60173E-02 
5.40773E-02 -1.71421E-02 
5.43940E-02 -1.82031E-02 
5.46018E-02 -1.91947E-02 
5.47023E-02 -2.01128E-02 
5.47034E-02 -2.09562E-02 
5.46299E-02 -2.17301E-02 
5.45594E-02 -2.24592E-02 
5.47255E-02 -2.32288E-02 
5.56714E-02 -2.42530E-02 
5.78935E-02 -2.57648E-02 
6.05450E-02 -2.74906E-02 
6.19876E-02 -2.87674E-02 
4.64463E-02 -3.62991E-03 
4.77918E-02 -5.21745E-03 
4.76641E-02 -6.11492E-03 
4.88407E-02 -7.59035E-03 
4.99459E-02 -9.04502E-03 
5.09730E-02 -1.04716E-02 
5.19162E-02 -1.18632E-02 
5.25851E-02 -1.29116E-02 
5.27702E-02 -1.32130E-02 
5.35859E-02 -1.46144E-02 
5.42879E-02 -1.59526E-02 
5.48727E-02 -1.72211E-02 
5.53378E-02 -1.84140E-02 
5.54645E-02 -1.93801E-02 
5.56862E-02 -2.03967E-02 
5.57927E-02 -2.13355E-02 
5.57845E-02 -2.21922E-02 
5.56648E-02 -2.29646E-02 
5.54436E-02 -2.36531E-02 
5.51481E-02 -2.42660E-02 
5.48592E-02 -2.48339E-02 
5.48159E-02 -2.54552E-02 
5.55678E-02 -2.63707E-02 
5.76062E-02 -2.78292E-02 
6.00573E-02 -2.95040E-02 
6.12709E-02 -3.06585E-02 
4.97162E-02 -7.34756E-03 
5.09860E-02 -8.99265E-03 
5.07238E-02 -9.82701E-03 
5.18082E-02 -1.13329E-02 
5.28049E-02 -1.27995E-02 
5.37082E-02 -1.42196E-02 
5.45132E-02 -1.55866E-02 
5.50659E-02 -1.66041E-02 
5.52157E-02 -1.68945E-02 
5.58547E-02 -1.82321E-02 
5.63677E-02 -1.94883E-02 
5.67530E-02 -2.06577E-02 
5.70098E-02 -2.17361E-02 
5.69348E-02 -2.25749E-02 
5.69381E-02 -2.34512E-02 
5.68217E-02 -2.42382E-02 
5.65876E-02 -2.49332E-02 
5.62412E-02 -2.55356E-02 
5.57943E-02 -2.60480E-02 
5.52762E-02 -2.64815E-02 
5.47704E-02 -2.68720E-02 
5.45195E-02 -2.73303E-02 
5.50758E-02 -2.81204E-02 
5.69217E-02 -2.95034E-02 
5.91631E-02 -3.11032E-02 
6.01492E-02 -3.21196E-02 
5.30077E-02 -1.13727E-02 
5.41598E-02 -1.30303E-02 
5.37522E-02 -1.37818E-02 
5.47040E-02 -1.52735E-02 
5.55535E-02 -1.67073E-02 
5.62961E-02 -1.80767E-02 
5.69280E-02 -1.93759E-02 
5.73392E-02 -2.03296E-02 
5.74465E-02 -2.05997E-02 
5.78763E-02 -2.18294E-02 
5.81709E-02 -2.29614E-02 
5.83304E-02 -2.39920E-02 
5.83561E-02 -2.49183E-02 
5.80624E-02 -2.55985E-02 
5.78317E-02 -2.63032E-02 
5.74797E-02 -2.69098E-02 
5.70106E-02 -2.74173E-02 
5.64315E-02 -2.78269E-02 
5.57559E-02 -2.81434E-02 
5.50150E-02 -2.83806E-02 
5.42941E-02 -2.85794E-02 
5.38378E-02 -2.88615E-02 
5.41968E-02 -2.95111E-02 
5.58414E-02 -3.07980E-02 
5.78633E-02 -3.23006E-02 
5.86229E-02 -3.31647E-02 
5.62233E-02 -1.55885E-02 
5.72158E-02 -1.72087E-02 
5.66506E-02 -1.78548E-02 
5.74317E-02 -1.92847E-02 
5.80982E-02 -2.06395E-02 
5.86467E-02 -2.19134E-02 
5.90750E-02 -2.31019E-02 
5.93231E-02 -2.39601E-02 
5.93819E-02 -2.42006E-02 
5.95763E-02 -2.52812E-02 
5.96298E-02 -2.62506E-02 
5.95447E-02 -2.71069E-02 
5.93241E-02 -2.78493E-02 
5.88021E-02 -2.83451E-02 
5.83297E-02 -2.88535E-02 
5.77381E-02 -2.92581E-02 
5.70331E-02 -2.95600E-02 
5.62235E-02 -2.97620E-02 
5.53244E-02 -2.98710E-02 
5.43684E-02 -2.99032E-02 
5.34420E-02 -2.99041E-02 
5.27896E-02 -3.00043E-02 
5.29563E-02 -3.05044E-02 
5.43971E-02 -3.16793E-02 
5.61965E-02 -3.30669E-02 
5.67378E-02 -3.37711E-02 
5.93145E-02 -1.99327E-02 
6.01059E-02 -2.14634E-02 
5.93685E-02 -2.19785E-02 
5.99421E-02 -2.32984E-02 
6.03917E-02 -2.45279E-02 
6.07155E-02 -2.56625E-02 
6.09128E-02 -2.66987E-02 
6.09787E-02 -2.74312E-02 
6.09838E-02 -2.76338E-02 
6.09204E-02 -2.85266E-02 
6.07147E-02 -2.92984E-02 
6.03706E-02 -2.99492E-02 
5.98932E-02 -3.04800E-02 
5.91373E-02 -3.07698E-02 
5.84204E-02 -3.10622E-02 
5.75897E-02 -3.12487E-02 
5.66524E-02 -3.13321E-02 
5.56190E-02 -3.13170E-02 
5.45058E-02 -3.12121E-02 
5.33464E-02 -3.10359E-02 
5.22277E-02 -3.08375E-02 
5.13918E-02 -3.07549E-02 
5.13741E-02 -3.11006E-02 
5.26113E-02 -3.21505E-02 
5.41881E-02 -3.34092E-02 
5.45221E-02 -3.39500E-02 
6.22100E-02 -2.43126E-02 
6.27612E-02 -2.57016E-02 
6.18364E-02 -2.60587E-02 
6.21696E-02 -2.72218E-02 
6.23728E-02 -2.82821E-02 
6.24459E-02 -2.92364E-02 
6.23897E-02 -3.00826E-02 
6.22586E-02 -3.06624E-02 
6.22061E-02 -3.08195E-02 
6.18688E-02 -3.14911E-02 
6.13917E-02 -3.20359E-02 
6.07805E-02 -3.24559E-02 
6.00423E-02 -3.27538E-02 
5.90525E-02 -3.28219E-02 
5.80944E-02 -3.28851E-02 
5.70309E-02 -3.28438E-02 
5.58708E-02 -3.27024E-02 
5.46256E-02 -3.24672E-02 
5.33128E-02 -3.21485E-02 
5.19664E-02 -3.17667E-02 
5.06728E-02 -3.13734E-02 
4.96698E-02 -3.11123E-02 
4.94793E-02 -3.13032E-02 
5.05169E-02 -3.22196E-02 
5.18747E-02 -3.33392E-02 
5.20157E-02 -3.37180E-02 
6.48406E-02 -2.86393E-02 
6.51165E-02 -2.98360E-02 
6.39894E-02 -3.00080E-02 
6.40539E-02 -3.09708E-02 
6.39861E-02 -3.18216E-02 
6.37877E-02 -3.25588E-02 
6.34610E-02 -3.31818E-02 
6.31225E-02 -3.35857E-02 
6.30096E-02 -3.36910E-02 
6.23884E-02 -3.41139E-02 
6.16339E-02 -3.44085E-02 
6.07538E-02 -3.45785E-02 
5.97565E-02 -3.46286E-02 
5.85383E-02 -3.44653E-02 
5.73476E-02 -3.42925E-02 
5.60629E-02 -3.40200E-02 
5.46941E-02 -3.36538E-02 
5.32538E-02 -3.32014E-02 
5.17599E-02 -3.26746E-02 
5.02467E-02 -3.20950E-02 
4.87989E-02 -3.15165E-02 
4.76484E-02 -3.10856E-02 
4.72993E-02 -3.11253E-02 
4.81439E-02 -3.19031E-02 
4.92893E-02 -3.28775E-02 
4.92542E-02 -3.30994E-02 
6.71227E-02 -3.28000E-02 
6.70944E-02 -3.37587E-02 
6.57530E-02 -3.37207E-02 
6.55273E-02 -3.44452E-02 
6.51713E-02 -3.50525E-02 
6.46879E-02 -3.55424E-02 
6.40812E-02 -3.59161E-02 
6.35303E-02 -3.61266E-02 
6.33563E-02 -3.61754E-02 
6.24488E-02 -3.63298E-02 
6.14188E-02 -3.63589E-02 
6.02752E-02 -3.62680E-02 
5.90278E-02 -3.60634E-02 
5.75930E-02 -3.56664E-02 
5.61846E-02 -3.52581E-02 
5.46962E-02 -3.47584E-02 
5.31385E-02 -3.41741E-02 
5.15245E-02 -3.35141E-02 
4.98726E-02 -3.27910E-02 
4.82166E-02 -3.20276E-02 
4.66389E-02 -3.12785E-02 
4.53633E-02 -3.06913E-02 
4.48728E-02 -3.05877E-02 
4.55345E-02 -3.12258E-02 
4.64777E-02 -3.20531E-02 
4.62861E-02 -3.21276E-02 
6.89758E-02 -3.66842E-02 
6.86223E-02 -3.73661E-02 
6.70590E-02 -3.70972E-02 
6.65300E-02 -3.75531E-02 
6.58764E-02 -3.78905E-02 
6.51026E-02 -3.81111E-02 
6.42144E-02 -3.82173E-02 
6.34524E-02 -3.82230E-02 
6.32178E-02 -3.82124E-02 
6.20300E-02 -3.80875E-02 
6.07340E-02 -3.78444E-02 
5.93398E-02 -3.74899E-02 
5.78581E-02 -3.70316E-02 
5.62242E-02 -3.64057E-02 
5.46188E-02 -3.57699E-02 
5.29493E-02 -3.50535E-02 
5.12269E-02 -3.42643E-02 
4.94649E-02 -3.34121E-02 
4.76816E-02 -3.25101E-02 
4.59099E-02 -3.15814E-02 
4.42290E-02 -3.06808E-02 
4.28529E-02 -2.99548E-02 
4.22405E-02 -2.97193E-02 
4.27322E-02 -3.02207E-02 
4.34863E-02 -3.09030E-02 
4.31597E-02 -3.08430E-02 
7.03247E-02 -4.01856E-02 
6.96345E-02 -4.05604E-02 
6.78473E-02 -4.00458E-02 
6.70106E-02 -4.02115E-02 
6.60588E-02 -4.02617E-02 
6.49978E-02 -4.01996E-02 
6.38345E-02 -4.00290E-02 
6.28687E-02 -3.98255E-02 
6.25761E-02 -3.97546E-02 
6.11218E-02 -3.93484E-02 
5.95768E-02 -3.88351E-02 
5.79517E-02 -3.82227E-02 
5.62578E-02 -3.75196E-02 
5.44478E-02 -3.66765E-02 
5.26710E-02 -3.58278E-02 
5.08474E-02 -3.49115E-02 
4.89884E-02 -3.39364E-02 
4.71074E-02 -3.29125E-02 
4.52220E-02 -3.18533E-02 
4.33636E-02 -3.07820E-02 
4.16079E-02 -2.97525E-02 
4.01574E-02 -2.89081E-02 
3.94443E-02 -2.85554E-02 
3.97812E-02 -2.89264E-02 
4.03619E-02 -2.94695E-02 
3.99231E-02 -2.92906E-02 
7.11013E-02 -4.31977E-02 
7.00736E-02 -4.32465E-02 
6.80679E-02 -4.24792E-02 
6.69293E-02 -4.23438E-02 
6.56886E-02 -4.21000E-02 
6.43529E-02 -4.17522E-02 
6.29298E-02 -4.13054E-02 
6.17740E-02 -4.08954E-02 
6.14276E-02 -4.07654E-02 
5.97291E-02 -4.00858E-02 
5.79595E-02 -3.93136E-02 
5.61301E-02 -3.84575E-02 
5.42522E-02 -3.75267E-02 
5.22944E-02 -3.64850E-02 
5.03763E-02 -3.54443E-02 
4.84295E-02 -3.43510E-02 
4.64653E-02 -3.32139E-02 
4.44966E-02 -3.20435E-02 
4.25402E-02 -3.08530E-02 
4.06259E-02 -2.96651E-02 
3.88246E-02 -2.85321E-02 
3.73266E-02 -2.75922E-02 
3.65351E-02 -2.71394E-02 
3.67346E-02 -2.73897E-02 
3.71598E-02 -2.78030E-02 
3.66325E-02 -2.75231E-02 
7.12551E-02 -4.56417E-02 
6.98993E-02 -4.53563E-02 
6.76874E-02 -4.43368E-02 
6.62615E-02 -4.38994E-02 
6.47494E-02 -4.33643E-02 
6.31591E-02 -4.27368E-02 
6.14990E-02 -4.20230E-02 
6.01720E-02 -4.14156E-02 
5.97777E-02 -4.12295E-02 
5.78634E-02 -4.02925E-02 
5.58997E-02 -3.92800E-02 
5.38976E-02 -3.82013E-02 
5.18682E-02 -3.70657E-02 
4.97939E-02 -3.58495E-02 
4.77676E-02 -3.46425E-02 
4.57307E-02 -3.33988E-02 
4.36943E-02 -3.21274E-02 
4.16705E-02 -3.08384E-02 
3.96749E-02 -2.95447E-02 
3.77353E-02 -2.82679E-02 
3.59176E-02 -2.70580E-02 
3.43986E-02 -2.60467E-02 
3.35511E-02 -2.55125E-02 
3.36319E-02 -2.56541E-02 
3.39207E-02 -2.59492E-02 
3.33280E-02 -2.55873E-02 
7.07583E-02 -4.74303E-02 
6.90975E-02 -4.68179E-02 
6.67014E-02 -4.55583E-02 
6.50148E-02 -4.48316E-02 
6.32599E-02 -4.40206E-02 
6.14455E-02 -4.31317E-02 
5.95800E-02 -4.21715E-02 
5.81074E-02 -4.13842E-02 
5.76726E-02 -4.11472E-02 
5.55791E-02 -3.99793E-02 
5.34583E-02 -3.87548E-02 
5.13208E-02 -3.74830E-02 
4.91773E-02 -3.61732E-02 
4.70217E-02 -3.48122E-02 
4.49229E-02 -3.34701E-02 
4.28310E-02 -3.21074E-02 
4.07566E-02 -3.07330E-02 
3.87106E-02 -2.93564E-02 
3.67075E-02 -2.79897E-02 
3.47725E-02 -2.66533E-02 
3.29664E-02 -2.53943E-02 
3.14518E-02 -2.43367E-02 
3.05710E-02 -2.37413E-02 
3.05533E-02 -2.37892E-02 
3.07270E-02 -2.39809E-02 
3.00918E-02 -2.35572E-02 
6.95914E-02 -4.85498E-02 
6.76534E-02 -4.76236E-02 
6.50988E-02 -4.61401E-02 
6.31815E-02 -4.51416E-02 
6.12156E-02 -4.40748E-02 
5.92099E-02 -4.29466E-02 
5.71733E-02 -4.17642E-02 
5.55817E-02 -4.08166E-02 
5.51145E-02 -4.05348E-02 
5.28797E-02 -3.91651E-02 
5.06398E-02 -3.77589E-02 
4.84049E-02 -3.63251E-02 
4.61847E-02 -3.48728E-02 
4.39827E-02 -3.33979E-02 
4.18466E-02 -3.19520E-02 
3.97341E-02 -3.05016E-02 
3.76546E-02 -2.90549E-02 
3.56182E-02 -2.76209E-02 
3.36376E-02 -2.62106E-02 
3.17357E-02 -2.48428E-02 
2.99674E-02 -2.35611E-02 
2.84812E-02 -2.24808E-02 
2.75879E-02 -2.18435E-02 
2.74907E-02 -2.18122E-02 
2.75686E-02 -2.19152E-02 
2.69117E-02 -2.14485E-02 
6.77691E-02 -4.89626E-02 
6.55929E-02 -4.77491E-02 
6.29133E-02 -4.60681E-02 
6.08045E-02 -4.48267E-02 
5.86672E-02 -4.35345E-02 
5.65105E-02 -4.21987E-02 
5.43428E-02 -4.08266E-02 
5.26634E-02 -3.97446E-02 
5.21726E-02 -3.94254E-02 
4.98391E-02 -3.78905E-02 
4.75219E-02 -3.63391E-02 
4.52302E-02 -3.47798E-02 
4.29725E-02 -3.32209E-02 
4.07599E-02 -3.16660E-02 
3.86218E-02 -3.01503E-02 
3.65224E-02 -2.86452E-02 
3.44700E-02 -2.71582E-02 
3.24732E-02 -2.56974E-02 
3.05432E-02 -2.42727E-02 
2.87001E-02 -2.29009E-02 
2.69934E-02 -2.16221E-02 
2.55570E-02 -2.05421E-02 
2.46709E-02 -1.98823E-02 
2.45136E-02 -1.97879E-02 
2.45158E-02 -1.98182E-02 
2.38564E-02 -1.93271E-02 
6.53266E-02 -4.86763E-02 
6.29576E-02 -4.72107E-02 
6.01909E-02 -4.53648E-02 
5.79343E-02 -4.39162E-02 
5.56694E-02 -4.24350E-02 
5.34048E-02 -4.09285E-02 
5.11485E-02 -3.94039E-02 
4.94135E-02 -3.82161E-02 
4.89085E-02 -3.78680E-02 
4.65199E-02 -3.62073E-02 
4.41675E-02 -3.45498E-02 
4.18592E-02 -3.29031E-02 
3.96024E-02 -3.12747E-02 
3.74138E-02 -2.96740E-02 
3.53073E-02 -2.81221E-02 
3.32525E-02 -2.65945E-02 
3.12565E-02 -2.50981E-02 
2.93265E-02 -2.36396E-02 
2.74721E-02 -2.22278E-02 
2.57106E-02 -2.08775E-02 
2.40859E-02 -1.96248E-02 
2.27179E-02 -1.85659E-02 
2.18566E-02 -1.79017E-02 
2.16575E-02 -1.77602E-02 
2.16030E-02 -1.77338E-02 
2.09579E-02 -1.72350E-02 
6.23190E-02 -4.77221E-02 
5.98069E-02 -4.60465E-02 
5.69938E-02 -4.40728E-02 
5.46359E-02 -4.24575E-02 
5.22889E-02 -4.08280E-02 
4.99609E-02 -3.91911E-02 
4.76593E-02 -3.75537E-02 
4.59011E-02 -3.62905E-02 
4.53912E-02 -3.59222E-02 
4.29905E-02 -3.41769E-02 
4.06438E-02 -3.24529E-02 
3.83576E-02 -3.07571E-02 
3.61378E-02 -2.90955E-02 
3.40051E-02 -2.74823E-02 
3.19609E-02 -2.59264E-02 
2.99791E-02 -2.44070E-02 
2.80656E-02 -2.29296E-02 
2.62262E-02 -2.15002E-02 
2.44686E-02 -2.01259E-02 
2.28078E-02 -1.88197E-02 
2.12821E-02 -1.76135E-02 
1.99978E-02 -1.65941E-02 
1.91765E-02 -1.59417E-02 
1.89522E-02 -1.57683E-02 
1.88584E-02 -1.57006E-02 
1.82416E-02 -1.52090E-02 
5.88186E-02 -4.61526E-02 
5.62153E-02 -4.43134E-02 
5.33975E-02 -4.22519E-02 
5.09855E-02 -4.05136E-02 
4.86022E-02 -3.87785E-02 
4.62550E-02 -3.70531E-02 
4.39502E-02 -3.53437E-02 
4.22001E-02 -3.40356E-02 
4.16942E-02 -3.36559E-02 
3.93224E-02 -3.18667E-02 
3.70197E-02 -3.01153E-02 
3.47912E-02 -2.84071E-02 
3.26414E-02 -2.67472E-02 
3.05934E-02 -2.51526E-02 
2.86385E-02 -2.36226E-02 
2.67543E-02 -2.21389E-02 
2.49454E-02 -2.07063E-02 
2.32162E-02 -1.93294E-02 
2.15730E-02 -1.80140E-02 
2.00279E-02 -1.67711E-02 
1.86144E-02 -1.56288E-02 
1.74257E-02 -1.46642E-02 
1.66566E-02 -1.40377E-02 
1.64219E-02 -1.38463E-02 
1.63042E-02 -1.37514E-02 
1.57270E-02 -1.32796E-02 
5.49097E-02 -4.40368E-02 
5.22671E-02 -4.20829E-02 
4.94857E-02 -3.99748E-02 
4.70659E-02 -3.81579E-02 
4.46905E-02 -3.63604E-02 
4.23660E-02 -3.45882E-02 
4.00979E-02 -3.28468E-02 
3.83850E-02 -3.15236E-02 
3.78914E-02 -3.11410E-02 
3.55861E-02 -2.93470E-02 
3.33622E-02 -2.76048E-02 
3.12232E-02 -2.59187E-02 
2.91723E-02 -2.42923E-02 
2.72336E-02 -2.27445E-02 
2.53907E-02 -2.12666E-02 
2.36244E-02 -1.98431E-02 
2.19380E-02 -1.84773E-02 
2.03346E-02 -1.71728E-02 
1.88188E-02 -1.59341E-02 
1.74006E-02 -1.47703E-02 
1.61086E-02 -1.37056E-02 
1.50240E-02 -1.28080E-02 
1.43166E-02 -1.22191E-02 
1.40840E-02 -1.20221E-02 
1.39557E-02 -1.19124E-02 
1.34264E-02 -1.14703E-02 
5.06852E-02 -4.14567E-02 
4.80535E-02 -3.94372E-02 
4.53474E-02 -3.73232E-02 
4.29634E-02 -3.54715E-02 
4.06373E-02 -3.36536E-02 
3.83743E-02 -3.18746E-02 
3.61791E-02 -3.01391E-02 
3.45297E-02 -2.88287E-02 
3.40557E-02 -2.84512E-02 
3.18502E-02 -2.66885E-02 
2.97352E-02 -2.49890E-02 
2.77130E-02 -2.33557E-02 
2.57851E-02 -2.17909E-02 
2.39758E-02 -2.03143E-02 
2.22632E-02 -1.89114E-02 
2.06306E-02 -1.75682E-02 
1.90801E-02 -1.62875E-02 
1.76136E-02 -1.50714E-02 
1.62343E-02 -1.39233E-02 
1.49502E-02 -1.28505E-02 
1.37853E-02 -1.18736E-02 
1.28098E-02 -1.10522E-02 
1.21709E-02 -1.05099E-02 
1.19506E-02 -1.03177E-02 
1.18224E-02 -1.02038E-02 
1.13466E-02 -9.79888E-03 
4.62408E-02 -3.85015E-02 
4.36666E-02 -3.64640E-02 
4.10716E-02 -3.43829E-02 
3.87633E-02 -3.25380E-02 
3.65236E-02 -3.07390E-02 
3.43567E-02 -2.89904E-02 
3.22662E-02 -2.72955E-02 
3.07028E-02 -2.60232E-02 
3.02549E-02 -2.56577E-02 
2.81774E-02 -2.39586E-02 
2.61965E-02 -2.23312E-02 
2.43131E-02 -2.07773E-02 
2.25275E-02 -1.92981E-02 
2.08631E-02 -1.79131E-02 
1.92943E-02 -1.66034E-02 
1.78066E-02 -1.53569E-02 
1.64010E-02 -1.41752E-02 
1.50784E-02 -1.30596E-02 
1.38407E-02 -1.20122E-02 
1.26940E-02 -1.10386E-02 
1.16584E-02 -1.01565E-02 
1.07941E-02 -9.41709E-03 
1.02274E-02 -8.92798E-03 
1.00272E-02 -8.74883E-03 
9.90753E-03 -8.63928E-03 
9.48827E-03 -8.27663E-03 
4.16626E-02 -3.52575E-02 
3.91886E-02 -3.32467E-02 
3.67363E-02 -3.12343E-02 
3.45391E-02 -2.94345E-02 
3.24184E-02 -2.76904E-02 
3.03774E-02 -2.60054E-02 
2.84185E-02 -2.43822E-02 
2.69603E-02 -2.31700E-02 
2.65436E-02 -2.28229E-02 
2.46173E-02 -2.12151E-02 
2.27906E-02 -1.96848E-02 
2.10633E-02 -1.82326E-02 
1.94345E-02 -1.68585E-02 
1.79258E-02 -1.55811E-02 
1.65102E-02 -1.43791E-02 
1.51745E-02 -1.32415E-02 
1.39189E-02 -1.21690E-02 
1.27435E-02 -1.11622E-02 
1.16489E-02 -1.02220E-02 
1.06398E-02 -9.35278E-03 
9.73281E-03 -8.56909E-03 
8.97896E-03 -7.91493E-03 
8.48617E-03 -7.48300E-03 
8.31142E-03 -7.32321E-03 
8.20635E-03 -7.22448E-03 
7.84452E-03 -6.90695E-03 
3.70837E-02 -3.18477E-02 
3.47456E-02 -2.99039E-02 
3.24616E-02 -2.79913E-02 
3.04043E-02 -2.62699E-02 
2.84284E-02 -2.46114E-02 
2.65363E-02 -2.30181E-02 
2.47293E-02 -2.14919E-02 
2.33902E-02 -2.03579E-02 
2.30084E-02 -2.00340E-02 
2.12494E-02 -1.85394E-02 
1.95901E-02 -1.71251E-02 
1.80293E-02 -1.57909E-02 
1.65652E-02 -1.45358E-02 
1.52174E-02 -1.33767E-02 
1.39582E-02 -1.22913E-02 
1.27761E-02 -1.12696E-02 
1.16704E-02 -1.03117E-02 
1.06404E-02 -9.41712E-03 
9.68607E-03 -8.58631E-03 
8.81054E-03 -7.82221E-03 
8.02741E-03 -7.13684E-03 
7.37988E-03 -6.56770E-03 
6.95951E-03 -6.19415E-03 
6.81326E-03 -6.05771E-03 
6.72653E-03 -5.97413E-03 
6.42050E-03 -5.70213E-03 
3.25300E-02 -2.83177E-02 
3.03595E-02 -2.64770E-02 
2.82660E-02 -2.46919E-02 
2.63732E-02 -2.30783E-02 
2.45642E-02 -2.15321E-02 
2.28403E-02 -2.00548E-02 
2.12020E-02 -1.86473E-02 
1.99931E-02 -1.76064E-02 
1.96493E-02 -1.73100E-02 
1.80701E-02 -1.59465E-02 
1.65883E-02 -1.46638E-02 
1.52016E-02 -1.34605E-02 
1.39076E-02 -1.23348E-02 
1.27233E-02 -1.13021E-02 
1.16219E-02 -1.03395E-02 
1.05930E-02 -9.43842E-03 
9.63542E-03 -8.59799E-03 
8.74786E-03 -7.81739E-03 
7.92961E-03 -7.09624E-03 
7.18267E-03 -6.43652E-03 
6.51806E-03 -5.84800E-03 
5.97197E-03 -5.36236E-03 
5.62156E-03 -5.04707E-03 
5.50522E-03 -4.93631E-03 
5.43884E-03 -4.87054E-03 
5.18605E-03 -4.64329E-03 
2.81117E-02 -2.47763E-02 
2.61328E-02 -2.30686E-02 
2.42456E-02 -2.14332E-02 
2.25352E-02 -1.99508E-02 
2.09082E-02 -1.85377E-02 
1.93651E-02 -1.71945E-02 
1.79056E-02 -1.59215E-02 
1.68331E-02 -1.49843E-02 
1.65288E-02 -1.47181E-02 
1.51356E-02 -1.34979E-02 
1.38348E-02 -1.23562E-02 
1.26239E-02 -1.12911E-02 
1.14996E-02 -1.03003E-02 
1.04766E-02 -9.39676E-03 
9.52937E-03 -8.55870E-03 
8.64893E-03 -7.77828E-03 
7.83359E-03 -7.05425E-03 
7.08161E-03 -6.38530E-03 
6.39182E-03 -5.77055E-03 
5.76536E-03 -5.21119E-03 
5.21105E-03 -4.71508E-03 
4.75907E-03 -4.30882E-03 
4.47401E-03 -4.04939E-03 
4.38703E-03 -3.96477E-03 
4.34120E-03 -3.91767E-03 
4.13740E-03 -3.73262E-03 
2.38987E-02 -2.13026E-02 
2.21288E-02 -1.97516E-02 
2.04577E-02 -1.82825E-02 
1.89413E-02 -1.69488E-02 
1.75055E-02 -1.56839E-02 
1.61501E-02 -1.44876E-02 
1.48740E-02 -1.33595E-02 
1.39403E-02 -1.25327E-02 
1.36759E-02 -1.22985E-02 
1.24694E-02 -1.12281E-02 
1.13486E-02 -1.02321E-02 
1.03105E-02 -9.30792E-03 
9.35153E-03 -8.45277E-03 
8.48381E-03 -7.67760E-03 
7.68405E-03 -6.96206E-03 
6.94431E-03 -6.29918E-03 
6.26265E-03 -5.68740E-03 
5.63708E-03 -5.12510E-03 
5.06612E-03 -4.61109E-03 
4.55029E-03 -4.14593E-03 
4.09660E-03 -3.73591E-03 
3.73007E-03 -3.40325E-03 
3.50447E-03 -3.19580E-03 
3.44486E-03 -3.13624E-03 
3.41836E-03 -3.10726E-03 
3.25838E-03 -2.96070E-03 
1.99537E-02 -1.79704E-02 
1.84032E-02 -1.65929E-02 
1.69523E-02 -1.53009E-02 
1.56353E-02 -1.41275E-02 
1.43940E-02 -1.30199E-02 
1.32275E-02 -1.19776E-02 
1.21342E-02 -1.09994E-02 
1.13375E-02 -1.02857E-02 
1.11125E-02 -1.00840E-02 
1.00886E-02 -9.16510E-03 
9.14210E-03 -8.31458E-03 
8.26977E-03 -7.52954E-03 
7.46799E-03 -6.80695E-03 
6.74643E-03 -6.15569E-03 
6.08443E-03 -5.55742E-03 
5.47510E-03 -5.00600E-03 
4.91635E-03 -4.49970E-03 
4.40611E-03 -4.03674E-03 
3.94275E-03 -3.61576E-03 
3.52637E-03 -3.23689E-03 
3.16254E-03 -2.90516E-03 
2.87186E-03 -2.63904E-03 
2.69886E-03 -2.47844E-03 
2.66350E-03 -2.44164E-03 
2.65400E-03 -2.42902E-03 
2.53201E-03 -2.31642E-03 
1.63304E-02 -1.48451E-02 
1.50026E-02 -1.36512E-02 
1.37699E-02 -1.25410E-02 
1.26516E-02 -1.15331E-02 
1.16022E-02 -1.05862E-02 
1.06204E-02 -9.69933E-03 
9.70439E-03 -8.87093E-03 
9.03953E-03 -8.26903E-03 
8.85219E-03 -8.09933E-03 
8.00206E-03 -7.32868E-03 
7.22013E-03 -6.61900E-03 
6.50297E-03 -5.96730E-03 
5.84701E-03 -5.37051E-03 
5.25982E-03 -4.83561E-03 
4.72353E-03 -4.34655E-03 
4.23227E-03 -3.89804E-03 
3.78397E-03 -3.48829E-03 
3.37660E-03 -3.11552E-03 
3.00852E-03 -2.77831E-03 
2.67956E-03 -2.47655E-03 
2.39415E-03 -2.21424E-03 
2.16920E-03 -2.00667E-03 
2.04133E-03 -1.88696E-03 
2.02628E-03 -1.86965E-03 
2.03066E-03 -1.87074E-03 
1.94054E-03 -1.78705E-03 
1.30754E-02 -1.19863E-02 
1.19661E-02 -1.09785E-02 
1.09437E-02 -1.00483E-02 
1.00172E-02 -9.20486E-03 
9.15150E-03 -8.41603E-03 
8.34505E-03 -7.68049E-03 
7.59591E-03 -6.99659E-03 
7.05425E-03 -6.50167E-03 
6.90196E-03 -6.36246E-03 
6.21284E-03 -5.73211E-03 
5.58199E-03 -5.15448E-03 
5.00612E-03 -4.62666E-03 
4.48189E-03 -4.14568E-03 
4.01499E-03 -3.71685E-03 
3.59047E-03 -3.32657E-03 
3.20341E-03 -2.97038E-03 
2.85186E-03 -2.64655E-03 
2.53392E-03 -2.35340E-03 
2.24809E-03 -2.08957E-03 
1.99407E-03 -1.85483E-03 
1.77537E-03 -1.65238E-03 
1.60584E-03 -1.49485E-03 
1.51534E-03 -1.40949E-03 
1.51612E-03 -1.40774E-03 
1.53078E-03 -1.41930E-03 
1.46638E-03 -1.35921E-03 
1.02144E-02 -9.43428E-03 
9.31328E-03 -8.60807E-03 
8.48806E-03 -7.85064E-03 
7.74133E-03 -7.16492E-03 
7.04642E-03 -6.52628E-03 
6.40171E-03 -5.93331E-03 
5.80528E-03 -5.38432E-03 
5.37561E-03 -4.98854E-03 
5.25506E-03 -4.87745E-03 
4.71100E-03 -4.37585E-03 
4.21519E-03 -3.91831E-03 
3.76461E-03 -3.50217E-03 
3.35630E-03 -3.12472E-03 
2.99437E-03 -2.78985E-03 
2.66670E-03 -2.48643E-03 
2.36928E-03 -2.21077E-03 
2.10036E-03 -1.96132E-03 
1.85830E-03 -1.73657E-03 
1.64173E-03 -1.53532E-03 
1.45037E-03 -1.35729E-03 
1.28703E-03 -1.20510E-03 
1.16293E-03 -1.08906E-03 
1.10220E-03 -1.03142E-03 
1.11416E-03 -1.04097E-03 
1.13530E-03 -1.05945E-03 
1.09082E-03 -1.01782E-03 
7.78753E-03 -7.24082E-03 
7.07614E-03 -6.58354E-03 
6.42823E-03 -5.98441E-03 
5.84293E-03 -5.44291E-03 
5.30024E-03 -4.94050E-03 
4.79860E-03 -4.47578E-03 
4.33624E-03 -4.04716E-03 
4.00426E-03 -3.73921E-03 
3.91129E-03 -3.65294E-03 
3.49274E-03 -3.26438E-03 
3.11285E-03 -2.91142E-03 
2.76904E-03 -2.59174E-03 
2.45876E-03 -2.30301E-03 
2.18493E-03 -2.04799E-03 
1.93802E-03 -1.81784E-03 
1.71482E-03 -1.60964E-03 
1.51387E-03 -1.42205E-03 
1.33378E-03 -1.25378E-03 
1.17343E-03 -1.10383E-03 
1.03255E-03 -9.71962E-04 
9.13421E-04 -8.60293E-04 
8.25069E-04 -7.77222E-04 
7.86713E-04 -7.40650E-04 
8.05222E-04 -7.57125E-04 
8.29127E-04 -7.78945E-04 
7.99157E-04 -7.50858E-04 
5.79098E-03 -5.41703E-03 
5.24581E-03 -4.91004E-03 
4.75149E-03 -4.45003E-03 
4.30564E-03 -4.03491E-03 
3.89351E-03 -3.65095E-03 
3.51374E-03 -3.29691E-03 
3.16480E-03 -2.97141E-03 
2.91497E-03 -2.73822E-03 
2.84512E-03 -2.67300E-03 
2.53130E-03 -2.37986E-03 
2.24748E-03 -2.11453E-03 
1.99154E-03 -1.87509E-03 
1.76140E-03 -1.65962E-03 
1.55911E-03 -1.47006E-03 
1.37735E-03 -1.29962E-03 
1.21368E-03 -1.14602E-03 
1.06691E-03 -1.00816E-03 
9.35933E-04 -8.85037E-04 
8.19852E-04 -7.75825E-04 
7.18470E-04 -6.80353E-04 
6.33605E-04 -6.00339E-04 
5.72392E-04 -5.42489E-04 
5.49817E-04 -5.20914E-04 
5.70685E-04 -5.40246E-04 
5.94028E-04 -5.62111E-04 
5.73999E-04 -5.43331E-04 
4.21720E-03 -3.96811E-03 
3.80985E-03 -3.58712E-03 
3.44170E-03 -3.24254E-03 
3.11004E-03 -2.93195E-03 
2.80416E-03 -2.64531E-03 
2.52297E-03 -2.38164E-03 
2.26525E-03 -2.13980E-03 
2.08115E-03 -1.96693E-03 
2.02974E-03 -1.91865E-03 
1.79920E-03 -1.70200E-03 
1.59132E-03 -1.50648E-03 
1.40446E-03 -1.33059E-03 
1.23698E-03 -1.17282E-03 
1.09032E-03 -1.03453E-03 
9.58992E-04 -9.10602E-04 
8.41178E-04 -7.99332E-04 
7.35949E-04 -6.99864E-04 
6.42441E-04 -6.11399E-04 
5.59972E-04 -5.33311E-04 
4.88396E-04 -4.65476E-04 
4.29124E-04 -4.09245E-04 
3.87620E-04 -3.69815E-04 
3.75172E-04 -3.57930E-04 
3.94848E-04 -3.76585E-04 
4.14931E-04 -3.95745E-04 
4.01198E-04 -3.82843E-04 
3.03747E-03 -2.87719E-03 
2.73645E-03 -2.59391E-03 
2.46502E-03 -2.33826E-03 
2.22073E-03 -2.10802E-03 
1.99584E-03 -1.89589E-03 
1.78950E-03 -1.70111E-03 
1.60080E-03 -1.52284E-03 
1.46629E-03 -1.39567E-03 
1.42878E-03 -1.36019E-03 
1.26085E-03 -1.20128E-03 
1.10990E-03 -1.05830E-03 
9.74670E-04 -9.30102E-04 
8.53927E-04 -8.15527E-04 
7.48635E-04 -7.15520E-04 
6.54745E-04 -6.26264E-04 
5.70896E-04 -5.46480E-04 
4.96370E-04 -4.75505E-04 
4.30498E-04 -4.12715E-04 
3.72749E-04 -3.57620E-04 
3.22992E-04 -3.10109E-04 
2.82244E-04 -2.71169E-04 
2.54460E-04 -2.44607E-04 
2.47670E-04 -2.38147E-04 
2.63504E-04 -2.53409E-04 
2.78488E-04 -2.67913E-04 
2.68471E-04 -2.58438E-04 
2.19680E-03 -2.09955E-03 
1.97040E-03 -1.88457E-03 
1.76683E-03 -1.69110E-03 
1.58405E-03 -1.51725E-03 
1.41628E-03 -1.35753E-03 
1.26286E-03 -1.21136E-03 
1.12308E-03 -1.07806E-03 
1.02381E-03 -9.83319E-04 
9.96187E-04 -9.56946E-04 
8.72892E-04 -8.39161E-04 
7.62660E-04 -7.33757E-04 
6.64485E-04 -6.39793E-04 
5.77378E-04 -5.56345E-04 
5.01950E-04 -4.84019E-04 
4.35158E-04 -4.19916E-04 
3.75955E-04 -3.63047E-04 
3.23753E-04 -3.12861E-04 
2.78003E-04 -2.68839E-04 
2.38256E-04 -2.30562E-04 
2.04344E-04 -1.97881E-04 
1.76887E-04 -1.71404E-04 
1.58465E-04 -1.53644E-04 
1.54234E-04 -1.49614E-04 
1.64710E-04 -1.59846E-04 
1.73823E-04 -1.68780E-04 
1.66071E-04 -1.61356E-04 
1.60202E-03 -1.55003E-03 
1.42353E-03 -1.37817E-03 
1.26430E-03 -1.22474E-03 
1.12244E-03 -1.08795E-03 
9.93296E-04 -9.63340E-04 
8.76238E-04 -8.50309E-04 
7.70578E-04 -7.48212E-04 
6.96192E-04 -6.76289E-04 
6.75601E-04 -6.56373E-04 
5.84315E-04 -5.68038E-04 
5.03661E-04 -4.89932E-04 
4.32715E-04 -4.21177E-04 
3.70578E-04 -3.60914E-04 
3.17503E-04 -3.09403E-04 
2.71142E-04 -2.64376E-04 
2.30627E-04 -2.24999E-04 
1.95425E-04 -1.90764E-04 
1.65037E-04 -1.61191E-04 
1.39041E-04 -1.35876E-04 
1.17196E-04 -1.14592E-04 
9.97340E-05 -9.75704E-05 
8.80091E-05 -8.61461E-05 
8.47262E-05 -8.29763E-05 
8.96675E-05 -8.78620E-05 
9.33663E-05 -9.15368E-05 
8.75143E-05 -8.58489E-05 
1.10775E-03 -1.08801E-03 
9.65267E-04 -9.48350E-04 
8.40528E-04 -8.26041E-04 
7.31470E-04 -7.19073E-04 
6.34096E-04 -6.23534E-04 
5.47593E-04 -5.38634E-04 
4.71120E-04 -4.63553E-04 
4.18300E-04 -4.11679E-04 
4.03839E-04 -3.97475E-04 
3.40641E-04 -3.35384E-04 
2.86159E-04 -2.81838E-04 
2.39433E-04 -2.35897E-04 
1.99558E-04 -1.96678E-04 
1.66390E-04 -1.64043E-04 
1.38180E-04 -1.36276E-04 
1.14190E-04 -1.12655E-04 
9.39200E-05 -9.26884E-05 
7.69110E-05 -7.59286E-05 
6.27661E-05 -6.19861E-05 
5.11919E-05 -5.05739E-05 
4.21120E-05 -4.16193E-05 
3.59015E-05 -3.54957E-05 
3.33859E-05 -3.30233E-05 
3.40820E-05 -3.37284E-05 
3.40995E-05 -3.37629E-05 
3.05781E-05 -3.02920E-05 
5.31910E-04 -5.31910E-04 
4.41466E-04 -4.41466E-04 
3.65586E-04 -3.65586E-04 
3.02040E-04 -3.02040E-04 
2.47831E-04 -2.47831E-04 
2.01932E-04 -2.01932E-04 
1.63355E-04 -1.63355E-04 
1.37940E-04 -1.37940E-04 
1.31173E-04 -1.31173E-04 
1.02655E-04 -1.02655E-04 
7.95960E-05 -7.95960E-05 
6.11162E-05 -6.11162E-05 
4.64405E-05 -4.64405E-05 
3.51123E-05 -3.51123E-05 
2.62133E-05 -2.62133E-05 
1.92565E-05 -1.92565E-05 
1.38827E-05 -1.38827E-05 
9.78245E-06 -9.78245E-06 
6.69465E-06 -6.69465E-06 
4.40222E-06 -4.40222E-06 
2.72512E-06 -2.72512E-06 
1.49917E-06 -1.49917E-06 
5.23200E-07 -5.23200E-07 
-4.43651E-07 4.43651E-07 
-1.42146E-06 1.42146E-06 
-2.14233E-06 2.14233E-06 
---
