PdfType: replica
Format: lhagrid1
---
1.00000E-06 1.28121E-06 1.64152E-06 2.10317E-06 2.69463E-06 3.45242E-06 4.42329E-06 5.66715E-06 7.26076E-06 9.30241E-06 1.19180E-05 1.52689E-05 1.95617E-05 2.50609E-05 3.21053E-05 4.11287E-05 5.26863E-05 6.74889E-05 8.64459E-05 1.10720E-04 1.41800E-04 1.81585E-04 2.32503E-04 2.97652E-04 3.80981E-04 4.87518E-04 6.26039E-04 8.00452E-04 1.02297E-03 1.30657E-03 1.66759E-03 2.12729E-03 2.71054E-03 3.44865E-03 4.37927E-03 5.54908E-03 7.01192E-03 8.83064E-03 1.10763E-02 1.38266E-02 1.71641E-02 2.11717E-02 2.59364E-02 3.15062E-02 3.79623E-02 4.53425E-02 5.36750E-02 6.29705E-02 7.32221E-02 8.44039E-02 9.64793E-02 1.09332E-01 1.23067E-01 1.37507E-01 1.52639E-01 1.68416E-01 1.84794E-01 2.01731E-01 2.19016E-01 2.36948E-01 2.55242E-01 2.73927E-01 2.92954E-01 3.12340E-01 3.32036E-01 3.52019E-01 3.72282E-01 3.92772E-01 4.13533E-01 4.34326E-01 4.55495E-01 4.76836E-01 4.98342E-01 5.20006E-01 5.41818E-01 5.63773E-01 5.85861E-01 6.08077E-01 6.30459E-01 6.52800E-01 6.75387E-01 6.98063E-01 7.20830E-01 7.43683E-01 7.66623E-01 7.89636E-01 8.12791E-01 8.35940E-01 8.59175E-01 8.82485E-01 9.05866E-01 9.29311E-01 9.52817E-01 9.76387E-01 1.00000E+00 
1.14018E+00 1.22539E+00 1.32482E+00 1.44156E+00 1.57954E+00 1.74381E+00 1.94091E+00 2.12132E+00 2.17945E+00 2.49622E+00 2.89383E+00 3.39925E+00 4.05063E+00 4.90286E+00 6.03623E+00 7.57063E+00 9.68869E+00 1.26749E+01 1.69835E+01 2.33578E+01 3.30501E+01 4.82334E+01 7.28041E+01 1.13998E+02 1.85779E+02 3.16228E+02 
908 909 
-8.11313E-04 2.51277E-05 
-8.15744E-04 2.58613E-05 
-8.14245E-04 2.53838E-05 
-8.17870E-04 2.55791E-05 
-8.21724E-04 2.56627E-05 
-8.25862E-04 2.55954E-05 
-8.30355E-04 2.53337E-05 
-8.34129E-04 2.49682E-05 
-8.35289E-04 2.48308E-05 
-8.41224E-04 2.39609E-05 
-8.47949E-04 2.26880E-05 
-8.55653E-04 2.09460E-05 
-8.64554E-04 1.86697E-05 
-8.74896E-04 1.61223E-05 
-8.88595E-04 1.24418E-05 
-9.04594E-04 8.07114E-06 
-9.23328E-04 2.94557E-06 
-9.45369E-04 -3.00059E-06 
-9.71612E-04 -9.85011E-06 
-1.00390E-03 -1.77703E-05 
-1.04723E-03 -2.72810E-05 
-1.11671E-03 -4.01726E-05 
-1.24988E-03 -6.14004E-05 
-1.48973E-03 -9.75875E-05 
-1.79652E-03 -1.44803E-04 
-2.06279E-03 -1.87905E-04 
-8.11686E-04 3.27141E-05 
-8.15805E-04 3.32972E-05 
-8.14137E-04 3.24890E-05 
-8.17573E-04 3.25223E-05 
-8.21261E-04 3.24381E-05 
-8.25263E-04 3.21944E-05 
-8.29658E-04 3.17451E-05 
-8.33389E-04 3.12255E-05 
-8.34542E-04 3.10414E-05 
-8.40490E-04 2.99385E-05 
-8.47313E-04 2.84147E-05 
-8.55216E-04 2.64049E-05 
-8.64435E-04 2.38458E-05 
-8.75289E-04 2.11590E-05 
-8.89685E-04 1.72301E-05 
-9.06552E-04 1.26115E-05 
-9.26348E-04 7.24552E-06 
-9.49670E-04 1.07568E-06 
-9.77441E-04 -5.97076E-06 
-1.01155E-03 -1.40543E-05 
-1.05712E-03 -2.37071E-05 
-1.12961E-03 -3.68022E-05 
-1.26761E-03 -5.85339E-05 
-1.51553E-03 -9.57634E-05 
-1.83302E-03 -1.44121E-04 
-2.10968E-03 -1.87561E-04 
-8.08479E-04 3.83453E-05 
-8.12397E-04 3.88620E-05 
-8.10742E-04 3.78375E-05 
-8.14102E-04 3.77905E-05 
-8.17738E-04 3.76216E-05 
-8.21721E-04 3.72856E-05 
-8.26140E-04 3.67342E-05 
-8.29925E-04 3.61274E-05 
-8.31101E-04 3.59164E-05 
-8.37203E-04 3.46761E-05 
-8.44273E-04 3.30000E-05 
-8.52531E-04 3.08245E-05 
-8.62233E-04 2.80898E-05 
-8.73754E-04 2.54022E-05 
-8.89019E-04 2.13507E-05 
-9.06935E-04 1.66181E-05 
-9.27979E-04 1.11557E-05 
-9.52773E-04 4.91746E-06 
-9.82269E-04 -2.15725E-06 
-1.01840E-03 -1.02205E-05 
-1.06641E-03 -1.98159E-05 
-1.14217E-03 -3.29008E-05 
-1.28532E-03 -5.49084E-05 
-1.54178E-03 -9.29161E-05 
-1.87057E-03 -1.42063E-04 
-2.15813E-03 -1.85377E-04 
-8.02828E-04 4.27617E-05 
-8.06646E-04 4.33071E-05 
-8.05157E-04 4.21800E-05 
-8.08540E-04 4.21438E-05 
-8.12226E-04 4.19816E-05 
-8.16294E-04 4.16452E-05 
-8.20842E-04 4.10837E-05 
-8.24765E-04 4.04616E-05 
-8.25989E-04 4.02448E-05 
-8.32370E-04 3.89690E-05 
-8.39815E-04 3.72451E-05 
-8.48564E-04 3.50121E-05 
-8.58891E-04 3.22147E-05 
-8.71209E-04 2.96715E-05 
-8.87489E-04 2.56299E-05 
-9.06604E-04 2.09245E-05 
-9.29053E-04 1.55171E-05 
-9.55481E-04 9.37466E-06 
-9.86866E-04 2.45060E-06 
-1.02519E-03 -5.39632E-06 
-1.07582E-03 -1.47192E-05 
-1.15505E-03 -2.75562E-05 
-1.30365E-03 -4.95689E-05 
-1.56916E-03 -8.80159E-05 
-1.90984E-03 -1.37502E-04 
-2.20873E-03 -1.80145E-04 
-7.95762E-04 4.67910E-05 
-7.99556E-04 4.74614E-05 
-7.98350E-04 4.63356E-05 
-8.01833E-04 4.64023E-05 
-8.05647E-04 4.63383E-05 
-8.09880E-04 4.60926E-05 
-8.14641E-04 4.56125E-05 
-8.18768E-04 4.50463E-05 
-8.20059E-04 4.48446E-05 
-8.26816E-04 4.36341E-05 
-8.34739E-04 4.19659E-05 
-8.44088E-04 3.97831E-05 
-8.55155E-04 3.70367E-05 
-8.68361E-04 3.47852E-05 
-8.85772E-04 3.08878E-05 
-9.06206E-04 2.63537E-05 
-9.30184E-04 2.11574E-05 
-9.58370E-04 1.52809E-05 
-9.91771E-04 8.69440E-06 
-1.03242E-03 1.27035E-06 
-1.08581E-03 -7.54990E-06 
-1.16866E-03 -1.98779E-05 
-1.32300E-03 -4.15813E-05 
-1.59802E-03 -8.00523E-05 
-1.95116E-03 -1.29333E-04 
-2.26177E-03 -1.70672E-04 
-7.88080E-04 5.12393E-05 
-7.91900E-04 5.21266E-05 
-7.91056E-04 5.10940E-05 
-7.94693E-04 5.13520E-05 
-7.98687E-04 5.14738E-05 
-8.03138E-04 5.14060E-05 
-8.08167E-04 5.10943E-05 
-8.12545E-04 5.06520E-05 
-8.13917E-04 5.04855E-05 
-8.21118E-04 4.94374E-05 
-8.29594E-04 4.79256E-05 
-8.39622E-04 4.58990E-05 
-8.51516E-04 4.33164E-05 
-8.65669E-04 4.15059E-05 
-8.84295E-04 3.78888E-05 
-9.06135E-04 3.36735E-05 
-9.31730E-04 2.88492E-05 
-9.61764E-04 2.34160E-05 
-9.97269E-04 1.73636E-05 
-1.04032E-03 1.05818E-05 
-1.09656E-03 2.51154E-06 
-1.18317E-03 -9.01979E-06 
-1.34349E-03 -3.00528E-05 
-1.62846E-03 -6.80524E-05 
-1.99458E-03 -1.16478E-04 
-2.31722E-03 -1.55793E-04 
-7.80311E-04 5.68304E-05 
-7.84178E-04 5.80202E-05 
-7.83746E-04 5.71635E-05 
-7.87561E-04 5.76964E-05 
-7.91762E-04 5.80867E-05 
-7.96460E-04 5.82792E-05 
-8.01788E-04 5.82190E-05 
-8.06442E-04 5.79657E-05 
-8.07904E-04 5.78537E-05 
-8.15591E-04 5.70621E-05 
-8.24667E-04 5.58058E-05 
-8.35429E-04 5.40411E-05 
-8.48210E-04 5.17368E-05 
-8.63336E-04 5.05213E-05 
-8.83230E-04 4.73252E-05 
-9.06532E-04 4.35823E-05 
-9.33800E-04 3.92996E-05 
-9.65739E-04 3.44982E-05 
-1.00340E-03 2.91904E-05 
-1.04891E-03 2.32876E-05 
-1.10804E-03 1.62371E-05 
-1.19850E-03 5.82154E-06 
-1.36498E-03 -1.41280E-05 
-1.66031E-03 -5.10745E-05 
-2.03986E-03 -9.78883E-05 
-2.37476E-03 -1.34358E-04 
-7.72713E-04 6.41842E-05 
-7.76622E-04 6.57563E-05 
-7.76627E-04 6.51544E-05 
-7.80623E-04 6.60425E-05 
-7.85033E-04 6.67810E-05 
-7.89983E-04 6.73135E-05 
-7.95619E-04 6.75857E-05 
-8.00560E-04 6.75856E-05 
-8.02114E-04 6.75473E-05 
-8.10306E-04 6.71067E-05 
-8.20008E-04 6.62067E-05 
-8.31536E-04 6.48135E-05 
-8.45239E-04 6.29080E-05 
-8.61336E-04 6.24519E-05 
-8.82524E-04 5.98260E-05 
-9.07315E-04 5.67206E-05 
-9.36284E-04 5.31632E-05 
-9.70150E-04 4.91988E-05 
-1.00999E-03 4.48663E-05 
-1.05796E-03 4.01030E-05 
-1.12001E-03 3.43708E-05 
-1.21434E-03 2.54285E-05 
-1.38714E-03 7.03467E-06 
-1.69316E-03 -2.81828E-05 
-2.08650E-03 -7.25090E-05 
-2.43376E-03 -1.05207E-04 
-7.65303E-04 7.38207E-05 
-7.69226E-04 7.58519E-05 
-7.69678E-04 7.55879E-05 
-7.73836E-04 7.69111E-05 
-7.78441E-04 7.80774E-05 
-7.83628E-04 7.90303E-05 
-7.89562E-04 7.97177E-05 
-7.94784E-04 8.00374E-05 
-7.96431E-04 8.00927E-05 
-8.05129E-04 8.01024E-05 
-8.15464E-04 7.96669E-05 
-8.27769E-04 7.87643E-05 
-8.42412E-04 7.73901E-05 
-8.59449E-04 7.78736E-05 
-8.81935E-04 7.59824E-05 
-9.08219E-04 7.36971E-05 
-9.38888E-04 7.10691E-05 
-9.74675E-04 6.81705E-05 
-1.01667E-03 6.50711E-05 
-1.06709E-03 6.17386E-05 
-1.13201E-03 5.76594E-05 
-1.23021E-03 5.05937E-05 
-1.40942E-03 3.42955E-05 
-1.72637E-03 1.58711E-06 
-2.13378E-03 -3.92463E-05 
-2.49339E-03 -6.71274E-05 
-7.57902E-04 8.61824E-05 
-7.61792E-04 8.87497E-05 
-7.62693E-04 8.89206E-05 
-7.66980E-04 9.07621E-05 
-7.71745E-04 9.24398E-05 
-7.77142E-04 9.38990E-05 
-7.83349E-04 9.50908E-05 
-7.88838E-04 9.58030E-05 
-7.90572E-04 9.59740E-05 
-7.99762E-04 9.65445E-05 
-8.10720E-04 9.66948E-05 
-8.23800E-04 9.64177E-05 
-8.39385E-04 9.57256E-05 
-8.57308E-04 9.73521E-05 
-8.81073E-04 9.63813E-05 
-9.08827E-04 9.51229E-05 
-9.41170E-04 9.36557E-05 
-9.78842E-04 9.20828E-05 
-1.02295E-03 9.05082E-05 
-1.07574E-03 8.89362E-05 
-1.14346E-03 8.68883E-05 
-1.24547E-03 8.21561E-05 
-1.43110E-03 6.85701E-05 
-1.75917E-03 3.92669E-05 
-2.18079E-03 3.07385E-06 
-2.55257E-03 -1.88177E-05 
-7.50183E-04 1.01667E-04 
-7.53980E-04 1.04853E-04 
-7.55328E-04 1.05579E-04 
-7.59695E-04 1.08030E-04 
-7.64575E-04 1.10312E-04 
-7.70141E-04 1.12373E-04 
-7.76586E-04 1.14171E-04 
-7.82316E-04 1.15359E-04 
-7.84132E-04 1.15671E-04 
-7.93787E-04 1.16929E-04 
-8.05348E-04 1.17807E-04 
-8.19186E-04 1.18313E-04 
-8.35698E-04 1.18479E-04 
-8.54429E-04 1.21482E-04 
-8.79433E-04 1.21645E-04 
-9.08612E-04 1.21651E-04 
-9.42574E-04 1.21610E-04 
-9.82065E-04 1.21660E-04 
-1.02820E-03 1.21944E-04 
-1.08326E-03 1.22508E-04 
-1.15365E-03 1.22920E-04 
-1.25934E-03 1.21040E-04 
-1.45135E-03 1.10869E-04 
-1.79058E-03 8.59953E-05 
-2.22640E-03 5.57471E-05 
-2.61004E-03 4.11577E-05 
-7.41717E-04 1.20669E-04 
-7.45348E-04 1.24562E-04 
-7.47144E-04 1.26001E-04 
-7.51529E-04 1.29165E-04 
-7.56470E-04 1.32157E-04 
-7.62152E-04 1.34932E-04 
-7.68789E-04 1.37454E-04 
-7.74730E-04 1.39215E-04 
-7.76619E-04 1.39698E-04 
-7.86701E-04 1.41797E-04 
-7.98832E-04 1.43569E-04 
-8.13398E-04 1.45045E-04 
-8.30809E-04 1.46278E-04 
-8.50244E-04 1.50926E-04 
-8.76423E-04 1.52470E-04 
-9.06956E-04 1.54017E-04 
-9.42453E-04 1.55710E-04 
-9.83661E-04 1.57724E-04 
-1.03169E-03 1.60247E-04 
-1.08887E-03 1.63373E-04 
-1.16175E-03 1.66732E-04 
-1.27093E-03 1.68292E-04 
-1.46917E-03 1.62334E-04 
-1.81949E-03 1.43058E-04 
-2.26934E-03 1.20231E-04 
-2.66431E-03 1.14407E-04 
-7.32010E-04 1.43614E-04 
-7.35391E-04 1.48320E-04 
-7.37636E-04 1.50674E-04 
-7.41971E-04 1.54671E-04 
-7.46905E-04 1.58499E-04 
-7.52643E-04 1.62119E-04 
-7.59417E-04 1.65506E-04 
-7.65529E-04 1.67959E-04 
-7.67481E-04 1.68649E-04 
-7.77941E-04 1.71768E-04 
-7.90597E-04 1.74636E-04 
-8.05848E-04 1.77304E-04 
-8.24110E-04 1.79851E-04 
-8.44114E-04 1.86456E-04 
-8.71379E-04 1.89669E-04 
-9.03165E-04 1.93075E-04 
-9.40078E-04 1.96854E-04 
-9.82860E-04 2.01226E-04 
-1.03262E-03 2.06423E-04 
-1.09170E-03 2.12596E-04 
-1.16682E-03 2.19451E-04 
-1.27923E-03 2.25113E-04 
-1.48345E-03 2.24273E-04 
-1.84464E-03 2.11916E-04 
-2.30814E-03 1.98174E-04 
-2.71368E-03 2.02737E-04 
-7.20528E-04 1.71005E-04 
-7.23563E-04 1.76646E-04 
-7.26263E-04 1.80177E-04 
-7.30465E-04 1.85148E-04 
-7.35315E-04 1.89959E-04 
-7.41039E-04 1.94582E-04 
-7.47884E-04 1.99004E-04 
-7.54121E-04 2.02289E-04 
-7.56121E-04 2.03228E-04 
-7.66898E-04 2.07585E-04 
-7.80018E-04 2.11787E-04 
-7.95890E-04 2.15912E-04 
-8.14934E-04 2.20065E-04 
-8.35338E-04 2.28985E-04 
-8.63568E-04 2.34199E-04 
-8.96468E-04 2.39831E-04 
-9.34638E-04 2.46102E-04 
-9.78804E-04 2.53278E-04 
-1.03006E-03 2.61643E-04 
-1.09077E-03 2.71410E-04 
-1.16782E-03 2.82379E-04 
-1.28308E-03 2.92886E-04 
-1.49290E-03 2.98180E-04 
-1.86456E-03 2.94237E-04 
-2.34110E-03 2.91443E-04 
-2.75622E-03 3.08183E-04 
-7.06710E-04 2.03455E-04 
-7.09295E-04 2.10172E-04 
-7.12452E-04 2.15214E-04 
-7.16426E-04 2.21327E-04 
-7.21104E-04 2.27297E-04 
-7.26729E-04 2.33111E-04 
-7.33567E-04 2.38769E-04 
-7.39870E-04 2.43053E-04 
-7.41902E-04 2.44293E-04 
-7.52915E-04 2.50146E-04 
-7.66419E-04 2.55966E-04 
-7.82824E-04 2.61858E-04 
-8.02553E-04 2.67958E-04 
-8.23142E-04 2.79601E-04 
-8.52178E-04 2.87199E-04 
-8.86010E-04 2.95476E-04 
-9.25225E-04 3.04702E-04 
-9.70525E-04 3.15189E-04 
-1.02299E-03 3.27277E-04 
-1.08498E-03 3.41250E-04 
-1.16353E-03 3.57023E-04 
-1.28118E-03 3.73202E-04 
-1.49608E-03 3.85770E-04 
-1.87759E-03 3.91914E-04 
-2.36628E-03 4.02147E-04 
-2.78968E-03 4.33025E-04 
-6.89973E-04 2.41721E-04 
-6.91988E-04 2.49682E-04 
-6.95597E-04 2.56654E-04 
-6.99233E-04 2.64104E-04 
-7.03634E-04 2.71441E-04 
-7.09061E-04 2.78665E-04 
-7.15794E-04 2.85799E-04 
-7.22090E-04 2.91281E-04 
-7.24133E-04 2.92882E-04 
-7.35279E-04 3.00533E-04 
-7.49057E-04 3.08303E-04 
-7.65878E-04 3.16326E-04 
-7.86156E-04 3.24767E-04 
-8.06663E-04 3.39596E-04 
-8.36295E-04 3.50012E-04 
-8.70824E-04 3.61412E-04 
-9.10809E-04 3.74113E-04 
-9.56924E-04 3.88480E-04 
-1.01021E-03 4.04913E-04 
-1.07304E-03 4.23773E-04 
-1.15257E-03 4.45110E-04 
-1.27201E-03 4.67878E-04 
-1.49131E-03 4.88983E-04 
-1.88181E-03 5.07082E-04 
-2.38145E-03 5.32645E-04 
-2.81150E-03 5.79795E-04 
-6.69700E-04 2.86733E-04 
-6.71009E-04 2.96133E-04 
-6.75048E-04 3.05555E-04 
-6.78215E-04 3.14569E-04 
-6.82213E-04 3.23513E-04 
-6.87321E-04 3.32409E-04 
-6.93831E-04 3.41297E-04 
-7.00026E-04 3.48208E-04 
-7.02053E-04 3.50241E-04 
-7.13198E-04 3.60045E-04 
-7.27106E-04 3.70149E-04 
-7.44181E-04 3.80720E-04 
-7.64827E-04 3.91954E-04 
-7.84916E-04 4.10486E-04 
-8.14879E-04 4.24211E-04 
-8.49801E-04 4.39269E-04 
-8.90210E-04 4.56027E-04 
-9.36734E-04 4.74908E-04 
-9.90375E-04 4.96373E-04 
-1.05348E-03 5.20868E-04 
-1.13336E-03 5.48604E-04 
-1.25383E-03 5.78965E-04 
-1.47664E-03 6.10002E-04 
-1.87499E-03 6.42125E-04 
-2.38400E-03 6.85553E-04 
-2.81871E-03 7.51278E-04 
-6.45219E-04 3.39621E-04 
-6.45666E-04 3.50689E-04 
-6.50088E-04 3.63192E-04 
-6.52629E-04 3.74033E-04 
-6.56072E-04 3.84865E-04 
-6.60711E-04 3.95731E-04 
-6.66848E-04 4.06697E-04 
-6.72825E-04 4.15306E-04 
-6.74799E-04 4.17851E-04 
-6.85769E-04 4.30215E-04 
-6.99615E-04 4.43093E-04 
-7.16732E-04 4.56687E-04 
-7.37502E-04 4.71226E-04 
-7.56760E-04 4.94031E-04 
-7.86716E-04 5.11613E-04 
-8.21649E-04 5.30925E-04 
-8.62044E-04 5.52387E-04 
-9.08475E-04 5.76479E-04 
-9.61886E-04 6.03730E-04 
-1.02460E-03 6.34676E-04 
-1.10403E-03 6.69718E-04 
-1.22462E-03 7.08761E-04 
-1.44981E-03 7.51257E-04 
-1.85453E-03 7.99678E-04 
-2.37093E-03 8.63740E-04 
-2.80785E-03 9.50505E-04 
-6.15779E-04 4.01740E-04 
-6.15183E-04 4.14737E-04 
-6.19896E-04 4.31085E-04 
-6.21622E-04 4.44052E-04 
-6.24326E-04 4.57092E-04 
-6.28310E-04 4.70273E-04 
-6.33887E-04 4.83687E-04 
-6.39493E-04 4.94298E-04 
-6.41370E-04 4.97448E-04 
-6.51936E-04 5.12833E-04 
-6.65473E-04 5.28984E-04 
-6.82353E-04 5.46134E-04 
-7.02932E-04 5.64550E-04 
-7.20848E-04 5.92251E-04 
-7.50375E-04 6.14297E-04 
-7.84845E-04 6.38518E-04 
-8.24684E-04 6.65392E-04 
-8.70401E-04 6.95457E-04 
-9.22868E-04 7.29310E-04 
-9.84364E-04 7.67589E-04 
-1.06239E-03 8.10909E-04 
-1.18197E-03 8.59807E-04 
-1.40817E-03 9.15416E-04 
-1.81742E-03 9.82617E-04 
-2.33873E-03 1.07031E-03 
-2.77495E-03 1.18073E-03 
-5.80515E-04 4.74684E-04 
-5.78662E-04 4.89911E-04 
-5.83515E-04 5.11013E-04 
-5.84198E-04 5.26443E-04 
-5.85935E-04 5.42054E-04 
-5.89036E-04 5.57939E-04 
-5.93813E-04 5.74220E-04 
-5.98858E-04 5.87177E-04 
-6.00579E-04 5.91038E-04 
-6.10451E-04 6.09963E-04 
-6.23357E-04 6.29942E-04 
-6.39642E-04 6.51243E-04 
-6.59627E-04 6.74165E-04 
-6.75580E-04 7.07433E-04 
-7.04158E-04 7.34606E-04 
-7.37577E-04 7.64453E-04 
-7.76198E-04 7.97507E-04 
-8.20445E-04 8.34367E-04 
-8.71107E-04 8.75698E-04 
-9.30396E-04 9.22247E-04 
-1.00588E-03 9.74879E-04 
-1.12312E-03 1.03488E-03 
-1.34864E-03 1.10537E-03 
-1.76012E-03 1.19404E-03 
-2.28333E-03 1.30858E-03 
-2.71539E-03 1.44538E-03 
-5.38398E-04 5.60321E-04 
-5.35039E-04 5.78119E-04 
-5.39797E-04 6.05044E-04 
-5.39161E-04 6.23316E-04 
-5.39654E-04 6.41904E-04 
-5.41586E-04 6.60930E-04 
-5.45267E-04 6.80545E-04 
-5.49508E-04 6.96234E-04 
-5.50999E-04 7.00919E-04 
-5.59808E-04 7.23961E-04 
-5.71676E-04 7.48381E-04 
-5.86914E-04 7.74484E-04 
-6.05796E-04 8.02602E-04 
-6.19034E-04 8.42149E-04 
-6.46027E-04 8.75168E-04 
-6.77686E-04 9.11414E-04 
-7.14285E-04 9.51474E-04 
-7.56155E-04 9.96005E-04 
-8.03977E-04 1.04574E-03 
-8.59882E-04 1.10155E-03 
-9.31480E-04 1.16457E-03 
-1.04477E-03 1.23698E-03 
-1.26759E-03 1.32425E-03 
-1.67851E-03 1.43724E-03 
-2.19998E-03 1.58206E-03 
-2.62384E-03 1.74806E-03 
-4.88203E-04 6.60790E-04 
-4.83045E-04 6.81548E-04 
-4.87360E-04 7.15534E-04 
-4.85072E-04 7.37067E-04 
-4.83981E-04 7.59082E-04 
-4.84395E-04 7.81733E-04 
-4.86611E-04 8.05199E-04 
-4.89745E-04 8.24041E-04 
-4.90915E-04 8.29680E-04 
-4.98199E-04 8.57468E-04 
-5.08521E-04 8.86999E-04 
-5.22145E-04 9.18610E-04 
-5.39294E-04 9.52667E-04 
-5.48919E-04 9.99232E-04 
-5.73562E-04 1.03887E-03 
-6.02604E-04 1.08234E-03 
-6.36222E-04 1.13028E-03 
-6.74630E-04 1.18341E-03 
-7.18389E-04 1.24252E-03 
-7.69524E-04 1.30861E-03 
-8.35640E-04 1.38314E-03 
-9.43105E-04 1.46930E-03 
-1.16081E-03 1.57532E-03 
-1.56783E-03 1.71567E-03 
-2.08324E-03 1.89435E-03 
-2.49419E-03 2.09239E-03 
-4.28447E-04 7.78535E-04 
-4.21147E-04 8.02692E-04 
-4.24521E-04 8.45155E-04 
-4.20182E-04 8.70409E-04 
-4.17097E-04 8.96346E-04 
-4.15564E-04 9.23151E-04 
-4.15861E-04 9.51032E-04 
-4.17514E-04 9.73487E-04 
-4.18250E-04 9.80217E-04 
-4.23438E-04 1.01343E-03 
-4.31585E-04 1.04879E-03 
-4.42902E-04 1.08667E-03 
-4.57549E-04 1.12746E-03 
-4.62493E-04 1.18180E-03 
-4.83872E-04 1.22887E-03 
-5.09279E-04 1.28043E-03 
-5.38775E-04 1.33717E-03 
-5.72445E-04 1.39985E-03 
-6.10704E-04 1.46934E-03 
-6.55445E-04 1.54674E-03 
-7.14229E-04 1.63390E-03 
-8.13677E-04 1.73518E-03 
-1.02343E-03 1.86198E-03 
-1.42258E-03 2.03286E-03 
-1.92681E-03 2.24910E-03 
-2.31943E-03 2.48200E-03 
-3.57339E-04 9.16315E-04 
-3.47496E-04 9.44366E-04 
-3.49238E-04 9.96895E-04 
-3.42370E-04 1.02637E-03 
-3.36798E-04 1.05676E-03 
-3.32797E-04 1.08829E-03 
-3.30622E-04 1.12120E-03 
-3.30337E-04 1.14776E-03 
-3.30500E-04 1.15573E-03 
-3.32895E-04 1.19510E-03 
-3.38104E-04 1.23706E-03 
-3.46273E-04 1.28200E-03 
-3.57489E-04 1.33035E-03 
-3.56498E-04 1.39321E-03 
-3.73534E-04 1.44857E-03 
-3.94106E-04 1.50913E-03 
-4.18142E-04 1.57560E-03 
-4.45577E-04 1.64881E-03 
-4.76661E-04 1.72968E-03 
-5.13127E-04 1.81943E-03 
-5.62437E-04 1.92032E-03 
-6.51327E-04 2.03807E-03 
-8.49811E-04 2.18769E-03 
-1.23642E-03 2.39234E-03 
-1.72351E-03 2.64989E-03 
-2.09160E-03 2.92038E-03 
-2.72722E-04 1.07721E-03 
-2.59868E-04 1.10971E-03 
-2.59039E-04 1.17406E-03 
-2.49076E-04 1.20828E-03 
-2.40423E-04 1.24371E-03 
-2.33330E-04 1.28058E-03 
-2.28015E-04 1.31915E-03 
-2.25243E-04 1.35034E-03 
-2.24665E-04 1.35970E-03 
-2.23426E-04 1.40600E-03 
-2.24777E-04 1.45535E-03 
-2.28791E-04 1.50818E-03 
-2.35474E-04 1.56495E-03 
-2.27088E-04 1.63707E-03 
-2.38515E-04 1.70160E-03 
-2.52849E-04 1.77206E-03 
-2.69867E-04 1.84923E-03 
-2.89329E-04 1.93393E-03 
-3.11302E-04 2.02715E-03 
-3.37326E-04 2.13024E-03 
-3.74703E-04 2.24590E-03 
-4.50112E-04 2.38139E-03 
-6.33482E-04 2.55586E-03 
-1.00209E-03 2.79753E-03 
-1.46516E-03 3.10010E-03 
-1.80166E-03 3.41066E-03 
-1.72006E-04 1.26463E-03 
-1.55598E-04 1.30220E-03 
-1.50945E-04 1.38024E-03 
-1.37218E-04 1.41979E-03 
-1.24784E-04 1.46085E-03 
-1.13853E-04 1.50369E-03 
-1.04601E-04 1.54860E-03 
-9.86827E-05 1.58496E-03 
-9.71649E-05 1.59588E-03 
-9.12896E-05 1.64989E-03 
-8.76924E-05 1.70746E-03 
-8.63620E-05 1.76904E-03 
-8.72110E-05 1.83510E-03 
-6.97455E-05 1.91713E-03 
-7.40946E-05 1.99171E-03 
-8.05655E-05 2.07300E-03 
-8.87606E-05 2.16179E-03 
-9.82505E-05 2.25892E-03 
-1.08890E-04 2.36541E-03 
-1.21992E-04 2.48273E-03 
-1.44631E-04 2.61409E-03 
-2.03222E-04 2.76848E-03 
-3.67059E-04 2.96970E-03 
-7.11371E-04 3.25156E-03 
-1.14250E-03 3.60270E-03 
-1.43947E-03 3.95548E-03 
-5.00743E-05 1.48594E-03 
-2.94118E-05 1.52937E-03 
-1.91899E-05 1.62329E-03 
-8.40830E-07 1.66885E-03 
1.62805E-05 1.71628E-03 
3.20099E-05 1.76586E-03 
4.62254E-05 1.81792E-03 
5.61341E-05 1.86010E-03 
5.88481E-05 1.87277E-03 
7.06398E-05 1.93544E-03 
8.05741E-05 2.00219E-03 
8.87576E-05 2.07352E-03 
9.53810E-05 2.14990E-03 
1.24040E-04 2.24257E-03 
1.28612E-04 2.32825E-03 
1.32044E-04 2.42144E-03 
1.34928E-04 2.52292E-03 
1.37911E-04 2.63354E-03 
1.41378E-04 2.75432E-03 
1.44280E-04 2.88687E-03 
1.39863E-04 3.03493E-03 
1.02226E-04 3.20949E-03 
-3.66089E-05 3.43960E-03 
-3.48852E-04 3.76530E-03 
-7.38299E-04 4.16910E-03 
-9.86044E-04 4.56642E-03 
9.29878E-05 1.73833E-03 
1.18574E-04 1.78829E-03 
1.36425E-04 1.89979E-03 
1.60241E-04 1.95187E-03 
1.82948E-04 2.00620E-03 
2.04438E-04 2.06309E-03 
2.24650E-04 2.12289E-03 
2.39402E-04 2.17135E-03 
2.43571E-04 2.18591E-03 
2.62572E-04 2.25789E-03 
2.80244E-04 2.33451E-03 
2.96797E-04 2.41626E-03 
3.12533E-04 2.50364E-03 
3.54410E-04 2.60719E-03 
3.69717E-04 2.70463E-03 
3.85053E-04 2.81034E-03 
4.01223E-04 2.92509E-03 
4.19109E-04 3.04970E-03 
4.39357E-04 3.18518E-03 
4.61219E-04 3.33324E-03 
4.78344E-04 3.49822E-03 
4.65627E-04 3.69326E-03 
3.57160E-04 3.95320E-03 
8.47652E-05 4.32467E-03 
-2.53381E-04 4.78306E-03 
-4.42745E-04 5.22513E-03 
2.63252E-04 2.02929E-03 
2.94608E-04 2.08663E-03 
3.22806E-04 2.21747E-03 
3.53137E-04 2.27667E-03 
3.82547E-04 2.33853E-03 
4.10990E-04 2.40340E-03 
4.38475E-04 2.47160E-03 
4.59120E-04 2.52688E-03 
4.65062E-04 2.54349E-03 
4.92859E-04 2.62555E-03 
5.19980E-04 2.71281E-03 
5.46748E-04 2.80575E-03 
5.73591E-04 2.90488E-03 
6.31135E-04 3.01952E-03 
6.59385E-04 3.12943E-03 
6.89058E-04 3.24834E-03 
7.21195E-04 3.37696E-03 
7.56932E-04 3.51605E-03 
7.97200E-04 3.66658E-03 
8.41589E-04 3.83037E-03 
8.84259E-04 4.01235E-03 
9.01228E-04 4.22810E-03 
8.29554E-04 4.51875E-03 
6.06282E-04 4.93804E-03 
3.30868E-04 5.45305E-03 
2.10716E-04 5.93984E-03 
4.65759E-04 2.36326E-03 
5.03861E-04 2.42888E-03 
5.45819E-04 2.58049E-03 
5.83864E-04 2.64739E-03 
6.21253E-04 2.71740E-03 
6.58015E-04 2.79085E-03 
6.94233E-04 2.86810E-03 
7.21972E-04 2.93070E-03 
7.30049E-04 2.94950E-03 
7.68451E-04 3.04235E-03 
8.06967E-04 3.14093E-03 
8.46046E-04 3.24574E-03 
8.86252E-04 3.35728E-03 
9.62183E-04 3.48293E-03 
1.00587E-03 3.60589E-03 
1.05263E-03 3.73847E-03 
1.10376E-03 3.88131E-03 
1.16066E-03 4.03506E-03 
1.22457E-03 4.20063E-03 
1.29546E-03 4.37990E-03 
1.36812E-03 4.57847E-03 
1.42006E-03 4.81453E-03 
1.39233E-03 5.13615E-03 
1.22855E-03 5.60453E-03 
1.02856E-03 6.17718E-03 
9.89410E-04 6.70744E-03 
7.06368E-04 2.74473E-03 
7.52347E-04 2.81959E-03 
8.12283E-04 2.99284E-03 
8.59397E-04 3.06798E-03 
9.06214E-04 3.14669E-03 
9.52842E-04 3.22930E-03 
9.99448E-04 3.31617E-03 
1.03564E-03 3.38654E-03 
1.04626E-03 3.40766E-03 
1.09731E-03 3.51189E-03 
1.14941E-03 3.62238E-03 
1.20316E-03 3.73959E-03 
1.25927E-03 3.86399E-03 
1.35657E-03 4.00024E-03 
1.41851E-03 4.13657E-03 
1.48545E-03 4.28301E-03 
1.55896E-03 4.44006E-03 
1.64072E-03 4.60823E-03 
1.73231E-03 4.78830E-03 
1.83410E-03 4.98221E-03 
1.94163E-03 5.19627E-03 
2.03435E-03 5.45151E-03 
2.05848E-03 5.80347E-03 
1.96568E-03 6.32117E-03 
1.85507E-03 6.95116E-03 
1.90962E-03 7.52213E-03 
9.92305E-04 3.17875E-03 
1.04748E-03 3.26387E-03 
1.13056E-03 3.45880E-03 
1.18828E-03 3.54268E-03 
1.24617E-03 3.63060E-03 
1.30442E-03 3.72287E-03 
1.36328E-03 3.81986E-03 
1.40946E-03 3.89835E-03 
1.42309E-03 3.92190E-03 
1.48909E-03 4.03799E-03 
1.55727E-03 4.16080E-03 
1.62835E-03 4.29076E-03 
1.70323E-03 4.42827E-03 
1.82519E-03 4.57424E-03 
1.90858E-03 4.72395E-03 
1.99920E-03 4.88403E-03 
2.09890E-03 5.05480E-03 
2.20969E-03 5.23657E-03 
2.33345E-03 5.42996E-03 
2.47103E-03 5.63693E-03 
2.61883E-03 5.86453E-03 
2.75874E-03 6.13686E-03 
2.84346E-03 6.51746E-03 
2.83437E-03 7.08339E-03 
2.82851E-03 7.76882E-03 
2.99043E-03 8.37595E-03 
1.33081E-03 3.66858E-03 
1.39669E-03 3.76496E-03 
1.50904E-03 3.98037E-03 
1.57905E-03 4.07339E-03 
1.64981E-03 4.17089E-03 
1.72160E-03 4.27319E-03 
1.79478E-03 4.38062E-03 
1.85262E-03 4.46747E-03 
1.86978E-03 4.49350E-03 
1.95327E-03 4.62169E-03 
2.04024E-03 4.75697E-03 
2.13159E-03 4.89970E-03 
2.22840E-03 5.05019E-03 
2.37850E-03 5.20441E-03 
2.48685E-03 5.36700E-03 
2.60501E-03 5.53992E-03 
2.73511E-03 5.72322E-03 
2.87945E-03 5.91697E-03 
3.04027E-03 6.12157E-03 
3.21888E-03 6.33898E-03 
3.41271E-03 6.57705E-03 
3.60660E-03 6.86313E-03 
3.76123E-03 7.26919E-03 
3.84952E-03 7.88043E-03 
3.96472E-03 8.61720E-03 
4.24814E-03 9.25365E-03 
1.73039E-03 4.21732E-03 
1.80872E-03 4.32591E-03 
1.95748E-03 4.55899E-03 
2.04162E-03 4.66141E-03 
2.12721E-03 4.76874E-03 
2.21465E-03 4.88125E-03 
2.30440E-03 4.99926E-03 
2.37576E-03 5.09452E-03 
2.39699E-03 5.12304E-03 
2.50077E-03 5.26327E-03 
2.60954E-03 5.41082E-03 
2.72439E-03 5.56593E-03 
2.84660E-03 5.72875E-03 
3.02854E-03 5.88907E-03 
3.16577E-03 6.06339E-03 
3.31572E-03 6.24754E-03 
3.48082E-03 6.44129E-03 
3.66367E-03 6.64439E-03 
3.86681E-03 6.85698E-03 
4.09206E-03 7.08099E-03 
4.33802E-03 7.32510E-03 
4.59308E-03 7.62010E-03 
4.82752E-03 8.04673E-03 
5.02774E-03 8.69822E-03 
5.28123E-03 9.47967E-03 
5.70059E-03 1.01361E-02 
2.20015E-03 4.82652E-03 
2.29292E-03 4.94816E-03 
2.48618E-03 5.19408E-03 
2.58641E-03 5.30600E-03 
2.68895E-03 5.42319E-03 
2.79431E-03 5.54589E-03 
2.90307E-03 5.67433E-03 
2.98996E-03 5.77780E-03 
3.01588E-03 5.80874E-03 
3.14298E-03 5.96055E-03 
3.27682E-03 6.11967E-03 
3.41873E-03 6.28617E-03 
3.57016E-03 6.46002E-03 
3.78774E-03 6.62343E-03 
3.95815E-03 6.80741E-03 
4.14456E-03 7.00020E-03 
4.34966E-03 7.20117E-03 
4.57631E-03 7.40973E-03 
4.82737E-03 7.62570E-03 
5.10514E-03 7.85098E-03 
5.40954E-03 8.09510E-03 
5.73315E-03 8.39246E-03 
6.05766E-03 8.83273E-03 
6.38497E-03 9.51685E-03 
6.79452E-03 1.03333E-02 
7.36415E-03 1.09975E-02 
2.75051E-03 5.49686E-03 
2.86002E-03 5.63217E-03 
3.10671E-03 5.88370E-03 
3.22516E-03 6.00503E-03 
3.34694E-03 6.13187E-03 
3.47269E-03 6.26440E-03 
3.60310E-03 6.40278E-03 
3.70772E-03 6.51394E-03 
3.73900E-03 6.54712E-03 
3.89275E-03 6.70949E-03 
4.05529E-03 6.87883E-03 
4.22815E-03 7.05498E-03 
4.41302E-03 7.23765E-03 
4.67018E-03 7.40015E-03 
4.87851E-03 7.59061E-03 
5.10646E-03 7.78814E-03 
5.35696E-03 7.99171E-03 
5.63309E-03 8.20029E-03 
5.93796E-03 8.41339E-03 
6.27435E-03 8.63287E-03 
6.64363E-03 8.86914E-03 
7.04329E-03 9.16031E-03 
7.46834E-03 9.60501E-03 
7.93836E-03 1.03112E-02 
8.52205E-03 1.11498E-02 
9.25586E-03 1.18064E-02 
3.39169E-03 6.22583E-03 
3.52057E-03 6.37504E-03 
3.83014E-03 6.62227E-03 
3.96903E-03 6.75260E-03 
4.11249E-03 6.88853E-03 
4.26125E-03 7.03013E-03 
4.41618E-03 7.17743E-03 
4.54091E-03 7.29531E-03 
4.57826E-03 7.33041E-03 
4.76230E-03 7.50155E-03 
4.95748E-03 7.67886E-03 
5.16555E-03 7.86187E-03 
5.38844E-03 8.04998E-03 
5.68912E-03 8.20639E-03 
5.94049E-03 8.39869E-03 
6.21542E-03 8.59550E-03 
6.51702E-03 8.79532E-03 
6.84849E-03 8.99667E-03 
7.21313E-03 9.19875E-03 
7.61418E-03 9.40339E-03 
8.05460E-03 9.62194E-03 
8.53753E-03 9.89623E-03 
9.07334E-03 1.03336E-02 
9.70155E-03 1.10481E-02 
1.04770E-02 1.18921E-02 
1.13877E-02 1.25229E-02 
4.13415E-03 7.00817E-03 
4.28542E-03 7.17097E-03 
4.66737E-03 7.40115E-03 
4.82908E-03 7.53967E-03 
4.99680E-03 7.68364E-03 
5.17142E-03 7.83295E-03 
5.35397E-03 7.98748E-03 
5.50140E-03 8.11047E-03 
5.54561E-03 8.14697E-03 
5.76390E-03 8.32409E-03 
5.99603E-03 8.50593E-03 
6.24396E-03 8.69170E-03 
6.50984E-03 8.88037E-03 
6.85788E-03 9.02418E-03 
7.15777E-03 9.21193E-03 
7.48540E-03 9.40067E-03 
7.84394E-03 9.58841E-03 
8.23666E-03 9.77326E-03 
8.66692E-03 9.95409E-03 
9.13837E-03 1.01328E-02 
9.65572E-03 1.03216E-02 
1.02285E-02 1.05662E-02 
1.08846E-02 1.09819E-02 
1.16858E-02 1.16876E-02 
1.26696E-02 1.25166E-02 
1.37678E-02 1.31003E-02 
4.98791E-03 7.83495E-03 
5.16503E-03 8.01023E-03 
5.62830E-03 8.20788E-03 
5.81536E-03 8.35326E-03 
6.01014E-03 8.50353E-03 
6.21371E-03 8.65840E-03 
6.42728E-03 8.81751E-03 
6.60024E-03 8.94319E-03 
6.65219E-03 8.98031E-03 
6.90908E-03 9.15925E-03 
7.18286E-03 9.34071E-03 
7.47571E-03 9.52345E-03 
7.78991E-03 9.70600E-03 
8.18895E-03 9.82923E-03 
8.54308E-03 1.00040E-02 
8.92924E-03 1.01752E-02 
9.35055E-03 1.03404E-02 
9.81019E-03 1.04973E-02 
1.03115E-02 1.06445E-02 
1.08584E-02 1.07840E-02 
1.14575E-02 1.09293E-02 
1.21257E-02 1.11291E-02 
1.29105E-02 1.15063E-02 
1.38980E-02 1.21827E-02 
1.51047E-02 1.29727E-02 
1.63985E-02 1.34856E-02 
5.96191E-03 8.69298E-03 
6.16887E-03 8.87849E-03 
6.72101E-03 9.02590E-03 
6.93618E-03 9.17597E-03 
7.16110E-03 9.32989E-03 
7.39704E-03 9.48708E-03 
7.64538E-03 9.64686E-03 
7.84700E-03 9.77173E-03 
7.90764E-03 9.80838E-03 
8.20791E-03 9.98331E-03 
8.52847E-03 1.01576E-02 
8.87163E-03 1.03295E-02 
9.23979E-03 1.04971E-02 
9.69312E-03 1.05903E-02 
1.01073E-02 1.07414E-02 
1.05577E-02 1.08833E-02 
1.10472E-02 1.10132E-02 
1.15789E-02 1.11286E-02 
1.21558E-02 1.12278E-02 
1.27821E-02 1.13132E-02 
1.34664E-02 1.13992E-02 
1.42337E-02 1.15378E-02 
1.51536E-02 1.18576E-02 
1.63387E-02 1.24811E-02 
1.77798E-02 1.32051E-02 
1.92735E-02 1.36217E-02 
7.06366E-03 9.56462E-03 
7.30502E-03 9.75662E-03 
7.95134E-03 9.83461E-03 
8.19772E-03 9.98615E-03 
8.45626E-03 1.01398E-02 
8.72840E-03 1.02946E-02 
9.01571E-03 1.04496E-02 
9.24949E-03 1.05688E-02 
9.31987E-03 1.06034E-02 
9.66875E-03 1.07664E-02 
1.00416E-02 1.09246E-02 
1.04408E-02 1.10756E-02 
1.08687E-02 1.12171E-02 
1.13790E-02 1.12691E-02 
1.18588E-02 1.13836E-02 
1.23787E-02 1.14824E-02 
1.29412E-02 1.15623E-02 
1.35490E-02 1.16207E-02 
1.42046E-02 1.16561E-02 
1.49126E-02 1.16710E-02 
1.56836E-02 1.16811E-02 
1.65515E-02 1.17409E-02 
1.76104E-02 1.19829E-02 
1.90009E-02 1.25276E-02 
2.06843E-02 1.31562E-02 
2.23776E-02 1.34506E-02 
8.29837E-03 1.04274E-02 
8.57936E-03 1.06203E-02 
9.32199E-03 1.06094E-02 
9.60318E-03 1.07577E-02 
9.89934E-03 1.09054E-02 
1.02120E-02 1.10514E-02 
1.05430E-02 1.11940E-02 
1.08128E-02 1.13011E-02 
1.08941E-02 1.13317E-02 
1.12972E-02 1.14726E-02 
1.17282E-02 1.16032E-02 
1.21892E-02 1.17209E-02 
1.26825E-02 1.18228E-02 
1.32519E-02 1.18213E-02 
1.38023E-02 1.18841E-02 
1.43959E-02 1.19239E-02 
1.50350E-02 1.19375E-02 
1.57212E-02 1.19223E-02 
1.64568E-02 1.18770E-02 
1.72463E-02 1.18047E-02 
1.81028E-02 1.17221E-02 
1.90698E-02 1.16855E-02 
2.02681E-02 1.18289E-02 
2.18682E-02 1.22679E-02 
2.37967E-02 1.27707E-02 
2.56840E-02 1.29179E-02 
9.67102E-03 1.12558E-02 
9.99769E-03 1.14415E-02 
1.08350E-02 1.13232E-02 
1.11553E-02 1.14616E-02 
1.14938E-02 1.15958E-02 
1.18521E-02 1.17242E-02 
1.22321E-02 1.18447E-02 
1.25421E-02 1.19314E-02 
1.26356E-02 1.19555E-02 
1.30990E-02 1.20614E-02 
1.35940E-02 1.21505E-02 
1.41225E-02 1.22198E-02 
1.46866E-02 1.22664E-02 
1.53162E-02 1.21980E-02 
1.59411E-02 1.21924E-02 
1.66115E-02 1.21561E-02 
1.73287E-02 1.20862E-02 
1.80937E-02 1.19802E-02 
1.89081E-02 1.18374E-02 
1.97763E-02 1.16616E-02 
2.07138E-02 1.14704E-02 
2.17752E-02 1.13209E-02 
2.31096E-02 1.13457E-02 
2.49186E-02 1.16520E-02 
2.70897E-02 1.19990E-02 
2.91597E-02 1.19765E-02 
1.11757E-02 1.20154E-02 
1.15547E-02 1.21836E-02 
1.24800E-02 1.19426E-02 
1.28444E-02 1.20622E-02 
1.32304E-02 1.21728E-02 
1.36398E-02 1.22725E-02 
1.40744E-02 1.23588E-02 
1.44290E-02 1.24150E-02 
1.45358E-02 1.24295E-02 
1.50653E-02 1.24854E-02 
1.56298E-02 1.25171E-02 
1.62308E-02 1.25215E-02 
1.68696E-02 1.24957E-02 
1.75588E-02 1.23467E-02 
1.82601E-02 1.22556E-02 
1.90078E-02 1.21264E-02 
1.98022E-02 1.19563E-02 
2.06431E-02 1.17437E-02 
2.15314E-02 1.14886E-02 
2.24715E-02 1.11956E-02 
2.34818E-02 1.08828E-02 
2.46282E-02 1.06073E-02 
2.60902E-02 1.04964E-02 
2.81013E-02 1.06454E-02 
3.05051E-02 1.08100E-02 
3.27397E-02 1.06007E-02 
1.28175E-02 1.26764E-02 
1.32562E-02 1.28135E-02 
1.42588E-02 1.24380E-02 
1.46732E-02 1.25272E-02 
1.51130E-02 1.26017E-02 
1.55797E-02 1.26589E-02 
1.60749E-02 1.26965E-02 
1.64786E-02 1.27103E-02 
1.66001E-02 1.27117E-02 
1.72014E-02 1.27002E-02 
1.78403E-02 1.26567E-02 
1.85177E-02 1.25781E-02 
1.92341E-02 1.24618E-02 
1.99810E-02 1.22190E-02 
2.07586E-02 1.20254E-02 
2.15817E-02 1.17868E-02 
2.24492E-02 1.15013E-02 
2.33601E-02 1.11681E-02 
2.43143E-02 1.07883E-02 
2.53161E-02 1.03672E-02 
2.63870E-02 9.92352E-03 
2.76053E-02 9.51220E-03 
2.91824E-02 9.25198E-03 
3.13838E-02 9.22214E-03 
3.40050E-02 9.18135E-03 
3.63811E-02 8.77337E-03 
1.45924E-02 1.32020E-02 
1.50989E-02 1.32917E-02 
1.61634E-02 1.27753E-02 
1.66347E-02 1.28198E-02 
1.71348E-02 1.28429E-02 
1.76651E-02 1.28418E-02 
1.82268E-02 1.28140E-02 
1.86837E-02 1.27724E-02 
1.88211E-02 1.27568E-02 
1.94990E-02 1.26593E-02 
2.02159E-02 1.25221E-02 
2.09719E-02 1.23424E-02 
2.17663E-02 1.21181E-02 
2.25667E-02 1.17695E-02 
2.34175E-02 1.14581E-02 
2.43106E-02 1.10964E-02 
2.52439E-02 1.06834E-02 
2.62149E-02 1.02196E-02 
2.72227E-02 9.70693E-03 
2.82719E-02 9.15192E-03 
2.93872E-02 8.57312E-03 
3.06601E-02 8.02187E-03 
3.23349E-02 7.60397E-03 
3.47088E-02 7.37928E-03 
3.75254E-02 7.11645E-03 
4.00142E-02 6.50550E-03 
1.64986E-02 1.35553E-02 
1.70810E-02 1.35790E-02 
1.81883E-02 1.29207E-02 
1.87236E-02 1.29038E-02 
1.92909E-02 1.28582E-02 
1.98909E-02 1.27810E-02 
2.05246E-02 1.26699E-02 
2.10381E-02 1.25591E-02 
2.11921E-02 1.25224E-02 
2.19498E-02 1.23203E-02 
2.27463E-02 1.20712E-02 
2.35804E-02 1.17734E-02 
2.44506E-02 1.14254E-02 
2.52978E-02 1.09616E-02 
2.62151E-02 1.05205E-02 
2.71693E-02 1.00257E-02 
2.81567E-02 9.47764E-03 
2.91740E-02 8.87796E-03 
3.02193E-02 8.22997E-03 
3.12976E-02 7.54099E-03 
3.24373E-02 6.82900E-03 
3.37435E-02 6.13986E-03 
3.54941E-02 5.56222E-03 
3.80175E-02 5.13319E-03 
4.10018E-02 4.63908E-03 
4.35699E-02 3.82895E-03 
1.85344E-02 1.36989E-02 
1.92008E-02 1.36358E-02 
2.03289E-02 1.28407E-02 
2.09355E-02 1.27438E-02 
2.15762E-02 1.26106E-02 
2.22514E-02 1.24388E-02 
2.29609E-02 1.22263E-02 
2.35332E-02 1.20327E-02 
2.37043E-02 1.19712E-02 
2.45426E-02 1.16467E-02 
2.54174E-02 1.12696E-02 
2.63262E-02 1.08391E-02 
2.72662E-02 1.03552E-02 
2.81508E-02 9.77033E-03 
2.91241E-02 9.19198E-03 
3.01263E-02 8.55930E-03 
3.11524E-02 7.87416E-03 
3.21981E-02 7.13954E-03 
3.32610E-02 6.36003E-03 
3.43464E-02 5.54360E-03 
3.54870E-02 4.70698E-03 
3.68019E-02 3.88869E-03 
3.86029E-02 3.15608E-03 
4.12478E-02 2.52065E-03 
4.43670E-02 1.79423E-03 
4.69779E-02 7.96883E-04 
2.06994E-02 1.35957E-02 
2.14566E-02 1.34245E-02 
2.25817E-02 1.25028E-02 
2.32662E-02 1.23063E-02 
2.39856E-02 1.20666E-02 
2.47395E-02 1.17820E-02 
2.55268E-02 1.14510E-02 
2.61579E-02 1.11623E-02 
2.63460E-02 1.10725E-02 
2.72627E-02 1.06106E-02 
2.82110E-02 1.00926E-02 
2.91873E-02 9.51930E-03 
3.01871E-02 8.89179E-03 
3.10968E-02 8.18457E-03 
3.21114E-02 7.46728E-03 
3.31444E-02 6.69804E-03 
3.41899E-02 5.88023E-03 
3.52425E-02 5.01823E-03 
3.62995E-02 4.11776E-03 
3.73673E-02 3.18717E-03 
3.84827E-02 2.24120E-03 
3.97792E-02 1.30910E-03 
4.16020E-02 4.33197E-04 
4.43367E-02 -4.02946E-04 
4.75544E-02 -1.35425E-03 
5.01696E-02 -2.51914E-03 
2.29931E-02 1.32107E-02 
2.38463E-02 1.29103E-02 
2.49440E-02 1.18770E-02 
2.57112E-02 1.15616E-02 
2.65124E-02 1.11975E-02 
2.73461E-02 1.07837E-02 
2.82102E-02 1.03197E-02 
2.88979E-02 9.92617E-03 
2.91019E-02 9.80544E-03 
3.00909E-02 9.19523E-03 
3.11040E-02 8.52855E-03 
3.21362E-02 7.80745E-03 
3.31818E-02 7.03474E-03 
3.41009E-02 6.20913E-03 
3.51382E-02 5.35771E-03 
3.61812E-02 4.45998E-03 
3.72231E-02 3.52080E-03 
3.82581E-02 2.54581E-03 
3.92833E-02 1.54167E-03 
4.03063E-02 5.16702E-04 
4.13686E-02 -5.17110E-04 
4.26182E-02 -1.54152E-03 
4.44326E-02 -2.54259E-03 
4.72226E-02 -3.56619E-03 
5.04994E-02 -4.72687E-03 
5.30799E-02 -6.03291E-03 
2.54162E-02 1.25114E-02 
2.63679E-02 1.20628E-02 
2.74145E-02 1.09360E-02 
2.82667E-02 1.04846E-02 
2.91498E-02 9.98085E-03 
3.00611E-02 9.42489E-03 
3.09972E-02 8.81735E-03 
3.17362E-02 8.31260E-03 
3.19544E-02 8.15942E-03 
3.30053E-02 7.39563E-03 
3.40699E-02 6.57828E-03 
3.51421E-02 5.71101E-03 
3.62152E-02 4.79816E-03 
3.71252E-02 3.86384E-03 
3.81629E-02 2.88995E-03 
3.91917E-02 1.87864E-03 
4.02044E-02 8.36071E-04 
4.11947E-02 -2.31050E-04 
4.21603E-02 -1.31548E-03 
4.31103E-02 -2.40933E-03 
4.40910E-02 -3.50418E-03 
4.52647E-02 -4.59435E-03 
4.70398E-02 -5.69691E-03 
4.98490E-02 -6.88800E-03 
5.31448E-02 -8.23544E-03 
5.56526E-02 -9.65100E-03 
2.79561E-02 1.14758E-02 
2.90048E-02 1.08640E-02 
2.99785E-02 9.66457E-03 
3.09141E-02 9.06415E-03 
3.18750E-02 8.41048E-03 
3.28571E-02 7.70495E-03 
3.38561E-02 6.94946E-03 
3.46375E-02 6.33221E-03 
3.48670E-02 6.14656E-03 
3.59644E-02 5.23126E-03 
3.70627E-02 4.26897E-03 
3.81547E-02 3.26484E-03 
3.92329E-02 2.22464E-03 
4.01130E-02 1.19753E-03 
4.11258E-02 1.20071E-04 
4.21140E-02 -9.83000E-04 
4.30700E-02 -2.10449E-03 
4.39879E-02 -3.23697E-03 
4.48659E-02 -4.37296E-03 
4.57151E-02 -5.50553E-03 
4.65868E-02 -6.63047E-03 
4.76569E-02 -7.75595E-03 
4.93626E-02 -8.93175E-03 
5.21550E-02 -1.02641E-02 
5.54298E-02 -1.17692E-02 
5.78297E-02 -1.32587E-02 
3.06454E-02 1.00657E-02 
3.17864E-02 9.27908E-03 
3.26667E-02 8.02781E-03 
3.36807E-02 7.26881E-03 
3.47114E-02 6.45880E-03 
3.57538E-02 5.60055E-03 
3.68023E-02 4.69735E-03 
3.76142E-02 3.97007E-03 
3.78513E-02 3.75305E-03 
3.89757E-02 2.69384E-03 
4.00857E-02 1.59796E-03 
4.11735E-02 4.71929E-04 
4.22310E-02 -6.77302E-04 
4.30575E-02 -1.77681E-03 
4.40175E-02 -2.93392E-03 
4.49363E-02 -4.10225E-03 
4.58065E-02 -5.27391E-03 
4.66228E-02 -6.44112E-03 
4.73844E-02 -7.59663E-03 
4.81046E-02 -8.73492E-03 
4.88399E-02 -9.85673E-03 
4.97792E-02 -1.09851E-02 
5.13858E-02 -1.22038E-02 
5.41261E-02 -1.36486E-02 
5.73412E-02 -1.52797E-02 
5.95996E-02 -1.68068E-02 
3.34612E-02 8.27177E-03 
3.46838E-02 7.30651E-03 
3.54534E-02 6.02529E-03 
3.65345E-02 5.10613E-03 
3.76213E-02 4.14171E-03 
3.87075E-02 3.13618E-03 
3.97870E-02 2.09411E-03 
4.06134E-02 1.26595E-03 
4.08531E-02 1.02061E-03 
4.19801E-02 -1.65829E-04 
4.30756E-02 -1.37517E-03 
4.41314E-02 -2.59984E-03 
4.51396E-02 -3.83204E-03 
4.58874E-02 -4.97770E-03 
4.67655E-02 -6.18429E-03 
4.75858E-02 -7.38588E-03 
4.83415E-02 -8.57431E-03 
4.90283E-02 -9.74188E-03 
4.96469E-02 -1.08820E-02 
5.02128E-02 -1.19910E-02 
5.07877E-02 -1.30751E-02 
5.15725E-02 -1.41728E-02 
5.30536E-02 -1.54021E-02 
5.57087E-02 -1.69266E-02 
5.88277E-02 -1.86480E-02 
6.09165E-02 -2.01752E-02 
3.64117E-02 6.07489E-03 
3.76996E-02 4.93448E-03 
3.83430E-02 3.64506E-03 
3.94744E-02 2.57157E-03 
4.05978E-02 1.46214E-03 
4.17065E-02 3.22182E-04 
4.27934E-02 -8.42600E-04 
4.36150E-02 -1.75702E-03 
4.38515E-02 -2.02609E-03 
4.49524E-02 -3.31584E-03 
4.60034E-02 -4.61178E-03 
4.69967E-02 -5.90567E-03 
4.79248E-02 -7.18929E-03 
4.85677E-02 -8.35081E-03 
4.93341E-02 -9.57270E-03 
5.00267E-02 -1.07723E-02 
5.06400E-02 -1.19417E-02 
5.11706E-02 -1.30735E-02 
5.16213E-02 -1.41624E-02 
5.20099E-02 -1.52069E-02 
5.24032E-02 -1.62192E-02 
5.30129E-02 -1.72533E-02 
5.43447E-02 -1.84608E-02 
5.68838E-02 -2.00312E-02 
5.98738E-02 -2.18063E-02 
6.17687E-02 -2.32975E-02 
3.94943E-02 3.46620E-03 
4.08247E-02 2.16302E-03 
4.13280E-02 8.87393E-04 
4.24866E-02 -3.25893E-04 
4.36217E-02 -1.56244E-03 
4.47259E-02 -2.81581E-03 
4.57920E-02 -4.07940E-03 
4.65862E-02 -5.05980E-03 
4.68129E-02 -5.34638E-03 
4.78553E-02 -6.70836E-03 
4.88293E-02 -8.05762E-03 
4.97276E-02 -9.38572E-03 
5.05434E-02 -1.06844E-02 
5.10550E-02 -1.18282E-02 
5.16801E-02 -1.30283E-02 
5.22171E-02 -1.41887E-02 
5.26615E-02 -1.53018E-02 
5.30119E-02 -1.63615E-02 
5.32727E-02 -1.73637E-02 
5.34647E-02 -1.83097E-02 
5.36588E-02 -1.92177E-02 
5.40764E-02 -2.01570E-02 
5.52389E-02 -2.13116E-02 
5.76346E-02 -2.28939E-02 
6.04658E-02 -2.46860E-02 
6.21475E-02 -2.61075E-02 
4.26995E-02 4.47096E-04 
4.40431E-02 -9.96994E-04 
4.43930E-02 -2.23613E-03 
4.55497E-02 -3.56562E-03 
4.66659E-02 -4.90283E-03 
4.77340E-02 -6.24060E-03 
4.87470E-02 -7.57179E-03 
4.94887E-02 -8.59270E-03 
4.96982E-02 -8.88918E-03 
5.06472E-02 -1.02861E-02 
5.15097E-02 -1.16500E-02 
5.22795E-02 -1.29730E-02 
5.29510E-02 -1.42471E-02 
5.33053E-02 -1.53375E-02 
5.37611E-02 -1.64773E-02 
5.41166E-02 -1.75606E-02 
5.43688E-02 -1.85808E-02 
5.45181E-02 -1.95330E-02 
5.45709E-02 -2.04149E-02 
5.45506E-02 -2.12309E-02 
5.45326E-02 -2.20049E-02 
5.47456E-02 -2.28213E-02 
5.57226E-02 -2.38941E-02 
5.79510E-02 -2.54553E-02 
6.05981E-02 -2.72289E-02 
6.20522E-02 -2.85504E-02 
4.60069E-02 -2.96663E-03 
4.73285E-02 -4.52027E-03 
4.75118E-02 -5.69904E-03 
4.86318E-02 -7.11240E-03 
4.96938E-02 -8.51586E-03 
5.06905E-02 -9.90187E-03 
5.16152E-02 -1.12631E-02 
5.22775E-02 -1.22948E-02 
5.24619E-02 -1.25924E-02 
5.32812E-02 -1.39820E-02 
5.39973E-02 -1.53183E-02 
5.46056E-02 -1.65940E-02 
5.51020E-02 -1.78022E-02 
5.52746E-02 -1.88030E-02 
5.55359E-02 -1.98442E-02 
5.56872E-02 -2.08136E-02 
5.57274E-02 -2.17059E-02 
5.56589E-02 -2.25180E-02 
5.54901E-02 -2.32493E-02 
5.52471E-02 -2.39074E-02 
5.50085E-02 -2.45219E-02 
5.50091E-02 -2.51914E-02 
5.57890E-02 -2.61566E-02 
5.78303E-02 -2.76656E-02 
6.02721E-02 -2.93875E-02 
6.14897E-02 -3.05830E-02 
4.93496E-02 -6.70317E-03 
5.06094E-02 -8.32581E-03 
5.06143E-02 -9.41980E-03 
5.16598E-02 -1.08769E-02 
5.26301E-02 -1.23055E-02 
5.35188E-02 -1.36979E-02 
5.43199E-02 -1.50473E-02 
5.48765E-02 -1.60574E-02 
5.50284E-02 -1.63467E-02 
5.56835E-02 -1.76846E-02 
5.62214E-02 -1.89500E-02 
5.66390E-02 -2.01366E-02 
5.69343E-02 -2.12389E-02 
5.69059E-02 -2.21162E-02 
5.69534E-02 -2.30239E-02 
5.68843E-02 -2.38469E-02 
5.66998E-02 -2.45816E-02 
5.64039E-02 -2.52265E-02 
5.60074E-02 -2.57832E-02 
5.55384E-02 -2.62622E-02 
5.50784E-02 -2.66988E-02 
5.48659E-02 -2.72036E-02 
5.54436E-02 -2.80409E-02 
5.72846E-02 -2.94705E-02 
5.95070E-02 -3.11114E-02 
6.04866E-02 -3.21614E-02 
5.27436E-02 -1.07820E-02 
5.38971E-02 -1.24273E-02 
5.37079E-02 -1.34090E-02 
5.46371E-02 -1.48648E-02 
5.54752E-02 -1.62730E-02 
5.62166E-02 -1.76266E-02 
5.68567E-02 -1.89192E-02 
5.72799E-02 -1.98735E-02 
5.73916E-02 -2.01446E-02 
5.78470E-02 -2.13846E-02 
5.81741E-02 -2.25346E-02 
5.83718E-02 -2.35897E-02 
5.84399E-02 -2.45462E-02 
5.81912E-02 -2.52663E-02 
5.80062E-02 -2.60066E-02 
5.77016E-02 -2.66521E-02 
5.72805E-02 -2.72010E-02 
5.67490E-02 -2.76536E-02 
5.61197E-02 -2.80139E-02 
5.54226E-02 -2.82948E-02 
5.47414E-02 -2.85370E-02 
5.43161E-02 -2.88618E-02 
5.46874E-02 -2.95530E-02 
5.63154E-02 -3.08782E-02 
5.83050E-02 -3.24114E-02 
5.90456E-02 -3.32989E-02 
5.60776E-02 -1.50749E-02 
5.70802E-02 -1.66910E-02 
5.66837E-02 -1.75335E-02 
5.74559E-02 -1.89389E-02 
5.81233E-02 -2.02789E-02 
5.86814E-02 -2.15471E-02 
5.91272E-02 -2.27380E-02 
5.93934E-02 -2.36032E-02 
5.94581E-02 -2.38466E-02 
5.96846E-02 -2.49449E-02 
5.97755E-02 -2.59387E-02 
5.97316E-02 -2.68247E-02 
5.95549E-02 -2.76011E-02 
5.90746E-02 -2.81364E-02 
5.86474E-02 -2.86826E-02 
5.81012E-02 -2.91273E-02 
5.74410E-02 -2.94704E-02 
5.66747E-02 -2.97142E-02 
5.58165E-02 -2.98648E-02 
5.48982E-02 -2.99378E-02 
5.40045E-02 -2.99780E-02 
5.33748E-02 -3.01157E-02 
5.35430E-02 -3.06496E-02 
5.49530E-02 -3.18508E-02 
5.67045E-02 -3.32553E-02 
5.72138E-02 -3.39711E-02 
5.92884E-02 -1.95055E-02 
6.00964E-02 -2.10384E-02 
5.94793E-02 -2.17142E-02 
6.00556E-02 -2.30198E-02 
6.05162E-02 -2.42439E-02 
6.08582E-02 -2.53812E-02 
6.10799E-02 -2.64274E-02 
6.11683E-02 -2.71719E-02 
6.11805E-02 -2.73787E-02 
6.11537E-02 -2.82952E-02 
6.09881E-02 -2.90961E-02 
6.06865E-02 -2.97801E-02 
6.02529E-02 -3.03473E-02 
5.95345E-02 -3.06752E-02 
5.88609E-02 -3.10062E-02 
5.80726E-02 -3.12325E-02 
5.71761E-02 -3.13560E-02 
5.61809E-02 -3.13806E-02 
5.51029E-02 -3.13143E-02 
5.39748E-02 -3.11752E-02 
5.28814E-02 -3.10116E-02 
5.20596E-02 -3.09602E-02 
5.20321E-02 -3.13303E-02 
5.32231E-02 -3.23926E-02 
5.47355E-02 -3.36523E-02 
5.50247E-02 -3.41924E-02 
6.22910E-02 -2.39666E-02 
6.28638E-02 -2.53631E-02 
6.20148E-02 -2.58461E-02 
6.23607E-02 -2.70043E-02 
6.25834E-02 -2.80676E-02 
6.26818E-02 -2.90322E-02 
6.26557E-02 -2.98948E-02 
6.25507E-02 -3.04911E-02 
6.25061E-02 -3.06536E-02 
6.22085E-02 -3.13538E-02 
6.17732E-02 -3.19315E-02 
6.12048E-02 -3.23873E-02 
6.05095E-02 -3.27231E-02 
5.95531E-02 -3.28278E-02 
5.86359E-02 -3.29297E-02 
5.76113E-02 -3.29275E-02 
5.64876E-02 -3.28245E-02 
5.52757E-02 -3.26266E-02 
5.39924E-02 -3.23433E-02 
5.26710E-02 -3.19946E-02 
5.13957E-02 -3.16314E-02 
5.03986E-02 -3.13950E-02 
5.01869E-02 -3.16003E-02 
5.11627E-02 -3.25138E-02 
5.24399E-02 -3.36178E-02 
5.25246E-02 -3.39839E-02 
6.50069E-02 -2.83585E-02 
6.53092E-02 -2.95683E-02 
6.42188E-02 -2.98340E-02 
6.43053E-02 -3.08012E-02 
6.42650E-02 -3.16634E-02 
6.40983E-02 -3.24183E-02 
6.38070E-02 -3.30642E-02 
6.34975E-02 -3.34889E-02 
6.33934E-02 -3.36007E-02 
6.28145E-02 -3.40569E-02 
6.21032E-02 -3.43878E-02 
6.12660E-02 -3.45962E-02 
6.03105E-02 -3.46856E-02 
5.91220E-02 -3.45575E-02 
5.79697E-02 -3.44235E-02 
5.67206E-02 -3.41891E-02 
5.53841E-02 -3.38595E-02 
5.39723E-02 -3.34420E-02 
5.25026E-02 -3.29475E-02 
5.10085E-02 -3.23973E-02 
4.95727E-02 -3.18441E-02 
4.84201E-02 -3.14315E-02 
4.80391E-02 -3.14754E-02 
4.88072E-02 -3.22349E-02 
4.98572E-02 -3.31773E-02 
4.97558E-02 -3.33754E-02 
6.73491E-02 -3.25636E-02 
6.73529E-02 -3.35421E-02 
6.60154E-02 -3.35698E-02 
6.58211E-02 -3.43087E-02 
6.55004E-02 -3.49363E-02 
6.50554E-02 -3.54518E-02 
6.44892E-02 -3.58552E-02 
6.39705E-02 -3.60910E-02 
6.38059E-02 -3.61475E-02 
6.29437E-02 -3.63402E-02 
6.19583E-02 -3.64094E-02 
6.08579E-02 -3.63595E-02 
5.96513E-02 -3.61957E-02 
5.82431E-02 -3.58328E-02 
5.68707E-02 -3.54634E-02 
5.54147E-02 -3.50008E-02 
5.38854E-02 -3.44516E-02 
5.22955E-02 -3.38239E-02 
5.06629E-02 -3.31301E-02 
4.90206E-02 -3.23923E-02 
4.74488E-02 -3.16640E-02 
4.61640E-02 -3.10889E-02 
4.56318E-02 -3.09796E-02 
4.62039E-02 -3.15848E-02 
4.70388E-02 -3.23649E-02 
4.67729E-02 -3.24056E-02 
6.92409E-02 -3.64736E-02 
6.89265E-02 -3.71835E-02 
6.73408E-02 -3.69573E-02 
6.68529E-02 -3.74384E-02 
6.62429E-02 -3.78059E-02 
6.55144E-02 -3.80605E-02 
6.46719E-02 -3.82037E-02 
6.39453E-02 -3.82396E-02 
6.37210E-02 -3.82380E-02 
6.25813E-02 -3.81567E-02 
6.13313E-02 -3.79576E-02 
5.99805E-02 -3.76468E-02 
5.85388E-02 -3.72309E-02 
5.69288E-02 -3.66384E-02 
5.53571E-02 -3.60413E-02 
5.37168E-02 -3.53611E-02 
5.20190E-02 -3.46051E-02 
5.02767E-02 -3.37828E-02 
4.85080E-02 -3.29069E-02 
4.67448E-02 -3.20001E-02 
4.50642E-02 -3.11157E-02 
4.36723E-02 -3.03957E-02 
4.30096E-02 -3.01453E-02 
4.34006E-02 -3.06004E-02 
4.40361E-02 -3.12219E-02 
4.36289E-02 -3.11197E-02 
7.06169E-02 -3.99906E-02 
6.99738E-02 -4.04034E-02 
6.81436E-02 -3.99129E-02 
6.73580E-02 -4.01154E-02 
6.64581E-02 -4.02060E-02 
6.54490E-02 -4.01867E-02 
6.43367E-02 -4.00606E-02 
6.34093E-02 -3.98920E-02 
6.31277E-02 -3.98314E-02 
6.17241E-02 -3.94739E-02 
6.02262E-02 -3.90084E-02 
5.86444E-02 -3.84420E-02 
5.69893E-02 -3.77826E-02 
5.52006E-02 -3.69721E-02 
5.34547E-02 -3.61615E-02 
5.16568E-02 -3.52799E-02 
4.98184E-02 -3.43357E-02 
4.79525E-02 -3.33387E-02 
4.60767E-02 -3.23022E-02 
4.42218E-02 -3.12487E-02 
4.24609E-02 -3.02307E-02 
4.09885E-02 -2.93863E-02 
4.02174E-02 -2.90100E-02 
4.04447E-02 -2.93229E-02 
4.08990E-02 -2.97937E-02 
4.03751E-02 -2.95655E-02 
7.14219E-02 -4.30213E-02 
7.04499E-02 -4.31188E-02 
6.83852E-02 -4.23604E-02 
6.73070E-02 -4.22734E-02 
6.61257E-02 -4.20800E-02 
6.48477E-02 -4.17834E-02 
6.34800E-02 -4.13880E-02 
6.23648E-02 -4.10172E-02 
6.20300E-02 -4.08986E-02 
6.03836E-02 -4.02720E-02 
5.86614E-02 -3.95503E-02 
5.68742E-02 -3.87416E-02 
5.50329E-02 -3.78546E-02 
5.30930E-02 -3.68441E-02 
5.12023E-02 -3.58399E-02 
4.92770E-02 -3.47787E-02 
4.73286E-02 -3.36695E-02 
4.53700E-02 -3.25223E-02 
4.34179E-02 -3.13502E-02 
4.15016E-02 -3.01755E-02 
3.96896E-02 -2.90489E-02 
3.81637E-02 -2.81030E-02 
3.73078E-02 -2.76188E-02 
3.73912E-02 -2.78009E-02 
3.76847E-02 -2.81324E-02 
3.70692E-02 -2.77974E-02 
7.16197E-02 -4.55010E-02 
7.03270E-02 -4.52745E-02 
6.80430E-02 -4.42509E-02 
6.66850E-02 -4.38723E-02 
6.52381E-02 -4.33960E-02 
6.37097E-02 -4.28267E-02 
6.21073E-02 -4.21695E-02 
6.08220E-02 -4.16044E-02 
6.04393E-02 -4.14304E-02 
5.85769E-02 -4.05489E-02 
5.66588E-02 -3.95879E-02 
5.46961E-02 -3.85563E-02 
5.26996E-02 -3.74631E-02 
5.06389E-02 -3.62750E-02 
4.86350E-02 -3.51015E-02 
4.66143E-02 -3.38862E-02 
4.45880E-02 -3.26382E-02 
4.25683E-02 -3.13676E-02 
4.05712E-02 -3.00872E-02 
3.86236E-02 -2.88183E-02 
3.67894E-02 -2.76091E-02 
3.52368E-02 -2.65857E-02 
3.43195E-02 -2.60128E-02 
3.42795E-02 -2.60779E-02 
3.44336E-02 -2.62838E-02 
3.37511E-02 -2.58622E-02 
7.11930E-02 -4.73541E-02 
6.96000E-02 -4.68086E-02 
6.71199E-02 -4.55324E-02 
6.55058E-02 -4.48722E-02 
6.38191E-02 -4.41260E-02 
6.20677E-02 -4.32995E-02 
6.02598E-02 -4.23985E-02 
5.88277E-02 -4.16545E-02 
5.84041E-02 -4.14298E-02 
5.63595E-02 -4.03171E-02 
5.42803E-02 -3.91426E-02 
5.21773E-02 -3.79152E-02 
5.00610E-02 -3.66441E-02 
4.79131E-02 -3.53068E-02 
4.58303E-02 -3.39932E-02 
4.37480E-02 -3.26536E-02 
4.16769E-02 -3.12968E-02 
3.96284E-02 -2.99326E-02 
3.76171E-02 -2.85732E-02 
3.56679E-02 -2.72386E-02 
3.38392E-02 -2.59743E-02 
3.22857E-02 -2.48983E-02 
3.13305E-02 -2.42577E-02 
3.11894E-02 -2.42224E-02 
3.12273E-02 -2.43195E-02 
3.05017E-02 -2.38325E-02 
7.01297E-02 -4.85759E-02 
6.82603E-02 -4.77206E-02 
6.56094E-02 -4.62072E-02 
6.37653E-02 -4.52792E-02 
6.18665E-02 -4.42794E-02 
5.99215E-02 -4.32141E-02 
5.79388E-02 -4.20900E-02 
5.63842E-02 -4.11843E-02 
5.59269E-02 -4.09140E-02 
5.37350E-02 -3.95961E-02 
5.15299E-02 -3.82353E-02 
4.93220E-02 -3.68404E-02 
4.71211E-02 -3.54206E-02 
4.49194E-02 -3.39628E-02 
4.27912E-02 -3.25387E-02 
4.06803E-02 -3.11043E-02 
3.85964E-02 -2.96682E-02 
3.65499E-02 -2.82394E-02 
3.45540E-02 -2.68294E-02 
3.26311E-02 -2.54566E-02 
3.08342E-02 -2.41631E-02 
2.93038E-02 -2.30583E-02 
2.83326E-02 -2.23699E-02 
2.81109E-02 -2.22503E-02 
2.80539E-02 -2.22548E-02 
2.73070E-02 -2.17222E-02 
6.84437E-02 -4.91292E-02 
6.63318E-02 -4.79856E-02 
6.35424E-02 -4.62594E-02 
6.15026E-02 -4.50876E-02 
5.94272E-02 -4.38600E-02 
5.73246E-02 -4.25836E-02 
5.52034E-02 -4.12650E-02 
5.35548E-02 -4.02205E-02 
5.30721E-02 -3.99115E-02 
5.07722E-02 -3.84212E-02 
4.84801E-02 -3.69075E-02 
4.62055E-02 -3.53790E-02 
4.39573E-02 -3.38441E-02 
4.17361E-02 -3.22979E-02 
3.95967E-02 -3.07955E-02 
3.74899E-02 -2.92980E-02 
3.54245E-02 -2.78134E-02 
3.34097E-02 -2.63499E-02 
3.14570E-02 -2.49180E-02 
2.95863E-02 -2.35342E-02 
2.78451E-02 -2.22370E-02 
2.63599E-02 -2.11265E-02 
2.53934E-02 -2.04106E-02 
2.51120E-02 -2.02243E-02 
2.49817E-02 -2.01539E-02 
2.42337E-02 -1.95951E-02 
6.61627E-02 -4.90154E-02 
6.38483E-02 -4.76130E-02 
6.09565E-02 -4.57042E-02 
5.87601E-02 -4.43193E-02 
5.65472E-02 -4.28957E-02 
5.43264E-02 -4.14406E-02 
5.21058E-02 -3.99609E-02 
5.03930E-02 -3.88035E-02 
4.98936E-02 -3.84635E-02 
4.75265E-02 -3.68372E-02 
4.51873E-02 -3.52068E-02 
4.28844E-02 -3.35803E-02 
4.06259E-02 -3.19654E-02 
3.84187E-02 -3.03638E-02 
3.63010E-02 -2.88156E-02 
3.42294E-02 -2.72865E-02 
3.22117E-02 -2.57836E-02 
3.02559E-02 -2.43144E-02 
2.83717E-02 -2.28877E-02 
2.65764E-02 -2.15185E-02 
2.49121E-02 -2.02413E-02 
2.34914E-02 -1.91467E-02 
2.25482E-02 -1.84223E-02 
2.22269E-02 -1.81867E-02 
2.20437E-02 -1.80590E-02 
2.13125E-02 -1.74921E-02 
6.33282E-02 -4.82529E-02 
6.08559E-02 -4.66280E-02 
5.79013E-02 -4.45719E-02 
5.55904E-02 -4.30096E-02 
5.32819E-02 -4.14264E-02 
5.09841E-02 -3.98293E-02 
4.87047E-02 -3.82249E-02 
4.69583E-02 -3.69828E-02 
4.64510E-02 -3.66200E-02 
4.40579E-02 -3.48962E-02 
4.17109E-02 -3.31869E-02 
3.94174E-02 -3.14991E-02 
3.71840E-02 -2.98396E-02 
3.50229E-02 -2.82153E-02 
3.29575E-02 -2.66531E-02 
3.09498E-02 -2.51227E-02 
2.90065E-02 -2.36304E-02 
2.71340E-02 -2.21823E-02 
2.53405E-02 -2.07862E-02 
2.36406E-02 -1.94549E-02 
2.20711E-02 -1.82189E-02 
2.07315E-02 -1.71595E-02 
1.98281E-02 -1.64442E-02 
1.94850E-02 -1.61759E-02 
1.92676E-02 -1.60077E-02 
1.85683E-02 -1.54488E-02 
5.99947E-02 -4.68760E-02 
5.74125E-02 -4.50706E-02 
5.44367E-02 -4.29065E-02 
5.20554E-02 -4.12067E-02 
4.96946E-02 -3.95035E-02 
4.73618E-02 -3.78035E-02 
4.50641E-02 -3.61131E-02 
4.33146E-02 -3.48155E-02 
4.28081E-02 -3.44383E-02 
4.04292E-02 -3.26566E-02 
3.81126E-02 -3.09064E-02 
3.58643E-02 -2.91938E-02 
3.36894E-02 -2.75244E-02 
3.16037E-02 -2.59088E-02 
2.96185E-02 -2.43629E-02 
2.77005E-02 -2.28597E-02 
2.58549E-02 -2.14044E-02 
2.40868E-02 -2.00021E-02 
2.24027E-02 -1.86590E-02 
2.08147E-02 -1.73861E-02 
1.93547E-02 -1.62099E-02 
1.81094E-02 -1.52023E-02 
1.72595E-02 -1.45116E-02 
1.69107E-02 -1.42263E-02 
1.66760E-02 -1.40332E-02 
1.60211E-02 -1.34961E-02 
5.62270E-02 -4.49337E-02 
5.35847E-02 -4.29937E-02 
5.06301E-02 -4.07634E-02 
4.82232E-02 -3.89685E-02 
4.58533E-02 -3.71868E-02 
4.35272E-02 -3.54246E-02 
4.12510E-02 -3.36874E-02 
3.95276E-02 -3.23639E-02 
3.90303E-02 -3.19807E-02 
3.67039E-02 -3.01802E-02 
3.44534E-02 -2.84264E-02 
3.22833E-02 -2.67242E-02 
3.01974E-02 -2.50777E-02 
2.82134E-02 -2.35003E-02 
2.63329E-02 -2.19985E-02 
2.45266E-02 -2.05482E-02 
2.27984E-02 -1.91536E-02 
2.11520E-02 -1.78186E-02 
1.95923E-02 -1.65481E-02 
1.81293E-02 -1.53509E-02 
1.67897E-02 -1.42499E-02 
1.56488E-02 -1.33079E-02 
1.48635E-02 -1.26550E-02 
1.45231E-02 -1.23666E-02 
1.42855E-02 -1.21629E-02 
1.36846E-02 -1.16589E-02 
5.20999E-02 -4.24881E-02 
4.94477E-02 -4.04620E-02 
4.65564E-02 -3.82087E-02 
4.41681E-02 -3.63622E-02 
4.18312E-02 -3.45442E-02 
3.95517E-02 -3.27603E-02 
3.73346E-02 -3.10153E-02 
3.56650E-02 -2.96946E-02 
3.51846E-02 -2.93137E-02 
3.29461E-02 -2.75321E-02 
3.07941E-02 -2.58099E-02 
2.87318E-02 -2.41507E-02 
2.67614E-02 -2.25575E-02 
2.49018E-02 -2.10449E-02 
2.31466E-02 -1.96119E-02 
2.14701E-02 -1.82372E-02 
1.98750E-02 -1.69236E-02 
1.83637E-02 -1.56739E-02 
1.69396E-02 -1.44918E-02 
1.56105E-02 -1.33842E-02 
1.43988E-02 -1.23705E-02 
1.33692E-02 -1.15050E-02 
1.26566E-02 -1.09006E-02 
1.23362E-02 -1.06212E-02 
1.21079E-02 -1.04190E-02 
1.15677E-02 -9.95716E-03 
4.76946E-02 -3.96122E-02 
4.50818E-02 -3.75492E-02 
4.22945E-02 -3.53162E-02 
3.99668E-02 -3.34614E-02 
3.77027E-02 -3.16485E-02 
3.55070E-02 -2.98822E-02 
3.33837E-02 -2.81664E-02 
3.17928E-02 -2.68758E-02 
3.13364E-02 -2.65048E-02 
2.92172E-02 -2.47772E-02 
2.71922E-02 -2.31190E-02 
2.52630E-02 -2.15324E-02 
2.34306E-02 -2.00192E-02 
2.17136E-02 -1.85946E-02 
2.01001E-02 -1.72515E-02 
1.85673E-02 -1.59710E-02 
1.71169E-02 -1.47550E-02 
1.57500E-02 -1.36051E-02 
1.44688E-02 -1.25236E-02 
1.32790E-02 -1.15159E-02 
1.21992E-02 -1.05981E-02 
1.12844E-02 -9.81668E-03 
1.06499E-02 -9.26900E-03 
1.03586E-02 -9.00870E-03 
1.01493E-02 -8.81805E-03 
9.67388E-03 -8.40469E-03 
4.30891E-02 -3.63814E-02 
4.05626E-02 -3.43301E-02 
3.79173E-02 -3.21595E-02 
3.56897E-02 -3.03381E-02 
3.35348E-02 -2.85697E-02 
3.14567E-02 -2.68580E-02 
2.94582E-02 -2.52061E-02 
2.79681E-02 -2.39705E-02 
2.75418E-02 -2.36164E-02 
2.55692E-02 -2.19744E-02 
2.36952E-02 -2.04088E-02 
2.19201E-02 -1.89207E-02 
2.02436E-02 -1.75106E-02 
1.86835E-02 -1.61932E-02 
1.72238E-02 -1.49573E-02 
1.58446E-02 -1.37860E-02 
1.45465E-02 -1.26803E-02 
1.33296E-02 -1.16407E-02 
1.21948E-02 -1.06685E-02 
1.11463E-02 -9.76757E-03 
1.01992E-02 -8.95110E-03 
9.39986E-03 -8.25858E-03 
8.84641E-03 -7.77319E-03 
8.59096E-03 -7.53982E-03 
8.40786E-03 -7.36880E-03 
7.99878E-03 -7.00778E-03 
3.84161E-02 -3.29158E-02 
3.60178E-02 -3.09223E-02 
3.35472E-02 -2.88524E-02 
3.14535E-02 -2.71026E-02 
2.94389E-02 -2.54141E-02 
2.75062E-02 -2.37897E-02 
2.56574E-02 -2.22315E-02 
2.42853E-02 -2.10722E-02 
2.38938E-02 -2.07410E-02 
2.20884E-02 -1.92108E-02 
2.03827E-02 -1.77610E-02 
1.87760E-02 -1.63914E-02 
1.72669E-02 -1.51016E-02 
1.58716E-02 -1.39052E-02 
1.45719E-02 -1.27884E-02 
1.33504E-02 -1.17359E-02 
1.22065E-02 -1.07479E-02 
1.11397E-02 -9.82429E-03 
1.01500E-02 -8.96526E-03 
9.24008E-03 -8.17347E-03 
8.42217E-03 -7.45954E-03 
7.73524E-03 -6.85683E-03 
7.26231E-03 -6.43617E-03 
7.04670E-03 -6.23506E-03 
6.89429E-03 -6.08920E-03 
6.55025E-03 -5.78157E-03 
3.37066E-02 -2.92645E-02 
3.14751E-02 -2.73715E-02 
2.92090E-02 -2.54379E-02 
2.72795E-02 -2.37946E-02 
2.54325E-02 -2.22180E-02 
2.36697E-02 -2.07102E-02 
2.19921E-02 -1.92720E-02 
2.07526E-02 -1.82075E-02 
2.03999E-02 -1.79042E-02 
1.87785E-02 -1.65083E-02 
1.72551E-02 -1.51937E-02 
1.58278E-02 -1.39593E-02 
1.44946E-02 -1.28036E-02 
1.32694E-02 -1.17390E-02 
1.21334E-02 -1.07499E-02 
1.10711E-02 -9.82303E-03 
1.00815E-02 -8.95775E-03 
9.16320E-03 -8.15322E-03 
8.31558E-03 -7.40900E-03 
7.54022E-03 -6.72668E-03 
6.84686E-03 -6.11475E-03 
6.26806E-03 -5.60118E-03 
5.87388E-03 -5.24608E-03 
5.70029E-03 -5.08075E-03 
5.58116E-03 -4.96368E-03 
5.29965E-03 -4.70903E-03 
2.90845E-02 -2.55478E-02 
2.70511E-02 -2.37925E-02 
2.50121E-02 -2.20248E-02 
2.32703E-02 -2.05170E-02 
2.16112E-02 -1.90786E-02 
2.00356E-02 -1.77104E-02 
1.85435E-02 -1.64126E-02 
1.74460E-02 -1.54566E-02 
1.71344E-02 -1.51850E-02 
1.57069E-02 -1.39392E-02 
1.43727E-02 -1.27728E-02 
1.31293E-02 -1.16839E-02 
1.19738E-02 -1.06701E-02 
1.09184E-02 -9.74228E-03 
9.94409E-03 -8.88439E-03 
9.03754E-03 -8.08478E-03 
8.19718E-03 -7.34225E-03 
7.42131E-03 -6.65547E-03 
6.70865E-03 -6.02350E-03 
6.06002E-03 -5.44713E-03 
5.48315E-03 -4.93310E-03 
5.00525E-03 -4.50489E-03 
4.68541E-03 -4.21346E-03 
4.55361E-03 -4.08506E-03 
4.46803E-03 -3.99818E-03 
4.24440E-03 -3.79382E-03 
2.46379E-02 -2.18620E-02 
2.28265E-02 -2.02750E-02 
2.10304E-02 -1.86964E-02 
1.94927E-02 -1.73469E-02 
1.80351E-02 -1.60663E-02 
1.66574E-02 -1.48545E-02 
1.53590E-02 -1.37112E-02 
1.44081E-02 -1.28730E-02 
1.41387E-02 -1.26354E-02 
1.29085E-02 -1.15495E-02 
1.17646E-02 -1.05385E-02 
1.07040E-02 -9.59974E-03 
9.72335E-03 -8.73056E-03 
8.83259E-03 -7.93979E-03 
8.01385E-03 -7.21203E-03 
7.25570E-03 -6.53717E-03 
6.55626E-03 -5.91364E-03 
5.91357E-03 -5.33982E-03 
5.32605E-03 -4.81443E-03 
4.79397E-03 -4.33773E-03 
4.32352E-03 -3.91510E-03 
3.93749E-03 -3.56630E-03 
3.68584E-03 -3.33468E-03 
3.59372E-03 -3.24242E-03 
3.54011E-03 -3.18519E-03 
3.36831E-03 -3.02687E-03 
2.04517E-02 -1.83024E-02 
1.88778E-02 -1.69064E-02 
1.73326E-02 -1.55326E-02 
1.60082E-02 -1.43569E-02 
1.47584E-02 -1.32467E-02 
1.35826E-02 -1.22015E-02 
1.24794E-02 -1.12203E-02 
1.16747E-02 -1.05040E-02 
1.14473E-02 -1.03015E-02 
1.04117E-02 -9.37879E-03 
9.45331E-03 -8.52416E-03 
8.56897E-03 -7.73474E-03 
7.75516E-03 -7.00750E-03 
7.01978E-03 -6.34952E-03 
6.34664E-03 -5.74661E-03 
5.72611E-03 -5.19016E-03 
5.15619E-03 -4.67844E-03 
4.63482E-03 -4.20970E-03 
4.16037E-03 -3.78252E-03 
3.73276E-03 -3.39685E-03 
3.35703E-03 -3.05708E-03 
3.05245E-03 -2.77997E-03 
2.86146E-03 -2.60263E-03 
2.80528E-03 -2.54397E-03 
2.78047E-03 -2.51419E-03 
2.65349E-03 -2.39639E-03 
1.66030E-02 -1.49586E-02 
1.52732E-02 -1.37672E-02 
1.39789E-02 -1.26058E-02 
1.28690E-02 -1.16116E-02 
1.18260E-02 -1.06771E-02 
1.08488E-02 -9.80142E-03 
9.93581E-03 -8.98299E-03 
9.27225E-03 -8.38795E-03 
9.08514E-03 -8.22012E-03 
8.23519E-03 -7.45753E-03 
7.45211E-03 -6.75452E-03 
6.73261E-03 -6.10814E-03 
6.07330E-03 -5.51537E-03 
5.48027E-03 -4.98165E-03 
4.93942E-03 -4.49450E-03 
4.44283E-03 -4.04675E-03 
3.98853E-03 -3.63668E-03 
3.57459E-03 -3.26258E-03 
3.19942E-03 -2.92307E-03 
2.86286E-03 -2.61797E-03 
2.56910E-03 -2.35097E-03 
2.33462E-03 -2.13652E-03 
2.19574E-03 -2.00664E-03 
2.17049E-03 -1.97759E-03 
2.17007E-03 -1.97166E-03 
2.08030E-03 -1.88802E-03 
1.31624E-02 -1.19147E-02 
1.20736E-02 -1.09323E-02 
1.10216E-02 -9.98185E-03 
1.01192E-02 -9.16843E-03 
9.27427E-03 -8.40699E-03 
8.48548E-03 -7.69623E-03 
7.75109E-03 -7.03453E-03 
7.21898E-03 -6.55506E-03 
7.06919E-03 -6.42008E-03 
6.39026E-03 -5.80821E-03 
5.76699E-03 -5.24631E-03 
5.19633E-03 -4.73163E-03 
4.67520E-03 -4.26135E-03 
4.20819E-03 -3.83955E-03 
3.78351E-03 -3.45571E-03 
3.39482E-03 -3.10407E-03 
3.04035E-03 -2.78304E-03 
2.71839E-03 -2.49111E-03 
2.42758E-03 -2.22704E-03 
2.16777E-03 -1.99072E-03 
1.94265E-03 -1.78540E-03 
1.76646E-03 -1.62370E-03 
1.67054E-03 -1.53354E-03 
1.67026E-03 -1.52896E-03 
1.68890E-03 -1.54222E-03 
1.62852E-03 -1.48593E-03 
1.01784E-02 -9.23561E-03 
9.31856E-03 -8.45660E-03 
8.49225E-03 -7.70738E-03 
7.78310E-03 -7.06619E-03 
7.12077E-03 -6.46771E-03 
6.50394E-03 -5.91062E-03 
5.93099E-03 -5.39335E-03 
5.51669E-03 -5.01938E-03 
5.40019E-03 -4.91423E-03 
4.87291E-03 -4.43831E-03 
4.38993E-03 -4.00233E-03 
3.94868E-03 -3.60390E-03 
3.54657E-03 -3.24063E-03 
3.18704E-03 -2.91555E-03 
2.86065E-03 -2.62022E-03 
2.56248E-03 -2.35015E-03 
2.29109E-03 -2.10404E-03 
2.04510E-03 -1.88065E-03 
1.82343E-03 -1.67903E-03 
1.62609E-03 -1.49919E-03 
1.45642E-03 -1.34413E-03 
1.32689E-03 -1.22506E-03 
1.26470E-03 -1.16651E-03 
1.28291E-03 -1.18057E-03 
1.31483E-03 -1.20771E-03 
1.27628E-03 -1.17192E-03 
7.71357E-03 -6.99775E-03 
7.05927E-03 -6.40509E-03 
6.43240E-03 -5.83686E-03 
5.89327E-03 -5.34989E-03 
5.38996E-03 -4.89569E-03 
4.92138E-03 -4.47314E-03 
4.48624E-03 -4.08095E-03 
4.17163E-03 -3.79747E-03 
4.08317E-03 -3.71778E-03 
3.68279E-03 -3.35706E-03 
3.31606E-03 -3.02662E-03 
2.98102E-03 -2.72459E-03 
2.67567E-03 -2.44916E-03 
2.40274E-03 -2.20269E-03 
2.15490E-03 -1.97866E-03 
1.92853E-03 -1.77375E-03 
1.72254E-03 -1.58699E-03 
1.53592E-03 -1.41750E-03 
1.36795E-03 -1.26463E-03 
1.21882E-03 -1.12859E-03 
1.09163E-03 -1.01222E-03 
9.97406E-04 -9.25586E-04 
9.59807E-04 -8.90318E-04 
9.89742E-04 -9.16693E-04 
1.02893E-03 -9.51986E-04 
1.00508E-03 -9.30098E-04 
5.78409E-03 -5.23493E-03 
5.30355E-03 -4.80203E-03 
4.84281E-03 -4.38651E-03 
4.44412E-03 -4.02845E-03 
4.07070E-03 -3.69339E-03 
3.72191E-03 -3.38060E-03 
3.39693E-03 -3.08926E-03 
3.16128E-03 -2.87800E-03 
3.09491E-03 -2.81850E-03 
2.79391E-03 -2.54857E-03 
2.51729E-03 -2.30035E-03 
2.26377E-03 -2.07265E-03 
2.03206E-03 -1.86427E-03 
1.82449E-03 -1.67725E-03 
1.63552E-03 -1.50672E-03 
1.46260E-03 -1.35035E-03 
1.30505E-03 -1.20754E-03 
1.16220E-03 -1.07774E-03 
1.03364E-03 -9.60610E-04 
9.19753E-04 -8.56544E-04 
8.23416E-04 -7.68248E-04 
7.54357E-04 -7.04740E-04 
7.33016E-04 -6.84992E-04 
7.68210E-04 -7.17447E-04 
8.08975E-04 -7.55331E-04 
7.93719E-04 -7.41562E-04 
4.40317E-03 -3.97622E-03 
4.05545E-03 -3.66629E-03 
3.72008E-03 -3.36664E-03 
3.42570E-03 -3.10468E-03 
3.14749E-03 -2.85709E-03 
2.88535E-03 -2.62372E-03 
2.63910E-03 -2.40433E-03 
2.45930E-03 -2.24400E-03 
2.40847E-03 -2.19865E-03 
2.17692E-03 -1.99186E-03 
1.96264E-03 -1.80015E-03 
1.76505E-03 -1.62300E-03 
1.58349E-03 -1.45984E-03 
1.42023E-03 -1.31271E-03 
1.27102E-03 -1.17788E-03 
1.13414E-03 -1.05383E-03 
1.00923E-03 -9.40269E-04 
8.95918E-04 -8.36911E-04 
7.94029E-04 -7.43654E-04 
7.04037E-04 -6.61006E-04 
6.28552E-04 -5.91467E-04 
5.75994E-04 -5.42976E-04 
5.63665E-04 -5.31841E-04 
5.98247E-04 -5.64567E-04 
6.35530E-04 -5.99962E-04 
6.24014E-04 -5.89619E-04 
3.56695E-03 -3.23318E-03 
3.30218E-03 -2.99919E-03 
3.04431E-03 -2.77025E-03 
2.81216E-03 -2.56448E-03 
2.58962E-03 -2.36683E-03 
2.37726E-03 -2.17779E-03 
2.17552E-03 -1.99777E-03 
2.02694E-03 -1.86487E-03 
1.98474E-03 -1.82708E-03 
1.79156E-03 -1.65375E-03 
1.61150E-03 -1.49169E-03 
1.44454E-03 -1.34094E-03 
1.29053E-03 -1.20142E-03 
1.15185E-03 -1.07533E-03 
1.02494E-03 -9.59563E-04 
9.08601E-04 -8.53064E-04 
8.02653E-04 -7.55733E-04 
7.06892E-04 -6.67440E-04 
6.21218E-04 -5.88160E-04 
5.46062E-04 -5.18369E-04 
4.83611E-04 -4.60207E-04 
4.40838E-04 -4.20357E-04 
4.31767E-04 -4.12240E-04 
4.60855E-04 -4.40276E-04 
4.90620E-04 -4.68999E-04 
4.79557E-04 -4.58846E-04 
3.25557E-03 -3.00038E-03 
3.01383E-03 -2.78381E-03 
2.77806E-03 -2.57145E-03 
2.56006E-03 -2.37481E-03 
2.34925E-03 -2.18402E-03 
2.14676E-03 -2.00018E-03 
1.95354E-03 -1.82420E-03 
1.81088E-03 -1.69392E-03 
1.77035E-03 -1.65684E-03 
1.58471E-03 -1.48673E-03 
1.41189E-03 -1.32787E-03 
1.25213E-03 -1.18055E-03 
1.10548E-03 -1.04491E-03 
9.74411E-04 -9.23304E-04 
8.55347E-04 -8.12512E-04 
7.47222E-04 -7.11599E-04 
6.49829E-04 -6.20431E-04 
5.62887E-04 -5.38800E-04 
4.86166E-04 -4.66547E-04 
4.19830E-04 -4.03892E-04 
3.65420E-04 -3.52377E-04 
3.28182E-04 -3.17109E-04 
3.18544E-04 -3.08212E-04 
3.38662E-04 -3.27894E-04 
3.58313E-04 -3.47120E-04 
3.46315E-04 -3.35759E-04 
3.41076E-03 -3.23254E-03 
3.12142E-03 -2.96246E-03 
2.84519E-03 -2.70389E-03 
2.58856E-03 -2.46328E-03 
2.34302E-03 -2.23259E-03 
2.10987E-03 -2.01313E-03 
1.89013E-03 -1.80592E-03 
1.72978E-03 -1.65447E-03 
1.68453E-03 -1.61170E-03 
1.47922E-03 -1.41741E-03 
1.29114E-03 -1.23912E-03 
1.12024E-03 -1.07683E-03 
9.66201E-04 -9.30297E-04 
8.31292E-04 -8.01742E-04 
7.11141E-04 -6.87058E-04 
6.04349E-04 -5.84948E-04 
5.10345E-04 -4.94909E-04 
4.28467E-04 -4.16341E-04 
3.58063E-04 -3.48657E-04 
2.98760E-04 -2.91538E-04 
2.51162E-04 -2.45613E-04 
2.18409E-04 -2.13992E-04 
2.06886E-04 -2.02961E-04 
2.16514E-04 -2.12521E-04 
2.25454E-04 -2.21387E-04 
2.13461E-04 -2.09738E-04 
3.83180E-03 -3.73857E-03 
3.42497E-03 -3.34299E-03 
3.05031E-03 -2.97848E-03 
2.70930E-03 -2.64656E-03 
2.39183E-03 -2.33741E-03 
2.09842E-03 -2.05155E-03 
1.82919E-03 -1.78914E-03 
1.63735E-03 -1.60208E-03 
1.58394E-03 -1.54999E-03 
1.34578E-03 -1.31765E-03 
1.13394E-03 -1.11088E-03 
9.47138E-04 -9.28460E-04 
7.83897E-04 -7.68972E-04 
6.45503E-04 -6.33689E-04 
5.26244E-04 -5.17049E-04 
4.23895E-04 -4.16891E-04 
3.37134E-04 -3.31936E-04 
2.64586E-04 -2.60849E-04 
2.04899E-04 -2.02321E-04 
1.56914E-04 -1.55228E-04 
1.20023E-04 -1.18993E-04 
9.48979E-05 -9.42996E-05 
8.35080E-05 -8.31224E-05 
8.39686E-05 -8.36322E-05 
8.44484E-05 -8.41445E-05 
7.61811E-05 -7.59690E-05 
3.93194E-03 -3.93194E-03 
3.39261E-03 -3.39261E-03 
2.91476E-03 -2.91476E-03 
2.49406E-03 -2.49406E-03 
2.11602E-03 -2.11602E-03 
1.77882E-03 -1.77882E-03 
1.48031E-03 -1.48031E-03 
1.27438E-03 -1.27438E-03 
1.21811E-03 -1.21811E-03 
9.73168E-04 -9.73168E-04 
7.64203E-04 -7.64203E-04 
5.87851E-04 -5.87851E-04 
4.40778E-04 -4.40778E-04 
3.22210E-04 -3.22210E-04 
2.25496E-04 -2.25496E-04 
1.47440E-04 -1.47440E-04 
8.58113E-05 -8.58113E-05 
3.84427E-05 -3.84427E-05 
3.27520E-06 -3.27520E-06 
-2.16161E-05 2.16161E-05 
-3.80263E-05 3.80263E-05 
-4.77557E-05 4.77557E-05 
-5.30326E-05 5.30326E-05 
-5.64244E-05 5.64244E-05 
-5.83266E-05 5.83266E-05 
-5.65710E-05 5.65710E-05 
---
