PdfType: replica
Format: lhagrid1
---
1.00000E-06 1.28121E-06 1.64152E-06 2.10317E-06 2.69463E-06 3.45242E-06 4.42329E-06 5.66715E-06 7.26076E-06 9.30241E-06 1.19180E-05 1.52689E-05 1.95617E-05 2.50609E-05 3.21053E-05 4.11287E-05 5.26863E-05 6.74889E-05 8.64459E-05 1.10720E-04 1.41800E-04 1.81585E-04 2.32503E-04 2.97652E-04 3.80981E-04 4.87518E-04 6.26039E-04 8.00452E-04 1.02297E-03 1.30657E-03 1.66759E-03 2.12729E-03 2.71054E-03 3.44865E-03 4.37927E-03 5.54908E-03 7.01192E-03 8.83064E-03 1.10763E-02 1.38266E-02 1.71641E-02 2.11717E-02 2.59364E-02 3.15062E-02 3.79623E-02 4.53425E-02 5.36750E-02 6.29705E-02 7.32221E-02 8.44039E-02 9.64793E-02 1.09332E-01 1.23067E-01 1.37507E-01 1.52639E-01 1.68416E-01 1.84794E-01 2.01731E-01 2.19016E-01 2.36948E-01 2.55242E-01 2.73927E-01 2.92954E-01 3.12340E-01 3.32036E-01 3.52019E-01 3.72282E-01 3.92772E-01 4.13533E-01 4.34326E-01 4.55495E-01 4.76836E-01 4.98342E-01 5.20006E-01 5.41818E-01 5.63773E-01 5.85861E-01 6.08077E-01 6.30459E-01 6.52800E-01 6.75387E-01 6.98063E-01 7.20830E-01 7.43683E-01 7.66623E-01 7.89636E-01 8.12791E-01 8.35940E-01 8.59175E-01 8.82485E-01 9.05866E-01 9.29311E-01 9.52817E-01 9.76387E-01 1.00000E+00 
1.14018E+00 1.22539E+00 1.32482E+00 1.44156E+00 1.57954E+00 1.74381E+00 1.94091E+00 2.12132E+00 2.17945E+00 2.49622E+00 2.89383E+00 3.39925E+00 4.05063E+00 4.90286E+00 6.03623E+00 7.57063E+00 9.68869E+00 1.26749E+01 1.69835E+01 2.33578E+01 3.30501E+01 4.82334E+01 7.28041E+01 1.13998E+02 1.85779E+02 3.16228E+02 
908 909 
-2.07572E-04 -3.06563E-05 
-2.15375E-04 -2.95080E-05 
-1.87318E-04 -2.59576E-05 
-1.99135E-04 -2.41248E-05 
-2.11515E-04 -2.21301E-05 
-2.24468E-04 -1.99437E-05 
-2.37999E-04 -1.75293E-05 
-2.48865E-04 -1.54778E-05 
-2.52107E-04 -1.48440E-05 
-2.67952E-04 -1.15869E-05 
-2.84431E-04 -7.88205E-06 
-3.01499E-04 -3.64318E-06 
-3.19093E-04 1.22867E-06 
-3.28583E-04 7.54087E-06 
-3.47353E-04 1.45380E-05 
-3.66320E-04 2.25929E-05 
-3.85324E-04 3.18736E-05 
-4.04229E-04 4.25662E-05 
-4.23080E-04 5.48688E-05 
-4.42641E-04 6.89728E-05 
-4.66338E-04 8.50216E-05 
-5.06169E-04 1.03132E-04 
-5.92161E-04 1.24120E-04 
-7.53801E-04 1.51802E-04 
-9.44962E-04 1.92032E-04 
-1.07017E-03 2.44777E-04 
-2.19504E-04 -2.56545E-05 
-2.26929E-04 -2.46135E-05 
-1.98205E-04 -2.08240E-05 
-2.09558E-04 -1.90040E-05 
-2.21460E-04 -1.69935E-05 
-2.33916E-04 -1.47581E-05 
-2.46927E-04 -1.22566E-05 
-2.57371E-04 -1.01081E-05 
-2.60486E-04 -9.44065E-06 
-2.75700E-04 -5.98680E-06 
-2.91493E-04 -2.01939E-06 
-3.07809E-04 2.55645E-06 
-3.24567E-04 7.84880E-06 
-3.32989E-04 1.47235E-05 
-3.50587E-04 2.23574E-05 
-3.68218E-04 3.11625E-05 
-3.85694E-04 4.13198E-05 
-4.02846E-04 5.30294E-05 
-4.19680E-04 6.65052E-05 
-4.36934E-04 8.19602E-05 
-4.58037E-04 9.95818E-05 
-4.95068E-04 1.19614E-04 
-5.78166E-04 1.43227E-04 
-7.36373E-04 1.74810E-04 
-9.22072E-04 2.20174E-04 
-1.03894E-03 2.78304E-04 
-2.28423E-04 -2.26892E-05 
-2.35575E-04 -2.16687E-05 
-2.06256E-04 -1.74902E-05 
-2.17234E-04 -1.55859E-05 
-2.28743E-04 -1.34572E-05 
-2.40785E-04 -1.10648E-05 
-2.53356E-04 -8.36202E-06 
-2.63435E-04 -6.02370E-06 
-2.66439E-04 -5.29473E-06 
-2.81093E-04 -1.50658E-06 
-2.96264E-04 2.86911E-06 
-3.11879E-04 7.93618E-06 
-3.27841E-04 1.38121E-05 
-3.35206E-04 2.14207E-05 
-3.51630E-04 2.98704E-05 
-3.67907E-04 3.96150E-05 
-3.83813E-04 5.08487E-05 
-3.99142E-04 6.37856E-05 
-4.13863E-04 7.86557E-05 
-4.28679E-04 9.56939E-05 
-4.47013E-04 1.15133E-04 
-4.81003E-04 1.37354E-04 
-5.60836E-04 1.63912E-04 
-7.15008E-04 1.99814E-04 
-8.94415E-04 2.50815E-04 
-1.00203E-03 3.14823E-04 
-2.35452E-04 -2.10631E-05 
-2.42422E-04 -1.99624E-05 
-2.12550E-04 -1.52374E-05 
-2.23228E-04 -1.31396E-05 
-2.34416E-04 -1.07786E-05 
-2.46109E-04 -8.10991E-06 
-2.58298E-04 -5.08127E-06 
-2.68055E-04 -2.45273E-06 
-2.70959E-04 -1.63214E-06 
-2.85099E-04 2.63807E-06 
-2.99682E-04 7.57749E-06 
-3.14619E-04 1.32993E-05 
-3.29790E-04 1.99305E-05 
-3.36071E-04 2.84500E-05 
-3.51283E-04 3.79019E-05 
-3.66144E-04 4.87824E-05 
-3.80395E-04 6.12990E-05 
-3.93788E-04 7.56801E-05 
-4.06249E-04 9.21717E-05 
-4.18443E-04 1.11032E-04 
-4.33779E-04 1.32542E-04 
-4.64431E-04 1.57232E-04 
-5.40575E-04 1.87083E-04 
-6.90056E-04 2.27774E-04 
-8.62271E-04 2.84979E-04 
-9.59658E-04 3.55400E-04 
-2.41646E-04 -1.99491E-05 
-2.48506E-04 -1.86656E-05 
-2.18081E-04 -1.32384E-05 
-2.28508E-04 -1.08363E-05 
-2.39417E-04 -8.12774E-06 
-2.50799E-04 -5.06262E-06 
-2.62636E-04 -1.58237E-06 
-2.72086E-04 1.43765E-06 
-2.74894E-04 2.38017E-06 
-2.88532E-04 7.28133E-06 
-3.02526E-04 1.29411E-05 
-3.16766E-04 1.94822E-05 
-3.31110E-04 2.70416E-05 
-3.36236E-04 3.66482E-05 
-3.50152E-04 4.72897E-05 
-3.63489E-04 5.95037E-05 
-3.75948E-04 7.35111E-05 
-3.87238E-04 8.95547E-05 
-3.97238E-04 1.07897E-04 
-4.06570E-04 1.28819E-04 
-4.18620E-04 1.52658E-04 
-4.45579E-04 1.80108E-04 
-5.17546E-04 2.13627E-04 
-6.61610E-04 2.59632E-04 
-8.25649E-04 3.23669E-04 
-9.11716E-04 4.01075E-04 
-2.47862E-04 -1.85135E-05 
-2.54652E-04 -1.69495E-05 
-2.23631E-04 -1.06705E-05 
-2.33825E-04 -7.85774E-06 
-2.44467E-04 -4.69051E-06 
-2.55541E-04 -1.11249E-06 
-2.67020E-04 2.94161E-06 
-2.76154E-04 6.45197E-06 
-2.78862E-04 7.54605E-06 
-2.91969E-04 1.32242E-05 
-3.05329E-04 1.97585E-05 
-3.18812E-04 2.72817E-05 
-3.32250E-04 3.59410E-05 
-3.36102E-04 4.68075E-05 
-3.48591E-04 5.88256E-05 
-3.60247E-04 7.25705E-05 
-3.70727E-04 8.82771E-05 
-3.79695E-04 1.06202E-04 
-3.86977E-04 1.26625E-04 
-3.93150E-04 1.49853E-04 
-4.01566E-04 1.76281E-04 
-4.24411E-04 2.06793E-04 
-4.91647E-04 2.44383E-04 
-6.29483E-04 2.96278E-04 
-7.84257E-04 3.67837E-04 
-8.57806E-04 4.52836E-04 
-2.54693E-04 -1.59868E-05 
-2.61422E-04 -1.40522E-05 
-2.29720E-04 -6.77834E-06 
-2.39665E-04 -3.45504E-06 
-2.50019E-04 2.76194E-07 
-2.60756E-04 4.47842E-06 
-2.71839E-04 9.22417E-06 
-2.80618E-04 1.33208E-05 
-2.83214E-04 1.45953E-05 
-2.95722E-04 2.11934E-05 
-3.08366E-04 2.87542E-05 
-3.20990E-04 3.74209E-05 
-3.33399E-04 4.73508E-05 
-3.35815E-04 5.96483E-05 
-3.46700E-04 7.32305E-05 
-3.56469E-04 8.87056E-05 
-3.64735E-04 1.06322E-04 
-3.71109E-04 1.26351E-04 
-3.75363E-04 1.49089E-04 
-3.78021E-04 1.74869E-04 
-3.82397E-04 2.04154E-04 
-4.00646E-04 2.38043E-04 
-4.62518E-04 2.80133E-04 
-5.93221E-04 3.38549E-04 
-7.37523E-04 4.18377E-04 
-7.97237E-04 5.11611E-04 
-2.62459E-04 -1.16931E-05 
-2.69107E-04 -9.30577E-06 
-2.36597E-04 -8.99194E-07 
-2.46251E-04 3.02889E-06 
-2.56265E-04 7.42470E-06 
-2.66603E-04 1.23587E-05 
-2.77219E-04 1.79111E-05 
-2.85582E-04 2.26886E-05 
-2.88045E-04 2.41721E-05 
-2.99852E-04 3.18322E-05 
-3.11658E-04 4.05720E-05 
-3.23283E-04 5.05450E-05 
-3.34500E-04 6.19190E-05 
-3.35277E-04 7.58196E-05 
-3.44338E-04 9.11579E-05 
-3.51972E-04 1.08567E-04 
-3.57741E-04 1.28311E-04 
-3.61200E-04 1.50673E-04 
-3.62064E-04 1.75967E-04 
-3.60800E-04 2.04556E-04 
-3.60671E-04 2.36976E-04 
-3.73777E-04 2.74572E-04 
-4.29577E-04 3.21624E-04 
-5.52129E-04 3.87243E-04 
-6.84618E-04 4.76147E-04 
-7.29049E-04 5.78292E-04 
-2.71228E-04 -5.05290E-06 
-2.77750E-04 -2.13610E-06 
-2.44271E-04 7.53871E-06 
-2.53563E-04 1.21627E-05 
-2.63158E-04 1.73219E-05 
-2.73011E-04 2.30945E-05 
-2.83062E-04 2.95695E-05 
-2.90923E-04 3.51236E-05 
-2.93228E-04 3.68453E-05 
-3.04198E-04 4.57132E-05 
-3.15012E-04 5.57890E-05 
-3.25461E-04 6.72372E-05 
-3.35287E-04 8.02359E-05 
-3.34183E-04 9.59170E-05 
-3.41163E-04 1.13213E-04 
-3.46371E-04 1.32772E-04 
-3.49315E-04 1.54870E-04 
-3.49493E-04 1.79806E-04 
-3.46557E-04 2.07911E-04 
-3.40910E-04 2.39577E-04 
-3.35758E-04 2.75426E-04 
-3.43109E-04 3.17078E-04 
-3.92041E-04 3.69587E-04 
-5.05305E-04 4.43146E-04 
-6.24491E-04 5.41992E-04 
-6.52056E-04 6.53758E-04 
-2.80857E-04 4.43544E-06 
-2.87186E-04 7.95640E-06 
-2.52543E-04 1.90352E-05 
-2.61382E-04 2.44471E-05 
-2.70458E-04 3.04706E-05 
-2.79714E-04 3.71926E-05 
-2.89077E-04 4.47110E-05 
-2.96333E-04 5.11428E-05 
-2.98448E-04 5.31333E-05 
-3.08417E-04 6.33632E-05 
-3.18056E-04 7.49424E-05 
-3.27122E-04 8.80461E-05 
-3.35323E-04 1.02862E-04 
-3.32063E-04 1.20512E-04 
-3.36666E-04 1.39981E-04 
-3.39117E-04 1.61920E-04 
-3.38868E-04 1.86618E-04 
-3.35354E-04 2.14387E-04 
-3.28161E-04 2.45574E-04 
-3.17621E-04 2.80604E-04 
-3.06869E-04 3.20193E-04 
-3.07790E-04 3.66276E-04 
-3.48967E-04 4.24773E-04 
-4.51672E-04 5.07065E-04 
-5.55906E-04 6.16778E-04 
-5.64876E-04 7.38913E-04 
-2.91036E-04 1.72252E-05 
-2.97091E-04 2.14274E-05 
-2.61057E-04 3.40484E-05 
-2.69332E-04 4.03456E-05 
-2.77770E-04 4.73416E-05 
-2.86301E-04 5.51325E-05 
-2.94833E-04 6.38256E-05 
-3.01363E-04 7.12449E-05 
-3.03250E-04 7.35379E-05 
-3.12029E-04 8.52984E-05 
-3.20280E-04 9.85639E-05 
-3.27727E-04 1.13520E-04 
-3.34039E-04 1.30366E-04 
-3.28312E-04 1.50186E-04 
-3.30208E-04 1.72066E-04 
-3.29534E-04 1.96637E-04 
-3.25683E-04 2.24201E-04 
-3.18022E-04 2.55083E-04 
-3.06066E-04 2.89646E-04 
-2.90071E-04 3.28350E-04 
-2.73089E-04 3.72015E-04 
-2.66833E-04 4.22931E-04 
-2.99276E-04 4.87987E-04 
-3.90006E-04 5.79864E-04 
-4.77461E-04 7.01429E-04 
-4.65954E-04 8.34714E-04 
-3.01335E-04 3.37582E-05 
-3.07022E-04 3.87260E-05 
-2.69339E-04 5.30311E-05 
-2.76927E-04 6.03216E-05 
-2.84591E-04 6.84104E-05 
-2.92247E-04 7.74037E-05 
-2.99787E-04 8.74186E-05 
-3.05454E-04 9.59486E-05 
-3.07072E-04 9.85816E-05 
-3.14448E-04 1.12061E-04 
-3.21073E-04 1.27218E-04 
-3.26635E-04 1.44247E-04 
-3.30763E-04 1.63357E-04 
-3.22226E-04 1.85571E-04 
-3.21048E-04 2.10123E-04 
-3.16843E-04 2.37604E-04 
-3.08937E-04 2.68328E-04 
-2.96629E-04 3.02632E-04 
-2.79355E-04 3.40893E-04 
-2.57291E-04 3.83606E-04 
-2.33386E-04 4.31710E-04 
-2.19137E-04 4.87890E-04 
-2.41759E-04 5.60120E-04 
-3.18942E-04 6.62495E-04 
-3.87604E-04 7.96962E-04 
-3.53573E-04 9.42213E-04 
-3.11237E-04 5.45022E-05 
-3.16451E-04 6.03322E-05 
-2.76830E-04 7.64668E-05 
-2.83592E-04 8.48739E-05 
-2.90334E-04 9.41935E-05 
-2.96953E-04 1.04542E-04 
-3.03320E-04 1.16047E-04 
-3.07974E-04 1.25828E-04 
-3.09276E-04 1.28844E-04 
-3.15011E-04 1.44257E-04 
-3.19746E-04 1.61537E-04 
-3.23128E-04 1.80888E-04 
-3.24742E-04 2.02526E-04 
-3.13019E-04 2.27378E-04 
-3.08363E-04 2.54896E-04 
-3.00178E-04 2.85598E-04 
-2.87720E-04 3.19808E-04 
-2.70214E-04 3.57871E-04 
-2.47016E-04 4.00181E-04 
-2.18211E-04 4.47269E-04 
-1.86628E-04 5.00203E-04 
-1.63490E-04 5.62113E-04 
-1.75093E-04 6.42176E-04 
-2.36987E-04 7.56026E-04 
-2.84636E-04 9.04508E-04 
-2.25866E-04 1.06258E-03 
-3.20168E-04 7.99880E-05 
-3.24795E-04 8.67942E-05 
-2.82911E-04 1.04905E-04 
-2.88699E-04 1.14573E-04 
-2.94355E-04 1.25284E-04 
-2.99756E-04 1.37165E-04 
-3.04753E-04 1.50353E-04 
-3.08225E-04 1.61547E-04 
-3.09159E-04 1.64995E-04 
-3.12991E-04 1.82589E-04 
-3.15543E-04 2.02255E-04 
-3.16418E-04 2.24209E-04 
-3.15155E-04 2.48674E-04 
-2.99831E-04 2.76437E-04 
-2.91251E-04 3.07248E-04 
-2.78591E-04 3.41517E-04 
-2.61036E-04 3.79572E-04 
-2.37729E-04 4.21768E-04 
-2.07941E-04 4.68510E-04 
-1.71659E-04 5.20370E-04 
-1.31574E-04 5.78556E-04 
-9.85664E-05 6.46695E-04 
-9.78313E-05 7.35297E-04 
-1.42509E-04 8.61664E-04 
-1.66709E-04 1.02534E-03 
-8.07979E-05 1.19710E-03 
-3.27507E-04 1.10845E-04 
-3.31426E-04 1.18763E-04 
-2.86916E-04 1.38994E-04 
-2.91566E-04 1.50092E-04 
-2.95957E-04 1.62383E-04 
-2.99944E-04 1.76003E-04 
-3.03352E-04 1.91101E-04 
-3.05456E-04 2.03895E-04 
-3.05966E-04 2.07831E-04 
-3.07603E-04 2.27887E-04 
-3.07645E-04 2.50242E-04 
-3.05651E-04 2.75120E-04 
-3.01105E-04 3.02747E-04 
-2.81724E-04 3.33720E-04 
-2.68727E-04 3.68194E-04 
-2.51048E-04 4.06412E-04 
-2.27793E-04 4.48711E-04 
-1.98021E-04 4.95448E-04 
-1.60913E-04 5.47040E-04 
-1.16350E-04 6.04100E-04 
-6.68597E-05 6.67992E-04 
-2.29083E-05 7.42892E-04 
-8.38103E-06 8.40784E-04 
-3.37173E-05 9.80775E-04 
-3.17936E-05 1.16088E-03 
8.38546E-05 1.34724E-03 
-3.32592E-04 1.47829E-04 
-3.35672E-04 1.57024E-04 
-2.88129E-04 1.79509E-04 
-2.91464E-04 1.92239E-04 
-2.94393E-04 2.06330E-04 
-2.96748E-04 2.21931E-04 
-2.98324E-04 2.39200E-04 
-2.98855E-04 2.53810E-04 
-2.98876E-04 2.58300E-04 
-2.97994E-04 2.81141E-04 
-2.95163E-04 3.06529E-04 
-2.89893E-04 3.34691E-04 
-2.81615E-04 3.65859E-04 
-2.57671E-04 4.00373E-04 
-2.39713E-04 4.38918E-04 
-2.16410E-04 4.81512E-04 
-1.86788E-04 5.28490E-04 
-1.49819E-04 5.80215E-04 
-1.04588E-04 6.37110E-04 
-5.08603E-05 6.99829E-04 
9.02386E-06 7.69908E-04 
6.50973E-05 8.52133E-04 
9.50170E-05 9.60111E-04 
9.13662E-05 1.11490E-03 
1.22341E-04 1.31273E-03 
2.70532E-04 1.51461E-03 
-3.34709E-04 1.91851E-04 
-3.36807E-04 2.02520E-04 
-2.85777E-04 2.27377E-04 
-2.87601E-04 2.41974E-04 
-2.88851E-04 2.58126E-04 
-2.89331E-04 2.75990E-04 
-2.88804E-04 2.95732E-04 
-2.87531E-04 3.12405E-04 
-2.86993E-04 3.17524E-04 
-2.83226E-04 3.43520E-04 
-2.77115E-04 3.72330E-04 
-2.68114E-04 4.04184E-04 
-2.55601E-04 4.39317E-04 
-2.26535E-04 4.77732E-04 
-2.03006E-04 5.20802E-04 
-1.73408E-04 5.68238E-04 
-1.36680E-04 6.20374E-04 
-9.17049E-05 6.77568E-04 
-3.74642E-05 7.40250E-04 
2.63994E-05 8.09116E-04 
9.77620E-05 8.85890E-04 
1.67250E-04 9.76031E-04 
2.14323E-04 1.09493E-03 
2.34938E-04 1.26574E-03 
2.98166E-04 1.48265E-03 
4.81928E-04 1.70097E-03 
-3.33078E-04 2.43999E-04 
-3.34037E-04 2.56377E-04 
-2.79009E-04 2.83694E-04 
-2.79106E-04 3.00438E-04 
-2.78434E-04 3.18953E-04 
-2.76766E-04 3.39406E-04 
-2.73832E-04 3.61970E-04 
-2.70493E-04 3.80991E-04 
-2.69315E-04 3.86824E-04 
-2.62253E-04 4.16395E-04 
-2.52401E-04 4.49066E-04 
-2.39159E-04 4.85070E-04 
-2.21843E-04 5.24638E-04 
-1.87034E-04 5.67345E-04 
-1.57254E-04 6.15440E-04 
-1.20611E-04 6.68228E-04 
-7.59563E-05 7.26038E-04 
-2.20757E-05 7.89218E-04 
4.21535E-05 8.58201E-04 
1.17223E-04 9.33727E-04 
2.01256E-04 1.01772E-03 
2.85579E-04 1.11639E-03 
3.51743E-04 1.24708E-03 
3.99460E-04 1.43520E-03 
4.98440E-04 1.67256E-03 
7.21040E-04 1.90824E-03 
-3.26820E-04 3.05555E-04 
-3.26466E-04 3.19924E-04 
-2.66871E-04 3.49747E-04 
-2.64997E-04 3.68964E-04 
-2.62130E-04 3.90195E-04 
-2.58006E-04 4.13613E-04 
-2.52317E-04 4.39400E-04 
-2.46618E-04 4.61092E-04 
-2.44708E-04 4.67735E-04 
-2.33883E-04 5.01355E-04 
-2.19771E-04 5.38381E-04 
-2.01708E-04 5.79043E-04 
-1.78952E-04 6.23569E-04 
-1.37706E-04 6.70985E-04 
-1.00913E-04 7.24652E-04 
-5.63881E-05 7.83345E-04 
-2.88977E-06 8.47380E-04 
6.08942E-05 9.17095E-04 
1.36196E-04 9.92918E-04 
2.23652E-04 1.07563E-03 
3.21667E-04 1.16739E-03 
4.22383E-04 1.27521E-03 
5.09767E-04 1.41859E-03 
5.87705E-04 1.62534E-03 
7.26256E-04 1.88456E-03 
9.91210E-04 2.13847E-03 
-3.14930E-04 3.78009E-04 
-3.13065E-04 3.94704E-04 
-2.48273E-04 4.27020E-04 
-2.44154E-04 4.49093E-04 
-2.38779E-04 4.73448E-04 
-2.31847E-04 5.00265E-04 
-2.23010E-04 5.29729E-04 
-2.14613E-04 5.54460E-04 
-2.11867E-04 5.62024E-04 
-1.96749E-04 6.00225E-04 
-1.77783E-04 6.42156E-04 
-1.54245E-04 6.88040E-04 
-1.25327E-04 7.38095E-04 
-7.68729E-05 7.90667E-04 
-3.22096E-05 8.50494E-04 
2.11364E-05 9.15684E-04 
8.45015E-05 9.86531E-04 
1.59299E-04 1.06335E-03 
2.46875E-04 1.14657E-03 
3.48019E-04 1.23701E-03 
4.61456E-04 1.33707E-03 
5.80278E-04 1.45467E-03 
6.91223E-04 1.61163E-03 
8.02802E-04 1.83835E-03 
9.85086E-04 2.12085E-03 
1.29618E-03 2.39379E-03 
-2.96237E-04 4.63085E-04 
-2.92637E-04 4.82502E-04 
-2.21953E-04 5.17222E-04 
-2.15274E-04 5.42595E-04 
-2.07036E-04 5.70546E-04 
-1.96893E-04 6.01259E-04 
-1.84454E-04 6.34920E-04 
-1.72973E-04 6.63103E-04 
-1.69273E-04 6.71709E-04 
-1.49254E-04 7.15090E-04 
-1.24760E-04 7.62536E-04 
-9.50022E-05 8.14262E-04 
-5.91060E-05 8.70471E-04 
-2.58100E-06 9.28664E-04 
5.09174E-05 9.95285E-04 
1.14138E-04 1.06760E-03 
1.88514E-04 1.14587E-03 
2.75561E-04 1.23039E-03 
3.76742E-04 1.32156E-03 
4.93015E-04 1.42026E-03 
6.23460E-04 1.52915E-03 
7.62268E-04 1.65713E-03 
8.99342E-04 1.82857E-03 
1.04831E-03 2.07660E-03 
1.27886E-03 2.38375E-03 
1.64016E-03 2.67645E-03 
-2.69366E-04 5.62737E-04 
-2.63772E-04 5.85346E-04 
-1.86438E-04 6.22282E-04 
-1.76841E-04 6.51472E-04 
-1.65329E-04 6.83562E-04 
-1.51513E-04 7.18736E-04 
-1.34953E-04 7.57178E-04 
-1.19945E-04 7.89278E-04 
-1.15154E-04 7.99066E-04 
-8.95405E-05 8.48288E-04 
-5.87491E-05 9.01921E-04 
-2.19249E-05 9.60164E-04 
2.18742E-05 1.02320E-03 
8.74312E-05 1.08750E-03 
1.50852E-04 1.16158E-03 
2.25129E-04 1.24167E-03 
3.11794E-04 1.32799E-03 
4.12467E-04 1.42079E-03 
5.28729E-04 1.52048E-03 
6.61714E-04 1.62795E-03 
8.10910E-04 1.74616E-03 
9.71764E-04 1.88508E-03 
1.13778E-03 2.07185E-03 
1.32825E-03 2.34250E-03 
1.61199E-03 2.67560E-03 
2.02784E-03 2.98863E-03 
-2.32693E-04 6.79180E-04 
-2.24804E-04 7.05534E-04 
-1.40006E-04 7.44378E-04 
-1.27076E-04 7.77983E-04 
-1.11818E-04 8.14834E-04 
-9.37955E-05 8.55112E-04 
-7.25160E-05 8.98995E-04 
-5.34712E-05 9.35530E-04 
-4.74330E-05 9.46650E-04 
-1.54291E-05 1.00245E-03 
2.25377E-05 1.06300E-03 
6.73907E-05 1.12849E-03 
1.20140E-04 1.19907E-03 
1.95801E-04 1.26997E-03 
2.70369E-04 1.35221E-03 
3.57030E-04 1.44074E-03 
4.57414E-04 1.53573E-03 
5.73243E-04 1.63741E-03 
7.06221E-04 1.74612E-03 
8.57668E-04 1.86283E-03 
1.02753E-03 1.99080E-03 
1.21268E-03 2.14116E-03 
1.41073E-03 2.34404E-03 
1.64717E-03 2.63852E-03 
1.98944E-03 2.99877E-03 
2.46451E-03 3.33252E-03 
-1.84301E-04 8.14896E-04 
-1.73769E-04 8.45646E-04 
-8.06431E-05 8.85948E-04 
-6.39002E-05 9.24656E-04 
-4.43501E-05 9.66978E-04 
-2.15034E-05 1.01309E-03 
5.18578E-06 1.06315E-03 
2.88526E-05 1.10469E-03 
3.63182E-05 1.11731E-03 
7.56246E-05 1.18048E-03 
1.21770E-04 1.24875E-03 
1.75747E-04 1.32227E-03 
2.38635E-04 1.40116E-03 
3.25592E-04 1.47913E-03 
4.12689E-04 1.57024E-03 
5.13223E-04 1.66787E-03 
6.28924E-04 1.77216E-03 
7.61613E-04 1.88324E-03 
9.13113E-04 2.00145E-03 
1.08495E-03 2.12778E-03 
1.27756E-03 2.26584E-03 
1.48949E-03 2.42803E-03 
1.72293E-03 2.64770E-03 
2.01024E-03 2.96712E-03 
2.41681E-03 3.35550E-03 
2.95606E-03 3.71008E-03 
-1.21939E-04 9.72653E-04 
-1.08354E-04 1.00856E-03 
-6.00555E-06 1.04971E-03 
1.51076E-05 1.09431E-03 
3.95848E-05 1.14290E-03 
6.79708E-05 1.19566E-03 
1.00867E-04 1.25271E-03 
1.29831E-04 1.29989E-03 
1.38931E-04 1.31420E-03 
1.86587E-04 1.38561E-03 
2.42058E-04 1.46244E-03 
3.06406E-04 1.54481E-03 
3.80778E-04 1.63280E-03 
4.80357E-04 1.71832E-03 
5.81540E-04 1.81899E-03 
6.97620E-04 1.92637E-03 
8.30419E-04 2.04049E-03 
9.81858E-04 2.16145E-03 
1.15388E-03 2.28953E-03 
1.34821E-03 2.42576E-03 
1.56588E-03 2.57412E-03 
1.80726E-03 2.74837E-03 
2.07976E-03 2.98532E-03 
2.42325E-03 3.33058E-03 
2.90036E-03 3.74783E-03 
3.50907E-03 4.12303E-03 
-4.29758E-05 1.15552E-03 
-2.58555E-05 1.19747E-03 
8.66207E-05 1.23865E-03 
1.12755E-04 1.29005E-03 
1.42900E-04 1.34583E-03 
1.77656E-04 1.40613E-03 
2.17683E-04 1.47107E-03 
2.52722E-04 1.52458E-03 
2.63695E-04 1.54077E-03 
3.20902E-04 1.62135E-03 
3.87010E-04 1.70764E-03 
4.63148E-04 1.79970E-03 
5.50530E-04 1.89758E-03 
6.64205E-04 1.99106E-03 
7.81227E-04 2.10197E-03 
9.14727E-04 2.21966E-03 
1.06661E-03 2.34410E-03 
1.23890E-03 2.47530E-03 
1.43364E-03 2.61347E-03 
1.65279E-03 2.75971E-03 
1.89801E-03 2.91838E-03 
2.17176E-03 3.10472E-03 
2.48730E-03 3.35921E-03 
2.89273E-03 3.73092E-03 
3.44708E-03 4.17741E-03 
4.13081E-03 4.57259E-03 
5.73463E-05 1.37038E-03 
7.86462E-05 1.41952E-03 
2.02308E-04 1.45972E-03 
2.34326E-04 1.51906E-03 
2.71112E-04 1.58316E-03 
3.13328E-04 1.65214E-03 
3.61694E-04 1.72610E-03 
4.03825E-04 1.78677E-03 
4.16981E-04 1.80509E-03 
4.85303E-04 1.89597E-03 
5.63749E-04 1.99280E-03 
6.53516E-04 2.09558E-03 
7.55881E-04 2.20429E-03 
8.85541E-04 2.30621E-03 
1.02067E-03 2.42811E-03 
1.17401E-03 2.55676E-03 
1.34755E-03 2.69202E-03 
1.54338E-03 2.83381E-03 
1.76367E-03 2.98227E-03 
2.01062E-03 3.13855E-03 
2.28658E-03 3.30743E-03 
2.59645E-03 3.50577E-03 
2.96011E-03 3.77802E-03 
3.43478E-03 4.17682E-03 
4.07492E-03 4.65290E-03 
4.84082E-03 5.06714E-03 
1.79476E-04 1.61431E-03 
2.05585E-04 1.67170E-03 
3.41079E-04 1.70971E-03 
3.79799E-04 1.77800E-03 
4.24148E-04 1.85142E-03 
4.74849E-04 1.93003E-03 
5.32678E-04 2.01389E-03 
5.82840E-04 2.08239E-03 
5.98465E-04 2.10302E-03 
6.79332E-04 2.20504E-03 
7.71655E-04 2.31315E-03 
8.76694E-04 2.42731E-03 
9.95784E-04 2.54739E-03 
1.14300E-03 2.65785E-03 
1.29820E-03 2.79103E-03 
1.47342E-03 2.93076E-03 
1.67075E-03 3.07680E-03 
1.89233E-03 3.22896E-03 
2.14045E-03 3.38731E-03 
2.41753E-03 3.55303E-03 
2.72671E-03 3.73137E-03 
3.07555E-03 3.94088E-03 
3.49124E-03 4.23011E-03 
4.04079E-03 4.65529E-03 
4.77304E-03 5.15977E-03 
5.62598E-03 5.59091E-03 
3.28874E-04 1.89444E-03 
3.60625E-04 1.96141E-03 
5.08647E-04 1.99581E-03 
5.55145E-04 2.07430E-03 
6.08260E-04 2.15822E-03 
6.68775E-04 2.24760E-03 
7.37524E-04 2.34243E-03 
7.96927E-04 2.41953E-03 
8.15389E-04 2.44269E-03 
9.10637E-04 2.55681E-03 
1.01881E-03 2.67707E-03 
1.14122E-03 2.80333E-03 
1.27926E-03 2.93537E-03 
1.44603E-03 3.05443E-03 
1.62379E-03 3.19912E-03 
1.82352E-03 3.34998E-03 
2.04735E-03 3.50665E-03 
2.29750E-03 3.66880E-03 
2.57634E-03 3.83642E-03 
2.88654E-03 4.01076E-03 
3.23210E-03 4.19753E-03 
3.62354E-03 4.41707E-03 
4.09620E-03 4.72226E-03 
4.72775E-03 5.17289E-03 
5.56018E-03 5.70427E-03 
6.50644E-03 6.14965E-03 
5.10145E-04 2.21507E-03 
5.48555E-04 2.29309E-03 
7.09617E-04 2.32226E-03 
7.65179E-04 2.41227E-03 
8.28487E-04 2.50795E-03 
9.00380E-04 2.60925E-03 
9.81748E-04 2.71612E-03 
1.05180E-03 2.80257E-03 
1.07352E-03 2.82846E-03 
1.18527E-03 2.95558E-03 
1.31155E-03 3.08872E-03 
1.45373E-03 3.22764E-03 
1.61324E-03 3.37203E-03 
1.80177E-03 3.49949E-03 
2.00488E-03 3.65564E-03 
2.23203E-03 3.81734E-03 
2.48537E-03 3.98409E-03 
2.76716E-03 4.15542E-03 
3.07985E-03 4.33124E-03 
3.42637E-03 4.51283E-03 
3.81167E-03 4.70645E-03 
4.24958E-03 4.93430E-03 
4.78446E-03 5.25373E-03 
5.50552E-03 5.72806E-03 
6.44656E-03 6.28390E-03 
7.49258E-03 6.73990E-03 
7.28524E-04 2.58074E-03 
7.74837E-04 2.67139E-03 
9.49194E-04 2.69356E-03 
1.01536E-03 2.79647E-03 
1.09056E-03 2.90516E-03 
1.17568E-03 3.01952E-03 
1.27166E-03 3.13942E-03 
1.35400E-03 3.23589E-03 
1.37948E-03 3.26470E-03 
1.51017E-03 3.40555E-03 
1.65716E-03 3.55210E-03 
1.82183E-03 3.70399E-03 
2.00566E-03 3.86081E-03 
2.21837E-03 3.99616E-03 
2.44995E-03 4.16329E-03 
2.70773E-03 4.33506E-03 
2.99386E-03 4.51081E-03 
3.31064E-03 4.68994E-03 
3.66056E-03 4.87227E-03 
4.04681E-03 5.05912E-03 
4.47539E-03 5.25730E-03 
4.96382E-03 5.49100E-03 
5.56641E-03 5.82214E-03 
6.38487E-03 6.31740E-03 
7.44328E-03 6.89413E-03 
8.59550E-03 7.35600E-03 
9.90350E-04 2.99679E-03 
1.04612E-03 3.10178E-03 
1.23370E-03 3.11507E-03 
1.31237E-03 3.23226E-03 
1.40150E-03 3.35518E-03 
1.50206E-03 3.48364E-03 
1.61501E-03 3.61744E-03 
1.71156E-03 3.72446E-03 
1.74138E-03 3.75630E-03 
1.89388E-03 3.91136E-03 
2.06457E-03 4.07154E-03 
2.25488E-03 4.23636E-03 
2.46628E-03 4.40527E-03 
2.70588E-03 4.54757E-03 
2.96944E-03 4.72464E-03 
3.26143E-03 4.90511E-03 
3.58400E-03 5.08815E-03 
3.93942E-03 5.27300E-03 
4.33023E-03 5.45938E-03 
4.75988E-03 5.64870E-03 
5.23550E-03 5.84833E-03 
5.77873E-03 6.08451E-03 
6.45485E-03 6.42381E-03 
7.37904E-03 6.93610E-03 
8.56394E-03 7.52881E-03 
9.82888E-03 7.99052E-03 
1.30184E-03 3.46722E-03 
1.36896E-03 3.58819E-03 
1.56925E-03 3.59074E-03 
1.66266E-03 3.72343E-03 
1.76816E-03 3.86160E-03 
1.88673E-03 4.00496E-03 
2.01940E-03 4.15321E-03 
2.13238E-03 4.27103E-03 
2.16720E-03 4.30596E-03 
2.34476E-03 4.47527E-03 
2.54254E-03 4.64879E-03 
2.76199E-03 4.82591E-03 
3.00457E-03 5.00594E-03 
3.27394E-03 5.15363E-03 
3.57328E-03 5.33886E-03 
3.90333E-03 5.52585E-03 
4.26619E-03 5.71358E-03 
4.66407E-03 5.90115E-03 
5.09953E-03 6.08820E-03 
5.57628E-03 6.27622E-03 
6.10271E-03 6.47318E-03 
6.70497E-03 6.70742E-03 
7.46042E-03 7.05015E-03 
8.49862E-03 7.57407E-03 
9.81895E-03 8.17627E-03 
1.12026E-02 8.63035E-03 
1.67025E-03 3.99626E-03 
1.75107E-03 4.13474E-03 
1.96302E-03 4.12478E-03 
2.07388E-03 4.27393E-03 
2.19863E-03 4.42803E-03 
2.33827E-03 4.58670E-03 
2.49384E-03 4.74949E-03 
2.62582E-03 4.87798E-03 
2.66640E-03 4.91593E-03 
2.87274E-03 5.09890E-03 
3.10146E-03 5.28479E-03 
3.35398E-03 5.47285E-03 
3.63174E-03 5.66222E-03 
3.93400E-03 5.81303E-03 
4.27325E-03 6.00367E-03 
4.64547E-03 6.19399E-03 
5.05268E-03 6.38280E-03 
5.49700E-03 6.56904E-03 
5.98097E-03 6.75227E-03 
6.50857E-03 6.93409E-03 
7.08954E-03 7.12311E-03 
7.75499E-03 7.34978E-03 
8.59546E-03 7.68985E-03 
9.75589E-03 8.21844E-03 
1.12203E-02 8.82188E-03 
1.27282E-02 9.25932E-03 
2.10333E-03 4.58710E-03 
2.20072E-03 4.74431E-03 
2.42268E-03 4.72031E-03 
2.55423E-03 4.88641E-03 
2.70164E-03 5.05660E-03 
2.86590E-03 5.23036E-03 
3.04807E-03 5.40713E-03 
3.20197E-03 5.54561E-03 
3.24919E-03 5.58633E-03 
3.48851E-03 5.78151E-03 
3.75245E-03 5.97789E-03 
4.04240E-03 6.17453E-03 
4.35972E-03 6.37044E-03 
4.69814E-03 6.52116E-03 
5.08168E-03 6.71334E-03 
5.50039E-03 6.90262E-03 
5.95614E-03 7.08765E-03 
6.45092E-03 7.26726E-03 
6.98721E-03 7.44092E-03 
7.56926E-03 7.61038E-03 
8.20829E-03 7.78492E-03 
8.94084E-03 7.99707E-03 
9.87171E-03 8.32691E-03 
1.11622E-02 8.85145E-03 
1.27788E-02 9.44603E-03 
1.44154E-02 9.85622E-03 
2.61007E-03 5.24252E-03 
2.72756E-03 5.41914E-03 
2.95726E-03 5.37994E-03 
3.11339E-03 5.56278E-03 
3.28747E-03 5.74843E-03 
3.48051E-03 5.93625E-03 
3.69352E-03 6.12554E-03 
3.87271E-03 6.27257E-03 
3.92755E-03 6.31559E-03 
4.20460E-03 6.52046E-03 
4.50856E-03 6.72426E-03 
4.84073E-03 6.92592E-03 
5.20237E-03 7.12426E-03 
5.58043E-03 7.27062E-03 
6.01288E-03 7.45907E-03 
6.48252E-03 7.64154E-03 
6.99106E-03 7.81655E-03 
7.54029E-03 7.98279E-03 
8.13259E-03 8.13974E-03 
8.77249E-03 8.28928E-03 
9.47278E-03 8.44141E-03 
1.02759E-02 8.63068E-03 
1.13021E-02 8.94116E-03 
1.27299E-02 9.45107E-03 
1.45060E-02 1.00248E-02 
1.62748E-02 1.03955E-02 
3.19952E-03 5.96251E-03 
3.34134E-03 6.15839E-03 
3.57588E-03 6.10333E-03 
3.76114E-03 6.30167E-03 
3.96656E-03 6.50108E-03 
4.19311E-03 6.70077E-03 
4.44178E-03 6.89991E-03 
4.64999E-03 7.05309E-03 
4.71355E-03 7.09766E-03 
5.03357E-03 7.30826E-03 
5.38275E-03 7.51497E-03 
5.76226E-03 7.71657E-03 
6.17325E-03 7.91173E-03 
6.59444E-03 8.04817E-03 
7.08044E-03 8.22607E-03 
7.60542E-03 8.39442E-03 
8.17081E-03 8.55160E-03 
8.77819E-03 8.69625E-03 
9.42978E-03 8.82785E-03 
1.01304E-02 8.94851E-03 
1.08945E-02 9.06890E-03 
1.17709E-02 9.22553E-03 
1.28966E-02 9.50598E-03 
1.44678E-02 9.98886E-03 
1.64091E-02 1.05278E-02 
1.83118E-02 1.08455E-02 
3.88135E-03 6.74451E-03 
4.05254E-03 6.95829E-03 
4.28847E-03 6.88731E-03 
4.50811E-03 7.09857E-03 
4.75017E-03 7.30862E-03 
5.01557E-03 7.51653E-03 
5.30524E-03 7.72136E-03 
5.54659E-03 7.87710E-03 
5.62007E-03 7.92210E-03 
5.98870E-03 8.13279E-03 
6.38863E-03 8.33619E-03 
6.82086E-03 8.53092E-03 
7.28634E-03 8.71554E-03 
7.75406E-03 8.83512E-03 
8.29813E-03 8.99397E-03 
8.88257E-03 9.13922E-03 
9.50850E-03 9.26917E-03 
1.01772E-02 9.38246E-03 
1.08907E-02 9.47862E-03 
1.16541E-02 9.56003E-03 
1.24836E-02 9.63808E-03 
1.34351E-02 9.75102E-03 
1.46629E-02 9.98934E-03 
1.63822E-02 1.04311E-02 
1.84927E-02 1.09197E-02 
2.05288E-02 1.11696E-02 
4.66549E-03 7.58218E-03 
4.87191E-03 7.81092E-03 
5.10539E-03 7.72456E-03 
5.36534E-03 7.94443E-03 
5.64997E-03 8.16028E-03 
5.96010E-03 8.37101E-03 
6.29655E-03 8.57557E-03 
6.57544E-03 8.72890E-03 
6.66009E-03 8.77283E-03 
7.08327E-03 8.97603E-03 
7.53964E-03 9.16795E-03 
8.02999E-03 9.34710E-03 
8.55503E-03 9.51196E-03 
9.07244E-03 9.60626E-03 
9.67868E-03 9.73583E-03 
1.03262E-02 9.84736E-03 
1.10156E-02 9.93913E-03 
1.17480E-02 1.00098E-02 
1.25251E-02 1.00592E-02 
1.33521E-02 1.00898E-02 
1.42475E-02 1.01138E-02 
1.52743E-02 1.01710E-02 
1.66054E-02 1.03540E-02 
1.84753E-02 1.07392E-02 
2.07564E-02 1.11606E-02 
2.29232E-02 1.13274E-02 
5.56172E-03 8.46433E-03 
5.81002E-03 8.70315E-03 
6.03709E-03 8.60243E-03 
6.34388E-03 8.82463E-03 
6.67748E-03 9.03940E-03 
7.03859E-03 9.24554E-03 
7.42790E-03 9.44187E-03 
7.74885E-03 9.58628E-03 
7.84599E-03 9.62718E-03 
8.32970E-03 9.81322E-03 
8.84813E-03 9.98346E-03 
9.40179E-03 1.01363E-02 
9.99106E-03 1.02703E-02 
1.05608E-02 1.03295E-02 
1.12326E-02 1.04180E-02 
1.19458E-02 1.04837E-02 
1.27008E-02 1.05250E-02 
1.34979E-02 1.05408E-02 
1.43389E-02 1.05309E-02 
1.52291E-02 1.04983E-02 
1.61891E-02 1.04560E-02 
1.72896E-02 1.04449E-02 
1.87231E-02 1.05587E-02 
2.07435E-02 1.08710E-02 
2.31938E-02 1.12076E-02 
2.54854E-02 1.12761E-02 
6.57945E-03 9.37443E-03 
6.87697E-03 9.61613E-03 
7.09387E-03 9.50237E-03 
7.45444E-03 9.71834E-03 
7.84372E-03 9.92296E-03 
8.26225E-03 1.01149E-02 
8.71053E-03 1.02930E-02 
9.07805E-03 1.04204E-02 
9.18895E-03 1.04558E-02 
9.73894E-03 1.06129E-02 
1.03247E-02 1.07493E-02 
1.09462E-02 1.08633E-02 
1.16037E-02 1.09536E-02 
1.22277E-02 1.09666E-02 
1.29673E-02 1.10008E-02 
1.37477E-02 1.10074E-02 
1.45686E-02 1.09851E-02 
1.54302E-02 1.09328E-02 
1.63336E-02 1.08507E-02 
1.72847E-02 1.07425E-02 
1.83060E-02 1.06214E-02 
1.94765E-02 1.05293E-02 
2.10090E-02 1.05600E-02 
2.31769E-02 1.07830E-02 
2.57915E-02 1.10174E-02 
2.81989E-02 1.09730E-02 
7.72687E-03 1.02899E-02 
8.08141E-03 1.05247E-02 
8.28506E-03 1.03991E-02 
8.70647E-03 1.05980E-02 
9.15814E-03 1.07811E-02 
9.64040E-03 1.09472E-02 
1.01535E-02 1.10948E-02 
1.05718E-02 1.11956E-02 
1.06976E-02 1.12227E-02 
1.13190E-02 1.13372E-02 
1.19764E-02 1.14257E-02 
1.26697E-02 1.14868E-02 
1.33982E-02 1.15192E-02 
1.40773E-02 1.14740E-02 
1.48854E-02 1.14399E-02 
1.57327E-02 1.13736E-02 
1.66184E-02 1.12741E-02 
1.75419E-02 1.11405E-02 
1.85043E-02 1.09737E-02 
1.95116E-02 1.07774E-02 
2.05888E-02 1.05659E-02 
2.18231E-02 1.03811E-02 
2.34484E-02 1.03157E-02 
2.57576E-02 1.04336E-02 
2.85281E-02 1.05492E-02 
3.10389E-02 1.03791E-02 
9.01258E-03 1.11836E-02 
9.43222E-03 1.13994E-02 
9.62057E-03 1.12624E-02 
1.01098E-02 1.14310E-02 
1.06303E-02 1.15792E-02 
1.11822E-02 1.17055E-02 
1.17655E-02 1.18087E-02 
1.22382E-02 1.18720E-02 
1.23799E-02 1.18876E-02 
1.30770E-02 1.19440E-02 
1.38095E-02 1.19693E-02 
1.45768E-02 1.19621E-02 
1.53779E-02 1.19215E-02 
1.61115E-02 1.18056E-02 
1.69872E-02 1.16890E-02 
1.78993E-02 1.15360E-02 
1.88463E-02 1.13459E-02 
1.98273E-02 1.11185E-02 
2.08429E-02 1.08550E-02 
2.18995E-02 1.05599E-02 
2.30245E-02 1.02475E-02 
2.43140E-02 9.95992E-03 
2.60230E-02 9.78681E-03 
2.84639E-02 9.78504E-03 
3.13784E-02 9.76677E-03 
3.39772E-02 9.46059E-03 
1.04350E-02 1.20187E-02 
1.09274E-02 1.22007E-02 
1.11000E-02 1.20517E-02 
1.16631E-02 1.21751E-02 
1.22579E-02 1.22732E-02 
1.28841E-02 1.23447E-02 
1.35415E-02 1.23885E-02 
1.40711E-02 1.24025E-02 
1.42294E-02 1.24032E-02 
1.50047E-02 1.23855E-02 
1.58138E-02 1.23318E-02 
1.66555E-02 1.22410E-02 
1.75283E-02 1.21125E-02 
1.83141E-02 1.19141E-02 
1.92538E-02 1.17017E-02 
2.02259E-02 1.14496E-02 
2.12282E-02 1.11575E-02 
2.22594E-02 1.08258E-02 
2.33197E-02 1.04562E-02 
2.44160E-02 1.00537E-02 
2.55780E-02 9.63318E-03 
2.69110E-02 9.23567E-03 
2.86915E-02 8.94629E-03 
3.12508E-02 8.81329E-03 
3.42935E-02 8.64936E-03 
3.69616E-02 8.20065E-03 
1.20023E-02 1.27623E-02 
1.25748E-02 1.28937E-02 
1.27328E-02 1.27301E-02 
1.33752E-02 1.27918E-02 
1.40490E-02 1.28234E-02 
1.47534E-02 1.28238E-02 
1.54878E-02 1.27919E-02 
1.60760E-02 1.27445E-02 
1.62512E-02 1.27268E-02 
1.71057E-02 1.26185E-02 
1.79911E-02 1.24698E-02 
1.89058E-02 1.22802E-02 
1.98477E-02 1.20494E-02 
2.06818E-02 1.17572E-02 
2.16799E-02 1.14370E-02 
2.27049E-02 1.10749E-02 
2.37544E-02 1.06711E-02 
2.48261E-02 1.02267E-02 
2.59203E-02 9.74398E-03 
2.70440E-02 9.22859E-03 
2.82300E-02 8.69534E-03 
2.95925E-02 8.18368E-03 
3.14299E-02 7.77224E-03 
3.40919E-02 7.49885E-03 
3.72447E-02 7.18004E-03 
3.99614E-02 6.58566E-03 
1.37130E-02 1.33750E-02 
1.43721E-02 1.34374E-02 
1.45188E-02 1.32545E-02 
1.52445E-02 1.32371E-02 
1.60003E-02 1.31852E-02 
1.67850E-02 1.30979E-02 
1.75975E-02 1.29743E-02 
1.82444E-02 1.28534E-02 
1.84365E-02 1.28139E-02 
1.93690E-02 1.25991E-02 
2.03284E-02 1.23407E-02 
2.13123E-02 1.20385E-02 
2.23180E-02 1.16928E-02 
2.31945E-02 1.12974E-02 
2.42426E-02 1.08601E-02 
2.53110E-02 1.03800E-02 
2.63966E-02 9.85803E-03 
2.74967E-02 9.29598E-03 
2.86112E-02 8.69690E-03 
2.97479E-02 8.06688E-03 
3.09423E-02 7.42052E-03 
3.23180E-02 6.79467E-03 
3.41953E-02 6.25931E-03 
3.69419E-02 5.84000E-03 
4.01843E-02 5.36085E-03 
4.29269E-02 4.62213E-03 
1.55662E-02 1.38178E-02 
1.63171E-02 1.37918E-02 
1.64574E-02 1.35824E-02 
1.72690E-02 1.34684E-02 
1.81081E-02 1.33162E-02 
1.89735E-02 1.31251E-02 
1.98633E-02 1.28946E-02 
2.05675E-02 1.26891E-02 
2.07759E-02 1.26246E-02 
2.17830E-02 1.22891E-02 
2.28114E-02 1.19079E-02 
2.38581E-02 1.14816E-02 
2.49200E-02 1.10112E-02 
2.58308E-02 1.05056E-02 
2.69181E-02 9.94520E-03 
2.80177E-02 9.34269E-03 
2.91258E-02 8.69994E-03 
3.02396E-02 8.01948E-03 
3.13587E-02 7.30504E-03 
3.24917E-02 6.56313E-03 
3.36768E-02 5.80776E-03 
3.50474E-02 5.07210E-03 
3.69459E-02 4.41508E-03 
3.97570E-02 3.84807E-03 
4.30671E-02 3.20695E-03 
4.58120E-02 2.32962E-03 
1.75602E-02 1.40524E-02 
1.84066E-02 1.39185E-02 
1.85471E-02 1.36727E-02 
1.94449E-02 1.34455E-02 
2.03669E-02 1.31771E-02 
2.13111E-02 1.28674E-02 
2.22753E-02 1.25164E-02 
2.30336E-02 1.22167E-02 
2.32572E-02 1.21244E-02 
2.43328E-02 1.16565E-02 
2.54228E-02 1.11425E-02 
2.65235E-02 1.05838E-02 
2.76311E-02 9.98215E-03 
2.85659E-02 9.36277E-03 
2.96790E-02 8.67715E-03 
3.07951E-02 7.95216E-03 
3.19101E-02 7.19050E-03 
3.30206E-02 6.39546E-03 
3.41264E-02 5.57143E-03 
3.52368E-02 4.72516E-03 
3.63934E-02 3.86966E-03 
3.77392E-02 3.03321E-03 
3.96385E-02 2.26107E-03 
4.24932E-02 1.54845E-03 
4.58478E-02 7.47676E-04 
4.85708E-02 -2.58164E-04 
1.96933E-02 1.40413E-02 
2.06370E-02 1.37806E-02 
2.07851E-02 1.34867E-02 
2.17677E-02 1.31311E-02 
2.27697E-02 1.27327E-02 
2.37886E-02 1.22919E-02 
2.48217E-02 1.18094E-02 
2.56290E-02 1.14079E-02 
2.58662E-02 1.12860E-02 
2.70017E-02 1.06771E-02 
2.81429E-02 1.00239E-02 
2.92858E-02 9.32857E-03 
3.04261E-02 8.59357E-03 
3.13726E-02 7.86065E-03 
3.24956E-02 7.05249E-03 
3.36112E-02 6.20975E-03 
3.47149E-02 5.33595E-03 
3.58032E-02 4.43516E-03 
3.68761E-02 3.51228E-03 
3.79437E-02 2.57410E-03 
3.90510E-02 1.63217E-03 
4.03511E-02 7.08523E-04 
4.22304E-02 -1.67944E-04 
4.51066E-02 -1.02016E-03 
4.84823E-02 -1.97432E-03 
5.11590E-02 -3.09435E-03 
2.19643E-02 1.37488E-02 
2.30049E-02 1.33442E-02 
2.31679E-02 1.29895E-02 
2.42312E-02 1.24928E-02 
2.53078E-02 1.19534E-02 
2.63947E-02 1.13722E-02 
2.74886E-02 1.07505E-02 
2.83378E-02 1.02427E-02 
2.85863E-02 1.00899E-02 
2.97700E-02 9.33621E-03 
3.09494E-02 8.54207E-03 
3.21201E-02 7.71053E-03 
3.32772E-02 6.84498E-03 
3.42206E-02 6.00329E-03 
3.53353E-02 5.08033E-03 
3.64313E-02 4.12971E-03 
3.75038E-02 3.15571E-03 
3.85493E-02 2.16305E-03 
3.95681E-02 1.15705E-03 
4.05715E-02 1.44269E-04 
4.16080E-02 -8.65808E-04 
4.28410E-02 -1.85872E-03 
4.46788E-02 -2.82471E-03 
4.75543E-02 -3.80663E-03 
5.09273E-02 -4.90391E-03 
5.35338E-02 -6.11991E-03 
2.43739E-02 1.31411E-02 
2.55081E-02 1.25784E-02 
2.56925E-02 1.21503E-02 
2.68296E-02 1.15035E-02 
2.79726E-02 1.08158E-02 
2.91178E-02 1.00889E-02 
3.02616E-02 9.32487E-03 
3.11432E-02 8.70961E-03 
3.14001E-02 8.52593E-03 
3.26173E-02 7.62832E-03 
3.38189E-02 6.69667E-03 
3.50000E-02 5.73482E-03 
3.61555E-02 4.74692E-03 
3.70788E-02 3.80606E-03 
3.81650E-02 2.78130E-03 
3.92204E-02 1.73784E-03 
4.02401E-02 6.80638E-04 
4.12209E-02 -3.85098E-04 
4.21635E-02 -1.45384E-03 
4.30806E-02 -2.51954E-03 
4.40246E-02 -3.57538E-03 
4.51689E-02 -4.61584E-03 
4.69437E-02 -5.65295E-03 
4.97963E-02 -6.75101E-03 
5.31428E-02 -7.97735E-03 
5.56560E-02 -9.26774E-03 
2.69102E-02 1.21933E-02 
2.81311E-02 1.14634E-02 
2.83410E-02 1.09510E-02 
2.95416E-02 1.01503E-02 
3.07393E-02 9.31258E-03 
3.19299E-02 8.44045E-03 
3.31093E-02 7.53656E-03 
3.40115E-02 6.81727E-03 
3.42732E-02 6.60391E-03 
3.55061E-02 5.56983E-03 
3.67109E-02 4.51048E-03 
3.78824E-02 3.43045E-03 
3.90155E-02 2.33457E-03 
3.98999E-02 1.30954E-03 
4.09358E-02 2.01552E-04 
4.19284E-02 -9.14384E-04 
4.28731E-02 -2.03281E-03 
4.37670E-02 -3.14820E-03 
4.46114E-02 -4.25506E-03 
4.54207E-02 -5.34819E-03 
4.62511E-02 -6.42402E-03 
4.72864E-02 -7.48721E-03 
4.89776E-02 -8.57380E-03 
5.17853E-02 -9.77055E-03 
5.50823E-02 -1.11078E-02 
5.74806E-02 -1.24481E-02 
2.96066E-02 1.08660E-02 
3.09042E-02 9.96275E-03 
3.11410E-02 9.35741E-03 
3.23921E-02 8.40246E-03 
3.36300E-02 7.41676E-03 
3.48501E-02 6.40357E-03 
3.60479E-02 5.36630E-03 
3.69567E-02 4.54953E-03 
3.72191E-02 4.30866E-03 
3.84468E-02 3.14992E-03 
3.96328E-02 1.97709E-03 
4.07720E-02 7.95401E-04 
4.18593E-02 -3.89794E-04 
4.26836E-02 -1.48006E-03 
4.36454E-02 -2.64884E-03 
4.45513E-02 -3.81321E-03 
4.53971E-02 -4.96741E-03 
4.61803E-02 -6.10583E-03 
4.69034E-02 -7.22329E-03 
4.75825E-02 -8.31579E-03 
4.82777E-02 -9.38359E-03 
4.91831E-02 -1.04427E-02 
5.07701E-02 -1.15554E-02 
5.35106E-02 -1.28316E-02 
5.67348E-02 -1.42597E-02 
5.89967E-02 -1.56239E-02 
3.24400E-02 9.14747E-03 
3.37995E-02 8.07272E-03 
3.40603E-02 7.37096E-03 
3.53443E-02 6.26895E-03 
3.66037E-02 5.14463E-03 
3.78336E-02 4.00199E-03 
3.90293E-02 2.84510E-03 
3.99280E-02 1.94290E-03 
4.01861E-02 1.67827E-03 
4.13847E-02 4.14063E-04 
4.25276E-02 -8.50951E-04 
4.36096E-02 -2.11113E-03 
4.46261E-02 -3.36080E-03 
4.53679E-02 -4.49209E-03 
4.62314E-02 -5.69429E-03 
4.70267E-02 -6.87866E-03 
4.77503E-02 -8.03936E-03 
4.84005E-02 -9.17097E-03 
4.89809E-02 -1.02689E-02 
4.95095E-02 -1.13307E-02 
5.00505E-02 -1.23610E-02 
5.08079E-02 -1.33881E-02 
5.22719E-02 -1.45016E-02 
5.49243E-02 -1.58345E-02 
5.80534E-02 -1.73299E-02 
6.01604E-02 -1.86907E-02 
3.54167E-02 7.01937E-03 
3.68187E-02 5.78141E-03 
3.70958E-02 4.98515E-03 
3.83915E-02 3.74932E-03 
3.96502E-02 2.50179E-03 
4.08668E-02 1.24718E-03 
4.20366E-02 -9.89572E-06 
4.29065E-02 -9.81235E-04 
4.31547E-02 -1.26467E-03 
4.42977E-02 -2.60957E-03 
4.53705E-02 -3.94028E-03 
4.63686E-02 -5.25097E-03 
4.72878E-02 -6.53591E-03 
4.79237E-02 -7.68031E-03 
4.86640E-02 -8.88536E-03 
4.93249E-02 -1.00586E-02 
4.99033E-02 -1.11943E-02 
5.03988E-02 -1.22876E-02 
5.08161E-02 -1.33347E-02 
5.11754E-02 -1.43352E-02 
5.15448E-02 -1.52982E-02 
5.21376E-02 -1.62651E-02 
5.34615E-02 -1.73536E-02 
5.60055E-02 -1.87192E-02 
5.90180E-02 -2.02566E-02 
6.09535E-02 -2.15865E-02 
3.85307E-02 4.47537E-03 
3.99508E-02 3.09009E-03 
4.02314E-02 2.20777E-03 
4.15137E-02 8.58080E-04 
4.27459E-02 -4.90773E-04 
4.39229E-02 -1.83368E-03 
4.50399E-02 -3.16563E-03 
4.58603E-02 -4.18553E-03 
4.60927E-02 -4.48160E-03 
4.71510E-02 -5.87694E-03 
4.81253E-02 -7.24192E-03 
4.90115E-02 -8.57077E-03 
4.98062E-02 -9.85800E-03 
5.03123E-02 -1.09845E-02 
5.09051E-02 -1.21594E-02 
5.14083E-02 -1.32885E-02 
5.18199E-02 -1.43665E-02 
5.21405E-02 -1.53894E-02 
5.23765E-02 -1.63544E-02 
5.25499E-02 -1.72632E-02 
5.27330E-02 -1.81303E-02 
5.31474E-02 -1.90098E-02 
5.43160E-02 -2.00478E-02 
5.67326E-02 -2.14209E-02 
5.96085E-02 -2.29739E-02 
6.13585E-02 -2.42465E-02 
4.17683E-02 1.52038E-03 
4.31777E-02 1.14558E-05 
4.34436E-02 -9.41483E-04 
4.46837E-02 -2.37845E-03 
4.58603E-02 -3.80048E-03 
4.69684E-02 -5.20215E-03 
4.80038E-02 -6.57830E-03 
4.87524E-02 -7.62234E-03 
4.89623E-02 -7.92382E-03 
4.99057E-02 -9.33468E-03 
5.07518E-02 -1.06984E-02 
5.14976E-02 -1.20097E-02 
5.21407E-02 -1.32635E-02 
5.24934E-02 -1.43391E-02 
5.29156E-02 -1.54497E-02 
5.32395E-02 -1.65010E-02 
5.34646E-02 -1.74887E-02 
5.35927E-02 -1.84095E-02 
5.36318E-02 -1.92622E-02 
5.36060E-02 -2.00509E-02 
5.35912E-02 -2.07950E-02 
5.38165E-02 -2.15621E-02 
5.48172E-02 -2.25253E-02 
5.70893E-02 -2.38807E-02 
5.98104E-02 -2.54227E-02 
6.13639E-02 -2.66133E-02 
4.51066E-02 -1.82723E-03 
4.64717E-02 -3.42851E-03 
4.66999E-02 -4.42960E-03 
4.78659E-02 -5.92106E-03 
4.89551E-02 -7.38244E-03 
4.99632E-02 -8.80822E-03 
5.08861E-02 -1.01933E-02 
5.15397E-02 -1.12339E-02 
5.17206E-02 -1.15327E-02 
5.25179E-02 -1.29205E-02 
5.32063E-02 -1.42447E-02 
5.37837E-02 -1.55005E-02 
5.42491E-02 -1.66837E-02 
5.44262E-02 -1.76746E-02 
5.46564E-02 -1.86866E-02 
5.47821E-02 -1.96273E-02 
5.48037E-02 -2.04931E-02 
5.47249E-02 -2.12821E-02 
5.45549E-02 -2.19948E-02 
5.43203E-02 -2.26375E-02 
5.40998E-02 -2.32350E-02 
5.41288E-02 -2.38674E-02 
5.49522E-02 -2.47336E-02 
5.70648E-02 -2.60468E-02 
5.96152E-02 -2.75518E-02 
6.09649E-02 -2.86388E-02 
4.84786E-02 -5.49667E-03 
4.97633E-02 -7.15167E-03 
4.99273E-02 -8.17181E-03 
5.09861E-02 -9.67968E-03 
5.19559E-02 -1.11420E-02 
5.28327E-02 -1.25534E-02 
5.36133E-02 -1.39091E-02 
5.41497E-02 -1.49170E-02 
5.42952E-02 -1.52047E-02 
5.49177E-02 -1.65294E-02 
5.54216E-02 -1.77751E-02 
5.58063E-02 -1.89378E-02 
5.60719E-02 -2.00145E-02 
5.60553E-02 -2.08886E-02 
5.60775E-02 -2.17707E-02 
5.59912E-02 -2.25711E-02 
5.57984E-02 -2.32878E-02 
5.55041E-02 -2.39200E-02 
5.51193E-02 -2.44699E-02 
5.46722E-02 -2.49464E-02 
5.42445E-02 -2.53792E-02 
5.40762E-02 -2.58602E-02 
5.47179E-02 -2.66114E-02 
5.66607E-02 -2.78602E-02 
5.90293E-02 -2.93050E-02 
6.01739E-02 -3.02713E-02 
5.19052E-02 -9.51056E-03 
5.30692E-02 -1.11758E-02 
5.31380E-02 -1.21806E-02 
5.40533E-02 -1.36629E-02 
5.48683E-02 -1.50843E-02 
5.55800E-02 -1.64399E-02 
5.61862E-02 -1.77253E-02 
5.65817E-02 -1.86693E-02 
5.66852E-02 -1.89368E-02 
5.71022E-02 -2.01565E-02 
5.73934E-02 -2.12831E-02 
5.75597E-02 -2.23141E-02 
5.76028E-02 -2.32476E-02 
5.73739E-02 -2.39726E-02 
5.71716E-02 -2.46935E-02 
5.68596E-02 -2.53248E-02 
5.64414E-02 -2.58657E-02 
5.59234E-02 -2.63171E-02 
5.53182E-02 -2.66828E-02 
5.46557E-02 -2.69743E-02 
5.40197E-02 -2.72259E-02 
5.36534E-02 -2.75403E-02 
5.41095E-02 -2.81600E-02 
5.58720E-02 -2.93236E-02 
5.80478E-02 -3.06862E-02 
5.89859E-02 -3.15168E-02 
5.52826E-02 -1.37502E-02 
5.62855E-02 -1.53772E-02 
5.62272E-02 -1.63279E-02 
5.69645E-02 -1.77401E-02 
5.75921E-02 -1.90770E-02 
5.81082E-02 -2.03344E-02 
5.85115E-02 -2.15087E-02 
5.87459E-02 -2.23586E-02 
5.88016E-02 -2.25972E-02 
5.89880E-02 -2.36719E-02 
5.90445E-02 -2.46420E-02 
5.89736E-02 -2.55064E-02 
5.87784E-02 -2.62648E-02 
5.83255E-02 -2.68134E-02 
5.78898E-02 -2.73479E-02 
5.73462E-02 -2.77876E-02 
5.66995E-02 -2.81332E-02 
5.59577E-02 -2.83871E-02 
5.51346E-02 -2.85549E-02 
5.42616E-02 -2.86504E-02 
5.34240E-02 -2.87121E-02 
5.28661E-02 -2.88519E-02 
5.31393E-02 -2.93297E-02 
5.47173E-02 -3.03916E-02 
5.66956E-02 -3.16544E-02 
5.74332E-02 -3.23410E-02 
5.85576E-02 -1.81502E-02 
5.93592E-02 -1.96878E-02 
5.91414E-02 -2.05432E-02 
5.96671E-02 -2.18398E-02 
6.00763E-02 -2.30484E-02 
6.03682E-02 -2.41658E-02 
6.05427E-02 -2.51893E-02 
6.05978E-02 -2.59157E-02 
6.06009E-02 -2.61172E-02 
6.05349E-02 -2.70093E-02 
6.03384E-02 -2.77885E-02 
6.00153E-02 -2.84551E-02 
5.95703E-02 -2.90103E-02 
5.88858E-02 -2.93592E-02 
5.82125E-02 -2.96866E-02 
5.74358E-02 -2.99170E-02 
5.65622E-02 -3.00528E-02 
5.56007E-02 -3.00978E-02 
5.45667E-02 -3.00593E-02 
5.34923E-02 -2.99531E-02 
5.24636E-02 -2.98213E-02 
5.17243E-02 -2.97834E-02 
5.18206E-02 -3.01128E-02 
5.32131E-02 -3.10603E-02 
5.49927E-02 -3.22097E-02 
5.55391E-02 -3.27485E-02 
6.16545E-02 -2.26145E-02 
6.22166E-02 -2.40115E-02 
6.18085E-02 -2.47297E-02 
6.20923E-02 -2.58664E-02 
6.22556E-02 -2.69048E-02 
6.22988E-02 -2.78428E-02 
6.22232E-02 -2.86789E-02 
6.20846E-02 -2.92555E-02 
6.20311E-02 -2.94125E-02 
6.16966E-02 -3.00891E-02 
6.12346E-02 -3.06478E-02 
6.06503E-02 -3.10906E-02 
5.99500E-02 -3.14205E-02 
5.90322E-02 -3.15522E-02 
5.81226E-02 -3.16580E-02 
5.71172E-02 -3.16680E-02 
5.60238E-02 -3.15859E-02 
5.48526E-02 -3.14170E-02 
5.36195E-02 -3.11700E-02 
5.23578E-02 -3.08626E-02 
5.11532E-02 -3.05396E-02 
5.02471E-02 -3.03266E-02 
5.01767E-02 -3.05063E-02 
5.13869E-02 -3.13312E-02 
5.29712E-02 -3.23584E-02 
5.33399E-02 -3.27508E-02 
6.45018E-02 -2.70523E-02 
6.47894E-02 -2.82586E-02 
6.41628E-02 -2.87988E-02 
6.41782E-02 -2.97338E-02 
6.40723E-02 -3.05632E-02 
6.38469E-02 -3.12859E-02 
6.35047E-02 -3.19020E-02 
6.31618E-02 -3.23060E-02 
6.30490E-02 -3.24122E-02 
6.24354E-02 -3.28454E-02 
6.17009E-02 -3.31597E-02 
6.08522E-02 -3.33589E-02 
5.98969E-02 -3.34473E-02 
5.87491E-02 -3.33503E-02 
5.76101E-02 -3.32262E-02 
5.63857E-02 -3.30106E-02 
5.50846E-02 -3.27086E-02 
5.37180E-02 -3.23267E-02 
5.23026E-02 -3.18749E-02 
5.08716E-02 -3.13723E-02 
4.95101E-02 -3.08658E-02 
4.84552E-02 -3.04849E-02 
4.82315E-02 -3.05183E-02 
4.92665E-02 -3.12167E-02 
5.06625E-02 -3.21175E-02 
5.08701E-02 -3.23694E-02 
6.70138E-02 -3.13499E-02 
6.69975E-02 -3.23191E-02 
6.61289E-02 -3.26441E-02 
6.58557E-02 -3.33406E-02 
6.54638E-02 -3.39274E-02 
6.49564E-02 -3.44051E-02 
6.43376E-02 -3.47749E-02 
6.37852E-02 -3.49883E-02 
6.36119E-02 -3.50389E-02 
6.27159E-02 -3.52082E-02 
6.17093E-02 -3.52619E-02 
6.06001E-02 -3.52051E-02 
5.93969E-02 -3.50434E-02 
5.80292E-02 -3.47135E-02 
5.66738E-02 -3.43583E-02 
5.52458E-02 -3.39192E-02 
5.37549E-02 -3.34023E-02 
5.22126E-02 -3.28151E-02 
5.06361E-02 -3.21686E-02 
4.90583E-02 -3.14828E-02 
4.75627E-02 -3.08061E-02 
4.63806E-02 -3.02698E-02 
4.60208E-02 -3.01649E-02 
4.68916E-02 -3.07379E-02 
4.81107E-02 -3.15131E-02 
4.81770E-02 -3.16351E-02 
6.91085E-02 -3.53957E-02 
6.87661E-02 -3.60875E-02 
6.76385E-02 -3.61654E-02 
6.70632E-02 -3.65929E-02 
6.63757E-02 -3.69106E-02 
6.55802E-02 -3.71205E-02 
6.46821E-02 -3.72251E-02 
6.39204E-02 -3.72358E-02 
6.36871E-02 -3.72277E-02 
6.25130E-02 -3.71207E-02 
6.12421E-02 -3.69055E-02 
5.98834E-02 -3.65883E-02 
5.84464E-02 -3.61759E-02 
5.68747E-02 -3.56161E-02 
5.53217E-02 -3.50361E-02 
5.37111E-02 -3.43824E-02 
5.20530E-02 -3.36621E-02 
5.03592E-02 -3.28834E-02 
4.86468E-02 -3.20580E-02 
4.69481E-02 -3.12064E-02 
4.53443E-02 -3.03774E-02 
4.40592E-02 -2.97027E-02 
4.35834E-02 -2.94719E-02 
4.43045E-02 -2.99253E-02 
4.53617E-02 -3.05803E-02 
4.53091E-02 -3.05871E-02 
7.07084E-02 -3.90809E-02 
7.00258E-02 -3.94628E-02 
6.86292E-02 -3.92686E-02 
6.77466E-02 -3.94046E-02 
6.67616E-02 -3.94348E-02 
6.56798E-02 -3.93622E-02 
6.45074E-02 -3.91907E-02 
6.35424E-02 -3.89930E-02 
6.32512E-02 -3.89248E-02 
6.18110E-02 -3.85380E-02 
6.02910E-02 -3.80541E-02 
5.87007E-02 -3.74804E-02 
5.70501E-02 -3.68246E-02 
5.52962E-02 -3.60451E-02 
5.35698E-02 -3.52532E-02 
5.18023E-02 -3.44004E-02 
5.00038E-02 -3.34942E-02 
4.81864E-02 -3.25434E-02 
4.63666E-02 -3.15599E-02 
4.45757E-02 -3.05642E-02 
4.28917E-02 -2.96050E-02 
4.15300E-02 -2.88125E-02 
4.09605E-02 -2.84719E-02 
4.15496E-02 -2.88156E-02 
4.24628E-02 -2.93602E-02 
4.23151E-02 -2.92695E-02 
7.17387E-02 -4.22928E-02 
7.07120E-02 -4.23423E-02 
6.90459E-02 -4.18605E-02 
6.78600E-02 -4.16925E-02 
6.65849E-02 -4.14263E-02 
6.52273E-02 -4.10665E-02 
6.37942E-02 -4.06177E-02 
6.26383E-02 -4.02130E-02 
6.22932E-02 -4.00856E-02 
6.06072E-02 -3.94251E-02 
5.88610E-02 -3.86821E-02 
5.70642E-02 -3.78646E-02 
5.52269E-02 -3.69808E-02 
5.33183E-02 -3.59993E-02 
5.14477E-02 -3.50156E-02 
4.95534E-02 -3.39854E-02 
4.76454E-02 -3.29167E-02 
4.57353E-02 -3.18183E-02 
4.38391E-02 -3.07021E-02 
4.19866E-02 -2.95882E-02 
4.02523E-02 -2.85242E-02 
3.88415E-02 -2.76377E-02 
3.82025E-02 -2.72068E-02 
3.86799E-02 -2.74546E-02 
3.94699E-02 -2.79025E-02 
3.92521E-02 -2.77347E-02 
7.21388E-02 -4.49417E-02 
7.07738E-02 -4.46467E-02 
6.88462E-02 -4.38710E-02 
6.73695E-02 -4.33957E-02 
6.58200E-02 -4.28339E-02 
6.42051E-02 -4.21909E-02 
6.25324E-02 -4.14725E-02 
6.12035E-02 -4.08687E-02 
6.08098E-02 -4.06847E-02 
5.89054E-02 -3.97651E-02 
5.69622E-02 -3.87805E-02 
5.49897E-02 -3.77394E-02 
5.29978E-02 -3.66501E-02 
5.09660E-02 -3.54902E-02 
4.89840E-02 -3.43400E-02 
4.69960E-02 -3.31591E-02 
4.50117E-02 -3.19554E-02 
4.30420E-02 -3.07377E-02 
4.11018E-02 -2.95171E-02 
3.92191E-02 -2.83133E-02 
3.74645E-02 -2.71721E-02 
3.60328E-02 -2.62171E-02 
3.53489E-02 -2.57174E-02 
3.57365E-02 -2.58860E-02 
3.64256E-02 -2.62539E-02 
3.61623E-02 -2.60305E-02 
7.18613E-02 -4.69200E-02 
7.01785E-02 -4.62843E-02 
6.80098E-02 -4.52226E-02 
6.62675E-02 -4.44510E-02 
6.44710E-02 -4.36077E-02 
6.26282E-02 -4.26987E-02 
6.07470E-02 -4.17303E-02 
5.92701E-02 -4.09444E-02 
5.88353E-02 -4.07091E-02 
5.67489E-02 -3.95564E-02 
5.46459E-02 -3.83585E-02 
5.25355E-02 -3.71235E-02 
5.04267E-02 -3.58595E-02 
4.83082E-02 -3.45523E-02 
4.62514E-02 -3.32675E-02 
4.42059E-02 -3.19682E-02 
4.21806E-02 -3.06618E-02 
4.01856E-02 -2.93567E-02 
3.82344E-02 -2.80634E-02 
3.63531E-02 -2.68003E-02 
3.46077E-02 -2.56111E-02 
3.31825E-02 -2.46146E-02 
3.24791E-02 -2.40696E-02 
3.28005E-02 -2.41788E-02 
3.34126E-02 -2.44863E-02 
3.31282E-02 -2.42298E-02 
7.08678E-02 -4.81924E-02 
6.88932E-02 -4.72268E-02 
6.65098E-02 -4.58934E-02 
6.45317E-02 -4.48425E-02 
6.25199E-02 -4.37376E-02 
6.04827E-02 -4.25850E-02 
5.84278E-02 -4.13914E-02 
5.68305E-02 -4.04438E-02 
5.63629E-02 -4.01633E-02 
5.41337E-02 -3.88081E-02 
5.19106E-02 -3.74286E-02 
4.97020E-02 -3.60327E-02 
4.75159E-02 -3.46278E-02 
4.53480E-02 -3.32062E-02 
4.32538E-02 -3.18202E-02 
4.11872E-02 -3.04358E-02 
3.91562E-02 -2.90598E-02 
3.71697E-02 -2.76996E-02 
3.52398E-02 -2.63650E-02 
3.33902E-02 -2.50727E-02 
3.16827E-02 -2.38642E-02 
3.02903E-02 -2.28526E-02 
2.95913E-02 -2.22855E-02 
2.98694E-02 -2.23555E-02 
3.04273E-02 -2.26223E-02 
3.01438E-02 -2.23543E-02 
6.91430E-02 -4.86886E-02 
6.69169E-02 -4.74202E-02 
6.43571E-02 -4.58437E-02 
6.21843E-02 -4.45443E-02 
5.99996E-02 -4.32104E-02 
5.78108E-02 -4.18485E-02 
5.56252E-02 -4.04652E-02 
5.39410E-02 -3.93841E-02 
5.34501E-02 -3.90667E-02 
5.11243E-02 -3.75489E-02 
4.88265E-02 -3.60281E-02 
4.65639E-02 -3.45114E-02 
4.43433E-02 -3.30052E-02 
4.21660E-02 -3.15071E-02 
4.00730E-02 -3.00574E-02 
3.80223E-02 -2.86242E-02 
3.60207E-02 -2.72137E-02 
3.40757E-02 -2.58322E-02 
3.21980E-02 -2.44882E-02 
3.04088E-02 -2.31971E-02 
2.87653E-02 -2.19974E-02 
2.74299E-02 -2.09966E-02 
2.67582E-02 -2.04308E-02 
2.70158E-02 -2.04830E-02 
2.75422E-02 -2.07300E-02 
2.72799E-02 -2.04711E-02 
6.66930E-02 -4.83827E-02 
6.42656E-02 -4.68512E-02 
6.15765E-02 -4.50711E-02 
5.92580E-02 -4.35640E-02 
5.69493E-02 -4.20430E-02 
5.46576E-02 -4.05143E-02 
5.23895E-02 -3.89840E-02 
5.06548E-02 -3.78025E-02 
5.01514E-02 -3.74578E-02 
4.77784E-02 -3.58232E-02 
4.54537E-02 -3.42062E-02 
4.31830E-02 -3.26126E-02 
4.09716E-02 -3.10477E-02 
3.88246E-02 -2.95129E-02 
3.67709E-02 -2.80378E-02 
3.47718E-02 -2.65926E-02 
3.28329E-02 -2.51824E-02 
3.09603E-02 -2.38125E-02 
2.91628E-02 -2.24899E-02 
2.74596E-02 -2.12283E-02 
2.59034E-02 -2.00636E-02 
2.46462E-02 -1.90976E-02 
2.40223E-02 -1.85551E-02 
2.42807E-02 -1.86104E-02 
2.47967E-02 -1.88579E-02 
2.45727E-02 -1.86263E-02 
6.35457E-02 -4.72736E-02 
6.09765E-02 -4.55305E-02 
5.82125E-02 -4.35962E-02 
5.58037E-02 -4.19312E-02 
5.34254E-02 -4.02727E-02 
5.10839E-02 -3.86266E-02 
4.87848E-02 -3.69979E-02 
4.70384E-02 -3.57529E-02 
4.65335E-02 -3.53917E-02 
4.41647E-02 -3.36901E-02 
4.18617E-02 -3.20249E-02 
3.96288E-02 -3.04003E-02 
3.74694E-02 -2.88204E-02 
3.53911E-02 -2.72890E-02 
3.34126E-02 -2.58264E-02 
3.14983E-02 -2.44049E-02 
2.96525E-02 -2.30284E-02 
2.78796E-02 -2.17007E-02 
2.61871E-02 -2.04277E-02 
2.45918E-02 -1.92214E-02 
2.31421E-02 -1.81149E-02 
2.19807E-02 -1.72047E-02 
2.14222E-02 -1.67052E-02 
2.17006E-02 -1.67833E-02 
2.22248E-02 -1.70499E-02 
2.20525E-02 -1.68610E-02 
5.97537E-02 -4.53882E-02 
5.71095E-02 -4.34950E-02 
5.43308E-02 -4.14646E-02 
5.18918E-02 -3.96986E-02 
4.95019E-02 -3.79585E-02 
4.71663E-02 -3.62491E-02 
4.48895E-02 -3.45747E-02 
4.31707E-02 -3.33055E-02 
4.26754E-02 -3.29390E-02 
4.03620E-02 -3.12224E-02 
3.81286E-02 -2.95580E-02 
3.59775E-02 -2.79488E-02 
3.39106E-02 -2.63969E-02 
3.19366E-02 -2.49075E-02 
3.00658E-02 -2.34935E-02 
2.82657E-02 -2.21288E-02 
2.65391E-02 -2.08161E-02 
2.48892E-02 -1.95582E-02 
2.33216E-02 -1.83593E-02 
2.18514E-02 -1.72300E-02 
2.05233E-02 -1.62011E-02 
1.94711E-02 -1.53642E-02 
1.89919E-02 -1.49246E-02 
1.93063E-02 -1.50428E-02 
1.98541E-02 -1.53445E-02 
1.97429E-02 -1.52100E-02 
5.53942E-02 -4.27824E-02 
5.27465E-02 -4.08088E-02 
5.00173E-02 -3.87462E-02 
4.76105E-02 -3.69412E-02 
4.52684E-02 -3.51793E-02 
4.29950E-02 -3.34639E-02 
4.07932E-02 -3.17980E-02 
3.91404E-02 -3.05445E-02 
3.86657E-02 -3.01840E-02 
3.64568E-02 -2.85043E-02 
3.43376E-02 -2.68890E-02 
3.23090E-02 -2.53394E-02 
3.03711E-02 -2.38560E-02 
2.85324E-02 -2.24442E-02 
2.67974E-02 -2.11112E-02 
2.51359E-02 -1.98325E-02 
2.35495E-02 -1.86097E-02 
2.20403E-02 -1.74443E-02 
2.06127E-02 -1.63394E-02 
1.92797E-02 -1.53044E-02 
1.80830E-02 -1.43678E-02 
1.71489E-02 -1.36174E-02 
1.67588E-02 -1.32509E-02 
1.71218E-02 -1.34234E-02 
1.77048E-02 -1.37732E-02 
1.76597E-02 -1.37007E-02 
5.05709E-02 -3.95432E-02 
4.79937E-02 -3.75639E-02 
4.53788E-02 -3.55368E-02 
4.30667E-02 -3.37575E-02 
4.08309E-02 -3.20346E-02 
3.86739E-02 -3.03705E-02 
3.65973E-02 -2.87668E-02 
3.50464E-02 -2.75679E-02 
3.46021E-02 -2.72244E-02 
3.25424E-02 -2.56308E-02 
3.05776E-02 -2.41094E-02 
2.87067E-02 -2.26597E-02 
2.69284E-02 -2.12808E-02 
2.52504E-02 -1.99775E-02 
2.36728E-02 -1.87527E-02 
2.21683E-02 -1.75839E-02 
2.07372E-02 -1.64714E-02 
1.93807E-02 -1.54159E-02 
1.81020E-02 -1.44196E-02 
1.69128E-02 -1.34905E-02 
1.58522E-02 -1.26559E-02 
1.50400E-02 -1.20004E-02 
1.47444E-02 -1.17159E-02 
1.51642E-02 -1.19530E-02 
1.57896E-02 -1.23598E-02 
1.58113E-02 -1.23525E-02 
4.54119E-02 -3.57878E-02 
4.29783E-02 -3.38794E-02 
4.05408E-02 -3.19560E-02 
3.83827E-02 -3.02660E-02 
3.63078E-02 -2.86416E-02 
3.43171E-02 -2.70836E-02 
3.24106E-02 -2.55922E-02 
3.09930E-02 -2.44837E-02 
3.05879E-02 -2.41670E-02 
2.87155E-02 -2.27037E-02 
2.69379E-02 -2.13152E-02 
2.52528E-02 -1.99997E-02 
2.36576E-02 -1.87551E-02 
2.21586E-02 -1.75845E-02 
2.07533E-02 -1.64888E-02 
1.94171E-02 -1.54472E-02 
1.81495E-02 -1.44590E-02 
1.69510E-02 -1.35244E-02 
1.58240E-02 -1.26449E-02 
1.47792E-02 -1.18278E-02 
1.38538E-02 -1.10993E-02 
1.31624E-02 -1.05420E-02 
1.29620E-02 -1.03437E-02 
1.34424E-02 -1.06515E-02 
1.41128E-02 -1.11195E-02 
1.41974E-02 -1.11760E-02 
4.00595E-02 -3.16556E-02 
3.78381E-02 -2.98929E-02 
3.56361E-02 -2.81383E-02 
3.36859E-02 -2.65976E-02 
3.18203E-02 -2.51263E-02 
3.00386E-02 -2.37238E-02 
2.83398E-02 -2.23888E-02 
2.70813E-02 -2.14013E-02 
2.67223E-02 -2.11200E-02 
2.50671E-02 -1.98238E-02 
2.35012E-02 -1.85997E-02 
2.20214E-02 -1.74449E-02 
2.06244E-02 -1.63561E-02 
1.93147E-02 -1.53353E-02 
1.80888E-02 -1.43819E-02 
1.69249E-02 -1.34773E-02 
1.58221E-02 -1.26206E-02 
1.47802E-02 -1.18111E-02 
1.38016E-02 -1.10504E-02 
1.28964E-02 -1.03452E-02 
1.21002E-02 -9.72151E-03 
1.15237E-02 -9.26067E-03 
1.14146E-02 -9.14812E-03 
1.19545E-02 -9.52781E-03 
1.26676E-02 -1.00566E-02 
1.28072E-02 -1.01713E-02 
3.47367E-02 -2.73610E-02 
3.27851E-02 -2.58101E-02 
3.08648E-02 -2.42800E-02 
2.91647E-02 -2.29390E-02 
2.75444E-02 -2.16652E-02 
2.60025E-02 -2.04567E-02 
2.45367E-02 -1.93115E-02 
2.34532E-02 -1.84672E-02 
2.31446E-02 -1.82270E-02 
2.17231E-02 -1.71227E-02 
2.03807E-02 -1.60826E-02 
1.91135E-02 -1.51032E-02 
1.79180E-02 -1.41809E-02 
1.67970E-02 -1.33159E-02 
1.57474E-02 -1.25081E-02 
1.47501E-02 -1.17411E-02 
1.38042E-02 -1.10137E-02 
1.29096E-02 -1.03254E-02 
1.20685E-02 -9.67758E-03 
1.12908E-02 -9.07734E-03 
1.06116E-02 -8.55062E-03 
1.01385E-02 -8.17868E-03 
1.01116E-02 -8.14576E-03 
1.07045E-02 -8.59292E-03 
1.14530E-02 -9.17642E-03 
1.16356E-02 -9.33895E-03 
2.95670E-02 -2.30487E-02 
2.79327E-02 -2.17669E-02 
2.63312E-02 -2.05078E-02 
2.49132E-02 -1.94073E-02 
2.35645E-02 -1.83656E-02 
2.22829E-02 -1.73801E-02 
2.10656E-02 -1.64480E-02 
2.01659E-02 -1.57614E-02 
1.99096E-02 -1.55661E-02 
1.87287E-02 -1.46683E-02 
1.76120E-02 -1.38218E-02 
1.65559E-02 -1.30232E-02 
1.55569E-02 -1.22690E-02 
1.46169E-02 -1.15581E-02 
1.37336E-02 -1.08916E-02 
1.28912E-02 -1.02556E-02 
1.20890E-02 -9.64921E-03 
1.13272E-02 -9.07230E-03 
1.06085E-02 -8.52661E-03 
9.94306E-03 -8.01980E-03 
9.36559E-03 -7.57840E-03 
8.98157E-03 -7.28425E-03 
9.02450E-03 -7.32126E-03 
9.66001E-03 -7.82725E-03 
1.04323E-02 -8.45525E-03 
1.06434E-02 -8.65238E-03 
2.47942E-02 -1.89690E-02 
2.35050E-02 -1.79949E-02 
2.22397E-02 -1.70355E-02 
2.11175E-02 -1.61987E-02 
2.00487E-02 -1.54066E-02 
1.90307E-02 -1.46560E-02 
1.80606E-02 -1.39438E-02 
1.73411E-02 -1.34174E-02 
1.71356E-02 -1.32672E-02 
1.61857E-02 -1.25742E-02 
1.52820E-02 -1.19159E-02 
1.44214E-02 -1.12893E-02 
1.36013E-02 -1.06916E-02 
1.28230E-02 -1.01214E-02 
1.20859E-02 -9.58117E-03 
1.13774E-02 -9.06005E-03 
1.06975E-02 -8.55772E-03 
1.00471E-02 -8.07473E-03 
9.42954E-03 -7.61360E-03 
8.85561E-03 -7.18285E-03 
8.36006E-03 -6.80997E-03 
8.04671E-03 -6.57784E-03 
8.14294E-03 -6.67033E-03 
8.80586E-03 -7.22122E-03 
9.58624E-03 -7.87854E-03 
9.80867E-03 -8.09390E-03 
2.06301E-02 -1.53544E-02 
1.96906E-02 -1.47039E-02 
1.87579E-02 -1.40511E-02 
1.79251E-02 -1.34813E-02 
1.71253E-02 -1.29366E-02 
1.63559E-02 -1.24143E-02 
1.56148E-02 -1.19117E-02 
1.50593E-02 -1.15348E-02 
1.48997E-02 -1.14264E-02 
1.41558E-02 -1.09202E-02 
1.34381E-02 -1.04295E-02 
1.27447E-02 -9.95246E-03 
1.20746E-02 -9.48774E-03 
1.14291E-02 -9.03402E-03 
1.08097E-02 -8.59591E-03 
1.02070E-02 -8.16534E-03 
9.62193E-03 -7.74303E-03 
9.05632E-03 -7.33052E-03 
8.51448E-03 -6.93139E-03 
8.00803E-03 -6.55523E-03 
7.57198E-03 -6.23071E-03 
7.30855E-03 -6.04180E-03 
7.43880E-03 -6.17193E-03 
8.11029E-03 -6.74955E-03 
8.87961E-03 -7.41713E-03 
9.09523E-03 -7.63265E-03 
1.72845E-02 -1.24406E-02 
1.66718E-02 -1.21016E-02 
1.60426E-02 -1.17365E-02 
1.54697E-02 -1.14126E-02 
1.49062E-02 -1.10908E-02 
1.43506E-02 -1.07692E-02 
1.38019E-02 -1.04462E-02 
1.33814E-02 -1.01946E-02 
1.32591E-02 -1.01207E-02 
1.26800E-02 -9.76592E-03 
1.21070E-02 -9.40683E-03 
1.15403E-02 -9.04341E-03 
1.09804E-02 -8.67610E-03 
1.04304E-02 -8.30498E-03 
9.89290E-03 -7.93628E-03 
9.36180E-03 -7.56490E-03 
8.83923E-03 -7.19279E-03 
8.32819E-03 -6.82272E-03 
7.83405E-03 -6.45946E-03 
7.36926E-03 -6.11376E-03 
6.96904E-03 -5.81541E-03 
6.73374E-03 -5.64913E-03 
6.87703E-03 -5.79670E-03 
7.53555E-03 -6.37951E-03 
8.27246E-03 -7.03539E-03 
8.46319E-03 -7.23251E-03 
1.49497E-02 -1.04511E-02 
1.46096E-02 -1.03785E-02 
1.42269E-02 -1.02526E-02 
1.38588E-02 -1.01268E-02 
1.34758E-02 -9.97863E-03 
1.30782E-02 -9.80764E-03 
1.26666E-02 -9.61403E-03 
1.23390E-02 -9.44910E-03 
1.22418E-02 -9.39845E-03 
1.17708E-02 -9.14266E-03 
1.12883E-02 -8.86445E-03 
1.07966E-02 -8.56612E-03 
1.02984E-02 -8.25029E-03 
9.79925E-03 -7.91951E-03 
9.30252E-03 -7.58091E-03 
8.80490E-03 -7.23216E-03 
8.30983E-03 -6.87660E-03 
7.82151E-03 -6.51826E-03 
7.34630E-03 -6.16308E-03 
6.89736E-03 -5.82287E-03 
6.50982E-03 -5.52824E-03 
6.28131E-03 -5.36379E-03 
6.41634E-03 -5.50757E-03 
7.03886E-03 -6.07187E-03 
7.72110E-03 -6.69254E-03 
7.87037E-03 -6.85369E-03 
1.37859E-02 -9.58063E-03 
1.36294E-02 -9.69245E-03 
1.34057E-02 -9.72446E-03 
1.31609E-02 -9.72030E-03 
1.28793E-02 -9.67063E-03 
1.25631E-02 -9.57740E-03 
1.22154E-02 -9.44306E-03 
1.19267E-02 -9.31277E-03 
1.18393E-02 -9.27057E-03 
1.14061E-02 -9.04565E-03 
1.09487E-02 -8.78478E-03 
1.04719E-02 -8.49275E-03 
9.98054E-03 -8.17451E-03 
9.48350E-03 -7.83610E-03 
8.98367E-03 -7.48430E-03 
8.48010E-03 -7.11913E-03 
7.97741E-03 -6.74525E-03 
7.48081E-03 -6.36782E-03 
6.99740E-03 -5.99373E-03 
6.54072E-03 -5.63551E-03 
6.14519E-03 -5.32397E-03 
5.90442E-03 -5.14219E-03 
6.01116E-03 -5.26161E-03 
6.57473E-03 -5.78310E-03 
7.18079E-03 -6.34513E-03 
7.27512E-03 -6.45538E-03 
1.38961E-02 -9.97021E-03 
1.37989E-02 -1.01458E-02 
1.36170E-02 -1.02214E-02 
1.33884E-02 -1.02339E-02 
1.31067E-02 -1.01830E-02 
1.27771E-02 -1.00737E-02 
1.24050E-02 -9.91085E-03 
1.20914E-02 -9.75167E-03 
1.19959E-02 -9.70008E-03 
1.15202E-02 -9.42563E-03 
1.10154E-02 -9.10927E-03 
1.04888E-02 -8.75821E-03 
9.94691E-03 -8.37952E-03 
9.40271E-03 -7.98346E-03 
8.85684E-03 -7.57473E-03 
8.31002E-03 -7.15507E-03 
7.76771E-03 -6.73010E-03 
7.23570E-03 -6.30574E-03 
6.72139E-03 -5.88938E-03 
6.23809E-03 -5.49368E-03 
5.81859E-03 -5.14872E-03 
5.55068E-03 -4.93410E-03 
5.61202E-03 -5.01101E-03 
6.09539E-03 -5.46646E-03 
6.60602E-03 -5.94821E-03 
6.63639E-03 -5.99681E-03 
1.52917E-02 -1.16665E-02 
1.50960E-02 -1.17476E-02 
1.48114E-02 -1.17216E-02 
1.44701E-02 -1.16204E-02 
1.40700E-02 -1.14483E-02 
1.36188E-02 -1.12129E-02 
1.31245E-02 -1.09217E-02 
1.27174E-02 -1.06633E-02 
1.25948E-02 -1.05828E-02 
1.19928E-02 -1.01727E-02 
1.13678E-02 -9.72556E-03 
1.07284E-02 -9.25031E-03 
1.00825E-02 -8.75546E-03 
9.44709E-03 -8.25571E-03 
8.81862E-03 -7.75164E-03 
8.19844E-03 -7.24570E-03 
7.59224E-03 -6.74386E-03 
7.00570E-03 -6.25215E-03 
6.44582E-03 -5.77775E-03 
5.92487E-03 -5.33261E-03 
5.47283E-03 -4.94485E-03 
5.16951E-03 -4.68820E-03 
5.17375E-03 -4.70942E-03 
5.56024E-03 -5.07963E-03 
5.96153E-03 -5.46424E-03 
5.92554E-03 -5.44693E-03 
1.78545E-02 -1.45864E-02 
1.73767E-02 -1.43842E-02 
1.68259E-02 -1.40881E-02 
1.62299E-02 -1.37262E-02 
1.55843E-02 -1.33008E-02 
1.48992E-02 -1.28219E-02 
1.41843E-02 -1.22992E-02 
1.36165E-02 -1.18708E-02 
1.34487E-02 -1.17423E-02 
1.26424E-02 -1.11138E-02 
1.18321E-02 -1.04666E-02 
1.10269E-02 -9.81017E-03 
1.02347E-02 -9.15324E-03 
9.47569E-03 -8.51439E-03 
8.74023E-03 -7.88789E-03 
8.02897E-03 -7.27557E-03 
7.34687E-03 -6.68285E-03 
6.69864E-03 -6.11493E-03 
6.08994E-03 -5.57784E-03 
5.53098E-03 -5.08178E-03 
5.04758E-03 -4.65143E-03 
4.70906E-03 -4.35195E-03 
4.65156E-03 -4.31117E-03 
4.93056E-03 -4.58271E-03 
5.21519E-03 -4.85975E-03 
5.11781E-03 -4.77971E-03 
2.12726E-02 -1.84449E-02 
2.03180E-02 -1.77544E-02 
1.93343E-02 -1.70118E-02 
1.83432E-02 -1.62401E-02 
1.73319E-02 -1.54327E-02 
1.63112E-02 -1.46008E-02 
1.52912E-02 -1.37550E-02 
1.45083E-02 -1.30971E-02 
1.42810E-02 -1.29048E-02 
1.32121E-02 -1.19932E-02 
1.21728E-02 -1.10964E-02 
1.11707E-02 -1.02227E-02 
1.02117E-02 -9.37892E-03 
9.31792E-03 -8.58613E-03 
8.47150E-03 -7.83016E-03 
7.67096E-03 -7.11071E-03 
6.91935E-03 -6.43143E-03 
6.21930E-03 -5.79554E-03 
5.57407E-03 -5.20681E-03 
4.99072E-03 -4.67252E-03 
4.48946E-03 -4.21235E-03 
4.12665E-03 -3.88010E-03 
4.01209E-03 -3.78036E-03 
4.18195E-03 -3.94865E-03 
4.35189E-03 -4.11695E-03 
4.20676E-03 -3.98631E-03 
2.49338E-02 -2.26432E-02 
2.33281E-02 -2.12753E-02 
2.17707E-02 -1.99320E-02 
2.02747E-02 -1.86283E-02 
1.88112E-02 -1.73416E-02 
1.73898E-02 -1.60818E-02 
1.60183E-02 -1.48575E-02 
1.49957E-02 -1.39393E-02 
1.47034E-02 -1.36761E-02 
1.33552E-02 -1.24573E-02 
1.20838E-02 -1.13015E-02 
1.08925E-02 -1.02129E-02 
9.78309E-03 -9.19435E-03 
8.77664E-03 -8.26630E-03 
7.84599E-03 -7.40487E-03 
6.98600E-03 -6.60602E-03 
6.19652E-03 -5.87027E-03 
5.47694E-03 -5.19764E-03 
4.82711E-03 -4.58856E-03 
4.24992E-03 -4.04628E-03 
3.75871E-03 -3.58401E-03 
3.39484E-03 -3.24182E-03 
3.23903E-03 -3.09760E-03 
3.30950E-03 -3.16962E-03 
3.37810E-03 -3.23967E-03 
3.20782E-03 -3.08002E-03 
2.77288E-02 -2.60637E-02 
2.53849E-02 -2.39126E-02 
2.32006E-02 -2.18996E-02 
2.11750E-02 -2.00258E-02 
1.92578E-02 -1.82460E-02 
1.74531E-02 -1.65652E-02 
1.57634E-02 -1.49867E-02 
1.45354E-02 -1.38366E-02 
1.41894E-02 -1.35121E-02 
1.26214E-02 -1.20390E-02 
1.11848E-02 -1.06857E-02 
9.87589E-03 -9.44954E-03 
8.68958E-03 -8.32649E-03 
7.64202E-03 -7.33256E-03 
6.69731E-03 -6.43437E-03 
5.84556E-03 -5.62301E-03 
5.08236E-03 -4.89466E-03 
4.40301E-03 -4.24521E-03 
3.80333E-03 -3.67101E-03 
3.28152E-03 -3.17065E-03 
2.84337E-03 -2.75006E-03 
2.51424E-03 -2.43411E-03 
2.34502E-03 -2.27250E-03 
2.33919E-03 -2.26905E-03 
2.33255E-03 -2.26463E-03 
2.16745E-03 -2.10602E-03 
2.77649E-02 -2.67679E-02 
2.48204E-02 -2.39537E-02 
2.21634E-02 -2.14104E-02 
1.97731E-02 -1.91193E-02 
1.75766E-02 -1.70111E-02 
1.55682E-02 -1.50809E-02 
1.37409E-02 -1.33226E-02 
1.24460E-02 -1.20752E-02 
1.20863E-02 -1.17284E-02 
1.04850E-02 -1.01838E-02 
9.06115E-03 -8.80867E-03 
7.80158E-03 -7.59072E-03 
6.69293E-03 -6.51747E-03 
5.74221E-03 -5.59610E-03 
4.90865E-03 -4.78742E-03 
4.17796E-03 -4.07782E-03 
3.54135E-03 -3.45898E-03 
2.99028E-03 -2.92279E-03 
2.51697E-03 -2.46183E-03 
2.11550E-03 -2.07053E-03 
1.78486E-03 -1.74803E-03 
1.53534E-03 -1.50460E-03 
1.39059E-03 -1.36360E-03 
1.34485E-03 -1.31955E-03 
1.30088E-03 -1.27714E-03 
1.17464E-03 -1.15380E-03 
2.23053E-02 -2.19179E-02 
1.93497E-02 -1.90209E-02 
1.67687E-02 -1.64900E-02 
1.45204E-02 -1.42845E-02 
1.25203E-02 -1.23215E-02 
1.07505E-02 -1.05839E-02 
9.19271E-03 -9.05381E-03 
8.12132E-03 -8.00106E-03 
7.82876E-03 -7.71352E-03 
6.55452E-03 -6.46081E-03 
5.46277E-03 -5.38701E-03 
4.53267E-03 -4.47177E-03 
3.74469E-03 -3.69601E-03 
3.09455E-03 -3.05565E-03 
2.54605E-03 -2.51513E-03 
2.08369E-03 -2.05929E-03 
1.69662E-03 -1.67750E-03 
1.37487E-03 -1.35997E-03 
1.10954E-03 -1.09801E-03 
8.93223E-04 -8.84333E-04 
7.20975E-04 -7.14116E-04 
5.92289E-04 -5.86913E-04 
5.10908E-04 -5.06496E-04 
4.69366E-04 -4.65518E-04 
4.31327E-04 -4.27971E-04 
3.70595E-04 -3.67857E-04 
9.07561E-03 -9.07561E-03 
7.32793E-03 -7.32793E-03 
5.88659E-03 -5.88659E-03 
4.70337E-03 -4.70337E-03 
3.71512E-03 -3.71512E-03 
2.89765E-03 -2.89765E-03 
2.22818E-03 -2.22818E-03 
1.79836E-03 -1.79836E-03 
1.68573E-03 -1.68573E-03 
1.22116E-03 -1.22116E-03 
8.60535E-04 -8.60535E-04 
5.84972E-04 -5.84972E-04 
3.78130E-04 -3.78130E-04 
2.28960E-04 -2.28960E-04 
1.20889E-04 -1.20889E-04 
4.46465E-05 -4.46465E-05 
-6.86807E-06 6.86807E-06 
-3.96076E-05 3.96076E-05 
-5.84852E-05 5.84852E-05 
-6.75353E-05 6.75353E-05 
-7.01868E-05 7.01868E-05 
-6.97575E-05 6.97575E-05 
-6.98091E-05 6.98091E-05 
-7.20335E-05 7.20335E-05 
-7.24235E-05 7.24235E-05 
-6.66944E-05 6.66944E-05 
---
