PdfType: replica
Format: lhagrid1
---
1.00000E-06 1.28121E-06 1.64152E-06 2.10317E-06 2.69463E-06 3.45242E-06 4.42329E-06 5.66715E-06 7.26076E-06 9.30241E-06 1.19180E-05 1.52689E-05 1.95617E-05 2.50609E-05 3.21053E-05 4.11287E-05 5.26863E-05 6.74889E-05 8.64459E-05 1.10720E-04 1.41800E-04 1.81585E-04 2.32503E-04 2.97652E-04 3.80981E-04 4.87518E-04 6.26039E-04 8.00452E-04 1.02297E-03 1.30657E-03 1.66759E-03 2.12729E-03 2.71054E-03 3.44865E-03 4.37927E-03 5.54908E-03 7.01192E-03 8.83064E-03 1.10763E-02 1.38266E-02 1.71641E-02 2.11717E-02 2.59364E-02 3.15062E-02 3.79623E-02 4.53425E-02 5.36750E-02 6.29705E-02 7.32221E-02 8.44039E-02 9.64793E-02 1.09332E-01 1.23067E-01 1.37507E-01 1.52639E-01 1.68416E-01 1.84794E-01 2.01731E-01 2.19016E-01 2.36948E-01 2.55242E-01 2.73927E-01 2.92954E-01 3.12340E-01 3.32036E-01 3.52019E-01 3.72282E-01 3.92772E-01 4.13533E-01 4.34326E-01 4.55495E-01 4.76836E-01 4.98342E-01 5.20006E-01 5.41818E-01 5.63773E-01 5.85861E-01 6.08077E-01 6.30459E-01 6.52800E-01 6.75387E-01 6.98063E-01 7.20830E-01 7.43683E-01 7.66623E-01 7.89636E-01 8.12791E-01 8.35940E-01 8.59175E-01 8.82485E-01 9.05866E-01 9.29311E-01 9.52817E-01 9.76387E-01 1.00000E+00 
1.14018E+00 1.22539E+00 1.32482E+00 1.44156E+00 1.57954E+00 1.74381E+00 1.94091E+00 2.12132E+00 2.17945E+00 2.49622E+00 2.89383E+00 3.39925E+00 4.05063E+00 4.90286E+00 6.03623E+00 7.57063E+00 9.68869E+00 1.26749E+01 1.69835E+01 2.33578E+01 3.30501E+01 4.82334E+01 7.28041E+01 1.13998E+02 1.85779E+02 3.16228E+02 
908 909 
-1.50234E+01 -1.79888E+01 
-1.57359E+01 -1.86664E+01 
-1.67806E+01 -1.99600E+01 
-1.77479E+01 -2.08659E+01 
-1.88044E+01 -2.18476E+01 
-1.99668E+01 -2.29214E+01 
-2.12570E+01 -2.41057E+01 
-2.23599E+01 -2.51102E+01 
-2.27019E+01 -2.54201E+01 
-2.44716E+01 -2.70073E+01 
-2.65105E+01 -2.87983E+01 
-2.88793E+01 -3.08218E+01 
-3.16502E+01 -3.31073E+01 
-3.55692E+01 -3.56432E+01 
-4.00215E+01 -3.86338E+01 
-4.52300E+01 -4.19822E+01 
-5.13294E+01 -4.57233E+01 
-5.84792E+01 -4.98947E+01 
-6.68777E+01 -5.45425E+01 
-7.68129E+01 -5.97471E+01 
-8.88576E+01 -6.57221E+01 
-1.04560E+02 -7.31505E+01 
-1.28039E+02 -8.38850E+01 
-1.65539E+02 -1.00436E+02 
-2.16319E+02 -1.21497E+02 
-2.69952E+02 -1.41550E+02 
-1.36114E+01 -1.58554E+01 
-1.42518E+01 -1.64374E+01 
-1.52180E+01 -1.75600E+01 
-1.60839E+01 -1.83401E+01 
-1.70268E+01 -1.91875E+01 
-1.80621E+01 -2.01163E+01 
-1.92090E+01 -2.11418E+01 
-2.01882E+01 -2.20121E+01 
-2.04917E+01 -2.22805E+01 
-2.20605E+01 -2.36550E+01 
-2.38653E+01 -2.52038E+01 
-2.59588E+01 -2.69499E+01 
-2.84027E+01 -2.89164E+01 
-3.18109E+01 -3.10559E+01 
-3.56845E+01 -3.35945E+01 
-4.02041E+01 -3.64273E+01 
-4.54827E+01 -3.95810E+01 
-5.16529E+01 -4.30833E+01 
-5.88798E+01 -4.69690E+01 
-6.74038E+01 -5.13006E+01 
-7.77078E+01 -5.62509E+01 
-9.11076E+01 -6.23815E+01 
-1.11107E+02 -7.12162E+01 
-1.42993E+02 -8.47970E+01 
-1.86044E+02 -1.01979E+02 
-2.31301E+02 -1.18178E+02 
-1.23302E+01 -1.39235E+01 
-1.28998E+01 -1.44265E+01 
-1.37884E+01 -1.53966E+01 
-1.45572E+01 -1.60712E+01 
-1.53929E+01 -1.68055E+01 
-1.63093E+01 -1.76114E+01 
-1.73238E+01 -1.85017E+01 
-1.81893E+01 -1.92570E+01 
-1.84575E+01 -1.94899E+01 
-1.98432E+01 -2.06816E+01 
-2.14360E+01 -2.20216E+01 
-2.32811E+01 -2.35281E+01 
-2.54316E+01 -2.52190E+01 
-2.83888E+01 -2.70215E+01 
-3.17526E+01 -2.91738E+01 
-3.56677E+01 -3.15670E+01 
-4.02283E+01 -3.42209E+01 
-4.55445E+01 -3.71556E+01 
-5.17531E+01 -4.03967E+01 
-5.90545E+01 -4.39927E+01 
-6.78546E+01 -4.80833E+01 
-7.92690E+01 -5.31293E+01 
-9.62726E+01 -6.03817E+01 
-1.23335E+02 -7.14940E+01 
-1.59767E+02 -8.54635E+01 
-1.97888E+02 -9.84860E+01 
-1.11321E+01 -1.22154E+01 
-1.16356E+01 -1.26516E+01 
-1.24476E+01 -1.34873E+01 
-1.31271E+01 -1.40719E+01 
-1.38650E+01 -1.47091E+01 
-1.46736E+01 -1.54090E+01 
-1.55686E+01 -1.61823E+01 
-1.63320E+01 -1.68381E+01 
-1.65685E+01 -1.70401E+01 
-1.77903E+01 -1.80728E+01 
-1.91936E+01 -1.92311E+01 
-2.08176E+01 -2.05292E+01 
-2.27071E+01 -2.19806E+01 
-2.52685E+01 -2.34959E+01 
-2.81857E+01 -2.53172E+01 
-3.15726E+01 -2.73348E+01 
-3.55075E+01 -2.95628E+01 
-4.00816E+01 -3.20156E+01 
-4.54080E+01 -3.47116E+01 
-5.16529E+01 -3.76879E+01 
-5.91573E+01 -4.10569E+01 
-6.88657E+01 -4.51958E+01 
-8.33013E+01 -5.11270E+01 
-1.06236E+02 -6.01817E+01 
-1.37022E+02 -7.14841E+01 
-1.69080E+02 -8.18912E+01 
-1.00055E+01 -1.07240E+01 
-1.04492E+01 -1.11026E+01 
-1.11868E+01 -1.18206E+01 
-1.17861E+01 -1.23270E+01 
-1.24365E+01 -1.28798E+01 
-1.31491E+01 -1.34873E+01 
-1.39378E+01 -1.41584E+01 
-1.46106E+01 -1.47269E+01 
-1.48190E+01 -1.49019E+01 
-1.58955E+01 -1.57953E+01 
-1.71310E+01 -1.67946E+01 
-1.85591E+01 -1.79106E+01 
-2.02179E+01 -1.91534E+01 
-2.24332E+01 -2.04235E+01 
-2.49603E+01 -2.19610E+01 
-2.78869E+01 -2.36574E+01 
-3.12779E+01 -2.55227E+01 
-3.52085E+01 -2.75666E+01 
-3.97718E+01 -2.98020E+01 
-4.51057E+01 -3.22568E+01 
-5.14960E+01 -3.50211E+01 
-5.97419E+01 -3.84016E+01 
-7.19815E+01 -4.32291E+01 
-9.13946E+01 -5.05676E+01 
-1.17373E+02 -5.96568E+01 
-1.44289E+02 -6.79144E+01 
-8.95396E+00 -9.42737E+00 
-9.34471E+00 -9.75568E+00 
-1.00112E+01 -1.03707E+01 
-1.05393E+01 -1.08087E+01 
-1.11123E+01 -1.12874E+01 
-1.17401E+01 -1.18138E+01 
-1.24350E+01 -1.23949E+01 
-1.30278E+01 -1.28867E+01 
-1.32114E+01 -1.30380E+01 
-1.41595E+01 -1.38089E+01 
-1.52469E+01 -1.46687E+01 
-1.65021E+01 -1.56254E+01 
-1.79571E+01 -1.66864E+01 
-1.98705E+01 -1.77474E+01 
-2.20575E+01 -1.90416E+01 
-2.45836E+01 -2.04637E+01 
-2.75023E+01 -2.20204E+01 
-3.08756E+01 -2.37179E+01 
-3.47798E+01 -2.55647E+01 
-3.93290E+01 -2.75816E+01 
-4.47626E+01 -2.98400E+01 
-5.17564E+01 -3.25876E+01 
-6.21208E+01 -3.64946E+01 
-7.85325E+01 -4.24036E+01 
-1.00424E+02 -4.96599E+01 
-1.22983E+02 -5.61567E+01 
-7.98456E+00 -8.29922E+00 
-8.32858E+00 -8.58330E+00 
-8.92826E+00 -9.10814E+00 
-9.39352E+00 -9.48599E+00 
-9.89827E+00 -9.89951E+00 
-1.04514E+01 -1.03543E+01 
-1.10637E+01 -1.08562E+01 
-1.15860E+01 -1.12805E+01 
-1.17478E+01 -1.14108E+01 
-1.25827E+01 -1.20742E+01 
-1.35394E+01 -1.28116E+01 
-1.46418E+01 -1.36291E+01 
-1.59171E+01 -1.45317E+01 
-1.75675E+01 -1.54147E+01 
-1.94581E+01 -1.65007E+01 
-2.16359E+01 -1.76890E+01 
-2.41449E+01 -1.89837E+01 
-2.70359E+01 -2.03884E+01 
-3.03715E+01 -2.19082E+01 
-3.42455E+01 -2.35584E+01 
-3.88585E+01 -2.53947E+01 
-4.47814E+01 -2.76157E+01 
-5.35457E+01 -3.07571E+01 
-6.74011E+01 -3.54793E+01 
-8.58203E+01 -4.12232E+01 
-1.04694E+02 -4.62838E+01 
-7.10193E+00 -7.31388E+00 
-7.40483E+00 -7.55900E+00 
-7.94264E+00 -8.00474E+00 
-8.35244E+00 -8.32971E+00 
-8.79704E+00 -8.68585E+00 
-9.28434E+00 -9.07771E+00 
-9.82379E+00 -9.50984E+00 
-1.02839E+01 -9.87464E+00 
-1.04264E+01 -9.98663E+00 
-1.11614E+01 -1.05555E+01 
-1.20025E+01 -1.11859E+01 
-1.29700E+01 -1.18819E+01 
-1.40866E+01 -1.26472E+01 
-1.55082E+01 -1.33789E+01 
-1.71405E+01 -1.42872E+01 
-1.90156E+01 -1.52767E+01 
-2.11695E+01 -1.63497E+01 
-2.36435E+01 -1.75076E+01 
-2.64888E+01 -1.87532E+01 
-2.97825E+01 -2.00970E+01 
-3.36923E+01 -2.15826E+01 
-3.87001E+01 -2.33670E+01 
-4.60997E+01 -2.58741E+01 
-5.77787E+01 -2.96150E+01 
-7.32498E+01 -3.41167E+01 
-8.90073E+01 -3.80123E+01 
-6.30673E+00 -6.44900E+00 
-6.57339E+00 -6.65987E+00 
-7.05443E+00 -7.03614E+00 
-7.41520E+00 -7.31474E+00 
-7.80667E+00 -7.62051E+00 
-8.23583E+00 -7.95706E+00 
-8.71092E+00 -8.32795E+00 
-9.11603E+00 -8.64060E+00 
-9.24145E+00 -8.73649E+00 
-9.88806E+00 -9.22273E+00 
-1.06270E+01 -9.75969E+00 
-1.14752E+01 -1.03502E+01 
-1.24516E+01 -1.09965E+01 
-1.36741E+01 -1.16003E+01 
-1.50815E+01 -1.23573E+01 
-1.66935E+01 -1.31784E+01 
-1.85397E+01 -1.40642E+01 
-2.06535E+01 -1.50148E+01 
-2.30765E+01 -1.60311E+01 
-2.58719E+01 -1.71202E+01 
-2.91797E+01 -1.83152E+01 
-3.34062E+01 -1.97391E+01 
-3.96427E+01 -2.17232E+01 
-4.94696E+01 -2.46571E+01 
-6.24391E+01 -2.81441E+01 
-7.55660E+01 -3.11002E+01 
-5.59601E+00 -5.68625E+00 
-5.83063E+00 -5.86712E+00 
-6.25991E+00 -6.18236E+00 
-6.57724E+00 -6.42047E+00 
-6.92167E+00 -6.68218E+00 
-7.29935E+00 -6.97034E+00 
-7.71745E+00 -7.28764E+00 
-8.07385E+00 -7.55474E+00 
-8.18415E+00 -7.63657E+00 
-8.75241E+00 -8.05074E+00 
-9.40075E+00 -8.50653E+00 
-1.01434E+01 -9.00573E+00 
-1.09959E+01 -9.54950E+00 
-1.20453E+01 -1.00453E+01 
-1.32569E+01 -1.06741E+01 
-1.46406E+01 -1.13529E+01 
-1.62204E+01 -1.20813E+01 
-1.80233E+01 -1.28583E+01 
-2.00829E+01 -1.36837E+01 
-2.24510E+01 -1.45616E+01 
-2.52442E+01 -1.55169E+01 
-2.88042E+01 -1.66446E+01 
-3.40501E+01 -1.81997E+01 
-4.23018E+01 -2.04735E+01 
-5.31506E+01 -2.31369E+01 
-6.40596E+01 -2.53405E+01 
-4.96415E+00 -5.01096E+00 
-5.17036E+00 -5.16569E+00 
-5.55267E+00 -5.42738E+00 
-5.83143E+00 -5.63028E+00 
-6.13412E+00 -5.85364E+00 
-6.46613E+00 -6.09962E+00 
-6.83366E+00 -6.37024E+00 
-7.14683E+00 -6.59768E+00 
-7.24372E+00 -6.66727E+00 
-7.74248E+00 -7.01887E+00 
-8.31052E+00 -7.40439E+00 
-8.95968E+00 -7.82482E+00 
-9.70272E+00 -8.28060E+00 
-1.06018E+01 -8.68565E+00 
-1.16430E+01 -9.20615E+00 
-1.28287E+01 -9.76517E+00 
-1.41781E+01 -1.03617E+01 
-1.57130E+01 -1.09940E+01 
-1.74603E+01 -1.16608E+01 
-1.94624E+01 -1.23644E+01 
-2.18161E+01 -1.31229E+01 
-2.48085E+01 -1.40082E+01 
-2.92115E+01 -1.52134E+01 
-3.61249E+01 -1.69509E+01 
-4.51781E+01 -1.89501E+01 
-5.42200E+01 -2.05556E+01 
-4.40408E+00 -4.41150E+00 
-4.58505E+00 -4.54356E+00 
-4.92483E+00 -4.75835E+00 
-5.16929E+00 -4.93080E+00 
-5.43490E+00 -5.12090E+00 
-5.72634E+00 -5.33029E+00 
-6.04896E+00 -5.56040E+00 
-6.32374E+00 -5.75346E+00 
-6.40871E+00 -5.81246E+00 
-6.84577E+00 -6.10994E+00 
-7.34260E+00 -6.43487E+00 
-7.90897E+00 -6.78765E+00 
-8.55530E+00 -7.16820E+00 
-9.32402E+00 -7.49737E+00 
-1.02172E+01 -7.92663E+00 
-1.12313E+01 -8.38520E+00 
-1.23817E+01 -8.87153E+00 
-1.36858E+01 -9.38354E+00 
-1.51652E+01 -9.91932E+00 
-1.68543E+01 -1.04796E+01 
-1.88334E+01 -1.10772E+01 
-2.13428E+01 -1.17654E+01 
-2.50297E+01 -1.26869E+01 
-3.08075E+01 -1.39913E+01 
-3.83422E+01 -1.54589E+01 
-4.58153E+01 -1.65931E+01 
-3.90825E+00 -3.87857E+00 
-4.06677E+00 -3.99108E+00 
-4.36808E+00 -4.16495E+00 
-4.58205E+00 -4.31118E+00 
-4.81470E+00 -4.47258E+00 
-5.07010E+00 -4.65034E+00 
-5.35281E+00 -4.84544E+00 
-5.59349E+00 -5.00882E+00 
-5.66788E+00 -5.05868E+00 
-6.05016E+00 -5.30953E+00 
-6.48387E+00 -5.58243E+00 
-6.97699E+00 -5.87735E+00 
-7.53800E+00 -6.19383E+00 
-8.19376E+00 -6.45983E+00 
-8.95848E+00 -6.81252E+00 
-9.82407E+00 -7.18712E+00 
-1.08029E+01 -7.58180E+00 
-1.19086E+01 -7.99423E+00 
-1.31585E+01 -8.42212E+00 
-1.45804E+01 -8.86514E+00 
-1.62406E+01 -9.33181E+00 
-1.83400E+01 -9.86050E+00 
-2.14192E+01 -1.05534E+01 
-2.62349E+01 -1.15109E+01 
-3.24881E+01 -1.25564E+01 
-3.86454E+01 -1.33226E+01 
-3.46926E+00 -3.40460E+00 
-3.60782E+00 -3.50032E+00 
-3.87436E+00 -3.63866E+00 
-4.06122E+00 -3.76240E+00 
-4.26460E+00 -3.89913E+00 
-4.48798E+00 -4.04966E+00 
-4.73526E+00 -4.21463E+00 
-4.94566E+00 -4.35247E+00 
-5.01065E+00 -4.39448E+00 
-5.34435E+00 -4.60532E+00 
-5.72215E+00 -4.83372E+00 
-6.15056E+00 -5.07934E+00 
-6.63640E+00 -5.34149E+00 
-7.19445E+00 -5.55514E+00 
-7.84785E+00 -5.84380E+00 
-8.58518E+00 -6.14847E+00 
-9.41621E+00 -6.46717E+00 
-1.03518E+01 -6.79749E+00 
-1.14054E+01 -7.13693E+00 
-1.25996E+01 -7.48439E+00 
-1.39889E+01 -7.84511E+00 
-1.57408E+01 -8.24551E+00 
-1.83055E+01 -8.75557E+00 
-2.23075E+01 -9.43719E+00 
-2.74811E+01 -1.01508E+01 
-3.25375E+01 -1.06331E+01 
-3.08023E+00 -2.98323E+00 
-3.20106E+00 -3.06459E+00 
-3.43618E+00 -3.17226E+00 
-3.59899E+00 -3.27680E+00 
-3.77640E+00 -3.39240E+00 
-3.97138E+00 -3.51958E+00 
-4.18722E+00 -3.65869E+00 
-4.37076E+00 -3.77465E+00 
-4.42744E+00 -3.80993E+00 
-4.71809E+00 -3.98658E+00 
-5.04646E+00 -4.17706E+00 
-5.41778E+00 -4.38084E+00 
-5.83750E+00 -4.59710E+00 
-6.31119E+00 -4.76760E+00 
-6.86830E+00 -5.00289E+00 
-7.49505E+00 -5.24953E+00 
-8.19909E+00 -5.50549E+00 
-8.98886E+00 -5.76836E+00 
-9.87502E+00 -6.03560E+00 
-1.08755E+01 -6.30559E+00 
-1.20352E+01 -6.58105E+00 
-1.34931E+01 -6.87894E+00 
-1.56230E+01 -7.24388E+00 
-1.89384E+01 -7.70822E+00 
-2.32044E+01 -8.16352E+00 
-2.73419E+01 -8.42971E+00 
-2.73502E+00 -2.60898E+00 
-2.84015E+00 -2.67811E+00 
-3.04688E+00 -2.75949E+00 
-3.18839E+00 -2.84770E+00 
-3.34280E+00 -2.94527E+00 
-3.51262E+00 -3.05249E+00 
-3.70061E+00 -3.16950E+00 
-3.86038E+00 -3.26677E+00 
-3.90968E+00 -3.29632E+00 
-4.16227E+00 -3.44384E+00 
-4.44699E+00 -3.60213E+00 
-4.76805E+00 -3.77056E+00 
-5.12975E+00 -3.94822E+00 
-5.53073E+00 -4.08333E+00 
-6.00473E+00 -4.27430E+00 
-6.53632E+00 -4.47295E+00 
-7.13142E+00 -4.67730E+00 
-7.79659E+00 -4.88501E+00 
-8.54008E+00 -5.09360E+00 
-9.37617E+00 -5.30112E+00 
-1.03416E+01 -5.50837E+00 
-1.15514E+01 -5.72495E+00 
-1.33146E+01 -5.97573E+00 
-1.60519E+01 -6.27072E+00 
-1.95569E+01 -6.52753E+00 
-2.29292E+01 -6.63199E+00 
-2.42828E+00 -2.27704E+00 
-2.51952E+00 -2.33578E+00 
-2.70062E+00 -2.39483E+00 
-2.82331E+00 -2.46919E+00 
-2.95738E+00 -2.55142E+00 
-3.10496E+00 -2.64164E+00 
-3.26832E+00 -2.73983E+00 
-3.40708E+00 -2.82121E+00 
-3.44987E+00 -2.84587E+00 
-3.66886E+00 -2.96868E+00 
-3.91514E+00 -3.09977E+00 
-4.19203E+00 -3.23843E+00 
-4.50292E+00 -3.38375E+00 
-4.84140E+00 -3.49002E+00 
-5.24380E+00 -3.64429E+00 
-5.69365E+00 -3.80341E+00 
-6.19553E+00 -3.96548E+00 
-6.75440E+00 -4.12829E+00 
-7.37663E+00 -4.28947E+00 
-8.07352E+00 -4.44689E+00 
-8.87499E+00 -4.59995E+00 
-9.87578E+00 -4.75257E+00 
-1.13306E+01 -4.91447E+00 
-1.35823E+01 -5.07914E+00 
-1.64508E+01 -5.18582E+00 
-1.91877E+01 -5.17185E+00 
-2.15535E+00 -1.98311E+00 
-2.23436E+00 -2.03305E+00 
-2.39230E+00 -2.07331E+00 
-2.49841E+00 -2.13598E+00 
-2.61456E+00 -2.20521E+00 
-2.74252E+00 -2.28099E+00 
-2.88416E+00 -2.36321E+00 
-3.00437E+00 -2.43110E+00 
-3.04142E+00 -2.45164E+00 
-3.23082E+00 -2.55356E+00 
-3.44330E+00 -2.66174E+00 
-3.68148E+00 -2.77545E+00 
-3.94799E+00 -2.89379E+00 
-4.23286E+00 -2.97670E+00 
-4.57371E+00 -3.10070E+00 
-4.95353E+00 -3.22738E+00 
-5.37577E+00 -3.35495E+00 
-5.84417E+00 -3.48137E+00 
-6.36357E+00 -3.60444E+00 
-6.94283E+00 -3.72194E+00 
-7.60623E+00 -3.83227E+00 
-8.43148E+00 -3.93507E+00 
-9.62751E+00 -4.02861E+00 
-1.14724E+01 -4.09454E+00 
-1.38098E+01 -4.08993E+00 
-1.60206E+01 -3.99175E+00 
-1.91224E+00 -1.72331E+00 
-1.98049E+00 -1.76580E+00 
-2.11757E+00 -1.79048E+00 
-2.20911E+00 -1.84329E+00 
-2.30950E+00 -1.90152E+00 
-2.42018E+00 -1.96509E+00 
-2.54269E+00 -2.03379E+00 
-2.64659E+00 -2.09031E+00 
-2.67860E+00 -2.10736E+00 
-2.84198E+00 -2.19169E+00 
-3.02483E+00 -2.28066E+00 
-3.22917E+00 -2.37353E+00 
-3.45701E+00 -2.46947E+00 
-3.69602E+00 -2.53357E+00 
-3.98408E+00 -2.63270E+00 
-4.30401E+00 -2.73286E+00 
-4.65839E+00 -2.83241E+00 
-5.04997E+00 -2.92951E+00 
-5.48235E+00 -3.02211E+00 
-5.96247E+00 -3.10803E+00 
-6.50987E+00 -3.18496E+00 
-7.18802E+00 -3.24938E+00 
-8.16743E+00 -3.29116E+00 
-9.67236E+00 -3.28377E+00 
-1.15680E+01 -3.19881E+00 
-1.33447E+01 -3.04324E+00 
-1.69552E+00 -1.49412E+00 
-1.75436E+00 -1.53034E+00 
-1.87262E+00 -1.54227E+00 
-1.95141E+00 -1.58680E+00 
-2.03797E+00 -1.63578E+00 
-2.13348E+00 -1.68904E+00 
-2.23919E+00 -1.74635E+00 
-2.32878E+00 -1.79329E+00 
-2.35635E+00 -1.80741E+00 
-2.49694E+00 -1.87699E+00 
-2.65387E+00 -1.94991E+00 
-2.82870E+00 -2.02546E+00 
-3.02296E+00 -2.10286E+00 
-3.22282E+00 -2.15196E+00 
-3.46572E+00 -2.23071E+00 
-3.73457E+00 -2.30928E+00 
-4.03125E+00 -2.38618E+00 
-4.35774E+00 -2.45976E+00 
-4.71669E+00 -2.52817E+00 
-5.11343E+00 -2.58931E+00 
-5.56365E+00 -2.64040E+00 
-6.11886E+00 -2.67566E+00 
-6.91746E+00 -2.67901E+00 
-8.13919E+00 -2.61861E+00 
-9.66848E+00 -2.47778E+00 
-1.10879E+01 -2.28563E+00 
-1.50220E+00 -1.29235E+00 
-1.55282E+00 -1.32328E+00 
-1.65417E+00 -1.32501E+00 
-1.72182E+00 -1.36260E+00 
-1.79628E+00 -1.40380E+00 
-1.87851E+00 -1.44839E+00 
-1.96951E+00 -1.49613E+00 
-2.04655E+00 -1.53503E+00 
-2.07024E+00 -1.54670E+00 
-2.19090E+00 -1.60396E+00 
-2.32523E+00 -1.66352E+00 
-2.47441E+00 -1.72473E+00 
-2.63957E+00 -1.78686E+00 
-2.80613E+00 -1.82407E+00 
-3.01047E+00 -1.88619E+00 
-3.23586E+00 -1.94726E+00 
-3.48360E+00 -2.00594E+00 
-3.75508E+00 -2.06078E+00 
-4.05220E+00 -2.11012E+00 
-4.37901E+00 -2.15199E+00 
-4.74800E+00 -2.18332E+00 
-5.20075E+00 -2.19681E+00 
-5.84885E+00 -2.17234E+00 
-6.83535E+00 -2.07503E+00 
-8.06178E+00 -1.89755E+00 
-9.18835E+00 -1.68472E+00 
-1.32972E+00 -1.11511E+00 
-1.37319E+00 -1.14158E+00 
-1.45936E+00 -1.13536E+00 
-1.51731E+00 -1.16716E+00 
-1.58122E+00 -1.20183E+00 
-1.65185E+00 -1.23916E+00 
-1.72999E+00 -1.27889E+00 
-1.79608E+00 -1.31107E+00 
-1.81639E+00 -1.32070E+00 
-1.91968E+00 -1.36769E+00 
-2.03436E+00 -1.41618E+00 
-2.16130E+00 -1.46556E+00 
-2.30133E+00 -1.51517E+00 
-2.43965E+00 -1.54304E+00 
-2.61116E+00 -1.59165E+00 
-2.79965E+00 -1.63858E+00 
-3.00599E+00 -1.68269E+00 
-3.23110E+00 -1.72269E+00 
-3.47629E+00 -1.75712E+00 
-3.74460E+00 -1.78416E+00 
-4.04590E+00 -1.80061E+00 
-4.41350E+00 -1.79820E+00 
-4.93674E+00 -1.75433E+00 
-5.72849E+00 -1.63277E+00 
-6.70542E+00 -1.43351E+00 
-7.59283E+00 -1.21203E+00 
-1.17581E+00 -9.59792E-01 
-1.21308E+00 -9.82508E-01 
-1.28566E+00 -9.70313E-01 
-1.33519E+00 -9.97268E-01 
-1.38993E+00 -1.02648E+00 
-1.45046E+00 -1.05774E+00 
-1.51740E+00 -1.09077E+00 
-1.57396E+00 -1.11737E+00 
-1.59133E+00 -1.12529E+00 
-1.67952E+00 -1.16377E+00 
-1.77716E+00 -1.20311E+00 
-1.88489E+00 -1.24276E+00 
-2.00329E+00 -1.28215E+00 
-2.11774E+00 -1.30276E+00 
-2.26137E+00 -1.34041E+00 
-2.41861E+00 -1.37599E+00 
-2.59001E+00 -1.40850E+00 
-2.77614E+00 -1.43684E+00 
-2.97783E+00 -1.45973E+00 
-3.19735E+00 -1.47550E+00 
-3.44239E+00 -1.48095E+00 
-3.73944E+00 -1.46728E+00 
-4.15943E+00 -1.41059E+00 
-4.79050E+00 -1.27462E+00 
-5.56266E+00 -1.06496E+00 
-6.25556E+00 -8.43703E-01 
-1.03850E+00 -8.24017E-01 
-1.07041E+00 -8.43565E-01 
-1.13085E+00 -8.27129E-01 
-1.17311E+00 -8.50047E-01 
-1.21990E+00 -8.74706E-01 
-1.27167E+00 -9.00889E-01 
-1.32888E+00 -9.28346E-01 
-1.37717E+00 -9.50291E-01 
-1.39198E+00 -9.56800E-01 
-1.46710E+00 -9.88237E-01 
-1.55003E+00 -1.02004E+00 
-1.64121E+00 -1.05173E+00 
-1.74106E+00 -1.08279E+00 
-1.83540E+00 -1.09781E+00 
-1.95542E+00 -1.12662E+00 
-2.08627E+00 -1.15312E+00 
-2.22826E+00 -1.17646E+00 
-2.38168E+00 -1.19570E+00 
-2.54706E+00 -1.20976E+00 
-2.72598E+00 -1.21710E+00 
-2.92442E+00 -1.21461E+00 
-3.16321E+00 -1.19331E+00 
-3.49809E+00 -1.12890E+00 
-3.99711E+00 -9.86074E-01 
-4.60189E+00 -7.74576E-01 
-5.13732E+00 -5.59932E-01 
-9.16029E-01 -7.05648E-01 
-9.43333E-01 -7.22518E-01 
-9.92979E-01 -7.03340E-01 
-1.02898E+00 -7.22889E-01 
-1.06889E+00 -7.43744E-01 
-1.11308E+00 -7.65696E-01 
-1.16188E+00 -7.88514E-01 
-1.20302E+00 -8.06602E-01 
-1.21563E+00 -8.11941E-01 
-1.27946E+00 -8.37560E-01 
-1.34972E+00 -8.63173E-01 
-1.42671E+00 -8.88360E-01 
-1.51069E+00 -9.12662E-01 
-1.58817E+00 -9.23424E-01 
-1.68823E+00 -9.45109E-01 
-1.79685E+00 -9.64387E-01 
-1.91416E+00 -9.80531E-01 
-2.04024E+00 -9.92751E-01 
-2.17535E+00 -1.00012E+00 
-2.32062E+00 -1.00129E+00 
-2.48056E+00 -9.93255E-01 
-2.67141E+00 -9.67132E-01 
-2.93642E+00 -8.98917E-01 
-3.32734E+00 -7.54915E-01 
-3.79593E+00 -5.47870E-01 
-4.20453E+00 -3.44272E-01 
-8.06863E-01 -6.02752E-01 
-8.30212E-01 -6.17351E-01 
-8.70302E-01 -5.96713E-01 
-9.00926E-01 -6.13446E-01 
-9.34932E-01 -6.31121E-01 
-9.72585E-01 -6.49543E-01 
-1.01414E+00 -6.68501E-01 
-1.04911E+00 -6.83391E-01 
-1.05982E+00 -6.87762E-01 
-1.11395E+00 -7.08580E-01 
-1.17335E+00 -7.29114E-01 
-1.23821E+00 -7.48994E-01 
-1.30868E+00 -7.67823E-01 
-1.37207E+00 -7.75380E-01 
-1.45531E+00 -7.91356E-01 
-1.54526E+00 -8.04914E-01 
-1.64189E+00 -8.15450E-01 
-1.74517E+00 -8.22308E-01 
-1.85516E+00 -8.24712E-01 
-1.97259E+00 -8.21465E-01 
-2.10086E+00 -8.09748E-01 
-2.25238E+00 -7.80942E-01 
-2.46027E+00 -7.11862E-01 
-2.76310E+00 -5.70883E-01 
-3.12143E+00 -3.72772E-01 
-3.42846E+00 -1.83120E-01 
-7.08207E-01 -5.12303E-01 
-7.28126E-01 -5.24936E-01 
-7.59682E-01 -5.03921E-01 
-7.85650E-01 -5.18255E-01 
-8.14521E-01 -5.33225E-01 
-8.46486E-01 -5.48654E-01 
-8.81725E-01 -5.64350E-01 
-9.11339E-01 -5.76547E-01 
-9.20395E-01 -5.80106E-01 
-9.66094E-01 -5.96905E-01 
-1.01608E+00 -6.13213E-01 
-1.07047E+00 -6.28709E-01 
-1.12930E+00 -6.43051E-01 
-1.18081E+00 -6.48190E-01 
-1.24973E+00 -6.59541E-01 
-1.32380E+00 -6.68535E-01 
-1.40294E+00 -6.74681E-01 
-1.48698E+00 -6.77446E-01 
-1.57588E+00 -6.76190E-01 
-1.67005E+00 -6.69870E-01 
-1.77197E+00 -6.55867E-01 
-1.89093E+00 -6.25984E-01 
-2.05167E+00 -5.58232E-01 
-2.28210E+00 -4.23389E-01 
-2.55042E+00 -2.37467E-01 
-2.77553E+00 -6.37271E-02 
-6.21876E-01 -4.35497E-01 
-6.38926E-01 -4.46471E-01 
-6.63147E-01 -4.25981E-01 
-6.85224E-01 -4.38320E-01 
-7.09789E-01 -4.51047E-01 
-7.36978E-01 -4.64005E-01 
-7.66912E-01 -4.77021E-01 
-7.92023E-01 -4.87016E-01 
-7.99694E-01 -4.89911E-01 
-8.38328E-01 -5.03443E-01 
-8.80445E-01 -5.16338E-01 
-9.26090E-01 -5.28321E-01 
-9.75263E-01 -5.39101E-01 
-1.01710E+00 -5.42490E-01 
-1.07421E+00 -5.50223E-01 
-1.13525E+00 -5.55713E-01 
-1.20006E+00 -5.58565E-01 
-1.26843E+00 -5.58356E-01 
-1.34021E+00 -5.54564E-01 
-1.41561E+00 -5.46285E-01 
-1.49637E+00 -5.31114E-01 
-1.58932E+00 -5.01363E-01 
-1.71252E+00 -4.36464E-01 
-1.88561E+00 -3.09721E-01 
-2.08319E+00 -1.37726E-01 
-2.24473E+00 1.95408E-02 
-5.45145E-01 -3.69385E-01 
-5.59762E-01 -3.78921E-01 
-5.77628E-01 -3.59666E-01 
-5.96414E-01 -3.70299E-01 
-6.17325E-01 -3.81121E-01 
-6.40451E-01 -3.91988E-01 
-6.65871E-01 -4.02750E-01 
-6.87152E-01 -4.10902E-01 
-6.93645E-01 -4.13244E-01 
-7.26279E-01 -4.24062E-01 
-7.61726E-01 -4.34146E-01 
-7.99984E-01 -4.43260E-01 
-8.41014E-01 -4.51160E-01 
-8.74895E-01 -4.53269E-01 
-9.22120E-01 -4.58134E-01 
-9.72295E-01 -4.60907E-01 
-1.02521E+00 -4.61279E-01 
-1.08062E+00 -4.58920E-01 
-1.13832E+00 -4.53413E-01 
-1.19835E+00 -4.43982E-01 
-1.26188E+00 -4.28440E-01 
-1.33376E+00 -3.99667E-01 
-1.42674E+00 -3.38666E-01 
-1.55390E+00 -2.21317E-01 
-1.69529E+00 -6.42960E-02 
-1.80706E+00 7.63724E-02 
-4.77052E-01 -3.12681E-01 
-4.89614E-01 -3.20956E-01 
-5.02033E-01 -3.03482E-01 
-5.18051E-01 -3.12638E-01 
-5.35876E-01 -3.21821E-01 
-5.55564E-01 -3.30905E-01 
-5.77161E-01 -3.39755E-01 
-5.95200E-01 -3.46354E-01 
-6.00694E-01 -3.48232E-01 
-6.28253E-01 -3.56785E-01 
-6.58070E-01 -3.64542E-01 
-6.90108E-01 -3.71306E-01 
-7.24299E-01 -3.76877E-01 
-7.51659E-01 -3.78054E-01 
-7.90639E-01 -3.80660E-01 
-8.31774E-01 -3.81349E-01 
-8.74835E-01 -3.79886E-01 
-9.19559E-01 -3.76024E-01 
-9.65697E-01 -3.69436E-01 
-1.01319E+00 -3.59461E-01 
-1.06276E+00 -3.44130E-01 
-1.11768E+00 -3.16917E-01 
-1.18646E+00 -2.60478E-01 
-1.27710E+00 -1.53242E-01 
-1.37425E+00 -1.15763E-02 
-1.44745E+00 1.12861E-01 
-4.16733E-01 -2.64217E-01 
-4.27567E-01 -2.71374E-01 
-4.35383E-01 -2.56070E-01 
-4.49085E-01 -2.63928E-01 
-4.64318E-01 -2.71684E-01 
-4.81111E-01 -2.79227E-01 
-4.99483E-01 -2.86442E-01 
-5.14787E-01 -2.91722E-01 
-5.19440E-01 -2.93207E-01 
-5.42723E-01 -2.99856E-01 
-5.67802E-01 -3.05678E-01 
-5.94618E-01 -3.10511E-01 
-6.23082E-01 -3.14195E-01 
-6.45128E-01 -3.14693E-01 
-6.77239E-01 -3.15532E-01 
-7.10871E-01 -3.14645E-01 
-7.45786E-01 -3.11862E-01 
-7.81719E-01 -3.07003E-01 
-8.18406E-01 -2.99819E-01 
-8.55710E-01 -2.89751E-01 
-8.94014E-01 -2.75041E-01 
-9.35336E-01 -2.49770E-01 
-9.84885E-01 -1.98259E-01 
-1.04673E+00 -1.01412E-01 
-1.10940E+00 2.50121E-02 
-1.15306E+00 1.33936E-01 
-3.63339E-01 -2.22877E-01 
-3.72725E-01 -2.29029E-01 
-3.76714E-01 -2.16147E-01 
-3.88488E-01 -2.22842E-01 
-4.01550E-01 -2.29335E-01 
-4.15911E-01 -2.35530E-01 
-4.31572E-01 -2.41327E-01 
-4.44574E-01 -2.45475E-01 
-4.48520E-01 -2.46624E-01 
-4.68206E-01 -2.51657E-01 
-4.89304E-01 -2.55859E-01 
-5.11741E-01 -2.59100E-01 
-5.35413E-01 -2.61254E-01 
-5.53146E-01 -2.61251E-01 
-5.79534E-01 -2.60724E-01 
-6.06938E-01 -2.58669E-01 
-6.35125E-01 -2.54972E-01 
-6.63836E-01 -2.49509E-01 
-6.92807E-01 -2.42095E-01 
-7.21851E-01 -2.32265E-01 
-7.51090E-01 -2.18456E-01 
-7.81578E-01 -1.95352E-01 
-8.15941E-01 -1.48920E-01 
-8.55292E-01 -6.24194E-02 
-8.91364E-01 4.92186E-02 
-9.12720E-01 1.43564E-01 
-3.16293E-01 -1.87795E-01 
-3.24472E-01 -1.93034E-01 
-3.25361E-01 -1.82688E-01 
-3.35539E-01 -1.88329E-01 
-3.46796E-01 -1.93691E-01 
-3.59127E-01 -1.98692E-01 
-3.72519E-01 -2.03250E-01 
-3.83594E-01 -2.06419E-01 
-3.86947E-01 -2.07281E-01 
-4.03620E-01 -2.10938E-01 
-4.21387E-01 -2.13780E-01 
-4.40164E-01 -2.15707E-01 
-4.59842E-01 -2.16626E-01 
-4.74098E-01 -2.16248E-01 
-4.95732E-01 -2.14684E-01 
-5.17985E-01 -2.11795E-01 
-5.40636E-01 -2.07507E-01 
-5.63440E-01 -2.01746E-01 
-5.86144E-01 -1.94379E-01 
-6.08532E-01 -1.85018E-01 
-6.30534E-01 -1.72288E-01 
-6.52462E-01 -1.51454E-01 
-6.74975E-01 -1.10073E-01 
-6.96992E-01 -3.36081E-02 
-7.12896E-01 6.39882E-02 
-7.17764E-01 1.44870E-01 
-2.74975E-01 -1.58105E-01 
-2.82150E-01 -1.62505E-01 
-2.80609E-01 -1.54693E-01 
-2.89473E-01 -1.59363E-01 
-2.99232E-01 -1.63700E-01 
-3.09872E-01 -1.67635E-01 
-3.21370E-01 -1.71102E-01 
-3.30832E-01 -1.73418E-01 
-3.33689E-01 -1.74031E-01 
-3.47841E-01 -1.76511E-01 
-3.62823E-01 -1.78210E-01 
-3.78544E-01 -1.79056E-01 
-3.94894E-01 -1.78983E-01 
-4.06361E-01 -1.78317E-01 
-4.24046E-01 -1.75990E-01 
-4.42043E-01 -1.72535E-01 
-4.60147E-01 -1.67914E-01 
-4.78133E-01 -1.62090E-01 
-4.95764E-01 -1.54971E-01 
-5.12812E-01 -1.46238E-01 
-5.29069E-01 -1.34687E-01 
-5.44291E-01 -1.16135E-01 
-5.57660E-01 -7.96499E-02 
-5.66525E-01 -1.27323E-02 
-5.67424E-01 7.17442E-02 
-5.60409E-01 1.40363E-01 
-2.38841E-01 -1.33039E-01 
-2.45183E-01 -1.36662E-01 
-2.41825E-01 -1.31274E-01 
-2.49607E-01 -1.35043E-01 
-2.58126E-01 -1.38444E-01 
-2.67359E-01 -1.41421E-01 
-2.77274E-01 -1.43921E-01 
-2.85388E-01 -1.45494E-01 
-2.87830E-01 -1.45891E-01 
-2.99872E-01 -1.47363E-01 
-3.12524E-01 -1.48105E-01 
-3.25692E-01 -1.48068E-01 
-3.39269E-01 -1.47209E-01 
-3.48506E-01 -1.46316E-01 
-3.62912E-01 -1.43453E-01 
-3.77397E-01 -1.39651E-01 
-3.91774E-01 -1.34901E-01 
-4.05841E-01 -1.29193E-01 
-4.19383E-01 -1.22467E-01 
-4.32169E-01 -1.14460E-01 
-4.43898E-01 -1.04127E-01 
-4.53919E-01 -8.78034E-02 
-4.60334E-01 -5.59675E-02 
-4.59410E-01 2.01819E-03 
-4.49423E-01 7.44127E-02 
-4.34140E-01 1.32004E-01 
-2.07347E-01 -1.11872E-01 
-2.12997E-01 -1.14773E-01 
-2.08373E-01 -1.11614E-01 
-2.15264E-01 -1.14542E-01 
-2.22752E-01 -1.17085E-01 
-2.30808E-01 -1.19200E-01 
-2.39396E-01 -1.20843E-01 
-2.46378E-01 -1.21768E-01 
-2.48471E-01 -1.21978E-01 
-2.58741E-01 -1.22593E-01 
-2.69436E-01 -1.22539E-01 
-2.80465E-01 -1.21788E-01 
-2.91724E-01 -1.20321E-01 
-2.99180E-01 -1.19245E-01 
-3.10861E-01 -1.16036E-01 
-3.22446E-01 -1.12066E-01 
-3.33769E-01 -1.07347E-01 
-3.44653E-01 -1.01888E-01 
-3.54907E-01 -9.56549E-02 
-3.64309E-01 -8.84309E-02 
-3.72493E-01 -7.93116E-02 
-3.78521E-01 -6.51142E-02 
-3.79734E-01 -3.76248E-02 
-3.71697E-01 1.21138E-02 
-3.54071E-01 7.35118E-02 
-3.33319E-01 1.21295E-01 
-1.80064E-01 -9.40006E-02 
-1.85135E-01 -9.62313E-02 
-1.79736E-01 -9.50335E-02 
-1.85887E-01 -9.71810E-02 
-1.92513E-01 -9.89408E-02 
-1.99579E-01 -1.00281E-01 
-2.07049E-01 -1.01171E-01 
-2.13074E-01 -1.01535E-01 
-2.14873E-01 -1.01587E-01 
-2.23646E-01 -1.01479E-01 
-2.32690E-01 -1.00775E-01 
-2.41920E-01 -9.94634E-02 
-2.51238E-01 -9.75418E-02 
-2.57273E-01 -9.63190E-02 
-2.66685E-01 -9.29230E-02 
-2.75876E-01 -8.89304E-02 
-2.84702E-01 -8.43671E-02 
-2.93010E-01 -7.92551E-02 
-3.00635E-01 -7.35774E-02 
-3.07365E-01 -6.71556E-02 
-3.12801E-01 -5.92124E-02 
-3.15806E-01 -4.70060E-02 
-3.13215E-01 -2.35187E-02 
-3.00185E-01 1.87057E-02 
-2.77461E-01 7.02177E-02 
-2.53388E-01 1.09379E-01 
-1.56521E-01 -7.88594E-02 
-1.61101E-01 -8.04710E-02 
-1.55355E-01 -8.09165E-02 
-1.60882E-01 -8.23452E-02 
-1.66776E-01 -8.33977E-02 
-1.73000E-01 -8.40519E-02 
-1.79515E-01 -8.42893E-02 
-1.84726E-01 -8.41778E-02 
-1.86273E-01 -8.40957E-02 
-1.93771E-01 -8.33933E-02 
-2.01415E-01 -8.21736E-02 
-2.09123E-01 -8.04392E-02 
-2.16806E-01 -7.82008E-02 
-2.21704E-01 -7.68633E-02 
-2.29227E-01 -7.34144E-02 
-2.36443E-01 -6.95167E-02 
-2.43230E-01 -6.52047E-02 
-2.49460E-01 -6.05077E-02 
-2.54992E-01 -5.54201E-02 
-2.59631E-01 -4.97943E-02 
-2.62958E-01 -4.29660E-02 
-2.63714E-01 -3.25948E-02 
-2.58423E-01 -1.27457E-02 
-2.42059E-01 2.27095E-02 
-2.16199E-01 6.54293E-02 
-1.90420E-01 9.70936E-02 
-1.36334E-01 -6.59811E-02 
-1.40492E-01 -6.70276E-02 
-1.34760E-01 -6.87683E-02 
-1.39750E-01 -6.95461E-02 
-1.45011E-01 -6.99708E-02 
-1.50507E-01 -7.00294E-02 
-1.56197E-01 -6.97132E-02 
-1.60704E-01 -6.92080E-02 
-1.62035E-01 -6.90173E-02 
-1.68437E-01 -6.78418E-02 
-1.74882E-01 -6.62313E-02 
-1.81295E-01 -6.41992E-02 
-1.87597E-01 -6.17657E-02 
-1.91578E-01 -6.03449E-02 
-1.97526E-01 -5.69538E-02 
-2.03114E-01 -5.32434E-02 
-2.08240E-01 -4.92523E-02 
-2.12801E-01 -4.50132E-02 
-2.16677E-01 -4.05264E-02 
-2.19692E-01 -3.56695E-02 
-2.21422E-01 -2.98782E-02 
-2.20541E-01 -2.11736E-02 
-2.13413E-01 -4.59112E-03 
-1.94995E-01 2.48348E-02 
-1.67488E-01 5.98201E-02 
-1.41193E-01 8.50382E-02 
-1.19136E-01 -5.49601E-02 
-1.22922E-01 -5.54996E-02 
-1.17495E-01 -5.81784E-02 
-1.22009E-01 -5.83808E-02 
-1.26710E-01 -5.82625E-02 
-1.31564E-01 -5.78187E-02 
-1.36530E-01 -5.70484E-02 
-1.40421E-01 -5.62303E-02 
-1.41564E-01 -5.59550E-02 
-1.47013E-01 -5.44223E-02 
-1.52423E-01 -5.25375E-02 
-1.57726E-01 -5.03212E-02 
-1.62854E-01 -4.77997E-02 
-1.66090E-01 -4.63279E-02 
-1.70725E-01 -4.30834E-02 
-1.74972E-01 -3.96306E-02 
-1.78750E-01 -3.60080E-02 
-1.81976E-01 -3.22482E-02 
-1.84552E-01 -2.83543E-02 
-1.86319E-01 -2.42239E-02 
-1.86858E-01 -1.93808E-02 
-1.84819E-01 -1.21689E-02 
-1.76520E-01 1.51421E-03 
-1.57021E-01 2.56274E-02 
-1.28972E-01 5.38809E-02 
-1.03012E-01 7.36176E-02 
-1.04544E-01 -4.54555E-02 
-1.07994E-01 -4.55510E-02 
-1.03095E-01 -4.88227E-02 
-1.07174E-01 -4.85323E-02 
-1.11369E-01 -4.79608E-02 
-1.15646E-01 -4.71099E-02 
-1.19965E-01 -4.59852E-02 
-1.23311E-01 -4.49326E-02 
-1.24287E-01 -4.45957E-02 
-1.28900E-01 -4.28156E-02 
-1.33409E-01 -4.07633E-02 
-1.37757E-01 -3.84641E-02 
-1.41884E-01 -3.59474E-02 
-1.44508E-01 -3.44574E-02 
-1.48050E-01 -3.14287E-02 
-1.51196E-01 -2.82831E-02 
-1.53885E-01 -2.50571E-02 
-1.56051E-01 -2.17804E-02 
-1.57616E-01 -1.84567E-02 
-1.58436E-01 -1.49992E-02 
-1.58107E-01 -1.10097E-02 
-1.55282E-01 -5.11829E-03 
-1.46316E-01 6.01941E-03 
-1.26458E-01 2.54990E-02 
-9.86679E-02 4.79530E-02 
-7.36269E-02 6.30798E-02 
-9.22355E-02 -3.71938E-02 
-9.53733E-02 -3.69121E-02 
-9.11544E-02 -4.04616E-02 
-9.48266E-02 -3.97667E-02 
-9.85534E-02 -3.88346E-02 
-1.02301E-01 -3.76724E-02 
-1.06036E-01 -3.62902E-02 
-1.08892E-01 -3.50781E-02 
-1.09720E-01 -3.47013E-02 
-1.13592E-01 -3.27751E-02 
-1.17312E-01 -3.06513E-02 
-1.20833E-01 -2.83571E-02 
-1.24106E-01 -2.59226E-02 
-1.26221E-01 -2.44472E-02 
-1.28853E-01 -2.16839E-02 
-1.31100E-01 -1.88769E-02 
-1.32913E-01 -1.60585E-02 
-1.34245E-01 -1.32540E-02 
-1.35032E-01 -1.04660E-02 
-1.35147E-01 -7.62091E-03 
-1.34199E-01 -4.38856E-03 
-1.30872E-01 3.49188E-04 
-1.21616E-01 9.27590E-03 
-1.01921E-01 2.47552E-02 
-7.49474E-02 4.22643E-02 
-5.12011E-02 5.35574E-02 
-8.18729E-02 -2.99503E-02 
-8.47134E-02 -2.93604E-02 
-8.12659E-02 -3.29170E-02 
-8.45480E-02 -3.19077E-02 
-8.78329E-02 -3.07073E-02 
-9.10903E-02 -2.93265E-02 
-9.42888E-02 -2.77785E-02 
-9.67028E-02 -2.64758E-02 
-9.73962E-02 -2.60789E-02 
-1.00607E-01 -2.40972E-02 
-1.03634E-01 -2.19851E-02 
-1.06437E-01 -1.97695E-02 
-1.08979E-01 -1.74791E-02 
-1.10664E-01 -1.60495E-02 
-1.12544E-01 -1.35843E-02 
-1.14059E-01 -1.11312E-02 
-1.15174E-01 -8.71732E-03 
-1.15855E-01 -6.36312E-03 
-1.16052E-01 -4.06903E-03 
-1.15650E-01 -1.77262E-03 
-1.14278E-01 7.96513E-04 
-1.10661E-01 4.53647E-03 
-1.01389E-01 1.15593E-02 
-8.22225E-02 2.36140E-02 
-5.64338E-02 3.69430E-02 
-3.42022E-02 4.50791E-02 
-7.32025E-02 -2.35909E-02 
-7.57570E-02 -2.27636E-02 
-7.31101E-02 -2.61118E-02 
-7.60155E-02 -2.48785E-02 
-7.88820E-02 -2.34996E-02 
-8.16826E-02 -2.19880E-02 
-8.43900E-02 -2.03583E-02 
-8.64035E-02 -1.90270E-02 
-8.69768E-02 -1.86274E-02 
-8.96000E-02 -1.66682E-02 
-9.20191E-02 -1.46365E-02 
-9.42032E-02 -1.25573E-02 
-9.61237E-02 -1.04566E-02 
-9.74441E-02 -9.10074E-03 
-9.87075E-02 -6.94893E-03 
-9.96338E-02 -4.84925E-03 
-1.00200E-01 -2.82348E-03 
-1.00382E-01 -8.86923E-04 
-1.00140E-01 9.62129E-04 
-9.93723E-02 2.77659E-03 
-9.77247E-02 4.77476E-03 
-9.39771E-02 7.66462E-03 
-8.48782E-02 1.30705E-02 
-6.64799E-02 2.22329E-02 
-4.20937E-02 3.20777E-02 
-2.14724E-02 3.76533E-02 
-6.59087E-02 -1.79631E-02 
-6.81843E-02 -1.69658E-02 
-6.63222E-02 -1.99482E-02 
-6.88612E-02 -1.85752E-02 
-7.13287E-02 -1.70994E-02 
-7.37015E-02 -1.55348E-02 
-7.59566E-02 -1.38965E-02 
-7.76064E-02 -1.25886E-02 
-7.80715E-02 -1.22008E-02 
-8.01701E-02 -1.03280E-02 
-8.20556E-02 -8.43050E-03 
-8.37049E-02 -6.53077E-03 
-8.50975E-02 -4.65092E-03 
-8.61042E-02 -3.39272E-03 
-8.68646E-02 -1.55718E-03 
-8.73208E-02 1.99414E-04 
-8.74585E-02 1.86064E-03 
-8.72619E-02 3.41596E-03 
-8.67005E-02 4.86903E-03 
-8.56814E-02 6.26427E-03 
-8.38693E-02 7.77449E-03 
-8.01028E-02 9.94380E-03 
-7.13065E-02 1.39820E-02 
-5.38236E-02 2.07118E-02 
-3.09542E-02 2.76657E-02 
-1.19617E-02 3.11775E-02 
-5.97574E-02 -1.29861E-02 
-6.17611E-02 -1.18819E-02 
-6.06291E-02 -1.43988E-02 
-6.28133E-02 -1.29622E-02 
-6.49022E-02 -1.14616E-02 
-6.68764E-02 -9.91082E-03 
-6.87170E-02 -8.32448E-03 
-7.00384E-02 -7.08223E-03 
-7.04065E-02 -6.71772E-03 
-7.20399E-02 -4.98008E-03 
-7.34600E-02 -3.25590E-03 
-7.46506E-02 -1.56398E-03 
-7.55986E-02 7.76289E-05 
-7.63345E-02 1.21941E-03 
-7.66894E-02 2.74715E-03 
-7.67751E-02 4.18016E-03 
-7.65841E-02 5.50688E-03 
-7.61069E-02 6.72095E-03 
-7.53195E-02 7.82750E-03 
-7.41369E-02 8.86324E-03 
-7.22425E-02 9.96138E-03 
-6.85356E-02 1.15260E-02 
-6.01226E-02 1.44179E-02 
-4.36325E-02 1.91209E-02 
-2.23148E-02 2.37003E-02 
-4.91076E-03 2.55683E-02 
-5.45349E-02 -8.59517E-03 
-5.62744E-02 -7.44063E-03 
-5.57906E-02 -9.44400E-03 
-5.76343E-02 -8.00934E-03 
-5.93667E-02 -6.54419E-03 
-6.09719E-02 -5.06164E-03 
-6.24355E-02 -3.57492E-03 
-6.34621E-02 -2.43019E-03 
-6.37440E-02 -2.09741E-03 
-6.49676E-02 -5.29774E-04 
-6.59847E-02 9.95834E-04 
-6.67851E-02 2.46436E-03 
-6.73614E-02 3.86190E-03 
-6.78635E-02 4.87394E-03 
-6.78955E-02 6.11057E-03 
-6.76935E-02 7.24539E-03 
-6.72550E-02 8.27104E-03 
-6.65753E-02 9.18456E-03 
-6.56347E-02 9.99200E-03 
-6.43551E-02 1.07230E-02 
-6.24373E-02 1.14764E-02 
-5.88426E-02 1.25373E-02 
-5.08589E-02 1.44753E-02 
-3.53889E-02 1.75021E-02 
-1.56041E-02 2.01472E-02 
2.88038E-04 2.07204E-02 
-5.00605E-02 -4.74776E-03 
-5.15446E-02 -3.59096E-03 
-5.16106E-02 -5.07536E-03 
-5.31310E-02 -3.69533E-03 
-5.45308E-02 -2.31274E-03 
-5.57976E-02 -9.39286E-04 
-5.69209E-02 4.13565E-04 
-5.76855E-02 1.43904E-03 
-5.78911E-02 1.73455E-03 
-5.87569E-02 3.11085E-03 
-5.94280E-02 4.42504E-03 
-5.98994E-02 5.66577E-03 
-6.01682E-02 6.82299E-03 
-6.04684E-02 7.69748E-03 
-6.02472E-02 8.66548E-03 
-5.98259E-02 9.53111E-03 
-5.92058E-02 1.02905E-02 
-5.83851E-02 1.09432E-02 
-5.73474E-02 1.14957E-02 
-5.60201E-02 1.19711E-02 
-5.41208E-02 1.24387E-02 
-5.06716E-02 1.30831E-02 
-4.31381E-02 1.42323E-02 
-2.86817E-02 1.58831E-02 
-1.03759E-02 1.69663E-02 
4.10086E-03 1.65316E-02 
-4.61743E-02 -1.40112E-03 
-4.74150E-02 -2.82503E-04 
-4.79260E-02 -1.27621E-03 
-4.91442E-02 7.93712E-06 
-5.02380E-02 1.27254E-03 
-5.11987E-02 2.50761E-03 
-5.20188E-02 3.70365E-03 
-5.25530E-02 4.59657E-03 
-5.26923E-02 4.85165E-03 
-5.32491E-02 6.02613E-03 
-5.36269E-02 7.12581E-03 
-5.38242E-02 8.14274E-03 
-5.38419E-02 9.07033E-03 
-5.39690E-02 9.80430E-03 
-5.35531E-02 1.05295E-02 
-5.29689E-02 1.11564E-02 
-5.22200E-02 1.16839E-02 
-5.13065E-02 1.21134E-02 
-5.02145E-02 1.24513E-02 
-4.88756E-02 1.27147E-02 
-4.70236E-02 1.29471E-02 
-4.37395E-02 1.32495E-02 
-3.66600E-02 1.37514E-02 
-2.31883E-02 1.42812E-02 
-6.28671E-03 1.41148E-02 
6.88059E-03 1.29070E-02 
-4.27531E-02 1.48140E-03 
-4.37639E-02 2.52940E-03 
-4.46155E-02 1.97431E-03 
-4.55552E-02 3.13250E-03 
-4.63717E-02 4.25457E-03 
-4.70588E-02 5.33241E-03 
-4.76122E-02 6.35855E-03 
-4.79464E-02 7.11272E-03 
-4.80285E-02 7.32620E-03 
-4.83220E-02 8.29716E-03 
-4.84540E-02 9.18685E-03 
-4.84261E-02 9.99028E-03 
-4.82418E-02 1.07038E-02 
-4.82219E-02 1.12984E-02 
-4.76599E-02 1.18082E-02 
-4.69588E-02 1.22269E-02 
-4.61232E-02 1.25554E-02 
-4.51547E-02 1.27965E-02 
-4.40405E-02 1.29560E-02 
-4.27162E-02 1.30453E-02 
-4.09307E-02 1.30864E-02 
-3.78216E-02 1.31103E-02 
-3.11884E-02 1.30849E-02 
-1.86584E-02 1.27100E-02 
-3.07525E-03 1.15553E-02 
8.89027E-03 9.76558E-03 
-3.97006E-02 3.92593E-03 
-4.04965E-02 4.87935E-03 
-4.15898E-02 4.69736E-03 
-4.22761E-02 5.71045E-03 
-4.28438E-02 6.67593E-03 
-4.32892E-02 7.58752E-03 
-4.36103E-02 8.43972E-03 
-4.37729E-02 9.05530E-03 
-4.38063E-02 9.22775E-03 
-4.38778E-02 1.00011E-02 
-4.38065E-02 1.06915E-02 
-4.35961E-02 1.12965E-02 
-4.32519E-02 1.18149E-02 
-4.31083E-02 1.22752E-02 
-4.24404E-02 1.25971E-02 
-4.16594E-02 1.28371E-02 
-4.07706E-02 1.29975E-02 
-3.97759E-02 1.30818E-02 
-3.86636E-02 1.30948E-02 
-3.73725E-02 1.30431E-02 
-3.56658E-02 1.29303E-02 
-3.27351E-02 1.27296E-02 
-2.65339E-02 1.22790E-02 
-1.48960E-02 1.11815E-02 
-5.42004E-04 9.25616E-03 
1.03256E-02 7.03979E-03 
-3.69422E-02 5.95692E-03 
-3.75408E-02 6.79919E-03 
-3.87872E-02 6.91688E-03 
-3.92480E-02 7.77497E-03 
-3.95974E-02 8.57839E-03 
-3.98339E-02 9.32263E-03 
-3.99572E-02 1.00039E-02 
-3.99756E-02 1.04860E-02 
-3.99683E-02 1.06193E-02 
-3.98569E-02 1.12066E-02 
-3.96214E-02 1.17131E-02 
-3.92669E-02 1.21384E-02 
-3.87998E-02 1.24830E-02 
-3.85545E-02 1.28175E-02 
-3.78142E-02 1.29790E-02 
-3.69834E-02 1.30688E-02 
-3.60679E-02 1.30900E-02 
-3.50694E-02 1.30462E-02 
-3.39767E-02 1.29416E-02 
-3.27317E-02 1.27780E-02 
-3.11108E-02 1.25436E-02 
-2.83570E-02 1.21650E-02 
-2.25674E-02 1.13772E-02 
-1.17651E-02 9.71336E-03 
1.45362E-03 7.20092E-03 
1.13256E-02 4.68520E-03 
-3.43994E-02 7.61810E-03 
-3.48153E-02 8.33857E-03 
-3.61385E-02 8.68692E-03 
-3.63975E-02 9.38663E-03 
-3.65543E-02 1.00282E-02 
-3.66090E-02 1.06087E-02 
-3.65630E-02 1.11259E-02 
-3.64596E-02 1.14817E-02 
-3.64185E-02 1.15784E-02 
-3.61560E-02 1.19931E-02 
-3.57878E-02 1.23319E-02 
-3.53201E-02 1.25959E-02 
-3.47598E-02 1.27871E-02 
-3.44312E-02 1.30048E-02 
-3.36447E-02 1.30304E-02 
-3.27878E-02 1.29947E-02 
-3.18658E-02 1.29013E-02 
-3.08806E-02 1.27539E-02 
-2.98208E-02 1.25555E-02 
-2.86313E-02 1.23039E-02 
-2.71013E-02 1.19746E-02 
-2.45223E-02 1.14560E-02 
-1.91275E-02 1.04021E-02 
-9.11464E-03 8.29739E-03 
3.04470E-03 5.34440E-03 
1.20034E-02 2.62957E-03 
-3.20281E-02 8.92082E-03 
-3.22802E-02 9.51479E-03 
-3.36180E-02 1.00262E-02 
-3.37026E-02 1.05708E-02 
-3.36954E-02 1.10568E-02 
-3.35978E-02 1.14828E-02 
-3.34121E-02 1.18479E-02 
-3.32099E-02 1.20883E-02 
-3.31415E-02 1.21517E-02 
-3.27592E-02 1.24114E-02 
-3.22888E-02 1.26019E-02 
-3.17368E-02 1.27255E-02 
-3.11102E-02 1.27851E-02 
-3.07166E-02 1.28984E-02 
-2.99064E-02 1.28121E-02 
-2.90429E-02 1.26749E-02 
-2.81310E-02 1.24904E-02 
-2.71721E-02 1.22620E-02 
-2.61552E-02 1.19918E-02 
-2.50274E-02 1.16739E-02 
-2.35902E-02 1.12734E-02 
-2.11811E-02 1.06487E-02 
-1.61604E-02 9.39180E-03 
-6.88566E-03 6.95657E-03 
4.29466E-03 3.68947E-03 
1.24226E-02 8.59065E-04 
-2.97904E-02 9.90622E-03 
-2.98966E-02 1.03728E-02 
-3.11991E-02 1.09872E-02 
-3.11345E-02 1.13834E-02 
-3.09891E-02 1.17230E-02 
-3.07651E-02 1.20058E-02 
-3.04658E-02 1.22317E-02 
-3.01849E-02 1.23681E-02 
-3.00950E-02 1.24017E-02 
-2.96201E-02 1.25239E-02 
-2.90733E-02 1.25849E-02 
-2.84613E-02 1.25879E-02 
-2.77910E-02 1.25364E-02 
-2.73488E-02 1.25575E-02 
-2.65329E-02 1.23810E-02 
-2.56783E-02 1.21634E-02 
-2.47894E-02 1.19083E-02 
-2.38671E-02 1.16188E-02 
-2.29003E-02 1.12955E-02 
-2.18386E-02 1.09300E-02 
-2.04951E-02 1.04786E-02 
-1.82510E-02 9.77639E-03 
-1.35854E-02 8.36980E-03 
-5.00326E-03 5.69614E-03 
5.26845E-03 2.21928E-03 
1.26370E-02 -6.59318E-04 
-2.76551E-02 1.05970E-02 
-2.76328E-02 1.09394E-02 
-2.88621E-02 1.16054E-02 
-2.86723E-02 1.18636E-02 
-2.84130E-02 1.20692E-02 
-2.80873E-02 1.22226E-02 
-2.76985E-02 1.23247E-02 
-2.73571E-02 1.23694E-02 
-2.72508E-02 1.23770E-02 
-2.67074E-02 1.23801E-02 
-2.61071E-02 1.23309E-02 
-2.54562E-02 1.22328E-02 
-2.47616E-02 1.20898E-02 
-2.42856E-02 1.20321E-02 
-2.34790E-02 1.17852E-02 
-2.26459E-02 1.15064E-02 
-2.17903E-02 1.11990E-02 
-2.09123E-02 1.08657E-02 
-2.00011E-02 1.05060E-02 
-1.90085E-02 1.01089E-02 
-1.77587E-02 9.62408E-03 
-1.56742E-02 8.86918E-03 
-1.13462E-02 7.35849E-03 
-3.41493E-03 4.52458E-03 
6.01184E-03 9.25176E-04 
1.26845E-02 -1.94688E-03 
-2.56154E-02 1.10145E-02 
-2.54820E-02 1.12392E-02 
-2.66115E-02 1.19159E-02 
-2.63180E-02 1.20491E-02 
-2.59660E-02 1.21349E-02 
-2.55589E-02 1.21743E-02 
-2.51006E-02 1.21690E-02 
-2.47136E-02 1.21354E-02 
-2.45954E-02 1.21210E-02 
-2.40034E-02 1.20241E-02 
-2.33681E-02 1.18838E-02 
-2.26957E-02 1.17038E-02 
-2.19924E-02 1.14879E-02 
-2.14956E-02 1.13650E-02 
-2.07100E-02 1.10659E-02 
-1.99083E-02 1.07431E-02 
-1.90938E-02 1.03998E-02 
-1.82661E-02 1.00380E-02 
-1.74143E-02 9.65632E-03 
-1.64926E-02 9.24165E-03 
-1.53359E-02 8.73860E-03 
-1.34058E-02 7.95229E-03 
-9.39897E-03 6.37662E-03 
-2.08053E-03 3.44887E-03 
6.55872E-03 -2.00099E-04 
1.25920E-02 -3.02134E-03 
-2.36299E-02 1.11879E-02 
-2.34024E-02 1.13033E-02 
-2.44145E-02 1.19574E-02 
-2.40390E-02 1.19797E-02 
-2.36162E-02 1.19608E-02 
-2.31497E-02 1.19024E-02 
-2.26434E-02 1.18063E-02 
-2.22267E-02 1.17077E-02 
-2.21011E-02 1.16750E-02 
-2.14810E-02 1.14966E-02 
-2.08297E-02 1.12837E-02 
-2.01527E-02 1.10398E-02 
-1.94556E-02 1.07688E-02 
-1.89510E-02 1.05942E-02 
-1.81968E-02 1.02591E-02 
-1.74349E-02 9.90781E-03 
-1.66680E-02 9.54303E-03 
-1.58953E-02 9.16621E-03 
-1.51058E-02 8.77512E-03 
-1.42560E-02 8.35498E-03 
-1.31912E-02 7.84670E-03 
-1.14104E-02 7.04731E-03 
-7.70960E-03 5.44023E-03 
-9.69377E-04 2.47513E-03 
6.93420E-03 -1.16244E-03 
1.23788E-02 -3.89733E-03 
-2.17130E-02 1.11385E-02 
-2.14114E-02 1.11581E-02 
-2.23020E-02 1.17686E-02 
-2.18676E-02 1.16980E-02 
-2.13955E-02 1.15924E-02 
-2.08891E-02 1.14537E-02 
-2.03524E-02 1.12842E-02 
-1.99188E-02 1.11335E-02 
-1.97893E-02 1.10864E-02 
-1.91572E-02 1.08444E-02 
-1.85044E-02 1.05762E-02 
-1.78357E-02 1.02853E-02 
-1.71562E-02 9.97536E-03 
-1.66544E-02 9.76223E-03 
-1.59391E-02 9.40572E-03 
-1.52229E-02 9.03948E-03 
-1.45078E-02 8.66578E-03 
-1.37926E-02 8.28553E-03 
-1.30665E-02 7.89571E-03 
-1.22881E-02 7.48027E-03 
-1.13127E-02 6.97770E-03 
-9.67464E-03 6.18076E-03 
-6.26292E-03 4.57086E-03 
-6.40392E-05 1.61600E-03 
7.15747E-03 -1.96029E-03 
1.20641E-02 -4.58197E-03 
-1.98412E-02 1.08944E-02 
-1.94816E-02 1.08293E-02 
-2.02471E-02 1.13795E-02 
-1.97697E-02 1.12305E-02 
-1.92635E-02 1.10532E-02 
-1.87321E-02 1.08498E-02 
-1.81792E-02 1.06224E-02 
-1.77391E-02 1.04318E-02 
-1.76087E-02 1.03738E-02 
-1.69782E-02 1.00849E-02 
-1.63362E-02 9.77753E-03 
-1.56869E-02 9.45503E-03 
-1.50346E-02 9.12062E-03 
-1.45449E-02 8.88112E-03 
-1.38749E-02 8.51585E-03 
-1.32095E-02 8.14640E-03 
-1.25501E-02 7.77457E-03 
-1.18950E-02 7.40076E-03 
-1.12335E-02 7.02127E-03 
-1.05268E-02 6.61914E-03 
-9.63939E-03 6.13153E-03 
-8.14014E-03 5.35016E-03 
-5.00692E-03 3.76163E-03 
6.74690E-04 8.57263E-04 
7.25075E-03 -2.61561E-03 
1.16559E-02 -5.10150E-03 
-1.80204E-02 1.04811E-02 
-1.76186E-02 1.03466E-02 
-1.82625E-02 1.08288E-02 
-1.77590E-02 1.06183E-02 
-1.72352E-02 1.03859E-02 
-1.66946E-02 1.01339E-02 
-1.61410E-02 9.86469E-03 
-1.57058E-02 9.64618E-03 
-1.55777E-02 9.58079E-03 
-1.49629E-02 9.26082E-03 
-1.43441E-02 8.92935E-03 
-1.37249E-02 8.58934E-03 
-1.31088E-02 8.24367E-03 
-1.26399E-02 7.98921E-03 
-1.20201E-02 7.62618E-03 
-1.14089E-02 7.26353E-03 
-1.08073E-02 6.90262E-03 
-1.02131E-02 6.54336E-03 
-9.61601E-03 6.18151E-03 
-8.97923E-03 5.79953E-03 
-8.17689E-03 5.33422E-03 
-6.81033E-03 4.57914E-03 
-3.94147E-03 3.03211E-03 
1.25269E-03 2.11381E-04 
7.22630E-03 -3.12496E-03 
1.11705E-02 -5.45988E-03 
-1.62514E-02 9.92202E-03 
-1.58218E-02 9.73180E-03 
-1.63530E-02 1.01440E-02 
-1.58400E-02 9.88890E-03 
-1.53145E-02 9.61811E-03 
-1.47797E-02 9.33395E-03 
-1.42387E-02 9.03854E-03 
-1.38174E-02 8.80347E-03 
-1.36940E-02 8.73382E-03 
-1.31053E-02 8.39725E-03 
-1.25185E-02 8.05514E-03 
-1.19368E-02 7.71015E-03 
-1.13629E-02 7.36472E-03 
-1.09215E-02 7.10548E-03 
-1.03551E-02 6.75389E-03 
-9.80017E-03 6.40632E-03 
-9.25720E-03 6.06369E-03 
-8.72384E-03 5.72548E-03 
-8.19004E-03 5.38702E-03 
-7.62123E-03 5.03047E-03 
-6.90062E-03 4.59317E-03 
-5.66086E-03 3.87296E-03 
-3.04350E-03 2.38391E-03 
1.68980E-03 -3.26101E-04 
7.09921E-03 -3.49967E-03 
1.06187E-02 -5.67302E-03 
-1.45449E-02 9.24967E-03 
-1.41071E-02 9.02082E-03 
-1.45394E-02 9.36549E-03 
-1.40325E-02 9.08092E-03 
-1.35191E-02 8.78633E-03 
-1.30015E-02 8.48371E-03 
-1.24821E-02 8.17471E-03 
-1.20806E-02 7.93245E-03 
-1.19634E-02 7.86123E-03 
-1.14079E-02 7.52049E-03 
-1.08591E-02 7.17936E-03 
-1.03197E-02 6.84007E-03 
-9.79205E-03 6.50457E-03 
-9.38265E-03 6.24939E-03 
-8.87085E-03 5.91672E-03 
-8.37259E-03 5.59079E-03 
-7.88784E-03 5.27214E-03 
-7.41405E-03 4.95984E-03 
-6.94148E-03 4.64894E-03 
-6.43779E-03 4.32159E-03 
-5.79499E-03 3.91640E-03 
-4.67568E-03 3.23753E-03 
-2.29680E-03 1.81946E-03 
2.00172E-03 -7.58539E-04 
6.88381E-03 -3.74974E-03 
1.00130E-02 -5.75556E-03 
-1.29098E-02 8.49167E-03 
-1.24718E-02 8.23638E-03 
-1.28138E-02 8.51788E-03 
-1.23209E-02 8.21788E-03 
-1.18281E-02 7.91301E-03 
-1.13367E-02 7.60448E-03 
-1.08487E-02 7.29417E-03 
-1.04745E-02 7.05390E-03 
-1.03657E-02 6.98373E-03 
-9.85265E-03 6.65062E-03 
-9.34961E-03 6.32105E-03 
-8.85864E-03 5.99673E-03 
-8.38137E-03 5.67914E-03 
-8.00847E-03 5.43515E-03 
-7.55234E-03 5.12698E-03 
-7.11069E-03 4.82745E-03 
-6.68320E-03 4.53677E-03 
-6.26717E-03 4.25370E-03 
-5.85330E-03 3.97308E-03 
-5.41147E-03 3.67730E-03 
-4.84225E-03 3.30688E-03 
-3.83698E-03 2.67405E-03 
-1.68408E-03 1.33697E-03 
2.20415E-03 -1.09259E-03 
6.59318E-03 -3.88723E-03 
9.36371E-03 -5.72306E-03 
-1.13475E-02 7.67571E-03 
-1.09254E-02 7.40835E-03 
-1.11966E-02 7.63494E-03 
-1.07330E-02 7.33288E-03 
-1.02707E-02 7.02886E-03 
-9.81249E-03 6.72502E-03 
-9.36027E-03 6.42271E-03 
-9.01565E-03 6.19079E-03 
-8.91590E-03 6.12342E-03 
-8.44759E-03 5.80585E-03 
-7.99252E-03 5.49542E-03 
-7.55183E-03 5.19325E-03 
-7.12644E-03 4.90019E-03 
-6.79260E-03 4.67380E-03 
-6.39169E-03 4.39476E-03 
-6.00540E-03 4.12535E-03 
-5.63316E-03 3.86552E-03 
-5.27221E-03 3.61380E-03 
-4.91373E-03 3.36497E-03 
-4.52985E-03 3.10190E-03 
-4.02943E-03 2.76759E-03 
-3.13127E-03 2.18373E-03 
-1.19136E-03 9.34686E-04 
2.31131E-03 -1.33492E-03 
6.24120E-03 -3.92429E-03 
8.68381E-03 -5.59127E-03 
-9.87908E-03 6.82507E-03 
-9.48187E-03 6.55937E-03 
-9.69273E-03 6.74129E-03 
-9.26402E-03 6.44975E-03 
-8.84042E-03 6.15927E-03 
-8.42310E-03 5.87109E-03 
-8.01342E-03 5.58670E-03 
-7.70286E-03 5.37002E-03 
-7.61321E-03 5.30729E-03 
-7.19389E-03 5.01293E-03 
-6.78858E-03 4.72712E-03 
-6.39837E-03 4.45091E-03 
-6.02403E-03 4.18519E-03 
-5.72932E-03 3.97922E-03 
-5.38114E-03 3.73078E-03 
-5.04728E-03 3.49259E-03 
-4.72693E-03 3.26430E-03 
-4.41731E-03 3.04425E-03 
-4.11012E-03 2.82720E-03 
-3.77966E-03 2.59665E-03 
-3.34280E-03 2.29850E-03 
-2.54447E-03 1.76492E-03 
-8.04356E-04 6.08289E-04 
2.33738E-03 -1.49419E-03 
5.84125E-03 -3.87433E-03 
7.98530E-03 -5.37650E-03 
-8.50984E-03 5.97489E-03 
-8.14701E-03 5.72098E-03 
-8.31259E-03 5.86654E-03 
-7.92393E-03 5.59152E-03 
-7.54121E-03 5.31969E-03 
-7.16640E-03 5.05266E-03 
-6.80094E-03 4.79108E-03 
-6.52570E-03 4.59335E-03 
-6.44654E-03 4.53639E-03 
-6.07784E-03 4.27053E-03 
-5.72381E-03 4.01453E-03 
-5.38483E-03 3.76900E-03 
-5.06114E-03 3.53438E-03 
-4.80572E-03 3.35233E-03 
-4.50787E-03 3.13618E-03 
-4.22342E-03 2.93013E-03 
-3.95145E-03 2.73364E-03 
-3.68922E-03 2.54496E-03 
-3.42897E-03 2.35897E-03 
-3.14721E-03 2.15996E-03 
-2.76848E-03 1.89709E-03 
-2.06254E-03 1.41385E-03 
-5.08949E-04 3.51705E-04 
2.29619E-03 -1.58027E-03 
5.40620E-03 -3.75125E-03 
7.27959E-03 -5.09493E-03 
-7.25964E-03 5.14842E-03 
-6.93109E-03 4.91071E-03 
-7.05944E-03 5.02685E-03 
-6.71589E-03 4.77698E-03 
-6.38055E-03 4.53304E-03 
-6.05302E-03 4.29387E-03 
-5.73442E-03 4.06021E-03 
-5.49503E-03 3.88434E-03 
-5.42628E-03 3.83380E-03 
-5.10670E-03 3.59879E-03 
-4.80104E-03 3.37401E-03 
-4.51021E-03 3.16022E-03 
-4.23415E-03 2.95746E-03 
-4.01606E-03 2.80029E-03 
-3.76443E-03 2.61584E-03 
-3.52507E-03 2.44096E-03 
-3.29692E-03 2.27497E-03 
-3.07733E-03 2.11606E-03 
-2.85911E-03 1.95928E-03 
-2.62089E-03 1.78987E-03 
-2.29452E-03 1.56048E-03 
-1.67323E-03 1.12635E-03 
-2.92417E-04 1.58498E-04 
2.20095E-03 -1.60336E-03 
4.94924E-03 -3.56921E-03 
6.57899E-03 -4.76289E-03 
-6.13490E-03 4.36982E-03 
-5.84606E-03 4.15625E-03 
-5.94634E-03 4.24986E-03 
-5.64656E-03 4.02691E-03 
-5.35499E-03 3.81054E-03 
-5.07133E-03 3.60025E-03 
-4.79721E-03 3.39658E-03 
-4.59271E-03 3.24447E-03 
-4.53418E-03 3.20092E-03 
-4.26308E-03 2.99914E-03 
-4.00479E-03 2.80695E-03 
-3.75976E-03 2.62495E-03 
-3.52811E-03 2.45343E-03 
-3.34525E-03 2.32106E-03 
-3.13602E-03 2.16704E-03 
-2.93753E-03 2.02168E-03 
-2.74873E-03 1.88423E-03 
-2.56711E-03 1.75289E-03 
-2.38609E-03 1.62299E-03 
-2.18637E-03 1.48075E-03 
-1.90678E-03 1.28250E-03 
-1.36260E-03 8.95478E-04 
-1.41279E-04 2.02102E-05 
2.06411E-03 -1.57443E-03 
4.48106E-03 -3.34165E-03 
5.89216E-03 -4.39482E-03 
-5.14422E-03 3.65700E-03 
-4.89845E-03 3.47323E-03 
-4.97931E-03 3.55225E-03 
-4.72230E-03 3.35914E-03 
-4.47209E-03 3.17092E-03 
-4.23155E-03 2.98978E-03 
-4.00061E-03 2.81591E-03 
-3.82852E-03 2.68663E-03 
-3.77936E-03 2.64978E-03 
-3.55192E-03 2.47959E-03 
-3.33616E-03 2.31860E-03 
-3.13268E-03 2.16743E-03 
-2.94107E-03 2.02583E-03 
-2.78981E-03 1.91708E-03 
-2.61774E-03 1.79105E-03 
-2.45485E-03 1.67255E-03 
-2.30012E-03 1.56081E-03 
-2.15119E-03 1.45408E-03 
-2.00208E-03 1.34799E-03 
-1.83544E-03 1.22984E-03 
-1.59664E-03 1.05965E-03 
-1.12136E-03 7.16530E-04 
-4.47349E-05 -7.03119E-05 
1.89907E-03 -1.50491E-03 
4.01740E-03 -3.08450E-03 
5.23550E-03 -4.00900E-03 
-4.27382E-03 3.01199E-03 
-4.06788E-03 2.85740E-03 
-4.13388E-03 2.92475E-03 
-3.91917E-03 2.76200E-03 
-3.71116E-03 2.60454E-03 
-3.51102E-03 2.45401E-03 
-3.31914E-03 2.31064E-03 
-3.17626E-03 2.20382E-03 
-3.13553E-03 2.17336E-03 
-2.94840E-03 2.03364E-03 
-2.77213E-03 1.90263E-03 
-2.60617E-03 1.77993E-03 
-2.45022E-03 1.66545E-03 
-2.32727E-03 1.57825E-03 
-2.18788E-03 1.47730E-03 
-2.05609E-03 1.38273E-03 
-1.93090E-03 1.29376E-03 
-1.81012E-03 1.20869E-03 
-1.68839E-03 1.12346E-03 
-1.55024E-03 1.02649E-03 
-1.34718E-03 8.81497E-04 
-9.34004E-04 5.79335E-04 
1.00010E-05 -1.22890E-04 
1.71362E-03 -1.40390E-03 
3.55988E-03 -2.80550E-03 
4.60575E-03 -3.61152E-03 
-3.53078E-03 2.44872E-03 
-3.36019E-03 2.32076E-03 
-3.41713E-03 2.38215E-03 
-3.24147E-03 2.24992E-03 
-3.07098E-03 2.12219E-03 
-2.90774E-03 1.99999E-03 
-2.75205E-03 1.88342E-03 
-2.63690E-03 1.79752E-03 
-2.60410E-03 1.77316E-03 
-2.45311E-03 1.66182E-03 
-2.31051E-03 1.55748E-03 
-2.17639E-03 1.46014E-03 
-2.05076E-03 1.36985E-03 
-1.95195E-03 1.30191E-03 
-1.84028E-03 1.22303E-03 
-1.73465E-03 1.14923E-03 
-1.63410E-03 1.07974E-03 
-1.53671E-03 1.01305E-03 
-1.43770E-03 9.45464E-04 
-1.32336E-03 8.66502E-04 
-1.15091E-03 7.43499E-04 
-7.92680E-04 4.78625E-04 
3.18128E-05 -1.44501E-04 
1.51850E-03 -1.28143E-03 
3.12082E-03 -2.51783E-03 
4.01545E-03 -3.21691E-03 
-2.91331E-03 1.97400E-03 
-2.77411E-03 1.87116E-03 
-2.81948E-03 1.92369E-03 
-2.67778E-03 1.81800E-03 
-2.54195E-03 1.71709E-03 
-2.41127E-03 1.62077E-03 
-2.28713E-03 1.53041E-03 
-2.19498E-03 1.46397E-03 
-2.16873E-03 1.44508E-03 
-2.04818E-03 1.35841E-03 
-1.93474E-03 1.27740E-03 
-1.82852E-03 1.20239E-03 
-1.72919E-03 1.13320E-03 
-1.65096E-03 1.08175E-03 
-1.56228E-03 1.02132E-03 
-1.47822E-03 9.64837E-04 
-1.39794E-03 9.11582E-04 
-1.31969E-03 8.60114E-04 
-1.23923E-03 8.07084E-04 
-1.14452E-03 7.43096E-04 
-9.98005E-04 6.38962E-04 
-6.88023E-04 4.07599E-04 
2.94876E-05 -1.42493E-04 
1.32150E-03 -1.14587E-03 
2.70643E-03 -2.23059E-03 
3.46903E-03 -2.83409E-03 
-2.40359E-03 1.57848E-03 
-2.29592E-03 1.50136E-03 
-2.33269E-03 1.54721E-03 
-2.21751E-03 1.46346E-03 
-2.11002E-03 1.38617E-03 
-2.00832E-03 1.31389E-03 
-1.91117E-03 1.24535E-03 
-1.83969E-03 1.19538E-03 
-1.81938E-03 1.18125E-03 
-1.72562E-03 1.11662E-03 
-1.63695E-03 1.05631E-03 
-1.55333E-03 1.00005E-03 
-1.47492E-03 9.48128E-04 
-1.41311E-03 9.10157E-04 
-1.34295E-03 8.64880E-04 
-1.27622E-03 8.22483E-04 
-1.21210E-03 7.82276E-04 
-1.14906E-03 7.42961E-04 
-1.08337E-03 7.01548E-04 
-1.00449E-03 6.49675E-04 
-8.79684E-04 5.61441E-04 
-6.11751E-04 3.59828E-04 
1.06517E-05 -1.23612E-04 
1.12912E-03 -1.00459E-03 
2.32154E-03 -1.95148E-03 
2.96951E-03 -2.47028E-03 
-1.98749E-03 1.25490E-03 
-1.91046E-03 1.20307E-03 
-1.94445E-03 1.24743E-03 
-1.85234E-03 1.18305E-03 
-1.76720E-03 1.12404E-03 
-1.68780E-03 1.06999E-03 
-1.61320E-03 1.02051E-03 
-1.55825E-03 9.84678E-04 
-1.54255E-03 9.74498E-04 
-1.46982E-03 9.27560E-04 
-1.40088E-03 8.83517E-04 
-1.33592E-03 8.42792E-04 
-1.27492E-03 8.05407E-04 
-1.22649E-03 7.78575E-04 
-1.17125E-03 7.45654E-04 
-1.11828E-03 7.14570E-04 
-1.06687E-03 6.84695E-04 
-1.01570E-03 6.54896E-04 
-9.61557E-04 6.22543E-04 
-8.95289E-04 5.80268E-04 
-7.88468E-04 5.05242E-04 
-5.56935E-04 3.29764E-04 
-1.85327E-05 -9.34742E-05 
9.46221E-04 -8.63420E-04 
1.96919E-03 -1.68622E-03 
2.51818E-03 -2.13056E-03 
-1.65815E-03 9.99332E-04 
-1.60021E-03 9.64149E-04 
-1.63475E-03 1.00967E-03 
-1.56681E-03 9.65968E-04 
-1.50171E-03 9.24286E-04 
-1.44040E-03 8.85464E-04 
-1.38164E-03 8.49185E-04 
-1.33921E-03 8.23955E-04 
-1.32730E-03 8.17028E-04 
-1.27132E-03 7.84483E-04 
-1.21823E-03 7.53987E-04 
-1.16804E-03 7.25757E-04 
-1.12060E-03 6.99725E-04 
-1.08240E-03 6.81323E-04 
-1.03846E-03 6.57663E-04 
-9.95906E-04 6.35039E-04 
-9.54110E-04 6.12872E-04 
-9.11911E-04 5.90146E-04 
-8.66544E-04 5.64557E-04 
-8.10109E-04 5.29644E-04 
-7.18052E-04 4.65406E-04 
-5.17835E-04 3.12664E-04 
-5.31852E-05 -5.67041E-05 
7.76220E-04 -7.26827E-04 
1.65083E-03 -1.43883E-03 
2.11473E-03 -1.81814E-03 
-1.40249E-03 8.03981E-04 
-1.35610E-03 7.79166E-04 
-1.39028E-03 8.24536E-04 
-1.34221E-03 7.97890E-04 
-1.29535E-03 7.72197E-04 
-1.24905E-03 7.46847E-04 
-1.20401E-03 7.22399E-04 
-1.17099E-03 7.05056E-04 
-1.16169E-03 7.00268E-04 
-1.11927E-03 6.78999E-04 
-1.07873E-03 6.59238E-04 
-1.03957E-03 6.40405E-04 
-1.00209E-03 6.22765E-04 
-9.71420E-04 6.10594E-04 
-9.36090E-04 5.94010E-04 
-9.01418E-04 5.77751E-04 
-8.66786E-04 5.61239E-04 
-8.31219E-04 5.43614E-04 
-7.92373E-04 5.22893E-04 
-7.43478E-04 4.93464E-04 
-6.63434E-04 4.37909E-04 
-4.90015E-04 3.04777E-04 
-8.97612E-05 -1.67790E-05 
6.21112E-04 -5.97875E-04 
1.36647E-03 -1.21165E-03 
1.75753E-03 -1.53450E-03 
-1.21218E-03 6.62653E-04 
-1.17153E-03 6.43494E-04 
-1.19972E-03 6.84155E-04 
-1.16660E-03 6.70297E-04 
-1.13349E-03 6.56782E-04 
-1.10254E-03 6.44749E-04 
-1.06927E-03 6.30419E-04 
-1.04422E-03 6.19976E-04 
-1.03697E-03 6.16983E-04 
-1.00373E-03 6.03734E-04 
-9.72502E-04 5.91910E-04 
-9.42156E-04 5.80489E-04 
-9.12483E-04 5.69373E-04 
-8.87521E-04 5.61872E-04 
-8.58402E-04 5.50299E-04 
-8.29153E-04 5.38272E-04 
-7.99427E-04 5.25462E-04 
-7.68428E-04 5.11150E-04 
-7.34170E-04 4.93636E-04 
-6.90871E-04 4.68067E-04 
-6.20486E-04 4.19351E-04 
-4.69873E-04 3.02990E-04 
-1.25584E-04 2.35716E-05 
4.81949E-04 -4.78639E-04 
1.11516E-03 -1.00582E-03 
1.44404E-03 -1.27986E-03 
-1.07532E-03 5.66814E-04 
-1.03785E-03 5.50742E-04 
-1.05782E-03 5.84680E-04 
-1.03600E-03 5.80865E-04 
-1.01321E-03 5.76248E-04 
-9.90517E-04 5.71601E-04 
-9.67229E-04 5.66139E-04 
-9.48753E-04 5.61355E-04 
-9.43366E-04 5.59956E-04 
-9.18031E-04 5.53448E-04 
-8.92890E-04 5.46736E-04 
-8.68482E-04 5.40295E-04 
-8.44454E-04 5.33782E-04 
-8.23444E-04 5.29328E-04 
-7.98705E-04 5.21128E-04 
-7.73283E-04 5.11917E-04 
-7.46934E-04 5.01446E-04 
-7.19012E-04 4.89120E-04 
-6.87875E-04 4.73520E-04 
-6.48644E-04 4.50501E-04 
-5.85977E-04 4.07079E-04 
-4.54734E-04 3.04987E-04 
-1.58994E-04 6.25744E-05 
3.58595E-04 -3.69958E-04 
8.94622E-04 -8.21018E-04 
1.17049E-03 -1.05293E-03 
-9.81103E-04 5.07962E-04 
-9.47653E-04 4.95666E-04 
-9.59278E-04 5.22600E-04 
-9.43535E-04 5.24200E-04 
-9.27427E-04 5.25313E-04 
-9.09949E-04 5.25150E-04 
-8.92724E-04 5.25079E-04 
-8.80220E-04 5.25568E-04 
-8.76386E-04 5.25518E-04 
-8.56868E-04 5.23875E-04 
-8.37105E-04 5.21651E-04 
-8.16891E-04 5.18605E-04 
-7.96155E-04 5.14630E-04 
-7.76938E-04 5.11263E-04 
-7.54518E-04 5.04529E-04 
-7.31164E-04 4.96503E-04 
-7.06607E-04 4.86905E-04 
-6.80343E-04 4.75263E-04 
-6.51006E-04 4.60381E-04 
-6.14488E-04 4.38732E-04 
-5.57809E-04 3.99199E-04 
-4.42788E-04 3.09033E-04 
-1.88675E-04 9.86938E-05 
2.51498E-04 -2.73043E-04 
7.04232E-04 -6.57961E-04 
9.35368E-04 -8.53946E-04 
-9.22501E-04 4.81251E-04 
-8.94835E-04 4.73984E-04 
-8.94670E-04 4.90798E-04 
-8.82627E-04 4.95601E-04 
-8.74433E-04 5.03693E-04 
-8.58544E-04 5.04840E-04 
-8.44339E-04 5.07060E-04 
-8.33151E-04 5.08459E-04 
-8.30038E-04 5.08988E-04 
-8.15569E-04 5.11616E-04 
-7.99135E-04 5.12052E-04 
-7.81007E-04 5.10451E-04 
-7.61759E-04 5.07271E-04 
-7.43200E-04 5.03892E-04 
-7.21818E-04 4.97417E-04 
-6.99234E-04 4.89342E-04 
-6.75249E-04 4.79460E-04 
-6.49487E-04 4.67408E-04 
-6.20856E-04 4.52222E-04 
-5.85945E-04 4.30943E-04 
-5.33856E-04 3.94133E-04 
-4.32532E-04 3.13978E-04 
-2.14516E-04 1.31721E-04 
1.58242E-04 -1.86379E-04 
5.38743E-04 -5.13181E-04 
7.31711E-04 -6.78189E-04 
-8.94574E-04 4.83058E-04 
-8.72562E-04 4.80594E-04 
-8.62885E-04 4.88783E-04 
-8.50007E-04 4.92678E-04 
-8.47096E-04 5.05265E-04 
-8.34576E-04 5.09189E-04 
-8.21544E-04 5.12217E-04 
-8.10696E-04 5.13520E-04 
-8.07467E-04 5.13824E-04 
-7.91638E-04 5.14735E-04 
-7.75966E-04 5.15366E-04 
-7.57997E-04 5.13310E-04 
-7.38920E-04 5.09625E-04 
-7.19847E-04 5.05088E-04 
-6.98217E-04 4.97638E-04 
-6.75208E-04 4.88374E-04 
-6.50715E-04 4.77164E-04 
-6.24469E-04 4.63750E-04 
-5.95622E-04 4.47379E-04 
-5.61375E-04 4.25604E-04 
-5.12662E-04 3.90491E-04 
-4.22776E-04 3.18610E-04 
-2.35811E-04 1.60731E-04 
7.86953E-05 -1.10425E-04 
3.97061E-04 -3.86587E-04 
5.57762E-04 -5.25150E-04 
-8.93212E-04 5.10284E-04 
-8.76220E-04 5.11989E-04 
-8.60962E-04 5.14736E-04 
-8.40355E-04 5.11487E-04 
-8.38208E-04 5.24295E-04 
-8.30253E-04 5.31718E-04 
-8.15937E-04 5.33184E-04 
-8.04696E-04 5.33863E-04 
-8.01163E-04 5.33771E-04 
-7.83893E-04 5.32689E-04 
-7.65446E-04 5.30020E-04 
-7.46368E-04 5.26163E-04 
-7.25831E-04 5.20364E-04 
-7.04983E-04 5.13413E-04 
-6.81831E-04 5.03718E-04 
-6.57223E-04 4.92077E-04 
-6.31158E-04 4.78470E-04 
-6.03493E-04 4.62755E-04 
-5.73590E-04 4.44371E-04 
-5.39192E-04 4.21326E-04 
-4.92829E-04 3.87025E-04 
-4.12466E-04 3.21929E-04 
-2.52228E-04 1.85215E-04 
1.19272E-05 -4.48410E-05 
2.76863E-04 -2.76895E-04 
4.10333E-04 -3.92935E-04 
-9.14102E-04 5.59531E-04 
-8.99569E-04 5.62783E-04 
-8.81934E-04 5.62818E-04 
-8.51436E-04 5.50143E-04 
-8.44511E-04 5.58101E-04 
-8.38047E-04 5.66158E-04 
-8.21926E-04 5.65265E-04 
-8.09199E-04 5.64042E-04 
-8.05447E-04 5.63600E-04 
-7.86133E-04 5.59852E-04 
-7.64986E-04 5.53829E-04 
-7.43232E-04 5.46662E-04 
-7.20042E-04 5.37504E-04 
-6.96133E-04 5.26749E-04 
-6.70224E-04 5.13499E-04 
-6.42983E-04 4.98396E-04 
-6.14461E-04 4.81463E-04 
-5.84610E-04 4.62650E-04 
-5.52983E-04 4.41566E-04 
-5.17793E-04 4.16631E-04 
-4.72973E-04 3.82437E-04 
-4.00556E-04 3.22897E-04 
-2.63360E-04 2.04593E-04 
-4.27390E-05 1.05338E-05 
1.76291E-04 -1.83135E-04 
2.86837E-04 -2.80048E-04 
-9.51544E-04 6.25491E-04 
-9.36050E-04 6.27143E-04 
-9.17823E-04 6.25752E-04 
-8.80857E-04 6.06547E-04 
-8.62583E-04 6.03550E-04 
-8.54914E-04 6.09642E-04 
-8.36099E-04 6.05361E-04 
-8.20574E-04 6.00875E-04 
-8.16332E-04 5.99780E-04 
-7.95440E-04 5.93621E-04 
-7.71388E-04 5.83913E-04 
-7.45674E-04 5.72029E-04 
-7.18347E-04 5.57925E-04 
-6.90463E-04 5.42372E-04 
-6.60893E-04 5.24605E-04 
-6.30118E-04 5.05084E-04 
-5.98361E-04 4.83996E-04 
-5.65713E-04 4.61427E-04 
-5.31884E-04 4.37134E-04 
-4.95479E-04 4.09885E-04 
-4.51640E-04 3.75315E-04 
-3.85931E-04 3.20381E-04 
-2.68676E-04 2.18159E-04 
-8.57029E-05 5.56407E-05 
9.39376E-05 -1.04669E-04 
1.85223E-04 -1.85377E-04 
-9.97490E-04 7.00271E-04 
-9.77826E-04 6.97346E-04 
-9.59549E-04 6.94994E-04 
-9.19433E-04 6.72020E-04 
-8.88938E-04 6.57088E-04 
-8.75130E-04 6.56661E-04 
-8.55767E-04 6.50771E-04 
-8.37423E-04 6.42871E-04 
-8.31905E-04 6.40362E-04 
-8.05568E-04 6.27981E-04 
-7.78762E-04 6.14562E-04 
-7.48707E-04 5.97429E-04 
-7.16607E-04 5.77638E-04 
-6.83960E-04 5.56418E-04 
-6.49969E-04 5.33283E-04 
-6.15217E-04 5.08802E-04 
-5.79937E-04 4.83184E-04 
-5.44274E-04 4.56577E-04 
-5.08098E-04 4.28890E-04 
-4.70365E-04 3.99204E-04 
-4.27253E-04 3.64067E-04 
-3.67373E-04 3.13099E-04 
-2.67466E-04 2.25021E-04 
-1.17014E-04 9.01123E-05 
2.89338E-05 -4.12973E-05 
1.04062E-04 -1.08301E-04 
-1.04108E-03 7.73255E-04 
-1.01621E-03 7.64785E-04 
-9.96292E-04 7.59965E-04 
-9.57616E-04 7.37254E-04 
-9.15967E-04 7.11192E-04 
-8.94312E-04 7.02576E-04 
-8.73562E-04 6.94241E-04 
-8.53952E-04 6.84264E-04 
-8.47994E-04 6.81089E-04 
-8.16365E-04 6.62519E-04 
-7.82290E-04 6.40979E-04 
-7.46838E-04 6.17431E-04 
-7.09225E-04 5.91127E-04 
-6.71765E-04 5.64057E-04 
-6.33481E-04 5.35555E-04 
-5.94828E-04 5.06089E-04 
-5.56143E-04 4.75979E-04 
-5.17677E-04 4.45482E-04 
-4.79418E-04 4.14623E-04 
-4.40615E-04 3.82750E-04 
-3.98333E-04 3.47200E-04 
-3.43783E-04 2.99903E-04 
-2.59145E-04 2.24432E-04 
-1.36820E-04 1.13725E-04 
-1.96626E-05 7.32285E-06 
4.18572E-05 -4.80413E-05 
-1.07084E-03 8.32569E-04 
-1.04188E-03 8.19531E-04 
-1.01855E-03 8.10626E-04 
-9.82723E-04 7.89459E-04 
-9.33708E-04 7.55597E-04 
-9.03665E-04 7.38222E-04 
-8.81598E-04 7.27494E-04 
-8.60136E-04 7.14844E-04 
-8.53452E-04 7.10712E-04 
-8.17655E-04 6.86897E-04 
-7.76967E-04 6.57714E-04 
-7.35041E-04 6.26674E-04 
-6.92333E-04 5.94147E-04 
-6.50316E-04 5.61394E-04 
-6.08148E-04 5.27859E-04 
-5.66074E-04 4.93815E-04 
-5.24572E-04 4.59740E-04 
-4.83969E-04 4.25978E-04 
-4.44319E-04 3.92619E-04 
-4.05096E-04 3.59219E-04 
-3.64096E-04 3.23772E-04 
-3.14687E-04 2.80152E-04 
-2.43547E-04 2.15995E-04 
-1.45324E-04 1.26308E-04 
-5.24827E-05 4.12887E-05 
-2.40199E-06 -4.19867E-06 
-1.07785E-03 8.68954E-04 
-1.04600E-03 8.52355E-04 
-1.01853E-03 8.38738E-04 
-9.85433E-04 8.19039E-04 
-9.33243E-04 7.81131E-04 
-8.93847E-04 7.54088E-04 
-8.71847E-04 7.42204E-04 
-8.46059E-04 7.24554E-04 
-8.37744E-04 7.18606E-04 
-7.98169E-04 6.89844E-04 
-7.53758E-04 6.55735E-04 
-7.08075E-04 6.19685E-04 
-6.61474E-04 5.82017E-04 
-6.15920E-04 5.44519E-04 
-5.70722E-04 5.06748E-04 
-5.26281E-04 4.69137E-04 
-4.83069E-04 4.32177E-04 
-4.41448E-04 3.96257E-04 
-4.01515E-04 3.61514E-04 
-3.62901E-04 3.27646E-04 
-3.23968E-04 2.93163E-04 
-2.79837E-04 2.53536E-04 
-2.20819E-04 1.99719E-04 
-1.43235E-04 1.28273E-04 
-7.08738E-05 6.14826E-05 
-3.05259E-05 2.44922E-05 
-1.05664E-03 8.76263E-04 
-1.02279E-03 8.56878E-04 
-9.91013E-04 8.38376E-04 
-9.58983E-04 8.18640E-04 
-9.08834E-04 7.81474E-04 
-8.59906E-04 7.44526E-04 
-8.36029E-04 7.29755E-04 
-8.09876E-04 7.10732E-04 
-8.00376E-04 7.03387E-04 
-7.53848E-04 6.66741E-04 
-7.08866E-04 6.30696E-04 
-6.61169E-04 5.91304E-04 
-6.12599E-04 5.50341E-04 
-5.65362E-04 5.09889E-04 
-5.18981E-04 4.69692E-04 
-4.73940E-04 4.30280E-04 
-4.30721E-04 3.92156E-04 
-3.89707E-04 3.55733E-04 
-3.51012E-04 3.21169E-04 
-3.14353E-04 2.88242E-04 
-2.78522E-04 2.55855E-04 
-2.40011E-04 2.20738E-04 
-1.91975E-04 1.76473E-04 
-1.31931E-04 1.20734E-04 
-7.66549E-05 6.93318E-05 
-4.46607E-05 3.97298E-05 
-1.00624E-03 8.52809E-04 
-9.70516E-04 8.30714E-04 
-9.35560E-04 8.08333E-04 
-9.02406E-04 7.86535E-04 
-8.56699E-04 7.52331E-04 
-7.99463E-04 7.06606E-04 
-7.70371E-04 6.85879E-04 
-7.46776E-04 6.68283E-04 
-7.37375E-04 6.60741E-04 
-6.87416E-04 6.19519E-04 
-6.40216E-04 5.80048E-04 
-5.93277E-04 5.40026E-04 
-5.45292E-04 4.98313E-04 
-4.98620E-04 4.57177E-04 
-4.53226E-04 4.16758E-04 
-4.09712E-04 3.77704E-04 
-3.68584E-04 3.40557E-04 
-3.30125E-04 3.05641E-04 
-2.94399E-04 2.73065E-04 
-2.61168E-04 2.42647E-04 
-2.29534E-04 2.13569E-04 
-1.97032E-04 1.83529E-04 
-1.58960E-04 1.48104E-04 
-1.13652E-04 1.05734E-04 
-7.24536E-05 6.71564E-05 
-4.76689E-05 4.40235E-05 
-9.30474E-04 8.01749E-04 
-8.92649E-04 7.76717E-04 
-8.55551E-04 7.51347E-04 
-8.19976E-04 7.26317E-04 
-7.77880E-04 6.94360E-04 
-7.17749E-04 6.44793E-04 
-6.78760E-04 6.13798E-04 
-6.57468E-04 5.97470E-04 
-6.48556E-04 5.90120E-04 
-6.03102E-04 5.51874E-04 
-5.56248E-04 5.11494E-04 
-5.08998E-04 4.69994E-04 
-4.62949E-04 4.28981E-04 
-4.18815E-04 3.89209E-04 
-3.76705E-04 3.50937E-04 
-3.36994E-04 3.14610E-04 
-3.00019E-04 2.80608E-04 
-2.65954E-04 2.49151E-04 
-2.34792E-04 2.20277E-04 
-2.06294E-04 1.93796E-04 
-1.79774E-04 1.69084E-04 
-1.53521E-04 1.44540E-04 
-1.24386E-04 1.17195E-04 
-9.12393E-05 8.59910E-05 
-6.14314E-05 5.79051E-05 
-4.28376E-05 4.04106E-05 
-8.36327E-04 7.29631E-04 
-7.96650E-04 7.01892E-04 
-7.57937E-04 6.74000E-04 
-7.19455E-04 6.45273E-04 
-6.80105E-04 6.14793E-04 
-6.21525E-04 5.65521E-04 
-5.72944E-04 5.24593E-04 
-5.51171E-04 5.07007E-04 
-5.43805E-04 5.00859E-04 
-5.04064E-04 4.66848E-04 
-4.60668E-04 4.28663E-04 
-4.15600E-04 3.88222E-04 
-3.72700E-04 3.49266E-04 
-3.33079E-04 3.12948E-04 
-2.96064E-04 2.78774E-04 
-2.61812E-04 2.46972E-04 
-2.30515E-04 2.17786E-04 
-2.02168E-04 1.91260E-04 
-1.76654E-04 1.67321E-04 
-1.53701E-04 1.45737E-04 
-1.32762E-04 1.26009E-04 
-1.12653E-04 1.07028E-04 
-9.12964E-05 8.68331E-05 
-6.79132E-05 6.46927E-05 
-4.70821E-05 4.49576E-05 
-3.36900E-05 3.22669E-05 
-7.32610E-04 6.45053E-04 
-6.91467E-04 6.14962E-04 
-6.51767E-04 5.85151E-04 
-6.11392E-04 5.53687E-04 
-5.73128E-04 5.23179E-04 
-5.19689E-04 4.77659E-04 
-4.64778E-04 4.29850E-04 
-4.41342E-04 4.10002E-04 
-4.34955E-04 4.04558E-04 
-3.98991E-04 3.73091E-04 
-3.59825E-04 3.38006E-04 
-3.20430E-04 3.02135E-04 
-2.82960E-04 2.67612E-04 
-2.49241E-04 2.36295E-04 
-2.18629E-04 2.07683E-04 
-1.90936E-04 1.81672E-04 
-1.66136E-04 1.58290E-04 
-1.44102E-04 1.37457E-04 
-1.24599E-04 1.18973E-04 
-1.07331E-04 1.02581E-04 
-9.18573E-05 8.78717E-05 
-7.73511E-05 7.40700E-05 
-6.24492E-05 5.98886E-05 
-4.66031E-05 4.48114E-05 
-3.25903E-05 3.14742E-05 
-2.33935E-05 2.27044E-05 
-6.27579E-04 5.56246E-04 
-5.85862E-04 5.24676E-04 
-5.45793E-04 4.93588E-04 
-5.05187E-04 4.60979E-04 
-4.67469E-04 4.30046E-04 
-4.19287E-04 3.88491E-04 
-3.61915E-04 3.37507E-04 
-3.37561E-04 3.16190E-04 
-3.32948E-04 3.12232E-04 
-3.00555E-04 2.83304E-04 
-2.64998E-04 2.50901E-04 
-2.32635E-04 2.21085E-04 
-2.02540E-04 1.93051E-04 
-1.75551E-04 1.67711E-04 
-1.51606E-04 1.45104E-04 
-1.30457E-04 1.25053E-04 
-1.11977E-04 1.07474E-04 
-9.59285E-05 9.21701E-05 
-8.20090E-05 7.88705E-05 
-6.98992E-05 6.72835E-05 
-5.92232E-05 5.70586E-05 
-4.93981E-05 4.76473E-05 
-3.95229E-05 3.81985E-05 
-2.92065E-05 2.83430E-05 
-2.01302E-05 1.96707E-05 
-1.41299E-05 1.39171E-05 
---
