PdfType: replica
Format: lhagrid1
---
1.00000E-06 1.28121E-06 1.64152E-06 2.10317E-06 2.69463E-06 3.45242E-06 4.42329E-06 5.66715E-06 7.26076E-06 9.30241E-06 1.19180E-05 1.52689E-05 1.95617E-05 2.50609E-05 3.21053E-05 4.11287E-05 5.26863E-05 6.74889E-05 8.64459E-05 1.10720E-04 1.41800E-04 1.81585E-04 2.32503E-04 2.97652E-04 3.80981E-04 4.87518E-04 6.26039E-04 8.00452E-04 1.02297E-03 1.30657E-03 1.66759E-03 2.12729E-03 2.71054E-03 3.44865E-03 4.37927E-03 5.54908E-03 7.01192E-03 8.83064E-03 1.10763E-02 1.38266E-02 1.71641E-02 2.11717E-02 2.59364E-02 3.15062E-02 3.79623E-02 4.53425E-02 5.36750E-02 6.29705E-02 7.32221E-02 8.44039E-02 9.64793E-02 1.09332E-01 1.23067E-01 1.37507E-01 1.52639E-01 1.68416E-01 1.84794E-01 2.01731E-01 2.19016E-01 2.36948E-01 2.55242E-01 2.73927E-01 2.92954E-01 3.12340E-01 3.32036E-01 3.52019E-01 3.72282E-01 3.92772E-01 4.13533E-01 4.34326E-01 4.55495E-01 4.76836E-01 4.98342E-01 5.20006E-01 5.41818E-01 5.63773E-01 5.85861E-01 6.08077E-01 6.30459E-01 6.52800E-01 6.75387E-01 6.98063E-01 7.20830E-01 7.43683E-01 7.66623E-01 7.89636E-01 8.12791E-01 8.35940E-01 8.59175E-01 8.82485E-01 9.05866E-01 9.29311E-01 9.52817E-01 9.76387E-01 1.00000E+00 
1.14018E+00 1.22539E+00 1.32482E+00 1.44156E+00 1.57954E+00 1.74381E+00 1.94091E+00 2.12132E+00 2.17945E+00 2.49622E+00 2.89383E+00 3.39925E+00 4.05063E+00 4.90286E+00 6.03623E+00 7.57063E+00 9.68869E+00 1.26749E+01 1.69835E+01 2.33578E+01 3.30501E+01 4.82334E+01 7.28041E+01 1.13998E+02 1.85779E+02 3.16228E+02 
908 909 
-8.65020E+02 -3.83453E+01 
-8.69160E+02 -3.89001E+01 
-8.72293E+02 -3.99358E+01 
-8.73814E+02 -4.07016E+01 
-8.75384E+02 -4.15497E+01 
-8.77029E+02 -4.24986E+01 
-8.78784E+02 -4.35689E+01 
-8.80242E+02 -4.44943E+01 
-8.80688E+02 -4.47827E+01 
-8.82965E+02 -4.62795E+01 
-8.85542E+02 -4.80020E+01 
-8.88506E+02 -4.99826E+01 
-8.91955E+02 -5.22545E+01 
-8.96394E+02 -5.46890E+01 
-9.01449E+02 -5.77731E+01 
-9.07516E+02 -6.12579E+01 
-9.14826E+02 -6.51831E+01 
-9.23733E+02 -6.95922E+01 
-9.34898E+02 -7.45432E+01 
-9.49938E+02 -8.01467E+01 
-9.73661E+02 -8.67094E+01 
-1.02083E+03 -9.52073E+01 
-1.12711E+03 -1.08207E+02 
-1.32888E+03 -1.28952E+02 
-1.57873E+03 -1.55168E+02 
-1.77218E+03 -1.79206E+02 
-6.82225E+02 -3.04107E+01 
-6.85539E+02 -3.08716E+01 
-6.88102E+02 -3.17743E+01 
-6.89393E+02 -3.24228E+01 
-6.90730E+02 -3.31436E+01 
-6.92138E+02 -3.39525E+01 
-6.93645E+02 -3.48664E+01 
-6.94902E+02 -3.56572E+01 
-6.95287E+02 -3.59037E+01 
-6.97256E+02 -3.71824E+01 
-6.99491E+02 -3.86521E+01 
-7.02064E+02 -4.03383E+01 
-7.05059E+02 -4.22668E+01 
-7.08884E+02 -4.42926E+01 
-7.13273E+02 -4.68734E+01 
-7.18518E+02 -4.97794E+01 
-7.24810E+02 -5.30401E+01 
-7.32433E+02 -5.66875E+01 
-7.41918E+02 -6.07641E+01 
-7.54552E+02 -6.53524E+01 
-7.74151E+02 -7.06881E+01 
-8.12429E+02 -7.75301E+01 
-8.97717E+02 -8.78824E+01 
-1.05905E+03 -1.04273E+02 
-1.25900E+03 -1.24898E+02 
-1.41459E+03 -1.43730E+02 
-5.38066E+02 -2.41356E+01 
-5.40718E+02 -2.45227E+01 
-5.42827E+02 -2.53026E+01 
-5.43919E+02 -2.58558E+01 
-5.45055E+02 -2.64723E+01 
-5.46256E+02 -2.71653E+01 
-5.47547E+02 -2.79489E+01 
-5.48627E+02 -2.86268E+01 
-5.48959E+02 -2.88380E+01 
-5.50658E+02 -2.99327E+01 
-5.52592E+02 -3.11881E+01 
-5.54821E+02 -3.26241E+01 
-5.57416E+02 -3.42606E+01 
-5.60703E+02 -3.59439E+01 
-5.64502E+02 -3.81009E+01 
-5.69025E+02 -4.05205E+01 
-5.74426E+02 -4.32242E+01 
-5.80938E+02 -4.62350E+01 
-5.88983E+02 -4.95831E+01 
-5.99586E+02 -5.33297E+01 
-6.15774E+02 -5.76545E+01 
-6.46843E+02 -6.31447E+01 
-7.15302E+02 -7.13566E+01 
-8.44319E+02 -8.42485E+01 
-1.00434E+03 -1.00385E+02 
-1.12947E+03 -1.15043E+02 
-4.24358E+02 -1.91960E+01 
-4.26481E+02 -1.95232E+01 
-4.28225E+02 -2.01930E+01 
-4.29147E+02 -2.06667E+01 
-4.30111E+02 -2.11956E+01 
-4.31135E+02 -2.17907E+01 
-4.32240E+02 -2.24636E+01 
-4.33169E+02 -2.30452E+01 
-4.33454E+02 -2.32263E+01 
-4.34919E+02 -2.41636E+01 
-4.36590E+02 -2.52354E+01 
-4.38519E+02 -2.64572E+01 
-4.40764E+02 -2.78438E+01 
-4.43584E+02 -2.92392E+01 
-4.46865E+02 -3.10385E+01 
-4.50756E+02 -3.30487E+01 
-4.55383E+02 -3.52850E+01 
-4.60935E+02 -3.77634E+01 
-4.67749E+02 -4.05050E+01 
-4.76639E+02 -4.35540E+01 
-4.90008E+02 -4.70464E+01 
-5.15232E+02 -5.14331E+01 
-5.70193E+02 -5.79139E+01 
-6.73377E+02 -6.79919E+01 
-8.01458E+02 -8.05289E+01 
-9.02070E+02 -9.18435E+01 
-3.34669E+02 -1.53167E+01 
-3.36370E+02 -1.55942E+01 
-3.37816E+02 -1.61669E+01 
-3.38596E+02 -1.65729E+01 
-3.39414E+02 -1.70270E+01 
-3.40287E+02 -1.75381E+01 
-3.41234E+02 -1.81156E+01 
-3.42032E+02 -1.86143E+01 
-3.42278E+02 -1.87694E+01 
-3.43541E+02 -1.95709E+01 
-3.44985E+02 -2.04845E+01 
-3.46653E+02 -2.15219E+01 
-3.48595E+02 -2.26942E+01 
-3.51009E+02 -2.38475E+01 
-3.53836E+02 -2.53446E+01 
-3.57177E+02 -2.70101E+01 
-3.61134E+02 -2.88545E+01 
-3.65859E+02 -3.08882E+01 
-3.71622E+02 -3.31253E+01 
-3.79070E+02 -3.55972E+01 
-3.90109E+02 -3.84054E+01 
-4.10589E+02 -4.18925E+01 
-4.54722E+02 -4.69746E+01 
-5.37256E+02 -5.47921E+01 
-6.39771E+02 -6.44464E+01 
-7.20655E+02 -7.30928E+01 
-2.63924E+02 -1.22706E+01 
-2.65289E+02 -1.25063E+01 
-2.66493E+02 -1.29941E+01 
-2.67153E+02 -1.33418E+01 
-2.67848E+02 -1.37311E+01 
-2.68594E+02 -1.41694E+01 
-2.69406E+02 -1.46643E+01 
-2.70093E+02 -1.50911E+01 
-2.70304E+02 -1.52236E+01 
-2.71394E+02 -1.59075E+01 
-2.72642E+02 -1.66844E+01 
-2.74084E+02 -1.75630E+01 
-2.75761E+02 -1.85512E+01 
-2.77825E+02 -1.95011E+01 
-2.80257E+02 -2.07432E+01 
-2.83120E+02 -2.21189E+01 
-2.86498E+02 -2.36350E+01 
-2.90513E+02 -2.52980E+01 
-2.95380E+02 -2.71164E+01 
-3.01613E+02 -2.91120E+01 
-3.10723E+02 -3.13591E+01 
-3.27354E+02 -3.41146E+01 
-3.62796E+02 -3.80691E+01 
-4.28816E+02 -4.40753E+01 
-5.10862E+02 -5.14286E+01 
-5.75864E+02 -5.79547E+01 
-2.08129E+02 -9.87519E+00 
-2.09226E+02 -1.00750E+01 
-2.10231E+02 -1.04893E+01 
-2.10791E+02 -1.07864E+01 
-2.11384E+02 -1.11194E+01 
-2.12022E+02 -1.14944E+01 
-2.12719E+02 -1.19175E+01 
-2.13310E+02 -1.22818E+01 
-2.13492E+02 -1.23948E+01 
-2.14433E+02 -1.29768E+01 
-2.15511E+02 -1.36355E+01 
-2.16757E+02 -1.43773E+01 
-2.18206E+02 -1.52078E+01 
-2.19967E+02 -1.59871E+01 
-2.22054E+02 -1.70143E+01 
-2.24503E+02 -1.81469E+01 
-2.27382E+02 -1.93888E+01 
-2.30787E+02 -2.07435E+01 
-2.34891E+02 -2.22155E+01 
-2.40102E+02 -2.38192E+01 
-2.47617E+02 -2.56075E+01 
-2.61121E+02 -2.77702E+01 
-2.89584E+02 -3.08187E+01 
-3.42391E+02 -3.53791E+01 
-4.08044E+02 -4.09042E+01 
-4.60259E+02 -4.57545E+01 
-1.64131E+02 -7.98599E+00 
-1.65015E+02 -8.15512E+00 
-1.65855E+02 -8.50569E+00 
-1.66331E+02 -8.75874E+00 
-1.66837E+02 -9.04284E+00 
-1.67383E+02 -9.36283E+00 
-1.67983E+02 -9.72354E+00 
-1.68492E+02 -1.00335E+01 
-1.68649E+02 -1.01296E+01 
-1.69461E+02 -1.06234E+01 
-1.70392E+02 -1.11802E+01 
-1.71469E+02 -1.18045E+01 
-1.72719E+02 -1.25000E+01 
-1.74219E+02 -1.31367E+01 
-1.76007E+02 -1.39836E+01 
-1.78098E+02 -1.49128E+01 
-1.80546E+02 -1.59263E+01 
-1.83430E+02 -1.70253E+01 
-1.86885E+02 -1.82117E+01 
-1.91236E+02 -1.94939E+01 
-1.97431E+02 -2.09087E+01 
-2.08393E+02 -2.25926E+01 
-2.31249E+02 -2.49167E+01 
-2.73480E+02 -2.83290E+01 
-3.26000E+02 -3.24096E+01 
-3.67916E+02 -3.59441E+01 
-1.29440E+02 -6.49024E+00 
-1.30153E+02 -6.63304E+00 
-1.30858E+02 -6.92849E+00 
-1.31263E+02 -7.14335E+00 
-1.31695E+02 -7.38498E+00 
-1.32164E+02 -7.65722E+00 
-1.32680E+02 -7.96382E+00 
-1.33119E+02 -8.22689E+00 
-1.33254E+02 -8.30832E+00 
-1.33955E+02 -8.72600E+00 
-1.34759E+02 -9.19515E+00 
-1.35688E+02 -9.71882E+00 
-1.36765E+02 -1.02993E+01 
-1.38041E+02 -1.08172E+01 
-1.39570E+02 -1.15129E+01 
-1.41352E+02 -1.22725E+01 
-1.43430E+02 -1.30964E+01 
-1.45867E+02 -1.39843E+01 
-1.48771E+02 -1.49359E+01 
-1.52398E+02 -1.59555E+01 
-1.57501E+02 -1.70673E+01 
-1.66397E+02 -1.83666E+01 
-1.84745E+02 -2.01143E+01 
-2.18508E+02 -2.26205E+01 
-2.60502E+02 -2.55677E+01 
-2.94124E+02 -2.80770E+01 
-1.02092E+02 -5.30073E+00 
-1.02668E+02 -5.42103E+00 
-1.03260E+02 -5.66872E+00 
-1.03606E+02 -5.85059E+00 
-1.03976E+02 -6.05550E+00 
-1.04378E+02 -6.28646E+00 
-1.04822E+02 -6.54632E+00 
-1.05200E+02 -6.76890E+00 
-1.05317E+02 -6.83772E+00 
-1.05922E+02 -7.18992E+00 
-1.06616E+02 -7.58397E+00 
-1.07417E+02 -8.02175E+00 
-1.08343E+02 -8.50449E+00 
-1.09426E+02 -8.92375E+00 
-1.10731E+02 -9.49335E+00 
-1.12246E+02 -1.01120E+01 
-1.14006E+02 -1.07791E+01 
-1.16061E+02 -1.14931E+01 
-1.18498E+02 -1.22525E+01 
-1.21517E+02 -1.30584E+01 
-1.25716E+02 -1.39256E+01 
-1.32931E+02 -1.49174E+01 
-1.47655E+02 -1.62095E+01 
-1.74635E+02 -1.80058E+01 
-2.08192E+02 -2.00708E+01 
-2.35134E+02 -2.17884E+01 
-8.05335E+01 -4.35023E+00 
-8.10004E+01 -4.45137E+00 
-8.14991E+01 -4.65766E+00 
-8.17938E+01 -4.81116E+00 
-8.21105E+01 -4.98447E+00 
-8.24559E+01 -5.17988E+00 
-8.28378E+01 -5.39952E+00 
-8.31636E+01 -5.58732E+00 
-8.32646E+01 -5.64530E+00 
-8.37863E+01 -5.94140E+00 
-8.43846E+01 -6.27131E+00 
-8.50740E+01 -6.63606E+00 
-8.58705E+01 -7.03609E+00 
-8.67877E+01 -7.37379E+00 
-8.78986E+01 -7.83852E+00 
-8.91839E+01 -8.34045E+00 
-9.06719E+01 -8.87823E+00 
-9.24018E+01 -9.44970E+00 
-9.44416E+01 -1.00523E+01 
-9.69512E+01 -1.06851E+01 
-1.00402E+02 -1.13557E+01 
-1.06249E+02 -1.21030E+01 
-1.18058E+02 -1.30376E+01 
-1.39604E+02 -1.42823E+01 
-1.66398E+02 -1.56671E+01 
-1.87961E+02 -1.67800E+01 
-6.35403E+01 -3.58696E+00 
-6.39190E+01 -3.67186E+00 
-6.43400E+01 -3.84224E+00 
-6.45914E+01 -3.97149E+00 
-6.48626E+01 -4.11772E+00 
-6.51591E+01 -4.28264E+00 
-6.54876E+01 -4.46782E+00 
-6.57683E+01 -4.62582E+00 
-6.58553E+01 -4.67453E+00 
-6.63047E+01 -4.92274E+00 
-6.68199E+01 -5.19807E+00 
-6.74127E+01 -5.50094E+00 
-6.80959E+01 -5.83124E+00 
-6.88711E+01 -6.10178E+00 
-6.98148E+01 -6.47959E+00 
-7.09030E+01 -6.88519E+00 
-7.21582E+01 -7.31678E+00 
-7.36112E+01 -7.77178E+00 
-7.53156E+01 -8.24710E+00 
-7.73977E+01 -8.74026E+00 
-8.02297E+01 -9.25369E+00 
-8.49643E+01 -9.80792E+00 
-9.44273E+01 -1.04641E+01 
-1.11620E+02 -1.12843E+01 
-1.32992E+02 -1.21505E+01 
-1.50226E+02 -1.28073E+01 
-5.01456E+01 -2.97102E+00 
-5.04534E+01 -3.04225E+00 
-5.08095E+01 -3.18150E+00 
-5.10240E+01 -3.29010E+00 
-5.12560E+01 -3.41322E+00 
-5.15105E+01 -3.55211E+00 
-5.17929E+01 -3.70784E+00 
-5.20344E+01 -3.84044E+00 
-5.21093E+01 -3.88125E+00 
-5.24961E+01 -4.08871E+00 
-5.29391E+01 -4.31777E+00 
-5.34479E+01 -4.56840E+00 
-5.40328E+01 -4.84010E+00 
-5.46865E+01 -5.05558E+00 
-5.54865E+01 -5.36160E+00 
-5.64058E+01 -5.68798E+00 
-5.74622E+01 -6.03268E+00 
-5.86799E+01 -6.39290E+00 
-6.01011E+01 -6.76527E+00 
-6.18251E+01 -7.14636E+00 
-6.41460E+01 -7.53483E+00 
-6.79753E+01 -7.93761E+00 
-7.55514E+01 -8.37905E+00 
-8.92568E+01 -8.87656E+00 
-1.06284E+02 -9.35261E+00 
-1.20035E+02 -9.67080E+00 
-3.95874E+01 -2.47156E+00 
-3.98378E+01 -2.53132E+00 
-4.01395E+01 -2.64362E+00 
-4.03224E+01 -2.73473E+00 
-4.05209E+01 -2.83822E+00 
-4.07391E+01 -2.95495E+00 
-4.09817E+01 -3.08563E+00 
-4.11893E+01 -3.19662E+00 
-4.12536E+01 -3.23072E+00 
-4.15861E+01 -3.40362E+00 
-4.19664E+01 -3.59359E+00 
-4.24023E+01 -3.80027E+00 
-4.29022E+01 -4.02293E+00 
-4.34521E+01 -4.19349E+00 
-4.41287E+01 -4.44041E+00 
-4.49035E+01 -4.70189E+00 
-4.57906E+01 -4.97575E+00 
-4.68089E+01 -5.25916E+00 
-4.79914E+01 -5.54865E+00 
-4.94161E+01 -5.84024E+00 
-5.13148E+01 -6.12998E+00 
-5.44078E+01 -6.41491E+00 
-6.04663E+01 -6.69251E+00 
-7.13782E+01 -6.94810E+00 
-8.49240E+01 -7.13563E+00 
-9.58754E+01 -7.20746E+00 
-3.12642E+01 -2.06459E+00 
-3.14682E+01 -2.11477E+00 
-3.17243E+01 -2.20382E+00 
-3.18801E+01 -2.28017E+00 
-3.20497E+01 -2.36703E+00 
-3.22366E+01 -2.46497E+00 
-3.24447E+01 -2.57439E+00 
-3.26230E+01 -2.66706E+00 
-3.26782E+01 -2.69549E+00 
-3.29635E+01 -2.83919E+00 
-3.32894E+01 -2.99624E+00 
-3.36622E+01 -3.16608E+00 
-3.40885E+01 -3.34783E+00 
-3.45500E+01 -3.48191E+00 
-3.51209E+01 -3.68035E+00 
-3.57725E+01 -3.88884E+00 
-3.65157E+01 -4.10518E+00 
-3.73652E+01 -4.32661E+00 
-3.83469E+01 -4.54970E+00 
-3.95217E+01 -4.77022E+00 
-4.10722E+01 -4.98247E+00 
-4.35668E+01 -5.17654E+00 
-4.84050E+01 -5.33082E+00 
-5.70803E+01 -5.40825E+00 
-6.78386E+01 -5.38701E+00 
-7.65414E+01 -5.28430E+00 
-2.47022E+01 -1.73139E+00 
-2.48685E+01 -1.77358E+00 
-2.50860E+01 -1.84265E+00 
-2.52186E+01 -1.90660E+00 
-2.53634E+01 -1.97943E+00 
-2.55234E+01 -2.06148E+00 
-2.57017E+01 -2.15291E+00 
-2.58545E+01 -2.23012E+00 
-2.59019E+01 -2.25375E+00 
-2.61463E+01 -2.37284E+00 
-2.64251E+01 -2.50226E+00 
-2.67433E+01 -2.64133E+00 
-2.71061E+01 -2.78910E+00 
-2.74923E+01 -2.89373E+00 
-2.79729E+01 -3.05253E+00 
-2.85196E+01 -3.21791E+00 
-2.91408E+01 -3.38774E+00 
-2.98479E+01 -3.55938E+00 
-3.06609E+01 -3.72955E+00 
-3.16275E+01 -3.89398E+00 
-3.28911E+01 -4.04588E+00 
-3.48997E+01 -4.17065E+00 
-3.87571E+01 -4.23361E+00 
-4.56425E+01 -4.18290E+00 
-5.41703E+01 -4.01498E+00 
-6.10692E+01 -3.79318E+00 
-1.95278E+01 -1.45726E+00 
-1.96635E+01 -1.49284E+00 
-1.98484E+01 -1.54482E+00 
-1.99611E+01 -1.59839E+00 
-2.00846E+01 -1.65941E+00 
-2.02213E+01 -1.72805E+00 
-2.03739E+01 -1.80431E+00 
-2.05047E+01 -1.86849E+00 
-2.05452E+01 -1.88809E+00 
-2.07543E+01 -1.98652E+00 
-2.09923E+01 -2.09284E+00 
-2.12633E+01 -2.20630E+00 
-2.15714E+01 -2.32594E+00 
-2.18938E+01 -2.40691E+00 
-2.22975E+01 -2.53343E+00 
-2.27551E+01 -2.66387E+00 
-2.32730E+01 -2.79625E+00 
-2.38602E+01 -2.92809E+00 
-2.45318E+01 -3.05633E+00 
-2.53252E+01 -3.17678E+00 
-2.63528E+01 -3.28210E+00 
-2.79669E+01 -3.35470E+00 
-3.10367E+01 -3.35148E+00 
-3.64907E+01 -3.21152E+00 
-4.32353E+01 -2.94484E+00 
-4.86887E+01 -2.64634E+00 
-1.54468E+01 -1.23064E+00 
-1.55576E+01 -1.26073E+00 
-1.57147E+01 -1.29823E+00 
-1.58104E+01 -1.34311E+00 
-1.59155E+01 -1.39423E+00 
-1.60322E+01 -1.45159E+00 
-1.61627E+01 -1.51511E+00 
-1.62744E+01 -1.56834E+00 
-1.63091E+01 -1.58455E+00 
-1.64875E+01 -1.66570E+00 
-1.66904E+01 -1.75276E+00 
-1.69207E+01 -1.84499E+00 
-1.71816E+01 -1.94145E+00 
-1.74500E+01 -2.00355E+00 
-1.77883E+01 -2.10385E+00 
-1.81704E+01 -2.20611E+00 
-1.86013E+01 -2.30846E+00 
-1.90876E+01 -2.40865E+00 
-1.96411E+01 -2.50387E+00 
-2.02907E+01 -2.59011E+00 
-2.11243E+01 -2.65983E+00 
-2.24185E+01 -2.69377E+00 
-2.48563E+01 -2.64398E+00 
-2.91666E+01 -2.44474E+00 
-3.44870E+01 -2.11593E+00 
-3.87841E+01 -1.77268E+00 
-1.22273E+01 -1.04238E+00 
-1.23178E+01 -1.06793E+00 
-1.24513E+01 -1.09325E+00 
-1.25323E+01 -1.13091E+00 
-1.26218E+01 -1.17373E+00 
-1.27212E+01 -1.22164E+00 
-1.28325E+01 -1.27446E+00 
-1.29279E+01 -1.31853E+00 
-1.29574E+01 -1.33192E+00 
-1.31095E+01 -1.39865E+00 
-1.32819E+01 -1.46972E+00 
-1.34772E+01 -1.54442E+00 
-1.36978E+01 -1.62186E+00 
-1.39205E+01 -1.66900E+00 
-1.42033E+01 -1.74810E+00 
-1.45217E+01 -1.82770E+00 
-1.48792E+01 -1.90610E+00 
-1.52810E+01 -1.98127E+00 
-1.57359E+01 -2.05066E+00 
-1.62663E+01 -2.11052E+00 
-1.69409E+01 -2.15337E+00 
-1.79761E+01 -2.15927E+00 
-1.99072E+01 -2.07802E+00 
-2.33046E+01 -1.84238E+00 
-2.74890E+01 -1.47904E+00 
-3.08625E+01 -1.11481E+00 
-9.68674E+00 -8.85243E-01 
-9.76073E+00 -9.07041E-01 
-9.87388E+00 -9.22235E-01 
-9.94249E+00 -9.53885E-01 
-1.00184E+01 -9.89785E-01 
-1.01031E+01 -1.02979E+00 
-1.01979E+01 -1.07368E+00 
-1.02791E+01 -1.11011E+00 
-1.03042E+01 -1.12114E+00 
-1.04335E+01 -1.17588E+00 
-1.05799E+01 -1.23374E+00 
-1.07451E+01 -1.29402E+00 
-1.09310E+01 -1.35590E+00 
-1.11153E+01 -1.39129E+00 
-1.13512E+01 -1.45332E+00 
-1.16158E+01 -1.51479E+00 
-1.19117E+01 -1.57418E+00 
-1.22428E+01 -1.62968E+00 
-1.26157E+01 -1.67902E+00 
-1.30476E+01 -1.71874E+00 
-1.35920E+01 -1.74161E+00 
-1.44178E+01 -1.72773E+00 
-1.59431E+01 -1.62660E+00 
-1.86128E+01 -1.37175E+00 
-2.18924E+01 -9.94389E-01 
-2.45298E+01 -6.26476E-01 
-7.68110E+00 -7.53449E-01 
-7.74163E+00 -7.72148E-01 
-7.83731E+00 -7.79047E-01 
-7.89528E+00 -8.05720E-01 
-7.95968E+00 -8.35857E-01 
-8.03161E+00 -8.69270E-01 
-8.11219E+00 -9.05711E-01 
-8.18121E+00 -9.35787E-01 
-8.20257E+00 -9.44864E-01 
-8.31232E+00 -9.89682E-01 
-8.43621E+00 -1.03665E+00 
-8.57564E+00 -1.08512E+00 
-8.73199E+00 -1.13435E+00 
-8.88398E+00 -1.16059E+00 
-9.08031E+00 -1.20890E+00 
-9.29964E+00 -1.25593E+00 
-9.54398E+00 -1.30032E+00 
-9.81604E+00 -1.34048E+00 
-1.01209E+01 -1.37439E+00 
-1.04716E+01 -1.39892E+00 
-1.09095E+01 -1.40721E+00 
-1.15662E+01 -1.37990E+00 
-1.27671E+01 -1.26762E+00 
-1.48576E+01 -1.00631E+00 
-1.74178E+01 -6.29847E-01 
-1.94696E+01 -2.70525E-01 
-6.09718E+00 -6.42425E-01 
-6.14672E+00 -6.58562E-01 
-6.22734E+00 -6.58789E-01 
-6.27625E+00 -6.81348E-01 
-6.33078E+00 -7.06698E-01 
-6.39179E+00 -7.34630E-01 
-6.46019E+00 -7.64886E-01 
-6.51874E+00 -7.89697E-01 
-6.53686E+00 -7.97156E-01 
-6.62979E+00 -8.33790E-01 
-6.73444E+00 -8.71822E-01 
-6.85184E+00 -9.10662E-01 
-6.98298E+00 -9.49644E-01 
-7.10792E+00 -9.68823E-01 
-7.27093E+00 -1.00617E+00 
-7.45233E+00 -1.04174E+00 
-7.65354E+00 -1.07436E+00 
-7.87650E+00 -1.10264E+00 
-8.12492E+00 -1.12481E+00 
-8.40878E+00 -1.13805E+00 
-8.75997E+00 -1.13595E+00 
-9.28040E+00 -1.10007E+00 
-1.02224E+01 -9.83125E-01 
-1.18525E+01 -7.24590E-01 
-1.38419E+01 -3.59576E-01 
-1.54293E+01 -1.72379E-02 
-4.84564E+00 -5.48508E-01 
-4.88622E+00 -5.62522E-01 
-4.95381E+00 -5.57516E-01 
-4.99502E+00 -5.76679E-01 
-5.04112E+00 -5.98061E-01 
-5.09279E+00 -6.21447E-01 
-5.15074E+00 -6.46582E-01 
-5.20032E+00 -6.67043E-01 
-5.21565E+00 -6.73169E-01 
-5.29418E+00 -7.03075E-01 
-5.38237E+00 -7.33802E-01 
-5.48097E+00 -7.64819E-01 
-5.59070E+00 -7.95534E-01 
-5.69305E+00 -8.09329E-01 
-5.82808E+00 -8.37940E-01 
-5.97775E+00 -8.64481E-01 
-6.14302E+00 -8.87923E-01 
-6.32522E+00 -9.07073E-01 
-6.52706E+00 -9.20399E-01 
-6.75606E+00 -9.25393E-01 
-7.03668E+00 -9.16152E-01 
-7.44753E+00 -8.75338E-01 
-8.18327E+00 -7.58463E-01 
-9.44833E+00 -5.09192E-01 
-1.09857E+01 -1.62812E-01 
-1.22059E+01 1.57127E-01 
-3.85615E+00 -4.68766E-01 
-3.88941E+00 -4.81016E-01 
-3.94572E+00 -4.72045E-01 
-3.98039E+00 -4.88407E-01 
-4.01930E+00 -5.06507E-01 
-4.06300E+00 -5.26130E-01 
-4.11201E+00 -5.47035E-01 
-4.15390E+00 -5.63914E-01 
-4.16684E+00 -5.68944E-01 
-4.23306E+00 -5.93337E-01 
-4.30721E+00 -6.18112E-01 
-4.38984E+00 -6.42797E-01 
-4.48142E+00 -6.66873E-01 
-4.56497E+00 -6.76612E-01 
-4.67658E+00 -6.98287E-01 
-4.79977E+00 -7.17734E-01 
-4.93515E+00 -7.34071E-01 
-5.08362E+00 -7.46279E-01 
-5.24709E+00 -7.53045E-01 
-5.43119E+00 -7.52155E-01 
-5.65455E+00 -7.38227E-01 
-5.97748E+00 -6.95191E-01 
-6.54924E+00 -5.81728E-01 
-7.52548E+00 -3.46095E-01 
-8.70598E+00 -2.29404E-02 
-9.63664E+00 2.71433E-01 
-3.07328E+00 -4.00846E-01 
-3.10058E+00 -4.11623E-01 
-3.14710E+00 -3.99798E-01 
-3.17623E+00 -4.13851E-01 
-3.20904E+00 -4.29237E-01 
-3.24593E+00 -4.45751E-01 
-3.28731E+00 -4.63167E-01 
-3.32265E+00 -4.77103E-01 
-3.33356E+00 -4.81233E-01 
-3.38928E+00 -5.01121E-01 
-3.45149E+00 -5.21060E-01 
-3.52056E+00 -5.40636E-01 
-3.59682E+00 -5.59396E-01 
-3.66477E+00 -5.66122E-01 
-3.75683E+00 -5.82309E-01 
-3.85798E+00 -5.96213E-01 
-3.96859E+00 -6.07087E-01 
-4.08921E+00 -6.14074E-01 
-4.22117E+00 -6.16055E-01 
-4.36862E+00 -6.11096E-01 
-4.54566E+00 -5.94333E-01 
-4.79823E+00 -5.51033E-01 
-5.23996E+00 -4.43261E-01 
-5.98830E+00 -2.24015E-01 
-6.88789E+00 7.32847E-02 
-7.59122E+00 3.40602E-01 
-2.45340E+00 -3.42850E-01 
-2.47583E+00 -3.52387E-01 
-2.51386E+00 -3.38675E-01 
-2.53832E+00 -3.50821E-01 
-2.56595E+00 -3.63961E-01 
-2.59705E+00 -3.77905E-01 
-2.63193E+00 -3.92448E-01 
-2.66169E+00 -4.03967E-01 
-2.67086E+00 -4.07361E-01 
-2.71766E+00 -4.23571E-01 
-2.76975E+00 -4.39588E-01 
-2.82737E+00 -4.55050E-01 
-2.89073E+00 -4.69565E-01 
-2.94578E+00 -4.74085E-01 
-3.02156E+00 -4.85940E-01 
-3.10443E+00 -4.95535E-01 
-3.19456E+00 -5.02245E-01 
-3.29226E+00 -5.05354E-01 
-3.39842E+00 -5.03922E-01 
-3.51604E+00 -4.96271E-01 
-3.65571E+00 -4.78044E-01 
-3.85213E+00 -4.35863E-01 
-4.19108E+00 -3.35238E-01 
-4.76015E+00 -1.33900E-01 
-5.43940E+00 1.36384E-01 
-5.96500E+00 3.76383E-01 
-1.95534E+00 -2.92524E-01 
-1.97376E+00 -3.00994E-01 
-2.00431E+00 -2.86217E-01 
-2.02478E+00 -2.96758E-01 
-2.04797E+00 -3.08009E-01 
-2.07410E+00 -3.19797E-01 
-2.10339E+00 -3.31937E-01 
-2.12834E+00 -3.41443E-01 
-2.13602E+00 -3.44225E-01 
-2.17516E+00 -3.57391E-01 
-2.21858E+00 -3.70183E-01 
-2.26641E+00 -3.82288E-01 
-2.31878E+00 -3.93372E-01 
-2.36309E+00 -3.96282E-01 
-2.42516E+00 -4.04679E-01 
-2.49268E+00 -4.10895E-01 
-2.56570E+00 -4.14414E-01 
-2.64433E+00 -4.14652E-01 
-2.72912E+00 -4.10828E-01 
-2.82222E+00 -4.01499E-01 
-2.93142E+00 -3.82803E-01 
-3.08257E+00 -3.42711E-01 
-3.33941E+00 -2.50199E-01 
-3.76607E+00 -6.76583E-02 
-4.27086E+00 1.75108E-01 
-4.65635E+00 3.87995E-01 
-1.56708E+00 -2.50148E-01 
-1.58229E+00 -2.57715E-01 
-1.60649E+00 -2.42603E-01 
-1.62367E+00 -2.51825E-01 
-1.64318E+00 -2.61527E-01 
-1.66518E+00 -2.71554E-01 
-1.68982E+00 -2.81739E-01 
-1.71078E+00 -2.89616E-01 
-1.71723E+00 -2.91904E-01 
-1.75001E+00 -3.02623E-01 
-1.78624E+00 -3.12841E-01 
-1.82601E+00 -3.22290E-01 
-1.86935E+00 -3.30685E-01 
-1.90501E+00 -3.32472E-01 
-1.95593E+00 -3.38198E-01 
-2.01100E+00 -3.41859E-01 
-2.07019E+00 -3.43035E-01 
-2.13349E+00 -3.41254E-01 
-2.20120E+00 -3.35872E-01 
-2.27480E+00 -3.25660E-01 
-2.36002E+00 -3.07209E-01 
-2.47591E+00 -2.69770E-01 
-2.66945E+00 -1.85615E-01 
-2.98692E+00 -2.15020E-02 
-3.35849E+00 1.94875E-01 
-3.63757E+00 3.82305E-01 
-1.25861E+00 -2.13830E-01 
-1.27121E+00 -2.20610E-01 
-1.28993E+00 -2.05750E-01 
-1.30436E+00 -2.13858E-01 
-1.32078E+00 -2.22257E-01 
-1.33931E+00 -2.30809E-01 
-1.36003E+00 -2.39367E-01 
-1.37763E+00 -2.45894E-01 
-1.38304E+00 -2.47774E-01 
-1.41047E+00 -2.56481E-01 
-1.44069E+00 -2.64600E-01 
-1.47371E+00 -2.71902E-01 
-1.50953E+00 -2.78146E-01 
-1.53814E+00 -2.79147E-01 
-1.57984E+00 -2.82775E-01 
-1.62468E+00 -2.84479E-01 
-1.67253E+00 -2.83924E-01 
-1.72332E+00 -2.80734E-01 
-1.77717E+00 -2.74389E-01 
-1.83507E+00 -2.63845E-01 
-1.90113E+00 -2.46116E-01 
-1.98919E+00 -2.11668E-01 
-2.13325E+00 -1.35901E-01 
-2.36593E+00 1.03377E-02 
-2.63451E+00 2.01546E-01 
-2.83187E+00 3.65128E-01 
-1.01319E+00 -1.82707E-01 
-1.02368E+00 -1.88788E-01 
-1.03770E+00 -1.74660E-01 
-1.04985E+00 -1.81811E-01 
-1.06369E+00 -1.89100E-01 
-1.07930E+00 -1.96403E-01 
-1.09674E+00 -2.03594E-01 
-1.11152E+00 -2.08993E-01 
-1.11606E+00 -2.10534E-01 
-1.13902E+00 -2.17574E-01 
-1.16420E+00 -2.23969E-01 
-1.19161E+00 -2.29526E-01 
-1.22119E+00 -2.34043E-01 
-1.24408E+00 -2.34497E-01 
-1.27820E+00 -2.36479E-01 
-1.31463E+00 -2.36693E-01 
-1.35322E+00 -2.34879E-01 
-1.39383E+00 -2.30744E-01 
-1.43646E+00 -2.23874E-01 
-1.48176E+00 -2.13391E-01 
-1.53258E+00 -1.96696E-01 
-1.59878E+00 -1.65387E-01 
-1.70437E+00 -9.77975E-02 
-1.87157E+00 3.14436E-02 
-2.06104E+00 1.99050E-01 
-2.19617E+00 3.40625E-01 
-8.17640E-01 -1.56051E-01 
-8.26424E-01 -1.61499E-01 
-8.36429E-01 -1.48480E-01 
-8.46694E-01 -1.54793E-01 
-8.58397E-01 -1.61120E-01 
-8.71581E-01 -1.67352E-01 
-8.86280E-01 -1.73377E-01 
-8.98706E-01 -1.77823E-01 
-9.02513E-01 -1.79079E-01 
-9.21742E-01 -1.84723E-01 
-9.42747E-01 -1.89689E-01 
-9.65490E-01 -1.93816E-01 
-9.89909E-01 -1.96939E-01 
-1.00819E+00 -1.97010E-01 
-1.03607E+00 -1.97701E-01 
-1.06562E+00 -1.96790E-01 
-1.09665E+00 -1.94080E-01 
-1.12901E+00 -1.89350E-01 
-1.16261E+00 -1.82274E-01 
-1.19781E+00 -1.72124E-01 
-1.23657E+00 -1.56648E-01 
-1.28566E+00 -1.28494E-01 
-1.36152E+00 -6.87080E-02 
-1.47850E+00 4.46225E-02 
-1.60770E+00 1.90397E-01 
-1.69589E+00 3.11918E-01 
-6.61348E-01 -1.33209E-01 
-6.68756E-01 -1.38072E-01 
-6.75373E-01 -1.26444E-01 
-6.84089E-01 -1.32006E-01 
-6.94020E-01 -1.37481E-01 
-7.05189E-01 -1.42775E-01 
-7.17608E-01 -1.47792E-01 
-7.28077E-01 -1.51420E-01 
-7.31279E-01 -1.52431E-01 
-7.47406E-01 -1.56890E-01 
-7.64938E-01 -1.60657E-01 
-7.83821E-01 -1.63600E-01 
-8.03975E-01 -1.65585E-01 
-8.18558E-01 -1.65381E-01 
-8.41315E-01 -1.65061E-01 
-8.65228E-01 -1.63308E-01 
-8.90113E-01 -1.59980E-01 
-9.15779E-01 -1.54916E-01 
-9.42103E-01 -1.47867E-01 
-9.69258E-01 -1.38230E-01 
-9.98485E-01 -1.24072E-01 
-1.03426E+00 -9.89968E-02 
-1.08727E+00 -4.65445E-02 
-1.16598E+00 5.20622E-02 
-1.24962E+00 1.77846E-01 
-1.30278E+00 2.81266E-01 
-5.36476E-01 -1.13697E-01 
-5.42780E-01 -1.18010E-01 
-5.46579E-01 -1.07962E-01 
-5.54033E-01 -1.12836E-01 
-5.62511E-01 -1.17543E-01 
-5.72019E-01 -1.22002E-01 
-5.82556E-01 -1.26132E-01 
-5.91406E-01 -1.29047E-01 
-5.94107E-01 -1.29846E-01 
-6.07671E-01 -1.33287E-01 
-6.22336E-01 -1.36038E-01 
-6.38037E-01 -1.37991E-01 
-6.54686E-01 -1.39043E-01 
-6.66322E-01 -1.38630E-01 
-6.84884E-01 -1.37525E-01 
-7.04204E-01 -1.35155E-01 
-7.24098E-01 -1.31425E-01 
-7.44371E-01 -1.26222E-01 
-7.64871E-01 -1.19363E-01 
-7.85636E-01 -1.10354E-01 
-8.07393E-01 -9.75427E-02 
-8.32887E-01 -7.54027E-02 
-8.68500E-01 -2.97359E-02 
-9.18400E-01 5.54207E-02 
-9.68080E-01 1.63120E-01 
-9.95548E-01 2.50392E-01 
-4.36543E-01 -9.70492E-02 
-4.41966E-01 -1.00838E-01 
-4.43465E-01 -9.24744E-02 
-4.49898E-01 -9.67026E-02 
-4.57191E-01 -1.00703E-01 
-4.65339E-01 -1.04405E-01 
-4.74328E-01 -1.07741E-01 
-4.81846E-01 -1.10025E-01 
-4.84134E-01 -1.10639E-01 
-4.95585E-01 -1.13193E-01 
-5.07889E-01 -1.15071E-01 
-5.20974E-01 -1.16190E-01 
-5.34746E-01 -1.16473E-01 
-5.44048E-01 -1.15890E-01 
-5.59178E-01 -1.14180E-01 
-5.74758E-01 -1.11372E-01 
-5.90609E-01 -1.07405E-01 
-6.06543E-01 -1.02211E-01 
-6.22393E-01 -9.56550E-02 
-6.38109E-01 -8.73390E-02 
-6.54039E-01 -7.58577E-02 
-6.71652E-01 -5.64678E-02 
-6.94163E-01 -1.70072E-02 
-7.22633E-01 5.59821E-02 
-7.47355E-01 1.47471E-01 
-7.56332E-01 2.20469E-01 
-3.56476E-01 -8.28637E-02 
-3.61199E-01 -8.61462E-02 
-3.60867E-01 -7.94921E-02 
-3.66483E-01 -8.31045E-02 
-3.72817E-01 -8.64425E-02 
-3.79855E-01 -8.94481E-02 
-3.87575E-01 -9.20637E-02 
-3.93999E-01 -9.37835E-02 
-3.95949E-01 -9.42320E-02 
-4.05663E-01 -9.60052E-02 
-4.16026E-01 -9.71279E-02 
-4.26962E-01 -9.75394E-02 
-4.38377E-01 -9.71857E-02 
-4.45840E-01 -9.64541E-02 
-4.58162E-01 -9.42891E-02 
-4.70699E-01 -9.11852E-02 
-4.83281E-01 -8.71121E-02 
-4.95732E-01 -8.20333E-02 
-5.07882E-01 -7.58577E-02 
-5.19624E-01 -6.82639E-02 
-5.31039E-01 -5.80653E-02 
-5.42666E-01 -4.12160E-02 
-5.55427E-01 -7.37343E-03 
-5.68200E-01 5.47103E-02 
-5.74930E-01 1.31798E-01 
-5.70940E-01 1.92295E-01 
-2.92172E-01 -7.07654E-02 
-2.96342E-01 -7.35536E-02 
-2.94603E-01 -6.85670E-02 
-2.99567E-01 -7.15837E-02 
-3.05126E-01 -7.42936E-02 
-3.11261E-01 -7.66491E-02 
-3.17944E-01 -7.86040E-02 
-3.23470E-01 -7.98131E-02 
-3.25141E-01 -8.01134E-02 
-3.33426E-01 -8.11937E-02 
-3.42191E-01 -8.16597E-02 
-3.51359E-01 -8.14702E-02 
-3.60838E-01 -8.05917E-02 
-3.66855E-01 -7.97214E-02 
-3.76877E-01 -7.72255E-02 
-3.86934E-01 -7.39424E-02 
-3.96872E-01 -6.98653E-02 
-4.06528E-01 -6.49831E-02 
-4.15740E-01 -5.92372E-02 
-4.24366E-01 -5.23715E-02 
-4.32300E-01 -4.33893E-02 
-4.39422E-01 -2.88632E-02 
-4.45026E-01 -6.57853E-05 
-4.46512E-01 5.23134E-02 
-4.40573E-01 1.16700E-01 
-4.27799E-01 1.66327E-01 
-2.40510E-01 -6.04445E-02 
-2.44243E-01 -6.27486E-02 
-2.41480E-01 -5.93262E-02 
-2.45927E-01 -6.17630E-02 
-2.50863E-01 -6.38733E-02 
-2.56262E-01 -6.56192E-02 
-2.62095E-01 -6.69652E-02 
-2.66882E-01 -6.77109E-02 
-2.68324E-01 -6.78780E-02 
-2.75431E-01 -6.83430E-02 
-2.82877E-01 -6.82391E-02 
-2.90587E-01 -6.75420E-02 
-2.98471E-01 -6.62357E-02 
-3.03354E-01 -6.52335E-02 
-3.11488E-01 -6.25129E-02 
-3.19523E-01 -5.91472E-02 
-3.27322E-01 -5.51477E-02 
-3.34739E-01 -5.05216E-02 
-3.41624E-01 -4.52354E-02 
-3.47817E-01 -3.90861E-02 
-3.53089E-01 -3.12413E-02 
-3.56861E-01 -1.88185E-02 
-3.57313E-01 5.48713E-03 
-3.50891E-01 4.93017E-02 
-3.36334E-01 1.02577E-01 
-3.17917E-01 1.42840E-01 
-1.98934E-01 -5.15982E-02 
-2.02322E-01 -5.34289E-02 
-1.98876E-01 -5.14174E-02 
-2.02911E-01 -5.32908E-02 
-2.07341E-01 -5.48296E-02 
-2.12140E-01 -5.60051E-02 
-2.17272E-01 -5.67917E-02 
-2.21448E-01 -5.71191E-02 
-2.22699E-01 -5.71670E-02 
-2.28828E-01 -5.70898E-02 
-2.35179E-01 -5.64965E-02 
-2.41679E-01 -5.53778E-02 
-2.48244E-01 -5.37324E-02 
-2.52234E-01 -5.26064E-02 
-2.58814E-01 -4.97538E-02 
-2.65197E-01 -4.63876E-02 
-2.71264E-01 -4.25318E-02 
-2.76888E-01 -3.82064E-02 
-2.81935E-01 -3.33960E-02 
-2.86237E-01 -2.79405E-02 
-2.89489E-01 -2.11490E-02 
-2.90807E-01 -1.06154E-02 
-2.87638E-01 9.71967E-03 
-2.75870E-01 4.60291E-02 
-2.55739E-01 8.96582E-02 
-2.34002E-01 1.21916E-01 
-1.65472E-01 -4.39779E-02 
-1.68587E-01 -4.53483E-02 
-1.64754E-01 -4.45565E-02 
-1.68459E-01 -4.58863E-02 
-1.72476E-01 -4.68841E-02 
-1.76776E-01 -4.75299E-02 
-1.81325E-01 -4.78074E-02 
-1.84989E-01 -4.77610E-02 
-1.86081E-01 -4.77037E-02 
-1.91390E-01 -4.71553E-02 
-1.96823E-01 -4.61500E-02 
-2.02312E-01 -4.46908E-02 
-2.07778E-01 -4.27880E-02 
-2.11060E-01 -4.15503E-02 
-2.16353E-01 -3.86470E-02 
-2.21382E-01 -3.53499E-02 
-2.26045E-01 -3.16910E-02 
-2.30234E-01 -2.76984E-02 
-2.33831E-01 -2.33690E-02 
-2.36671E-01 -1.85771E-02 
-2.38404E-01 -1.27523E-02 
-2.37955E-01 -3.90318E-03 
-2.32326E-01 1.29473E-02 
-2.17130E-01 4.27285E-02 
-1.93678E-01 7.80464E-02 
-1.70308E-01 1.03521E-01 
-1.38555E-01 -3.73555E-02 
-1.41448E-01 -3.82828E-02 
-1.37483E-01 -3.84948E-02 
-1.40915E-01 -3.93072E-02 
-1.44586E-01 -3.98001E-02 
-1.48466E-01 -3.99617E-02 
-1.52519E-01 -3.97836E-02 
-1.55748E-01 -3.94099E-02 
-1.56704E-01 -3.92617E-02 
-1.61316E-01 -3.83141E-02 
-1.65970E-01 -3.69732E-02 
-1.70602E-01 -3.52519E-02 
-1.75143E-01 -3.31693E-02 
-1.77859E-01 -3.18375E-02 
-1.82080E-01 -2.89554E-02 
-1.85996E-01 -2.57866E-02 
-1.89518E-01 -2.23675E-02 
-1.92557E-01 -1.87301E-02 
-1.95011E-01 -1.48791E-02 
-1.96726E-01 -1.07156E-02 
-1.97327E-01 -5.77206E-03 
-1.95635E-01 1.58495E-03 
-1.88414E-01 1.53980E-02 
-1.71206E-01 3.95411E-02 
-1.46075E-01 6.77530E-02 
-1.22263E-01 8.75278E-02 
-1.16895E-01 -3.15302E-02 
-1.19604E-01 -3.20378E-02 
-1.15716E-01 -3.30264E-02 
-1.18915E-01 -3.33564E-02 
-1.22288E-01 -3.33880E-02 
-1.25803E-01 -3.31167E-02 
-1.29426E-01 -3.25417E-02 
-1.32278E-01 -3.18900E-02 
-1.33116E-01 -3.16658E-02 
-1.37125E-01 -3.03927E-02 
-1.41108E-01 -2.87926E-02 
-1.45007E-01 -2.68855E-02 
-1.48761E-01 -2.46969E-02 
-1.51013E-01 -2.32949E-02 
-1.54339E-01 -2.04971E-02 
-1.57333E-01 -1.75067E-02 
-1.59926E-01 -1.43613E-02 
-1.62044E-01 -1.10935E-02 
-1.63600E-01 -7.71212E-03 
-1.64452E-01 -4.13926E-03 
-1.64222E-01 5.84925E-06 
-1.61682E-01 6.04865E-03 
-1.53509E-01 1.72306E-02 
-1.35316E-01 3.65376E-02 
-1.09671E-01 5.87188E-02 
-8.62369E-02 7.37449E-02 
-9.94989E-02 -2.63307E-02 
-1.02047E-01 -2.64491E-02 
-9.84004E-02 -2.79898E-02 
-1.01390E-01 -2.78816E-02 
-1.04494E-01 -2.75037E-02 
-1.07682E-01 -2.68579E-02 
-1.10919E-01 -2.59495E-02 
-1.13435E-01 -2.50718E-02 
-1.14170E-01 -2.47872E-02 
-1.17645E-01 -2.32641E-02 
-1.21040E-01 -2.14807E-02 
-1.24303E-01 -1.94619E-02 
-1.27380E-01 -1.72366E-02 
-1.29242E-01 -1.57940E-02 
-1.31814E-01 -1.31354E-02 
-1.34044E-01 -1.03648E-02 
-1.35877E-01 -7.51849E-03 
-1.37255E-01 -4.62754E-03 
-1.38107E-01 -1.70217E-03 
-1.38302E-01 1.31946E-03 
-1.37468E-01 4.74486E-03 
-1.34374E-01 9.63629E-03 
-1.25712E-01 1.85530E-02 
-1.07261E-01 3.37400E-02 
-8.19057E-02 5.08417E-02 
-5.93834E-02 6.19458E-02 
-8.55272E-02 -2.16106E-02 
-8.79256E-02 -2.13775E-02 
-8.46416E-02 -2.32611E-02 
-8.74304E-02 -2.27677E-02 
-9.02816E-02 -2.20393E-02 
-9.31650E-02 -2.10830E-02 
-9.60485E-02 -1.99087E-02 
-9.82582E-02 -1.88589E-02 
-9.88982E-02 -1.85298E-02 
-1.01893E-01 -1.68324E-02 
-1.04763E-01 -1.49399E-02 
-1.07464E-01 -1.28798E-02 
-1.09951E-01 -1.06823E-02 
-1.11477E-01 -9.23289E-03 
-1.13409E-01 -6.76000E-03 
-1.15001E-01 -4.24239E-03 
-1.16211E-01 -1.71337E-03 
-1.16994E-01 7.99217E-04 
-1.17293E-01 3.28571E-03 
-1.16991E-01 5.79555E-03 
-1.15726E-01 8.57449E-03 
-1.12293E-01 1.24607E-02 
-1.03471E-01 1.94355E-02 
-8.52599E-02 3.11306E-02 
-6.07268E-02 4.39792E-02 
-3.94415E-02 5.18673E-02 
-7.43740E-02 -1.72803E-02 
-7.66255E-02 -1.67429E-02 
-7.37804E-02 -1.87846E-02 
-7.63690E-02 -1.79691E-02 
-7.89738E-02 -1.69574E-02 
-8.15661E-02 -1.57604E-02 
-8.41166E-02 -1.43918E-02 
-8.60420E-02 -1.32251E-02 
-8.65947E-02 -1.28675E-02 
-8.91502E-02 -1.10710E-02 
-9.15474E-02 -9.14084E-03 
-9.37487E-02 -7.10503E-03 
-9.57183E-02 -4.99323E-03 
-9.69483E-02 -3.57308E-03 
-9.83366E-02 -1.32252E-03 
-9.93964E-02 9.18500E-04 
-1.00096E-01 3.12092E-03 
-1.00403E-01 5.26116E-03 
-1.00271E-01 7.33130E-03 
-9.95954E-02 9.37120E-03 
-9.80326E-02 1.15748E-02 
-9.44179E-02 1.45912E-02 
-8.56607E-02 1.99171E-02 
-6.80158E-02 2.86833E-02 
-4.46301E-02 3.80108E-02 
-2.47489E-02 4.32955E-02 
-6.54370E-02 -1.32416E-02 
-6.75359E-02 -1.24521E-02 
-6.51696E-02 -1.45010E-02 
-6.75502E-02 -1.34311E-02 
-6.99067E-02 -1.22060E-02 
-7.22131E-02 -1.08393E-02 
-7.44427E-02 -9.34691E-03 
-7.60984E-02 -8.11699E-03 
-7.65690E-02 -7.74640E-03 
-7.87156E-02 -5.92172E-03 
-8.06795E-02 -4.01958E-03 
-8.24306E-02 -2.06688E-03 
-8.39411E-02 -9.11505E-05 
-8.49021E-02 1.26368E-03 
-8.58257E-02 3.26353E-03 
-8.64382E-02 5.21172E-03 
-8.67178E-02 7.08410E-03 
-8.66418E-02 8.86187E-03 
-8.61746E-02 1.05395E-02 
-8.52215E-02 1.21492E-02 
-8.34582E-02 1.38413E-02 
-7.97726E-02 1.61050E-02 
-7.12308E-02 2.00314E-02 
-5.43539E-02 2.63437E-02 
-3.22985E-02 3.27622E-02 
-1.38882E-02 3.59478E-02 
-5.82774E-02 -9.45396E-03 
-6.02132E-02 -8.47003E-03 
-5.83320E-02 -1.04109E-02 
-6.04930E-02 -9.15791E-03 
-6.25960E-02 -7.79096E-03 
-6.46177E-02 -6.32536E-03 
-6.65350E-02 -4.77777E-03 
-6.79325E-02 -3.53545E-03 
-6.83253E-02 -3.16621E-03 
-7.00885E-02 -1.37858E-03 
-7.16535E-02 4.37088E-04 
-7.29972E-02 2.25622E-03 
-7.40992E-02 4.05449E-03 
-7.48128E-02 5.31050E-03 
-7.53391E-02 7.04088E-03 
-7.55767E-02 8.68874E-03 
-7.55120E-02 1.02351E-02 
-7.51304E-02 1.16659E-02 
-7.44044E-02 1.29781E-02 
-7.32493E-02 1.41981E-02 
-7.13596E-02 1.54390E-02 
-6.76816E-02 1.70557E-02 
-5.94504E-02 1.98016E-02 
-4.34534E-02 2.40717E-02 
-2.28083E-02 2.81058E-02 
-5.86308E-03 2.96164E-02 
-5.25179E-02 -5.90021E-03 
-5.42771E-02 -4.78206E-03 
-5.28605E-02 -6.53588E-03 
-5.47889E-02 -5.17117E-03 
-5.66318E-02 -3.73228E-03 
-5.83689E-02 -2.23497E-03 
-5.99808E-02 -6.95814E-04 
-6.11305E-02 5.12894E-04 
-6.14492E-02 8.67926E-04 
-6.28520E-02 2.56141E-03 
-6.40489E-02 4.24118E-03 
-6.50234E-02 5.88590E-03 
-6.57619E-02 7.47515E-03 
-6.62468E-02 8.60354E-03 
-6.64346E-02 1.00550E-02 
-6.63593E-02 1.14031E-02 
-6.60141E-02 1.26340E-02 
-6.53909E-02 1.37382E-02 
-6.44687E-02 1.47151E-02 
-6.31712E-02 1.55857E-02 
-6.12117E-02 1.64321E-02 
-5.75961E-02 1.74960E-02 
-4.97322E-02 1.92514E-02 
-3.46659E-02 2.18312E-02 
-1.54424E-02 2.39240E-02 
8.75879E-05 2.41119E-02 
-4.78440E-02 -2.59354E-03 
-4.94121E-02 -1.40030E-03 
-4.84199E-02 -2.92021E-03 
-5.01039E-02 -1.51105E-03 
-5.16810E-02 -6.44476E-05 
-5.31344E-02 1.40424E-03 
-5.44486E-02 2.87946E-03 
-5.53607E-02 4.01541E-03 
-5.56092E-02 4.34548E-03 
-5.66741E-02 5.89815E-03 
-5.75324E-02 7.40344E-03 
-5.81736E-02 8.84381E-03 
-5.85900E-02 1.02031E-02 
-5.88642E-02 1.11817E-02 
-5.87657E-02 1.23539E-02 
-5.84320E-02 1.34108E-02 
-5.78614E-02 1.43431E-02 
-5.70509E-02 1.51455E-02 
-5.59844E-02 1.58194E-02 
-5.45927E-02 1.63814E-02 
-5.26068E-02 1.68868E-02 
-4.90923E-02 1.74827E-02 
-4.16265E-02 1.84122E-02 
-2.75011E-02 1.96019E-02 
-9.66806E-03 2.01265E-02 
4.52134E-03 1.92836E-02 
-4.39844E-02 4.45587E-04 
-4.53495E-02 1.65717E-03 
-4.47300E-02 3.89951E-04 
-4.61617E-02 1.78202E-03 
-4.74714E-02 3.17906E-03 
-4.86458E-02 4.56692E-03 
-4.96729E-02 5.93170E-03 
-5.03600E-02 6.96322E-03 
-5.05424E-02 7.25980E-03 
-5.12937E-02 8.63584E-03 
-5.18438E-02 9.93911E-03 
-5.21873E-02 1.11560E-02 
-5.23216E-02 1.22747E-02 
-5.24042E-02 1.30890E-02 
-5.20673E-02 1.39899E-02 
-5.15238E-02 1.47710E-02 
-5.07763E-02 1.54271E-02 
-4.98253E-02 1.59564E-02 
-4.86584E-02 1.63619E-02 
-4.72124E-02 1.66559E-02 
-4.52347E-02 1.68710E-02 
-4.18483E-02 1.70752E-02 
-3.47946E-02 1.73224E-02 
-2.15951E-02 1.73780E-02 
-5.09635E-03 1.66491E-02 
7.83866E-03 1.50170E-02 
-4.07228E-02 3.18685E-03 
-4.18764E-02 4.36541E-03 
-4.15714E-02 3.34792E-03 
-4.27482E-02 4.66974E-03 
-4.37935E-02 5.96921E-03 
-4.46976E-02 7.23393E-03 
-4.54521E-02 8.45213E-03 
-4.59289E-02 9.35570E-03 
-4.60503E-02 9.61268E-03 
-4.65146E-02 1.07877E-02 
-4.67881E-02 1.18726E-02 
-4.68697E-02 1.28575E-02 
-4.67609E-02 1.37347E-02 
-4.66728E-02 1.43781E-02 
-4.61417E-02 1.50231E-02 
-4.54328E-02 1.55500E-02 
-4.45517E-02 1.59569E-02 
-4.35012E-02 1.62448E-02 
-4.22717E-02 1.64178E-02 
-4.08047E-02 1.64843E-02 
-3.88628E-02 1.64574E-02 
-3.56241E-02 1.63391E-02 
-2.89854E-02 1.60292E-02 
-1.66825E-02 1.51703E-02 
-1.44905E-03 1.34534E-02 
1.03210E-02 1.12330E-02 
-3.78869E-02 5.59080E-03 
-3.88251E-02 6.69354E-03 
-3.87752E-02 5.90850E-03 
-3.96994E-02 7.11803E-03 
-4.04883E-02 8.28349E-03 
-4.11351E-02 9.39458E-03 
-4.16349E-02 1.04419E-02 
-4.19185E-02 1.12030E-02 
-4.19842E-02 1.14168E-02 
-4.21904E-02 1.23785E-02 
-4.22200E-02 1.32397E-02 
-4.20755E-02 1.39944E-02 
-4.17617E-02 1.46385E-02 
-4.15253E-02 1.51122E-02 
-4.08410E-02 1.55230E-02 
-4.00072E-02 1.58220E-02 
-3.90311E-02 1.60101E-02 
-3.79172E-02 1.60903E-02 
-3.66576E-02 1.60673E-02 
-3.51977E-02 1.59458E-02 
-3.33143E-02 1.57223E-02 
-3.02372E-02 1.53440E-02 
-2.40105E-02 1.45867E-02 
-1.25678E-02 1.30017E-02 
1.47321E-03 1.05217E-02 
1.21654E-02 7.87941E-03 
-3.53434E-02 7.62300E-03 
-3.60694E-02 8.61666E-03 
-3.62182E-02 8.03681E-03 
-3.69003E-02 9.10363E-03 
-3.74479E-02 1.01104E-02 
-3.78572E-02 1.10491E-02 
-3.81260E-02 1.19127E-02 
-3.82371E-02 1.25254E-02 
-3.82537E-02 1.26951E-02 
-3.82343E-02 1.34423E-02 
-3.80553E-02 1.40851E-02 
-3.77220E-02 1.46209E-02 
-3.72415E-02 1.50484E-02 
-3.68815E-02 1.53613E-02 
-3.60828E-02 1.55651E-02 
-3.51611E-02 1.56666E-02 
-3.41248E-02 1.56691E-02 
-3.29794E-02 1.55768E-02 
-3.17178E-02 1.53945E-02 
-3.02885E-02 1.51236E-02 
-2.84814E-02 1.47462E-02 
-2.55750E-02 1.41653E-02 
-1.97512E-02 1.30582E-02 
-9.12580E-03 1.09118E-02 
3.80058E-03 7.86189E-03 
1.35019E-02 4.93710E-03 
-3.29756E-02 9.28122E-03 
-3.34943E-02 1.01421E-02 
-3.37919E-02 9.73922E-03 
-3.42435E-02 1.06435E-02 
-3.45655E-02 1.14770E-02 
-3.47566E-02 1.22337E-02 
-3.48171E-02 1.29091E-02 
-3.47753E-02 1.33736E-02 
-3.47486E-02 1.34996E-02 
-3.45340E-02 1.40383E-02 
-3.41787E-02 1.44738E-02 
-3.36902E-02 1.48062E-02 
-3.30772E-02 1.50370E-02 
-3.26169E-02 1.52017E-02 
-3.17376E-02 1.52260E-02 
-3.07604E-02 1.51600E-02 
-2.96940E-02 1.50084E-02 
-2.85441E-02 1.47764E-02 
-2.73042E-02 1.44683E-02 
-2.59254E-02 1.40821E-02 
-2.42097E-02 1.35883E-02 
-2.14821E-02 1.28535E-02 
-1.60552E-02 1.14785E-02 
-6.21399E-03 8.90655E-03 
5.65879E-03 5.44459E-03 
1.44383E-02 2.34977E-03 
-3.07154E-02 1.05440E-02 
-3.10407E-02 1.12585E-02 
-3.14449E-02 1.10022E-02 
-3.16866E-02 1.17352E-02 
-3.18068E-02 1.23915E-02 
-3.18062E-02 1.29674E-02 
-3.16871E-02 1.34604E-02 
-3.15159E-02 1.37838E-02 
-3.14531E-02 1.38688E-02 
-3.10773E-02 1.42141E-02 
-3.05809E-02 1.44616E-02 
-2.99723E-02 1.46135E-02 
-2.92613E-02 1.46733E-02 
-2.87256E-02 1.47078E-02 
-2.77975E-02 1.45834E-02 
-2.67941E-02 1.43819E-02 
-2.57242E-02 1.41087E-02 
-2.45933E-02 1.37696E-02 
-2.33949E-02 1.33682E-02 
-2.20823E-02 1.28995E-02 
-2.04690E-02 1.23239E-02 
-1.79240E-02 1.14798E-02 
-1.28828E-02 9.91069E-03 
-3.78687E-03 7.03472E-03 
7.09898E-03 3.29877E-03 
1.50288E-02 1.28331E-04 
-2.85177E-02 1.14348E-02 
-2.86666E-02 1.19975E-02 
-2.91424E-02 1.18593E-02 
-2.91969E-02 1.24203E-02 
-2.91401E-02 1.29029E-02 
-2.89748E-02 1.33052E-02 
-2.87047E-02 1.36266E-02 
-2.84269E-02 1.38200E-02 
-2.83347E-02 1.38675E-02 
-2.78306E-02 1.40383E-02 
-2.72257E-02 1.41198E-02 
-2.65292E-02 1.41158E-02 
-2.57513E-02 1.40312E-02 
-2.51635E-02 1.39550E-02 
-2.42141E-02 1.37116E-02 
-2.32098E-02 1.34046E-02 
-2.21589E-02 1.30400E-02 
-2.10662E-02 1.26234E-02 
-1.99250E-02 1.21576E-02 
-1.86909E-02 1.16349E-02 
-1.71881E-02 1.10076E-02 
-1.48276E-02 1.00926E-02 
-1.01614E-02 8.39246E-03 
-1.77595E-03 5.31551E-03 
8.18182E-03 1.42105E-03 
1.53254E-02 -1.74863E-03 
-2.63559E-02 1.19728E-02 
-2.63480E-02 1.23857E-02 
-2.68675E-02 1.23406E-02 
-2.67595E-02 1.27363E-02 
-2.65526E-02 1.30552E-02 
-2.62507E-02 1.32974E-02 
-2.58585E-02 1.34635E-02 
-2.54966E-02 1.35410E-02 
-2.53817E-02 1.35555E-02 
-2.47804E-02 1.35744E-02 
-2.40976E-02 1.35144E-02 
-2.33429E-02 1.33806E-02 
-2.25262E-02 1.31787E-02 
-2.19076E-02 1.30126E-02 
-2.09607E-02 1.26785E-02 
-1.99765E-02 1.22942E-02 
-1.89629E-02 1.18656E-02 
-1.79237E-02 1.13980E-02 
-1.68521E-02 1.08933E-02 
-1.57053E-02 1.03411E-02 
-1.43181E-02 9.68769E-03 
-1.21419E-02 8.73431E-03 
-7.83932E-03 6.95733E-03 
-1.31277E-04 3.76740E-03 
8.95302E-03 -1.88777E-04 
1.53689E-02 -3.29645E-03 
-2.42356E-02 1.21869E-02 
-2.40922E-02 1.24581E-02 
-2.46338E-02 1.24854E-02 
-2.43881E-02 1.27280E-02 
-2.40564E-02 1.28984E-02 
-2.36436E-02 1.29977E-02 
-2.31552E-02 1.30281E-02 
-2.27296E-02 1.30061E-02 
-2.25977E-02 1.29925E-02 
-2.19270E-02 1.28841E-02 
-2.11931E-02 1.27083E-02 
-2.04055E-02 1.24709E-02 
-1.95737E-02 1.21781E-02 
-1.89430E-02 1.19425E-02 
-1.80179E-02 1.15439E-02 
-1.70709E-02 1.11075E-02 
-1.61088E-02 1.06392E-02 
-1.51347E-02 1.01436E-02 
-1.41412E-02 9.62151E-03 
-1.30874E-02 9.06061E-03 
-1.18182E-02 8.40236E-03 
-9.82410E-03 7.43792E-03 
-5.87283E-03 5.62988E-03 
1.18938E-03 2.40138E-03 
9.45137E-03 -1.53618E-03 
1.51940E-02 -4.53376E-03 
-2.21354E-02 1.21191E-02 
-2.18788E-02 1.22602E-02 
-2.24261E-02 1.23420E-02 
-2.20688E-02 1.24469E-02 
-2.16392E-02 1.24862E-02 
-2.11430E-02 1.24622E-02 
-2.05861E-02 1.23779E-02 
-2.01175E-02 1.22735E-02 
-1.99747E-02 1.22369E-02 
-1.92623E-02 1.20258E-02 
-1.85032E-02 1.17593E-02 
-1.77067E-02 1.14434E-02 
-1.68814E-02 1.10846E-02 
-1.62556E-02 1.07988E-02 
-1.53685E-02 1.03589E-02 
-1.44723E-02 9.89273E-03 
-1.35727E-02 9.40556E-03 
-1.26719E-02 8.90132E-03 
-1.17622E-02 8.37977E-03 
-1.08043E-02 7.82688E-03 
-9.65335E-03 7.18099E-03 
-7.83722E-03 6.22780E-03 
-4.22426E-03 4.42694E-03 
2.22287E-03 1.22205E-03 
9.71108E-03 -2.63123E-03 
1.48316E-02 -5.48205E-03 
-2.00898E-02 1.18130E-02 
-1.97455E-02 1.18415E-02 
-2.02900E-02 1.19652E-02 
-1.98492E-02 1.19532E-02 
-1.93489E-02 1.18828E-02 
-1.87948E-02 1.17573E-02 
-1.81929E-02 1.15802E-02 
-1.76987E-02 1.14105E-02 
-1.75499E-02 1.13558E-02 
-1.68181E-02 1.10659E-02 
-1.60546E-02 1.07321E-02 
-1.52676E-02 1.03607E-02 
-1.44654E-02 9.95801E-03 
-1.38576E-02 9.63961E-03 
-1.30200E-02 9.17854E-03 
-1.21837E-02 8.70117E-03 
-1.13533E-02 8.21223E-03 
-1.05300E-02 7.71488E-03 
-9.70587E-03 7.20785E-03 
-8.84347E-03 6.67581E-03 
-7.80758E-03 6.05532E-03 
-6.16212E-03 5.13081E-03 
-2.87048E-03 3.36791E-03 
2.99742E-03 2.36808E-04 
9.76529E-03 -3.48117E-03 
1.43173E-02 -6.16032E-03 
-1.80917E-02 1.13109E-02 
-1.76799E-02 1.12418E-02 
-1.82127E-02 1.13959E-02 
-1.77086E-02 1.12838E-02 
-1.71574E-02 1.11220E-02 
-1.65648E-02 1.09140E-02 
-1.59371E-02 1.06638E-02 
-1.54314E-02 1.04441E-02 
-1.52807E-02 1.03759E-02 
-1.45481E-02 1.00284E-02 
-1.37970E-02 9.64839E-03 
-1.30349E-02 9.24166E-03 
-1.22689E-02 8.81413E-03 
-1.16899E-02 8.47826E-03 
-1.09110E-02 8.01265E-03 
-1.01417E-02 7.53940E-03 
-9.38554E-03 7.06256E-03 
-8.64293E-03 6.58446E-03 
-7.90552E-03 6.10294E-03 
-7.13789E-03 5.60173E-03 
-6.21447E-03 5.01679E-03 
-4.73432E-03 4.13483E-03 
-1.75237E-03 2.43519E-03 
3.56092E-03 -5.80551E-04 
9.64661E-03 -4.12124E-03 
1.36705E-02 -6.60899E-03 
-1.61663E-02 1.06588E-02 
-1.57069E-02 1.05105E-02 
-1.62217E-02 1.06869E-02 
-1.56755E-02 1.04944E-02 
-1.50938E-02 1.02608E-02 
-1.44828E-02 9.98995E-03 
-1.38485E-02 9.68623E-03 
-1.33454E-02 9.43148E-03 
-1.31967E-02 9.35407E-03 
-1.24806E-02 8.96906E-03 
-1.17572E-02 8.56158E-03 
-1.10330E-02 8.13718E-03 
-1.03140E-02 7.70125E-03 
-9.77219E-03 7.36084E-03 
-9.05783E-03 6.90421E-03 
-8.35916E-03 6.44712E-03 
-7.67892E-03 5.99288E-03 
-7.01673E-03 5.54306E-03 
-6.36408E-03 5.09473E-03 
-5.68753E-03 4.63101E-03 
-4.87098E-03 4.08836E-03 
-3.54726E-03 3.25876E-03 
-8.58096E-04 1.64135E-03 
3.93342E-03 -1.22773E-03 
9.38408E-03 -4.56161E-03 
1.29259E-02 -6.84808E-03 
-1.43238E-02 9.89320E-03 
-1.38334E-02 9.68152E-03 
-1.43277E-02 9.87413E-03 
-1.37588E-02 9.62035E-03 
-1.31657E-02 9.33406E-03 
-1.25542E-02 9.01943E-03 
-1.19294E-02 8.68050E-03 
-1.14399E-02 8.40409E-03 
-1.12961E-02 8.32123E-03 
-1.06094E-02 7.91583E-03 
-9.92438E-03 7.49694E-03 
-9.24679E-03 7.06967E-03 
-8.58164E-03 6.63874E-03 
-8.08261E-03 6.30436E-03 
-7.43579E-03 5.86721E-03 
-6.80916E-03 5.43539E-03 
-6.20458E-03 5.01147E-03 
-5.62098E-03 4.59631E-03 
-5.04982E-03 4.18630E-03 
-4.45970E-03 3.76434E-03 
-3.74378E-03 3.26829E-03 
-2.56741E-03 2.49785E-03 
-1.54570E-04 9.76841E-04 
4.14616E-03 -1.72209E-03 
9.00558E-03 -4.82824E-03 
1.21075E-02 -6.90901E-03 
-1.25819E-02 9.05500E-03 
-1.20810E-02 8.79847E-03 
-1.25551E-02 9.00257E-03 
-1.19811E-02 8.70423E-03 
-1.13922E-02 8.38165E-03 
-1.07931E-02 8.03871E-03 
-1.01883E-02 7.67902E-03 
-9.71943E-03 7.39165E-03 
-9.58253E-03 7.30643E-03 
-8.93344E-03 6.89480E-03 
-8.29377E-03 6.47766E-03 
-7.66820E-03 6.05944E-03 
-7.06076E-03 5.64412E-03 
-6.60764E-03 5.32415E-03 
-6.02893E-03 4.91435E-03 
-5.47352E-03 4.51433E-03 
-4.94243E-03 4.12598E-03 
-4.43401E-03 3.74948E-03 
-3.93978E-03 3.38074E-03 
-3.43040E-03 3.00268E-03 
-2.80808E-03 2.55536E-03 
-1.76921E-03 1.84817E-03 
3.84488E-04 4.33224E-04 
4.22603E-03 -2.07941E-03 
8.53766E-03 -4.94510E-03 
1.12402E-02 -6.82101E-03 
-1.09499E-02 8.17496E-03 
-1.04471E-02 7.88599E-03 
-1.08962E-02 8.09684E-03 
-1.03273E-02 7.76913E-03 
-9.75309E-03 7.42507E-03 
-9.17709E-03 7.06771E-03 
-8.60334E-03 6.70081E-03 
-8.16322E-03 6.41262E-03 
-8.03541E-03 6.32790E-03 
-7.43353E-03 5.92291E-03 
-6.84660E-03 5.51886E-03 
-6.27834E-03 5.11941E-03 
-5.73180E-03 4.72782E-03 
-5.32675E-03 4.42829E-03 
-4.81564E-03 4.05111E-03 
-4.32953E-03 3.68699E-03 
-3.86879E-03 3.33721E-03 
-3.43132E-03 3.00136E-03 
-3.00883E-03 2.67499E-03 
-2.57409E-03 2.34134E-03 
-2.03807E-03 1.94325E-03 
-1.12685E-03 1.30130E-03 
7.84625E-04 -1.45246E-06 
4.19755E-03 -2.31745E-03 
8.00267E-03 -4.93615E-03 
1.03436E-02 -6.61163E-03 
-9.42671E-03 7.27894E-03 
-8.93750E-03 6.97188E-03 
-9.36665E-03 7.18732E-03 
-8.81851E-03 6.84452E-03 
-8.26949E-03 6.49093E-03 
-7.72417E-03 6.13052E-03 
-7.18630E-03 5.76646E-03 
-6.77745E-03 5.48427E-03 
-6.65936E-03 5.40192E-03 
-6.10713E-03 5.01196E-03 
-5.57500E-03 4.62886E-03 
-5.06545E-03 4.25541E-03 
-4.58039E-03 3.89394E-03 
-4.22416E-03 3.62003E-03 
-3.77890E-03 3.27952E-03 
-3.35918E-03 2.95415E-03 
-2.96482E-03 2.64463E-03 
-2.59342E-03 2.35013E-03 
-2.23695E-03 2.06598E-03 
-1.87037E-03 1.77599E-03 
-1.41309E-03 1.42627E-03 
-6.19343E-04 8.49723E-04 
1.06732E-03 -3.38048E-04 
4.08270E-03 -2.45267E-03 
7.42235E-03 -4.82388E-03 
9.43782E-03 -6.30680E-03 
-8.02415E-03 6.38466E-03 
-7.55750E-03 6.07286E-03 
-7.96469E-03 6.29213E-03 
-7.44464E-03 5.94758E-03 
-6.93016E-03 5.59800E-03 
-6.42411E-03 5.24634E-03 
-5.92945E-03 4.89572E-03 
-5.55651E-03 4.62685E-03 
-5.44927E-03 4.54882E-03 
-4.95067E-03 4.18190E-03 
-4.47447E-03 3.82531E-03 
-4.02274E-03 3.48147E-03 
-3.59697E-03 3.15245E-03 
-3.28751E-03 2.90564E-03 
-2.90402E-03 2.60252E-03 
-2.54596E-03 2.31597E-03 
-2.21268E-03 2.04620E-03 
-1.90151E-03 1.79194E-03 
-1.60477E-03 1.54839E-03 
-1.29952E-03 1.30008E-03 
-9.13278E-04 9.96743E-04 
-2.26793E-04 4.84237E-04 
1.25247E-03 -5.88499E-04 
3.90113E-03 -2.50156E-03 
6.81521E-03 -4.62954E-03 
8.53941E-03 -5.93020E-03 
-6.74049E-03 5.51829E-03 
-6.30532E-03 5.21161E-03 
-6.69309E-03 5.43242E-03 
-6.20709E-03 5.09328E-03 
-5.73028E-03 4.75389E-03 
-5.26587E-03 4.41736E-03 
-4.81636E-03 4.08571E-03 
-4.48059E-03 3.83423E-03 
-4.38455E-03 3.76172E-03 
-3.94090E-03 3.42339E-03 
-3.52165E-03 3.09851E-03 
-3.12784E-03 2.78881E-03 
-2.76010E-03 2.49560E-03 
-2.49616E-03 2.27827E-03 
-2.17089E-03 2.01358E-03 
-1.87016E-03 1.76593E-03 
-1.59293E-03 1.53512E-03 
-1.33639E-03 1.31959E-03 
-1.09329E-03 1.11455E-03 
-8.42806E-04 9.05428E-04 
-5.20157E-04 6.45832E-04 
6.90115E-05 1.94968E-04 
1.35798E-03 -7.64806E-04 
3.67002E-03 -2.47978E-03 
6.19691E-03 -4.37245E-03 
7.66177E-03 -5.50279E-03 
-5.58371E-03 4.69314E-03 
-5.18022E-03 4.39616E-03 
-5.54641E-03 4.61553E-03 
-5.10118E-03 4.29191E-03 
-4.66951E-03 3.97313E-03 
-4.25200E-03 3.65939E-03 
-3.85071E-03 3.35268E-03 
-3.55291E-03 3.12203E-03 
-3.46806E-03 3.05584E-03 
-3.07806E-03 2.74895E-03 
-2.71282E-03 2.45749E-03 
-2.37352E-03 2.18304E-03 
-2.06017E-03 1.92621E-03 
-1.83866E-03 1.73848E-03 
-1.56660E-03 1.51115E-03 
-1.31775E-03 1.30076E-03 
-1.09078E-03 1.10675E-03 
-8.82800E-04 9.27358E-04 
-6.87022E-04 7.57889E-04 
-4.84681E-04 5.84763E-04 
-2.18256E-04 3.65596E-04 
2.83455E-04 -2.70183E-05 
1.39922E-03 -8.77898E-04 
3.40464E-03 -2.40164E-03 
5.58185E-03 -4.07033E-03 
6.81759E-03 -5.04373E-03 
-4.55177E-03 3.92343E-03 
-4.18607E-03 3.64482E-03 
-4.53089E-03 3.86098E-03 
-4.12666E-03 3.55635E-03 
-3.73811E-03 3.25953E-03 
-3.36581E-03 2.97116E-03 
-3.01175E-03 2.69275E-03 
-2.75163E-03 2.48563E-03 
-2.67791E-03 2.42652E-03 
-2.34123E-03 2.15420E-03 
-2.02882E-03 1.89796E-03 
-1.74123E-03 1.65894E-03 
-1.47847E-03 1.43780E-03 
-1.29640E-03 1.27905E-03 
-1.07297E-03 1.08752E-03 
-8.70933E-04 9.12265E-04 
-6.88789E-04 7.52490E-04 
-5.23699E-04 6.06322E-04 
-3.69373E-04 4.69237E-04 
-2.09037E-04 3.28731E-04 
8.00106E-06 1.46466E-04 
4.31475E-04 -1.91737E-04 
1.39016E-03 -9.38877E-04 
3.11721E-03 -2.28014E-03 
4.97963E-03 -3.73781E-03 
6.01371E-03 -4.56784E-03 
-3.64413E-03 3.21828E-03 
-3.32112E-03 2.96511E-03 
-3.64665E-03 3.17873E-03 
-3.28491E-03 2.89840E-03 
-2.93868E-03 2.62606E-03 
-2.61145E-03 2.36486E-03 
-2.30372E-03 2.11581E-03 
-2.07922E-03 1.93214E-03 
-2.01591E-03 1.88005E-03 
-1.72831E-03 1.64162E-03 
-1.46436E-03 1.41990E-03 
-1.22446E-03 1.21583E-03 
-1.00784E-03 1.02926E-03 
-8.61254E-04 8.98098E-04 
-6.80856E-04 7.39820E-04 
-5.19838E-04 5.96769E-04 
-3.76616E-04 4.67978E-04 
-2.48419E-04 3.51519E-04 
-1.29487E-04 2.43114E-04 
-4.93098E-06 1.31376E-04 
1.69645E-04 -1.80562E-05 
5.24417E-04 -3.06645E-04 
1.34310E-03 -9.57298E-04 
2.82165E-03 -2.12850E-03 
4.40542E-03 -3.39182E-03 
5.26505E-03 -4.09372E-03 
-2.84391E-03 2.57378E-03 
-2.56167E-03 2.34709E-03 
-2.86681E-03 2.55521E-03 
-2.54901E-03 2.30216E-03 
-2.24789E-03 2.05913E-03 
-1.96528E-03 1.82857E-03 
-1.70187E-03 1.61136E-03 
-1.51090E-03 1.45191E-03 
-1.45731E-03 1.40683E-03 
-1.21618E-03 1.20229E-03 
-9.97958E-04 1.01470E-03 
-8.01770E-04 8.43769E-04 
-6.26822E-04 6.89350E-04 
-5.12133E-04 5.83656E-04 
-3.69975E-04 4.55781E-04 
-2.45077E-04 3.41915E-04 
-1.35796E-04 2.40950E-04 
-3.94621E-05 1.50928E-04 
4.91380E-05 6.78470E-05 
1.43095E-04 -1.85479E-05 
2.80937E-04 -1.38722E-04 
5.74839E-04 -3.81887E-04 
1.26747E-03 -9.42386E-04 
2.52190E-03 -1.95433E-03 
3.85644E-03 -3.03764E-03 
4.56365E-03 -3.62431E-03 
-2.15482E-03 2.00070E-03 
-1.91054E-03 1.79981E-03 
-2.19770E-03 2.00347E-03 
-1.92339E-03 1.78056E-03 
-1.66502E-03 1.56815E-03 
-1.42478E-03 1.36790E-03 
-1.20312E-03 1.18029E-03 
-1.04449E-03 1.04445E-03 
-1.00022E-03 1.00633E-03 
-8.02145E-04 8.34727E-04 
-6.24589E-04 6.78920E-04 
-4.66979E-04 5.38733E-04 
-3.28621E-04 4.13981E-04 
-2.41742E-04 3.31645E-04 
-1.32744E-04 2.31262E-04 
-3.87678E-05 1.43341E-04 
4.18239E-05 6.67289E-05 
1.11474E-04 -4.20230E-07 
1.74842E-04 -6.17715E-05 
2.43339E-04 -1.26456E-04 
3.50135E-04 -2.21211E-04 
5.91123E-04 -4.23714E-04 
1.17222E-03 -9.01780E-04 
2.22792E-03 -1.76773E-03 
3.34327E-03 -2.68777E-03 
3.91969E-03 -3.17294E-03 
-1.57686E-03 1.50587E-03 
-1.36848E-03 1.33130E-03 
-1.63179E-03 1.52372E-03 
-1.39744E-03 1.32930E-03 
-1.18021E-03 1.14670E-03 
-9.79549E-04 9.76126E-04 
-7.96845E-04 8.19185E-04 
-6.67093E-04 7.06626E-04 
-6.31056E-04 6.75133E-04 
-4.71068E-04 5.33886E-04 
-3.29770E-04 4.07175E-04 
-2.06658E-04 2.95106E-04 
-1.00689E-04 1.97162E-04 
-3.79377E-05 1.35487E-04 
4.28443E-05 5.90225E-05 
1.10736E-04 -6.46768E-06 
1.67305E-04 -6.21502E-05 
2.14854E-04 -1.09841E-04 
2.57513E-04 -1.52873E-04 
3.05132E-04 -1.99286E-04 
3.86006E-04 -2.72295E-04 
5.81404E-04 -4.38845E-04 
1.06455E-03 -8.42392E-04 
1.94532E-03 -1.57599E-03 
2.86932E-03 -2.34951E-03 
3.33443E-03 -2.74627E-03 
-1.09495E-03 1.08217E-03 
-9.23981E-04 9.36320E-04 
-1.16458E-03 1.11690E-03 
-9.64632E-04 9.48388E-04 
-7.83841E-04 7.94139E-04 
-6.20304E-04 6.52893E-04 
-4.72464E-04 5.23441E-04 
-3.69223E-04 4.31862E-04 
-3.40821E-04 4.06478E-04 
-2.15660E-04 2.93740E-04 
-1.06759E-04 1.94191E-04 
-1.31517E-05 1.07146E-04 
6.57807E-05 3.24033E-05 
1.08681E-04 -1.16217E-05 
1.66060E-04 -6.75998E-05 
2.12543E-04 -1.14118E-04 
2.49654E-04 -1.52359E-04 
2.79486E-04 -1.84011E-04 
3.05656E-04 -2.12055E-04 
3.36586E-04 -2.43486E-04 
3.96196E-04 -2.98250E-04 
5.52734E-04 -4.33438E-04 
9.50602E-04 -7.70412E-04 
1.67862E-03 -1.38538E-03 
2.43693E-03 -2.02887E-03 
2.80814E-03 -2.34947E-03 
-6.99939E-04 7.26402E-04 
-5.66247E-04 6.10176E-04 
-7.88766E-04 7.81966E-04 
-6.20938E-04 6.38429E-04 
-4.71184E-04 5.08401E-04 
-3.38481E-04 3.91660E-04 
-2.21620E-04 2.87749E-04 
-1.41144E-04 2.15331E-04 
-1.19116E-04 1.95349E-04 
-2.28980E-05 1.07097E-04 
5.91688E-05 3.03517E-05 
1.27604E-04 -3.49098E-05 
1.83297E-04 -8.92185E-05 
2.09458E-04 -1.17963E-04 
2.47327E-04 -1.56419E-04 
2.76291E-04 -1.86994E-04 
2.97764E-04 -2.10830E-04 
3.13594E-04 -2.29450E-04 
3.26890E-04 -2.45464E-04 
3.44757E-04 -2.64866E-04 
3.87201E-04 -3.04588E-04 
5.10968E-04 -4.12776E-04 
8.35248E-04 -6.90965E-04 
1.43104E-03 -1.20081E-03 
2.04711E-03 -1.73018E-03 
2.33992E-03 -1.98598E-03 
-3.89517E-04 4.39309E-04 
-2.82068E-04 3.44647E-04 
-4.89062E-04 5.08576E-04 
-3.55007E-04 3.92452E-04 
-2.34637E-04 2.86645E-04 
-1.28646E-04 1.91955E-04 
-3.57190E-05 1.07924E-04 
2.61450E-05 5.12684E-05 
4.26331E-05 3.60450E-05 
1.14135E-04 -3.07786E-05 
1.73280E-04 -8.73723E-05 
2.20815E-04 -1.34048E-04 
2.57743E-04 -1.71461E-04 
2.70896E-04 -1.88022E-04 
2.93594E-04 -2.12554E-04 
3.09064E-04 -2.30560E-04 
3.18620E-04 -2.43135E-04 
3.23910E-04 -2.51673E-04 
3.27591E-04 -2.58444E-04 
3.35601E-04 -2.68537E-04 
3.64501E-04 -2.96159E-04 
4.60976E-04 -3.81441E-04 
7.22369E-04 -6.08348E-04 
1.20475E-03 -1.02611E-03 
1.69984E-03 -1.45648E-03 
1.92789E-03 -1.65782E-03 
-1.55221E-04 2.17035E-04 
-6.61366E-05 1.37781E-04 
-2.55977E-04 2.91139E-04 
-1.51405E-04 1.99357E-04 
-5.85010E-05 1.16719E-04 
2.36559E-05 4.25392E-05 
9.48939E-05 -2.28651E-05 
1.41785E-04 -6.66251E-05 
1.54143E-04 -7.82948E-05 
2.05286E-04 -1.27332E-04 
2.45568E-04 -1.67028E-04 
2.76572E-04 -1.98656E-04 
2.98916E-04 -2.22604E-04 
3.02188E-04 -2.29591E-04 
3.13047E-04 -2.42932E-04 
3.18185E-04 -2.51027E-04 
3.18856E-04 -2.54943E-04 
3.16480E-04 -2.55901E-04 
3.13277E-04 -2.55827E-04 
3.14138E-04 -2.58970E-04 
3.32605E-04 -2.77095E-04 
4.06650E-04 -3.43232E-04 
6.14863E-04 -5.25961E-04 
1.00094E-03 -8.64041E-04 
1.39418E-03 -1.20955E-03 
1.56935E-03 -1.36573E-03 
9.30576E-06 5.56004E-05 
8.60805E-05 -1.29631E-05 
-8.06354E-05 1.24033E-04 
-3.62518E-07 5.24747E-05 
6.99370E-05 -1.08144E-05 
1.28878E-04 -6.48792E-05 
1.81159E-04 -1.13746E-04 
2.14966E-04 -1.45899E-04 
2.23847E-04 -1.54443E-04 
2.59493E-04 -1.89416E-04 
2.85126E-04 -2.15709E-04 
3.02828E-04 -2.35010E-04 
3.13613E-04 -2.48048E-04 
3.09384E-04 -2.47547E-04 
3.11470E-04 -2.52377E-04 
3.09338E-04 -2.53271E-04 
3.03926E-04 -2.51032E-04 
2.96430E-04 -2.46706E-04 
2.88692E-04 -2.41918E-04 
2.84700E-04 -2.40174E-04 
2.95392E-04 -2.51086E-04 
3.51273E-04 -3.01487E-04 
5.15020E-04 -4.46654E-04 
8.20202E-04 -7.16644E-04 
1.12862E-03 -9.90324E-04 
1.26118E-03 -1.10959E-03 
1.16183E-04 -5.38773E-05 
1.83675E-04 -1.14394E-04 
4.18904E-05 3.85517E-06 
1.02074E-04 -5.04389E-05 
1.54067E-04 -9.80003E-05 
1.97209E-04 -1.38163E-04 
2.32932E-04 -1.72148E-04 
2.55723E-04 -1.94373E-04 
2.61529E-04 -2.00132E-04 
2.83942E-04 -2.23008E-04 
2.98846E-04 -2.39308E-04 
3.06843E-04 -2.49358E-04 
3.09073E-04 -2.54123E-04 
2.99747E-04 -2.48330E-04 
2.95620E-04 -2.46938E-04 
2.88436E-04 -2.42637E-04 
2.78995E-04 -2.36125E-04 
2.68303E-04 -2.28302E-04 
2.57848E-04 -2.20492E-04 
2.50809E-04 -2.15526E-04 
2.55892E-04 -2.21134E-04 
2.97259E-04 -2.58790E-04 
4.24202E-04 -3.72392E-04 
6.62096E-04 -5.84860E-04 
9.00582E-04 -7.98439E-04 
9.99211E-04 -8.87932E-04 
1.79205E-04 -1.22562E-04 
2.36605E-04 -1.74152E-04 
1.18905E-04 -7.46390E-05 
1.64821E-04 -1.16546E-04 
2.02612E-04 -1.51734E-04 
2.34047E-04 -1.81505E-04 
2.57779E-04 -2.04607E-04 
2.70621E-04 -2.17672E-04 
2.73815E-04 -2.21011E-04 
2.85949E-04 -2.34299E-04 
2.91807E-04 -2.41981E-04 
2.92591E-04 -2.45016E-04 
2.89162E-04 -2.44112E-04 
2.77235E-04 -2.35361E-04 
2.69474E-04 -2.30149E-04 
2.59466E-04 -2.22745E-04 
2.47964E-04 -2.13830E-04 
2.35786E-04 -2.04145E-04 
2.24140E-04 -1.94783E-04 
2.15544E-04 -1.88010E-04 
2.16836E-04 -1.89957E-04 
2.46916E-04 -2.17577E-04 
3.44057E-04 -3.05267E-04 
5.27157E-04 -4.70234E-04 
7.09208E-04 -6.34656E-04 
7.81459E-04 -7.00732E-04 
2.09320E-04 -1.59809E-04 
2.54718E-04 -2.00814E-04 
1.62939E-04 -1.22283E-04 
1.97423E-04 -1.54102E-04 
2.20084E-04 -1.75743E-04 
2.43649E-04 -1.98389E-04 
2.59240E-04 -2.14090E-04 
2.67322E-04 -2.22703E-04 
2.68845E-04 -2.24469E-04 
2.71865E-04 -2.29103E-04 
2.71057E-04 -2.30306E-04 
2.67163E-04 -2.28626E-04 
2.60328E-04 -2.24154E-04 
2.47177E-04 -2.13771E-04 
2.37353E-04 -2.06220E-04 
2.26013E-04 -1.97145E-04 
2.13789E-04 -1.87128E-04 
2.01343E-04 -1.76778E-04 
1.89613E-04 -1.66955E-04 
1.80549E-04 -1.59432E-04 
1.79427E-04 -1.58984E-04 
2.00776E-04 -1.78758E-04 
2.73807E-04 -2.45223E-04 
4.12313E-04 -3.71032E-04 
5.48857E-04 -4.95330E-04 
6.00673E-04 -5.43070E-04 
2.16304E-04 -1.74175E-04 
2.49463E-04 -2.04268E-04 
1.79426E-04 -1.43708E-04 
2.07263E-04 -1.69540E-04 
2.17695E-04 -1.80125E-04 
2.31826E-04 -1.94116E-04 
2.41102E-04 -2.03866E-04 
2.45592E-04 -2.09097E-04 
2.46373E-04 -2.10146E-04 
2.47003E-04 -2.12311E-04 
2.42350E-04 -2.09616E-04 
2.35822E-04 -2.05167E-04 
2.27013E-04 -1.98491E-04 
2.13675E-04 -1.87505E-04 
2.03053E-04 -1.78832E-04 
1.91501E-04 -1.69183E-04 
1.79522E-04 -1.59029E-04 
1.67642E-04 -1.48862E-04 
1.56575E-04 -1.39344E-04 
1.47800E-04 -1.31833E-04 
1.45314E-04 -1.29976E-04 
1.60093E-04 -1.43783E-04 
2.14056E-04 -1.93271E-04 
3.17072E-04 -2.87552E-04 
4.17744E-04 -3.79867E-04 
4.54134E-04 -4.13631E-04 
2.08040E-04 -1.72892E-04 
2.29271E-04 -1.92180E-04 
1.74580E-04 -1.44404E-04 
2.02858E-04 -1.70482E-04 
2.05853E-04 -1.74254E-04 
2.09378E-04 -1.78594E-04 
2.14761E-04 -1.84576E-04 
2.16071E-04 -1.86682E-04 
2.16226E-04 -1.87109E-04 
2.14488E-04 -1.86854E-04 
2.09491E-04 -1.83588E-04 
2.01549E-04 -1.77528E-04 
1.92113E-04 -1.69949E-04 
1.79408E-04 -1.59194E-04 
1.68922E-04 -1.50343E-04 
1.57986E-04 -1.40972E-04 
1.46961E-04 -1.31423E-04 
1.36233E-04 -1.22063E-04 
1.26330E-04 -1.13390E-04 
1.18350E-04 -1.06420E-04 
1.15261E-04 -1.03885E-04 
1.25207E-04 -1.13264E-04 
1.64335E-04 -1.49407E-04 
2.39558E-04 -2.18734E-04 
3.12412E-04 -2.85993E-04 
3.37387E-04 -3.09321E-04 
1.90152E-04 -1.61192E-04 
2.02202E-04 -1.72152E-04 
1.57144E-04 -1.32320E-04 
1.88214E-04 -1.60818E-04 
1.89361E-04 -1.62755E-04 
1.85277E-04 -1.60093E-04 
1.87067E-04 -1.62691E-04 
1.86224E-04 -1.62674E-04 
1.85604E-04 -1.62335E-04 
1.81589E-04 -1.59761E-04 
1.75694E-04 -1.55428E-04 
1.67286E-04 -1.48655E-04 
1.57858E-04 -1.40816E-04 
1.46489E-04 -1.31056E-04 
1.36916E-04 -1.22829E-04 
1.27143E-04 -1.14317E-04 
1.17472E-04 -1.05817E-04 
1.08201E-04 -9.76186E-05 
9.97148E-05 -9.00902E-05 
9.28024E-05 -8.39699E-05 
8.96238E-05 -8.12589E-05 
9.60987E-05 -8.74308E-05 
1.23891E-04 -1.13279E-04 
1.77733E-04 -1.63224E-04 
2.29406E-04 -2.11227E-04 
2.46116E-04 -2.26938E-04 
1.66669E-04 -1.43084E-04 
1.73153E-04 -1.48901E-04 
1.34132E-04 -1.14062E-04 
1.64527E-04 -1.41866E-04 
1.70806E-04 -1.48284E-04 
1.61862E-04 -1.41074E-04 
1.60715E-04 -1.40928E-04 
1.58747E-04 -1.39792E-04 
1.57555E-04 -1.38888E-04 
1.50418E-04 -1.33206E-04 
1.43176E-04 -1.27415E-04 
1.34880E-04 -1.20551E-04 
1.26257E-04 -1.13276E-04 
1.16428E-04 -1.04754E-04 
1.08078E-04 -9.74895E-05 
9.98020E-05 -9.02093E-05 
9.17446E-05 -8.30630E-05 
8.40840E-05 -7.62300E-05 
7.70993E-05 -6.99810E-05 
7.13603E-05 -6.48541E-05 
6.84068E-05 -6.22855E-05 
7.24536E-05 -6.61959E-05 
9.17511E-05 -8.42629E-05 
1.29462E-04 -1.19456E-04 
1.65320E-04 -1.52960E-04 
1.76187E-04 -1.63245E-04 
1.40627E-04 -1.21667E-04 
1.45309E-04 -1.25717E-04 
1.10389E-04 -9.42133E-05 
1.37120E-04 -1.18672E-04 
1.49829E-04 -1.30794E-04 
1.41260E-04 -1.23784E-04 
1.35094E-04 -1.18969E-04 
1.31835E-04 -1.16580E-04 
1.30771E-04 -1.15774E-04 
1.24019E-04 -1.10335E-04 
1.14853E-04 -1.02568E-04 
1.06587E-04 -9.55646E-05 
9.88355E-05 -8.89539E-05 
9.06447E-05 -8.18194E-05 
8.37326E-05 -7.57777E-05 
7.69264E-05 -6.97576E-05 
7.03799E-05 -6.39197E-05 
6.42345E-05 -5.84100E-05 
5.86618E-05 -5.33990E-05 
5.40495E-05 -4.92566E-05 
5.14706E-05 -4.69903E-05 
5.38591E-05 -4.93437E-05 
6.69233E-05 -6.16556E-05 
9.27271E-05 -8.58710E-05 
1.17037E-04 -1.08708E-04 
1.23878E-04 -1.15229E-04 
1.15166E-04 -1.00050E-04 
1.19791E-04 -1.03888E-04 
8.97148E-05 -7.65225E-05 
1.08989E-04 -9.41880E-05 
1.27551E-04 -1.11546E-04 
1.21689E-04 -1.06884E-04 
1.11658E-04 -9.84307E-05 
1.05740E-04 -9.35023E-05 
1.03979E-04 -9.20196E-05 
9.74153E-05 -8.66419E-05 
9.06941E-05 -8.10546E-05 
8.32473E-05 -7.47163E-05 
7.67407E-05 -6.91560E-05 
6.99187E-05 -6.31992E-05 
6.41310E-05 -5.81226E-05 
5.85805E-05 -5.31984E-05 
5.33471E-05 -4.85188E-05 
4.84990E-05 -4.41607E-05 
4.41357E-05 -4.02275E-05 
4.05099E-05 -3.69631E-05 
3.83414E-05 -3.50473E-05 
3.96192E-05 -3.63491E-05 
4.81984E-05 -4.44891E-05 
6.53914E-05 -6.07086E-05 
8.14424E-05 -7.58631E-05 
8.55797E-05 -7.98391E-05 
9.26573E-05 -8.06418E-05 
9.71193E-05 -8.41677E-05 
7.29950E-05 -6.20438E-05 
8.44573E-05 -7.25498E-05 
1.05917E-04 -9.25036E-05 
1.04178E-04 -9.15197E-05 
9.09481E-05 -8.00115E-05 
8.34078E-05 -7.35106E-05 
8.13742E-05 -7.17532E-05 
7.42111E-05 -6.57171E-05 
6.96475E-05 -6.20884E-05 
6.44458E-05 -5.77643E-05 
5.90193E-05 -5.31357E-05 
5.34762E-05 -4.83036E-05 
4.87043E-05 -4.41144E-05 
4.42881E-05 -4.02019E-05 
4.01908E-05 -3.65421E-05 
3.64253E-05 -3.31588E-05 
3.30628E-05 -3.01289E-05 
3.02565E-05 -2.76032E-05 
2.84753E-05 -2.60270E-05 
2.90368E-05 -2.66438E-05 
3.44892E-05 -3.18550E-05 
4.56501E-05 -4.24360E-05 
5.59803E-05 -5.22354E-05 
5.83651E-05 -5.45516E-05 
7.39891E-05 -6.44066E-05 
7.79404E-05 -6.73647E-05 
6.00883E-05 -5.08036E-05 
6.49586E-05 -5.52368E-05 
8.59395E-05 -7.47511E-05 
9.02495E-05 -7.92265E-05 
7.33646E-05 -6.42672E-05 
6.72935E-05 -5.90917E-05 
6.60788E-05 -5.80897E-05 
5.89071E-05 -5.19719E-05 
5.43902E-05 -4.83044E-05 
4.95927E-05 -4.42887E-05 
4.50326E-05 -4.04146E-05 
4.06088E-05 -3.65832E-05 
3.68676E-05 -3.33199E-05 
3.34299E-05 -3.02898E-05 
3.02932E-05 -2.75022E-05 
2.74315E-05 -2.49415E-05 
2.48781E-05 -2.26482E-05 
2.27257E-05 -2.07160E-05 
2.12771E-05 -1.94349E-05 
2.13879E-05 -1.96148E-05 
2.47081E-05 -2.28154E-05 
3.17395E-05 -2.95133E-05 
3.81966E-05 -3.56665E-05 
3.94744E-05 -3.69272E-05 
5.92262E-05 -5.15430E-05 
6.25309E-05 -5.38405E-05 
5.04684E-05 -4.24618E-05 
5.13796E-05 -4.32168E-05 
6.73302E-05 -5.81006E-05 
7.88174E-05 -6.91364E-05 
6.12643E-05 -5.34708E-05 
5.35274E-05 -4.67437E-05 
5.29167E-05 -4.62984E-05 
5.00579E-05 -4.41649E-05 
4.38254E-05 -3.88039E-05 
3.90494E-05 -3.47525E-05 
3.48874E-05 -3.12041E-05 
3.12546E-05 -2.80783E-05 
2.82567E-05 -2.54839E-05 
2.55556E-05 -2.31152E-05 
2.31444E-05 -2.09829E-05 
2.09620E-05 -1.90394E-05 
1.90094E-05 -1.72928E-05 
1.73419E-05 -1.58005E-05 
1.61514E-05 -1.47475E-05 
1.59842E-05 -1.46528E-05 
1.78913E-05 -1.65116E-05 
2.21782E-05 -2.06148E-05 
2.60890E-05 -2.43585E-05 
2.66904E-05 -2.49694E-05 
4.81946E-05 -4.20071E-05 
5.10411E-05 -4.38315E-05 
4.30778E-05 -3.61187E-05 
4.27309E-05 -3.56825E-05 
5.18621E-05 -4.42735E-05 
6.98357E-05 -6.12651E-05 
5.59218E-05 -4.89017E-05 
4.45079E-05 -3.87097E-05 
4.34912E-05 -3.78801E-05 
4.27274E-05 -3.76949E-05 
3.79027E-05 -3.36218E-05 
3.21967E-05 -2.86384E-05 
2.78645E-05 -2.48787E-05 
2.46888E-05 -2.21407E-05 
2.22207E-05 -2.00127E-05 
2.00515E-05 -1.81223E-05 
1.81109E-05 -1.64133E-05 
1.63706E-05 -1.48684E-05 
1.48249E-05 -1.34892E-05 
1.34947E-05 -1.23006E-05 
1.24943E-05 -1.14140E-05 
1.21647E-05 -1.11539E-05 
1.31665E-05 -1.21470E-05 
1.56857E-05 -1.45705E-05 
1.79729E-05 -1.67705E-05 
1.81769E-05 -1.69961E-05 
4.02978E-05 -3.53260E-05 
4.30783E-05 -3.70348E-05 
3.76410E-05 -3.15827E-05 
3.75129E-05 -3.12960E-05 
4.11940E-05 -3.48105E-05 
6.06306E-05 -5.31744E-05 
5.58109E-05 -4.92024E-05 
4.16845E-05 -3.64463E-05 
4.00907E-05 -3.50732E-05 
3.49182E-05 -3.06925E-05 
3.06046E-05 -2.70606E-05 
2.68531E-05 -2.38916E-05 
2.29960E-05 -2.05432E-05 
2.02897E-05 -1.82200E-05 
1.81296E-05 -1.63557E-05 
1.62514E-05 -1.47145E-05 
1.46031E-05 -1.32601E-05 
1.31539E-05 -1.19723E-05 
1.18761E-05 -1.08309E-05 
1.07714E-05 -9.84181E-06 
9.90446E-06 -9.06893E-06 
9.48514E-06 -8.71283E-06 
9.92678E-06 -9.16575E-06 
1.13431E-05 -1.05363E-05 
1.26267E-05 -1.17777E-05 
1.26077E-05 -1.17840E-05 
3.51313E-05 -3.11686E-05 
3.78501E-05 -3.27522E-05 
3.39775E-05 -2.86912E-05 
3.49786E-05 -2.94024E-05 
3.44088E-05 -2.89386E-05 
5.13193E-05 -4.49820E-05 
5.59745E-05 -4.97610E-05 
4.26312E-05 -3.77049E-05 
3.96879E-05 -3.50623E-05 
3.01791E-05 -2.65628E-05 
2.46338E-05 -2.17166E-05 
2.20626E-05 -1.96258E-05 
1.93546E-05 -1.73345E-05 
1.70084E-05 -1.53218E-05 
1.50843E-05 -1.36544E-05 
1.34497E-05 -1.22229E-05 
1.20293E-05 -1.09662E-05 
1.07935E-05 -9.86452E-06 
9.70884E-06 -8.89191E-06 
8.76852E-06 -8.04589E-06 
8.00637E-06 -7.36107E-06 
7.55147E-06 -6.96122E-06 
7.66435E-06 -7.09375E-06 
8.41594E-06 -7.82660E-06 
9.09864E-06 -8.49157E-06 
8.96399E-06 -8.38151E-06 
3.20315E-05 -2.89299E-05 
3.48171E-05 -3.05195E-05 
3.18154E-05 -2.72041E-05 
3.34733E-05 -2.84807E-05 
3.09263E-05 -2.61462E-05 
4.24037E-05 -3.71076E-05 
5.40654E-05 -4.83942E-05 
4.33941E-05 -3.87880E-05 
3.98502E-05 -3.55764E-05 
2.91013E-05 -2.59024E-05 
2.29812E-05 -2.04639E-05 
1.94207E-05 -1.73840E-05 
1.68853E-05 -1.52209E-05 
1.47221E-05 -1.33461E-05 
1.28610E-05 -1.17112E-05 
1.13221E-05 -1.03478E-05 
1.00415E-05 -9.20512E-06 
8.94325E-06 -8.21808E-06 
7.99902E-06 -7.36543E-06 
7.18659E-06 -6.62933E-06 
6.51414E-06 -6.01964E-06 
6.06143E-06 -5.61317E-06 
5.99508E-06 -5.56835E-06 
6.35988E-06 -5.92824E-06 
6.69460E-06 -6.25775E-06 
6.50997E-06 -6.09490E-06 
3.05720E-05 -2.82361E-05 
3.32588E-05 -2.96752E-05 
3.09159E-05 -2.68967E-05 
3.23694E-05 -2.79416E-05 
2.92929E-05 -2.50666E-05 
3.61402E-05 -3.16828E-05 
5.19213E-05 -4.67985E-05 
4.39694E-05 -3.96912E-05 
3.92577E-05 -3.53687E-05 
2.85246E-05 -2.56857E-05 
2.34690E-05 -2.12271E-05 
1.84965E-05 -1.67544E-05 
1.49020E-05 -1.35393E-05 
1.25688E-05 -1.14705E-05 
1.07812E-05 -9.87798E-06 
9.43454E-06 -8.67597E-06 
8.34987E-06 -7.70262E-06 
7.42047E-06 -6.86250E-06 
6.61108E-06 -6.12626E-06 
5.90799E-06 -5.48393E-06 
5.31796E-06 -4.94387E-06 
4.89191E-06 -4.55541E-06 
4.73892E-06 -4.42244E-06 
4.88749E-06 -4.57254E-06 
5.02807E-06 -4.71378E-06 
4.83134E-06 -4.53521E-06 
---
