PdfType: replica
Format: lhagrid1
---
1.00000E-06 1.28121E-06 1.64152E-06 2.10317E-06 2.69463E-06 3.45242E-06 4.42329E-06 5.66715E-06 7.26076E-06 9.30241E-06 1.19180E-05 1.52689E-05 1.95617E-05 2.50609E-05 3.21053E-05 4.11287E-05 5.26863E-05 6.74889E-05 8.64459E-05 1.10720E-04 1.41800E-04 1.81585E-04 2.32503E-04 2.97652E-04 3.80981E-04 4.87518E-04 6.26039E-04 8.00452E-04 1.02297E-03 1.30657E-03 1.66759E-03 2.12729E-03 2.71054E-03 3.44865E-03 4.37927E-03 5.54908E-03 7.01192E-03 8.83064E-03 1.10763E-02 1.38266E-02 1.71641E-02 2.11717E-02 2.59364E-02 3.15062E-02 3.79623E-02 4.53425E-02 5.36750E-02 6.29705E-02 7.32221E-02 8.44039E-02 9.64793E-02 1.09332E-01 1.23067E-01 1.37507E-01 1.52639E-01 1.68416E-01 1.84794E-01 2.01731E-01 2.19016E-01 2.36948E-01 2.55242E-01 2.73927E-01 2.92954E-01 3.12340E-01 3.32036E-01 3.52019E-01 3.72282E-01 3.92772E-01 4.13533E-01 4.34326E-01 4.55495E-01 4.76836E-01 4.98342E-01 5.20006E-01 5.41818E-01 5.63773E-01 5.85861E-01 6.08077E-01 6.30459E-01 6.52800E-01 6.75387E-01 6.98063E-01 7.20830E-01 7.43683E-01 7.66623E-01 7.89636E-01 8.12791E-01 8.35940E-01 8.59175E-01 8.82485E-01 9.05866E-01 9.29311E-01 9.52817E-01 9.76387E-01 1.00000E+00 
1.14018E+00 1.22539E+00 1.32482E+00 1.44156E+00 1.57954E+00 1.74381E+00 1.94091E+00 2.12132E+00 2.17945E+00 2.49622E+00 2.89383E+00 3.39925E+00 4.05063E+00 4.90286E+00 6.03623E+00 7.57063E+00 9.68869E+00 1.26749E+01 1.69835E+01 2.33578E+01 3.30501E+01 4.82334E+01 7.28041E+01 1.13998E+02 1.85779E+02 3.16228E+02 
908 909 
-8.99174E+00 -1.52090E+01 
-9.55412E+00 -1.58283E+01 
-1.03267E+01 -1.68698E+01 
-1.10913E+01 -1.76934E+01 
-1.19277E+01 -1.85809E+01 
-1.28483E+01 -1.95463E+01 
-1.38696E+01 -2.06055E+01 
-1.47419E+01 -2.15003E+01 
-1.50123E+01 -2.17757E+01 
-1.64107E+01 -2.31838E+01 
-1.80210E+01 -2.47682E+01 
-1.98924E+01 -2.65558E+01 
-2.20838E+01 -2.85739E+01 
-2.52633E+01 -3.08629E+01 
-2.88689E+01 -3.35322E+01 
-3.30980E+01 -3.65224E+01 
-3.80647E+01 -3.98671E+01 
-4.39040E+01 -4.36021E+01 
-5.07835E+01 -4.77708E+01 
-5.89432E+01 -5.24449E+01 
-6.88473E+01 -5.78036E+01 
-8.17293E+01 -6.44088E+01 
-1.00867E+02 -7.37867E+01 
-1.31310E+02 -8.80464E+01 
-1.72698E+02 -1.06217E+02 
-2.16891E+02 -1.23800E+02 
-8.54615E+00 -1.34793E+01 
-9.05291E+00 -1.40217E+01 
-9.75749E+00 -1.49482E+01 
-1.04458E+01 -1.56679E+01 
-1.11959E+01 -1.64451E+01 
-1.20190E+01 -1.72920E+01 
-1.29300E+01 -1.82219E+01 
-1.37070E+01 -1.90077E+01 
-1.39477E+01 -1.92496E+01 
-1.51912E+01 -2.04852E+01 
-1.66211E+01 -2.18734E+01 
-1.82804E+01 -2.34356E+01 
-2.02201E+01 -2.51938E+01 
-2.29952E+01 -2.71499E+01 
-2.61431E+01 -2.94407E+01 
-2.98260E+01 -3.19977E+01 
-3.41395E+01 -3.48467E+01 
-3.91968E+01 -3.80149E+01 
-4.51379E+01 -4.15353E+01 
-5.21635E+01 -4.54642E+01 
-6.06655E+01 -4.99474E+01 
-7.16927E+01 -5.54491E+01 
-8.80367E+01 -6.32304E+01 
-1.13980E+02 -7.50134E+01 
-1.49147E+02 -8.99340E+01 
-1.86533E+02 -1.04234E+02 
-8.01426E+00 -1.19574E+01 
-8.46655E+00 -1.24355E+01 
-9.11263E+00 -1.32530E+01 
-9.72722E+00 -1.38851E+01 
-1.03953E+01 -1.45686E+01 
-1.11273E+01 -1.53139E+01 
-1.19365E+01 -1.61325E+01 
-1.26262E+01 -1.68239E+01 
-1.28398E+01 -1.70366E+01 
-1.39429E+01 -1.81220E+01 
-1.52103E+01 -1.93385E+01 
-1.66795E+01 -2.07034E+01 
-1.83944E+01 -2.22338E+01 
-2.08134E+01 -2.39029E+01 
-2.35590E+01 -2.58663E+01 
-2.67631E+01 -2.80494E+01 
-3.05059E+01 -3.04719E+01 
-3.48818E+01 -3.31539E+01 
-4.00074E+01 -3.61202E+01 
-4.60501E+01 -3.94147E+01 
-5.33401E+01 -4.31558E+01 
-6.27677E+01 -4.77262E+01 
-7.67073E+01 -5.41651E+01 
-9.87856E+01 -6.38717E+01 
-1.28625E+02 -7.60784E+01 
-1.60206E+02 -8.76532E+01 
-7.42103E+00 -1.06370E+01 
-7.82318E+00 -1.10594E+01 
-8.41613E+00 -1.17764E+01 
-8.96295E+00 -1.23324E+01 
-9.55651E+00 -1.29341E+01 
-1.02063E+01 -1.35905E+01 
-1.09244E+01 -1.43112E+01 
-1.15362E+01 -1.49192E+01 
-1.17257E+01 -1.51061E+01 
-1.27038E+01 -1.60586E+01 
-1.38271E+01 -1.71233E+01 
-1.51277E+01 -1.83136E+01 
-1.66435E+01 -1.96429E+01 
-1.87504E+01 -2.10639E+01 
-2.11440E+01 -2.27430E+01 
-2.39299E+01 -2.46028E+01 
-2.71754E+01 -2.66575E+01 
-3.09589E+01 -2.89221E+01 
-3.53770E+01 -3.14147E+01 
-4.05694E+01 -3.41692E+01 
-4.68138E+01 -3.72813E+01 
-5.48654E+01 -4.10650E+01 
-6.67423E+01 -4.63727E+01 
-8.55126E+01 -5.43336E+01 
-1.10803E+02 -6.42701E+01 
-1.37444E+02 -7.35844E+01 
-6.80223E+00 -9.49308E+00 
-7.15969E+00 -9.86609E+00 
-7.70283E+00 -1.04921E+01 
-8.18903E+00 -1.09807E+01 
-8.71630E+00 -1.15099E+01 
-9.29325E+00 -1.20872E+01 
-9.93074E+00 -1.27206E+01 
-1.04739E+01 -1.32543E+01 
-1.06420E+01 -1.34182E+01 
-1.15100E+01 -1.42523E+01 
-1.25060E+01 -1.51817E+01 
-1.36579E+01 -1.62170E+01 
-1.49980E+01 -1.73683E+01 
-1.68318E+01 -1.85746E+01 
-1.89177E+01 -2.00069E+01 
-2.13389E+01 -2.15868E+01 
-2.41514E+01 -2.33248E+01 
-2.74201E+01 -2.52312E+01 
-3.12252E+01 -2.73193E+01 
-3.56826E+01 -2.96148E+01 
-4.10258E+01 -3.21944E+01 
-4.78953E+01 -3.53143E+01 
-5.80054E+01 -3.96687E+01 
-7.39489E+01 -4.61623E+01 
-9.53600E+01 -5.42013E+01 
-1.17802E+02 -6.16450E+01 
-6.18971E+00 -8.49593E+00 
-6.50783E+00 -8.82462E+00 
-7.00374E+00 -9.36898E+00 
-7.43630E+00 -9.79747E+00 
-7.90510E+00 -1.02618E+01 
-8.41794E+00 -1.07683E+01 
-8.98451E+00 -1.13234E+01 
-9.46713E+00 -1.17906E+01 
-9.61654E+00 -1.19340E+01 
-1.03874E+01 -1.26622E+01 
-1.12712E+01 -1.34710E+01 
-1.22917E+01 -1.43686E+01 
-1.34765E+01 -1.53626E+01 
-1.50715E+01 -1.63832E+01 
-1.68884E+01 -1.76014E+01 
-1.89914E+01 -1.89396E+01 
-2.14269E+01 -2.04050E+01 
-2.42485E+01 -2.20048E+01 
-2.75224E+01 -2.37482E+01 
-3.13447E+01 -2.56543E+01 
-3.59115E+01 -2.77843E+01 
-4.17659E+01 -3.03453E+01 
-5.03634E+01 -3.38982E+01 
-6.38922E+01 -3.91607E+01 
-8.19975E+01 -4.56179E+01 
-1.00873E+02 -5.15192E+01 
-5.60613E+00 -7.61835E+00 
-5.88971E+00 -7.90709E+00 
-6.34083E+00 -8.37882E+00 
-6.72602E+00 -8.75342E+00 
-7.14328E+00 -9.15959E+00 
-7.59962E+00 -9.60254E+00 
-8.10369E+00 -1.00876E+01 
-8.53294E+00 -1.04953E+01 
-8.66579E+00 -1.06202E+01 
-9.35091E+00 -1.12538E+01 
-1.01354E+01 -1.19554E+01 
-1.10396E+01 -1.27309E+01 
-1.20868E+01 -1.35861E+01 
-1.34729E+01 -1.44466E+01 
-1.50545E+01 -1.54795E+01 
-1.68796E+01 -1.66093E+01 
-1.89867E+01 -1.78410E+01 
-2.14199E+01 -1.91790E+01 
-2.42335E+01 -2.06294E+01 
-2.75071E+01 -2.22063E+01 
-3.14054E+01 -2.39577E+01 
-3.63884E+01 -2.60496E+01 
-4.36909E+01 -2.89307E+01 
-5.51570E+01 -3.31643E+01 
-7.04457E+01 -3.83083E+01 
-8.62939E+01 -4.29434E+01 
-5.06470E+00 -6.83820E+00 
-5.31781E+00 -7.09096E+00 
-5.72672E+00 -7.49830E+00 
-6.06995E+00 -7.82465E+00 
-6.44160E+00 -8.17876E+00 
-6.84795E+00 -8.56486E+00 
-7.29667E+00 -8.98729E+00 
-7.67863E+00 -9.34179E+00 
-7.79680E+00 -9.45032E+00 
-8.40581E+00 -9.99980E+00 
-9.10206E+00 -1.06062E+01 
-9.90295E+00 -1.12739E+01 
-1.08280E+01 -1.20070E+01 
-1.20313E+01 -1.27300E+01 
-1.34067E+01 -1.36029E+01 
-1.49891E+01 -1.45538E+01 
-1.68100E+01 -1.55855E+01 
-1.89057E+01 -1.67007E+01 
-2.13205E+01 -1.79030E+01 
-2.41204E+01 -1.92024E+01 
-2.74432E+01 -2.06360E+01 
-3.16784E+01 -2.23356E+01 
-3.78723E+01 -2.46560E+01 
-4.75761E+01 -2.80336E+01 
-6.04654E+01 -3.20925E+01 
-7.37462E+01 -3.56937E+01 
-4.57104E+00 -6.13860E+00 
-4.79707E+00 -6.35912E+00 
-5.16651E+00 -6.70947E+00 
-5.47237E+00 -6.99283E+00 
-5.80343E+00 -7.30050E+00 
-6.16532E+00 -7.63595E+00 
-6.56478E+00 -8.00260E+00 
-6.90462E+00 -8.30983E+00 
-7.00972E+00 -8.40379E+00 
-7.55090E+00 -8.87867E+00 
-8.16852E+00 -9.40097E+00 
-8.87731E+00 -9.97389E+00 
-9.69363E+00 -1.06000E+01 
-1.07368E+01 -1.12052E+01 
-1.19316E+01 -1.19406E+01 
-1.33019E+01 -1.27383E+01 
-1.48734E+01 -1.35996E+01 
-1.66758E+01 -1.45258E+01 
-1.87454E+01 -1.55185E+01 
-2.11364E+01 -1.65847E+01 
-2.39641E+01 -1.77527E+01 
-2.75579E+01 -1.91255E+01 
-3.28029E+01 -2.09802E+01 
-4.10013E+01 -2.36493E+01 
-5.18472E+01 -2.68165E+01 
-6.29529E+01 -2.95783E+01 
-4.12554E+00 -5.50725E+00 
-4.32734E+00 -5.69903E+00 
-4.66014E+00 -5.99900E+00 
-4.93254E+00 -6.24421E+00 
-5.22731E+00 -6.51070E+00 
-5.54945E+00 -6.80120E+00 
-5.90488E+00 -7.11841E+00 
-6.20706E+00 -7.38381E+00 
-6.30046E+00 -7.46488E+00 
-6.78097E+00 -7.87392E+00 
-7.32831E+00 -8.32227E+00 
-7.95484E+00 -8.81209E+00 
-8.67423E+00 -9.34506E+00 
-9.57718E+00 -9.84957E+00 
-1.06137E+01 -1.04672E+01 
-1.17986E+01 -1.11341E+01 
-1.31529E+01 -1.18507E+01 
-1.47007E+01 -1.26170E+01 
-1.64716E+01 -1.34334E+01 
-1.85099E+01 -1.43044E+01 
-2.09122E+01 -1.52512E+01 
-2.39562E+01 -1.63529E+01 
-2.83894E+01 -1.78226E+01 
-3.53023E+01 -1.99086E+01 
-4.44095E+01 -2.23476E+01 
-5.36746E+01 -2.44322E+01 
-3.72550E+00 -4.93520E+00 
-3.90549E+00 -5.10154E+00 
-4.20450E+00 -5.35702E+00 
-4.44684E+00 -5.56858E+00 
-4.70903E+00 -5.79868E+00 
-4.99550E+00 -6.04950E+00 
-5.31143E+00 -6.32309E+00 
-5.57983E+00 -6.55163E+00 
-5.66275E+00 -6.62136E+00 
-6.08888E+00 -6.97252E+00 
-6.57326E+00 -7.35609E+00 
-7.12626E+00 -7.77343E+00 
-7.75918E+00 -8.22545E+00 
-8.53945E+00 -8.64440E+00 
-9.43727E+00 -9.16146E+00 
-1.04602E+01 -9.71710E+00 
-1.16254E+01 -1.03111E+01 
-1.29524E+01 -1.09426E+01 
-1.44650E+01 -1.16113E+01 
-1.61996E+01 -1.23194E+01 
-1.82366E+01 -1.30825E+01 
-2.08100E+01 -1.39604E+01 
-2.45493E+01 -1.51135E+01 
-3.03655E+01 -1.67224E+01 
-3.79948E+01 -1.85704E+01 
-4.57046E+01 -2.01126E+01 
-3.36672E+00 -4.41590E+00 
-3.52700E+00 -4.55981E+00 
-3.79502E+00 -4.77606E+00 
-4.01026E+00 -4.95807E+00 
-4.24313E+00 -5.15621E+00 
-4.49754E+00 -5.37213E+00 
-4.77797E+00 -5.60740E+00 
-5.01603E+00 -5.80357E+00 
-5.08953E+00 -5.86336E+00 
-5.46685E+00 -6.16386E+00 
-5.89482E+00 -6.49090E+00 
-6.38204E+00 -6.84525E+00 
-6.93785E+00 -7.22724E+00 
-7.61085E+00 -7.57370E+00 
-8.38721E+00 -8.00510E+00 
-9.26883E+00 -8.46644E+00 
-1.02696E+01 -8.95692E+00 
-1.14052E+01 -9.47529E+00 
-1.26949E+01 -1.00204E+01 
-1.41683E+01 -1.05931E+01 
-1.58921E+01 -1.12044E+01 
-1.80630E+01 -1.18982E+01 
-2.12099E+01 -1.27924E+01 
-2.60916E+01 -1.40134E+01 
-3.24664E+01 -1.53850E+01 
-3.88642E+01 -1.64959E+01 
-3.04457E+00 -3.94431E+00 
-3.18703E+00 -4.06858E+00 
-3.42671E+00 -4.25028E+00 
-3.61752E+00 -4.40647E+00 
-3.82399E+00 -4.57663E+00 
-4.04954E+00 -4.76200E+00 
-4.29806E+00 -4.96372E+00 
-4.50884E+00 -5.13160E+00 
-4.57388E+00 -5.18270E+00 
-4.90740E+00 -5.43902E+00 
-5.28482E+00 -5.71693E+00 
-5.71326E+00 -6.01672E+00 
-6.20036E+00 -6.33836E+00 
-6.77968E+00 -6.62361E+00 
-7.44980E+00 -6.98231E+00 
-8.20829E+00 -7.36394E+00 
-9.06629E+00 -7.76733E+00 
-1.00363E+01 -8.19090E+00 
-1.11338E+01 -8.63303E+00 
-1.23827E+01 -9.09368E+00 
-1.38385E+01 -9.57993E+00 
-1.56659E+01 -1.01231E+01 
-1.83079E+01 -1.08068E+01 
-2.23943E+01 -1.17144E+01 
-2.77060E+01 -1.27050E+01 
-3.29994E+01 -1.34759E+01 
-2.75461E+00 -3.51638E+00 
-2.88097E+00 -3.62349E+00 
-3.09482E+00 -3.77486E+00 
-3.26361E+00 -3.90858E+00 
-3.44631E+00 -4.05434E+00 
-3.64590E+00 -4.21306E+00 
-3.86572E+00 -4.38550E+00 
-4.05202E+00 -4.52874E+00 
-4.10946E+00 -4.57228E+00 
-4.40369E+00 -4.79020E+00 
-4.73585E+00 -5.02554E+00 
-5.11182E+00 -5.27827E+00 
-5.53778E+00 -5.54806E+00 
-6.03542E+00 -5.78183E+00 
-6.61278E+00 -6.07902E+00 
-7.26410E+00 -6.39346E+00 
-7.99829E+00 -6.72380E+00 
-8.82528E+00 -7.06824E+00 
-9.75731E+00 -7.42491E+00 
-1.08139E+01 -7.79300E+00 
-1.20406E+01 -8.17676E+00 
-1.35752E+01 -8.59729E+00 
-1.57875E+01 -9.11069E+00 
-1.91987E+01 -9.76718E+00 
-2.36111E+01 -1.04554E+01 
-2.79768E+01 -1.09611E+01 
-2.49289E+00 -3.12858E+00 
-2.60469E+00 -3.22078E+00 
-2.79505E+00 -3.34561E+00 
-2.94402E+00 -3.45982E+00 
-3.10536E+00 -3.58439E+00 
-3.28163E+00 -3.71992E+00 
-3.47568E+00 -3.86692E+00 
-3.64000E+00 -3.98875E+00 
-3.69063E+00 -4.02572E+00 
-3.94966E+00 -4.21038E+00 
-4.24139E+00 -4.40897E+00 
-4.57058E+00 -4.62123E+00 
-4.94224E+00 -4.84664E+00 
-5.36876E+00 -5.03728E+00 
-5.86525E+00 -5.28256E+00 
-6.42347E+00 -5.54056E+00 
-7.05049E+00 -5.80979E+00 
-7.75412E+00 -6.08839E+00 
-8.54402E+00 -6.37437E+00 
-9.43588E+00 -6.66638E+00 
-1.04673E+01 -6.96645E+00 
-1.17528E+01 -7.28763E+00 
-1.36002E+01 -7.66434E+00 
-1.64390E+01 -8.12106E+00 
-2.00926E+01 -8.57180E+00 
-2.36806E+01 -8.87301E+00 
-2.25599E+00 -2.77775E+00 
-2.35469E+00 -2.85702E+00 
-2.52370E+00 -2.95872E+00 
-2.65487E+00 -3.05608E+00 
-2.79704E+00 -3.16227E+00 
-2.95239E+00 -3.27770E+00 
-3.12335E+00 -3.40263E+00 
-3.26798E+00 -3.50593E+00 
-3.31252E+00 -3.53722E+00 
-3.54008E+00 -3.69316E+00 
-3.79571E+00 -3.86013E+00 
-4.08329E+00 -4.03771E+00 
-4.40682E+00 -4.22527E+00 
-4.77155E+00 -4.37991E+00 
-5.19765E+00 -4.58151E+00 
-5.67514E+00 -4.79223E+00 
-6.20955E+00 -5.01052E+00 
-6.80698E+00 -5.23453E+00 
-7.47501E+00 -5.46223E+00 
-8.22617E+00 -5.69195E+00 
-9.09131E+00 -5.92403E+00 
-1.01653E+01 -6.16520E+00 
-1.17035E+01 -6.43296E+00 
-1.40582E+01 -6.73232E+00 
-1.70728E+01 -6.99859E+00 
-2.00106E+01 -7.14437E+00 
-2.04106E+00 -2.46097E+00 
-2.12800E+00 -2.52904E+00 
-2.27764E+00 -2.61068E+00 
-2.39287E+00 -2.69351E+00 
-2.51787E+00 -2.78384E+00 
-2.65450E+00 -2.88187E+00 
-2.80479E+00 -2.98774E+00 
-2.93182E+00 -3.07504E+00 
-2.97091E+00 -3.10144E+00 
-3.17038E+00 -3.23266E+00 
-3.39388E+00 -3.37250E+00 
-3.64452E+00 -3.52047E+00 
-3.92547E+00 -3.67586E+00 
-4.23661E+00 -3.80057E+00 
-4.60158E+00 -3.96554E+00 
-5.00918E+00 -4.13677E+00 
-5.46372E+00 -4.31273E+00 
-5.96990E+00 -4.49164E+00 
-6.53361E+00 -4.67150E+00 
-7.16481E+00 -4.85045E+00 
-7.88868E+00 -5.02756E+00 
-8.78357E+00 -5.20472E+00 
-1.00602E+01 -5.38641E+00 
-1.20064E+01 -5.56317E+00 
-1.44842E+01 -5.68816E+00 
-1.68799E+01 -5.71797E+00 
-1.84572E+00 -2.17546E+00 
-1.92213E+00 -2.23388E+00 
-2.05421E+00 -2.29823E+00 
-2.15521E+00 -2.36856E+00 
-2.26487E+00 -2.44521E+00 
-2.38477E+00 -2.52825E+00 
-2.51661E+00 -2.61769E+00 
-2.62794E+00 -2.69122E+00 
-2.66217E+00 -2.71341E+00 
-2.83661E+00 -2.82342E+00 
-3.03156E+00 -2.94009E+00 
-3.24947E+00 -3.06285E+00 
-3.49286E+00 -3.19100E+00 
-3.75762E+00 -3.29096E+00 
-4.06959E+00 -3.42528E+00 
-4.41682E+00 -3.56362E+00 
-4.80260E+00 -3.70454E+00 
-5.23053E+00 -3.84632E+00 
-5.70513E+00 -3.98708E+00 
-6.23424E+00 -4.12484E+00 
-6.83833E+00 -4.25778E+00 
-7.58180E+00 -4.38411E+00 
-8.63783E+00 -4.49848E+00 
-1.02402E+01 -4.58105E+00 
-1.22682E+01 -4.59972E+00 
-1.42129E+01 -4.54506E+00 
-1.66798E+00 -1.91864E+00 
-1.73499E+00 -1.96872E+00 
-1.85117E+00 -2.01828E+00 
-1.93948E+00 -2.07789E+00 
-2.03548E+00 -2.14278E+00 
-2.14048E+00 -2.21294E+00 
-2.25587E+00 -2.28826E+00 
-2.35322E+00 -2.34998E+00 
-2.38312E+00 -2.36857E+00 
-2.53532E+00 -2.46045E+00 
-2.70495E+00 -2.55737E+00 
-2.89395E+00 -2.65877E+00 
-3.10426E+00 -2.76393E+00 
-3.32897E+00 -2.84349E+00 
-3.59509E+00 -2.95227E+00 
-3.89026E+00 -3.06333E+00 
-4.21697E+00 -3.17533E+00 
-4.57793E+00 -3.28668E+00 
-4.97655E+00 -3.39562E+00 
-5.41897E+00 -3.50015E+00 
-5.92173E+00 -3.59782E+00 
-6.53749E+00 -3.68412E+00 
-7.40780E+00 -3.74651E+00 
-8.72148E+00 -3.75795E+00 
-1.03737E+01 -3.69844E+00 
-1.19444E+01 -3.58428E+00 
-1.50613E+00 -1.68804E+00 
-1.56479E+00 -1.73095E+00 
-1.66658E+00 -1.76796E+00 
-1.74363E+00 -1.81841E+00 
-1.82748E+00 -1.87323E+00 
-1.91923E+00 -1.93233E+00 
-2.02001E+00 -1.99556E+00 
-2.10493E+00 -2.04718E+00 
-2.13099E+00 -2.06270E+00 
-2.26347E+00 -2.13913E+00 
-2.41070E+00 -2.21930E+00 
-2.57421E+00 -2.30265E+00 
-2.75547E+00 -2.38849E+00 
-2.94567E+00 -2.45135E+00 
-3.17220E+00 -2.53888E+00 
-3.42258E+00 -2.62739E+00 
-3.69865E+00 -2.71563E+00 
-4.00241E+00 -2.80215E+00 
-4.33638E+00 -2.88532E+00 
-4.70535E+00 -2.96320E+00 
-5.12257E+00 -3.03292E+00 
-5.63087E+00 -3.08804E+00 
-6.34525E+00 -3.11090E+00 
-7.41721E+00 -3.06983E+00 
-8.75629E+00 -2.95465E+00 
-1.00178E+01 -2.80060E+00 
-1.35871E+00 -1.48138E+00 
-1.40996E+00 -1.51813E+00 
-1.49876E+00 -1.54459E+00 
-1.56583E+00 -1.58722E+00 
-1.63891E+00 -1.63343E+00 
-1.71890E+00 -1.68308E+00 
-1.80671E+00 -1.73599E+00 
-1.88061E+00 -1.77901E+00 
-1.90328E+00 -1.79191E+00 
-2.01830E+00 -1.85523E+00 
-2.14577E+00 -1.92124E+00 
-2.28686E+00 -1.98939E+00 
-2.44267E+00 -2.05907E+00 
-2.60322E+00 -2.10831E+00 
-2.79564E+00 -2.17825E+00 
-3.00755E+00 -2.24818E+00 
-3.24029E+00 -2.31697E+00 
-3.49529E+00 -2.38332E+00 
-3.77439E+00 -2.44575E+00 
-4.08124E+00 -2.50239E+00 
-4.42641E+00 -2.55016E+00 
-4.84450E+00 -2.58127E+00 
-5.42831E+00 -2.57467E+00 
-6.29843E+00 -2.49605E+00 
-7.37736E+00 -2.34305E+00 
-8.38412E+00 -2.16436E+00 
-1.22444E+00 -1.29655E+00 
-1.26915E+00 -1.32799E+00 
-1.34622E+00 -1.34570E+00 
-1.40448E+00 -1.38168E+00 
-1.46804E+00 -1.42055E+00 
-1.53761E+00 -1.46215E+00 
-1.61394E+00 -1.50628E+00 
-1.67811E+00 -1.54200E+00 
-1.69777E+00 -1.55268E+00 
-1.79739E+00 -1.60491E+00 
-1.90747E+00 -1.65899E+00 
-2.02889E+00 -1.71441E+00 
-2.16248E+00 -1.77060E+00 
-2.29760E+00 -1.80882E+00 
-2.46069E+00 -1.86424E+00 
-2.63964E+00 -1.91893E+00 
-2.83539E+00 -1.97187E+00 
-3.04891E+00 -2.02192E+00 
-3.28153E+00 -2.06776E+00 
-3.53598E+00 -2.10762E+00 
-3.82062E+00 -2.13831E+00 
-4.16318E+00 -2.15124E+00 
-4.63794E+00 -2.12327E+00 
-5.34005E+00 -2.01899E+00 
-6.20357E+00 -1.84219E+00 
-7.00116E+00 -1.65059E+00 
-1.10219E+00 -1.13155E+00 
-1.14113E+00 -1.15845E+00 
-1.20764E+00 -1.16901E+00 
-1.25814E+00 -1.19933E+00 
-1.31329E+00 -1.23197E+00 
-1.37367E+00 -1.26673E+00 
-1.43986E+00 -1.30342E+00 
-1.49544E+00 -1.33296E+00 
-1.51245E+00 -1.34177E+00 
-1.59851E+00 -1.38465E+00 
-1.69333E+00 -1.42873E+00 
-1.79755E+00 -1.47352E+00 
-1.91178E+00 -1.51851E+00 
-2.02515E+00 -1.54785E+00 
-2.16309E+00 -1.59132E+00 
-2.31386E+00 -1.63356E+00 
-2.47808E+00 -1.67366E+00 
-2.65642E+00 -1.71062E+00 
-2.84975E+00 -1.74328E+00 
-3.06010E+00 -1.76999E+00 
-3.29400E+00 -1.78756E+00 
-3.57348E+00 -1.78699E+00 
-3.95745E+00 -1.74409E+00 
-4.52014E+00 -1.62355E+00 
-5.20593E+00 -1.43386E+00 
-5.83244E+00 -1.23820E+00 
-9.90926E-01 -9.84587E-01 
-1.02480E+00 -1.00758E+00 
-1.08182E+00 -1.01241E+00 
-1.12550E+00 -1.03794E+00 
-1.17325E+00 -1.06529E+00 
-1.22553E+00 -1.09427E+00 
-1.28280E+00 -1.12466E+00 
-1.33081E+00 -1.14900E+00 
-1.34550E+00 -1.15623E+00 
-1.41966E+00 -1.19127E+00 
-1.50111E+00 -1.22697E+00 
-1.59034E+00 -1.26293E+00 
-1.68776E+00 -1.29865E+00 
-1.78260E+00 -1.32090E+00 
-1.89900E+00 -1.35458E+00 
-2.02572E+00 -1.38669E+00 
-2.16315E+00 -1.41643E+00 
-2.31169E+00 -1.44296E+00 
-2.47189E+00 -1.46522E+00 
-2.64521E+00 -1.48175E+00 
-2.83670E+00 -1.48940E+00 
-3.06364E+00 -1.47906E+00 
-3.37225E+00 -1.42634E+00 
-3.81967E+00 -1.29688E+00 
-4.35938E+00 -1.10263E+00 
-4.84657E+00 -9.09482E-01 
-8.89723E-01 -8.53976E-01 
-9.19154E-01 -8.73613E-01 
-9.67668E-01 -8.73959E-01 
-1.00537E+00 -8.95451E-01 
-1.04663E+00 -9.18331E-01 
-1.09181E+00 -9.42416E-01 
-1.14124E+00 -9.67507E-01 
-1.18262E+00 -9.87468E-01 
-1.19526E+00 -9.93376E-01 
-1.25900E+00 -1.02185E+00 
-1.32880E+00 -1.05059E+00 
-1.40499E+00 -1.07922E+00 
-1.48785E+00 -1.10731E+00 
-1.56693E+00 -1.12392E+00 
-1.66494E+00 -1.14962E+00 
-1.77119E+00 -1.17352E+00 
-1.88591E+00 -1.19498E+00 
-2.00927E+00 -1.21323E+00 
-2.14160E+00 -1.22739E+00 
-2.28392E+00 -1.23612E+00 
-2.44004E+00 -1.23641E+00 
-2.62337E+00 -1.21927E+00 
-2.86964E+00 -1.16073E+00 
-3.22210E+00 -1.02798E+00 
-3.64224E+00 -8.35463E-01 
-4.01651E+00 -6.49549E-01 
-7.97741E-01 -7.38184E-01 
-8.23288E-01 -7.54944E-01 
-8.64199E-01 -7.51900E-01 
-8.96685E-01 -7.69978E-01 
-9.32267E-01 -7.89086E-01 
-9.71213E-01 -8.09052E-01 
-1.01378E+00 -8.29688E-01 
-1.04936E+00 -8.45982E-01 
-1.06022E+00 -8.50784E-01 
-1.11488E+00 -8.73783E-01 
-1.17454E+00 -8.96741E-01 
-1.23943E+00 -9.19319E-01 
-1.30972E+00 -9.41151E-01 
-1.37546E+00 -9.53315E-01 
-1.45780E+00 -9.72515E-01 
-1.54667E+00 -9.89825E-01 
-1.64216E+00 -1.00468E+00 
-1.74431E+00 -1.01644E+00 
-1.85325E+00 -1.02435E+00 
-1.96966E+00 -1.02722E+00 
-2.09638E+00 -1.02219E+00 
-2.24361E+00 -1.00058E+00 
-2.43850E+00 -9.39295E-01 
-2.71308E+00 -8.07527E-01 
-3.03583E+00 -6.21349E-01 
-3.31906E+00 -4.45943E-01 
-7.12978E-01 -6.34312E-01 
-7.35090E-01 -6.48563E-01 
-7.69133E-01 -6.43049E-01 
-7.97013E-01 -6.58205E-01 
-8.27569E-01 -6.74089E-01 
-8.61001E-01 -6.90541E-01 
-8.97499E-01 -7.07388E-01 
-9.27952E-01 -7.20575E-01 
-9.37233E-01 -7.24440E-01 
-9.83877E-01 -7.42820E-01 
-1.03463E+00 -7.60923E-01 
-1.08962E+00 -7.78453E-01 
-1.14894E+00 -7.95092E-01 
-1.20326E+00 -8.03727E-01 
-1.27208E+00 -8.17603E-01 
-1.34601E+00 -8.29563E-01 
-1.42504E+00 -8.39131E-01 
-1.50911E+00 -8.45785E-01 
-1.59820E+00 -8.48886E-01 
-1.69273E+00 -8.47372E-01 
-1.79473E+00 -8.38594E-01 
-1.91176E+00 -8.14308E-01 
-2.06389E+00 -7.52631E-01 
-2.27401E+00 -6.25085E-01 
-2.51674E+00 -4.48680E-01 
-2.72601E+00 -2.86116E-01 
-6.37349E-01 -5.44259E-01 
-6.56525E-01 -5.56386E-01 
-6.84578E-01 -5.49261E-01 
-7.08531E-01 -5.61994E-01 
-7.34793E-01 -5.75208E-01 
-7.63511E-01 -5.88758E-01 
-7.94818E-01 -6.02486E-01 
-8.20893E-01 -6.13123E-01 
-8.28830E-01 -6.16222E-01 
-8.68649E-01 -6.30832E-01 
-9.11829E-01 -6.44995E-01 
-9.58441E-01 -6.58454E-01 
-1.00852E+00 -6.70934E-01 
-1.05340E+00 -6.76873E-01 
-1.11095E+00 -6.86541E-01 
-1.17247E+00 -6.94327E-01 
-1.23788E+00 -6.99838E-01 
-1.30703E+00 -7.02648E-01 
-1.37984E+00 -7.02223E-01 
-1.45650E+00 -6.97635E-01 
-1.53843E+00 -6.86442E-01 
-1.63107E+00 -6.60916E-01 
-1.74885E+00 -6.00609E-01 
-1.90753E+00 -4.79482E-01 
-2.08694E+00 -3.14901E-01 
-2.23838E+00 -1.66214E-01 
-5.68817E-01 -4.65099E-01 
-5.85447E-01 -4.75393E-01 
-6.08217E-01 -4.67348E-01 
-6.28776E-01 -4.78030E-01 
-6.51321E-01 -4.88993E-01 
-6.75954E-01 -5.00103E-01 
-7.02765E-01 -5.11219E-01 
-7.25052E-01 -5.19729E-01 
-7.31828E-01 -5.22191E-01 
-7.65755E-01 -5.33673E-01 
-8.02420E-01 -5.44589E-01 
-8.41846E-01 -5.54714E-01 
-8.84026E-01 -5.63816E-01 
-9.20990E-01 -5.67674E-01 
-9.69003E-01 -5.73978E-01 
-1.02006E+00 -5.78477E-01 
-1.07402E+00 -5.80854E-01 
-1.13070E+00 -5.80768E-01 
-1.18995E+00 -5.77780E-01 
-1.25181E+00 -5.71085E-01 
-1.31719E+00 -5.58456E-01 
-1.38987E+00 -5.32738E-01 
-1.47972E+00 -4.75059E-01 
-1.59688E+00 -3.61875E-01 
-1.72565E+00 -2.10461E-01 
-1.83144E+00 -7.61923E-02 
-5.06799E-01 -3.95744E-01 
-5.21227E-01 -4.04450E-01 
-5.39368E-01 -3.96057E-01 
-5.57007E-01 -4.05000E-01 
-5.76347E-01 -4.14059E-01 
-5.97455E-01 -4.23114E-01 
-6.20386E-01 -4.32041E-01 
-6.39409E-01 -4.38777E-01 
-6.45185E-01 -4.40707E-01 
-6.74046E-01 -4.49597E-01 
-7.05123E-01 -4.57838E-01 
-7.38406E-01 -4.65241E-01 
-7.73855E-01 -4.71608E-01 
-8.04215E-01 -4.73870E-01 
-8.44175E-01 -4.77505E-01 
-8.86419E-01 -4.79444E-01 
-9.30781E-01 -4.79438E-01 
-9.77055E-01 -4.77219E-01 
-1.02504E+00 -4.72434E-01 
-1.07468E+00 -4.64390E-01 
-1.12649E+00 -4.51076E-01 
-1.18289E+00 -4.25943E-01 
-1.25016E+00 -3.71764E-01 
-1.33403E+00 -2.67481E-01 
-1.42263E+00 -1.29919E-01 
-1.49271E+00 -1.00945E-02 
-4.50760E-01 -3.35186E-01 
-4.63290E-01 -3.42513E-01 
-4.77404E-01 -3.34238E-01 
-4.92542E-01 -3.41696E-01 
-5.09129E-01 -3.49138E-01 
-5.27208E-01 -3.56457E-01 
-5.46806E-01 -3.63545E-01 
-5.63027E-01 -3.68797E-01 
-5.67944E-01 -3.70285E-01 
-5.92465E-01 -3.77025E-01 
-6.18766E-01 -3.83066E-01 
-6.46813E-01 -3.88248E-01 
-6.76544E-01 -3.92410E-01 
-7.01416E-01 -3.93456E-01 
-7.34586E-01 -3.94994E-01 
-7.69431E-01 -3.94967E-01 
-8.05766E-01 -3.93186E-01 
-8.43375E-01 -3.89447E-01 
-8.82037E-01 -3.83471E-01 
-9.21610E-01 -3.74667E-01 
-9.62317E-01 -3.61237E-01 
-1.00551E+00 -3.37245E-01 
-1.05463E+00 -2.87134E-01 
-1.11204E+00 -1.92263E-01 
-1.16906E+00 -6.87333E-02 
-1.21154E+00 3.70042E-02 
-4.00136E-01 -2.82428E-01 
-4.11031E-01 -2.88547E-01 
-4.21672E-01 -2.80756E-01 
-4.34674E-01 -2.86936E-01 
-4.48905E-01 -2.92994E-01 
-4.64386E-01 -2.98838E-01 
-4.81128E-01 -3.04373E-01 
-4.94948E-01 -3.08380E-01 
-4.99131E-01 -3.09499E-01 
-5.19940E-01 -3.14451E-01 
-5.42166E-01 -3.18679E-01 
-5.65758E-01 -3.22053E-01 
-5.90638E-01 -3.24443E-01 
-6.10958E-01 -3.24566E-01 
-6.38408E-01 -3.24475E-01 
-6.67041E-01 -3.22966E-01 
-6.96668E-01 -3.19900E-01 
-7.27070E-01 -3.15129E-01 
-7.58018E-01 -3.08437E-01 
-7.89320E-01 -2.99326E-01 
-8.20970E-01 -2.86202E-01 
-8.53484E-01 -2.63738E-01 
-8.88108E-01 -2.18030E-01 
-9.24643E-01 -1.32748E-01 
-9.57113E-01 -2.30682E-02 
-9.78511E-01 6.91948E-02 
-3.54586E-01 -2.36734E-01 
-3.64079E-01 -2.41792E-01 
-3.71765E-01 -2.34757E-01 
-3.82954E-01 -2.39829E-01 
-3.95181E-01 -2.44697E-01 
-4.08450E-01 -2.49282E-01 
-4.22757E-01 -2.53502E-01 
-4.34532E-01 -2.56464E-01 
-4.38089E-01 -2.57273E-01 
-4.55740E-01 -2.60740E-01 
-4.74506E-01 -2.63480E-01 
-4.94323E-01 -2.65389E-01 
-5.15106E-01 -2.66366E-01 
-5.31674E-01 -2.65796E-01 
-5.54319E-01 -2.64466E-01 
-5.77757E-01 -2.61872E-01 
-6.01799E-01 -2.57920E-01 
-6.26235E-01 -2.52506E-01 
-6.50835E-01 -2.45471E-01 
-6.75376E-01 -2.36396E-01 
-6.99683E-01 -2.23881E-01 
-7.23638E-01 -2.03194E-01 
-7.46801E-01 -1.62029E-01 
-7.67096E-01 -8.62275E-02 
-7.80778E-01 1.00994E-02 
-7.86401E-01 8.97190E-02 
-3.13700E-01 -1.97322E-01 
-3.21995E-01 -2.01444E-01 
-3.27204E-01 -1.95353E-01 
-3.36863E-01 -1.99453E-01 
-3.47391E-01 -2.03289E-01 
-3.58781E-01 -2.06792E-01 
-3.71021E-01 -2.09895E-01 
-3.81058E-01 -2.11976E-01 
-3.84085E-01 -2.12527E-01 
-3.99056E-01 -2.14759E-01 
-4.14890E-01 -2.16279E-01 
-4.31516E-01 -2.17008E-01 
-4.48844E-01 -2.16869E-01 
-4.62329E-01 -2.15782E-01 
-4.80946E-01 -2.13534E-01 
-5.00046E-01 -2.10180E-01 
-5.19449E-01 -2.05661E-01 
-5.38956E-01 -1.99914E-01 
-5.58348E-01 -1.92821E-01 
-5.77384E-01 -1.84038E-01 
-5.95769E-01 -1.72343E-01 
-6.12907E-01 -1.53572E-01 
-6.27104E-01 -1.16942E-01 
-6.34945E-01 -5.03114E-02 
-6.34512E-01 3.33693E-02 
-6.28598E-01 1.01303E-01 
-2.77120E-01 -1.63492E-01 
-2.84393E-01 -1.66782E-01 
-2.87567E-01 -1.61742E-01 
-2.95938E-01 -1.64984E-01 
-3.05032E-01 -1.67918E-01 
-3.14834E-01 -1.70487E-01 
-3.25321E-01 -1.72636E-01 
-3.33887E-01 -1.73975E-01 
-3.36464E-01 -1.74308E-01 
-3.49166E-01 -1.75515E-01 
-3.62522E-01 -1.76041E-01 
-3.76455E-01 -1.75827E-01 
-3.90874E-01 -1.74821E-01 
-4.01835E-01 -1.73353E-01 
-4.17078E-01 -1.70452E-01 
-4.32563E-01 -1.66603E-01 
-4.48122E-01 -1.61774E-01 
-4.63571E-01 -1.55933E-01 
-4.78704E-01 -1.49001E-01 
-4.93279E-01 -1.40693E-01 
-5.06915E-01 -1.29954E-01 
-5.18669E-01 -1.13153E-01 
-5.25942E-01 -8.09404E-02 
-5.24408E-01 -2.30154E-02 
-5.13630E-01 4.88769E-02 
-4.99545E-01 1.06162E-01 
-2.44468E-01 -1.34552E-01 
-2.50869E-01 -1.37101E-01 
-2.52409E-01 -1.33152E-01 
-2.59699E-01 -1.35627E-01 
-2.67583E-01 -1.37767E-01 
-2.76042E-01 -1.39526E-01 
-2.85046E-01 -1.40858E-01 
-2.92366E-01 -1.41569E-01 
-2.94561E-01 -1.41721E-01 
-3.05342E-01 -1.42080E-01 
-3.16601E-01 -1.41800E-01 
-3.28260E-01 -1.40843E-01 
-3.40229E-01 -1.39176E-01 
-3.49126E-01 -1.37435E-01 
-3.61544E-01 -1.34101E-01 
-3.74017E-01 -1.29970E-01 
-3.86394E-01 -1.25036E-01 
-3.98506E-01 -1.19288E-01 
-4.10168E-01 -1.12677E-01 
-4.21139E-01 -1.04971E-01 
-4.30987E-01 -9.52665E-02 
-4.38526E-01 -8.04284E-02 
-4.40527E-01 -5.24340E-02 
-4.32099E-01 -2.65232E-03 
-4.13977E-01 5.83924E-02 
-3.94362E-01 1.06086E-01 
-2.15458E-01 -1.09919E-01 
-2.21115E-01 -1.11806E-01 
-2.21387E-01 -1.08926E-01 
-2.27770E-01 -1.10713E-01 
-2.34637E-01 -1.12151E-01 
-2.41960E-01 -1.13205E-01 
-2.49709E-01 -1.13840E-01 
-2.55972E-01 -1.14024E-01 
-2.57845E-01 -1.14025E-01 
-2.66998E-01 -1.13687E-01 
-2.76482E-01 -1.12764E-01 
-2.86221E-01 -1.11234E-01 
-2.96127E-01 -1.09082E-01 
-3.03338E-01 -1.07153E-01 
-3.13391E-01 -1.03566E-01 
-3.23360E-01 -9.93280E-02 
-3.33108E-01 -9.44488E-02 
-3.42487E-01 -8.89366E-02 
-3.51329E-01 -8.27621E-02 
-3.59407E-01 -7.57399E-02 
-3.66255E-01 -6.71010E-02 
-3.70532E-01 -5.41675E-02 
-3.68602E-01 -3.01315E-02 
-3.55268E-01 1.21450E-02 
-3.32185E-01 6.33423E-02 
-3.09091E-01 1.02508E-01 
-1.89753E-01 -8.90258E-02 
-1.94774E-01 -9.03207E-02 
-1.94105E-01 -8.84386E-02 
-1.99726E-01 -8.96076E-02 
-2.05732E-01 -9.04270E-02 
-2.12093E-01 -9.08701E-02 
-2.18776E-01 -9.09125E-02 
-2.24142E-01 -9.06572E-02 
-2.25740E-01 -9.05337E-02 
-2.33511E-01 -8.96339E-02 
-2.41490E-01 -8.82101E-02 
-2.49604E-01 -8.62544E-02 
-2.57771E-01 -8.37668E-02 
-2.63603E-01 -8.17202E-02 
-2.71679E-01 -7.80316E-02 
-2.79567E-01 -7.38264E-02 
-2.87148E-01 -6.91279E-02 
-2.94294E-01 -6.39558E-02 
-3.00858E-01 -5.82973E-02 
-3.06626E-01 -5.20037E-02 
-3.11120E-01 -4.44273E-02 
-3.12906E-01 -3.33049E-02 
-3.08120E-01 -1.29284E-02 
-2.91461E-01 2.25207E-02 
-2.65279E-01 6.48874E-02 
-2.40280E-01 9.65608E-02 
-1.67092E-01 -7.13735E-02 
-1.71568E-01 -7.21415E-02 
-1.70245E-01 -7.11463E-02 
-1.75223E-01 -7.17622E-02 
-1.80497E-01 -7.20385E-02 
-1.86039E-01 -7.19569E-02 
-1.91812E-01 -7.15024E-02 
-1.96412E-01 -7.08876E-02 
-1.97776E-01 -7.06638E-02 
-2.04368E-01 -6.93214E-02 
-2.11067E-01 -6.75218E-02 
-2.17802E-01 -6.52693E-02 
-2.24499E-01 -6.25751E-02 
-2.29203E-01 -6.04694E-02 
-2.35625E-01 -5.68016E-02 
-2.41786E-01 -5.27406E-02 
-2.47585E-01 -4.83177E-02 
-2.52914E-01 -4.35601E-02 
-2.57645E-01 -3.84660E-02 
-2.61580E-01 -3.29170E-02 
-2.64244E-01 -2.63726E-02 
-2.64161E-01 -1.69418E-02 
-2.57373E-01 9.99667E-05 
-2.38628E-01 2.94182E-02 
-2.10785E-01 6.39638E-02 
-1.85061E-01 8.91352E-02 
-1.47220E-01 -5.65027E-02 
-1.51223E-01 -5.68052E-02 
-1.49497E-01 -5.65587E-02 
-1.53923E-01 -5.66848E-02 
-1.58571E-01 -5.64905E-02 
-1.63408E-01 -5.59655E-02 
-1.68399E-01 -5.51031E-02 
-1.72341E-01 -5.42023E-02 
-1.73503E-01 -5.39004E-02 
-1.79084E-01 -5.22237E-02 
-1.84687E-01 -5.01603E-02 
-1.90248E-01 -4.77236E-02 
-1.95700E-01 -4.49334E-02 
-1.99476E-01 -4.28200E-02 
-2.04513E-01 -3.92722E-02 
-2.09243E-01 -3.54417E-02 
-2.13581E-01 -3.13637E-02 
-2.17436E-01 -2.70693E-02 
-2.20700E-01 -2.25636E-02 
-2.23193E-01 -1.77524E-02 
-2.24450E-01 -1.21891E-02 
-2.22994E-01 -4.31330E-03 
-2.14878E-01 9.73006E-03 
-1.95005E-01 3.36118E-02 
-1.66587E-01 6.13151E-02 
-1.41002E-01 8.09135E-02 
-1.29860E-01 -4.39968E-02 
-1.33450E-01 -4.38936E-02 
-1.31528E-01 -4.42423E-02 
-1.35477E-01 -4.39422E-02 
-1.39580E-01 -4.33489E-02 
-1.43805E-01 -4.24593E-02 
-1.48117E-01 -4.12736E-02 
-1.51488E-01 -4.01553E-02 
-1.52476E-01 -3.97957E-02 
-1.57184E-01 -3.78841E-02 
-1.61845E-01 -3.56571E-02 
-1.66402E-01 -3.31351E-02 
-1.70795E-01 -3.03435E-02 
-1.73804E-01 -2.82678E-02 
-1.77684E-01 -2.49187E-02 
-1.81230E-01 -2.13831E-02 
-1.84372E-01 -1.76976E-02 
-1.87038E-01 -1.38939E-02 
-1.89136E-01 -9.98059E-03 
-1.90505E-01 -5.88295E-03 
-1.90697E-01 -1.23564E-03 
-1.88261E-01 5.23099E-03 
-1.79338E-01 1.66125E-02 
-1.59062E-01 3.57318E-02 
-1.30871E-01 5.75207E-02 
-1.06034E-01 7.24013E-02 
-1.14782E-01 -3.34858E-02 
-1.18005E-01 -3.30366E-02 
-1.16055E-01 -3.38232E-02 
-1.19582E-01 -3.31622E-02 
-1.23204E-01 -3.22416E-02 
-1.26889E-01 -3.10642E-02 
-1.30603E-01 -2.96360E-02 
-1.33474E-01 -2.83647E-02 
-1.34310E-01 -2.79665E-02 
-1.38257E-01 -2.59108E-02 
-1.42103E-01 -2.36101E-02 
-1.45796E-01 -2.10889E-02 
-1.49287E-01 -1.83759E-02 
-1.51656E-01 -1.63784E-02 
-1.54569E-01 -1.32879E-02 
-1.57138E-01 -1.00929E-02 
-1.59306E-01 -6.82865E-03 
-1.61017E-01 -3.52522E-03 
-1.62196E-01 -1.92435E-04 
-1.62697E-01 3.22921E-03 
-1.62095E-01 7.03501E-03 
-1.58988E-01 1.22420E-02 
-1.49655E-01 2.12897E-02 
-1.29512E-01 3.62870E-02 
-1.02118E-01 5.30254E-02 
-7.84378E-02 6.39624E-02 
-1.01727E-01 -2.46343E-02 
-1.04618E-01 -2.38984E-02 
-1.02768E-01 -2.49730E-02 
-1.05913E-01 -2.40179E-02 
-1.09101E-01 -2.28414E-02 
-1.12302E-01 -2.14510E-02 
-1.15483E-01 -1.98573E-02 
-1.17911E-01 -1.84930E-02 
-1.18613E-01 -1.80737E-02 
-1.21890E-01 -1.59565E-02 
-1.25024E-01 -1.36612E-02 
-1.27972E-01 -1.12146E-02 
-1.30691E-01 -8.64631E-03 
-1.32521E-01 -6.76333E-03 
-1.34626E-01 -3.97497E-03 
-1.36388E-01 -1.14994E-03 
-1.37766E-01 1.67964E-03 
-1.38714E-01 4.48696E-03 
-1.39173E-01 7.26277E-03 
-1.39013E-01 1.00546E-02 
-1.37833E-01 1.30977E-02 
-1.34292E-01 1.71915E-02 
-1.24846E-01 2.42140E-02 
-1.05218E-01 3.56800E-02 
-7.90058E-02 4.81500E-02 
-5.67359E-02 5.58278E-02 
-9.05205E-02 -1.71992E-02 
-9.31055E-02 -1.62378E-02 
-9.14442E-02 -1.74657E-02 
-9.42379E-02 -1.62859E-02 
-9.70296E-02 -1.49254E-02 
-9.97913E-02 -1.33953E-02 
-1.02494E-01 -1.17092E-02 
-1.04527E-01 -1.03076E-02 
-1.05109E-01 -9.88315E-03 
-1.07796E-01 -7.77833E-03 
-1.10309E-01 -5.55703E-03 
-1.12612E-01 -3.24629E-03 
-1.14672E-01 -8.74713E-04 
-1.16047E-01 8.63152E-04 
-1.17480E-01 3.32213E-03 
-1.18583E-01 5.76406E-03 
-1.19324E-01 8.16103E-03 
-1.19671E-01 1.04904E-02 
-1.19576E-01 1.27446E-02 
-1.18923E-01 1.49617E-02 
-1.17335E-01 1.73262E-02 
-1.13542E-01 2.04523E-02 
-1.04198E-01 2.57444E-02 
-8.53398E-02 3.42307E-02 
-6.05441E-02 4.31492E-02 
-3.98113E-02 4.81784E-02 
-8.08813E-02 -1.09104E-02 
-8.31781E-02 -9.78311E-03 
-8.17622E-02 -1.10530E-02 
-8.42238E-02 -9.71666E-03 
-8.66457E-02 -8.24101E-03 
-8.90026E-02 -6.63972E-03 
-9.12691E-02 -4.92824E-03 
-9.29445E-02 -3.53925E-03 
-9.34196E-02 -3.12382E-03 
-9.55795E-02 -1.09553E-03 
-9.75451E-02 9.94285E-04 
-9.92879E-02 3.11988E-03 
-1.00782E-01 5.25495E-03 
-1.01767E-01 6.82197E-03 
-1.02642E-01 8.93652E-03 
-1.03206E-01 1.09932E-02 
-1.03437E-01 1.29688E-02 
-1.03313E-01 1.48455E-02 
-1.02794E-01 1.66179E-02 
-1.01779E-01 1.83165E-02 
-9.99167E-02 2.00827E-02 
-9.60077E-02 2.23734E-02 
-8.69146E-02 2.61956E-02 
-6.89880E-02 3.21814E-02 
-4.57365E-02 3.81626E-02 
-2.65863E-02 4.10564E-02 
-7.26058E-02 -5.58879E-03 
-7.46270E-02 -4.35472E-03 
-7.34828E-02 -5.58055E-03 
-7.56265E-02 -4.15393E-03 
-7.76998E-02 -2.62859E-03 
-7.96804E-02 -1.01944E-03 
-8.15464E-02 6.57381E-04 
-8.28978E-02 1.99033E-03 
-8.32761E-02 2.38458E-03 
-8.49652E-02 4.28261E-03 
-8.64483E-02 6.19498E-03 
-8.77039E-02 8.09840E-03 
-8.87130E-02 9.96988E-03 
-8.93632E-02 1.13467E-02 
-8.97782E-02 1.31140E-02 
-8.99058E-02 1.47944E-02 
-8.97325E-02 1.63697E-02 
-8.92434E-02 1.78266E-02 
-8.84091E-02 1.91622E-02 
-8.71382E-02 2.04008E-02 
-8.51029E-02 2.16473E-02 
-8.11786E-02 2.32260E-02 
-7.24359E-02 2.58132E-02 
-5.55291E-02 2.97227E-02 
-3.38665E-02 3.33019E-02 
-1.62812E-02 3.44983E-02 
-6.54881E-02 -1.08722E-03 
-6.72423E-02 1.97337E-04 
-6.63721E-02 -9.24390E-04 
-6.82089E-02 5.30171E-04 
-6.99512E-02 2.04539E-03 
-7.15800E-02 3.60611E-03 
-7.30768E-02 5.19653E-03 
-7.41335E-02 6.43710E-03 
-7.44245E-02 6.80024E-03 
-7.56922E-02 8.52527E-03 
-7.67503E-02 1.02258E-02 
-7.75834E-02 1.18819E-02 
-7.81790E-02 1.34744E-02 
-7.85412E-02 1.46483E-02 
-7.85792E-02 1.60758E-02 
-7.83570E-02 1.73977E-02 
-7.78679E-02 1.86006E-02 
-7.71033E-02 1.96757E-02 
-7.60404E-02 2.06223E-02 
-7.45972E-02 2.14594E-02 
-7.24684E-02 2.22609E-02 
-6.86017E-02 2.32400E-02 
-6.02716E-02 2.47991E-02 
-4.44193E-02 2.69995E-02 
-2.43329E-02 2.86335E-02 
-8.25495E-03 2.84992E-02 
-5.93387E-02 2.69921E-03 
-6.08324E-02 3.98296E-03 
-6.02199E-02 3.00204E-03 
-6.17594E-02 4.42917E-03 
-6.31866E-02 5.88260E-03 
-6.44859E-02 7.34778E-03 
-6.56426E-02 8.81003E-03 
-6.64315E-02 9.93007E-03 
-6.66437E-02 1.02546E-02 
-6.75352E-02 1.17757E-02 
-6.82200E-02 1.32420E-02 
-6.86886E-02 1.46372E-02 
-6.89340E-02 1.59463E-02 
-6.90494E-02 1.69117E-02 
-6.87824E-02 1.80156E-02 
-6.82846E-02 1.90040E-02 
-6.75542E-02 1.98681E-02 
-6.65877E-02 2.06028E-02 
-6.53671E-02 2.12093E-02 
-6.38185E-02 2.17021E-02 
-6.16572E-02 2.21287E-02 
-5.79006E-02 2.26092E-02 
-5.00178E-02 2.33211E-02 
-3.52187E-02 2.41272E-02 
-1.66590E-02 2.42027E-02 
-2.00743E-03 2.30426E-02 
-5.39744E-02 5.85468E-03 
-5.52151E-02 7.09154E-03 
-5.48332E-02 6.26751E-03 
-5.60866E-02 7.61921E-03 
-5.72160E-02 8.96755E-03 
-5.82089E-02 1.02993E-02 
-5.90546E-02 1.16014E-02 
-5.96019E-02 1.25805E-02 
-5.97436E-02 1.28613E-02 
-6.03022E-02 1.41586E-02 
-6.06626E-02 1.53791E-02 
-6.08200E-02 1.65102E-02 
-6.07725E-02 1.75412E-02 
-6.06789E-02 1.82993E-02 
-6.01701E-02 1.91029E-02 
-5.94604E-02 1.97883E-02 
-5.85520E-02 2.03507E-02 
-5.74447E-02 2.07883E-02 
-5.61246E-02 2.11038E-02 
-5.45240E-02 2.13074E-02 
-5.23773E-02 2.14240E-02 
-4.87677E-02 2.14965E-02 
-4.13481E-02 2.15181E-02 
-2.75773E-02 2.11988E-02 
-1.04729E-02 2.00413E-02 
2.84478E-03 1.81080E-02 
-4.92432E-02 8.44201E-03 
-5.02396E-02 9.59281E-03 
-5.00543E-02 8.92565E-03 
-5.10351E-02 1.01627E-02 
-5.18855E-02 1.13721E-02 
-5.25965E-02 1.25422E-02 
-5.31605E-02 1.36622E-02 
-5.34923E-02 1.44879E-02 
-5.35718E-02 1.47218E-02 
-5.38392E-02 1.57862E-02 
-5.39211E-02 1.67592E-02 
-5.38171E-02 1.76323E-02 
-5.35289E-02 1.83984E-02 
-5.32615E-02 1.89571E-02 
-5.25665E-02 1.94888E-02 
-5.17002E-02 1.99056E-02 
-5.06675E-02 2.02058E-02 
-4.94706E-02 2.03904E-02 
-4.80984E-02 2.04628E-02 
-4.64884E-02 2.04292E-02 
-4.43924E-02 2.02956E-02 
-4.09553E-02 2.00404E-02 
-3.40022E-02 1.95080E-02 
-2.12209E-02 1.82925E-02 
-5.48932E-03 1.61764E-02 
6.59054E-03 1.36784E-02 
-4.50177E-02 1.05024E-02 
-4.57804E-02 1.15369E-02 
-4.57550E-02 1.10162E-02 
-4.64788E-02 1.21101E-02 
-4.70708E-02 1.31573E-02 
-4.75251E-02 1.41484E-02 
-4.78372E-02 1.50749E-02 
-4.79793E-02 1.57424E-02 
-4.80043E-02 1.59289E-02 
-4.80207E-02 1.67610E-02 
-4.78677E-02 1.74943E-02 
-4.75482E-02 1.81236E-02 
-4.70669E-02 1.86452E-02 
-4.66585E-02 1.90180E-02 
-4.58261E-02 1.93102E-02 
-4.48507E-02 1.94950E-02 
-4.37392E-02 1.95733E-02 
-4.24954E-02 1.95481E-02 
-4.11097E-02 1.94230E-02 
-3.95243E-02 1.92009E-02 
-3.75066E-02 1.88710E-02 
-3.42590E-02 1.83591E-02 
-2.77677E-02 1.73905E-02 
-1.59306E-02 1.54746E-02 
-1.48692E-03 1.26307E-02 
9.44891E-03 9.73997E-03 
-4.11983E-02 1.20705E-02 
-4.17429E-02 1.29676E-02 
-4.18420E-02 1.25759E-02 
-4.23298E-02 1.35084E-02 
-4.26886E-02 1.43808E-02 
-4.29153E-02 1.51858E-02 
-4.30079E-02 1.59172E-02 
-4.29873E-02 1.64292E-02 
-4.29662E-02 1.65696E-02 
-4.27723E-02 1.71798E-02 
-4.24273E-02 1.76893E-02 
-4.19364E-02 1.80961E-02 
-4.13065E-02 1.83995E-02 
-4.07888E-02 1.86050E-02 
-3.98620E-02 1.86930E-02 
-3.88190E-02 1.86840E-02 
-3.76674E-02 1.85810E-02 
-3.64118E-02 1.83881E-02 
-3.50439E-02 1.81090E-02 
-3.35093E-02 1.77430E-02 
-3.15898E-02 1.72658E-02 
-2.85416E-02 1.65603E-02 
-2.25002E-02 1.52587E-02 
-1.15554E-02 1.28119E-02 
1.68956E-03 9.43722E-03 
1.15756E-02 6.29619E-03 
-3.76736E-02 1.31954E-02 
-3.80143E-02 1.39419E-02 
-3.82052E-02 1.36608E-02 
-3.84761E-02 1.44221E-02 
-3.86244E-02 1.51147E-02 
-3.86491E-02 1.57335E-02 
-3.85508E-02 1.62743E-02 
-3.83915E-02 1.66372E-02 
-3.83314E-02 1.67341E-02 
-3.79628E-02 1.71367E-02 
-3.74626E-02 1.74417E-02 
-3.68381E-02 1.76494E-02 
-3.60976E-02 1.77614E-02 
-3.54982E-02 1.78196E-02 
-3.45132E-02 1.77367E-02 
-3.34367E-02 1.75692E-02 
-3.22767E-02 1.73215E-02 
-3.10380E-02 1.69983E-02 
-2.97128E-02 1.66031E-02 
-2.82497E-02 1.61318E-02 
-2.64441E-02 1.55485E-02 
-2.36028E-02 1.47021E-02 
-1.80018E-02 1.31529E-02 
-7.90900E-03 1.03146E-02 
4.20751E-03 6.56955E-03 
1.31192E-02 3.29233E-03 
-3.43920E-02 1.39008E-02 
-3.45499E-02 1.44923E-02 
-3.48061E-02 1.43021E-02 
-3.48860E-02 1.48920E-02 
-3.48522E-02 1.54090E-02 
-3.47058E-02 1.58501E-02 
-3.44491E-02 1.62131E-02 
-3.41769E-02 1.64396E-02 
-3.40856E-02 1.64968E-02 
-3.35793E-02 1.67137E-02 
-3.29615E-02 1.68394E-02 
-3.22403E-02 1.68762E-02 
-3.14250E-02 1.68275E-02 
-3.07708E-02 1.67619E-02 
-2.97598E-02 1.65425E-02 
-2.86793E-02 1.62518E-02 
-2.75374E-02 1.58949E-02 
-2.63387E-02 1.54769E-02 
-2.50754E-02 1.50004E-02 
-2.36988E-02 1.44586E-02 
-2.20169E-02 1.38062E-02 
-1.93844E-02 1.28654E-02 
-1.42087E-02 1.11446E-02 
-4.92133E-03 8.03800E-03 
6.14243E-03 4.06144E-03 
1.41585E-02 7.42409E-04 
-3.13061E-02 1.42403E-02 
-3.13031E-02 1.46787E-02 
-3.16024E-02 1.45610E-02 
-3.15170E-02 1.49850E-02 
-3.13288E-02 1.53359E-02 
-3.10404E-02 1.56121E-02 
-3.06555E-02 1.58133E-02 
-3.02945E-02 1.59177E-02 
-3.01789E-02 1.59399E-02 
-2.95688E-02 1.59945E-02 
-2.88666E-02 1.59669E-02 
-2.80812E-02 1.58609E-02 
-2.72222E-02 1.56812E-02 
-2.65368E-02 1.55147E-02 
-2.55264E-02 1.51906E-02 
-2.44659E-02 1.48085E-02 
-2.33633E-02 1.43740E-02 
-2.22223E-02 1.38919E-02 
-2.10353E-02 1.33643E-02 
-1.97558E-02 1.27814E-02 
-1.82039E-02 1.20906E-02 
-1.57796E-02 1.10946E-02 
-1.10144E-02 9.26618E-03 
-2.49099E-03 5.99496E-03 
7.58682E-03 1.90226E-03 
1.47770E-02 -1.38322E-03 
-2.83844E-02 1.42543E-02 
-2.82429E-02 1.45473E-02 
-2.85677E-02 1.44862E-02 
-2.83434E-02 1.47558E-02 
-2.80285E-02 1.49548E-02 
-2.76269E-02 1.50833E-02 
-2.71431E-02 1.51423E-02 
-2.67158E-02 1.51413E-02 
-2.65826E-02 1.51335E-02 
-2.58994E-02 1.50511E-02 
-2.51429E-02 1.48971E-02 
-2.43219E-02 1.46764E-02 
-2.34459E-02 1.43943E-02 
-2.27501E-02 1.41496E-02 
-2.17621E-02 1.37498E-02 
-2.07411E-02 1.33050E-02 
-1.96939E-02 1.28205E-02 
-1.86239E-02 1.23010E-02 
-1.75233E-02 1.17475E-02 
-1.63476E-02 1.11481E-02 
-1.49286E-02 1.04444E-02 
-1.27095E-02 9.42575E-03 
-8.33934E-03 7.54379E-03 
-5.40650E-04 4.19568E-03 
8.61311E-03 8.25928E-05 
1.50418E-02 -3.10996E-03 
-2.56249E-02 1.39877E-02 
-2.53680E-02 1.41473E-02 
-2.57049E-02 1.41301E-02 
-2.53664E-02 1.42605E-02 
-2.49499E-02 1.43251E-02 
-2.44602E-02 1.43254E-02 
-2.39027E-02 1.42635E-02 
-2.34284E-02 1.41746E-02 
-2.32831E-02 1.41420E-02 
-2.25531E-02 1.39484E-02 
-2.17672E-02 1.36944E-02 
-2.09342E-02 1.33857E-02 
-2.00630E-02 1.30281E-02 
-1.93739E-02 1.27263E-02 
-1.84254E-02 1.22767E-02 
-1.74582E-02 1.17939E-02 
-1.64785E-02 1.12832E-02 
-1.54886E-02 1.07486E-02 
-1.44805E-02 1.01902E-02 
-1.34121E-02 9.59409E-03 
-1.21258E-02 8.89803E-03 
-1.01068E-02 7.88330E-03 
-6.11563E-03 5.99289E-03 
9.95751E-04 2.64124E-03 
9.28342E-03 -1.41380E-03 
1.50106E-02 -4.46783E-03 
-2.29937E-02 1.34869E-02 
-2.26439E-02 1.35276E-02 
-2.29832E-02 1.35435E-02 
-2.25559E-02 1.35518E-02 
-2.20639E-02 1.35012E-02 
-2.15125E-02 1.33940E-02 
-2.09072E-02 1.32332E-02 
-2.04056E-02 1.30739E-02 
-2.02539E-02 1.30219E-02 
-1.95029E-02 1.27420E-02 
-1.87115E-02 1.24133E-02 
-1.78881E-02 1.20416E-02 
-1.70410E-02 1.16327E-02 
-1.63737E-02 1.12933E-02 
-1.54784E-02 1.08163E-02 
-1.45763E-02 1.03168E-02 
-1.36725E-02 9.79967E-03 
-1.27687E-02 9.26831E-03 
-1.18563E-02 8.72169E-03 
-1.08955E-02 8.14455E-03 
-9.73976E-03 7.47217E-03 
-7.91412E-03 6.48255E-03 
-4.28503E-03 4.62069E-03 
2.17531E-03 1.32591E-03 
9.65183E-03 -2.60804E-03 
1.47338E-02 -5.48986E-03 
-2.05191E-02 1.28040E-02 
-2.01010E-02 1.27449E-02 
-2.04394E-02 1.27872E-02 
-1.99496E-02 1.26948E-02 
-1.94071E-02 1.25506E-02 
-1.88172E-02 1.23577E-02 
-1.81857E-02 1.21195E-02 
-1.76723E-02 1.19066E-02 
-1.75186E-02 1.18400E-02 
-1.67663E-02 1.14969E-02 
-1.59876E-02 1.11162E-02 
-1.51898E-02 1.07034E-02 
-1.43806E-02 1.02644E-02 
-1.37459E-02 9.90426E-03 
-1.29128E-02 9.41836E-03 
-1.20822E-02 8.91934E-03 
-1.12584E-02 8.41144E-03 
-1.04423E-02 7.89730E-03 
-9.62521E-03 7.37503E-03 
-8.76925E-03 6.82824E-03 
-7.73842E-03 6.19117E-03 
-6.09609E-03 5.24259E-03 
-2.80837E-03 3.43827E-03 
3.04238E-03 2.47849E-04 
9.76755E-03 -3.51753E-03 
1.42630E-02 -6.20566E-03 
-1.81729E-02 1.19740E-02 
-1.77061E-02 1.18308E-02 
-1.80382E-02 1.18932E-02 
-1.75044E-02 1.17169E-02 
-1.69295E-02 1.14972E-02 
-1.63189E-02 1.12372E-02 
-1.56782E-02 1.09408E-02 
-1.51656E-02 1.06891E-02 
-1.50134E-02 1.06121E-02 
-1.42761E-02 1.02264E-02 
-1.35245E-02 9.81339E-03 
-1.27652E-02 9.37856E-03 
-1.20048E-02 8.92724E-03 
-1.14117E-02 8.56063E-03 
-1.06474E-02 8.08116E-03 
-9.89325E-03 7.59651E-03 
-9.15249E-03 7.11029E-03 
-8.42510E-03 6.62437E-03 
-7.70237E-03 6.13606E-03 
-6.94858E-03 5.62830E-03 
-6.03812E-03 5.03539E-03 
-4.57145E-03 4.14038E-03 
-1.61028E-03 2.41714E-03 
3.66026E-03 -6.29930E-04 
9.67777E-03 -4.18812E-03 
1.36313E-02 -6.66607E-03 
-1.59745E-02 1.10445E-02 
-1.54772E-02 1.08357E-02 
-1.57998E-02 1.09140E-02 
-1.52410E-02 1.06729E-02 
-1.46519E-02 1.03964E-02 
-1.40382E-02 1.00882E-02 
-1.34052E-02 9.75218E-03 
-1.29056E-02 9.47573E-03 
-1.27583E-02 9.39248E-03 
-1.20509E-02 8.98265E-03 
-1.13392E-02 8.55488E-03 
-1.06289E-02 8.11421E-03 
-9.92569E-03 7.66548E-03 
-9.38025E-03 7.30422E-03 
-8.68843E-03 6.84310E-03 
-8.01225E-03 6.38330E-03 
-7.35407E-03 5.92772E-03 
-6.71321E-03 5.47756E-03 
-6.08094E-03 5.02945E-03 
-5.42378E-03 4.56595E-03 
-4.62619E-03 4.02253E-03 
-3.32408E-03 3.18931E-03 
-6.69264E-04 1.56394E-03 
4.05889E-03 -1.31189E-03 
9.42150E-03 -4.63756E-03 
1.28833E-02 -6.89897E-03 
-1.39221E-02 1.00478E-02 
-1.34092E-02 9.78900E-03 
-1.37217E-02 9.88071E-03 
-1.31553E-02 9.59286E-03 
-1.25689E-02 9.27761E-03 
-1.19675E-02 8.93882E-03 
-1.13560E-02 8.58015E-03 
-1.08787E-02 8.29125E-03 
-1.07387E-02 8.20517E-03 
-1.00716E-02 7.78687E-03 
-9.40815E-03 7.35877E-03 
-8.75349E-03 6.92547E-03 
-8.11213E-03 6.49117E-03 
-7.61808E-03 6.14459E-03 
-6.99981E-03 5.71078E-03 
-6.40107E-03 5.28342E-03 
-5.82341E-03 4.86476E-03 
-5.26555E-03 4.45533E-03 
-4.71886E-03 4.05122E-03 
-4.15210E-03 3.63496E-03 
-3.45953E-03 3.14401E-03 
-2.31090E-03 2.37785E-03 
5.69990E-05 8.62284E-04 
4.27842E-03 -1.82238E-03 
9.03509E-03 -4.89886E-03 
1.20510E-02 -6.94269E-03 
-1.20235E-02 9.02052E-03 
-1.15137E-02 8.72947E-03 
-1.18177E-02 8.83268E-03 
-1.12589E-02 8.51364E-03 
-1.06884E-02 8.17474E-03 
-1.01102E-02 7.81952E-03 
-9.52865E-03 7.45120E-03 
-9.07901E-03 7.15943E-03 
-8.94790E-03 7.07327E-03 
-8.32722E-03 6.65906E-03 
-7.71694E-03 6.24219E-03 
-7.12125E-03 5.82659E-03 
-6.54375E-03 5.41581E-03 
-6.10247E-03 5.09103E-03 
-5.55664E-03 4.69091E-03 
-5.03289E-03 4.30113E-03 
-4.53206E-03 3.92328E-03 
-4.05236E-03 3.55730E-03 
-3.58531E-03 3.19889E-03 
-3.10192E-03 2.83083E-03 
-2.50593E-03 2.39326E-03 
-1.49922E-03 1.69677E-03 
6.01742E-04 2.98351E-04 
4.35238E-03 -2.18269E-03 
8.55135E-03 -5.00154E-03 
1.11651E-02 -6.83181E-03 
-1.02791E-02 7.98869E-03 
-9.77932E-03 7.67687E-03 
-1.00712E-02 7.78904E-03 
-9.52825E-03 7.45258E-03 
-8.98218E-03 7.10339E-03 
-8.43602E-03 6.74419E-03 
-7.89340E-03 6.37833E-03 
-7.47800E-03 6.09269E-03 
-7.35750E-03 6.00897E-03 
-6.79072E-03 5.61019E-03 
-6.23903E-03 5.21435E-03 
-5.70572E-03 4.82472E-03 
-5.19349E-03 4.44413E-03 
-4.80559E-03 4.14604E-03 
-4.33016E-03 3.78355E-03 
-3.87810E-03 3.43417E-03 
-3.44966E-03 3.09893E-03 
-3.04266E-03 2.77726E-03 
-2.64890E-03 2.46457E-03 
-2.24167E-03 2.14415E-03 
-1.73378E-03 1.75935E-03 
-8.57594E-04 1.13314E-03 
9.95867E-04 -1.44242E-04 
4.31029E-03 -2.41496E-03 
7.99714E-03 -4.97380E-03 
1.02492E-02 -6.59784E-03 
-8.68096E-03 6.97405E-03 
-8.20481E-03 6.65475E-03 
-8.48979E-03 6.77555E-03 
-7.97614E-03 6.43450E-03 
-7.46296E-03 6.08553E-03 
-6.95442E-03 5.73223E-03 
-6.45386E-03 5.37741E-03 
-6.07399E-03 5.10362E-03 
-5.96436E-03 5.02391E-03 
-5.45228E-03 4.64745E-03 
-4.95964E-03 4.27908E-03 
-4.48860E-03 3.92122E-03 
-4.04081E-03 3.57587E-03 
-3.70563E-03 3.30846E-03 
-3.29761E-03 2.98643E-03 
-2.91318E-03 2.67913E-03 
-2.55207E-03 2.38711E-03 
-2.21188E-03 2.10941E-03 
-1.88475E-03 1.84133E-03 
-1.54626E-03 1.56684E-03 
-1.11790E-03 1.23297E-03 
-3.60729E-04 6.75884E-04 
1.26490E-03 -4.79854E-04 
4.17780E-03 -2.53905E-03 
7.39737E-03 -4.84130E-03 
9.32610E-03 -6.26958E-03 
-7.23423E-03 5.99086E-03 
-6.78899E-03 5.67614E-03 
-7.06536E-03 5.80597E-03 
-6.58659E-03 5.47204E-03 
-6.11389E-03 5.13522E-03 
-5.64977E-03 4.79811E-03 
-5.19689E-03 4.46347E-03 
-4.85592E-03 4.20775E-03 
-4.75796E-03 4.13368E-03 
-4.30289E-03 3.78609E-03 
-3.86895E-03 3.44938E-03 
-3.45791E-03 3.12566E-03 
-3.07109E-03 2.81670E-03 
-2.78541E-03 2.58045E-03 
-2.43968E-03 2.29854E-03 
-2.11718E-03 2.03242E-03 
-1.81721E-03 1.78216E-03 
-1.53717E-03 1.54645E-03 
-1.26960E-03 1.32052E-03 
-9.92272E-04 1.08918E-03 
-6.34931E-04 8.03354E-04 
1.45894E-05 3.12858E-04 
1.43180E-03 -7.23215E-04 
3.97715E-03 -2.57402E-03 
6.77263E-03 -4.62750E-03 
8.41407E-03 -5.87255E-03 
-5.93230E-03 5.06115E-03 
-5.52512E-03 4.75959E-03 
-5.79507E-03 4.89714E-03 
-5.35534E-03 4.57613E-03 
-4.92471E-03 4.25633E-03 
-4.50597E-03 3.94046E-03 
-4.10126E-03 3.63022E-03 
-3.79935E-03 3.39564E-03 
-3.71307E-03 3.32811E-03 
-3.31493E-03 3.01357E-03 
-2.93935E-03 2.71242E-03 
-2.58721E-03 2.42611E-03 
-2.25901E-03 2.15575E-03 
-2.02052E-03 1.95203E-03 
-1.73267E-03 1.71030E-03 
-1.46695E-03 1.48453E-03 
-1.22237E-03 1.27441E-03 
-9.96211E-04 1.07839E-03 
-7.81488E-04 8.91787E-04 
-5.58135E-04 7.00399E-04 
-2.63683E-04 4.59207E-04 
2.89089E-04 3.18414E-05 
1.51668E-03 -8.88486E-04 
3.72731E-03 -2.53735E-03 
6.13975E-03 -4.35316E-03 
7.52720E-03 -5.42876E-03 
-4.77817E-03 4.19531E-03 
-4.40783E-03 3.91024E-03 
-4.66898E-03 4.05315E-03 
-4.27337E-03 3.75360E-03 
-3.89052E-03 3.45962E-03 
-3.52074E-03 3.17115E-03 
-3.16583E-03 2.88993E-03 
-2.90286E-03 2.67897E-03 
-2.82800E-03 2.61852E-03 
-2.48434E-03 2.33871E-03 
-2.16320E-03 2.07373E-03 
-1.86562E-03 1.82492E-03 
-1.59153E-03 1.59274E-03 
-1.39628E-03 1.42081E-03 
-1.16060E-03 1.21737E-03 
-9.45611E-04 1.02953E-03 
-7.50045E-04 8.56691E-04 
-5.71170E-04 6.97129E-04 
-4.02492E-04 5.46294E-04 
-2.26021E-04 3.91064E-04 
1.34454E-05 1.90542E-04 
4.80112E-04 -1.78008E-04 
1.53659E-03 -9.88289E-04 
3.44469E-03 -2.44469E-03 
5.51373E-03 -4.03684E-03 
6.67840E-03 -4.95784E-03 
-3.76604E-03 3.40428E-03 
-3.43717E-03 3.14306E-03 
-3.68896E-03 3.28973E-03 
-3.33623E-03 3.01370E-03 
-2.99798E-03 2.74571E-03 
-2.67452E-03 2.48614E-03 
-2.36746E-03 2.23617E-03 
-2.14231E-03 2.05066E-03 
-2.07857E-03 1.99779E-03 
-1.78794E-03 1.75465E-03 
-1.51901E-03 1.52653E-03 
-1.27226E-03 1.31443E-03 
-1.04767E-03 1.11887E-03 
-8.91884E-04 9.77297E-04 
-7.03188E-04 8.09846E-04 
-5.33316E-04 6.57150E-04 
-3.80875E-04 5.18418E-04 
-2.43189E-04 3.91844E-04 
-1.14296E-04 2.73083E-04 
2.18025E-05 1.50133E-04 
2.13541E-04 -1.37956E-05 
6.03944E-04 -3.28150E-04 
1.50655E-03 -1.03493E-03 
3.14212E-03 -2.30982E-03 
4.90426E-03 -3.69346E-03 
5.87420E-03 -4.47455E-03 
-2.89155E-03 2.69444E-03 
-2.60769E-03 2.46283E-03 
-2.85156E-03 2.61401E-03 
-2.54204E-03 2.36550E-03 
-2.24631E-03 2.12469E-03 
-1.96759E-03 1.89444E-03 
-1.70625E-03 1.67559E-03 
-1.51611E-03 1.51466E-03 
-1.46259E-03 1.46910E-03 
-1.21997E-03 1.26099E-03 
-9.98191E-04 1.06817E-03 
-7.97619E-04 8.91444E-04 
-6.17524E-04 7.30619E-04 
-4.96643E-04 6.17315E-04 
-3.48925E-04 4.82710E-04 
-2.18026E-04 3.61687E-04 
-1.02482E-04 2.53318E-04 
2.88971E-07 1.55768E-04 
9.57094E-05 6.49660E-05 
1.97908E-04 -2.99520E-05 
3.49127E-04 -1.61795E-04 
6.73240E-04 -4.27381E-04 
1.43986E-03 -1.03903E-03 
2.83398E-03 -2.14660E-03 
4.32636E-03 -3.34007E-03 
5.12899E-03 -3.99720E-03 
-2.13533E-03 2.05906E-03 
-1.89344E-03 1.85700E-03 
-2.12747E-03 2.00964E-03 
-1.86129E-03 1.79036E-03 
-1.60979E-03 1.58039E-03 
-1.37465E-03 1.38198E-03 
-1.15644E-03 1.19585E-03 
-9.98723E-04 1.05958E-03 
-9.54558E-04 1.02112E-03 
-7.56531E-04 8.47130E-04 
-5.78426E-04 6.88350E-04 
-4.19430E-04 5.44470E-04 
-2.78823E-04 4.15312E-04 
-1.88706E-04 3.27559E-04 
-7.68056E-05 2.22443E-04 
2.03442E-05 1.29622E-04 
1.04246E-04 4.80501E-05 
1.77366E-04 -2.41133E-05 
2.44583E-04 -9.06455E-05 
3.18257E-04 -1.61276E-04 
4.34905E-04 -2.64961E-04 
7.00899E-04 -4.86477E-04 
1.34610E-03 -1.01024E-03 
2.52404E-03 -1.96265E-03 
3.77675E-03 -2.98157E-03 
4.43420E-03 -3.52815E-03 
-1.49801E-03 1.50643E-03 
-1.29419E-03 1.33215E-03 
-1.52000E-03 1.48701E-03 
-1.29596E-03 1.29880E-03 
-1.08557E-03 1.11999E-03 
-8.90830E-04 9.52074E-04 
-7.12128E-04 7.95439E-04 
-5.84969E-04 6.82537E-04 
-5.49602E-04 6.50950E-04 
-3.92173E-04 5.09345E-04 
-2.52272E-04 3.81646E-04 
-1.29364E-04 2.67642E-04 
-2.28463E-05 1.67147E-04 
4.09686E-05 1.02324E-04 
1.22354E-04 2.33737E-05 
1.91137E-04 -4.48476E-05 
2.48796E-04 -1.03408E-04 
2.97567E-04 -1.54022E-04 
3.41780E-04 -2.00124E-04 
3.92162E-04 -2.50330E-04 
4.80037E-04 -3.29950E-04 
6.96051E-04 -5.12525E-04 
1.23468E-03 -9.56758E-04 
2.22226E-03 -1.76824E-03 
3.26558E-03 -2.63015E-03 
3.79923E-03 -3.08012E-03 
-9.77120E-04 1.04089E-03 
-8.08472E-04 8.93939E-04 
-1.01925E-03 1.04385E-03 
-8.32860E-04 8.84033E-04 
-6.61098E-04 7.34666E-04 
-5.03409E-04 5.95860E-04 
-3.61089E-04 4.69090E-04 
-2.60823E-04 3.78763E-04 
-2.33104E-04 3.53576E-04 
-1.10875E-04 2.41158E-04 
-4.30276E-06 1.41240E-04 
8.70057E-05 5.39366E-05 
1.63963E-04 -2.12227E-05 
2.05489E-04 -6.62352E-05 
2.61441E-04 -1.22886E-04 
3.06794E-04 -1.70275E-04 
3.42954E-04 -2.09470E-04 
3.72011E-04 -2.42142E-04 
3.97779E-04 -2.71391E-04 
4.29477E-04 -3.04767E-04 
4.93737E-04 -3.64161E-04 
6.67164E-04 -5.12748E-04 
1.11294E-03 -8.85799E-04 
1.93407E-03 -1.57059E-03 
2.79568E-03 -2.29266E-03 
3.22461E-03 -2.65908E-03 
-5.55306E-04 6.52987E-04 
-4.22548E-04 5.34914E-04 
-6.18455E-04 6.78786E-04 
-4.63726E-04 5.44054E-04 
-3.25492E-04 4.21958E-04 
-2.01887E-04 3.11199E-04 
-9.13435E-05 2.10513E-04 
-1.51531E-05 1.39981E-04 
5.63259E-06 1.20550E-04 
9.62921E-05 3.49294E-05 
1.73611E-04 -3.95785E-05 
2.38461E-04 -1.03625E-04 
2.91321E-04 -1.57357E-04 
3.15025E-04 -1.85889E-04 
3.50413E-04 -2.23897E-04 
3.77045E-04 -2.54098E-04 
3.96275E-04 -2.77563E-04 
4.09987E-04 -2.95831E-04 
4.21503E-04 -3.11654E-04 
4.38670E-04 -3.31573E-04 
4.83936E-04 -3.74330E-04 
6.21473E-04 -4.93654E-04 
9.87016E-04 -8.03691E-04 
1.66368E-03 -1.37578E-03 
2.36884E-03 -1.97461E-03 
2.70997E-03 -2.26955E-03 
-2.21536E-04 3.37449E-04 
-1.23778E-04 2.48305E-04 
-3.08567E-04 3.88653E-04 
-1.82708E-04 2.77422E-04 
-7.21364E-05 1.77867E-04 
2.40040E-05 8.98373E-05 
1.06886E-04 1.28321E-05 
1.62834E-04 -4.00214E-05 
1.77978E-04 -5.44875E-05 
2.43126E-04 -1.17715E-04 
2.96940E-04 -1.71507E-04 
3.39794E-04 -2.15828E-04 
3.72428E-04 -2.51131E-04 
3.81533E-04 -2.65778E-04 
4.00222E-04 -2.88230E-04 
4.11973E-04 -3.04367E-04 
4.18031E-04 -3.15208E-04 
4.20040E-04 -3.22126E-04 
4.20835E-04 -3.27513E-04 
4.27007E-04 -3.36948E-04 
4.57283E-04 -3.66294E-04 
5.64905E-04 -4.60748E-04 
8.61703E-04 -7.15615E-04 
1.41403E-03 -1.18852E-03 
1.98556E-03 -1.67985E-03 
2.25378E-03 -1.91435E-03 
2.85275E-05 9.28918E-05 
1.02562E-04 2.41383E-05 
-7.27903E-05 1.61359E-04 
2.29980E-05 7.54436E-05 
1.07766E-04 -2.00035E-06 
1.80775E-04 -7.01748E-05 
2.43184E-04 -1.29480E-04 
2.83123E-04 -1.68253E-04 
2.93475E-04 -1.78454E-04 
3.37363E-04 -2.22555E-04 
3.71588E-04 -2.58480E-04 
3.96724E-04 -2.86445E-04 
4.13599E-04 -3.07002E-04 
4.11888E-04 -3.11020E-04 
4.18135E-04 -3.21565E-04 
4.18931E-04 -3.27037E-04 
4.15425E-04 -3.28403E-04 
4.09074E-04 -3.26909E-04 
4.02280E-04 -3.24624E-04 
4.00536E-04 -3.26261E-04 
4.19302E-04 -3.45097E-04 
5.02307E-04 -4.18731E-04 
7.40746E-04 -6.25844E-04 
1.18697E-03 -1.01240E-03 
1.64538E-03 -1.41097E-03 
1.85367E-03 -1.59497E-03 
2.04684E-04 -8.62156E-05 
2.63168E-04 -1.41188E-04 
9.96840E-05 -1.03235E-05 
1.69864E-04 -7.43542E-05 
2.30918E-04 -1.31090E-04 
2.83638E-04 -1.81136E-04 
3.27849E-04 -2.24207E-04 
3.55448E-04 -2.51921E-04 
3.62427E-04 -2.59100E-04 
3.89507E-04 -2.87955E-04 
4.08175E-04 -3.09393E-04 
4.19855E-04 -3.24588E-04 
4.25012E-04 -3.33834E-04 
4.15552E-04 -3.29881E-04 
4.12540E-04 -3.31235E-04 
4.05393E-04 -3.28665E-04 
3.95199E-04 -3.23108E-04 
3.83199E-04 -3.15643E-04 
3.71388E-04 -3.08011E-04 
3.64271E-04 -3.04133E-04 
3.74464E-04 -3.14975E-04 
4.37481E-04 -3.71438E-04 
6.26873E-04 -5.37702E-04 
9.83406E-04 -8.49928E-04 
1.34697E-03 -1.16937E-03 
1.50657E-03 -1.31171E-03 
3.14647E-04 -2.05437E-04 
3.63751E-04 -2.51627E-04 
2.18735E-04 -1.33374E-04 
2.68436E-04 -1.79777E-04 
3.10585E-04 -2.19753E-04 
3.43840E-04 -2.52383E-04 
3.72591E-04 -2.81466E-04 
3.89661E-04 -2.99462E-04 
3.93883E-04 -3.04051E-04 
4.08769E-04 -3.21327E-04 
4.15944E-04 -3.31774E-04 
4.17283E-04 -3.36937E-04 
4.13620E-04 -3.37422E-04 
3.98713E-04 -3.27601E-04 
3.89315E-04 -3.22358E-04 
3.77079E-04 -3.14353E-04 
3.62797E-04 -3.04268E-04 
3.47501E-04 -2.93018E-04 
3.32832E-04 -2.82058E-04 
3.22449E-04 -2.74612E-04 
3.26524E-04 -2.79622E-04 
3.73560E-04 -3.22160E-04 
5.22167E-04 -4.53912E-04 
8.03654E-04 -7.02910E-04 
1.08850E-03 -9.55643E-04 
1.20902E-03 -1.06410E-03 
3.71337E-04 -2.74806E-04 
4.14199E-04 -3.15084E-04 
2.90024E-04 -2.12228E-04 
3.23424E-04 -2.44124E-04 
3.50935E-04 -2.71078E-04 
3.71779E-04 -2.92341E-04 
3.87311E-04 -3.09094E-04 
3.95839E-04 -3.19072E-04 
3.97689E-04 -3.21423E-04 
4.02539E-04 -3.29104E-04 
4.01907E-04 -3.31868E-04 
3.96270E-04 -3.29970E-04 
3.86583E-04 -3.24235E-04 
3.68493E-04 -3.10682E-04 
3.55054E-04 -3.01013E-04 
3.39742E-04 -2.89458E-04 
3.23222E-04 -2.76604E-04 
3.06354E-04 -2.63226E-04 
2.90448E-04 -2.50501E-04 
2.78411E-04 -2.41019E-04 
2.78325E-04 -2.41960E-04 
3.12753E-04 -2.73371E-04 
4.27768E-04 -3.76283E-04 
6.47037E-04 -5.72067E-04 
8.67175E-04 -7.69166E-04 
9.56697E-04 -8.50399E-04 
3.89569E-04 -3.06750E-04 
4.25290E-04 -3.40274E-04 
3.21774E-04 -2.53312E-04 
3.44442E-04 -2.75501E-04 
3.61125E-04 -2.92661E-04 
3.73498E-04 -3.06054E-04 
3.80101E-04 -3.14342E-04 
3.80982E-04 -3.17002E-04 
3.80872E-04 -3.17457E-04 
3.78383E-04 -3.17927E-04 
3.71436E-04 -3.14309E-04 
3.61062E-04 -3.07441E-04 
3.47960E-04 -2.97907E-04 
3.28959E-04 -2.82810E-04 
3.13778E-04 -2.70922E-04 
2.97358E-04 -2.57726E-04 
2.80321E-04 -2.43792E-04 
2.63357E-04 -2.29751E-04 
2.47521E-04 -2.16566E-04 
2.35106E-04 -2.06301E-04 
2.32454E-04 -2.04646E-04 
2.57203E-04 -2.27418E-04 
3.45131E-04 -3.06765E-04 
5.13866E-04 -4.58734E-04 
6.81900E-04 -6.10447E-04 
7.47403E-04 -6.70347E-04 
3.80055E-04 -3.10788E-04 
4.06658E-04 -3.35926E-04 
3.26014E-04 -2.67382E-04 
3.40619E-04 -2.82132E-04 
3.45438E-04 -2.88341E-04 
3.52873E-04 -2.96958E-04 
3.54161E-04 -3.00137E-04 
3.52307E-04 -3.00003E-04 
3.51108E-04 -2.99365E-04 
3.42207E-04 -2.93425E-04 
3.31035E-04 -2.85375E-04 
3.18191E-04 -2.75659E-04 
3.03671E-04 -2.64250E-04 
2.84953E-04 -2.48812E-04 
2.69358E-04 -2.36009E-04 
2.53083E-04 -2.22427E-04 
2.36645E-04 -2.08545E-04 
2.20590E-04 -1.94874E-04 
2.05731E-04 -1.82163E-04 
1.93834E-04 -1.72021E-04 
1.89788E-04 -1.68873E-04 
2.07153E-04 -1.84986E-04 
2.73241E-04 -2.45104E-04 
4.00925E-04 -3.61034E-04 
5.27011E-04 -4.75766E-04 
5.73957E-04 -5.19013E-04 
3.52889E-04 -2.96023E-04 
3.69948E-04 -3.12368E-04 
3.08535E-04 -2.59640E-04 
3.19536E-04 -2.70867E-04 
3.15088E-04 -2.68432E-04 
3.15853E-04 -2.70672E-04 
3.13355E-04 -2.70005E-04 
3.09718E-04 -2.68001E-04 
3.08279E-04 -2.67068E-04 
2.99235E-04 -2.60562E-04 
2.86341E-04 -2.50431E-04 
2.72759E-04 -2.39578E-04 
2.57980E-04 -2.27454E-04 
2.40370E-04 -2.12546E-04 
2.25371E-04 -1.99847E-04 
2.10123E-04 -1.86785E-04 
1.95025E-04 -1.73741E-04 
1.80505E-04 -1.61118E-04 
1.67173E-04 -1.49487E-04 
1.56364E-04 -1.40074E-04 
1.51776E-04 -1.36256E-04 
1.63658E-04 -1.47377E-04 
2.12516E-04 -1.92158E-04 
3.07569E-04 -2.79110E-04 
4.00619E-04 -3.64398E-04 
4.33589E-04 -3.94981E-04 
3.15774E-04 -2.69763E-04 
3.23398E-04 -2.77313E-04 
2.75263E-04 -2.35557E-04 
2.89356E-04 -2.49232E-04 
2.80075E-04 -2.42154E-04 
2.72748E-04 -2.36847E-04 
2.68562E-04 -2.34285E-04 
2.63345E-04 -2.30526E-04 
2.61720E-04 -2.29348E-04 
2.52299E-04 -2.22137E-04 
2.40804E-04 -2.12948E-04 
2.27431E-04 -2.01907E-04 
2.13460E-04 -1.90146E-04 
1.97563E-04 -1.76430E-04 
1.83844E-04 -1.64574E-04 
1.70216E-04 -1.52692E-04 
1.56951E-04 -1.41044E-04 
1.44354E-04 -1.29928E-04 
1.32869E-04 -1.19762E-04 
1.23481E-04 -1.11460E-04 
1.18935E-04 -1.07551E-04 
1.26839E-04 -1.15019E-04 
1.62314E-04 -1.47766E-04 
2.31823E-04 -2.11796E-04 
2.99261E-04 -2.74026E-04 
3.21902E-04 -2.95168E-04 
2.73992E-04 -2.37118E-04 
2.74669E-04 -2.38176E-04 
2.34512E-04 -2.02892E-04 
2.53694E-04 -2.20928E-04 
2.44764E-04 -2.13883E-04 
2.31978E-04 -2.03406E-04 
2.26107E-04 -1.99098E-04 
2.20112E-04 -1.94410E-04 
2.18102E-04 -1.92807E-04 
2.08111E-04 -1.84772E-04 
1.97226E-04 -1.75846E-04 
1.84733E-04 -1.65290E-04 
1.71953E-04 -1.54329E-04 
1.58262E-04 -1.42389E-04 
1.46365E-04 -1.31980E-04 
1.34692E-04 -1.21677E-04 
1.23471E-04 -1.11708E-04 
1.12929E-04 -1.02300E-04 
1.03383E-04 -9.37601E-05 
9.55374E-05 -8.67471E-05 
9.13902E-05 -8.31120E-05 
9.64756E-05 -8.79714E-05 
1.21730E-04 -1.11443E-04 
1.71583E-04 -1.57664E-04 
2.19508E-04 -2.02167E-04 
2.34677E-04 -2.16423E-04 
2.31106E-04 -2.01821E-04 
2.28147E-04 -1.99353E-04 
1.92723E-04 -1.67875E-04 
2.13283E-04 -1.86975E-04 
2.11249E-04 -1.85941E-04 
1.95415E-04 -1.72483E-04 
1.88212E-04 -1.66826E-04 
1.82224E-04 -1.62013E-04 
1.79970E-04 -1.60133E-04 
1.68348E-04 -1.50316E-04 
1.57395E-04 -1.41076E-04 
1.46097E-04 -1.31404E-04 
1.35054E-04 -1.21850E-04 
1.23593E-04 -1.11779E-04 
1.13631E-04 -1.02984E-04 
1.04063E-04 -9.44706E-05 
9.49723E-05 -8.63337E-05 
8.64847E-05 -7.87033E-05 
7.88263E-05 -7.18015E-05 
7.25031E-05 -6.61069E-05 
6.89387E-05 -6.29476E-05 
7.20785E-05 -6.59929E-05 
8.96693E-05 -8.24504E-05 
1.24676E-04 -1.15103E-04 
1.58015E-04 -1.46242E-04 
1.67900E-04 -1.55594E-04 
1.89616E-04 -1.66590E-04 
1.86478E-04 -1.63737E-04 
1.54146E-04 -1.34667E-04 
1.72840E-04 -1.51973E-04 
1.78700E-04 -1.57929E-04 
1.64656E-04 -1.45917E-04 
1.53860E-04 -1.36845E-04 
1.47525E-04 -1.31616E-04 
1.45647E-04 -1.30055E-04 
1.35519E-04 -1.21472E-04 
1.23722E-04 -1.11235E-04 
1.13338E-04 -1.02230E-04 
1.03902E-04 -9.40145E-05 
9.46055E-05 -8.58145E-05 
8.66114E-05 -7.87326E-05 
7.89643E-05 -7.18991E-05 
7.17665E-05 -6.54268E-05 
6.51155E-05 -5.94211E-05 
5.91441E-05 -5.40158E-05 
5.41936E-05 -4.95377E-05 
5.12563E-05 -4.69183E-05 
5.30821E-05 -4.87290E-05 
6.50399E-05 -5.99901E-05 
8.90659E-05 -8.25269E-05 
1.11734E-04 -1.03814E-04 
1.17976E-04 -1.09762E-04 
1.52028E-04 -1.34041E-04 
1.50196E-04 -1.32157E-04 
1.21900E-04 -1.06475E-04 
1.34740E-04 -1.18380E-04 
1.47665E-04 -1.30649E-04 
1.37456E-04 -1.21989E-04 
1.23963E-04 -1.10319E-04 
1.15811E-04 -1.03305E-04 
1.13468E-04 -1.01278E-04 
1.04438E-04 -9.35811E-05 
9.57892E-05 -8.61656E-05 
8.68822E-05 -7.84275E-05 
7.92382E-05 -7.17690E-05 
7.17090E-05 -6.51183E-05 
6.52397E-05 -5.93753E-05 
5.91800E-05 -5.39490E-05 
5.35691E-05 -4.88932E-05 
4.84423E-05 -4.42539E-05 
4.38706E-05 -4.01075E-05 
4.00745E-05 -3.66673E-05 
3.77191E-05 -3.45618E-05 
3.86719E-05 -3.55453E-05 
4.65644E-05 -4.30285E-05 
6.26290E-05 -5.81772E-05 
7.76457E-05 -7.23505E-05 
8.14350E-05 -7.59913E-05 
1.20188E-04 -1.06162E-04 
1.19347E-04 -1.04975E-04 
9.63561E-05 -8.39339E-05 
1.02738E-04 -8.98628E-05 
1.19590E-04 -1.05647E-04 
1.14382E-04 -1.01457E-04 
9.86459E-05 -8.75922E-05 
8.95282E-05 -7.96015E-05 
8.70895E-05 -7.74605E-05 
7.82102E-05 -6.97916E-05 
7.22473E-05 -6.48194E-05 
6.60224E-05 -5.95021E-05 
5.98625E-05 -5.41526E-05 
5.38967E-05 -4.88945E-05 
4.87288E-05 -4.43083E-05 
4.40314E-05 -4.01096E-05 
3.97411E-05 -3.62493E-05 
3.58474E-05 -3.27290E-05 
3.24003E-05 -2.96050E-05 
2.95313E-05 -2.70072E-05 
2.76735E-05 -2.53476E-05 
2.80658E-05 -2.57946E-05 
3.31122E-05 -3.06144E-05 
4.35807E-05 -4.05354E-05 
5.32795E-05 -4.97333E-05 
5.54744E-05 -5.18648E-05 
9.44051E-05 -8.34288E-05 
9.40103E-05 -8.25147E-05 
7.67862E-05 -6.65685E-05 
7.76948E-05 -6.74109E-05 
9.49538E-05 -8.35459E-05 
9.64415E-05 -8.54088E-05 
7.78506E-05 -6.88167E-05 
7.06098E-05 -6.25245E-05 
6.90873E-05 -6.12279E-05 
6.07611E-05 -5.39949E-05 
5.53192E-05 -4.94249E-05 
4.98795E-05 -4.47724E-05 
4.48800E-05 -4.04542E-05 
4.02303E-05 -3.63839E-05 
3.62805E-05 -3.29022E-05 
3.27117E-05 -2.97297E-05 
2.94996E-05 -2.68551E-05 
2.66030E-05 -2.42477E-05 
2.40404E-05 -2.19340E-05 
2.18902E-05 -1.99935E-05 
2.04321E-05 -1.86943E-05 
2.04713E-05 -1.87987E-05 
2.35668E-05 -2.17803E-05 
3.01888E-05 -2.80864E-05 
3.62731E-05 -3.38832E-05 
3.74565E-05 -3.50506E-05 
7.42669E-05 -6.56280E-05 
7.40123E-05 -6.47473E-05 
6.21967E-05 -5.36299E-05 
6.00303E-05 -5.15812E-05 
7.30795E-05 -6.38183E-05 
8.21856E-05 -7.26511E-05 
6.35030E-05 -5.58818E-05 
5.49966E-05 -4.84022E-05 
5.41495E-05 -4.77285E-05 
5.03870E-05 -4.47152E-05 
4.36644E-05 -3.88588E-05 
3.85391E-05 -3.44466E-05 
3.41586E-05 -3.06640E-05 
3.04371E-05 -2.74308E-05 
2.73572E-05 -2.47397E-05 
2.46228E-05 -2.23240E-05 
2.22098E-05 -2.01770E-05 
2.00482E-05 -1.82421E-05 
1.81302E-05 -1.65187E-05 
1.65016E-05 -1.50551E-05 
1.53397E-05 -1.40221E-05 
1.51592E-05 -1.39087E-05 
1.69533E-05 -1.56557E-05 
2.10075E-05 -1.95351E-05 
2.47054E-05 -2.30746E-05 
2.52670E-05 -2.36450E-05 
5.91876E-05 -5.23514E-05 
5.91149E-05 -5.15658E-05 
5.11446E-05 -4.38771E-05 
4.83879E-05 -4.12376E-05 
5.53403E-05 -4.78276E-05 
7.12408E-05 -6.29060E-05 
5.65152E-05 -4.97372E-05 
4.47385E-05 -3.91666E-05 
4.35716E-05 -3.81880E-05 
4.21182E-05 -3.73227E-05 
3.69991E-05 -3.29393E-05 
3.12006E-05 -2.78386E-05 
2.68284E-05 -2.40158E-05 
2.36629E-05 -2.12674E-05 
2.11957E-05 -1.91240E-05 
1.90529E-05 -1.72455E-05 
1.71560E-05 -1.55673E-05 
1.54699E-05 -1.40648E-05 
1.39827E-05 -1.27338E-05 
1.27105E-05 -1.15937E-05 
1.17584E-05 -1.07474E-05 
1.14475E-05 -1.05005E-05 
1.24019E-05 -1.14452E-05 
1.47941E-05 -1.37461E-05 
1.69634E-05 -1.58325E-05 
1.71573E-05 -1.60465E-05 
4.82457E-05 -4.28361E-05 
4.86177E-05 -4.23918E-05 
4.30233E-05 -3.68212E-05 
4.09890E-05 -3.47897E-05 
4.30734E-05 -3.68286E-05 
6.07637E-05 -5.35791E-05 
5.51626E-05 -4.88413E-05 
4.09781E-05 -3.59882E-05 
3.93088E-05 -3.45353E-05 
3.38657E-05 -2.98659E-05 
2.94249E-05 -2.60832E-05 
2.56354E-05 -2.28515E-05 
2.18300E-05 -1.95299E-05 
1.91888E-05 -1.72507E-05 
1.70837E-05 -1.54250E-05 
1.52714E-05 -1.38358E-05 
1.36940E-05 -1.24402E-05 
1.23166E-05 -1.12137E-05 
1.11089E-05 -1.01332E-05 
1.00703E-05 -9.20199E-06 
9.25993E-06 -8.47882E-06 
8.87529E-06 -8.15236E-06 
9.30596E-06 -8.59242E-06 
1.06565E-05 -9.89896E-06 
1.18766E-05 -1.10791E-05 
1.18626E-05 -1.10886E-05 
4.07704E-05 -3.65113E-05 
4.14994E-05 -3.63206E-05 
3.73898E-05 -3.20640E-05 
3.68614E-05 -3.13767E-05 
3.51589E-05 -2.98594E-05 
5.06779E-05 -4.46115E-05 
5.44900E-05 -4.85819E-05 
4.12129E-05 -3.65468E-05 
3.82847E-05 -3.39081E-05 
2.88592E-05 -2.54512E-05 
2.33861E-05 -2.06448E-05 
2.08213E-05 -1.85369E-05 
1.81825E-05 -1.62923E-05 
1.59335E-05 -1.43569E-05 
1.40947E-05 -1.27593E-05 
1.25446E-05 -1.13994E-05 
1.12062E-05 -1.02141E-05 
1.00480E-05 -9.18098E-06 
9.03598E-06 -8.27322E-06 
8.16216E-06 -7.48696E-06 
7.45749E-06 -6.85394E-06 
7.04308E-06 -6.49028E-06 
7.16362E-06 -6.62844E-06 
7.88350E-06 -7.33015E-06 
8.53351E-06 -7.96332E-06 
8.41045E-06 -7.86330E-06 
3.59097E-05 -3.26032E-05 
3.70397E-05 -3.27224E-05 
3.37793E-05 -2.91909E-05 
3.42111E-05 -2.93494E-05 
3.08618E-05 -2.62653E-05 
4.13396E-05 -3.62941E-05 
5.21115E-05 -4.67378E-05 
4.15294E-05 -3.71801E-05 
3.80510E-05 -3.40194E-05 
2.75435E-05 -2.45363E-05 
2.16184E-05 -1.92569E-05 
1.81860E-05 -1.62786E-05 
1.57600E-05 -1.42032E-05 
1.37162E-05 -1.24298E-05 
1.19616E-05 -1.08873E-05 
1.05190E-05 -9.60889E-06 
9.32443E-06 -8.54308E-06 
8.30386E-06 -7.62623E-06 
7.42938E-06 -6.83698E-06 
6.67920E-06 -6.15774E-06 
6.06054E-06 -5.59730E-06 
5.64799E-06 -5.22754E-06 
5.59744E-06 -5.19666E-06 
5.94901E-06 -5.54332E-06 
6.26804E-06 -5.85740E-06 
6.09717E-06 -5.70700E-06 
3.30943E-05 -3.06083E-05 
3.44014E-05 -3.08302E-05 
3.18101E-05 -2.78478E-05 
3.22976E-05 -2.80159E-05 
2.86532E-05 -2.46105E-05 
3.48149E-05 -3.05827E-05 
4.97050E-05 -4.48608E-05 
4.18388E-05 -3.78048E-05 
3.72658E-05 -3.36021E-05 
2.68412E-05 -2.41751E-05 
2.19856E-05 -1.98834E-05 
1.72644E-05 -1.56324E-05 
1.38673E-05 -1.25916E-05 
1.16807E-05 -1.06526E-05 
1.00085E-05 -9.16327E-06 
8.75504E-06 -8.04514E-06 
7.74923E-06 -7.14337E-06 
6.88947E-06 -6.36695E-06 
6.14218E-06 -5.68785E-06 
5.49415E-06 -5.09642E-06 
4.95154E-06 -4.60030E-06 
4.56192E-06 -4.24560E-06 
4.42698E-06 -4.12916E-06 
4.57203E-06 -4.27549E-06 
4.70629E-06 -4.41039E-06 
4.52321E-06 -4.24442E-06 
---
