PdfType: replica
Format: lhagrid1
---
1.00000E-06 1.28121E-06 1.64152E-06 2.10317E-06 2.69463E-06 3.45242E-06 4.42329E-06 5.66715E-06 7.26076E-06 9.30241E-06 1.19180E-05 1.52689E-05 1.95617E-05 2.50609E-05 3.21053E-05 4.11287E-05 5.26863E-05 6.74889E-05 8.64459E-05 1.10720E-04 1.41800E-04 1.81585E-04 2.32503E-04 2.97652E-04 3.80981E-04 4.87518E-04 6.26039E-04 8.00452E-04 1.02297E-03 1.30657E-03 1.66759E-03 2.12729E-03 2.71054E-03 3.44865E-03 4.37927E-03 5.54908E-03 7.01192E-03 8.83064E-03 1.10763E-02 1.38266E-02 1.71641E-02 2.11717E-02 2.59364E-02 3.15062E-02 3.79623E-02 4.53425E-02 5.36750E-02 6.29705E-02 7.32221E-02 8.44039E-02 9.64793E-02 1.09332E-01 1.23067E-01 1.37507E-01 1.52639E-01 1.68416E-01 1.84794E-01 2.01731E-01 2.19016E-01 2.36948E-01 2.55242E-01 2.73927E-01 2.92954E-01 3.12340E-01 3.32036E-01 3.52019E-01 3.72282E-01 3.92772E-01 4.13533E-01 4.34326E-01 4.55495E-01 4.76836E-01 4.98342E-01 5.20006E-01 5.41818E-01 5.63773E-01 5.85861E-01 6.08077E-01 6.30459E-01 6.52800E-01 6.75387E-01 6.98063E-01 7.20830E-01 7.43683E-01 7.66623E-01 7.89636E-01 8.12791E-01 8.35940E-01 8.59175E-01 8.82485E-01 9.05866E-01 9.29311E-01 9.52817E-01 9.76387E-01 1.00000E+00 
1.14018E+00 1.22539E+00 1.32482E+00 1.44156E+00 1.57954E+00 1.74381E+00 1.94091E+00 2.12132E+00 2.17945E+00 2.49622E+00 2.89383E+00 3.39925E+00 4.05063E+00 4.90286E+00 6.03623E+00 7.57063E+00 9.68869E+00 1.26749E+01 1.69835E+01 2.33578E+01 3.30501E+01 4.82334E+01 7.28041E+01 1.13998E+02 1.85779E+02 3.16228E+02 
908 909 
-6.13239E+01 -3.31422E+01 
-6.26607E+01 -3.39902E+01 
-6.42837E+01 -3.53522E+01 
-6.57387E+01 -3.63872E+01 
-6.72786E+01 -3.74916E+01 
-6.89171E+01 -3.86810E+01 
-7.06728E+01 -3.99730E+01 
-7.21263E+01 -4.10551E+01 
-7.25691E+01 -4.13867E+01 
-7.48051E+01 -4.30713E+01 
-7.72843E+01 -4.49492E+01 
-8.00621E+01 -4.70496E+01 
-8.32049E+01 -4.94025E+01 
-8.74744E+01 -5.20132E+01 
-9.21435E+01 -5.50504E+01 
-9.75172E+01 -5.84381E+01 
-1.03724E+02 -6.22127E+01 
-1.10918E+02 -6.64141E+01 
-1.19298E+02 -7.10924E+01 
-1.29163E+02 -7.63362E+01 
-1.41135E+02 -8.23778E+01 
-1.56914E+02 -8.99482E+01 
-1.80907E+02 -1.01000E+02 
-2.19434E+02 -1.18125E+02 
-2.70910E+02 -1.39858E+02 
-3.23966E+02 -1.60413E+02 
-5.21913E+01 -2.82431E+01 
-5.33535E+01 -2.89564E+01 
-5.47752E+01 -3.01430E+01 
-5.60515E+01 -3.10185E+01 
-5.74004E+01 -3.19561E+01 
-5.88348E+01 -3.29692E+01 
-6.03713E+01 -3.40726E+01 
-6.16435E+01 -3.49985E+01 
-6.20311E+01 -3.52824E+01 
-6.39890E+01 -3.67259E+01 
-6.61606E+01 -3.83355E+01 
-6.85942E+01 -4.01347E+01 
-7.13474E+01 -4.21471E+01 
-7.50462E+01 -4.43422E+01 
-7.91037E+01 -4.69107E+01 
-8.37653E+01 -4.97682E+01 
-8.91390E+01 -5.29425E+01 
-9.53539E+01 -5.64636E+01 
-1.02575E+02 -6.03696E+01 
-1.11053E+02 -6.47297E+01 
-1.21314E+02 -6.97321E+01 
-1.34798E+02 -7.59762E+01 
-1.55255E+02 -8.50653E+01 
-1.88043E+02 -9.91059E+01 
-2.31750E+02 -1.16832E+02 
-2.76630E+02 -1.33450E+02 
-4.44649E+01 -2.40199E+01 
-4.54683E+01 -2.46241E+01 
-4.67200E+01 -2.56497E+01 
-4.78309E+01 -2.63951E+01 
-4.90045E+01 -2.71957E+01 
-5.02527E+01 -2.80630E+01 
-5.15904E+01 -2.90094E+01 
-5.26988E+01 -2.98044E+01 
-5.30366E+01 -3.00482E+01 
-5.47442E+01 -3.12882E+01 
-5.66400E+01 -3.26701E+01 
-5.87659E+01 -3.42125E+01 
-6.11713E+01 -3.59338E+01 
-6.43682E+01 -3.77775E+01 
-6.78860E+01 -3.99479E+01 
-7.19211E+01 -4.23554E+01 
-7.65640E+01 -4.50207E+01 
-8.19221E+01 -4.79662E+01 
-8.81329E+01 -5.12202E+01 
-9.54058E+01 -5.48368E+01 
-1.04183E+02 -5.89676E+01 
-1.15684E+02 -6.41032E+01 
-1.33092E+02 -7.15558E+01 
-1.60944E+02 -8.30300E+01 
-1.97985E+02 -9.74334E+01 
-2.35876E+02 -1.10803E+02 
-3.78853E+01 -2.04179E+01 
-3.87478E+01 -2.09321E+01 
-3.98518E+01 -2.18137E+01 
-4.08143E+01 -2.24509E+01 
-4.18314E+01 -2.31369E+01 
-4.29138E+01 -2.38814E+01 
-4.40752E+01 -2.46948E+01 
-4.50385E+01 -2.53785E+01 
-4.53323E+01 -2.55882E+01 
-4.68186E+01 -2.66541E+01 
-4.84706E+01 -2.78406E+01 
-5.03246E+01 -2.91622E+01 
-5.24229E+01 -3.06331E+01 
-5.51808E+01 -3.21788E+01 
-5.82256E+01 -3.40099E+01 
-6.17127E+01 -3.60343E+01 
-6.57175E+01 -3.82675E+01 
-7.03293E+01 -4.07254E+01 
-7.56620E+01 -4.34290E+01 
-8.18901E+01 -4.64199E+01 
-8.93845E+01 -4.98199E+01 
-9.91780E+01 -5.40286E+01 
-1.13969E+02 -6.01153E+01 
-1.37592E+02 -6.94511E+01 
-1.68933E+02 -8.10961E+01 
-2.00864E+02 -9.17896E+01 
-3.22648E+01 -1.73653E+01 
-3.30045E+01 -1.78040E+01 
-3.39779E+01 -1.85590E+01 
-3.48099E+01 -1.91046E+01 
-3.56898E+01 -1.96931E+01 
-3.66271E+01 -2.03328E+01 
-3.76341E+01 -2.10323E+01 
-3.84705E+01 -2.16202E+01 
-3.87258E+01 -2.18004E+01 
-4.00183E+01 -2.27162E+01 
-4.14567E+01 -2.37337E+01 
-4.30722E+01 -2.48644E+01 
-4.49008E+01 -2.61188E+01 
-4.72766E+01 -2.74113E+01 
-4.99086E+01 -2.89527E+01 
-5.29179E+01 -3.06510E+01 
-5.63673E+01 -3.25170E+01 
-6.03307E+01 -3.45622E+01 
-6.49023E+01 -3.68015E+01 
-7.02269E+01 -3.92665E+01 
-7.66158E+01 -4.20545E+01 
-8.49419E+01 -4.54893E+01 
-9.74903E+01 -5.04366E+01 
-1.17497E+02 -5.79915E+01 
-1.43973E+02 -6.73500E+01 
-1.70834E+02 -7.58440E+01 
-2.74600E+01 -1.47859E+01 
-2.80941E+01 -1.51604E+01 
-2.89511E+01 -1.58051E+01 
-2.96698E+01 -1.62721E+01 
-3.04304E+01 -1.67769E+01 
-3.12418E+01 -1.73262E+01 
-3.21148E+01 -1.79270E+01 
-3.28409E+01 -1.84319E+01 
-3.30626E+01 -1.85866E+01 
-3.41865E+01 -1.93720E+01 
-3.54385E+01 -2.02429E+01 
-3.68455E+01 -2.12079E+01 
-3.84381E+01 -2.22749E+01 
-4.04819E+01 -2.33526E+01 
-4.27543E+01 -2.46466E+01 
-4.53480E+01 -2.60671E+01 
-4.83149E+01 -2.76216E+01 
-5.17161E+01 -2.93178E+01 
-5.56290E+01 -3.11661E+01 
-6.01737E+01 -3.31901E+01 
-6.56111E+01 -3.54667E+01 
-7.26781E+01 -3.82564E+01 
-8.33080E+01 -4.22554E+01 
-1.00227E+02 -4.83307E+01 
-1.22558E+02 -5.57990E+01 
-1.45110E+02 -6.24921E+01 
-2.33563E+01 -1.26071E+01 
-2.38999E+01 -1.29265E+01 
-2.46531E+01 -1.34756E+01 
-2.52738E+01 -1.38749E+01 
-2.59316E+01 -1.43071E+01 
-2.66341E+01 -1.47779E+01 
-2.73911E+01 -1.52931E+01 
-2.80215E+01 -1.57257E+01 
-2.82142E+01 -1.58582E+01 
-2.91914E+01 -1.65302E+01 
-3.02811E+01 -1.72737E+01 
-3.15060E+01 -1.80950E+01 
-3.28921E+01 -1.89999E+01 
-3.46481E+01 -1.98952E+01 
-3.66078E+01 -2.09782E+01 
-3.88403E+01 -2.21627E+01 
-4.13886E+01 -2.34534E+01 
-4.43028E+01 -2.48553E+01 
-4.76465E+01 -2.63750E+01 
-5.15190E+01 -2.80300E+01 
-5.61385E+01 -2.98806E+01 
-6.21268E+01 -3.21345E+01 
-7.11169E+01 -3.53466E+01 
-8.54020E+01 -4.01969E+01 
-1.04202E+02 -4.61089E+01 
-1.23098E+02 -5.13342E+01 
-1.98569E+01 -1.07643E+01 
-2.03231E+01 -1.10362E+01 
-2.09840E+01 -1.15025E+01 
-2.15203E+01 -1.18430E+01 
-2.20893E+01 -1.22123E+01 
-2.26978E+01 -1.26150E+01 
-2.33544E+01 -1.30555E+01 
-2.39020E+01 -1.34253E+01 
-2.40694E+01 -1.35385E+01 
-2.49191E+01 -1.41119E+01 
-2.58673E+01 -1.47447E+01 
-2.69332E+01 -1.54415E+01 
-2.81386E+01 -1.62063E+01 
-2.96453E+01 -1.69473E+01 
-3.13331E+01 -1.78509E+01 
-3.32521E+01 -1.88352E+01 
-3.54376E+01 -1.99032E+01 
-3.79305E+01 -2.10574E+01 
-4.07830E+01 -2.23019E+01 
-4.40768E+01 -2.36493E+01 
-4.79942E+01 -2.51461E+01 
-5.30591E+01 -2.69565E+01 
-6.06490E+01 -2.95185E+01 
-7.26884E+01 -3.33591E+01 
-8.84860E+01 -3.79958E+01 
-1.04283E+02 -4.20311E+01 
-1.68780E+01 -9.20200E+00 
-1.72781E+01 -9.43288E+00 
-1.78571E+01 -9.82760E+00 
-1.83207E+01 -1.01172E+01 
-1.88129E+01 -1.04319E+01 
-1.93402E+01 -1.07753E+01 
-1.99099E+01 -1.11510E+01 
-2.03855E+01 -1.14662E+01 
-2.05310E+01 -1.15626E+01 
-2.12697E+01 -1.20504E+01 
-2.20944E+01 -1.25873E+01 
-2.30213E+01 -1.31765E+01 
-2.40685E+01 -1.38207E+01 
-2.53594E+01 -1.44315E+01 
-2.68111E+01 -1.51828E+01 
-2.84581E+01 -1.59979E+01 
-3.03294E+01 -1.68783E+01 
-3.24582E+01 -1.78248E+01 
-3.48872E+01 -1.88396E+01 
-3.76835E+01 -1.99313E+01 
-4.09991E+01 -2.11355E+01 
-4.52746E+01 -2.25803E+01 
-5.16699E+01 -2.46077E+01 
-6.17965E+01 -2.76203E+01 
-7.50425E+01 -3.12176E+01 
-8.82173E+01 -3.42937E+01 
-1.43462E+01 -7.87400E+00 
-1.46897E+01 -8.06960E+00 
-1.51964E+01 -8.40221E+00 
-1.55971E+01 -8.64781E+00 
-1.60231E+01 -8.91519E+00 
-1.64799E+01 -9.20726E+00 
-1.69742E+01 -9.52685E+00 
-1.73871E+01 -9.79468E+00 
-1.75135E+01 -9.87657E+00 
-1.81556E+01 -1.02902E+01 
-1.88724E+01 -1.07442E+01 
-1.96776E+01 -1.12408E+01 
-2.05863E+01 -1.17814E+01 
-2.16905E+01 -1.22826E+01 
-2.29371E+01 -1.29052E+01 
-2.43484E+01 -1.35778E+01 
-2.59478E+01 -1.43007E+01 
-2.77625E+01 -1.50737E+01 
-2.98269E+01 -1.58974E+01 
-3.21961E+01 -1.67774E+01 
-3.49967E+01 -1.77404E+01 
-3.85983E+01 -1.88852E+01 
-4.39755E+01 -2.04751E+01 
-5.24745E+01 -2.28125E+01 
-6.35552E+01 -2.55679E+01 
-7.45152E+01 -2.78760E+01 
-1.21971E+01 -6.74223E+00 
-1.24919E+01 -6.90754E+00 
-1.29350E+01 -7.18627E+00 
-1.32812E+01 -7.39396E+00 
-1.36497E+01 -7.62054E+00 
-1.40454E+01 -7.86827E+00 
-1.44741E+01 -8.13930E+00 
-1.48325E+01 -8.36623E+00 
-1.49422E+01 -8.43556E+00 
-1.54998E+01 -8.78521E+00 
-1.61222E+01 -9.16789E+00 
-1.68210E+01 -9.58488E+00 
-1.76084E+01 -1.00369E+01 
-1.85513E+01 -1.04463E+01 
-1.96200E+01 -1.09604E+01 
-2.08271E+01 -1.15133E+01 
-2.21917E+01 -1.21045E+01 
-2.37356E+01 -1.27330E+01 
-2.54866E+01 -1.33983E+01 
-2.74898E+01 -1.41037E+01 
-2.98502E+01 -1.48689E+01 
-3.28773E+01 -1.57687E+01 
-3.73883E+01 -1.70025E+01 
-4.45043E+01 -1.87926E+01 
-5.37503E+01 -2.08703E+01 
-6.28431E+01 -2.25677E+01 
-1.03741E+01 -5.77544E+00 
-1.06271E+01 -5.91486E+00 
-1.10142E+01 -6.14681E+00 
-1.13131E+01 -6.32198E+00 
-1.16317E+01 -6.51349E+00 
-1.19743E+01 -6.72305E+00 
-1.23458E+01 -6.95225E+00 
-1.26566E+01 -7.14397E+00 
-1.27518E+01 -7.20248E+00 
-1.32356E+01 -7.49713E+00 
-1.37754E+01 -7.81859E+00 
-1.43809E+01 -8.16751E+00 
-1.50621E+01 -8.54406E+00 
-1.58658E+01 -8.87670E+00 
-1.67803E+01 -9.29973E+00 
-1.78108E+01 -9.75245E+00 
-1.89728E+01 -1.02338E+01 
-2.02836E+01 -1.07424E+01 
-2.17657E+01 -1.12770E+01 
-2.34557E+01 -1.18390E+01 
-2.54406E+01 -1.24426E+01 
-2.79790E+01 -1.31432E+01 
-3.17539E+01 -1.40889E+01 
-3.76967E+01 -1.54382E+01 
-4.53909E+01 -1.69742E+01 
-5.29125E+01 -1.81900E+01 
-8.82823E+00 -4.94805E+00 
-9.04516E+00 -5.06542E+00 
-9.38312E+00 -5.25678E+00 
-9.64100E+00 -5.40417E+00 
-9.91620E+00 -5.56563E+00 
-1.02125E+01 -5.74245E+00 
-1.05342E+01 -5.93576E+00 
-1.08035E+01 -6.09724E+00 
-1.08860E+01 -6.14648E+00 
-1.13052E+01 -6.39399E+00 
-1.17727E+01 -6.66310E+00 
-1.22965E+01 -6.95400E+00 
-1.28848E+01 -7.26646E+00 
-1.35684E+01 -7.53531E+00 
-1.43495E+01 -7.88208E+00 
-1.52275E+01 -8.25126E+00 
-1.62149E+01 -8.64149E+00 
-1.73255E+01 -9.05094E+00 
-1.85772E+01 -9.47788E+00 
-1.99998E+01 -9.92267E+00 
-2.16650E+01 -1.03948E+01 
-2.37883E+01 -1.09345E+01 
-2.69391E+01 -1.16485E+01 
-3.18884E+01 -1.26452E+01 
-3.82727E+01 -1.37515E+01 
-4.44754E+01 -1.45909E+01 
-7.51731E+00 -4.23895E+00 
-7.70315E+00 -4.33763E+00 
-7.99798E+00 -4.49382E+00 
-8.22015E+00 -4.61757E+00 
-8.45760E+00 -4.75340E+00 
-8.71358E+00 -4.90223E+00 
-8.99177E+00 -5.06482E+00 
-9.22482E+00 -5.20044E+00 
-9.29622E+00 -5.24174E+00 
-9.65896E+00 -5.44899E+00 
-1.00633E+01 -5.67351E+00 
-1.05156E+01 -5.91513E+00 
-1.10226E+01 -6.17338E+00 
-1.16028E+01 -6.38940E+00 
-1.22686E+01 -6.67255E+00 
-1.30153E+01 -6.97231E+00 
-1.38525E+01 -7.28709E+00 
-1.47915E+01 -7.61489E+00 
-1.58463E+01 -7.95372E+00 
-1.70409E+01 -8.30302E+00 
-1.84345E+01 -8.66883E+00 
-2.02059E+01 -9.07914E+00 
-2.28285E+01 -9.60799E+00 
-2.69384E+01 -1.03248E+01 
-3.22194E+01 -1.10934E+01 
-3.73176E+01 -1.16417E+01 
-6.40524E+00 -3.63061E+00 
-6.56426E+00 -3.71349E+00 
-6.82122E+00 -3.83930E+00 
-7.01234E+00 -3.94299E+00 
-7.21694E+00 -4.05702E+00 
-7.43781E+00 -4.18200E+00 
-7.67809E+00 -4.31839E+00 
-7.87946E+00 -4.43197E+00 
-7.94116E+00 -4.46651E+00 
-8.25456E+00 -4.63949E+00 
-8.60360E+00 -4.82613E+00 
-8.99346E+00 -5.02606E+00 
-9.42955E+00 -5.23861E+00 
-9.92087E+00 -5.41109E+00 
-1.04873E+01 -5.64135E+00 
-1.11208E+01 -5.88362E+00 
-1.18292E+01 -6.13619E+00 
-1.26212E+01 -6.39702E+00 
-1.35080E+01 -6.66397E+00 
-1.45088E+01 -6.93588E+00 
-1.56721E+01 -7.21613E+00 
-1.71460E+01 -7.52307E+00 
-1.93226E+01 -7.90511E+00 
-2.27248E+01 -8.40170E+00 
-2.70788E+01 -8.90729E+00 
-3.12543E+01 -9.23328E+00 
-5.46133E+00 -3.10834E+00 
-5.59721E+00 -3.17791E+00 
-5.82088E+00 -3.27757E+00 
-5.98503E+00 -3.36432E+00 
-6.16106E+00 -3.45986E+00 
-6.35137E+00 -3.56457E+00 
-6.55860E+00 -3.67869E+00 
-6.73233E+00 -3.77353E+00 
-6.78557E+00 -3.80233E+00 
-7.05588E+00 -3.94623E+00 
-7.35662E+00 -4.10082E+00 
-7.69197E+00 -4.26560E+00 
-8.06623E+00 -4.43980E+00 
-8.48129E+00 -4.57655E+00 
-8.96209E+00 -4.76299E+00 
-9.49851E+00 -4.95780E+00 
-1.00966E+01 -5.15929E+00 
-1.07631E+01 -5.36540E+00 
-1.15068E+01 -5.57400E+00 
-1.23431E+01 -5.78349E+00 
-1.33116E+01 -5.99527E+00 
-1.45344E+01 -6.22022E+00 
-1.63353E+01 -6.48679E+00 
-1.91423E+01 -6.81177E+00 
-2.27193E+01 -7.11508E+00 
-2.61261E+01 -7.27386E+00 
-4.65958E+00 -2.65977E+00 
-4.77553E+00 -2.71817E+00 
-4.96991E+00 -2.79541E+00 
-5.11065E+00 -2.86790E+00 
-5.26187E+00 -2.94782E+00 
-5.42559E+00 -3.03535E+00 
-5.60403E+00 -3.13060E+00 
-5.75367E+00 -3.20955E+00 
-5.79952E+00 -3.23349E+00 
-6.03224E+00 -3.35280E+00 
-6.29086E+00 -3.48037E+00 
-6.57871E+00 -3.61563E+00 
-6.89918E+00 -3.75774E+00 
-7.24892E+00 -3.86534E+00 
-7.65618E+00 -4.01560E+00 
-8.10936E+00 -4.17140E+00 
-8.61313E+00 -4.33108E+00 
-9.17270E+00 -4.49269E+00 
-9.79486E+00 -4.65413E+00 
-1.04919E+01 -4.81357E+00 
-1.12959E+01 -4.97092E+00 
-1.23075E+01 -5.13131E+00 
-1.37926E+01 -5.30795E+00 
-1.61003E+01 -5.50080E+00 
-1.90278E+01 -5.65074E+00 
-2.17960E+01 -5.68615E+00 
-3.97806E+00 -2.27441E+00 
-4.07684E+00 -2.32345E+00 
-4.24543E+00 -2.38160E+00 
-4.36589E+00 -2.44211E+00 
-4.49557E+00 -2.50886E+00 
-4.63620E+00 -2.58189E+00 
-4.78959E+00 -2.66117E+00 
-4.91825E+00 -2.72671E+00 
-4.95767E+00 -2.74655E+00 
-5.15764E+00 -2.84513E+00 
-5.37957E+00 -2.95001E+00 
-5.62609E+00 -3.06056E+00 
-5.89985E+00 -3.17596E+00 
-6.19378E+00 -3.25990E+00 
-6.53799E+00 -3.38038E+00 
-6.91998E+00 -3.50422E+00 
-7.34331E+00 -3.62985E+00 
-7.81195E+00 -3.75542E+00 
-8.33111E+00 -3.87895E+00 
-8.91046E+00 -3.99849E+00 
-9.57608E+00 -4.11286E+00 
-1.04102E+01 -4.22289E+00 
-1.16306E+01 -4.33030E+00 
-1.35206E+01 -4.42285E+00 
-1.59066E+01 -4.45861E+00 
-1.81459E+01 -4.40532E+00 
-3.39826E+00 -1.94331E+00 
-3.48230E+00 -1.98452E+00 
-3.62816E+00 -2.02655E+00 
-3.73106E+00 -2.07703E+00 
-3.84208E+00 -2.13270E+00 
-3.96266E+00 -2.19351E+00 
-4.09429E+00 -2.25934E+00 
-4.20471E+00 -2.31359E+00 
-4.23853E+00 -2.32998E+00 
-4.41001E+00 -2.41116E+00 
-4.60005E+00 -2.49705E+00 
-4.81068E+00 -2.58700E+00 
-5.04397E+00 -2.68025E+00 
-5.29029E+00 -2.74510E+00 
-5.58057E+00 -2.84117E+00 
-5.90181E+00 -2.93894E+00 
-6.25669E+00 -3.03694E+00 
-6.64819E+00 -3.13348E+00 
-7.08026E+00 -3.22670E+00 
-7.56046E+00 -3.31464E+00 
-8.10982E+00 -3.39536E+00 
-8.79535E+00 -3.46650E+00 
-9.79449E+00 -3.52135E+00 
-1.13359E+01 -3.53918E+00 
-1.32718E+01 -3.49192E+00 
-1.50743E+01 -3.37709E+00 
-2.90461E+00 -1.65885E+00 
-2.97600E+00 -1.69353E+00 
-3.10180E+00 -1.72206E+00 
-3.18954E+00 -1.76416E+00 
-3.28443E+00 -1.81054E+00 
-3.38764E+00 -1.86109E+00 
-3.50039E+00 -1.91563E+00 
-3.59496E+00 -1.96041E+00 
-3.62392E+00 -1.97390E+00 
-3.77067E+00 -2.04052E+00 
-3.93302E+00 -2.11058E+00 
-4.11256E+00 -2.18344E+00 
-4.31086E+00 -2.25839E+00 
-4.51667E+00 -2.30796E+00 
-4.76093E+00 -2.38409E+00 
-5.03044E+00 -2.46066E+00 
-5.32722E+00 -2.53636E+00 
-5.65344E+00 -2.60963E+00 
-6.01203E+00 -2.67877E+00 
-6.40889E+00 -2.74186E+00 
-6.86086E+00 -2.79648E+00 
-7.42227E+00 -2.83798E+00 
-8.23694E+00 -2.85362E+00 
-9.48832E+00 -2.81709E+00 
-1.10513E+01 -2.71144E+00 
-1.24943E+01 -2.55614E+00 
-2.48396E+00 -1.41447E+00 
-2.54451E+00 -1.44371E+00 
-2.65261E+00 -1.46106E+00 
-2.72728E+00 -1.49618E+00 
-2.80823E+00 -1.53480E+00 
-2.89641E+00 -1.57676E+00 
-2.99280E+00 -1.62185E+00 
-3.07364E+00 -1.65871E+00 
-3.09839E+00 -1.66978E+00 
-3.22368E+00 -1.72427E+00 
-3.36206E+00 -1.78118E+00 
-3.51472E+00 -1.83992E+00 
-3.68284E+00 -1.89983E+00 
-3.85428E+00 -1.93725E+00 
-4.05933E+00 -1.99713E+00 
-4.28492E+00 -2.05657E+00 
-4.53248E+00 -2.11433E+00 
-4.80358E+00 -2.16906E+00 
-5.10036E+00 -2.21920E+00 
-5.42734E+00 -2.26293E+00 
-5.79794E+00 -2.29751E+00 
-6.25595E+00 -2.31676E+00 
-6.91727E+00 -2.30383E+00 
-7.92810E+00 -2.22905E+00 
-9.18301E+00 -2.08427E+00 
-1.03312E+01 -1.90467E+00 
-2.12525E+00 -1.20460E+00 
-2.17655E+00 -1.22930E+00 
-2.26900E+00 -1.23754E+00 
-2.33244E+00 -1.26686E+00 
-2.40137E+00 -1.29901E+00 
-2.47657E+00 -1.33380E+00 
-2.55881E+00 -1.37100E+00 
-2.62777E+00 -1.40126E+00 
-2.64886E+00 -1.41032E+00 
-2.75561E+00 -1.45474E+00 
-2.87327E+00 -1.50078E+00 
-3.00275E+00 -1.54790E+00 
-3.14490E+00 -1.59549E+00 
-3.28725E+00 -1.62333E+00 
-3.45901E+00 -1.67005E+00 
-3.64737E+00 -1.71567E+00 
-3.85335E+00 -1.75911E+00 
-4.07802E+00 -1.79915E+00 
-4.32292E+00 -1.83442E+00 
-4.59147E+00 -1.86319E+00 
-4.89428E+00 -1.88261E+00 
-5.26641E+00 -1.88547E+00 
-5.80065E+00 -1.85237E+00 
-6.61259E+00 -1.75198E+00 
-7.61390E+00 -1.58300E+00 
-8.52118E+00 -1.39131E+00 
-1.81911E+00 -1.02442E+00 
-1.86252E+00 -1.04534E+00 
-1.94117E+00 -1.04629E+00 
-1.99496E+00 -1.07081E+00 
-2.05356E+00 -1.09758E+00 
-2.11756E+00 -1.12640E+00 
-2.18758E+00 -1.15703E+00 
-2.24628E+00 -1.18182E+00 
-2.26423E+00 -1.18922E+00 
-2.35496E+00 -1.22530E+00 
-2.45476E+00 -1.26239E+00 
-2.56430E+00 -1.29998E+00 
-2.68418E+00 -1.33754E+00 
-2.80197E+00 -1.35791E+00 
-2.94551E+00 -1.39400E+00 
-3.10241E+00 -1.42854E+00 
-3.27335E+00 -1.46058E+00 
-3.45903E+00 -1.48907E+00 
-3.66050E+00 -1.51279E+00 
-3.88032E+00 -1.53016E+00 
-4.12681E+00 -1.53828E+00 
-4.42782E+00 -1.52940E+00 
-4.85708E+00 -1.48270E+00 
-5.50516E+00 -1.36649E+00 
-6.29847E+00 -1.18471E+00 
-7.00973E+00 -9.90033E-01 
-1.55766E+00 -8.69813E-01 
-1.59436E+00 -8.87579E-01 
-1.66081E+00 -8.82853E-01 
-1.70635E+00 -9.03396E-01 
-1.75606E+00 -9.25697E-01 
-1.81044E+00 -9.49561E-01 
-1.86994E+00 -9.74762E-01 
-1.91979E+00 -9.95017E-01 
-1.93503E+00 -1.00104E+00 
-2.01197E+00 -1.03026E+00 
-2.09641E+00 -1.06000E+00 
-2.18885E+00 -1.08983E+00 
-2.28969E+00 -1.11925E+00 
-2.38681E+00 -1.13383E+00 
-2.50650E+00 -1.16136E+00 
-2.63687E+00 -1.18705E+00 
-2.77835E+00 -1.21009E+00 
-2.93136E+00 -1.22957E+00 
-3.09659E+00 -1.24442E+00 
-3.27589E+00 -1.25321E+00 
-3.47572E+00 -1.25308E+00 
-3.71803E+00 -1.23608E+00 
-4.06085E+00 -1.18088E+00 
-4.57442E+00 -1.05637E+00 
-5.19782E+00 -8.70378E-01 
-5.75026E+00 -6.79285E-01 
-1.33421E+00 -7.37246E-01 
-1.36521E+00 -7.52379E-01 
-1.42091E+00 -7.43375E-01 
-1.45940E+00 -7.60633E-01 
-1.50151E+00 -7.79239E-01 
-1.54762E+00 -7.99002E-01 
-1.59808E+00 -8.19709E-01 
-1.64033E+00 -8.36230E-01 
-1.65323E+00 -8.41123E-01 
-1.71833E+00 -8.64704E-01 
-1.78961E+00 -8.88443E-01 
-1.86741E+00 -9.11948E-01 
-1.95201E+00 -9.34789E-01 
-2.03181E+00 -9.44947E-01 
-2.13138E+00 -9.65613E-01 
-2.23946E+00 -9.84286E-01 
-2.35624E+00 -1.00026E+00 
-2.48196E+00 -1.01276E+00 
-2.61700E+00 -1.02088E+00 
-2.76271E+00 -1.02332E+00 
-2.92401E+00 -1.01734E+00 
-3.11803E+00 -9.95040E-01 
-3.38995E+00 -9.35225E-01 
-3.79353E+00 -8.08074E-01 
-4.27872E+00 -6.24194E-01 
-4.70312E+00 -4.41309E-01 
-1.14312E+00 -6.23677E-01 
-1.16930E+00 -6.36605E-01 
-1.21553E+00 -6.24546E-01 
-1.24800E+00 -6.39093E-01 
-1.28361E+00 -6.54643E-01 
-1.32264E+00 -6.71017E-01 
-1.36535E+00 -6.88017E-01 
-1.40109E+00 -7.01465E-01 
-1.41200E+00 -7.05429E-01 
-1.46695E+00 -7.24392E-01 
-1.52698E+00 -7.43238E-01 
-1.59231E+00 -7.61620E-01 
-1.66311E+00 -7.79163E-01 
-1.72842E+00 -7.85985E-01 
-1.81109E+00 -8.01166E-01 
-1.90046E+00 -8.14290E-01 
-1.99660E+00 -8.24757E-01 
-2.09957E+00 -8.31915E-01 
-2.20956E+00 -8.34994E-01 
-2.32750E+00 -8.32845E-01 
-2.45709E+00 -8.22886E-01 
-2.61151E+00 -7.97429E-01 
-2.82550E+00 -7.35941E-01 
-3.13954E+00 -6.10328E-01 
-3.51286E+00 -4.33088E-01 
-3.83457E+00 -2.61503E-01 
-9.77246E-01 -5.25099E-01 
-9.99296E-01 -5.36147E-01 
-1.03708E+00 -5.22066E-01 
-1.06438E+00 -5.34342E-01 
-1.09437E+00 -5.47330E-01 
-1.12728E+00 -5.60865E-01 
-1.16327E+00 -5.74769E-01 
-1.19336E+00 -5.85657E-01 
-1.20254E+00 -5.88847E-01 
-1.24871E+00 -6.03981E-01 
-1.29903E+00 -6.18791E-01 
-1.35361E+00 -6.32973E-01 
-1.41255E+00 -6.46203E-01 
-1.46565E+00 -6.50507E-01 
-1.53393E+00 -6.61262E-01 
-1.60743E+00 -6.69965E-01 
-1.68611E+00 -6.76119E-01 
-1.76992E+00 -6.79184E-01 
-1.85889E+00 -6.78517E-01 
-1.95361E+00 -6.73111E-01 
-2.05682E+00 -6.60570E-01 
-2.17845E+00 -6.33570E-01 
-2.34466E+00 -5.72596E-01 
-2.58514E+00 -4.51613E-01 
-2.86714E+00 -2.84297E-01 
-3.10585E+00 -1.26138E-01 
-8.37627E-01 -4.42279E-01 
-8.56258E-01 -4.51764E-01 
-8.86772E-01 -4.36602E-01 
-9.09758E-01 -4.47027E-01 
-9.35066E-01 -4.57929E-01 
-9.62841E-01 -4.69158E-01 
-9.93216E-01 -4.80553E-01 
-1.01858E+00 -4.89374E-01 
-1.02631E+00 -4.91941E-01 
-1.06515E+00 -5.03998E-01 
-1.10735E+00 -5.15584E-01 
-1.15299E+00 -5.26433E-01 
-1.20210E+00 -5.36267E-01 
-1.24524E+00 -5.38756E-01 
-1.30170E+00 -5.46061E-01 
-1.36219E+00 -5.51374E-01 
-1.42660E+00 -5.54286E-01 
-1.49480E+00 -5.54360E-01 
-1.56672E+00 -5.51062E-01 
-1.64271E+00 -5.43519E-01 
-1.72472E+00 -5.29530E-01 
-1.82013E+00 -5.02224E-01 
-1.94831E+00 -4.43319E-01 
-2.13055E+00 -3.28972E-01 
-2.34071E+00 -1.73439E-01 
-2.51488E+00 -2.95044E-02 
-7.18018E-01 -3.71600E-01 
-7.33776E-01 -3.79753E-01 
-7.57942E-01 -3.64269E-01 
-7.77296E-01 -3.73152E-01 
-7.98636E-01 -3.82319E-01 
-8.22065E-01 -3.91634E-01 
-8.47670E-01 -4.00956E-01 
-8.69023E-01 -4.08075E-01 
-8.75525E-01 -4.10129E-01 
-9.08146E-01 -4.19668E-01 
-9.43495E-01 -4.28630E-01 
-9.81593E-01 -4.36788E-01 
-1.02243E+00 -4.43902E-01 
-1.05735E+00 -4.45079E-01 
-1.10395E+00 -4.49659E-01 
-1.15361E+00 -4.52345E-01 
-1.20618E+00 -4.52809E-01 
-1.26149E+00 -4.50700E-01 
-1.31938E+00 -4.45588E-01 
-1.38002E+00 -4.36719E-01 
-1.44477E+00 -4.22098E-01 
-1.51894E+00 -3.95356E-01 
-1.61648E+00 -3.39590E-01 
-1.75206E+00 -2.33215E-01 
-1.90510E+00 -9.06135E-02 
-2.02856E+00 3.87695E-02 
-6.15516E-01 -3.11386E-01 
-6.28870E-01 -3.18395E-01 
-6.47526E-01 -3.03215E-01 
-6.63829E-01 -3.10802E-01 
-6.81826E-01 -3.18515E-01 
-7.01585E-01 -3.26234E-01 
-7.23159E-01 -3.33833E-01 
-7.41125E-01 -3.39545E-01 
-7.46590E-01 -3.41177E-01 
-7.73965E-01 -3.48647E-01 
-8.03539E-01 -3.55469E-01 
-8.35299E-01 -3.61449E-01 
-8.69202E-01 -3.66386E-01 
-8.97377E-01 -3.66629E-01 
-9.35763E-01 -3.69067E-01 
-9.76435E-01 -3.69737E-01 
-1.01921E+00 -3.68382E-01 
-1.06389E+00 -3.64729E-01 
-1.11027E+00 -3.58434E-01 
-1.15838E+00 -3.48858E-01 
-1.20912E+00 -3.34205E-01 
-1.26616E+00 -3.08642E-01 
-1.33915E+00 -2.56715E-01 
-1.43759E+00 -1.59086E-01 
-1.54556E+00 -2.99198E-02 
-1.62953E+00 8.50758E-02 
-5.27654E-01 -2.60181E-01 
-5.39000E-01 -2.66196E-01 
-5.52907E-01 -2.51823E-01 
-5.66660E-01 -2.58307E-01 
-5.81853E-01 -2.64789E-01 
-5.98526E-01 -2.71165E-01 
-6.16709E-01 -2.77322E-01 
-6.31825E-01 -2.81863E-01 
-6.36418E-01 -2.83144E-01 
-6.59383E-01 -2.88905E-01 
-6.84109E-01 -2.93974E-01 
-7.10560E-01 -2.98189E-01 
-7.38672E-01 -3.01383E-01 
-7.61334E-01 -3.00972E-01 
-7.92894E-01 -3.01739E-01 
-8.26119E-01 -3.00882E-01 
-8.60812E-01 -2.98206E-01 
-8.96748E-01 -2.93507E-01 
-9.33713E-01 -2.86517E-01 
-9.71636E-01 -2.76699E-01 
-1.01104E+00 -2.62449E-01 
-1.05434E+00 -2.38480E-01 
-1.10778E+00 -1.90806E-01 
-1.17688E+00 -1.02273E-01 
-1.24960E+00 1.34359E-02 
-1.30315E+00 1.14559E-01 
-4.52229E-01 -2.16658E-01 
-4.61901E-01 -2.21797E-01 
-4.71747E-01 -2.08623E-01 
-4.83376E-01 -2.14152E-01 
-4.96225E-01 -2.19578E-01 
-5.10312E-01 -2.24807E-01 
-5.25650E-01 -2.29744E-01 
-5.38374E-01 -2.33300E-01 
-5.42235E-01 -2.34288E-01 
-5.61501E-01 -2.38625E-01 
-5.82167E-01 -2.42250E-01 
-6.04179E-01 -2.45028E-01 
-6.27458E-01 -2.46823E-01 
-6.45630E-01 -2.45960E-01 
-6.71521E-01 -2.45434E-01 
-6.98577E-01 -2.43441E-01 
-7.26599E-01 -2.39841E-01 
-7.55357E-01 -2.34486E-01 
-7.84627E-01 -2.27174E-01 
-8.14274E-01 -2.17457E-01 
-8.44543E-01 -2.03920E-01 
-8.76854E-01 -1.81808E-01 
-9.14818E-01 -1.38591E-01 
-9.60916E-01 -5.91984E-02 
-1.00631E+00 4.33614E-02 
-1.03669E+00 1.31347E-01 
-3.87622E-01 -1.79812E-01 
-3.95906E-01 -1.84173E-01 
-4.02326E-01 -1.72480E-01 
-4.12200E-01 -1.77169E-01 
-4.23102E-01 -1.81674E-01 
-4.35037E-01 -1.85916E-01 
-4.48001E-01 -1.89810E-01 
-4.58730E-01 -1.92530E-01 
-4.61980E-01 -1.93270E-01 
-4.78160E-01 -1.96416E-01 
-4.95442E-01 -1.98847E-01 
-5.13758E-01 -2.00453E-01 
-5.33023E-01 -2.01131E-01 
-5.47563E-01 -1.99961E-01 
-5.68758E-01 -1.98453E-01 
-5.90722E-01 -1.95642E-01 
-6.13259E-01 -1.91433E-01 
-6.36146E-01 -1.85727E-01 
-6.59158E-01 -1.78378E-01 
-6.82119E-01 -1.69017E-01 
-7.05070E-01 -1.56399E-01 
-7.28665E-01 -1.36290E-01 
-7.54498E-01 -9.75630E-02 
-7.82787E-01 -2.71026E-02 
-8.07314E-01 6.28923E-02 
-8.20365E-01 1.38658E-01 
-3.32315E-01 -1.48686E-01 
-3.39450E-01 -1.52346E-01 
-3.43026E-01 -1.42317E-01 
-3.51456E-01 -1.46253E-01 
-3.60750E-01 -1.49944E-01 
-3.70900E-01 -1.53321E-01 
-3.81892E-01 -1.56313E-01 
-3.90960E-01 -1.58318E-01 
-3.93702E-01 -1.58848E-01 
-4.07314E-01 -1.60989E-01 
-4.21780E-01 -1.62428E-01 
-4.37025E-01 -1.63081E-01 
-4.52959E-01 -1.62870E-01 
-4.64575E-01 -1.61495E-01 
-4.81881E-01 -1.59260E-01 
-4.99646E-01 -1.55888E-01 
-5.17681E-01 -1.51323E-01 
-5.35774E-01 -1.45506E-01 
-5.53710E-01 -1.38334E-01 
-5.71290E-01 -1.29507E-01 
-5.88405E-01 -1.17940E-01 
-6.05133E-01 -9.98918E-02 
-6.21549E-01 -6.55667E-02 
-6.36220E-01 -3.66154E-03 
-6.45054E-01 7.45231E-02 
-6.45401E-01 1.39078E-01 
-2.85031E-01 -1.22454E-01 
-2.91218E-01 -1.25477E-01 
-2.92480E-01 -1.17204E-01 
-2.99730E-01 -1.20455E-01 
-3.07700E-01 -1.23415E-01 
-3.16375E-01 -1.26026E-01 
-3.25733E-01 -1.28231E-01 
-3.33423E-01 -1.29620E-01 
-3.35743E-01 -1.29970E-01 
-3.47221E-01 -1.31260E-01 
-3.59346E-01 -1.31876E-01 
-3.72042E-01 -1.31756E-01 
-3.85214E-01 -1.30846E-01 
-3.94485E-01 -1.29337E-01 
-4.08574E-01 -1.26588E-01 
-4.22878E-01 -1.22867E-01 
-4.37221E-01 -1.18148E-01 
-4.51409E-01 -1.12404E-01 
-4.65240E-01 -1.05569E-01 
-4.78507E-01 -9.73998E-02 
-4.90995E-01 -8.69560E-02 
-5.02357E-01 -7.09583E-02 
-5.11546E-01 -4.08591E-02 
-5.15968E-01 1.29876E-02 
-5.13239E-01 8.02296E-02 
-5.04524E-01 1.34628E-01 
-2.44618E-01 -1.00368E-01 
-2.50021E-01 -1.02808E-01 
-2.49450E-01 -9.63039E-02 
-2.55737E-01 -9.89209E-02 
-2.62620E-01 -1.01217E-01 
-2.70076E-01 -1.03145E-01 
-2.78079E-01 -1.04657E-01 
-2.84624E-01 -1.05513E-01 
-2.86593E-01 -1.05708E-01 
-2.96294E-01 -1.06277E-01 
-3.06471E-01 -1.06212E-01 
-3.17044E-01 -1.05472E-01 
-3.27921E-01 -1.04024E-01 
-3.35316E-01 -1.02432E-01 
-3.46736E-01 -9.93470E-02 
-3.58185E-01 -9.54504E-02 
-3.69501E-01 -9.07395E-02 
-3.80510E-01 -8.52116E-02 
-3.91028E-01 -7.88296E-02 
-4.00848E-01 -7.13971E-02 
-4.09686E-01 -6.21050E-02 
-4.16889E-01 -4.81015E-02 
-4.20604E-01 -2.19957E-02 
-4.17452E-01 2.43567E-02 
-4.06414E-01 8.15735E-02 
-3.91469E-01 1.26867E-01 
-2.10161E-01 -8.18198E-02 
-2.14916E-01 -8.37243E-02 
-2.12949E-01 -7.89296E-02 
-2.18450E-01 -8.09575E-02 
-2.24438E-01 -8.26477E-02 
-2.30887E-01 -8.39625E-02 
-2.37764E-01 -8.48657E-02 
-2.43355E-01 -8.52610E-02 
-2.45031E-01 -8.53242E-02 
-2.53251E-01 -8.52864E-02 
-2.61802E-01 -8.46662E-02 
-2.70605E-01 -8.34395E-02 
-2.79570E-01 -8.15913E-02 
-2.85465E-01 -7.99548E-02 
-2.94670E-01 -7.66850E-02 
-3.03762E-01 -7.27552E-02 
-3.12598E-01 -6.81811E-02 
-3.21025E-01 -6.29777E-02 
-3.28878E-01 -5.71289E-02 
-3.35958E-01 -5.04772E-02 
-3.41938E-01 -4.23299E-02 
-3.45953E-01 -3.02277E-02 
-3.45593E-01 -7.84010E-03 
-3.36990E-01 3.16302E-02 
-3.20197E-01 7.97687E-02 
-3.01207E-01 1.16991E-01 
-1.80799E-01 -6.62509E-02 
-1.85013E-01 -6.76658E-02 
-1.82037E-01 -6.44622E-02 
-1.86896E-01 -6.59429E-02 
-1.92144E-01 -6.70814E-02 
-1.97754E-01 -6.78493E-02 
-2.03690E-01 -6.82211E-02 
-2.08482E-01 -6.82228E-02 
-2.09913E-01 -6.81747E-02 
-2.16888E-01 -6.76356E-02 
-2.24074E-01 -6.65735E-02 
-2.31393E-01 -6.49800E-02 
-2.38761E-01 -6.28550E-02 
-2.43455E-01 -6.12061E-02 
-2.50817E-01 -5.78793E-02 
-2.57964E-01 -5.40338E-02 
-2.64771E-01 -4.96980E-02 
-2.71104E-01 -4.48990E-02 
-2.76821E-01 -3.96349E-02 
-2.81737E-01 -3.37797E-02 
-2.85499E-01 -2.67439E-02 
-2.87102E-01 -1.64253E-02 
-2.83777E-01 2.54279E-03 
-2.71387E-01 3.57605E-02 
-2.50818E-01 7.57616E-02 
-2.29444E-01 1.05903E-01 
-1.55835E-01 -5.32090E-02 
-1.59592E-01 -5.41797E-02 
-1.55950E-01 -5.24023E-02 
-1.60276E-01 -5.33783E-02 
-1.64907E-01 -5.40189E-02 
-1.69811E-01 -5.43047E-02 
-1.74954E-01 -5.42196E-02 
-1.79070E-01 -5.38914E-02 
-1.80293E-01 -5.37515E-02 
-1.86216E-01 -5.28091E-02 
-1.92248E-01 -5.14097E-02 
-1.98316E-01 -4.95575E-02 
-2.04342E-01 -4.72645E-02 
-2.08072E-01 -4.56310E-02 
-2.13899E-01 -4.23540E-02 
-2.19439E-01 -3.86870E-02 
-2.24586E-01 -3.46662E-02 
-2.29229E-01 -3.03256E-02 
-2.33243E-01 -2.56724E-02 
-2.36461E-01 -2.06056E-02 
-2.38520E-01 -1.46264E-02 
-2.38331E-01 -5.95539E-03 
-2.32912E-01 9.90587E-03 
-2.18027E-01 3.75035E-02 
-1.95196E-01 7.02856E-02 
-1.72682E-01 9.42820E-02 
-1.34651E-01 -4.23041E-02 
-1.38019E-01 -4.28772E-02 
-1.34005E-01 -4.23275E-02 
-1.37882E-01 -4.28452E-02 
-1.41988E-01 -4.30441E-02 
-1.46291E-01 -4.29132E-02 
-1.50755E-01 -4.24449E-02 
-1.54293E-01 -4.18488E-02 
-1.55338E-01 -4.16359E-02 
-1.60362E-01 -4.03833E-02 
-1.65410E-01 -3.87434E-02 
-1.70416E-01 -3.67305E-02 
-1.75308E-01 -3.43654E-02 
-1.78262E-01 -3.27725E-02 
-1.82808E-01 -2.96325E-02 
-1.87022E-01 -2.62168E-02 
-1.90816E-01 -2.25653E-02 
-1.94098E-01 -1.87145E-02 
-1.96764E-01 -1.46768E-02 
-1.98663E-01 -1.03703E-02 
-1.99432E-01 -5.37631E-03 
-1.97942E-01 1.79533E-03 
-1.91110E-01 1.48671E-02 
-1.74720E-01 3.74659E-02 
-1.50768E-01 6.39096E-02 
-1.28023E-01 8.26334E-02 
-1.16674E-01 -3.32063E-02 
-1.19701E-01 -3.34304E-02 
-1.15565E-01 -3.38902E-02 
-1.19055E-01 -3.40007E-02 
-1.22707E-01 -3.38176E-02 
-1.26488E-01 -3.33371E-02 
-1.30363E-01 -3.25590E-02 
-1.33400E-01 -3.17551E-02 
-1.34292E-01 -3.14873E-02 
-1.38539E-01 -3.00122E-02 
-1.42743E-01 -2.82209E-02 
-1.46842E-01 -2.61346E-02 
-1.50775E-01 -2.37803E-02 
-1.53098E-01 -2.22508E-02 
-1.56577E-01 -1.93160E-02 
-1.59700E-01 -1.62039E-02 
-1.62396E-01 -1.29549E-02 
-1.64591E-01 -9.60515E-03 
-1.66201E-01 -6.16846E-03 
-1.67089E-01 -2.57819E-03 
-1.66902E-01 1.51453E-03 
-1.64497E-01 7.34176E-03 
-1.56776E-01 1.79382E-02 
-1.39631E-01 3.61368E-02 
-1.15403E-01 5.70732E-02 
-9.30746E-02 7.13256E-02 
-1.01436E-01 -2.56433E-02 
-1.04161E-01 -2.55685E-02 
-1.00104E-01 -2.68125E-02 
-1.03251E-01 -2.65715E-02 
-1.06500E-01 -2.60686E-02 
-1.09820E-01 -2.53061E-02 
-1.13176E-01 -2.42901E-02 
-1.15775E-01 -2.33360E-02 
-1.16532E-01 -2.30302E-02 
-1.20103E-01 -2.14138E-02 
-1.23576E-01 -1.95506E-02 
-1.26898E-01 -1.74665E-02 
-1.30016E-01 -1.51914E-02 
-1.31825E-01 -1.37454E-02 
-1.34417E-01 -1.10647E-02 
-1.36647E-01 -8.28903E-03 
-1.38458E-01 -5.45667E-03 
-1.39794E-01 -2.60078E-03 
-1.40586E-01 2.65330E-04 
-1.40713E-01 3.19662E-03 
-1.39834E-01 6.48069E-03 
-1.36818E-01 1.11211E-02 
-1.28608E-01 1.95482E-02 
-1.11265E-01 3.39162E-02 
-8.73698E-02 5.01202E-02 
-6.59030E-02 6.06286E-02 
-8.84934E-02 -1.93796E-02 
-9.09430E-02 -1.90558E-02 
-8.71242E-02 -2.08641E-02 
-8.99583E-02 -2.03297E-02 
-9.28436E-02 -1.95696E-02 
-9.57493E-02 -1.85913E-02 
-9.86430E-02 -1.74055E-02 
-1.00852E-01 -1.63541E-02 
-1.01491E-01 -1.60258E-02 
-1.04469E-01 -1.43405E-02 
-1.07307E-01 -1.24739E-02 
-1.09961E-01 -1.04543E-02 
-1.12386E-01 -8.31223E-03 
-1.13773E-01 -6.96591E-03 
-1.15632E-01 -4.57031E-03 
-1.17135E-01 -2.14622E-03 
-1.18240E-01 2.72122E-04 
-1.18904E-01 2.65591E-03 
-1.19074E-01 4.99396E-03 
-1.18643E-01 7.33192E-03 
-1.17282E-01 9.90371E-03 
-1.13888E-01 1.35117E-02 
-1.05491E-01 2.00589E-02 
-8.83558E-02 3.11255E-02 
-6.52195E-02 4.33046E-02 
-4.49030E-02 5.07161E-02 
-7.75356E-02 -1.42465E-02 
-7.97341E-02 -1.37229E-02 
-7.62677E-02 -1.58891E-02 
-7.88133E-02 -1.51211E-02 
-8.13658E-02 -1.41662E-02 
-8.38965E-02 -1.30356E-02 
-8.63760E-02 -1.17429E-02 
-8.82399E-02 -1.06420E-02 
-8.87737E-02 -1.03048E-02 
-9.12320E-02 -8.61247E-03 
-9.35212E-02 -6.79862E-03 
-9.56043E-02 -4.89133E-03 
-9.74458E-02 -2.92031E-03 
-9.84872E-02 -1.68472E-03 
-9.97470E-02 4.12676E-04 
-1.00668E-01 2.48749E-03 
-1.01219E-01 4.51050E-03 
-1.01370E-01 6.45803E-03 
-1.01080E-01 8.32177E-03 
-1.00254E-01 1.01398E-02 
-9.85788E-02 1.20992E-02 
-9.49873E-02 1.48275E-02 
-8.66236E-02 1.97739E-02 
-6.99810E-02 2.80407E-02 
-4.78839E-02 3.68524E-02 
-2.88812E-02 4.17498E-02 
-6.81990E-02 -1.00480E-02 
-7.01654E-02 -9.36964E-03 
-6.71295E-02 -1.17121E-02 
-6.94038E-02 -1.07673E-02 
-7.16480E-02 -9.67480E-03 
-7.38360E-02 -8.44839E-03 
-7.59416E-02 -7.10375E-03 
-7.74974E-02 -5.99331E-03 
-7.79382E-02 -5.65849E-03 
-7.99393E-02 -4.00947E-03 
-8.17523E-02 -2.29137E-03 
-8.33476E-02 -5.30840E-04 
-8.46982E-02 1.24490E-03 
-8.54555E-02 2.36301E-03 
-8.62294E-02 4.16215E-03 
-8.66878E-02 5.90125E-03 
-8.68103E-02 7.55659E-03 
-8.65768E-02 9.10982E-03 
-8.59555E-02 1.05557E-02 
-8.48616E-02 1.19259E-02 
-8.29992E-02 1.33667E-02 
-7.93436E-02 1.53538E-02 
-7.11720E-02 1.89486E-02 
-5.52153E-02 2.48587E-02 
-3.43331E-02 3.08755E-02 
-1.67244E-02 3.37534E-02 
-6.02390E-02 -6.63711E-03 
-6.19908E-02 -5.84438E-03 
-5.94299E-02 -8.20920E-03 
-6.14482E-02 -7.14023E-03 
-6.34060E-02 -5.96193E-03 
-6.52806E-02 -4.68933E-03 
-6.70491E-02 -3.33884E-03 
-6.83307E-02 -2.25161E-03 
-6.86895E-02 -1.92812E-03 
-7.02902E-02 -3.60905E-04 
-7.16926E-02 1.23081E-03 
-7.28743E-02 2.82294E-03 
-7.38158E-02 4.39174E-03 
-7.43400E-02 5.38996E-03 
-7.47254E-02 6.90213E-03 
-7.48231E-02 8.32866E-03 
-7.46212E-02 9.65130E-03 
-7.41074E-02 1.08568E-02 
-7.32578E-02 1.19429E-02 
-7.19964E-02 1.29355E-02 
-7.00427E-02 1.39456E-02 
-6.64202E-02 1.53184E-02 
-5.85494E-02 1.77877E-02 
-4.34005E-02 2.17405E-02 
-2.38263E-02 2.54698E-02 
-7.62599E-03 2.67533E-02 
-5.34463E-02 -3.87095E-03 
-5.49995E-02 -2.99926E-03 
-5.29297E-02 -5.26335E-03 
-5.47056E-02 -4.11772E-03 
-5.63974E-02 -2.89874E-03 
-5.79854E-02 -1.62176E-03 
-5.94506E-02 -3.02917E-04 
-6.04886E-02 7.35614E-04 
-6.07751E-02 1.04097E-03 
-6.20267E-02 2.49842E-03 
-6.30769E-02 3.94377E-03 
-6.39101E-02 5.35626E-03 
-6.45133E-02 6.71610E-03 
-6.48464E-02 7.59510E-03 
-6.49251E-02 8.83892E-03 
-6.47464E-02 9.98135E-03 
-6.43047E-02 1.10093E-02 
-6.35939E-02 1.19140E-02 
-6.25962E-02 1.26958E-02 
-6.12426E-02 1.33755E-02 
-5.92682E-02 1.40334E-02 
-5.57461E-02 1.49040E-02 
-4.82461E-02 1.64471E-02 
-3.39730E-02 1.87930E-02 
-1.57399E-02 2.06742E-02 
-9.17359E-04 2.07199E-02 
-4.76547E-02 -1.62258E-03 
-4.90234E-02 -7.01933E-04 
-4.74369E-02 -2.77319E-03 
-4.89831E-02 -1.59188E-03 
-5.04273E-02 -3.70034E-04 
-5.17531E-02 8.77496E-04 
-5.29455E-02 2.13560E-03 
-5.37676E-02 3.10663E-03 
-5.39905E-02 3.38901E-03 
-5.49382E-02 4.71795E-03 
-5.56875E-02 6.00578E-03 
-5.62284E-02 7.23545E-03 
-5.65538E-02 8.39133E-03 
-5.67295E-02 9.15375E-03 
-5.65695E-02 1.01520E-02 
-5.61826E-02 1.10409E-02 
-5.55685E-02 1.18119E-02 
-5.47256E-02 1.24605E-02 
-5.36405E-02 1.29885E-02 
-5.22500E-02 1.34124E-02 
-5.03041E-02 1.37860E-02 
-4.69267E-02 1.42508E-02 
-3.98377E-02 1.50400E-02 
-2.64683E-02 1.60821E-02 
-9.56658E-03 1.64894E-02 
3.93879E-03 1.55919E-02 
-4.27212E-02 2.32014E-04 
-4.39184E-02 1.17455E-03 
-4.27895E-02 -6.42522E-04 
-4.41183E-02 5.38162E-04 
-4.53324E-02 1.73038E-03 
-4.64190E-02 2.92042E-03 
-4.73663E-02 4.09476E-03 
-4.79974E-02 4.98421E-03 
-4.81644E-02 5.24014E-03 
-4.88483E-02 6.42820E-03 
-4.93413E-02 7.55320E-03 
-4.96382E-02 8.60190E-03 
-4.97368E-02 9.56277E-03 
-4.97821E-02 1.02118E-02 
-4.94385E-02 1.09884E-02 
-4.88980E-02 1.16538E-02 
-4.81641E-02 1.22035E-02 
-4.72382E-02 1.26359E-02 
-4.61102E-02 1.29545E-02 
-4.47219E-02 1.31714E-02 
-4.28371E-02 1.33179E-02 
-3.96308E-02 1.34577E-02 
-3.29708E-02 1.36396E-02 
-2.05035E-02 1.36362E-02 
-4.89359E-03 1.28846E-02 
7.37363E-03 1.12836E-02 
-3.85333E-02 1.79969E-03 
-3.95693E-02 2.73906E-03 
-3.88576E-02 1.20927E-03 
-3.99802E-02 2.35717E-03 
-4.09801E-02 3.49177E-03 
-4.18476E-02 4.60095E-03 
-4.25745E-02 5.67318E-03 
-4.30362E-02 6.47047E-03 
-4.31542E-02 6.69749E-03 
-4.36088E-02 7.73674E-03 
-4.38834E-02 8.69741E-03 
-4.39767E-02 9.56996E-03 
-4.38904E-02 1.03467E-02 
-4.38266E-02 1.08855E-02 
-4.33435E-02 1.14639E-02 
-4.26921E-02 1.19337E-02 
-4.18783E-02 1.22938E-02 
-4.09059E-02 1.25451E-02 
-3.97668E-02 1.26920E-02 
-3.84067E-02 1.27426E-02 
-3.66032E-02 1.27089E-02 
-3.35810E-02 1.25910E-02 
-2.73519E-02 1.22888E-02 
-1.57646E-02 1.14571E-02 
-1.38710E-03 9.80868E-03 
9.73095E-03 7.69732E-03 
-3.49930E-02 3.15707E-03 
-3.58749E-02 4.07021E-03 
-3.55296E-02 2.83729E-03 
-3.64550E-02 3.92476E-03 
-3.72539E-02 4.97844E-03 
-3.79196E-02 5.98812E-03 
-3.84468E-02 6.94442E-03 
-3.87575E-02 7.64228E-03 
-3.88321E-02 7.83880E-03 
-3.90866E-02 8.72521E-03 
-3.91741E-02 9.52311E-03 
-3.90970E-02 1.02264E-02 
-3.88599E-02 1.08309E-02 
-3.87035E-02 1.12627E-02 
-3.81154E-02 1.16648E-02 
-3.73858E-02 1.19645E-02 
-3.65222E-02 1.21630E-02 
-3.55297E-02 1.22633E-02 
-3.44014E-02 1.22700E-02 
-3.30865E-02 1.21876E-02 
-3.13755E-02 1.20122E-02 
-2.85413E-02 1.16916E-02 
-2.27342E-02 1.10075E-02 
-1.19918E-02 9.52904E-03 
1.22360E-03 7.19969E-03 
1.12841E-02 4.73201E-03 
-3.20102E-02 4.35819E-03 
-3.27437E-02 5.22307E-03 
-3.27075E-02 4.27580E-03 
-3.34455E-02 5.27885E-03 
-3.40568E-02 6.23207E-03 
-3.45372E-02 7.12735E-03 
-3.48844E-02 7.95753E-03 
-3.50610E-02 8.55125E-03 
-3.50974E-02 8.71643E-03 
-3.51778E-02 9.44910E-03 
-3.51060E-02 1.00884E-02 
-3.48872E-02 1.06312E-02 
-3.45281E-02 1.10762E-02 
-3.42927E-02 1.14049E-02 
-3.36277E-02 1.16518E-02 
-3.28455E-02 1.18047E-02 
-3.19548E-02 1.18668E-02 
-3.09612E-02 1.18423E-02 
-2.98586E-02 1.17358E-02 
-2.85992E-02 1.15485E-02 
-2.69853E-02 1.12631E-02 
-2.43363E-02 1.07857E-02 
-1.89338E-02 9.80617E-03 
-8.98949E-03 7.83359E-03 
3.14428E-03 5.00251E-03 
1.22417E-02 2.30186E-03 
-2.94696E-02 5.43696E-03 
-3.00559E-02 6.23349E-03 
-3.02716E-02 5.55069E-03 
-3.08279E-02 6.44948E-03 
-3.12603E-02 7.28652E-03 
-3.15673E-02 8.05577E-03 
-3.17488E-02 8.75229E-03 
-3.18039E-02 9.23881E-03 
-3.18062E-02 9.37219E-03 
-3.17322E-02 9.95162E-03 
-3.15225E-02 1.04369E-02 
-3.11839E-02 1.08276E-02 
-3.07249E-02 1.11249E-02 
-3.04212E-02 1.13540E-02 
-2.97006E-02 1.14638E-02 
-2.88854E-02 1.14898E-02 
-2.79847E-02 1.14364E-02 
-2.70040E-02 1.13087E-02 
-2.59379E-02 1.11109E-02 
-2.47407E-02 1.08411E-02 
-2.32265E-02 1.04709E-02 
-2.07591E-02 9.87311E-03 
-1.57451E-02 8.66685E-03 
-6.55882E-03 6.32164E-03 
4.56094E-03 3.13041E-03 
1.27732E-02 2.92520E-04 
-2.72864E-02 6.39028E-03 
-2.77292E-02 7.10079E-03 
-2.81409E-02 6.64978E-03 
-2.85251E-02 7.42897E-03 
-2.87912E-02 8.13874E-03 
-2.89397E-02 8.77505E-03 
-2.89724E-02 9.33504E-03 
-2.89201E-02 9.71471E-03 
-2.88924E-02 9.81680E-03 
-2.86851E-02 1.02478E-02 
-2.83589E-02 1.05874E-02 
-2.79222E-02 1.08376E-02 
-2.73844E-02 1.10013E-02 
-2.70236E-02 1.11370E-02 
-2.62662E-02 1.11286E-02 
-2.54348E-02 1.10475E-02 
-2.45381E-02 1.08989E-02 
-2.35815E-02 1.06883E-02 
-2.25594E-02 1.04194E-02 
-2.14286E-02 1.00874E-02 
-2.00138E-02 9.65478E-03 
-1.77213E-02 8.96847E-03 
-1.30755E-02 7.59537E-03 
-4.59994E-03 4.98244E-03 
5.58003E-03 1.55106E-03 
1.29867E-02 -1.34607E-03 
-2.53716E-02 7.21959E-03 
-2.56747E-02 7.82930E-03 
-2.62305E-02 7.57363E-03 
-2.64526E-02 8.22221E-03 
-2.65646E-02 8.79745E-03 
-2.65687E-02 9.29724E-03 
-2.64683E-02 9.72052E-03 
-2.63218E-02 9.99548E-03 
-2.62680E-02 1.00673E-02 
-2.59465E-02 1.03564E-02 
-2.55234E-02 1.05601E-02 
-2.50079E-02 1.06819E-02 
-2.44098E-02 1.07262E-02 
-2.40027E-02 1.07758E-02 
-2.32250E-02 1.06672E-02 
-2.23915E-02 1.04975E-02 
-2.15106E-02 1.02723E-02 
-2.05871E-02 9.99720E-03 
-1.96154E-02 9.67496E-03 
-1.85539E-02 9.29840E-03 
-1.72380E-02 8.82268E-03 
-1.51141E-02 8.07500E-03 
-1.08176E-02 6.58527E-03 
-3.01018E-03 3.79163E-03 
6.29602E-03 2.18299E-04 
1.29663E-02 -2.67591E-03 
-2.36426E-02 7.90162E-03 
-2.38117E-02 8.40067E-03 
-2.44660E-02 8.30384E-03 
-2.45380E-02 8.81653E-03 
-2.45099E-02 9.25546E-03 
-2.43854E-02 9.62018E-03 
-2.41688E-02 9.91115E-03 
-2.39415E-02 1.00866E-02 
-2.38657E-02 1.01298E-02 
-2.34492E-02 1.02874E-02 
-2.29484E-02 1.03676E-02 
-2.23727E-02 1.03753E-02 
-2.17318E-02 1.03160E-02 
-2.12898E-02 1.02890E-02 
-2.05065E-02 1.00982E-02 
-1.96836E-02 9.85790E-03 
-1.88289E-02 9.57393E-03 
-1.79465E-02 9.25143E-03 
-1.70304E-02 8.89230E-03 
-1.60408E-02 8.48713E-03 
-1.48230E-02 7.98532E-03 
-1.28616E-02 7.19984E-03 
-8.89711E-03 5.63648E-03 
-1.71846E-03 2.73567E-03 
6.77402E-03 -8.97968E-04 
1.27697E-02 -3.73928E-03 
-2.20435E-02 8.40832E-03 
-2.20868E-02 8.79228E-03 
-2.28019E-02 8.82086E-03 
-2.27373E-02 9.19844E-03 
-2.25838E-02 9.50482E-03 
-2.23461E-02 9.74095E-03 
-2.20296E-02 9.90865E-03 
-2.17346E-02 9.99308E-03 
-2.16405E-02 1.00105E-02 
-2.11474E-02 1.00505E-02 
-2.05868E-02 1.00228E-02 
-1.99680E-02 9.93297E-03 
-1.93006E-02 9.78722E-03 
-1.88351E-02 9.69524E-03 
-1.80593E-02 9.44023E-03 
-1.72583E-02 9.14700E-03 
-1.64390E-02 8.82119E-03 
-1.56046E-02 8.46737E-03 
-1.47485E-02 8.08648E-03 
-1.38328E-02 7.66713E-03 
-1.27122E-02 7.15439E-03 
-1.09079E-02 6.35171E-03 
-7.25951E-03 4.75177E-03 
-6.73944E-04 1.80632E-03 
7.05902E-03 -1.81950E-03 
1.24351E-02 -4.56788E-03 
-2.04995E-02 8.72949E-03 
-2.04286E-02 8.99870E-03 
-2.11740E-02 9.12284E-03 
-2.09899E-02 9.37040E-03 
-2.07296E-02 9.55194E-03 
-2.03984E-02 9.66956E-03 
-2.00023E-02 9.72604E-03 
-1.96551E-02 9.72989E-03 
-1.95474E-02 9.72472E-03 
-1.89987E-02 9.66307E-03 
-1.83982E-02 9.54439E-03 
-1.77549E-02 9.37470E-03 
-1.70779E-02 9.16030E-03 
-1.66013E-02 9.01606E-03 
-1.58459E-02 8.71450E-03 
-1.50776E-02 8.38525E-03 
-1.43021E-02 8.03353E-03 
-1.35217E-02 7.66324E-03 
-1.27296E-02 7.27428E-03 
-1.18893E-02 6.85362E-03 
-1.08648E-02 6.34327E-03 
-9.21249E-03 5.54125E-03 
-5.86563E-03 3.93669E-03 
1.59255E-04 9.99843E-04 
7.18168E-03 -2.56136E-03 
1.19876E-02 -5.18514E-03 
-1.89918E-02 8.84911E-03 
-1.88248E-02 9.01246E-03 
-1.95812E-02 9.20927E-03 
-1.93003E-02 9.34022E-03 
-1.89551E-02 9.41143E-03 
-1.85514E-02 9.42585E-03 
-1.80953E-02 9.38705E-03 
-1.77105E-02 9.32303E-03 
-1.75932E-02 9.29903E-03 
-1.70079E-02 9.15407E-03 
-1.63854E-02 8.96294E-03 
-1.57340E-02 8.73178E-03 
-1.50618E-02 8.46677E-03 
-1.45856E-02 8.28378E-03 
-1.38612E-02 7.95248E-03 
-1.31339E-02 7.60297E-03 
-1.24086E-02 7.23989E-03 
-1.16865E-02 6.86632E-03 
-1.09605E-02 6.48121E-03 
-1.01955E-02 6.07016E-03 
-9.26477E-03 5.57334E-03 
-7.75770E-03 4.78701E-03 
-4.69612E-03 3.20475E-03 
8.02800E-04 3.20920E-04 
7.16564E-03 -3.13000E-03 
1.14512E-02 -5.60638E-03 
-1.74904E-02 8.77660E-03 
-1.72433E-02 8.84288E-03 
-1.79947E-02 9.09369E-03 
-1.76341E-02 9.12026E-03 
-1.72216E-02 9.09511E-03 
-1.67628E-02 9.02163E-03 
-1.62640E-02 8.90375E-03 
-1.58547E-02 8.78484E-03 
-1.57316E-02 8.74585E-03 
-1.51271E-02 8.53596E-03 
-1.44987E-02 8.29065E-03 
-1.38537E-02 8.01578E-03 
-1.31994E-02 7.71717E-03 
-1.27341E-02 7.50853E-03 
-1.20501E-02 7.16269E-03 
-1.13716E-02 6.80694E-03 
-1.07022E-02 6.44521E-03 
-1.00424E-02 6.07978E-03 
-9.38459E-03 5.70865E-03 
-8.69552E-03 5.31643E-03 
-7.85707E-03 4.84247E-03 
-6.49117E-03 4.08450E-03 
-3.70463E-03 2.54754E-03 
1.29095E-03 -2.45224E-04 
7.02918E-03 -3.54687E-03 
1.08306E-02 -5.85676E-03 
-1.59942E-02 8.52560E-03 
-1.56854E-02 8.51061E-03 
-1.64207E-02 8.80214E-03 
-1.60014E-02 8.74184E-03 
-1.55418E-02 8.63800E-03 
-1.50480E-02 8.49449E-03 
-1.45261E-02 8.31555E-03 
-1.41068E-02 8.15559E-03 
-1.39820E-02 8.10560E-03 
-1.33768E-02 7.84946E-03 
-1.27588E-02 7.56778E-03 
-1.21346E-02 7.26609E-03 
-1.15102E-02 6.94968E-03 
-1.10655E-02 6.72766E-03 
-1.04296E-02 6.38065E-03 
-9.80522E-03 6.03066E-03 
-9.19525E-03 5.68086E-03 
-8.59938E-03 5.33272E-03 
-8.00969E-03 4.98342E-03 
-7.39471E-03 4.61690E-03 
-6.64496E-03 4.17270E-03 
-5.41355E-03 3.45279E-03 
-2.88789E-03 1.97949E-03 
1.63308E-03 -6.91972E-04 
6.78853E-03 -3.81521E-03 
1.01468E-02 -5.94762E-03 
-1.45091E-02 8.11783E-03 
-1.41559E-02 8.03648E-03 
-1.48702E-02 8.35938E-03 
-1.44129E-02 8.23096E-03 
-1.39267E-02 8.06744E-03 
-1.34173E-02 7.87291E-03 
-1.28901E-02 7.65140E-03 
-1.24730E-02 7.46396E-03 
-1.23499E-02 7.40681E-03 
-1.17584E-02 7.12198E-03 
-1.11635E-02 6.82042E-03 
-1.05708E-02 6.50717E-03 
-9.98534E-03 6.18686E-03 
-9.56855E-03 5.96228E-03 
-8.98556E-03 5.62518E-03 
-8.41873E-03 5.29062E-03 
-7.86987E-03 4.96102E-03 
-7.33800E-03 4.63709E-03 
-6.81508E-03 4.31532E-03 
-6.27145E-03 3.97928E-03 
-5.60615E-03 3.56962E-03 
-4.50236E-03 2.89496E-03 
-2.22424E-03 1.49978E-03 
1.84840E-03 -1.02642E-03 
6.45902E-03 -3.94919E-03 
9.41114E-03 -5.89792E-03 
-1.30568E-02 7.59149E-03 
-1.26817E-02 7.46257E-03 
-1.33741E-02 7.80993E-03 
-1.28987E-02 7.63081E-03 
-1.24040E-02 7.42474E-03 
-1.18944E-02 7.19557E-03 
-1.13747E-02 6.94686E-03 
-1.09686E-02 6.74341E-03 
-1.08496E-02 6.68240E-03 
-1.02824E-02 6.38409E-03 
-9.71957E-03 6.07677E-03 
-9.16568E-03 5.76479E-03 
-8.62482E-03 5.45204E-03 
-8.24070E-03 5.23381E-03 
-7.71307E-03 4.91524E-03 
-7.20466E-03 4.60335E-03 
-6.71645E-03 4.29982E-03 
-6.24685E-03 4.00470E-03 
-5.78780E-03 3.71393E-03 
-5.31151E-03 3.41107E-03 
-4.72537E-03 3.03861E-03 
-3.74151E-03 2.41389E-03 
-1.69696E-03 1.10736E-03 
1.95386E-03 -1.25590E-03 
6.05707E-03 -3.96328E-03 
8.63876E-03 -5.72702E-03 
-1.16590E-02 6.98340E-03 
-1.12728E-02 6.82068E-03 
-1.19377E-02 7.18648E-03 
-1.14563E-02 6.97330E-03 
-1.09654E-02 6.74078E-03 
-1.04682E-02 6.49194E-03 
-9.96892E-03 6.23051E-03 
-9.58340E-03 6.02181E-03 
-9.47106E-03 5.95997E-03 
-8.93983E-03 5.66181E-03 
-8.41846E-03 5.36077E-03 
-7.91063E-03 5.06043E-03 
-7.41939E-03 4.76390E-03 
-7.07171E-03 4.55842E-03 
-6.60054E-03 4.26417E-03 
-6.15018E-03 3.97950E-03 
-5.72090E-03 3.70545E-03 
-5.31067E-03 3.44148E-03 
-4.91158E-03 3.18317E-03 
-4.49781E-03 2.91431E-03 
-3.98493E-03 2.57993E-03 
-3.11297E-03 2.00771E-03 
-1.28811E-03 7.97081E-04 
1.96652E-03 -1.39083E-03 
5.59788E-03 -3.87370E-03 
7.84259E-03 -5.45475E-03 
-1.03292E-02 6.33083E-03 
-9.94939E-03 6.14932E-03 
-1.05914E-02 6.52939E-03 
-1.01220E-02 6.29711E-03 
-9.64740E-03 6.05090E-03 
-9.17201E-03 5.79461E-03 
-8.69959E-03 5.53131E-03 
-8.33830E-03 5.32472E-03 
-8.23361E-03 5.26408E-03 
-7.74208E-03 4.97509E-03 
-7.26539E-03 4.68870E-03 
-6.80601E-03 4.40758E-03 
-6.36585E-03 4.13392E-03 
-6.05606E-03 3.94637E-03 
-5.64039E-03 3.68063E-03 
-5.24591E-03 3.42608E-03 
-4.87235E-03 3.18325E-03 
-4.51735E-03 2.95115E-03 
-4.17328E-03 2.72516E-03 
-3.81638E-03 2.48960E-03 
-3.37022E-03 2.19261E-03 
-2.60150E-03 1.67352E-03 
-9.81677E-04 5.62765E-04 
1.90317E-03 -1.44275E-03 
5.09846E-03 -3.69785E-03 
7.03873E-03 -5.10215E-03 
-9.09660E-03 5.66360E-03 
-8.73276E-03 5.47711E-03 
-9.34805E-03 5.86884E-03 
-8.89872E-03 5.63138E-03 
-8.45046E-03 5.38534E-03 
-8.00606E-03 5.13352E-03 
-7.56840E-03 4.87892E-03 
-7.23641E-03 4.68169E-03 
-7.14062E-03 4.62416E-03 
-6.69334E-03 4.35211E-03 
-6.26309E-03 4.08563E-03 
-5.85189E-03 3.82702E-03 
-5.46121E-03 3.57821E-03 
-5.18774E-03 3.40962E-03 
-4.82400E-03 3.17278E-03 
-4.48110E-03 2.94811E-03 
-4.15835E-03 2.73564E-03 
-3.85318E-03 2.53399E-03 
-3.55828E-03 2.33845E-03 
-3.25195E-03 2.13405E-03 
-2.86552E-03 1.87245E-03 
-2.19106E-03 1.40546E-03 
-7.61295E-04 3.95780E-04 
1.78045E-03 -1.42489E-03 
4.57497E-03 -3.45389E-03 
6.24195E-03 -4.69007E-03 
-7.97236E-03 5.02165E-03 
-7.63353E-03 4.83920E-03 
-8.22287E-03 5.23711E-03 
-7.79986E-03 5.00090E-03 
-7.38107E-03 4.76042E-03 
-6.96991E-03 4.51868E-03 
-6.56901E-03 4.27762E-03 
-6.26760E-03 4.09327E-03 
-6.18107E-03 4.03989E-03 
-5.77937E-03 3.78959E-03 
-5.39641E-03 3.54744E-03 
-5.03322E-03 3.31504E-03 
-4.69044E-03 3.09359E-03 
-4.45172E-03 2.94544E-03 
-4.13613E-03 2.73779E-03 
-3.84032E-03 2.54236E-03 
-3.56326E-03 2.35879E-03 
-3.30230E-03 2.18551E-03 
-3.05059E-03 2.01783E-03 
-2.78851E-03 1.84175E-03 
-2.45485E-03 1.61275E-03 
-1.86569E-03 1.19572E-03 
-6.10951E-04 2.86052E-04 
1.61425E-03 -1.35120E-03 
4.04250E-03 -3.15975E-03 
5.46564E-03 -4.23838E-03 
-6.97558E-03 4.42683E-03 
-6.66077E-03 4.25129E-03 
-7.21899E-03 4.64881E-03 
-6.82817E-03 4.42262E-03 
-6.44581E-03 4.19683E-03 
-6.07271E-03 3.97154E-03 
-5.71097E-03 3.74865E-03 
-5.44034E-03 3.57957E-03 
-5.36286E-03 3.53083E-03 
-5.00444E-03 3.30364E-03 
-4.66491E-03 3.08605E-03 
-4.34547E-03 2.87956E-03 
-4.04621E-03 2.68473E-03 
-3.83858E-03 2.55592E-03 
-3.56567E-03 2.37536E-03 
-3.31115E-03 2.20659E-03 
-3.07377E-03 2.04897E-03 
-2.85084E-03 1.90078E-03 
-2.63602E-03 1.75750E-03 
-2.41176E-03 1.60619E-03 
-2.12393E-03 1.40635E-03 
-1.61109E-03 1.03613E-03 
-5.16084E-04 2.23347E-04 
1.41955E-03 -1.23557E-03 
3.51583E-03 -2.83307E-03 
4.72333E-03 -3.76637E-03 
-6.11009E-03 3.89981E-03 
-5.82343E-03 3.73719E-03 
-6.34768E-03 4.12826E-03 
-5.98800E-03 3.91360E-03 
-5.63856E-03 3.70181E-03 
-5.29991E-03 3.49342E-03 
-4.97452E-03 3.28996E-03 
-4.73326E-03 3.13735E-03 
-4.66449E-03 3.09359E-03 
-4.34788E-03 2.89077E-03 
-4.04969E-03 2.69785E-03 
-3.77043E-03 2.51590E-03 
-3.51015E-03 2.34554E-03 
-3.32999E-03 2.23411E-03 
-3.09468E-03 2.07795E-03 
-2.87599E-03 1.93275E-03 
-2.67259E-03 1.79769E-03 
-2.48190E-03 1.67102E-03 
-2.29815E-03 1.54848E-03 
-2.10576E-03 1.41828E-03 
-1.85735E-03 1.24400E-03 
-1.41243E-03 9.17026E-04 
-4.62582E-04 1.96812E-04 
1.20929E-03 -1.09105E-03 
3.00595E-03 -2.48894E-03 
4.02358E-03 -3.28954E-03 
-5.37527E-03 3.44813E-03 
-5.11878E-03 3.30229E-03 
-5.60743E-03 3.68305E-03 
-5.27832E-03 3.48274E-03 
-4.95954E-03 3.28524E-03 
-4.65463E-03 3.09364E-03 
-4.36401E-03 2.90886E-03 
-4.14923E-03 2.77123E-03 
-4.08818E-03 2.73198E-03 
-3.80776E-03 2.55089E-03 
-3.54517E-03 2.38010E-03 
-3.30088E-03 2.22056E-03 
-3.07426E-03 2.07215E-03 
-2.91700E-03 1.97553E-03 
-2.71320E-03 1.84029E-03 
-2.52429E-03 1.71496E-03 
-2.34888E-03 1.59865E-03 
-2.18452E-03 1.48962E-03 
-2.02604E-03 1.38394E-03 
-1.85976E-03 1.27102E-03 
-1.64450E-03 1.11850E-03 
-1.25893E-03 8.30501E-04 
-4.38669E-04 1.96521E-04 
9.97196E-04 -9.31386E-04 
2.52818E-03 -2.14502E-03 
3.38160E-03 -2.82718E-03 
-4.75352E-03 3.06912E-03 
-4.52292E-03 2.93759E-03 
-4.97191E-03 3.30055E-03 
-4.67340E-03 3.11513E-03 
-4.38628E-03 2.93438E-03 
-4.11211E-03 2.76048E-03 
-3.85171E-03 2.59425E-03 
-3.65988E-03 2.47058E-03 
-3.60551E-03 2.43535E-03 
-3.35741E-03 2.27399E-03 
-3.12680E-03 2.12326E-03 
-2.91282E-03 1.98286E-03 
-2.71479E-03 1.85269E-03 
-2.57646E-03 1.76773E-03 
-2.39917E-03 1.64974E-03 
-2.23503E-03 1.54064E-03 
-2.08267E-03 1.43948E-03 
-1.93984E-03 1.34458E-03 
-1.80194E-03 1.25236E-03 
-1.65712E-03 1.15343E-03 
-1.46998E-03 1.01941E-03 
-1.13685E-03 7.66734E-04 
-4.33462E-04 2.13422E-04 
7.89203E-04 -7.64389E-04 
2.08236E-03 -1.80720E-03 
2.79236E-03 -2.38306E-03 
-4.24169E-03 2.76452E-03 
-4.03191E-03 2.64363E-03 
-4.43981E-03 2.98550E-03 
-4.16898E-03 2.81516E-03 
-3.90920E-03 2.65001E-03 
-3.66294E-03 2.49177E-03 
-3.43041E-03 2.34073E-03 
-3.26007E-03 2.22944E-03 
-3.21184E-03 2.19789E-03 
-2.99172E-03 2.05378E-03 
-2.78699E-03 1.91927E-03 
-2.59739E-03 1.79433E-03 
-2.42241E-03 1.67894E-03 
-2.29880E-03 1.60287E-03 
-2.14302E-03 1.49884E-03 
-1.99877E-03 1.40257E-03 
-1.86472E-03 1.31315E-03 
-1.73887E-03 1.22906E-03 
-1.61724E-03 1.14714E-03 
-1.48964E-03 1.05916E-03 
-1.32596E-03 9.40532E-04 
-1.03846E-03 7.19258E-04 
-4.38730E-04 2.39818E-04 
5.94683E-04 -6.00255E-04 
1.67864E-03 -1.48813E-03 
2.26557E-03 -1.97053E-03 
-3.82995E-03 2.53182E-03 
-3.63694E-03 2.41935E-03 
-3.99662E-03 2.73030E-03 
-3.74975E-03 2.57201E-03 
-3.51544E-03 2.42040E-03 
-3.29310E-03 2.27554E-03 
-3.08399E-03 2.13896E-03 
-2.93069E-03 2.03850E-03 
-2.88734E-03 2.00999E-03 
-2.68990E-03 1.87952E-03 
-2.50693E-03 1.75801E-03 
-2.33803E-03 1.64563E-03 
-2.18235E-03 1.54201E-03 
-2.07028E-03 1.47212E-03 
-1.93159E-03 1.37857E-03 
-1.80300E-03 1.29189E-03 
-1.68335E-03 1.21121E-03 
-1.57082E-03 1.13513E-03 
-1.46196E-03 1.06085E-03 
-1.34815E-03 9.81287E-04 
-1.20403E-03 8.75389E-04 
-9.56107E-04 6.81870E-04 
-4.47730E-04 2.69381E-04 
4.18969E-04 -4.45774E-04 
1.32034E-03 -1.19471E-03 
1.80241E-03 -1.59577E-03 
-3.49480E-03 2.35392E-03 
-3.31917E-03 2.25036E-03 
-3.63066E-03 2.52751E-03 
-3.40116E-03 2.37733E-03 
-3.18708E-03 2.23679E-03 
-2.98609E-03 2.10423E-03 
-2.79680E-03 1.97854E-03 
-2.65877E-03 1.88650E-03 
-2.61977E-03 1.86043E-03 
-2.44182E-03 1.74131E-03 
-2.27668E-03 1.63042E-03 
-2.12381E-03 1.52737E-03 
-1.98274E-03 1.43214E-03 
-1.87896E-03 1.36595E-03 
-1.75371E-03 1.28021E-03 
-1.63741E-03 1.20057E-03 
-1.52895E-03 1.12618E-03 
-1.42674E-03 1.05580E-03 
-1.32788E-03 9.87046E-04 
-1.22511E-03 9.13878E-04 
-1.09734E-03 8.18506E-04 
-8.83676E-04 6.49409E-04 
-4.55289E-04 2.97010E-04 
2.65737E-04 -3.06154E-04 
1.00905E-03 -9.31917E-04 
1.40246E-03 -1.26289E-03 
-3.21724E-03 2.21681E-03 
-3.05959E-03 2.12285E-03 
-3.32719E-03 2.36782E-03 
-3.11310E-03 2.22440E-03 
-2.91442E-03 2.09068E-03 
-2.72924E-03 1.96569E-03 
-2.55637E-03 1.84899E-03 
-2.43048E-03 1.76379E-03 
-2.39484E-03 1.73961E-03 
-2.23200E-03 1.62865E-03 
-2.08087E-03 1.52507E-03 
-1.94105E-03 1.42899E-03 
-1.81194E-03 1.34016E-03 
-1.71445E-03 1.27611E-03 
-1.59987E-03 1.19613E-03 
-1.49322E-03 1.12156E-03 
-1.39353E-03 1.05164E-03 
-1.29944E-03 9.85320E-04 
-1.20850E-03 9.20559E-04 
-1.11473E-03 8.52315E-04 
-1.00076E-03 7.65750E-04 
-8.16738E-04 6.18109E-04 
-4.57943E-04 3.19156E-04 
1.36858E-04 -1.84730E-04 
7.44533E-04 -7.02507E-04 
1.06353E-03 -9.73660E-04 
-2.98823E-03 2.11266E-03 
-2.83804E-03 2.02024E-03 
-3.06519E-03 2.23380E-03 
-2.86943E-03 2.10023E-03 
-2.68533E-03 1.97369E-03 
-2.51344E-03 1.85484E-03 
-2.35178E-03 1.74271E-03 
-2.23472E-03 1.66154E-03 
-2.20179E-03 1.63871E-03 
-2.05074E-03 1.53343E-03 
-1.91080E-03 1.43535E-03 
-1.78139E-03 1.34433E-03 
-1.66174E-03 1.25996E-03 
-1.56889E-03 1.19670E-03 
-1.46269E-03 1.12065E-03 
-1.36366E-03 1.04955E-03 
-1.27094E-03 9.82741E-04 
-1.18337E-03 9.19279E-04 
-1.09891E-03 8.57474E-04 
-1.01267E-03 7.93150E-04 
-9.10534E-04 7.14100E-04 
-7.52193E-04 5.85322E-04 
-4.53573E-04 3.33509E-04 
3.27779E-05 -8.33276E-05 
5.25056E-04 -5.07470E-04 
7.82053E-04 -7.28031E-04 
-2.79242E-03 2.02957E-03 
-2.64412E-03 1.93409E-03 
-2.83149E-03 2.11471E-03 
-2.65173E-03 1.98935E-03 
-2.48211E-03 1.87037E-03 
-2.32161E-03 1.75694E-03 
-2.17043E-03 1.64934E-03 
-2.06041E-03 1.57080E-03 
-2.02944E-03 1.54865E-03 
-1.88878E-03 1.44785E-03 
-1.75814E-03 1.35385E-03 
-1.63675E-03 1.26609E-03 
-1.52435E-03 1.18453E-03 
-1.43505E-03 1.12133E-03 
-1.33591E-03 1.04837E-03 
-1.24335E-03 9.80022E-04 
-1.15655E-03 9.15642E-04 
-1.07455E-03 8.54461E-04 
-9.95703E-04 7.95095E-04 
-9.16066E-04 7.34149E-04 
-8.24306E-04 6.61723E-04 
-6.88265E-04 5.49576E-04 
-4.41356E-04 3.39008E-04 
-4.73454E-05 -2.34367E-06 
3.47669E-04 -3.46202E-04 
5.53393E-04 -5.24354E-04 
-2.62071E-03 1.95904E-03 
-2.47054E-03 1.85758E-03 
-2.61500E-03 2.00156E-03 
-2.44859E-03 1.88247E-03 
-2.29084E-03 1.76913E-03 
-2.14404E-03 1.66314E-03 
-2.00300E-03 1.56010E-03 
-1.89986E-03 1.48446E-03 
-1.87064E-03 1.46297E-03 
-1.73766E-03 1.36495E-03 
-1.61493E-03 1.27412E-03 
-1.50106E-03 1.18942E-03 
-1.39529E-03 1.11041E-03 
-1.30934E-03 1.04727E-03 
-1.21625E-03 9.76770E-04 
-1.12914E-03 9.10513E-04 
-1.04745E-03 8.48091E-04 
-9.70401E-04 7.88873E-04 
-8.96641E-04 7.31729E-04 
-8.23017E-04 6.73917E-04 
-7.40552E-04 6.07520E-04 
-6.23941E-04 5.10089E-04 
-4.21197E-04 3.35333E-04 
-1.05089E-04 5.87216E-05 
2.08721E-04 -2.17066E-04 
3.72339E-04 -3.59964E-04 
-2.46052E-03 1.89039E-03 
-2.30837E-03 1.78282E-03 
-2.41109E-03 1.89013E-03 
-2.25672E-03 1.77697E-03 
-2.10977E-03 1.66852E-03 
-1.97139E-03 1.56583E-03 
-1.84069E-03 1.46811E-03 
-1.74439E-03 1.39560E-03 
-1.71708E-03 1.37498E-03 
-1.59234E-03 1.28045E-03 
-1.47604E-03 1.19174E-03 
-1.36856E-03 1.10944E-03 
-1.26904E-03 1.03291E-03 
-1.18659E-03 9.70175E-04 
-1.09934E-03 9.02217E-04 
-1.01763E-03 8.38281E-04 
-9.41028E-04 7.78059E-04 
-8.68894E-04 7.21039E-04 
-8.00163E-04 6.66323E-04 
-7.32356E-04 6.11748E-04 
-6.58470E-04 5.51084E-04 
-5.58909E-04 4.66786E-04 
-3.93735E-04 3.22961E-04 
-1.42842E-04 1.01359E-04 
1.03726E-04 -1.17266E-04 
2.32938E-04 -2.31035E-04 
-2.30098E-03 1.81330E-03 
-2.15079E-03 1.70337E-03 
-2.21634E-03 1.77722E-03 
-2.07099E-03 1.66786E-03 
-1.93342E-03 1.56358E-03 
-1.80280E-03 1.46392E-03 
-1.68043E-03 1.37010E-03 
-1.59181E-03 1.30189E-03 
-1.56656E-03 1.28238E-03 
-1.45011E-03 1.19180E-03 
-1.34155E-03 1.10683E-03 
-1.24055E-03 1.02735E-03 
-1.14676E-03 9.53190E-04 
-1.06761E-03 8.90914E-04 
-9.85752E-04 8.25379E-04 
-9.09254E-04 7.63875E-04 
-8.37676E-04 7.06071E-04 
-7.70492E-04 6.51546E-04 
-7.06830E-04 5.99570E-04 
-6.44748E-04 5.48435E-04 
-5.78852E-04 4.93308E-04 
-4.94178E-04 4.20678E-04 
-3.60493E-04 3.03149E-04 
-1.63186E-04 1.27364E-04 
2.87471E-05 -4.42232E-05 
1.30263E-04 -1.34302E-04 
-2.13492E-03 1.72213E-03 
-1.99155E-03 1.61435E-03 
-2.02111E-03 1.65522E-03 
-1.88496E-03 1.55028E-03 
-1.76062E-03 1.45422E-03 
-1.63629E-03 1.35675E-03 
-1.52157E-03 1.26644E-03 
-1.43772E-03 1.20009E-03 
-1.41418E-03 1.18144E-03 
-1.30738E-03 1.09650E-03 
-1.20659E-03 1.01566E-03 
-1.11209E-03 9.39348E-04 
-1.02421E-03 8.67998E-04 
-9.49194E-04 8.07212E-04 
-8.73164E-04 7.44789E-04 
-8.02234E-04 6.86317E-04 
-7.36020E-04 6.31506E-04 
-6.74088E-04 5.80015E-04 
-6.15750E-04 5.31267E-04 
-5.59504E-04 4.83936E-04 
-5.01260E-04 4.34335E-04 
-4.29806E-04 3.72260E-04 
-3.22701E-04 2.77222E-04 
-1.69545E-04 1.39656E-04 
-2.21088E-05 6.82564E-06 
5.69552E-05 -6.38639E-05 
-1.95943E-03 1.61386E-03 
-1.82606E-03 1.51149E-03 
-1.82732E-03 1.52561E-03 
-1.69829E-03 1.42378E-03 
-1.58688E-03 1.33617E-03 
-1.47313E-03 1.24520E-03 
-1.36639E-03 1.15927E-03 
-1.28803E-03 1.09570E-03 
-1.26585E-03 1.07765E-03 
-1.16459E-03 9.94959E-04 
-1.07133E-03 9.18410E-04 
-9.83539E-04 8.45778E-04 
-9.02307E-04 7.78243E-04 
-8.32295E-04 7.20046E-04 
-7.62516E-04 6.61451E-04 
-6.97562E-04 6.06696E-04 
-6.37118E-04 5.55546E-04 
-5.80818E-04 5.07717E-04 
-5.28107E-04 4.62744E-04 
-4.77831E-04 4.19608E-04 
-4.26938E-04 3.75541E-04 
-3.67176E-04 3.22985E-04 
-2.82206E-04 2.46916E-04 
-1.64766E-04 1.40621E-04 
-5.28954E-05 3.90991E-05 
8.20254E-06 -1.59325E-05 
-1.77478E-03 1.48891E-03 
-1.65364E-03 1.39445E-03 
-1.63582E-03 1.38978E-03 
-1.50917E-03 1.28730E-03 
-1.40844E-03 1.20656E-03 
-1.30883E-03 1.12563E-03 
-1.20988E-03 1.04431E-03 
-1.13783E-03 9.84703E-04 
-1.11728E-03 9.67622E-04 
-1.02377E-03 8.89566E-04 
-9.36809E-04 8.16479E-04 
-8.56724E-04 7.48800E-04 
-7.82524E-04 6.85784E-04 
-7.18191E-04 6.31106E-04 
-6.55044E-04 5.76993E-04 
-5.96434E-04 5.26578E-04 
-5.42103E-04 4.79680E-04 
-4.91739E-04 4.36059E-04 
-4.44892E-04 3.95336E-04 
-4.00673E-04 3.56726E-04 
-3.56833E-04 3.18180E-04 
-3.07413E-04 2.74207E-04 
-2.40756E-04 2.14021E-04 
-1.51888E-04 1.33005E-04 
-6.81171E-05 5.64636E-05 
-2.13241E-05 1.40098E-05 
-1.58397E-03 1.35046E-03 
-1.47480E-03 1.26406E-03 
-1.44604E-03 1.24787E-03 
-1.32138E-03 1.14473E-03 
-1.22754E-03 1.06790E-03 
-1.14092E-03 9.96458E-04 
-1.05125E-03 9.21369E-04 
-9.86075E-04 8.66479E-04 
-9.67712E-04 8.50956E-04 
-8.83416E-04 7.79308E-04 
-8.04833E-04 7.11995E-04 
-7.32824E-04 6.50010E-04 
-6.66346E-04 5.92501E-04 
-6.08299E-04 5.42158E-04 
-5.52090E-04 4.93094E-04 
-5.00149E-04 4.47605E-04 
-4.52227E-04 4.05506E-04 
-4.08042E-04 3.66574E-04 
-3.67215E-04 3.30490E-04 
-3.29063E-04 2.96651E-04 
-2.91951E-04 2.63559E-04 
-2.51655E-04 2.27304E-04 
-2.00034E-04 1.80311E-04 
-1.33745E-04 1.19466E-04 
-7.19022E-05 6.25953E-05 
-3.64390E-05 3.01904E-05 
-1.39181E-03 1.20349E-03 
-1.29269E-03 1.12384E-03 
-1.25903E-03 1.10155E-03 
-1.14101E-03 1.00230E-03 
-1.04857E-03 9.24819E-04 
-9.73702E-04 8.62164E-04 
-8.93971E-04 7.94267E-04 
-8.35566E-04 7.44222E-04 
-8.19483E-04 7.30419E-04 
-7.46622E-04 6.67624E-04 
-6.77853E-04 6.07806E-04 
-6.14324E-04 5.52209E-04 
-5.55723E-04 5.00643E-04 
-5.04522E-04 4.55462E-04 
-4.55516E-04 4.11989E-04 
-4.10360E-04 3.71804E-04 
-3.68919E-04 3.34821E-04 
-3.30967E-04 3.00864E-04 
-2.96166E-04 2.69647E-04 
-2.63970E-04 2.40684E-04 
-2.33193E-04 2.12887E-04 
-2.00897E-04 1.83524E-04 
-1.61519E-04 1.47394E-04 
-1.12847E-04 1.02431E-04 
-6.78944E-05 6.08395E-05 
-4.13558E-05 3.64187E-05 
-1.20378E-03 1.05368E-03 
-1.11232E-03 9.78995E-04 
-1.07732E-03 9.54040E-04 
-9.69859E-04 8.62535E-04 
-8.78560E-04 7.84477E-04 
-8.10989E-04 7.26943E-04 
-7.44219E-04 6.69385E-04 
-6.93347E-04 6.25145E-04 
-6.78997E-04 6.12623E-04 
-6.14813E-04 5.56412E-04 
-5.57109E-04 5.05602E-04 
-5.02771E-04 4.57373E-04 
-4.52415E-04 4.12404E-04 
-4.08238E-04 3.72824E-04 
-3.66387E-04 3.35157E-04 
-3.28125E-04 3.00622E-04 
-2.93243E-04 2.69059E-04 
-2.61496E-04 2.40266E-04 
-2.32598E-04 2.14001E-04 
-2.06122E-04 1.89883E-04 
-1.81211E-04 1.67122E-04 
-1.55858E-04 1.43845E-04 
-1.26345E-04 1.16562E-04 
-9.12225E-05 8.39172E-05 
-5.90952E-05 5.40195E-05 
-3.95374E-05 3.58986E-05 
-1.02336E-03 9.05218E-04 
-9.38663E-04 8.35053E-04 
-9.02957E-04 8.08134E-04 
-8.10356E-04 7.28606E-04 
-7.21331E-04 6.51255E-04 
-6.59282E-04 5.97530E-04 
-6.04726E-04 5.49985E-04 
-5.63131E-04 5.13434E-04 
-5.51405E-04 5.03098E-04 
-4.96312E-04 4.54197E-04 
-4.45575E-04 4.08821E-04 
-3.99790E-04 3.67626E-04 
-3.57300E-04 3.29173E-04 
-3.20367E-04 2.95642E-04 
-2.85831E-04 2.64163E-04 
-2.54438E-04 2.35474E-04 
-2.25989E-04 2.09414E-04 
-2.00265E-04 1.85804E-04 
-1.77021E-04 1.64430E-04 
-1.55915E-04 1.44986E-04 
-1.36337E-04 1.26910E-04 
-1.16944E-04 1.08941E-04 
-9.53023E-05 8.87911E-05 
-7.04733E-05 6.55789E-05 
-4.79652E-05 4.45168E-05 
-3.38357E-05 3.13374E-05 
-8.55343E-04 7.63318E-04 
-7.78028E-04 6.98549E-04 
-7.41401E-04 6.69640E-04 
-6.64235E-04 6.02952E-04 
-5.80451E-04 5.29263E-04 
-5.22595E-04 4.78393E-04 
-4.79644E-04 4.40617E-04 
-4.46239E-04 4.10964E-04 
-4.36710E-04 4.02477E-04 
-3.91372E-04 3.61791E-04 
-3.47671E-04 3.22162E-04 
-3.08606E-04 2.86554E-04 
-2.73735E-04 2.54622E-04 
-2.43671E-04 2.27002E-04 
-2.16004E-04 2.01501E-04 
-1.91001E-04 1.78393E-04 
-1.68515E-04 1.57569E-04 
-1.48349E-04 1.38862E-04 
-1.30263E-04 1.22057E-04 
-1.13985E-04 1.06909E-04 
-9.90819E-05 9.30175E-05 
-8.46625E-05 7.95448E-05 
-6.91639E-05 6.50161E-05 
-5.19737E-05 4.88566E-05 
-3.65169E-05 3.43169E-05 
-2.65311E-05 2.49422E-05 
-7.02189E-04 6.31291E-04 
-6.32787E-04 5.72607E-04 
-5.95534E-04 5.42197E-04 
-5.32573E-04 4.87501E-04 
-4.57201E-04 4.20573E-04 
-4.01483E-04 3.70907E-04 
-3.70281E-04 3.43257E-04 
-3.41707E-04 3.17549E-04 
-3.33214E-04 3.09868E-04 
-2.96645E-04 2.76700E-04 
-2.61476E-04 2.44485E-04 
-2.30375E-04 2.15840E-04 
-2.02684E-04 1.90210E-04 
-1.78951E-04 1.68168E-04 
-1.57357E-04 1.48055E-04 
-1.38075E-04 1.30054E-04 
-1.20894E-04 1.13983E-04 
-1.05628E-04 9.96817E-05 
-9.20625E-05 8.69583E-05 
-7.99741E-05 7.56065E-05 
-6.90455E-05 6.53312E-05 
-5.86883E-05 5.55783E-05 
-4.79089E-05 4.54084E-05 
-3.63037E-05 3.44420E-05 
-2.59432E-05 2.46475E-05 
-1.90838E-05 1.81678E-05 
-5.66326E-04 5.12232E-04 
-5.04979E-04 4.59963E-04 
-4.67827E-04 4.28870E-04 
-4.16311E-04 3.83882E-04 
-3.53445E-04 3.27706E-04 
-2.98421E-04 2.78062E-04 
-2.75474E-04 2.57534E-04 
-2.54458E-04 2.38419E-04 
-2.47069E-04 2.31652E-04 
-2.14176E-04 2.01429E-04 
-1.88478E-04 1.77708E-04 
-1.64865E-04 1.55750E-04 
-1.43933E-04 1.36184E-04 
-1.25957E-04 1.19320E-04 
-1.09784E-04 1.04109E-04 
-9.54939E-05 9.06468E-05 
-8.28780E-05 7.87422E-05 
-7.17898E-05 6.82648E-05 
-6.20464E-05 5.90480E-05 
-5.34574E-05 5.09155E-05 
-4.57872E-05 4.36466E-05 
-3.86453E-05 3.68726E-05 
-3.14028E-05 2.99979E-05 
-2.37897E-05 2.27681E-05 
-1.70331E-05 1.63501E-05 
-1.24803E-05 1.20236E-05 
-4.48755E-04 4.07795E-04 
-3.95070E-04 3.61781E-04 
-3.59764E-04 3.31759E-04 
-3.16672E-04 2.93895E-04 
-2.67615E-04 2.49868E-04 
-2.13291E-04 2.00399E-04 
-1.93754E-04 1.82654E-04 
-1.81698E-04 1.71608E-04 
-1.76251E-04 1.66572E-04 
-1.48392E-04 1.40687E-04 
-1.28076E-04 1.21727E-04 
-1.11894E-04 1.06546E-04 
-9.72220E-05 9.27065E-05 
-8.42835E-05 8.04584E-05 
-7.26948E-05 6.94641E-05 
-6.25870E-05 5.98577E-05 
-5.38043E-05 5.14997E-05 
-4.61762E-05 4.42329E-05 
-3.95407E-05 3.79060E-05 
-3.37506E-05 3.23812E-05 
-2.86365E-05 2.74985E-05 
-2.39416E-05 2.30148E-05 
-1.92683E-05 1.85529E-05 
-1.44342E-05 1.39404E-05 
-1.01630E-05 9.86464E-06 
-7.26211E-06 7.09181E-06 
-3.49536E-04 3.18653E-04 
-3.02787E-04 2.78413E-04 
-2.70785E-04 2.50927E-04 
-2.34096E-04 2.18513E-04 
-1.96971E-04 1.85104E-04 
-1.47622E-04 1.39844E-04 
-1.25357E-04 1.19299E-04 
-1.20621E-04 1.14891E-04 
-1.17074E-04 1.11574E-04 
-9.98023E-05 9.54113E-05 
-8.48049E-05 8.12721E-05 
-7.20516E-05 6.91718E-05 
-6.18818E-05 5.94800E-05 
-5.29194E-05 5.09106E-05 
-4.50924E-05 4.34175E-05 
-3.83880E-05 3.69920E-05 
-3.26449E-05 3.14825E-05 
-2.77133E-05 2.67473E-05 
-2.34717E-05 2.26717E-05 
-1.98088E-05 1.91501E-05 
-1.66054E-05 1.60694E-05 
-1.36936E-05 1.32698E-05 
-1.08206E-05 1.05112E-05 
-7.86428E-06 7.67728E-06 
-5.25870E-06 5.17983E-06 
-3.50028E-06 3.48917E-06 
-2.67453E-04 2.44182E-04 
-2.27163E-04 2.09450E-04 
-1.99121E-04 1.85226E-04 
-1.67391E-04 1.57056E-04 
-1.40361E-04 1.32706E-04 
-9.91837E-05 9.47296E-05 
-7.30093E-05 7.03849E-05 
-7.14986E-05 6.88682E-05 
-7.04205E-05 6.78278E-05 
-6.26512E-05 6.04578E-05 
-5.36866E-05 5.19111E-05 
-4.41087E-05 4.27327E-05 
-3.67182E-05 3.56142E-05 
-3.08441E-05 2.99363E-05 
-2.58688E-05 2.51256E-05 
-2.16828E-05 2.10752E-05 
-1.81693E-05 1.76736E-05 
-1.51992E-05 1.47970E-05 
-1.26811E-05 1.23572E-05 
-1.05321E-05 1.02744E-05 
-8.67112E-06 8.47075E-06 
-6.98863E-06 6.84151E-06 
-5.32243E-06 5.23214E-06 
-3.59126E-06 3.56495E-06 
-2.06628E-06 2.09662E-06 
-1.06518E-06 1.12806E-06 
-2.00851E-04 1.83247E-04 
-1.66362E-04 1.53530E-04 
-1.42567E-04 1.32956E-04 
-1.15601E-04 1.08954E-04 
-9.57648E-05 9.10760E-05 
-6.48492E-05 6.24752E-05 
-3.63986E-05 3.58773E-05 
-3.56046E-05 3.49787E-05 
-3.60637E-05 3.53582E-05 
-3.37664E-05 3.30260E-05 
-2.91807E-05 2.85697E-05 
-2.39836E-05 2.35192E-05 
-1.94186E-05 1.90627E-05 
-1.59195E-05 1.56376E-05 
-1.31320E-05 1.29060E-05 
-1.08229E-05 1.06441E-05 
-8.89359E-06 8.75506E-06 
-7.29024E-06 7.18544E-06 
-5.94297E-06 5.86655E-06 
-4.80408E-06 4.75166E-06 
-3.82787E-06 3.79639E-06 
-2.94377E-06 2.93283E-06 
-2.04711E-06 2.06090E-06 
-1.08539E-06 1.13010E-06 
-2.36775E-07 3.09037E-07 
2.87122E-07 -2.01668E-07 
-1.47625E-04 1.34163E-04 
-1.18501E-04 1.09164E-04 
-9.86599E-05 9.20748E-05 
-7.66327E-05 7.24874E-05 
-6.18187E-05 5.91569E-05 
-3.96461E-05 3.85977E-05 
-1.09599E-05 1.16926E-05 
-1.02208E-05 1.08287E-05 
-1.26075E-05 1.30154E-05 
-1.36452E-05 1.37731E-05 
-1.09372E-05 1.10598E-05 
-9.71052E-06 9.78470E-06 
-8.38566E-06 8.42015E-06 
-6.88653E-06 6.90741E-06 
-5.58694E-06 5.60459E-06 
-4.42488E-06 4.44639E-06 
-3.45057E-06 3.47758E-06 
-2.67007E-06 2.70148E-06 
-2.04241E-06 2.07730E-06 
-1.52936E-06 1.56707E-06 
-1.09647E-06 1.13691E-06 
-6.97887E-07 7.42410E-07 
-2.65845E-07 3.18497E-07 
2.32206E-07 -1.66348E-07 
6.73434E-07 -5.95674E-07 
9.12345E-07 -8.31159E-07 
---
