PdfType: replica
Format: lhagrid1
---
1.00000E-06 1.28121E-06 1.64152E-06 2.10317E-06 2.69463E-06 3.45242E-06 4.42329E-06 5.66715E-06 7.26076E-06 9.30241E-06 1.19180E-05 1.52689E-05 1.95617E-05 2.50609E-05 3.21053E-05 4.11287E-05 5.26863E-05 6.74889E-05 8.64459E-05 1.10720E-04 1.41800E-04 1.81585E-04 2.32503E-04 2.97652E-04 3.80981E-04 4.87518E-04 6.26039E-04 8.00452E-04 1.02297E-03 1.30657E-03 1.66759E-03 2.12729E-03 2.71054E-03 3.44865E-03 4.37927E-03 5.54908E-03 7.01192E-03 8.83064E-03 1.10763E-02 1.38266E-02 1.71641E-02 2.11717E-02 2.59364E-02 3.15062E-02 3.79623E-02 4.53425E-02 5.36750E-02 6.29705E-02 7.32221E-02 8.44039E-02 9.64793E-02 1.09332E-01 1.23067E-01 1.37507E-01 1.52639E-01 1.68416E-01 1.84794E-01 2.01731E-01 2.19016E-01 2.36948E-01 2.55242E-01 2.73927E-01 2.92954E-01 3.12340E-01 3.32036E-01 3.52019E-01 3.72282E-01 3.92772E-01 4.13533E-01 4.34326E-01 4.55495E-01 4.76836E-01 4.98342E-01 5.20006E-01 5.41818E-01 5.63773E-01 5.85861E-01 6.08077E-01 6.30459E-01 6.52800E-01 6.75387E-01 6.98063E-01 7.20830E-01 7.43683E-01 7.66623E-01 7.89636E-01 8.12791E-01 8.35940E-01 8.59175E-01 8.82485E-01 9.05866E-01 9.29311E-01 9.52817E-01 9.76387E-01 1.00000E+00 
1.14018E+00 1.22539E+00 1.32482E+00 1.44156E+00 1.57954E+00 1.74381E+00 1.94091E+00 2.12132E+00 2.17945E+00 2.49622E+00 2.89383E+00 3.39925E+00 4.05063E+00 4.90286E+00 6.03623E+00 7.57063E+00 9.68869E+00 1.26749E+01 1.69835E+01 2.33578E+01 3.30501E+01 4.82334E+01 7.28041E+01 1.13998E+02 1.85779E+02 3.16228E+02 
908 909 
-3.67575E+02 -7.29727E+01 
-3.72421E+02 -7.37913E+01 
-3.73276E+02 -7.44067E+01 
-3.77967E+02 -7.51036E+01 
-3.82734E+02 -7.58006E+01 
-3.87577E+02 -7.64982E+01 
-3.92497E+02 -7.71970E+01 
-3.96357E+02 -7.77383E+01 
-3.97494E+02 -7.78967E+01 
-4.02971E+02 -7.86509E+01 
-4.08542E+02 -7.94022E+01 
-4.14210E+02 -8.01463E+01 
-4.19978E+02 -8.08769E+01 
-4.25073E+02 -8.14261E+01 
-4.30988E+02 -8.20247E+01 
-4.37043E+02 -8.25774E+01 
-4.43242E+02 -8.30676E+01 
-4.49606E+02 -8.34770E+01 
-4.56209E+02 -8.37893E+01 
-4.63307E+02 -8.40039E+01 
-4.71770E+02 -8.41786E+01 
-4.84366E+02 -8.45358E+01 
-5.07738E+02 -8.55413E+01 
-5.48197E+02 -8.72623E+01 
-5.95568E+02 -8.80824E+01 
-6.29296E+02 -8.61571E+01 
-2.99147E+02 -5.91027E+01 
-3.03069E+02 -5.97632E+01 
-3.03851E+02 -6.02484E+01 
-3.07631E+02 -6.08111E+01 
-3.11470E+02 -6.13750E+01 
-3.15367E+02 -6.19403E+01 
-3.19324E+02 -6.25074E+01 
-3.22426E+02 -6.29470E+01 
-3.23340E+02 -6.30756E+01 
-3.27740E+02 -6.36881E+01 
-3.32214E+02 -6.42978E+01 
-3.36763E+02 -6.49002E+01 
-3.41390E+02 -6.54892E+01 
-3.45480E+02 -6.59114E+01 
-3.50210E+02 -6.63819E+01 
-3.55047E+02 -6.68095E+01 
-3.59992E+02 -6.71793E+01 
-3.65061E+02 -6.74743E+01 
-3.70310E+02 -6.76793E+01 
-3.75942E+02 -6.77902E+01 
-3.82653E+02 -6.78459E+01 
-3.92661E+02 -6.80045E+01 
-4.11278E+02 -6.85847E+01 
-4.43517E+02 -6.95591E+01 
-4.81137E+02 -6.96477E+01 
-5.07646E+02 -6.75158E+01 
-2.43429E+02 -4.78441E+01 
-2.46600E+02 -4.83799E+01 
-2.47307E+02 -4.87564E+01 
-2.50350E+02 -4.92138E+01 
-2.53439E+02 -4.96728E+01 
-2.56573E+02 -5.01337E+01 
-2.59753E+02 -5.05963E+01 
-2.62247E+02 -5.09550E+01 
-2.62981E+02 -5.10599E+01 
-2.66515E+02 -5.15593E+01 
-2.70108E+02 -5.20554E+01 
-2.73759E+02 -5.25439E+01 
-2.77472E+02 -5.30188E+01 
-2.80752E+02 -5.33409E+01 
-2.84534E+02 -5.37092E+01 
-2.88398E+02 -5.40374E+01 
-2.92342E+02 -5.43118E+01 
-2.96378E+02 -5.45175E+01 
-3.00548E+02 -5.46401E+01 
-3.05013E+02 -5.46733E+01 
-3.10328E+02 -5.46421E+01 
-3.18268E+02 -5.46551E+01 
-3.33079E+02 -5.49190E+01 
-3.58732E+02 -5.53387E+01 
-3.88558E+02 -5.49029E+01 
-4.09337E+02 -5.26726E+01 
-1.98047E+02 -3.87285E+01 
-2.00610E+02 -3.91644E+01 
-2.01240E+02 -3.94523E+01 
-2.03690E+02 -3.98256E+01 
-2.06175E+02 -4.02006E+01 
-2.08695E+02 -4.05775E+01 
-2.11252E+02 -4.09558E+01 
-2.13256E+02 -4.12491E+01 
-2.13846E+02 -4.13348E+01 
-2.16686E+02 -4.17424E+01 
-2.19571E+02 -4.21460E+01 
-2.22504E+02 -4.25416E+01 
-2.25484E+02 -4.29236E+01 
-2.28114E+02 -4.31664E+01 
-2.31140E+02 -4.34522E+01 
-2.34226E+02 -4.37005E+01 
-2.37372E+02 -4.38993E+01 
-2.40583E+02 -4.40350E+01 
-2.43894E+02 -4.40943E+01 
-2.47431E+02 -4.40698E+01 
-2.51635E+02 -4.39758E+01 
-2.57926E+02 -4.38829E+01 
-2.69694E+02 -4.39119E+01 
-2.90080E+02 -4.39200E+01 
-3.13689E+02 -4.31128E+01 
-3.29927E+02 -4.08604E+01 
-1.61086E+02 -3.13580E+01 
-1.63158E+02 -3.17131E+01 
-1.63712E+02 -3.19300E+01 
-1.65685E+02 -3.22351E+01 
-1.67685E+02 -3.25419E+01 
-1.69713E+02 -3.28503E+01 
-1.71769E+02 -3.31598E+01 
-1.73381E+02 -3.33995E+01 
-1.73855E+02 -3.34695E+01 
-1.76138E+02 -3.38017E+01 
-1.78458E+02 -3.41293E+01 
-1.80814E+02 -3.44486E+01 
-1.83207E+02 -3.47542E+01 
-1.85316E+02 -3.49342E+01 
-1.87737E+02 -3.51531E+01 
-1.90203E+02 -3.53373E+01 
-1.92711E+02 -3.54759E+01 
-1.95267E+02 -3.55569E+01 
-1.97894E+02 -3.55683E+01 
-2.00691E+02 -3.55018E+01 
-2.04012E+02 -3.53637E+01 
-2.08990E+02 -3.51955E+01 
-2.18327E+02 -3.50517E+01 
-2.34506E+02 -3.47577E+01 
-2.53159E+02 -3.36951E+01 
-2.65806E+02 -3.14752E+01 
-1.30990E+02 -2.54006E+01 
-1.32666E+02 -2.56900E+01 
-1.33147E+02 -2.58508E+01 
-1.34736E+02 -2.61001E+01 
-1.36347E+02 -2.63510E+01 
-1.37979E+02 -2.66031E+01 
-1.39635E+02 -2.68558E+01 
-1.40932E+02 -2.70512E+01 
-1.41314E+02 -2.71082E+01 
-1.43151E+02 -2.73782E+01 
-1.45017E+02 -2.76431E+01 
-1.46912E+02 -2.78993E+01 
-1.48835E+02 -2.81421E+01 
-1.50525E+02 -2.82723E+01 
-1.52463E+02 -2.84373E+01 
-1.54433E+02 -2.85701E+01 
-1.56433E+02 -2.86612E+01 
-1.58465E+02 -2.87001E+01 
-1.60547E+02 -2.86758E+01 
-1.62757E+02 -2.85798E+01 
-1.65375E+02 -2.84124E+01 
-1.69306E+02 -2.81925E+01 
-1.76704E+02 -2.79249E+01 
-1.89523E+02 -2.74142E+01 
-2.04229E+02 -2.61855E+01 
-2.14038E+02 -2.40374E+01 
-1.06493E+02 -2.05845E+01 
-1.07848E+02 -2.08200E+01 
-1.08263E+02 -2.09370E+01 
-1.09544E+02 -2.11404E+01 
-1.10842E+02 -2.13451E+01 
-1.12157E+02 -2.15507E+01 
-1.13491E+02 -2.17566E+01 
-1.14535E+02 -2.19154E+01 
-1.14843E+02 -2.19616E+01 
-1.16322E+02 -2.21800E+01 
-1.17825E+02 -2.23930E+01 
-1.19350E+02 -2.25973E+01 
-1.20897E+02 -2.27885E+01 
-1.22251E+02 -2.28797E+01 
-1.23801E+02 -2.30012E+01 
-1.25375E+02 -2.30932E+01 
-1.26969E+02 -2.31474E+01 
-1.28583E+02 -2.31544E+01 
-1.30231E+02 -2.31044E+01 
-1.31974E+02 -2.29889E+01 
-1.34033E+02 -2.28039E+01 
-1.37131E+02 -2.25510E+01 
-1.42981E+02 -2.21979E+01 
-1.53119E+02 -2.15382E+01 
-1.64682E+02 -2.02132E+01 
-1.72251E+02 -1.81648E+01 
-8.65604E+01 -1.66885E+01 
-8.76573E+01 -1.68798E+01 
-8.80108E+01 -1.69631E+01 
-8.90440E+01 -1.71286E+01 
-9.00908E+01 -1.72951E+01 
-9.11516E+01 -1.74623E+01 
-9.22268E+01 -1.76294E+01 
-9.30689E+01 -1.77579E+01 
-9.33169E+01 -1.77953E+01 
-9.45094E+01 -1.79711E+01 
-9.57199E+01 -1.81413E+01 
-9.69480E+01 -1.83029E+01 
-9.81929E+01 -1.84519E+01 
-9.92763E+01 -1.85128E+01 
-1.00517E+02 -1.85998E+01 
-1.01774E+02 -1.86598E+01 
-1.03043E+02 -1.86856E+01 
-1.04324E+02 -1.86691E+01 
-1.05627E+02 -1.86016E+01 
-1.06997E+02 -1.84746E+01 
-1.08612E+02 -1.82810E+01 
-1.11046E+02 -1.80099E+01 
-1.15661E+02 -1.76019E+01 
-1.23658E+02 -1.68467E+01 
-1.32722E+02 -1.54795E+01 
-1.38525E+02 -1.35499E+01 
-7.03479E+01 -1.35345E+01 
-7.12361E+01 -1.36896E+01 
-7.15348E+01 -1.37470E+01 
-7.23689E+01 -1.38813E+01 
-7.32138E+01 -1.40164E+01 
-7.40698E+01 -1.41518E+01 
-7.49373E+01 -1.42868E+01 
-7.56168E+01 -1.43904E+01 
-7.58168E+01 -1.44204E+01 
-7.67786E+01 -1.45612E+01 
-7.77545E+01 -1.46963E+01 
-7.87440E+01 -1.48230E+01 
-7.97460E+01 -1.49378E+01 
-8.06122E+01 -1.49755E+01 
-8.16049E+01 -1.50353E+01 
-8.26078E+01 -1.50706E+01 
-8.36174E+01 -1.50753E+01 
-8.46321E+01 -1.50421E+01 
-8.56584E+01 -1.49635E+01 
-8.67328E+01 -1.48313E+01 
-8.79950E+01 -1.46362E+01 
-8.99012E+01 -1.43582E+01 
-9.35307E+01 -1.39194E+01 
-9.98203E+01 -1.31108E+01 
-1.06896E+02 -1.17431E+01 
-1.11310E+02 -9.94450E+00 
-5.71654E+01 -1.09792E+01 
-5.78849E+01 -1.11048E+01 
-5.81354E+01 -1.11425E+01 
-5.88091E+01 -1.12511E+01 
-5.94915E+01 -1.13603E+01 
-6.01827E+01 -1.14697E+01 
-6.08832E+01 -1.15784E+01 
-6.14316E+01 -1.16615E+01 
-6.15931E+01 -1.16855E+01 
-6.23692E+01 -1.17975E+01 
-6.31563E+01 -1.19040E+01 
-6.39537E+01 -1.20024E+01 
-6.47602E+01 -1.20897E+01 
-6.54518E+01 -1.21100E+01 
-6.62453E+01 -1.21486E+01 
-6.70447E+01 -1.21653E+01 
-6.78465E+01 -1.21546E+01 
-6.86484E+01 -1.21103E+01 
-6.94550E+01 -1.20256E+01 
-7.02940E+01 -1.18930E+01 
-7.12760E+01 -1.17019E+01 
-7.27624E+01 -1.14257E+01 
-7.56065E+01 -1.09746E+01 
-8.05343E+01 -1.01453E+01 
-8.60300E+01 -8.80833E+00 
-8.93548E+01 -7.14729E+00 
-4.64495E+01 -8.90780E+00 
-4.70324E+01 -9.00918E+00 
-4.72410E+01 -9.03219E+00 
-4.77854E+01 -9.11978E+00 
-4.83368E+01 -9.20784E+00 
-4.88952E+01 -9.29584E+00 
-4.94610E+01 -9.38304E+00 
-4.99039E+01 -9.44934E+00 
-5.00343E+01 -9.46844E+00 
-5.06608E+01 -9.55711E+00 
-5.12957E+01 -9.64038E+00 
-5.19383E+01 -9.71597E+00 
-5.25873E+01 -9.78123E+00 
-5.31385E+01 -9.78878E+00 
-5.37721E+01 -9.81139E+00 
-5.44083E+01 -9.81431E+00 
-5.50437E+01 -9.79285E+00 
-5.56758E+01 -9.74176E+00 
-5.63072E+01 -9.65509E+00 
-5.69595E+01 -9.52574E+00 
-5.77193E+01 -9.34236E+00 
-5.88724E+01 -9.07443E+00 
-6.10909E+01 -8.62516E+00 
-6.49338E+01 -7.80004E+00 
-6.91767E+01 -6.51653E+00 
-7.16492E+01 -4.99499E+00 
-3.77399E+01 -7.22776E+00 
-3.82123E+01 -7.30953E+00 
-3.83847E+01 -7.32166E+00 
-3.88248E+01 -7.39214E+00 
-3.92704E+01 -7.46294E+00 
-3.97217E+01 -7.53353E+00 
-4.01789E+01 -7.60320E+00 
-4.05367E+01 -7.65588E+00 
-4.06419E+01 -7.67101E+00 
-4.11478E+01 -7.74075E+00 
-4.16599E+01 -7.80531E+00 
-4.21776E+01 -7.86270E+00 
-4.26996E+01 -7.91059E+00 
-4.31378E+01 -7.90910E+00 
-4.36431E+01 -7.91973E+00 
-4.41484E+01 -7.91282E+00 
-4.46506E+01 -7.88437E+00 
-4.51472E+01 -7.82985E+00 
-4.56393E+01 -7.74411E+00 
-4.61434E+01 -7.62060E+00 
-4.67274E+01 -7.44767E+00 
-4.76164E+01 -7.19255E+00 
-4.93374E+01 -6.75555E+00 
-5.23173E+01 -5.95294E+00 
-5.55683E+01 -4.73865E+00 
-5.73769E+01 -3.35507E+00 
-3.06620E+01 -5.86488E+00 
-3.10448E+01 -5.93076E+00 
-3.11863E+01 -5.93502E+00 
-3.15422E+01 -5.99162E+00 
-3.19024E+01 -6.04843E+00 
-3.22671E+01 -6.10490E+00 
-3.26365E+01 -6.16036E+00 
-3.29256E+01 -6.20204E+00 
-3.30106E+01 -6.21395E+00 
-3.34189E+01 -6.26846E+00 
-3.38319E+01 -6.31808E+00 
-3.42488E+01 -6.36106E+00 
-3.46682E+01 -6.39538E+00 
-3.50158E+01 -6.38776E+00 
-3.54179E+01 -6.38968E+00 
-3.58184E+01 -6.37606E+00 
-3.62141E+01 -6.34348E+00 
-3.66025E+01 -6.28811E+00 
-3.69841E+01 -6.20545E+00 
-3.73710E+01 -6.08953E+00 
-3.78162E+01 -5.92879E+00 
-3.84963E+01 -5.68951E+00 
-3.98224E+01 -5.27215E+00 
-4.21173E+01 -4.50510E+00 
-4.45852E+01 -3.37011E+00 
-4.58792E+01 -2.12027E+00 
-2.49106E+01 -4.75925E+00 
-2.52207E+01 -4.81232E+00 
-2.53361E+01 -4.81106E+00 
-2.56238E+01 -4.85646E+00 
-2.59150E+01 -4.90196E+00 
-2.62098E+01 -4.94703E+00 
-2.65083E+01 -4.99104E+00 
-2.67417E+01 -5.02387E+00 
-2.68104E+01 -5.03320E+00 
-2.71399E+01 -5.07553E+00 
-2.74728E+01 -5.11330E+00 
-2.78082E+01 -5.14498E+00 
-2.81449E+01 -5.16883E+00 
-2.84197E+01 -5.15734E+00 
-2.87391E+01 -5.15313E+00 
-2.90555E+01 -5.13522E+00 
-2.93662E+01 -5.10072E+00 
-2.96686E+01 -5.04636E+00 
-2.99625E+01 -4.96828E+00 
-3.02569E+01 -4.86105E+00 
-3.05930E+01 -4.71344E+00 
-3.11083E+01 -4.49183E+00 
-3.21220E+01 -4.09906E+00 
-3.38744E+01 -3.37631E+00 
-3.57261E+01 -2.32621E+00 
-3.66239E+01 -1.20395E+00 
-2.02373E+01 -3.86243E+00 
-2.04885E+01 -3.90519E+00 
-2.05818E+01 -3.90026E+00 
-2.08143E+01 -3.93665E+00 
-2.10497E+01 -3.97305E+00 
-2.12880E+01 -4.00895E+00 
-2.15291E+01 -4.04377E+00 
-2.17176E+01 -4.06953E+00 
-2.17730E+01 -4.07680E+00 
-2.20388E+01 -4.10946E+00 
-2.23069E+01 -4.13791E+00 
-2.25765E+01 -4.16081E+00 
-2.28464E+01 -4.17669E+00 
-2.30629E+01 -4.16303E+00 
-2.33159E+01 -4.15472E+00 
-2.35651E+01 -4.13439E+00 
-2.38079E+01 -4.09959E+00 
-2.40420E+01 -4.04757E+00 
-2.42666E+01 -3.97502E+00 
-2.44884E+01 -3.87705E+00 
-2.47389E+01 -3.74292E+00 
-2.51249E+01 -3.53987E+00 
-2.58920E+01 -3.17469E+00 
-2.72163E+01 -2.50160E+00 
-2.85851E+01 -1.53852E+00 
-2.91803E+01 -5.36345E-01 
-1.64400E+01 -3.13518E+00 
-1.66434E+01 -3.16967E+00 
-1.67183E+01 -3.16248E+00 
-1.69062E+01 -3.19166E+00 
-1.70964E+01 -3.22076E+00 
-1.72889E+01 -3.24932E+00 
-1.74836E+01 -3.27681E+00 
-1.76358E+01 -3.29693E+00 
-1.76805E+01 -3.30258E+00 
-1.78947E+01 -3.32761E+00 
-1.81104E+01 -3.34877E+00 
-1.83269E+01 -3.36495E+00 
-1.85429E+01 -3.37486E+00 
-1.87127E+01 -3.36031E+00 
-1.89125E+01 -3.34945E+00 
-1.91080E+01 -3.32807E+00 
-1.92969E+01 -3.29415E+00 
-1.94768E+01 -3.24536E+00 
-1.96468E+01 -3.17888E+00 
-1.98117E+01 -3.09034E+00 
-1.99956E+01 -2.96959E+00 
-2.02805E+01 -2.78527E+00 
-2.08537E+01 -2.44918E+00 
-2.18414E+01 -1.82847E+00 
-2.28338E+01 -9.51924E-01 
-2.32000E+01 -6.15285E-02 
-1.33547E+01 -2.54563E+00 
-1.35193E+01 -2.57352E+00 
-1.35788E+01 -2.56516E+00 
-1.37306E+01 -2.58858E+00 
-1.38842E+01 -2.61185E+00 
-1.40397E+01 -2.63456E+00 
-1.41969E+01 -2.65622E+00 
-1.43196E+01 -2.67189E+00 
-1.43556E+01 -2.67625E+00 
-1.45282E+01 -2.69530E+00 
-1.47016E+01 -2.71084E+00 
-1.48751E+01 -2.72191E+00 
-1.50476E+01 -2.72745E+00 
-1.51802E+01 -2.71294E+00 
-1.53374E+01 -2.70068E+00 
-1.54901E+01 -2.67928E+00 
-1.56361E+01 -2.64704E+00 
-1.57733E+01 -2.60203E+00 
-1.59006E+01 -2.54183E+00 
-1.60212E+01 -2.46257E+00 
-1.61534E+01 -2.35478E+00 
-1.63597E+01 -2.18882E+00 
-1.67813E+01 -1.88220E+00 
-1.75056E+01 -1.31461E+00 
-1.82063E+01 -5.22191E-01 
-1.84014E+01 2.65146E-01 
-1.08478E+01 -2.06791E+00 
-1.09810E+01 -2.09052E+00 
-1.10278E+01 -2.08183E+00 
-1.11503E+01 -2.10066E+00 
-1.12744E+01 -2.11930E+00 
-1.13999E+01 -2.13735E+00 
-1.15267E+01 -2.15439E+00 
-1.16256E+01 -2.16656E+00 
-1.16546E+01 -2.16991E+00 
-1.17934E+01 -2.18431E+00 
-1.19327E+01 -2.19556E+00 
-1.20715E+01 -2.20283E+00 
-1.22090E+01 -2.20523E+00 
-1.23119E+01 -2.19139E+00 
-1.24352E+01 -2.17860E+00 
-1.25538E+01 -2.15790E+00 
-1.26659E+01 -2.12787E+00 
-1.27695E+01 -2.08691E+00 
-1.28634E+01 -2.03298E+00 
-1.29497E+01 -1.96263E+00 
-1.30421E+01 -1.86714E+00 
-1.31877E+01 -1.71879E+00 
-1.34913E+01 -1.44118E+00 
-1.40107E+01 -9.25981E-01 
-1.44870E+01 -2.13936E-01 
-1.45563E+01 4.79161E-01 
-8.81105E+00 -1.68095E+00 
-8.91874E+00 -1.69937E+00 
-8.95503E+00 -1.69094E+00 
-9.05394E+00 -1.70614E+00 
-9.15405E+00 -1.72110E+00 
-9.25529E+00 -1.73547E+00 
-9.35752E+00 -1.74888E+00 
-9.43717E+00 -1.75831E+00 
-9.46053E+00 -1.76087E+00 
-9.57210E+00 -1.77169E+00 
-9.68368E+00 -1.77969E+00 
-9.79455E+00 -1.78418E+00 
-9.90383E+00 -1.78441E+00 
-9.98327E+00 -1.77167E+00 
-1.00795E+01 -1.75896E+00 
-1.01711E+01 -1.73943E+00 
-1.02564E+01 -1.71191E+00 
-1.03337E+01 -1.67508E+00 
-1.04017E+01 -1.62722E+00 
-1.04617E+01 -1.56528E+00 
-1.05238E+01 -1.48127E+00 
-1.06229E+01 -1.34953E+00 
-1.08354E+01 -1.09988E+00 
-1.11963E+01 -6.35278E-01 
-1.15015E+01 1.02441E-03 
-1.14803E+01 6.08565E-01 
-7.15635E+00 -1.36764E+00 
-7.24339E+00 -1.38272E+00 
-7.27111E+00 -1.37501E+00 
-7.35089E+00 -1.38732E+00 
-7.43164E+00 -1.39937E+00 
-7.51326E+00 -1.41084E+00 
-7.59561E+00 -1.42140E+00 
-7.65969E+00 -1.42870E+00 
-7.67846E+00 -1.43067E+00 
-7.76801E+00 -1.43875E+00 
-7.85729E+00 -1.44433E+00 
-7.94563E+00 -1.44683E+00 
-8.03225E+00 -1.44563E+00 
-8.09311E+00 -1.43424E+00 
-8.16780E+00 -1.42204E+00 
-8.23809E+00 -1.40397E+00 
-8.30242E+00 -1.37910E+00 
-8.35920E+00 -1.34632E+00 
-8.40728E+00 -1.30421E+00 
-8.44733E+00 -1.25008E+00 
-8.48652E+00 -1.17664E+00 
-8.55033E+00 -1.06035E+00 
-8.69292E+00 -8.37201E-01 
-8.93241E+00 -4.20685E-01 
-9.10851E+00 1.45048E-01 
-9.02403E+00 6.75413E-01 
-5.81209E+00 -1.11403E+00 
-5.88240E+00 -1.12646E+00 
-5.90316E+00 -1.11976E+00 
-5.96748E+00 -1.12980E+00 
-6.03257E+00 -1.13955E+00 
-6.09833E+00 -1.14874E+00 
-6.16460E+00 -1.15708E+00 
-6.21610E+00 -1.16275E+00 
-6.23117E+00 -1.16425E+00 
-6.30294E+00 -1.17027E+00 
-6.37423E+00 -1.17407E+00 
-6.44445E+00 -1.17519E+00 
-6.51288E+00 -1.17312E+00 
-6.55913E+00 -1.16320E+00 
-6.61680E+00 -1.15177E+00 
-6.67027E+00 -1.13534E+00 
-6.71820E+00 -1.11311E+00 
-6.75915E+00 -1.08422E+00 
-6.79202E+00 -1.04745E+00 
-6.81703E+00 -1.00046E+00 
-6.83919E+00 -9.36655E-01 
-6.87654E+00 -8.34568E-01 
-6.96608E+00 -6.36197E-01 
-7.11336E+00 -2.64801E-01 
-7.19351E+00 2.35797E-01 
-7.06659E+00 6.96942E-01 
-4.72020E+00 -9.08805E-01 
-4.77697E+00 -9.19129E-01 
-4.79213E+00 -9.13634E-01 
-4.84396E+00 -9.21880E-01 
-4.89639E+00 -9.29826E-01 
-4.94933E+00 -9.37235E-01 
-5.00262E+00 -9.43854E-01 
-5.04395E+00 -9.48262E-01 
-5.05603E+00 -9.49411E-01 
-5.11346E+00 -9.53887E-01 
-5.17027E+00 -9.56422E-01 
-5.22594E+00 -9.56625E-01 
-5.27981E+00 -9.54084E-01 
-5.31463E+00 -9.45658E-01 
-5.35887E+00 -9.35168E-01 
-5.39918E+00 -9.20410E-01 
-5.43436E+00 -9.00759E-01 
-5.46317E+00 -8.75500E-01 
-5.48456E+00 -8.43623E-01 
-5.49844E+00 -8.03087E-01 
-5.50813E+00 -7.47961E-01 
-5.52594E+00 -6.58797E-01 
-5.57570E+00 -4.83346E-01 
-5.65384E+00 -1.53832E-01 
-5.66391E+00 2.87137E-01 
-5.51041E+00 6.86523E-01 
-3.83339E+00 -7.42757E-01 
-3.87922E+00 -7.51410E-01 
-3.88992E+00 -7.47218E-01 
-3.93165E+00 -7.54051E-01 
-3.97387E+00 -7.60578E-01 
-4.01646E+00 -7.66595E-01 
-4.05926E+00 -7.71887E-01 
-4.09239E+00 -7.75340E-01 
-4.10206E+00 -7.76226E-01 
-4.14793E+00 -7.79563E-01 
-4.19311E+00 -7.81206E-01 
-4.23711E+00 -7.80832E-01 
-4.27937E+00 -7.78109E-01 
-4.30531E+00 -7.71132E-01 
-4.33899E+00 -7.61651E-01 
-4.36904E+00 -7.48547E-01 
-4.39441E+00 -7.31323E-01 
-4.41399E+00 -7.09402E-01 
-4.42682E+00 -6.81948E-01 
-4.43260E+00 -6.47185E-01 
-4.43338E+00 -5.99806E-01 
-4.43705E+00 -5.22294E-01 
-4.45744E+00 -3.67845E-01 
-4.48453E+00 -7.68627E-02 
-4.44466E+00 3.09898E-01 
-4.27647E+00 6.54448E-01 
-3.11326E+00 -6.08408E-01 
-3.15024E+00 -6.15730E-01 
-3.15743E+00 -6.12871E-01 
-3.19102E+00 -6.18589E-01 
-3.22499E+00 -6.24002E-01 
-3.25922E+00 -6.28936E-01 
-3.29357E+00 -6.33207E-01 
-3.32010E+00 -6.35938E-01 
-3.32783E+00 -6.36627E-01 
-3.36441E+00 -6.39134E-01 
-3.40025E+00 -6.40167E-01 
-3.43493E+00 -6.39462E-01 
-3.46795E+00 -6.36752E-01 
-3.48704E+00 -6.31127E-01 
-3.51247E+00 -6.22662E-01 
-3.53458E+00 -6.11134E-01 
-3.55244E+00 -5.96150E-01 
-3.56510E+00 -5.77250E-01 
-3.57167E+00 -5.53743E-01 
-3.57171E+00 -5.24091E-01 
-3.56630E+00 -4.83565E-01 
-3.56001E+00 -4.16479E-01 
-3.55913E+00 -2.81119E-01 
-3.54932E+00 -2.53101E-02 
-3.47503E+00 3.12478E-01 
-3.30096E+00 6.08559E-01 
-2.52858E+00 -4.99687E-01 
-2.55841E+00 -5.05945E-01 
-2.56289E+00 -5.04395E-01 
-2.58992E+00 -5.09233E-01 
-2.61724E+00 -5.13769E-01 
-2.64474E+00 -5.17858E-01 
-2.67228E+00 -5.21345E-01 
-2.69349E+00 -5.23532E-01 
-2.69967E+00 -5.24075E-01 
-2.72879E+00 -5.25981E-01 
-2.75716E+00 -5.26608E-01 
-2.78442E+00 -5.25742E-01 
-2.81011E+00 -5.23167E-01 
-2.82396E+00 -5.18764E-01 
-2.84299E+00 -5.11278E-01 
-2.85899E+00 -5.01210E-01 
-2.87118E+00 -4.88255E-01 
-2.87872E+00 -4.72049E-01 
-2.88080E+00 -4.52025E-01 
-2.87690E+00 -4.26853E-01 
-2.86740E+00 -3.92341E-01 
-2.85435E+00 -3.34513E-01 
-2.83851E+00 -2.16379E-01 
-2.80275E+00 7.53824E-03 
-2.70595E+00 3.01332E-01 
-2.53237E+00 5.54756E-01 
-2.05397E+00 -4.11670E-01 
-2.07805E+00 -4.17072E-01 
-2.08045E+00 -4.16765E-01 
-2.10220E+00 -4.20902E-01 
-2.12418E+00 -4.24745E-01 
-2.14626E+00 -4.28172E-01 
-2.16832E+00 -4.31054E-01 
-2.18528E+00 -4.32829E-01 
-2.19020E+00 -4.33263E-01 
-2.21335E+00 -4.34736E-01 
-2.23577E+00 -4.35100E-01 
-2.25713E+00 -4.34182E-01 
-2.27704E+00 -4.31809E-01 
-2.28694E+00 -4.28477E-01 
-2.30102E+00 -4.21900E-01 
-2.31238E+00 -4.13156E-01 
-2.32033E+00 -4.02008E-01 
-2.32415E+00 -3.88173E-01 
-2.32311E+00 -3.71188E-01 
-2.31666E+00 -3.49907E-01 
-2.30464E+00 -3.20631E-01 
-2.28726E+00 -2.70970E-01 
-2.26128E+00 -1.68282E-01 
-2.20802E+00 2.68962E-02 
-2.09773E+00 2.81373E-01 
-1.92914E+00 4.97407E-01 
-1.66343E+00 -3.39371E-01 
-1.68282E+00 -3.44066E-01 
-1.68367E+00 -3.44921E-01 
-1.70112E+00 -3.48486E-01 
-1.71874E+00 -3.51768E-01 
-1.73641E+00 -3.54663E-01 
-1.75402E+00 -3.57068E-01 
-1.76751E+00 -3.58523E-01 
-1.77142E+00 -3.58874E-01 
-1.78974E+00 -3.60027E-01 
-1.80737E+00 -3.60219E-01 
-1.82400E+00 -3.59314E-01 
-1.83932E+00 -3.57171E-01 
-1.84623E+00 -3.54763E-01 
-1.85648E+00 -3.49019E-01 
-1.86429E+00 -3.41465E-01 
-1.86908E+00 -3.31924E-01 
-1.87023E+00 -3.20180E-01 
-1.86710E+00 -3.05856E-01 
-1.85910E+00 -2.87973E-01 
-1.84572E+00 -2.63286E-01 
-1.82582E+00 -2.20887E-01 
-1.79331E+00 -1.32170E-01 
-1.72885E+00 3.68762E-02 
-1.61175E+00 2.55872E-01 
-1.45133E+00 4.38794E-01 
-1.35208E+00 -2.81747E-01 
-1.36775E+00 -2.85867E-01 
-1.36753E+00 -2.87744E-01 
-1.38158E+00 -2.90850E-01 
-1.39576E+00 -2.93683E-01 
-1.40997E+00 -2.96158E-01 
-1.42408E+00 -2.98188E-01 
-1.43485E+00 -2.99397E-01 
-1.43797E+00 -2.99685E-01 
-1.45252E+00 -3.00600E-01 
-1.46641E+00 -3.00681E-01 
-1.47940E+00 -2.99816E-01 
-1.49119E+00 -2.97896E-01 
-1.49595E+00 -2.96233E-01 
-1.50335E+00 -2.91208E-01 
-1.50857E+00 -2.84673E-01 
-1.51113E+00 -2.76497E-01 
-1.51049E+00 -2.66516E-01 
-1.50608E+00 -2.54427E-01 
-1.49733E+00 -2.39394E-01 
-1.48347E+00 -2.18578E-01 
-1.46243E+00 -1.82401E-01 
-1.42628E+00 -1.05865E-01 
-1.35566E+00 4.02680E-02 
-1.23684E+00 2.28373E-01 
-1.08642E+00 3.82984E-01 
-1.09952E+00 -2.34925E-01 
-1.11221E+00 -2.38560E-01 
-1.11126E+00 -2.41323E-01 
-1.12261E+00 -2.44044E-01 
-1.13404E+00 -2.46502E-01 
-1.14547E+00 -2.48628E-01 
-1.15679E+00 -2.50349E-01 
-1.16541E+00 -2.51357E-01 
-1.16789E+00 -2.51594E-01 
-1.17945E+00 -2.52319E-01 
-1.19041E+00 -2.52315E-01 
-1.20054E+00 -2.51495E-01 
-1.20961E+00 -2.49772E-01 
-1.21282E+00 -2.48696E-01 
-1.21808E+00 -2.44288E-01 
-1.22141E+00 -2.38623E-01 
-1.22240E+00 -2.31608E-01 
-1.22059E+00 -2.23124E-01 
-1.21549E+00 -2.12927E-01 
-1.20653E+00 -2.00304E-01 
-1.19279E+00 -1.82785E-01 
-1.17158E+00 -1.52002E-01 
-1.13382E+00 -8.62141E-02 
-1.06064E+00 3.95848E-02 
-9.43642E-01 2.00453E-01 
-8.04316E-01 3.30540E-01 
-8.94722E-01 -1.96787E-01 
-9.05038E-01 -2.00004E-01 
-9.03645E-01 -2.03506E-01 
-9.12829E-01 -2.05894E-01 
-9.22071E-01 -2.08030E-01 
-9.31291E-01 -2.09855E-01 
-9.40398E-01 -2.11311E-01 
-9.47301E-01 -2.12146E-01 
-9.49287E-01 -2.12337E-01 
-9.58494E-01 -2.12897E-01 
-9.67147E-01 -2.12817E-01 
-9.75061E-01 -2.12028E-01 
-9.82030E-01 -2.10464E-01 
-9.84172E-01 -2.09826E-01 
-9.87840E-01 -2.05934E-01 
-9.89814E-01 -2.01000E-01 
-9.89740E-01 -1.94961E-01 
-9.87228E-01 -1.87731E-01 
-9.81848E-01 -1.79119E-01 
-9.73057E-01 -1.68520E-01 
-9.59847E-01 -1.53791E-01 
-9.39150E-01 -1.27659E-01 
-9.01265E-01 -7.13134E-02 
-8.28122E-01 3.65196E-02 
-7.15421E-01 1.73473E-01 
-5.87666E-01 2.82394E-01 
-7.28720E-01 -1.65619E-01 
-7.37136E-01 -1.68463E-01 
-7.35531E-01 -1.72553E-01 
-7.42994E-01 -1.74644E-01 
-7.50496E-01 -1.76491E-01 
-7.57964E-01 -1.78047E-01 
-7.65318E-01 -1.79262E-01 
-7.70873E-01 -1.79939E-01 
-7.72467E-01 -1.80089E-01 
-7.79827E-01 -1.80491E-01 
-7.86687E-01 -1.80329E-01 
-7.92890E-01 -1.79548E-01 
-7.98257E-01 -1.78098E-01 
-7.99678E-01 -1.77763E-01 
-8.02188E-01 -1.74293E-01 
-8.03212E-01 -1.69962E-01 
-8.02449E-01 -1.64731E-01 
-7.99572E-01 -1.58543E-01 
-7.94204E-01 -1.51247E-01 
-7.85840E-01 -1.42333E-01 
-7.73427E-01 -1.29952E-01 
-7.53694E-01 -1.07814E-01 
-7.16727E-01 -5.97298E-02 
-6.45469E-01 3.22944E-02 
-5.38705E-01 1.48330E-01 
-4.22547E-01 2.39052E-01 
-5.94034E-01 -1.39996E-01 
-6.00938E-01 -1.42499E-01 
-5.99298E-01 -1.47025E-01 
-6.05398E-01 -1.48840E-01 
-6.11521E-01 -1.50419E-01 
-6.17604E-01 -1.51722E-01 
-6.23576E-01 -1.52710E-01 
-6.28070E-01 -1.53233E-01 
-6.29357E-01 -1.53343E-01 
-6.35275E-01 -1.53585E-01 
-6.40746E-01 -1.53326E-01 
-6.45633E-01 -1.52525E-01 
-6.49787E-01 -1.51144E-01 
-6.50748E-01 -1.50991E-01 
-6.52426E-01 -1.47859E-01 
-6.52803E-01 -1.44019E-01 
-6.51628E-01 -1.39452E-01 
-6.48623E-01 -1.34121E-01 
-6.43465E-01 -1.27911E-01 
-6.35684E-01 -1.20393E-01 
-6.24223E-01 -1.09981E-01 
-6.05742E-01 -9.12646E-02 
-5.70402E-01 -5.03917E-02 
-5.02293E-01 2.77552E-02 
-4.02485E-01 1.25537E-01 
-2.97646E-01 2.00647E-01 
-4.85037E-01 -1.18852E-01 
-4.90744E-01 -1.21033E-01 
-4.89208E-01 -1.25846E-01 
-4.94234E-01 -1.27396E-01 
-4.99272E-01 -1.28717E-01 
-5.04267E-01 -1.29776E-01 
-5.09157E-01 -1.30541E-01 
-5.12824E-01 -1.30910E-01 
-5.13871E-01 -1.30980E-01 
-5.18671E-01 -1.31054E-01 
-5.23072E-01 -1.30681E-01 
-5.26958E-01 -1.29830E-01 
-5.30201E-01 -1.28477E-01 
-5.30893E-01 -1.28402E-01 
-5.31983E-01 -1.25534E-01 
-5.31938E-01 -1.22088E-01 
-5.30547E-01 -1.18058E-01 
-5.27579E-01 -1.13427E-01 
-5.22752E-01 -1.08106E-01 
-5.15637E-01 -1.01738E-01 
-5.05199E-01 -9.29672E-02 
-4.88125E-01 -7.71667E-02 
-4.54862E-01 -4.25560E-02 
-3.90708E-01 2.34777E-02 
-2.98384E-01 1.05422E-01 
-2.04341E-01 1.67215E-01 
-3.96895E-01 -1.01276E-01 
-4.01658E-01 -1.03148E-01 
-4.00329E-01 -1.08103E-01 
-4.04513E-01 -1.09393E-01 
-4.08702E-01 -1.10461E-01 
-4.12847E-01 -1.11278E-01 
-4.16892E-01 -1.11819E-01 
-4.19917E-01 -1.12032E-01 
-4.20779E-01 -1.12059E-01 
-4.24714E-01 -1.11955E-01 
-4.28296E-01 -1.11450E-01 
-4.31423E-01 -1.10524E-01 
-4.33986E-01 -1.09162E-01 
-4.34541E-01 -1.09081E-01 
-4.35224E-01 -1.06416E-01 
-4.34917E-01 -1.03284E-01 
-4.33446E-01 -9.96888E-02 
-4.30616E-01 -9.56263E-02 
-4.26187E-01 -9.10313E-02 
-4.19766E-01 -8.56064E-02 
-4.10361E-01 -7.82008E-02 
-3.94753E-01 -6.48806E-02 
-3.63819E-01 -3.56916E-02 
-3.04083E-01 1.98070E-02 
-2.19414E-01 8.80601E-02 
-1.35495E-01 1.38539E-01 
-3.25709E-01 -8.65404E-02 
-3.29732E-01 -8.81098E-02 
-3.28682E-01 -9.30730E-02 
-3.32210E-01 -9.41050E-02 
-3.35737E-01 -9.49193E-02 
-3.39220E-01 -9.54943E-02 
-3.42610E-01 -9.58095E-02 
-3.45137E-01 -9.58632E-02 
-3.45855E-01 -9.58463E-02 
-3.49125E-01 -9.55554E-02 
-3.52080E-01 -9.49051E-02 
-3.54632E-01 -9.38836E-02 
-3.56688E-01 -9.24846E-02 
-3.57194E-01 -9.23320E-02 
-3.57599E-01 -8.98235E-02 
-3.57141E-01 -8.69406E-02 
-3.55676E-01 -8.36974E-02 
-3.53042E-01 -8.00982E-02 
-3.49034E-01 -7.60963E-02 
-3.43297E-01 -7.14460E-02 
-3.34890E-01 -6.51754E-02 
-3.20739E-01 -5.39619E-02 
-2.92239E-01 -2.94530E-02 
-2.37119E-01 1.69183E-02 
-1.60010E-01 7.33856E-02 
-8.54529E-02 1.14293E-01 
-2.68221E-01 -7.40442E-02 
-2.71665E-01 -7.53147E-02 
-2.70941E-01 -8.01631E-02 
-2.73960E-01 -8.09356E-02 
-2.76972E-01 -8.14963E-02 
-2.79940E-01 -8.18285E-02 
-2.82821E-01 -8.19167E-02 
-2.84961E-01 -8.18090E-02 
-2.85568E-01 -8.17476E-02 
-2.88323E-01 -8.12648E-02 
-2.90795E-01 -8.04611E-02 
-2.92910E-01 -7.93319E-02 
-2.94585E-01 -7.78782E-02 
-2.95093E-01 -7.76077E-02 
-2.95308E-01 -7.52213E-02 
-2.94772E-01 -7.25409E-02 
-2.93364E-01 -6.95862E-02 
-2.90951E-01 -6.63687E-02 
-2.87358E-01 -6.28558E-02 
-2.82267E-01 -5.88455E-02 
-2.74796E-01 -5.35225E-02 
-2.62043E-01 -4.41006E-02 
-2.35978E-01 -2.36272E-02 
-1.85487E-01 1.48551E-02 
-1.15668E-01 6.12049E-02 
-4.96747E-02 9.40400E-02 
-2.21885E-01 -6.33298E-02 
-2.24877E-01 -6.43044E-02 
-2.24506E-01 -6.89296E-02 
-2.27128E-01 -6.94424E-02 
-2.29740E-01 -6.97505E-02 
-2.32306E-01 -6.98415E-02 
-2.34789E-01 -6.97046E-02 
-2.36628E-01 -6.94368E-02 
-2.37149E-01 -6.93313E-02 
-2.39502E-01 -6.86576E-02 
-2.41599E-01 -6.76995E-02 
-2.43375E-01 -6.64589E-02 
-2.44760E-01 -6.49428E-02 
-2.45294E-01 -6.45263E-02 
-2.45378E-01 -6.22409E-02 
-2.44806E-01 -5.97304E-02 
-2.43479E-01 -5.70186E-02 
-2.41287E-01 -5.41215E-02 
-2.38084E-01 -5.10175E-02 
-2.33583E-01 -4.75415E-02 
-2.26966E-01 -4.30144E-02 
-2.15521E-01 -3.51181E-02 
-1.91813E-01 -1.81168E-02 
-1.45826E-01 1.35724E-02 
-8.28960E-02 5.12745E-02 
-2.46556E-02 7.73335E-02 
-1.84552E-01 -5.40131E-02 
-1.87189E-01 -5.46967E-02 
-1.87177E-01 -5.90075E-02 
-1.89491E-01 -5.92637E-02 
-1.91788E-01 -5.93242E-02 
-1.94037E-01 -5.91803E-02 
-1.96206E-01 -5.88257E-02 
-1.97805E-01 -5.84041E-02 
-1.98256E-01 -5.82563E-02 
-2.00290E-01 -5.74004E-02 
-2.02089E-01 -5.62960E-02 
-2.03595E-01 -5.49501E-02 
-2.04751E-01 -5.33747E-02 
-2.05317E-01 -5.28021E-02 
-2.05304E-01 -5.06084E-02 
-2.04718E-01 -4.82494E-02 
-2.03477E-01 -4.57507E-02 
-2.01492E-01 -4.31313E-02 
-1.98638E-01 -4.03776E-02 
-1.94662E-01 -3.73558E-02 
-1.88809E-01 -3.35043E-02 
-1.78563E-01 -2.69123E-02 
-1.57084E-01 -1.28962E-02 
-1.15382E-01 1.29600E-02 
-5.88640E-02 4.32971E-02 
-7.58096E-03 6.36908E-02 
-1.54516E-01 -4.58124E-02 
-1.56873E-01 -4.62132E-02 
-1.57211E-01 -5.01370E-02 
-1.59280E-01 -5.01442E-02 
-1.61326E-01 -4.99668E-02 
-1.63321E-01 -4.95999E-02 
-1.65234E-01 -4.90409E-02 
-1.66638E-01 -4.84765E-02 
-1.67034E-01 -4.82898E-02 
-1.68806E-01 -4.72680E-02 
-1.70358E-01 -4.60332E-02 
-1.71642E-01 -4.45969E-02 
-1.72607E-01 -4.29747E-02 
-1.73195E-01 -4.22508E-02 
-1.73105E-01 -4.01493E-02 
-1.72511E-01 -3.79341E-02 
-1.71348E-01 -3.56317E-02 
-1.69544E-01 -3.32619E-02 
-1.66995E-01 -3.08173E-02 
-1.63474E-01 -2.81898E-02 
-1.58291E-01 -2.49195E-02 
-1.49125E-01 -1.94475E-02 
-1.29716E-01 -7.99543E-03 
-9.20210E-02 1.28690E-02 
-4.13953E-02 3.69598E-02 
3.69192E-03 5.26391E-02 
-1.30381E-01 -3.85074E-02 
-1.32513E-01 -3.86382E-02 
-1.33178E-01 -4.21227E-02 
-1.35048E-01 -4.18942E-02 
-1.36888E-01 -4.14947E-02 
-1.38671E-01 -4.09228E-02 
-1.40370E-01 -4.01794E-02 
-1.41609E-01 -3.94887E-02 
-1.41957E-01 -3.92680E-02 
-1.43505E-01 -3.81040E-02 
-1.44845E-01 -3.67626E-02 
-1.45936E-01 -3.52586E-02 
-1.46734E-01 -3.36101E-02 
-1.47325E-01 -3.27527E-02 
-1.47164E-01 -3.07519E-02 
-1.46558E-01 -2.86821E-02 
-1.45458E-01 -2.65689E-02 
-1.43805E-01 -2.44325E-02 
-1.41512E-01 -2.22692E-02 
-1.38378E-01 -1.99928E-02 
-1.33772E-01 -1.72301E-02 
-1.25565E-01 -1.27252E-02 
-1.08051E-01 -3.47357E-03 
-7.40503E-02 1.31337E-02 
-2.87827E-02 3.19508E-02 
1.08241E-02 4.37269E-02 
-1.10978E-01 -3.19335E-02 
-1.12923E-01 -3.18128E-02 
-1.13883E-01 -3.48262E-02 
-1.15585E-01 -3.43817E-02 
-1.17247E-01 -3.37824E-02 
-1.18847E-01 -3.30300E-02 
-1.20359E-01 -3.21286E-02 
-1.21453E-01 -3.13328E-02 
-1.21758E-01 -3.10845E-02 
-1.23106E-01 -2.98087E-02 
-1.24256E-01 -2.83909E-02 
-1.25170E-01 -2.68481E-02 
-1.25814E-01 -2.51999E-02 
-1.26385E-01 -2.42369E-02 
-1.26153E-01 -2.23509E-02 
-1.25529E-01 -2.04339E-02 
-1.24473E-01 -1.85104E-02 
-1.22940E-01 -1.65994E-02 
-1.20856E-01 -1.47000E-02 
-1.18045E-01 -1.27434E-02 
-1.13930E-01 -1.04312E-02 
-1.06566E-01 -6.76611E-03 
-9.07664E-02 5.98701E-04 
-6.01357E-02 1.35889E-02 
-1.96995E-02 2.79752E-02 
1.50865E-02 3.65375E-02 
-9.53831E-02 -2.59738E-02 
-9.71656E-02 -2.56259E-02 
-9.83790E-02 -2.81567E-02 
-9.99310E-02 -2.75220E-02 
-1.01434E-01 -2.67511E-02 
-1.02867E-01 -2.58486E-02 
-1.04208E-01 -2.48209E-02 
-1.05167E-01 -2.39452E-02 
-1.05432E-01 -2.36766E-02 
-1.06595E-01 -2.23244E-02 
-1.07566E-01 -2.08649E-02 
-1.08313E-01 -1.93161E-02 
-1.08807E-01 -1.76985E-02 
-1.09335E-01 -1.66647E-02 
-1.09028E-01 -1.49105E-02 
-1.08374E-01 -1.31577E-02 
-1.07343E-01 -1.14286E-02 
-1.05899E-01 -9.74033E-03 
-1.03982E-01 -8.09359E-03 
-1.01435E-01 -6.43429E-03 
-9.77352E-02 -4.52700E-03 
-9.11054E-02 -1.59472E-03 
-7.68435E-02 4.15503E-03 
-4.92601E-02 1.40862E-02 
-1.31501E-02 2.47717E-02 
1.74155E-02 3.07056E-02 
-8.28074E-02 -2.05422E-02 
-8.44420E-02 -1.99966E-02 
-8.58631E-02 -2.20510E-02 
-8.72747E-02 -2.12570E-02 
-8.86277E-02 -2.03474E-02 
-8.99026E-02 -1.93292E-02 
-9.10795E-02 -1.82106E-02 
-9.19097E-02 -1.72827E-02 
-9.21376E-02 -1.70020E-02 
-9.31219E-02 -1.56116E-02 
-9.39185E-02 -1.41471E-02 
-9.45026E-02 -1.26271E-02 
-9.48503E-02 -1.10716E-02 
-9.53103E-02 -1.00050E-02 
-9.49242E-02 -8.40080E-03 
-9.42308E-02 -6.82472E-03 
-9.32075E-02 -5.29647E-03 
-9.18272E-02 -3.83112E-03 
-9.00401E-02 -2.42990E-03 
-8.77074E-02 -1.05076E-03 
-8.43538E-02 4.88377E-04 
-7.83615E-02 2.77849E-03 
-6.54731E-02 7.14758E-03 
-4.06315E-02 1.45023E-02 
-8.38036E-03 2.21133E-02 
1.84984E-02 2.59114E-02 
-7.26785E-02 -1.56095E-02 
-7.41726E-02 -1.49011E-02 
-7.57525E-02 -1.65038E-02 
-7.70272E-02 -1.55862E-02 
-7.82337E-02 -1.45751E-02 
-7.93543E-02 -1.34789E-02 
-8.03715E-02 -1.23074E-02 
-8.10761E-02 -1.13564E-02 
-8.12672E-02 -1.10719E-02 
-8.20769E-02 -9.68232E-03 
-8.27037E-02 -8.24988E-03 
-8.31277E-02 -6.79263E-03 
-8.33301E-02 -5.32938E-03 
-8.37030E-02 -4.26861E-03 
-8.32342E-02 -2.83045E-03 
-8.24929E-02 -1.44184E-03 
-8.14632E-02 -1.19633E-04 
-8.01248E-02 1.12355E-03 
-7.84367E-02 2.28644E-03 
-7.62759E-02 3.40131E-03 
-7.32106E-02 4.60558E-03 
-6.77684E-02 6.33495E-03 
-5.60965E-02 9.53338E-03 
-3.37002E-02 1.47414E-02 
-4.86277E-03 1.98288E-02 
1.88174E-02 2.19145E-02 
-6.44384E-02 -1.11190E-02 
-6.57936E-02 -1.02847E-02 
-6.74838E-02 -1.14715E-02 
-6.86204E-02 -1.04679E-02 
-6.96798E-02 -9.39335E-03 
-7.06463E-02 -8.25742E-03 
-7.15045E-02 -7.07072E-03 
-7.20845E-02 -6.12505E-03 
-7.22391E-02 -5.84494E-03 
-7.28760E-02 -4.49383E-03 
-7.33352E-02 -3.12827E-03 
-7.36010E-02 -1.76521E-03 
-7.36596E-02 -4.21730E-04 
-7.39302E-02 5.96947E-04 
-7.33769E-02 1.85531E-03 
-7.25823E-02 3.04762E-03 
-7.15358E-02 4.15999E-03 
-7.02232E-02 5.18238E-03 
-6.86106E-02 6.11386E-03 
-6.65886E-02 6.97871E-03 
-6.37651E-02 7.87710E-03 
-5.88004E-02 9.11553E-03 
-4.82096E-02 1.13220E-02 
-2.79979E-02 1.47462E-02 
-2.18668E-03 1.77712E-02 
1.87095E-02 1.84922E-02 
-5.76911E-02 -7.05496E-03 
-5.89059E-02 -6.13373E-03 
-6.06595E-02 -6.95050E-03 
-6.16551E-02 -5.89922E-03 
-6.25654E-02 -4.79944E-03 
-6.33768E-02 -3.66129E-03 
-6.40761E-02 -2.49562E-03 
-6.45323E-02 -1.58210E-03 
-6.46507E-02 -1.31397E-03 
-6.51172E-02 -3.57520E-05 
-6.54118E-02 1.23181E-03 
-6.55229E-02 2.47345E-03 
-6.54410E-02 3.67424E-03 
-6.55991E-02 4.61887E-03 
-6.49621E-02 5.68795E-03 
-6.41121E-02 6.67909E-03 
-6.30431E-02 7.58141E-03 
-6.17452E-02 8.38738E-03 
-6.01909E-02 9.09666E-03 
-5.82825E-02 9.72701E-03 
-5.56636E-02 1.03477E-02 
-5.11152E-02 1.11589E-02 
-4.14846E-02 1.25313E-02 
-2.32196E-02 1.44875E-02 
-8.42972E-05 1.58451E-02 
1.83924E-02 1.54939E-02 
-5.21102E-02 -3.40255E-03 
-5.31809E-02 -2.43337E-03 
-5.49544E-02 -2.93214E-03 
-5.58051E-02 -1.87072E-03 
-5.65639E-02 -7.82296E-04 
-5.72191E-02 3.22909E-04 
-5.77600E-02 1.43432E-03 
-5.80936E-02 2.29160E-03 
-5.81765E-02 2.54099E-03 
-5.84757E-02 3.71629E-03 
-5.86101E-02 4.85962E-03 
-5.85717E-02 5.95778E-03 
-5.83547E-02 6.99830E-03 
-5.83954E-02 7.84257E-03 
-5.76783E-02 8.71753E-03 
-5.67741E-02 9.50697E-03 
-5.56805E-02 1.02029E-02 
-5.43915E-02 1.08001E-02 
-5.28842E-02 1.12990E-02 
-5.10714E-02 1.17120E-02 
-4.86285E-02 1.20830E-02 
-4.44460E-02 1.25250E-02 
-3.56702E-02 1.32015E-02 
-1.91396E-02 1.39600E-02 
1.63002E-03 1.39843E-02 
1.80022E-02 1.28030E-02 
-4.74372E-02 -1.56179E-04 
-4.83592E-02 8.23910E-04 
-5.01133E-02 5.88826E-04 
-5.08151E-02 1.62583E-03 
-5.14202E-02 2.66988E-03 
-5.19189E-02 3.71114E-03 
-5.23028E-02 4.73972E-03 
-5.25160E-02 5.52057E-03 
-5.25640E-02 5.74567E-03 
-5.27009E-02 6.79383E-03 
-5.26813E-02 7.79272E-03 
-5.25006E-02 8.73147E-03 
-5.21562E-02 9.60018E-03 
-5.20792E-02 1.03244E-02 
-5.12881E-02 1.10055E-02 
-5.03342E-02 1.15973E-02 
-4.92178E-02 1.20946E-02 
-4.79359E-02 1.24944E-02 
-4.64696E-02 1.27976E-02 
-4.47405E-02 1.30125E-02 
-4.24527E-02 1.31618E-02 
-3.85953E-02 1.32881E-02 
-3.05830E-02 1.33892E-02 
-1.55990E-02 1.31804E-02 
3.07791E-03 1.21511E-02 
1.76161E-02 1.03396E-02 
-4.34574E-02 2.69540E-03 
-4.42275E-02 3.65129E-03 
-4.59288E-02 3.62494E-03 
-4.64799E-02 4.60589E-03 
-4.69312E-02 5.57615E-03 
-4.72754E-02 6.52662E-03 
-4.75058E-02 7.44844E-03 
-4.76027E-02 8.13654E-03 
-4.76173E-02 8.33296E-03 
-4.75993E-02 9.23552E-03 
-4.74345E-02 1.00757E-02 
-4.71214E-02 1.08451E-02 
-4.66600E-02 1.15364E-02 
-4.64697E-02 1.21277E-02 
-4.56134E-02 1.26198E-02 
-4.46169E-02 1.30226E-02 
-4.34827E-02 1.33329E-02 
-4.22100E-02 1.35500E-02 
-4.07831E-02 1.36752E-02 
-3.91311E-02 1.37131E-02 
-3.69837E-02 1.36694E-02 
-3.34187E-02 1.35295E-02 
-2.60913E-02 1.31602E-02 
-1.24880E-02 1.21787E-02 
4.33554E-03 1.03290E-02 
1.72715E-02 8.05135E-03 
-4.00064E-02 5.16089E-03 
-4.06224E-02 6.06074E-03 
-4.22431E-02 6.19010E-03 
-4.26434E-02 7.08747E-03 
-4.29432E-02 7.95907E-03 
-4.31368E-02 8.79687E-03 
-4.32199E-02 9.59329E-03 
-4.32062E-02 1.01766E-02 
-4.31892E-02 1.03412E-02 
-4.30262E-02 1.10858E-02 
-4.27276E-02 1.17591E-02 
-4.22942E-02 1.23553E-02 
-4.17284E-02 1.28693E-02 
-4.14331E-02 1.33214E-02 
-4.05227E-02 1.36343E-02 
-3.94933E-02 1.38606E-02 
-3.83490E-02 1.39995E-02 
-3.70906E-02 1.40516E-02 
-3.57048E-02 1.40189E-02 
-3.41275E-02 1.39027E-02 
-3.21108E-02 1.36947E-02 
-2.88123E-02 1.33347E-02 
-2.21018E-02 1.25864E-02 
-9.73334E-03 1.09965E-02 
5.44639E-03 8.51963E-03 
1.69785E-02 5.91042E-03 
-3.69543E-02 7.24020E-03 
-3.74158E-02 8.05742E-03 
-3.89339E-02 8.29439E-03 
-3.91855E-02 9.08650E-03 
-3.93376E-02 9.84075E-03 
-3.93868E-02 1.05504E-02 
-3.93305E-02 1.12093E-02 
-3.92136E-02 1.16807E-02 
-3.91673E-02 1.18118E-02 
-3.88713E-02 1.23929E-02 
-3.84521E-02 1.28979E-02 
-3.79125E-02 1.33231E-02 
-3.72567E-02 1.36659E-02 
-3.68679E-02 1.39791E-02 
-3.59161E-02 1.41265E-02 
-3.48653E-02 1.41927E-02 
-3.37206E-02 1.41787E-02 
-3.24839E-02 1.40864E-02 
-3.11438E-02 1.39177E-02 
-2.96417E-02 1.36716E-02 
-2.77500E-02 1.33282E-02 
-2.46975E-02 1.27905E-02 
-1.85459E-02 1.17425E-02 
-7.28482E-03 9.68225E-03 
6.43271E-03 6.73833E-03 
1.67296E-02 3.90772E-03 
-3.41998E-02 8.93218E-03 
-3.45106E-02 9.64613E-03 
-3.59116E-02 9.94818E-03 
-3.60208E-02 1.06197E-02 
-3.60339E-02 1.12444E-02 
-3.59490E-02 1.18170E-02 
-3.57652E-02 1.23328E-02 
-3.55552E-02 1.26904E-02 
-3.54828E-02 1.27878E-02 
-3.50693E-02 1.32067E-02 
-3.45460E-02 1.35484E-02 
-3.39170E-02 1.38111E-02 
-3.31882E-02 1.39943E-02 
-3.27204E-02 1.41752E-02 
-3.17416E-02 1.41751E-02 
-3.06823E-02 1.41013E-02 
-2.95483E-02 1.39559E-02 
-2.83421E-02 1.37418E-02 
-2.70537E-02 1.34611E-02 
-2.56291E-02 1.31101E-02 
-2.38589E-02 1.26598E-02 
-2.10351E-02 1.19843E-02 
-1.53903E-02 1.07065E-02 
-5.12088E-03 8.29364E-03 
7.29785E-03 5.01666E-03 
1.65078E-02 2.05552E-03 
-3.16422E-02 1.02557E-02 
-3.18058E-02 1.08515E-02 
-3.30789E-02 1.11848E-02 
-3.30519E-02 1.17259E-02 
-3.29340E-02 1.22143E-02 
-3.27248E-02 1.26460E-02 
-3.24250E-02 1.30179E-02 
-3.21318E-02 1.32631E-02 
-3.20362E-02 1.33276E-02 
-3.15204E-02 1.35898E-02 
-3.09088E-02 1.37767E-02 
-3.02071E-02 1.38885E-02 
-2.94218E-02 1.39262E-02 
-2.88902E-02 1.39846E-02 
-2.78989E-02 1.38560E-02 
-2.68444E-02 1.36625E-02 
-2.57329E-02 1.34073E-02 
-2.45671E-02 1.30937E-02 
-2.33380E-02 1.27239E-02 
-2.19956E-02 1.22919E-02 
-2.03463E-02 1.17609E-02 
-1.77400E-02 1.09823E-02 
-1.25631E-02 9.53322E-03 
-3.19682E-03 6.86333E-03 
8.04893E-03 3.36132E-03 
1.62857E-02 3.43014E-04 
-2.92242E-02 1.12052E-02 
-2.92511E-02 1.16750E-02 
-3.03942E-02 1.20129E-02 
-3.02436E-02 1.24207E-02 
-3.00089E-02 1.27730E-02 
-2.96910E-02 1.30671E-02 
-2.92918E-02 1.33011E-02 
-2.89288E-02 1.34404E-02 
-2.88140E-02 1.34741E-02 
-2.82150E-02 1.35918E-02 
-2.75346E-02 1.36388E-02 
-2.67793E-02 1.36166E-02 
-2.59562E-02 1.35277E-02 
-2.53782E-02 1.34787E-02 
-2.43898E-02 1.32436E-02 
-2.33539E-02 1.29532E-02 
-2.22768E-02 1.26114E-02 
-2.11612E-02 1.22221E-02 
-1.99987E-02 1.17866E-02 
-1.87426E-02 1.12974E-02 
-1.72139E-02 1.07112E-02 
-1.48140E-02 9.86188E-03 
-1.00678E-02 8.29403E-03 
-1.52061E-03 5.45102E-03 
8.67022E-03 1.81669E-03 
1.60391E-02 -1.19765E-03 
-2.69004E-02 1.18081E-02 
-2.68032E-02 1.21500E-02 
-2.78185E-02 1.24728E-02 
-2.75586E-02 1.27497E-02 
-2.72224E-02 1.29706E-02 
-2.68121E-02 1.31342E-02 
-2.63306E-02 1.32400E-02 
-2.59115E-02 1.32822E-02 
-2.57816E-02 1.32881E-02 
-2.51189E-02 1.32762E-02 
-2.43891E-02 1.32002E-02 
-2.35991E-02 1.30628E-02 
-2.27563E-02 1.28674E-02 
-2.21491E-02 1.27275E-02 
-2.11783E-02 1.24080E-02 
-2.01742E-02 1.20432E-02 
-1.91427E-02 1.16375E-02 
-1.80866E-02 1.11945E-02 
-1.69976E-02 1.07154E-02 
-1.58320E-02 1.01908E-02 
-1.44239E-02 9.57228E-03 
-1.22216E-02 8.68095E-03 
-7.87545E-03 7.03937E-03 
-7.78699E-05 4.09409E-03 
9.15574E-03 4.04686E-04 
1.57437E-02 -2.55589E-03 
-2.46407E-02 1.20841E-02 
-2.44342E-02 1.23018E-02 
-2.53281E-02 1.25972E-02 
-2.49750E-02 1.27505E-02 
-2.45548E-02 1.28498E-02 
-2.40703E-02 1.28948E-02 
-2.35250E-02 1.28859E-02 
-2.30641E-02 1.28428E-02 
-2.29233E-02 1.28243E-02 
-2.22167E-02 1.27009E-02 
-2.14568E-02 1.25213E-02 
-2.06507E-02 1.22892E-02 
-1.98057E-02 1.20087E-02 
-1.91860E-02 1.17960E-02 
-1.82463E-02 1.14138E-02 
-1.72859E-02 1.09964E-02 
-1.63102E-02 1.05480E-02 
-1.53216E-02 1.00723E-02 
-1.43119E-02 9.56973E-03 
-1.32402E-02 9.02925E-03 
-1.19523E-02 8.39872E-03 
-9.93964E-03 7.49023E-03 
-5.96706E-03 5.81382E-03 
1.14042E-03 2.82676E-03 
9.50040E-03 -8.52818E-04 
1.53823E-02 -3.71933E-03 
-2.24445E-02 1.20611E-02 
-2.21454E-02 1.21634E-02 
-2.29279E-02 1.24258E-02 
-2.24980E-02 1.24671E-02 
-2.20103E-02 1.24579E-02 
-2.14683E-02 1.23989E-02 
-2.08763E-02 1.22916E-02 
-2.03867E-02 1.21765E-02 
-2.02388E-02 1.21378E-02 
-1.95063E-02 1.19228E-02 
-1.87337E-02 1.16603E-02 
-1.79279E-02 1.13545E-02 
-1.70962E-02 1.10101E-02 
-1.64789E-02 1.07429E-02 
-1.55820E-02 1.03188E-02 
-1.46753E-02 9.86895E-03 
-1.37638E-02 9.39748E-03 
-1.28490E-02 8.90769E-03 
-1.19231E-02 8.39930E-03 
-1.09472E-02 7.86000E-03 
-9.77827E-03 7.23478E-03 
-7.94759E-03 6.33031E-03 
-4.32522E-03 4.65232E-03 
2.14356E-03 1.67505E-03 
9.70208E-03 -1.94045E-03 
1.49429E-02 -4.68096E-03 
-2.02871E-02 1.17764E-02 
-1.99135E-02 1.17753E-02 
-2.05960E-02 1.20027E-02 
-2.01079E-02 1.19459E-02 
-1.95719E-02 1.18436E-02 
-1.89920E-02 1.16975E-02 
-1.83727E-02 1.15095E-02 
-1.78692E-02 1.13369E-02 
-1.77184E-02 1.12821E-02 
-1.69795E-02 1.09959E-02 
-1.62123E-02 1.06712E-02 
-1.54235E-02 1.03126E-02 
-1.46199E-02 9.92464E-03 
-1.40191E-02 9.62063E-03 
-1.31755E-02 9.17367E-03 
-1.23311E-02 8.70950E-03 
-1.14903E-02 8.23215E-03 
-1.06541E-02 7.74439E-03 
-9.81454E-03 7.24524E-03 
-8.93514E-03 6.72125E-03 
-7.88288E-03 6.11562E-03 
-6.22637E-03 5.23276E-03 
-2.93312E-03 3.58122E-03 
2.94200E-03 6.57266E-04 
9.76222E-03 -2.84928E-03 
1.44194E-02 -5.43928E-03 
-1.82005E-02 1.12750E-02 
-1.77733E-02 1.11873E-02 
-1.83730E-02 1.13841E-02 
-1.78470E-02 1.12472E-02 
-1.72820E-02 1.10702E-02 
-1.66822E-02 1.08553E-02 
-1.60520E-02 1.06049E-02 
-1.55467E-02 1.03887E-02 
-1.53963E-02 1.03221E-02 
-1.46664E-02 9.98439E-03 
-1.39188E-02 9.61703E-03 
-1.31599E-02 9.22453E-03 
-1.23956E-02 8.81154E-03 
-1.18222E-02 8.48671E-03 
-1.10388E-02 8.03324E-03 
-1.02620E-02 7.57021E-03 
-9.49550E-03 7.10123E-03 
-8.73961E-03 6.62854E-03 
-7.98641E-03 6.15047E-03 
-7.20146E-03 5.65272E-03 
-6.26132E-03 5.07754E-03 
-4.76923E-03 4.22994E-03 
-1.78264E-03 2.62739E-03 
3.54429E-03 -2.08047E-04 
9.68881E-03 -3.57085E-03 
1.38190E-02 -5.99423E-03 
-1.61729E-02 1.05944E-02 
-1.57094E-02 1.04348E-02 
-1.62382E-02 1.06049E-02 
-1.56889E-02 1.04027E-02 
-1.51091E-02 1.01667E-02 
-1.45033E-02 9.89923E-03 
-1.38760E-02 9.60323E-03 
-1.33790E-02 9.35662E-03 
-1.32320E-02 9.28187E-03 
-1.25244E-02 8.91078E-03 
-1.18086E-02 8.51839E-03 
-1.10903E-02 8.10908E-03 
-1.03749E-02 7.68725E-03 
-9.83804E-03 7.35567E-03 
-9.12080E-03 6.90967E-03 
-8.41612E-03 6.46069E-03 
-7.72677E-03 6.01187E-03 
-7.05262E-03 5.56486E-03 
-6.38569E-03 5.11736E-03 
-5.69351E-03 4.65444E-03 
-4.86193E-03 4.11828E-03 
-3.52716E-03 3.31700E-03 
-8.31671E-04 1.78237E-03 
3.97846E-03 -9.34433E-04 
9.49163E-03 -4.12373E-03 
1.31365E-02 -6.36714E-03 
-1.42327E-02 9.78393E-03 
-1.37493E-02 9.57003E-03 
-1.42200E-02 9.72009E-03 
-1.36626E-02 9.46939E-03 
-1.30829E-02 9.19098E-03 
-1.24856E-02 8.88765E-03 
-1.18751E-02 8.56250E-03 
-1.13965E-02 8.29798E-03 
-1.12558E-02 8.21875E-03 
-1.05830E-02 7.83092E-03 
-9.90980E-03 7.42923E-03 
-9.24121E-03 7.01788E-03 
-8.58187E-03 6.60092E-03 
-8.08837E-03 6.27434E-03 
-7.44042E-03 5.84691E-03 
-6.80932E-03 5.42192E-03 
-6.19714E-03 5.00197E-03 
-5.60323E-03 4.58816E-03 
-5.01964E-03 4.17762E-03 
-4.41587E-03 3.75503E-03 
-3.68664E-03 3.26330E-03 
-2.49925E-03 2.51581E-03 
-7.56226E-05 1.06302E-03 
4.25423E-03 -1.51278E-03 
9.18584E-03 -4.50816E-03 
1.23910E-02 -6.56595E-03 
-1.23910E-02 8.88238E-03 
-1.19016E-02 8.62919E-03 
-1.23270E-02 8.76646E-03 
-1.17757E-02 8.48326E-03 
-1.12098E-02 8.17842E-03 
-1.06339E-02 7.85494E-03 
-1.00517E-02 7.51576E-03 
-9.59917E-03 7.24434E-03 
-9.46681E-03 7.16372E-03 
-8.83749E-03 6.77327E-03 
-8.21402E-03 6.37547E-03 
-7.60080E-03 5.97424E-03 
-7.00177E-03 5.57321E-03 
-6.55584E-03 5.26103E-03 
-5.97817E-03 4.86063E-03 
-5.42033E-03 4.46695E-03 
-4.88374E-03 4.08207E-03 
-4.36726E-03 3.70654E-03 
-3.86302E-03 3.33700E-03 
-3.34250E-03 2.95803E-03 
-2.70892E-03 2.51391E-03 
-1.65912E-03 1.82512E-03 
5.10462E-04 4.64406E-04 
4.39287E-03 -1.95351E-03 
8.78736E-03 -4.74056E-03 
1.15933E-02 -6.61106E-03 
-1.06672E-02 7.93286E-03 
-1.01886E-02 7.65705E-03 
-1.05812E-02 7.78820E-03 
-1.00482E-02 7.48603E-03 
-9.50696E-03 7.16791E-03 
-8.96092E-03 6.83669E-03 
-8.41364E-03 6.49498E-03 
-7.99166E-03 6.22520E-03 
-7.86878E-03 6.14566E-03 
-7.28798E-03 5.76393E-03 
-6.71822E-03 5.38059E-03 
-6.16323E-03 4.99905E-03 
-5.62620E-03 4.62243E-03 
-5.22973E-03 4.33183E-03 
-4.72124E-03 3.96449E-03 
-4.23448E-03 3.60708E-03 
-3.77025E-03 3.26114E-03 
-3.32698E-03 2.92674E-03 
-2.89693E-03 2.60013E-03 
-2.45354E-03 2.26600E-03 
-1.90819E-03 1.87060E-03 
-9.85729E-04 1.24305E-03 
9.47590E-04 -1.89133E-05 
4.41446E-03 -2.26757E-03 
8.31435E-03 -4.83796E-03 
1.07595E-02 -6.52355E-03 
-9.07259E-03 6.96860E-03 
-8.61092E-03 6.68108E-03 
-8.97629E-03 6.81113E-03 
-8.46774E-03 6.50195E-03 
-7.95757E-03 6.18220E-03 
-7.44836E-03 5.85407E-03 
-6.94327E-03 5.52041E-03 
-6.55707E-03 5.26017E-03 
-6.44510E-03 5.18392E-03 
-5.91883E-03 4.82086E-03 
-5.40711E-03 4.46061E-03 
-4.91296E-03 4.10607E-03 
-4.43886E-03 3.75984E-03 
-4.09256E-03 3.49551E-03 
-3.65112E-03 3.16475E-03 
-3.23224E-03 2.84620E-03 
-2.83620E-03 2.54091E-03 
-2.46112E-03 2.24850E-03 
-2.09949E-03 1.96496E-03 
-1.72666E-03 1.67527E-03 
-1.26192E-03 1.32816E-03 
-4.56644E-04 7.62523E-04 
1.25741E-03 -3.96815E-04 
4.33863E-03 -2.46921E-03 
7.78333E-03 -4.81921E-03 
9.90279E-03 -6.32502E-03 
-7.60890E-03 6.01827E-03 
-7.17596E-03 5.73097E-03 
-7.52564E-03 5.86517E-03 
-7.05207E-03 5.55949E-03 
-6.57915E-03 5.24667E-03 
-6.11060E-03 4.92982E-03 
-5.64939E-03 4.61134E-03 
-5.29937E-03 4.36538E-03 
-5.19836E-03 4.29373E-03 
-4.72646E-03 3.95512E-03 
-4.27250E-03 3.62343E-03 
-3.83852E-03 3.30091E-03 
-3.42615E-03 2.98946E-03 
-3.12941E-03 2.75512E-03 
-2.75193E-03 2.46334E-03 
-2.39690E-03 2.18503E-03 
-2.06422E-03 1.92084E-03 
-1.75173E-03 1.67003E-03 
-1.45224E-03 1.42844E-03 
-1.14307E-03 1.18157E-03 
-7.51056E-04 8.81014E-04 
-5.26750E-05 3.76355E-04 
1.45914E-03 -6.79205E-04 
4.18429E-03 -2.57269E-03 
7.21210E-03 -4.70327E-03 
9.03927E-03 -6.03716E-03 
-6.28751E-03 5.10131E-03 
-5.88910E-03 4.82481E-03 
-6.22664E-03 4.96808E-03 
-5.79142E-03 4.67538E-03 
-5.36114E-03 4.37929E-03 
-4.93809E-03 4.08209E-03 
-4.52472E-03 3.78625E-03 
-4.21316E-03 3.55965E-03 
-4.12359E-03 3.49392E-03 
-3.70723E-03 3.18502E-03 
-3.30985E-03 2.88510E-03 
-2.93323E-03 2.59618E-03 
-2.57875E-03 2.32004E-03 
-2.32827E-03 2.11578E-03 
-2.00950E-03 1.86225E-03 
-1.71265E-03 1.62298E-03 
-1.43720E-03 1.39822E-03 
-1.18085E-03 1.18689E-03 
-9.36698E-04 9.84737E-04 
-6.83982E-04 7.77893E-04 
-3.56736E-04 5.21090E-04 
2.44963E-04 7.51646E-05 
1.57126E-03 -8.77662E-04 
3.96905E-03 -2.59318E-03 
6.61667E-03 -4.50901E-03 
8.18278E-03 -5.68077E-03 
-5.10750E-03 4.24355E-03 
-4.74887E-03 3.98465E-03 
-5.07957E-03 4.13868E-03 
-4.68464E-03 3.86266E-03 
-4.29685E-03 3.58640E-03 
-3.91872E-03 3.31227E-03 
-3.55230E-03 3.04181E-03 
-3.27840E-03 2.83655E-03 
-3.20004E-03 2.77735E-03 
-2.83801E-03 2.50100E-03 
-2.49593E-03 2.23556E-03 
-2.17484E-03 1.98254E-03 
-1.87541E-03 1.74314E-03 
-1.66860E-03 1.56978E-03 
-1.40391E-03 1.35405E-03 
-1.15999E-03 1.15260E-03 
-9.36027E-04 9.65354E-04 
-7.29615E-04 7.91009E-04 
-5.34257E-04 6.25337E-04 
-3.31069E-04 4.55252E-04 
-6.09459E-05 2.38851E-04 
4.53901E-04 -1.51438E-04 
1.61083E-03 -1.00426E-03 
3.70892E-03 -2.54560E-03 
6.01114E-03 -4.25422E-03 
7.34520E-03 -5.27488E-03 
-4.07413E-03 3.45724E-03 
-3.75277E-03 3.21786E-03 
-4.07656E-03 3.38246E-03 
-3.72471E-03 3.12925E-03 
-3.38282E-03 2.87921E-03 
-3.05133E-03 2.63229E-03 
-2.73203E-03 2.39016E-03 
-2.49478E-03 2.20770E-03 
-2.42714E-03 2.15529E-03 
-2.11612E-03 1.91205E-03 
-1.82480E-03 1.68080E-03 
-1.55440E-03 1.46298E-03 
-1.30512E-03 1.25925E-03 
-1.13778E-03 1.11551E-03 
-9.21301E-04 9.35231E-04 
-7.24162E-04 7.68854E-04 
-5.45317E-04 6.15989E-04 
-3.82308E-04 4.75180E-04 
-2.29066E-04 3.42293E-04 
-6.85328E-05 2.05114E-04 
1.51938E-04 2.52167E-05 
5.89533E-04 -3.13313E-04 
1.59300E-03 -1.07044E-03 
3.41853E-03 -2.44409E-03 
5.40909E-03 -3.95575E-03 
6.53836E-03 -4.83744E-03 
-3.18308E-03 2.75397E-03 
-2.90157E-03 2.53930E-03 
-3.21882E-03 2.71374E-03 
-2.90718E-03 2.48356E-03 
-2.60679E-03 2.25844E-03 
-2.31818E-03 2.03889E-03 
-2.04298E-03 1.82601E-03 
-1.84045E-03 1.66716E-03 
-1.78301E-03 1.62176E-03 
-1.52055E-03 1.41230E-03 
-1.27694E-03 1.21484E-03 
-1.05293E-03 1.03058E-03 
-8.48789E-04 8.60276E-04 
-7.16818E-04 7.44142E-04 
-5.43158E-04 5.96586E-04 
-3.87086E-04 4.62131E-04 
-2.47433E-04 3.40211E-04 
-1.21771E-04 2.29273E-04 
-4.48566E-06 1.25338E-04 
1.19711E-04 1.71280E-05 
2.97389E-04 -1.30255E-04 
6.66599E-04 -4.21172E-04 
1.53141E-03 -1.08767E-03 
3.10973E-03 -2.30156E-03 
4.81972E-03 -3.62771E-03 
5.76883E-03 -4.38262E-03 
-2.42912E-03 2.13886E-03 
-2.18925E-03 1.95271E-03 
-2.50132E-03 2.13767E-03 
-2.22857E-03 1.93259E-03 
-1.96631E-03 1.73200E-03 
-1.71772E-03 1.53864E-03 
-1.48343E-03 1.35353E-03 
-1.31225E-03 1.21662E-03 
-1.26396E-03 1.17775E-03 
-1.04449E-03 9.99563E-04 
-8.43118E-04 8.33617E-04 
-6.60497E-04 6.80949E-04 
-4.96216E-04 5.41651E-04 
-3.94860E-04 4.50567E-04 
-2.57964E-04 3.32284E-04 
-1.36832E-04 2.26055E-04 
-3.02103E-05 1.31172E-04 
6.42643E-05 4.60384E-05 
1.51735E-04 -3.31088E-05 
2.45813E-04 -1.16571E-04 
3.87455E-04 -2.35766E-04 
6.97235E-04 -4.83903E-04 
1.43884E-03 -1.06652E-03 
2.79648E-03 -2.13157E-03 
4.25793E-03 -3.28676E-03 
5.05115E-03 -3.92840E-03 
-1.79372E-03 1.60501E-03 
-1.59107E-03 1.44567E-03 
-1.89559E-03 1.63770E-03 
-1.66035E-03 1.45762E-03 
-1.43649E-03 1.28348E-03 
-1.22582E-03 1.11760E-03 
-1.02910E-03 9.60824E-04 
-8.86170E-04 8.45216E-04 
-8.46036E-04 8.12472E-04 
-6.65537E-04 6.63766E-04 
-5.02436E-04 5.27303E-04 
-3.56287E-04 4.03111E-04 
-2.26681E-04 2.91313E-04 
-1.51628E-04 2.22150E-04 
-4.63070E-05 1.29535E-04 
4.50873E-05 4.78726E-05 
1.23864E-04 -2.36694E-05 
1.92305E-04 -8.67186E-05 
2.55074E-04 -1.44798E-04 
3.24181E-04 -2.07220E-04 
4.35338E-04 -3.01981E-04 
6.92986E-04 -5.11495E-04 
1.32389E-03 -1.01601E-03 
2.48234E-03 -1.94158E-03 
3.72113E-03 -2.93817E-03 
4.37803E-03 -3.47790E-03 
-1.27390E-03 1.15677E-03 
-1.10366E-03 1.02123E-03 
-1.40137E-03 1.22020E-03 
-1.20143E-03 1.06565E-03 
-1.01208E-03 9.17193E-04 
-8.35395E-04 7.76347E-04 
-6.72102E-04 6.43801E-04 
-5.55210E-04 5.47614E-04 
-5.22589E-04 5.20609E-04 
-3.76766E-04 3.99049E-04 
-2.46339E-04 2.88716E-04 
-1.31102E-04 1.89708E-04 
-3.07475E-05 1.02135E-04 
2.25051E-05 5.19930E-05 
1.01453E-04 -1.83865E-05 
1.68343E-04 -7.91334E-05 
2.24491E-04 -1.31122E-04 
2.71984E-04 -1.75883E-04 
3.15001E-04 -2.16651E-04 
3.64058E-04 -2.61752E-04 
4.50062E-04 -3.35897E-04 
6.62805E-04 -5.11278E-04 
1.19585E-03 -9.44535E-04 
2.17735E-03 -1.74201E-03 
3.21984E-03 -2.59435E-03 
3.75953E-03 -3.04419E-03 
-8.64445E-04 7.95183E-04 
-7.22901E-04 6.81830E-04 
-1.00631E-03 8.79750E-04 
-8.36661E-04 7.47115E-04 
-6.78797E-04 6.21725E-04 
-5.32441E-04 5.03925E-04 
-3.99118E-04 3.95389E-04 
-3.04421E-04 3.17452E-04 
-2.78124E-04 2.95620E-04 
-1.61514E-04 1.97648E-04 
-5.88990E-05 1.09873E-04 
2.98349E-05 3.26962E-05 
1.05326E-04 -3.40682E-05 
1.40674E-04 -6.84106E-05 
1.98082E-04 -1.20358E-04 
2.45143E-04 -1.63862E-04 
2.83127E-04 -1.99822E-04 
3.14013E-04 -2.29756E-04 
3.41520E-04 -2.56615E-04 
3.74770E-04 -2.87765E-04 
4.40284E-04 -3.44794E-04 
6.14635E-04 -4.90330E-04 
1.06171E-03 -8.59200E-04 
1.88701E-03 -1.54020E-03 
2.75751E-03 -2.26262E-03 
3.19715E-03 -2.63393E-03 
-5.45953E-04 5.07911E-04 
-4.32805E-04 4.17014E-04 
-7.00844E-04 6.11449E-04 
-5.55609E-04 4.97184E-04 
-4.24103E-04 3.92337E-04 
-3.04955E-04 2.96069E-04 
-1.97086E-04 2.07543E-04 
-1.21889E-04 1.44956E-04 
-1.01233E-04 1.27623E-04 
-1.03463E-05 5.07336E-05 
6.83706E-05 -1.69114E-05 
1.35496E-04 -7.56668E-05 
1.91277E-04 -1.25420E-04 
2.12929E-04 -1.47233E-04 
2.53323E-04 -1.84225E-04 
2.84909E-04 -2.13931E-04 
3.08939E-04 -2.37278E-04 
3.27222E-04 -2.55684E-04 
3.43033E-04 -2.71801E-04 
3.64220E-04 -2.92078E-04 
4.13350E-04 -3.35189E-04 
5.55166E-04 -4.54929E-04 
9.27255E-04 -7.66201E-04 
1.61560E-03 -1.34235E-03 
2.33649E-03 -1.94890E-03 
2.69138E-03 -2.25232E-03 
-3.05081E-04 2.86684E-04 
-2.19082E-04 2.17570E-04 
-4.73839E-04 4.09269E-04 
-3.50152E-04 3.11427E-04 
-2.39636E-04 2.22556E-04 
-1.41657E-04 1.42758E-04 
-5.54032E-05 7.18667E-05 
3.94031E-06 2.25352E-05 
2.01705E-05 8.93247E-06 
9.09491E-05 -5.10860E-05 
1.51012E-04 -1.03034E-04 
2.00550E-04 -1.46656E-04 
2.40102E-04 -1.82169E-04 
2.50951E-04 -1.93878E-04 
2.77778E-04 -2.18707E-04 
2.97310E-04 -2.37430E-04 
3.10722E-04 -2.50954E-04 
3.19625E-04 -2.60566E-04 
3.26852E-04 -2.68601E-04 
3.39071E-04 -2.80627E-04 
3.75297E-04 -3.12612E-04 
4.89762E-04 -4.10277E-04 
7.96900E-04 -6.70524E-04 
1.36606E-03 -1.15324E-03 
1.95777E-03 -1.65748E-03 
2.24148E-03 -1.90279E-03 
-1.34908E-04 1.26775E-04 
-6.56846E-05 7.14622E-05 
-3.07516E-04 2.59355E-04 
-2.06513E-04 1.79413E-04 
-1.15252E-04 1.05984E-04 
-3.46008E-05 4.00139E-05 
3.63402E-05 -1.86031E-05 
8.34596E-05 -5.78441E-05 
9.59899E-05 -6.83301E-05 
1.50388E-04 -1.14394E-04 
1.95212E-04 -1.53145E-04 
2.30888E-04 -1.84607E-04 
2.58090E-04 -2.09127E-04 
2.61399E-04 -2.13622E-04 
2.78350E-04 -2.29487E-04 
2.89223E-04 -2.40196E-04 
2.95127E-04 -2.46633E-04 
2.97516E-04 -2.49990E-04 
2.98831E-04 -2.52318E-04 
3.04696E-04 -2.58379E-04 
3.30976E-04 -2.81687E-04 
4.22655E-04 -3.60670E-04 
6.73965E-04 -5.76158E-04 
1.14020E-03 -9.76440E-04 
1.62126E-03 -1.39125E-03 
1.84572E-03 -1.58737E-03 
-2.38947E-05 2.02682E-05 
3.56986E-05 -2.71748E-05 
-1.90120E-04 1.52748E-04 
-1.08078E-04 8.77526E-05 
-3.45277E-05 2.87050E-05 
3.11458E-05 -2.47991E-05 
8.85733E-05 -7.22853E-05 
1.26538E-04 -1.04010E-04 
1.36563E-04 -1.12452E-04 
1.78132E-04 -1.47757E-04 
2.11018E-04 -1.76114E-04 
2.36423E-04 -1.98446E-04 
2.54697E-04 -2.14890E-04 
2.53012E-04 -2.14409E-04 
2.62720E-04 -2.23549E-04 
2.67413E-04 -2.28401E-04 
2.68175E-04 -2.29853E-04 
2.66277E-04 -2.28962E-04 
2.63785E-04 -2.27488E-04 
2.65377E-04 -2.29448E-04 
2.84147E-04 -2.46135E-04 
3.57007E-04 -3.09472E-04 
5.60723E-04 -4.86088E-04 
9.38842E-04 -8.14416E-04 
1.32595E-03 -1.15188E-03 
1.50157E-03 -1.30682E-03 
3.67704E-05 -4.02276E-05 
9.19286E-05 -8.40715E-05 
-1.11338E-04 8.13839E-05 
-4.41360E-05 2.78839E-05 
1.55851E-05 -1.99834E-05 
6.63876E-05 -6.12288E-05 
1.12216E-04 -9.91628E-05 
1.42351E-04 -1.24306E-04 
1.50354E-04 -1.31020E-04 
1.82963E-04 -1.58569E-04 
2.07179E-04 -1.79339E-04 
2.24689E-04 -1.94645E-04 
2.36246E-04 -2.04957E-04 
2.31263E-04 -2.01083E-04 
2.35996E-04 -2.05533E-04 
2.36803E-04 -2.06612E-04 
2.34501E-04 -2.04984E-04 
2.30179E-04 -2.01574E-04 
2.25580E-04 -1.97883E-04 
2.24563E-04 -1.97266E-04 
2.37813E-04 -2.09049E-04 
2.95275E-04 -2.59423E-04 
4.58763E-04 -4.02629E-04 
7.62120E-04 -6.68823E-04 
1.07018E-03 -9.40122E-04 
1.20597E-03 -1.06100E-03 
5.98275E-05 -6.52401E-05 
1.12709E-04 -1.07580E-04 
-6.52985E-05 4.00419E-05 
-9.93697E-06 -4.08098E-06 
3.90318E-05 -4.34998E-05 
8.08792E-05 -7.74855E-05 
1.16649E-04 -1.06908E-04 
1.40288E-04 -1.26593E-04 
1.46471E-04 -1.31769E-04 
1.71433E-04 -1.52795E-04 
1.89850E-04 -1.68534E-04 
2.02076E-04 -1.79082E-04 
2.09006E-04 -1.85146E-04 
2.02367E-04 -1.79455E-04 
2.03872E-04 -1.80818E-04 
2.02255E-04 -1.79482E-04 
1.98234E-04 -1.76045E-04 
1.92746E-04 -1.71316E-04 
1.87227E-04 -1.66547E-04 
1.84801E-04 -1.64482E-04 
1.94071E-04 -1.72711E-04 
2.39009E-04 -2.12423E-04 
3.68743E-04 -3.27162E-04 
6.09174E-04 -5.40213E-04 
8.51297E-04 -7.55465E-04 
9.54900E-04 -8.48468E-04 
5.90503E-05 -6.69187E-05 
1.08305E-04 -1.06529E-04 
-4.44374E-05 2.23026E-05 
3.26716E-06 -1.59827E-05 
4.42453E-05 -4.92137E-05 
7.98312E-05 -7.83056E-05 
1.08760E-04 -1.02061E-04 
1.26264E-04 -1.16474E-04 
1.30876E-04 -1.20298E-04 
1.50021E-04 -1.36366E-04 
1.63343E-04 -1.47631E-04 
1.71775E-04 -1.54783E-04 
1.76002E-04 -1.58345E-04 
1.69353E-04 -1.52425E-04 
1.69346E-04 -1.52322E-04 
1.66742E-04 -1.49947E-04 
1.62243E-04 -1.45906E-04 
1.56636E-04 -1.40887E-04 
1.51113E-04 -1.35944E-04 
1.48191E-04 -1.33312E-04 
1.54716E-04 -1.39089E-04 
1.89657E-04 -1.70202E-04 
2.91589E-04 -2.61164E-04 
4.80069E-04 -4.29697E-04 
6.68247E-04 -5.98454E-04 
7.46378E-04 -6.69136E-04 
4.35379E-05 -5.35600E-05 
8.67041E-05 -8.83766E-05 
-3.85424E-05 1.89070E-05 
2.99432E-06 -1.47148E-05 
3.42965E-05 -3.99804E-05 
6.61701E-05 -6.63258E-05 
9.07477E-05 -8.67233E-05 
1.06037E-04 -9.94436E-05 
1.09733E-04 -1.02509E-04 
1.23320E-04 -1.13751E-04 
1.32929E-04 -1.21776E-04 
1.39118E-04 -1.26947E-04 
1.41980E-04 -1.29276E-04 
1.35954E-04 -1.23782E-04 
1.35267E-04 -1.23009E-04 
1.32487E-04 -1.20392E-04 
1.28225E-04 -1.16461E-04 
1.23141E-04 -1.11805E-04 
1.18191E-04 -1.07277E-04 
1.15365E-04 -1.04661E-04 
1.20027E-04 -1.08781E-04 
1.46943E-04 -1.32931E-04 
2.25919E-04 -2.04005E-04 
3.71441E-04 -3.35230E-04 
5.15432E-04 -4.65416E-04 
5.73402E-04 -5.18241E-04 
2.16743E-05 -3.30368E-05 
5.77016E-05 -6.20577E-05 
-4.34081E-05 2.57777E-05 
-4.87703E-06 -5.83815E-06 
1.82976E-05 -2.44188E-05 
4.41989E-05 -4.58822E-05 
6.52300E-05 -6.34390E-05 
7.87155E-05 -7.48399E-05 
8.21236E-05 -7.77240E-05 
9.52034E-05 -8.87737E-05 
1.02813E-04 -9.51151E-05 
1.07876E-04 -9.93785E-05 
1.09989E-04 -1.01068E-04 
1.04932E-04 -9.63802E-05 
1.04148E-04 -9.54995E-05 
1.01691E-04 -9.31315E-05 
9.80707E-05 -8.97302E-05 
9.38365E-05 -8.57875E-05 
8.97469E-05 -8.19877E-05 
8.73497E-05 -7.97314E-05 
9.07777E-05 -8.27649E-05 
1.11345E-04 -1.01358E-04 
1.71714E-04 -1.56120E-04 
2.82420E-04 -2.56735E-04 
3.90953E-04 -3.55607E-04 
4.33307E-04 -3.94465E-04 
-9.26935E-07 -1.08932E-05 
2.73704E-05 -3.34336E-05 
-5.50305E-05 3.91207E-05 
-1.43287E-05 5.03086E-06 
3.94518E-06 -9.67289E-06 
2.19805E-05 -2.45763E-05 
4.07820E-05 -4.04400E-05 
5.22659E-05 -5.01930E-05 
5.53290E-05 -5.28254E-05 
6.71569E-05 -6.29962E-05 
7.51290E-05 -6.98904E-05 
7.94672E-05 -7.36179E-05 
8.14350E-05 -7.52424E-05 
7.75383E-05 -7.15846E-05 
7.70132E-05 -7.09625E-05 
7.51858E-05 -6.91762E-05 
7.24466E-05 -6.65719E-05 
6.92293E-05 -6.35433E-05 
6.61255E-05 -6.06299E-05 
6.43214E-05 -5.89142E-05 
6.69488E-05 -6.12570E-05 
8.25296E-05 -7.54508E-05 
1.27999E-04 -1.17007E-04 
2.10870E-04 -1.92875E-04 
2.91347E-04 -2.66701E-04 
3.21782E-04 -2.94804E-04 
-2.10449E-05 9.61549E-06 
1.03097E-06 -7.79543E-06 
-6.76717E-05 5.35343E-05 
-2.36600E-05 1.59471E-05 
-6.24690E-06 1.60367E-06 
5.75248E-06 -8.26980E-06 
2.18662E-05 -2.20727E-05 
3.17028E-05 -3.05335E-05 
3.41403E-05 -3.26409E-05 
4.41534E-05 -4.13791E-05 
5.13962E-05 -4.77831E-05 
5.52853E-05 -5.11933E-05 
5.71519E-05 -5.28005E-05 
5.45837E-05 -5.04018E-05 
5.46000E-05 -5.03367E-05 
5.35178E-05 -4.92684E-05 
5.16879E-05 -4.75181E-05 
4.94678E-05 -4.54173E-05 
4.73172E-05 -4.33895E-05 
4.61251E-05 -4.22525E-05 
4.82219E-05 -4.41497E-05 
5.99079E-05 -5.48812E-05 
9.36049E-05 -8.58981E-05 
1.54561E-04 -1.42080E-04 
2.13184E-04 -1.96206E-04 
2.34671E-04 -2.16168E-04 
-3.72225E-05 2.67288E-05 
-1.89697E-05 1.23998E-05 
-7.73122E-05 6.50852E-05 
-3.37472E-05 2.74492E-05 
-1.18923E-05 8.75097E-06 
-4.19553E-06 2.43724E-06 
9.19380E-06 -9.24667E-06 
1.78484E-05 -1.68475E-05 
1.97169E-05 -1.84808E-05 
2.66123E-05 -2.45222E-05 
3.22235E-05 -2.95670E-05 
3.57285E-05 -3.27489E-05 
3.77986E-05 -3.46502E-05 
3.63472E-05 -3.33273E-05 
3.68545E-05 -3.37715E-05 
3.65309E-05 -3.34469E-05 
3.55910E-05 -3.25537E-05 
3.42870E-05 -3.13266E-05 
3.29773E-05 -3.00988E-05 
3.23315E-05 -2.94916E-05 
3.40544E-05 -3.10827E-05 
4.27146E-05 -3.91036E-05 
6.72445E-05 -6.18361E-05 
1.11232E-04 -1.02631E-04 
1.53122E-04 -1.41538E-04 
1.68004E-04 -1.55445E-04 
-4.89582E-05 3.96633E-05 
-3.18893E-05 2.61117E-05 
-8.19364E-05 7.18123E-05 
-4.19861E-05 3.70136E-05 
-1.51528E-05 1.35079E-05 
-7.74933E-06 7.20462E-06 
5.96275E-07 -1.59882E-07 
7.58451E-06 -6.42512E-06 
9.40222E-06 -8.06300E-06 
1.58248E-05 -1.38825E-05 
1.89028E-05 -1.66916E-05 
2.15943E-05 -1.92176E-05 
2.36132E-05 -2.11583E-05 
2.30835E-05 -2.07407E-05 
2.40559E-05 -2.16818E-05 
2.42771E-05 -2.19133E-05 
2.39720E-05 -2.16490E-05 
2.33582E-05 -2.10952E-05 
2.26902E-05 -2.04908E-05 
2.24527E-05 -2.02889E-05 
2.38693E-05 -2.16290E-05 
3.01849E-05 -2.75325E-05 
4.76906E-05 -4.38615E-05 
7.87873E-05 -7.28665E-05 
1.08113E-04 -1.00253E-04 
1.18209E-04 -1.09742E-04 
-5.55824E-05 4.76536E-05 
-3.87226E-05 3.40795E-05 
-8.02340E-05 7.23617E-05 
-4.76736E-05 4.38999E-05 
-1.67692E-05 1.64292E-05 
-8.04719E-06 8.72193E-06 
-4.09745E-06 5.17347E-06 
-2.37670E-07 1.65921E-06 
7.34423E-07 7.71548E-07 
6.18379E-06 -4.29912E-06 
1.02896E-05 -8.20463E-06 
1.26400E-05 -1.05263E-05 
1.47356E-05 -1.26120E-05 
1.46908E-05 -1.26940E-05 
1.57168E-05 -1.37394E-05 
1.61802E-05 -1.42400E-05 
1.62406E-05 -1.43518E-05 
1.60470E-05 -1.42186E-05 
1.57808E-05 -1.40136E-05 
1.57844E-05 -1.40591E-05 
1.69098E-05 -1.51528E-05 
2.14075E-05 -1.94001E-05 
3.36085E-05 -3.08537E-05 
5.50852E-05 -5.09916E-05 
7.51471E-05 -6.98199E-05 
8.18306E-05 -7.61400E-05 
-5.70893E-05 5.05581E-05 
-4.09300E-05 3.74702E-05 
-7.34614E-05 6.77703E-05 
-4.88936E-05 4.63013E-05 
-1.67771E-05 1.74916E-05 
-5.76141E-06 7.52148E-06 
-5.85666E-06 7.55761E-06 
-4.38106E-06 6.14382E-06 
-3.92872E-06 5.71146E-06 
-3.05086E-07 2.22235E-06 
4.44320E-06 -2.41235E-06 
7.55551E-06 -5.52032E-06 
9.48794E-06 -7.51448E-06 
9.74484E-06 -7.91813E-06 
1.06759E-05 -8.91353E-06 
1.12399E-05 -9.54506E-06 
1.14882E-05 -9.86269E-06 
1.15137E-05 -9.95852E-06 
1.14622E-05 -9.97385E-06 
1.15676E-05 -1.01314E-05 
1.24106E-05 -1.09776E-05 
1.55202E-05 -1.39484E-05 
2.38195E-05 -2.17888E-05 
3.83229E-05 -3.54537E-05 
5.17507E-05 -4.81128E-05 
5.60659E-05 -5.22196E-05 
-5.43447E-05 4.91803E-05 
-3.94363E-05 3.70734E-05 
-6.32664E-05 5.95686E-05 
-4.58104E-05 4.43759E-05 
-1.55436E-05 1.70346E-05 
-7.25243E-07 3.46697E-06 
-5.35963E-06 7.57150E-06 
-3.63558E-06 5.83452E-06 
-2.76491E-06 4.98389E-06 
-5.25204E-07 2.69116E-06 
2.95908E-06 -8.24901E-07 
5.20020E-06 -3.17105E-06 
6.75815E-06 -4.85976E-06 
7.14121E-06 -5.41378E-06 
8.01386E-06 -6.38585E-06 
8.56710E-06 -7.03223E-06 
8.87880E-06 -7.43071E-06 
8.99931E-06 -7.63214E-06 
9.03019E-06 -7.73752E-06 
9.13362E-06 -7.90295E-06 
9.70319E-06 -8.50106E-06 
1.17592E-05 -1.04933E-05 
1.72386E-05 -1.57034E-05 
2.67900E-05 -2.47426E-05 
3.55635E-05 -3.30480E-05 
3.82603E-05 -3.56335E-05 
-4.86333E-05 4.47112E-05 
-3.52409E-05 3.38423E-05 
-5.13281E-05 4.93194E-05 
-3.87945E-05 3.84712E-05 
-1.43561E-05 1.63054E-05 
5.22131E-06 -1.74788E-06 
-1.38758E-06 4.12086E-06 
-2.12611E-06 4.57313E-06 
-1.02039E-06 3.48279E-06 
3.62975E-06 -1.13302E-06 
4.33008E-06 -2.06767E-06 
5.41721E-06 -3.36701E-06 
6.25091E-06 -4.40298E-06 
6.49780E-06 -4.84915E-06 
7.13148E-06 -5.61657E-06 
7.52963E-06 -6.12640E-06 
7.76520E-06 -6.45939E-06 
7.85074E-06 -6.63336E-06 
7.84746E-06 -6.71048E-06 
7.86787E-06 -6.80007E-06 
8.17540E-06 -7.15285E-06 
9.44160E-06 -8.40340E-06 
1.29320E-05 -1.17455E-05 
1.90618E-05 -1.75708E-05 
2.46574E-05 -2.28882E-05 
2.62725E-05 -2.44508E-05 
-4.10482E-05 3.81811E-05 
-2.90759E-05 2.84885E-05 
-3.94218E-05 3.87298E-05 
-2.94639E-05 3.01155E-05 
-1.23567E-05 1.45600E-05 
1.14313E-05 -7.45939E-06 
6.65275E-06 -3.32492E-06 
1.73244E-06 9.78079E-07 
2.20909E-06 4.58546E-07 
7.44166E-06 -4.77602E-06 
8.20554E-06 -5.81104E-06 
7.39896E-06 -5.34092E-06 
7.10638E-06 -5.31961E-06 
6.98990E-06 -5.42140E-06 
7.29786E-06 -5.88234E-06 
7.46745E-06 -6.18028E-06 
7.50239E-06 -6.32493E-06 
7.43551E-06 -6.35378E-06 
7.31236E-06 -6.31518E-06 
7.20200E-06 -6.27793E-06 
7.27458E-06 -6.40511E-06 
7.96476E-06 -7.10847E-06 
1.00919E-05 -9.16184E-06 
1.39244E-05 -1.28188E-05 
1.74097E-05 -1.61431E-05 
1.83196E-05 -1.70347E-05 
-3.26857E-05 3.06451E-05 
-2.18018E-05 2.18616E-05 
-2.82605E-05 2.85205E-05 
-1.95232E-05 2.09523E-05 
-8.48340E-06 1.09199E-05 
1.52828E-05 -1.11850E-05 
1.71868E-05 -1.32722E-05 
9.02311E-06 -5.97127E-06 
8.74868E-06 -5.80055E-06 
8.98263E-06 -6.36425E-06 
9.15563E-06 -6.86059E-06 
9.12735E-06 -7.13719E-06 
8.41563E-06 -6.71928E-06 
8.05621E-06 -6.59015E-06 
7.97107E-06 -6.67414E-06 
7.81088E-06 -6.65137E-06 
7.59279E-06 -6.54797E-06 
7.33860E-06 -6.39163E-06 
7.06465E-06 -6.20257E-06 
6.81133E-06 -6.02238E-06 
6.68594E-06 -5.95486E-06 
6.96790E-06 -6.26534E-06 
8.18721E-06 -7.45492E-06 
1.05206E-05 -9.69077E-06 
1.26419E-05 -1.17219E-05 
1.31037E-05 -1.21840E-05 
-2.41231E-05 2.26895E-05 
-1.43008E-05 1.48338E-05 
-1.81327E-05 1.90522E-05 
-9.72372E-06 1.17326E-05 
-3.58625E-06 6.18484E-06 
1.68413E-05 -1.29177E-05 
2.58857E-05 -2.16319E-05 
1.76384E-05 -1.42632E-05 
1.59698E-05 -1.27942E-05 
1.14216E-05 -8.87719E-06 
9.61987E-06 -7.50340E-06 
9.83919E-06 -8.00733E-06 
9.44350E-06 -7.88071E-06 
8.84939E-06 -7.51681E-06 
8.43453E-06 -7.27533E-06 
8.02520E-06 -7.00529E-06 
7.60791E-06 -6.70233E-06 
7.19735E-06 -6.38713E-06 
6.79636E-06 -6.06738E-06 
6.42856E-06 -5.76896E-06 
6.16017E-06 -5.55685E-06 
6.17115E-06 -5.60254E-06 
6.80747E-06 -6.23354E-06 
8.18823E-06 -7.56285E-06 
9.44843E-06 -8.77479E-06 
9.63439E-06 -8.97031E-06 
-1.59235E-05 1.48987E-05 
-6.97739E-06 7.81140E-06 
-9.16422E-06 1.05032E-05 
-1.35180E-06 3.70015E-06 
1.98883E-06 7.10633E-07 
1.66930E-05 -1.31035E-05 
3.08884E-05 -2.66299E-05 
2.43049E-05 -2.07969E-05 
2.19325E-05 -1.86711E-05 
1.54932E-05 -1.30015E-05 
1.24430E-05 -1.04299E-05 
1.11383E-05 -9.46388E-06 
1.03351E-05 -8.93233E-06 
9.45438E-06 -8.27242E-06 
8.67627E-06 -7.66748E-06 
7.99542E-06 -7.12291E-06 
7.39894E-06 -6.63500E-06 
6.85242E-06 -6.17742E-06 
6.35681E-06 -5.75616E-06 
5.91398E-06 -5.37607E-06 
5.55686E-06 -5.07037E-06 
5.40198E-06 -4.95058E-06 
5.67783E-06 -5.23342E-06 
6.46541E-06 -5.99606E-06 
7.19098E-06 -6.69757E-06 
7.21466E-06 -6.73439E-06 
-8.27178E-06 7.47482E-06 
-2.58592E-07 1.22978E-06 
-1.29401E-06 2.87020E-06 
5.32278E-06 -2.84492E-06 
7.26215E-06 -4.53825E-06 
1.70953E-05 -1.38335E-05 
3.40718E-05 -2.99644E-05 
2.92965E-05 -2.57974E-05 
2.57500E-05 -2.25637E-05 
1.86678E-05 -1.62887E-05 
1.59710E-05 -1.40417E-05 
1.28994E-05 -1.13658E-05 
1.07117E-05 -9.48648E-06 
9.33311E-06 -8.32885E-06 
8.30436E-06 -7.46300E-06 
7.52972E-06 -6.81069E-06 
6.88654E-06 -6.26292E-06 
6.30618E-06 -5.76024E-06 
5.77610E-06 -5.29467E-06 
5.29972E-06 -4.87250E-06 
4.90089E-06 -4.51828E-06 
4.65633E-06 -4.30580E-06 
4.71882E-06 -4.38034E-06 
5.14317E-06 -4.79443E-06 
5.54075E-06 -5.18146E-06 
5.47431E-06 -5.12854E-06 
---
