PdfType: replica
Format: lhagrid1
---
1.00000E-06 1.28121E-06 1.64152E-06 2.10317E-06 2.69463E-06 3.45242E-06 4.42329E-06 5.66715E-06 7.26076E-06 9.30241E-06 1.19180E-05 1.52689E-05 1.95617E-05 2.50609E-05 3.21053E-05 4.11287E-05 5.26863E-05 6.74889E-05 8.64459E-05 1.10720E-04 1.41800E-04 1.81585E-04 2.32503E-04 2.97652E-04 3.80981E-04 4.87518E-04 6.26039E-04 8.00452E-04 1.02297E-03 1.30657E-03 1.66759E-03 2.12729E-03 2.71054E-03 3.44865E-03 4.37927E-03 5.54908E-03 7.01192E-03 8.83064E-03 1.10763E-02 1.38266E-02 1.71641E-02 2.11717E-02 2.59364E-02 3.15062E-02 3.79623E-02 4.53425E-02 5.36750E-02 6.29705E-02 7.32221E-02 8.44039E-02 9.64793E-02 1.09332E-01 1.23067E-01 1.37507E-01 1.52639E-01 1.68416E-01 1.84794E-01 2.01731E-01 2.19016E-01 2.36948E-01 2.55242E-01 2.73927E-01 2.92954E-01 3.12340E-01 3.32036E-01 3.52019E-01 3.72282E-01 3.92772E-01 4.13533E-01 4.34326E-01 4.55495E-01 4.76836E-01 4.98342E-01 5.20006E-01 5.41818E-01 5.63773E-01 5.85861E-01 6.08077E-01 6.30459E-01 6.52800E-01 6.75387E-01 6.98063E-01 7.20830E-01 7.43683E-01 7.66623E-01 7.89636E-01 8.12791E-01 8.35940E-01 8.59175E-01 8.82485E-01 9.05866E-01 9.29311E-01 9.52817E-01 9.76387E-01 1.00000E+00 
1.14018E+00 1.22539E+00 1.32482E+00 1.44156E+00 1.57954E+00 1.74381E+00 1.94091E+00 2.12132E+00 2.17945E+00 2.49622E+00 2.89383E+00 3.39925E+00 4.05063E+00 4.90286E+00 6.03623E+00 7.57063E+00 9.68869E+00 1.26749E+01 1.69835E+01 2.33578E+01 3.30501E+01 4.82334E+01 7.28041E+01 1.13998E+02 1.85779E+02 3.16228E+02 
908 909 
4.62545E+01 -7.46316E+00 
4.49462E+01 -7.73799E+00 
4.81144E+01 -7.79396E+00 
4.56541E+01 -8.04063E+00 
4.30794E+01 -8.27077E+00 
4.03926E+01 -8.47931E+00 
3.75966E+01 -8.66025E+00 
3.53613E+01 -8.77682E+00 
3.46963E+01 -8.80644E+00 
3.14596E+01 -8.91539E+00 
2.81201E+01 -8.96160E+00 
2.46925E+01 -8.93028E+00 
2.11962E+01 -8.80414E+00 
1.89535E+01 -8.50609E+00 
1.53081E+01 -8.02876E+00 
1.16934E+01 -7.37918E+00 
8.16773E+00 -6.52424E+00 
4.81143E+00 -5.42341E+00 
1.75044E+00 -4.02181E+00 
-7.68257E-01 -2.22600E+00 
-2.11883E+00 1.86346E-01 
-5.18808E-01 3.86963E+00 
8.23428E+00 1.05311E+01 
2.85173E+01 2.24625E+01 
5.53614E+01 3.86212E+01 
7.74489E+01 5.43920E+01 
3.55535E+01 -6.85050E+00 
3.45013E+01 -7.09017E+00 
3.69654E+01 -7.13612E+00 
3.50168E+01 -7.35078E+00 
3.29824E+01 -7.55302E+00 
3.08648E+01 -7.73858E+00 
2.86671E+01 -7.90236E+00 
2.69146E+01 -8.01034E+00 
2.63941E+01 -8.03831E+00 
2.38658E+01 -8.14545E+00 
2.12674E+01 -8.20129E+00 
1.86123E+01 -8.19335E+00 
1.59180E+01 -8.10705E+00 
1.42298E+01 -7.88014E+00 
1.14735E+01 -7.50449E+00 
8.76752E+00 -6.98660E+00 
6.16246E+00 -6.29908E+00 
3.72731E+00 -5.40854E+00 
1.56904E+00 -4.26995E+00 
-1.04511E-01 -2.80696E+00 
-7.68941E-01 -8.38010E-01 
1.07197E+00 2.17223E+00 
8.96902E+00 7.62393E+00 
2.66950E+01 1.74040E+01 
5.01954E+01 3.06694E+01 
6.99091E+01 4.36305E+01 
2.71971E+01 -6.23017E+00 
2.63560E+01 -6.44747E+00 
2.82728E+01 -6.48588E+00 
2.67344E+01 -6.68104E+00 
2.51318E+01 -6.86674E+00 
2.34673E+01 -7.03935E+00 
2.17442E+01 -7.19455E+00 
2.03734E+01 -7.29944E+00 
1.99668E+01 -7.32717E+00 
1.79963E+01 -7.43787E+00 
1.59789E+01 -7.50626E+00 
1.39268E+01 -7.52179E+00 
1.18558E+01 -7.47219E+00 
1.05917E+01 -7.30660E+00 
8.51655E+00 -7.01803E+00 
6.50231E+00 -6.61177E+00 
4.59257E+00 -6.06520E+00 
2.84645E+00 -5.35083E+00 
1.35466E+00 -4.43186E+00 
2.91881E-01 -3.24607E+00 
9.71585E-02 -1.64565E+00 
2.02518E+00 8.06156E-01 
9.07139E+00 5.25530E+00 
2.44754E+01 1.32539E+01 
4.49264E+01 2.41248E+01 
6.23590E+01 3.47621E+01 
2.07397E+01 -5.68155E+00 
2.00680E+01 -5.88177E+00 
2.15586E+01 -5.91398E+00 
2.03449E+01 -6.09463E+00 
1.90829E+01 -6.26794E+00 
1.77750E+01 -6.43083E+00 
1.64241E+01 -6.57960E+00 
1.53521E+01 -6.68226E+00 
1.50345E+01 -6.70986E+00 
1.34989E+01 -6.82362E+00 
1.19329E+01 -6.90222E+00 
1.03477E+01 -6.93676E+00 
8.75705E+00 -6.91694E+00 
7.81377E+00 -6.80096E+00 
6.25621E+00 -6.58345E+00 
4.76396E+00 -6.26845E+00 
3.37453E+00 -5.83728E+00 
2.13838E+00 -5.26740E+00 
1.13228E+00 -4.52877E+00 
5.02830E-01 -3.57080E+00 
6.17084E-01 -2.27337E+00 
2.52555E+00 -2.80512E-01 
8.75008E+00 3.34502E+00 
2.20619E+01 9.87984E+00 
3.97581E+01 1.87814E+01 
5.50486E+01 2.75057E+01 
1.57727E+01 -5.21471E+00 
1.52348E+01 -5.39958E+00 
1.63937E+01 -5.42656E+00 
1.54346E+01 -5.59413E+00 
1.44393E+01 -5.75591E+00 
1.34098E+01 -5.90926E+00 
1.23490E+01 -6.05105E+00 
1.15092E+01 -6.15047E+00 
1.12608E+01 -6.17753E+00 
1.00623E+01 -6.29168E+00 
8.84519E+00 -6.37646E+00 
7.61930E+00 -6.42437E+00 
6.39703E+00 -6.42676E+00 
5.69436E+00 -6.34925E+00 
4.52778E+00 -6.18797E+00 
3.42685E+00 -5.94586E+00 
2.42375E+00 -5.60758E+00 
1.56145E+00 -5.15465E+00 
9.04786E-01 -4.56258E+00 
5.76547E-01 -3.79032E+00 
8.83098E-01 -2.74028E+00 
2.70238E+00 -1.12234E+00 
8.15284E+00 1.83041E+00 
1.95967E+01 7.16847E+00 
3.48290E+01 1.44571E+01 
4.81462E+01 2.16108E+01 
1.19547E+01 -4.81393E+00 
1.15215E+01 -4.98379E+00 
1.24221E+01 -5.00635E+00 
1.16620E+01 -5.16090E+00 
1.08744E+01 -5.31083E+00 
1.00616E+01 -5.45388E+00 
9.22616E+00 -5.58737E+00 
8.56636E+00 -5.68209E+00 
8.37153E+00 -5.70811E+00 
7.43355E+00 -5.81970E+00 
6.48524E+00 -5.90666E+00 
5.53530E+00 -5.96270E+00 
4.59463E+00 -5.98056E+00 
4.07140E+00 -5.93200E+00 
3.19893E+00 -5.81431E+00 
2.38987E+00 -5.62963E+00 
1.67173E+00 -5.36534E+00 
1.08103E+00 -5.00633E+00 
6.72390E-01 -4.53270E+00 
5.48484E-01 -3.91112E+00 
9.64543E-01 -3.06230E+00 
2.65288E+00 -1.74953E+00 
7.38916E+00 6.55416E-01 
1.71803E+01 5.01777E+00 
3.02302E+01 1.09882E+01 
4.17580E+01 1.68544E+01 
9.01526E+00 -4.45867E+00 
8.66382E+00 -4.61355E+00 
9.36354E+00 -4.63244E+00 
8.75842E+00 -4.77378E+00 
8.13272E+00 -4.91140E+00 
7.48836E+00 -5.04337E+00 
6.82775E+00 -5.16738E+00 
6.30739E+00 -5.25617E+00 
6.15399E+00 -5.28073E+00 
5.41728E+00 -5.38734E+00 
4.67596E+00 -5.47326E+00 
3.93770E+00 -5.53319E+00 
3.21209E+00 -5.56110E+00 
2.82220E+00 -5.53380E+00 
2.17031E+00 -5.44946E+00 
1.57802E+00 -5.30963E+00 
1.06880E+00 -5.10393E+00 
6.73597E-01 -4.82006E+00 
4.38323E-01 -4.44181E+00 
4.48671E-01 -3.94219E+00 
9.16895E-01 -3.25669E+00 
2.45272E+00 -2.19188E+00 
6.54142E+00 -2.32266E-01 
1.48832E+01 3.33558E+00 
2.60167E+01 8.22962E+00 
3.59429E+01 1.30412E+01 
6.74653E+00 -4.13206E+00 
6.45911E+00 -4.27218E+00 
7.00257E+00 -4.28803E+00 
6.51850E+00 -4.41618E+00 
6.01899E+00 -4.54132E+00 
5.50578E+00 -4.66179E+00 
4.98104E+00 -4.77562E+00 
4.56884E+00 -4.85769E+00 
4.44754E+00 -4.88050E+00 
3.86648E+00 -4.98047E+00 
3.28471E+00 -5.06303E+00 
2.70898E+00 -5.12375E+00 
2.14763E+00 -5.15759E+00 
1.85660E+00 -5.14559E+00 
1.36983E+00 -5.08655E+00 
9.37980E-01 -4.98156E+00 
5.81012E-01 -4.82213E+00 
3.25089E-01 -4.59822E+00 
2.08742E-01 -4.29670E+00 
3.03353E-01 -3.89566E+00 
7.85138E-01 -3.34257E+00 
2.16089E+00 -2.47906E+00 
5.67072E+00 -8.81333E-01 
1.27513E+01 2.03964E+00 
2.22152E+01 6.05482E+00 
3.07234E+01 1.00027E+01 
4.99156E+00 -3.82312E+00 
4.75457E+00 -3.94899E+00 
5.17655E+00 -3.96235E+00 
4.78730E+00 -4.07765E+00 
4.38648E+00 -4.19051E+00 
3.97567E+00 -4.29950E+00 
3.55680E+00 -4.40294E+00 
3.22873E+00 -4.47792E+00 
3.13236E+00 -4.49885E+00 
2.67199E+00 -4.59123E+00 
2.21348E+00 -4.66895E+00 
1.76274E+00 -4.72831E+00 
1.32703E+00 -4.76512E+00 
1.10920E+00 -4.76390E+00 
7.45856E-01 -4.72392E+00 
4.32343E-01 -4.64591E+00 
1.85618E-01 -4.52295E+00 
2.77480E-02 -4.34685E+00 
-9.00007E-03 -4.10698E+00 
1.34737E-01 -3.78556E+00 
6.05031E-01 -3.33976E+00 
1.82250E+00 -2.63962E+00 
4.82088E+00 -1.33602E+00 
1.08114E+01 1.05804E+00 
1.88305E+01 4.35532E+00 
2.60943E+01 7.59570E+00 
3.63257E+00 -3.52615E+00 
3.43565E+00 -3.63856E+00 
3.76323E+00 -3.64990E+00 
3.44854E+00 -3.75299E+00 
3.12523E+00 -3.85409E+00 
2.79470E+00 -3.95198E+00 
2.45866E+00 -4.04521E+00 
2.19625E+00 -4.11310E+00 
2.11932E+00 -4.13212E+00 
1.75283E+00 -4.21651E+00 
1.38982E+00 -4.28857E+00 
1.03544E+00 -4.34518E+00 
6.96004E-01 -4.38289E+00 
5.32362E-01 -4.38908E+00 
2.61144E-01 -4.36335E+00 
3.46113E-02 -4.30617E+00 
-1.32880E-01 -4.21189E+00 
-2.22753E-01 -4.07387E+00 
-2.08040E-01 -3.88350E+00 
-3.94485E-02 -3.62635E+00 
4.03942E-01 -3.26743E+00 
1.47078E+00 -2.69985E+00 
4.02159E+00 -1.63537E+00 
9.07566E+00 3.29189E-01 
1.58516E+01 3.03973E+00 
2.20315E+01 5.70060E+00 
2.58094E+00 -3.23926E+00 
2.41617E+00 -3.33918E+00 
2.67043E+00 -3.34892E+00 
2.41468E+00 -3.44061E+00 
2.15254E+00 -3.53069E+00 
1.88522E+00 -3.61810E+00 
1.61426E+00 -3.70160E+00 
1.40332E+00 -3.76263E+00 
1.34159E+00 -3.77976E+00 
1.04840E+00 -3.85619E+00 
7.59634E-01 -3.92221E+00 
4.79767E-01 -3.97526E+00 
2.14252E-01 -4.01246E+00 
9.07237E-02 -4.02356E+00 
-1.11813E-01 -4.00838E+00 
-2.74672E-01 -3.96722E+00 
-3.85725E-01 -3.89546E+00 
-4.29369E-01 -3.78772E+00 
-3.83100E-01 -3.63702E+00 
-2.06051E-01 -3.43168E+00 
2.01760E-01 -3.14303E+00 
1.12901E+00 -2.68297E+00 
3.29122E+00 -1.81298E+00 
7.54466E+00 -1.98754E-01 
1.32561E+01 2.03198E+00 
1.84979E+01 4.21817E+00 
1.76948E+00 -2.96278E+00 
1.63076E+00 -3.05128E+00 
1.82808E+00 -3.05976E+00 
1.61919E+00 -3.14100E+00 
1.40555E+00 -3.22092E+00 
1.18826E+00 -3.29861E+00 
9.68666E-01 -3.37300E+00 
7.98234E-01 -3.42754E+00 
7.48461E-01 -3.44289E+00 
5.12731E-01 -3.51161E+00 
2.81886E-01 -3.57156E+00 
5.98051E-02 -3.62059E+00 
-1.48814E-01 -3.65636E+00 
-2.42640E-01 -3.67051E+00 
-3.94049E-01 -3.66306E+00 
-5.10517E-01 -3.63413E+00 
-5.81821E-01 -3.57998E+00 
-5.94877E-01 -3.49624E+00 
-5.30942E-01 -3.37729E+00 
-3.56177E-01 -3.21363E+00 
1.19984E-02 -2.98176E+00 
8.12388E-01 -2.60885E+00 
2.63934E+00 -1.89705E+00 
6.21118E+00 -5.68747E-01 
1.10150E+01 1.26946E+00 
1.54489E+01 3.06686E+00 
1.14669E+00 -2.69812E+00 
1.02926E+00 -2.77628E+00 
1.18243E+00 -2.78381E+00 
1.01095E+00 -2.85556E+00 
8.35976E-01 -2.92622E+00 
6.58460E-01 -2.99500E+00 
4.79591E-01 -3.06099E+00 
3.41189E-01 -3.10949E+00 
3.00848E-01 -3.12317E+00 
1.10343E-01 -3.18459E+00 
-7.51463E-02 -3.23862E+00 
-2.52271E-01 -3.28346E+00 
-4.16993E-01 -3.31719E+00 
-4.88816E-01 -3.33305E+00 
-6.02232E-01 -3.33112E+00 
-6.85095E-01 -3.31145E+00 
-7.28804E-01 -3.27098E+00 
-7.22409E-01 -3.20621E+00 
-6.50323E-01 -3.11257E+00 
-4.84564E-01 -2.98237E+00 
-1.56988E-01 -2.79628E+00 
5.29800E-01 -2.49392E+00 
2.06910E+00 -1.91080E+00 
5.06272E+00 -8.15916E-01 
9.09533E+00 7.01082E-01 
1.28366E+01 2.18010E+00 
6.72594E-01 -2.44690E+00 
5.72715E-01 -2.51579E+00 
6.91650E-01 -2.52263E+00 
5.50209E-01 -2.58582E+00 
4.06195E-01 -2.64810E+00 
2.60449E-01 -2.70878E+00 
1.14011E-01 -2.76710E+00 
1.03751E-03 -2.81005E+00 
-3.18289E-02 -2.82217E+00 
-1.86595E-01 -2.87679E+00 
-3.36441E-01 -2.92515E+00 
-4.78478E-01 -2.96579E+00 
-6.09248E-01 -2.99711E+00 
-6.64759E-01 -3.01369E+00 
-7.50000E-01 -3.01559E+00 
-8.08688E-01 -3.00282E+00 
-8.33598E-01 -2.97292E+00 
-8.15585E-01 -2.92304E+00 
-7.41705E-01 -2.84952E+00 
-5.88847E-01 -2.74608E+00 
-3.00825E-01 -2.59680E+00 
2.85418E-01 -2.35150E+00 
1.57903E+00 -1.87299E+00 
4.08365E+00 -9.68700E-01 
7.46297E+00 2.85417E-01 
1.06129E+01 1.50381E+00 
3.15754E-01 -2.21053E+00 
2.30451E-01 -2.27112E+00 
3.22866E-01 -2.27751E+00 
2.05650E-01 -2.33302E+00 
8.65444E-02 -2.38775E+00 
-3.37125E-02 -2.44112E+00 
-1.54212E-01 -2.49247E+00 
-2.46910E-01 -2.53033E+00 
-2.73829E-01 -2.54104E+00 
-4.00241E-01 -2.58936E+00 
-5.21969E-01 -2.63239E+00 
-6.36530E-01 -2.66891E+00 
-7.40968E-01 -2.69763E+00 
-7.84369E-01 -2.71420E+00 
-8.48761E-01 -2.71862E+00 
-8.90197E-01 -2.71091E+00 
-9.02622E-01 -2.68906E+00 
-8.78408E-01 -2.65080E+00 
-8.06825E-01 -2.59318E+00 
-6.68804E-01 -2.51108E+00 
-4.18055E-01 -2.39133E+00 
8.00408E-02 -2.19208E+00 
1.16464E+00 -1.79857E+00 
3.25682E+00 -1.04992E+00 
6.08424E+00 -1.09760E-02 
8.73089E+00 9.94103E-01 
5.12564E-02 -1.98996E+00 
-2.18709E-02 -2.04317E+00 
5.00129E-02 -2.04929E+00 
-4.75792E-02 -2.09791E+00 
-1.46558E-01 -2.14587E+00 
-2.46276E-01 -2.19266E+00 
-3.45939E-01 -2.23769E+00 
-4.22402E-01 -2.27094E+00 
-4.44568E-01 -2.28035E+00 
-5.48391E-01 -2.32289E+00 
-6.47849E-01 -2.36094E+00 
-7.40816E-01 -2.39350E+00 
-8.24771E-01 -2.41953E+00 
-8.59159E-01 -2.43558E+00 
-9.08155E-01 -2.44152E+00 
-9.37396E-01 -2.43741E+00 
-9.41816E-01 -2.42164E+00 
-9.15065E-01 -2.39237E+00 
-8.48259E-01 -2.34724E+00 
-7.25684E-01 -2.28207E+00 
-5.09226E-01 -2.18593E+00 
-8.77931E-02 -2.02379E+00 
8.19626E-01 -1.69931E+00 
2.56477E+00 -1.07778E+00 
4.92706E+00 -2.14970E-01 
7.14681E+00 6.15558E-01 
-1.40783E-01 -1.78566E+00 
-2.03687E-01 -1.83229E+00 
-1.47688E-01 -1.83829E+00 
-2.29316E-01 -1.88077E+00 
-3.11960E-01 -1.92267E+00 
-3.95056E-01 -1.96353E+00 
-4.77908E-01 -2.00287E+00 
-5.41314E-01 -2.03193E+00 
-5.59665E-01 -2.04016E+00 
-6.45411E-01 -2.07741E+00 
-7.27158E-01 -2.11085E+00 
-8.03084E-01 -2.13967E+00 
-8.71048E-01 -2.16300E+00 
-8.98704E-01 -2.17819E+00 
-9.36348E-01 -2.18487E+00 
-9.57061E-01 -2.18322E+00 
-9.56611E-01 -2.17195E+00 
-9.29720E-01 -2.14957E+00 
-8.69045E-01 -2.11419E+00 
-7.61646E-01 -2.06239E+00 
-5.76162E-01 -1.98508E+00 
-2.20949E-01 -1.85278E+00 
5.36746E-01 -1.58434E+00 
1.99054E+00 -1.06664E+00 
3.96172E+00 -3.48079E-01 
5.82036E+00 3.39613E-01 
-2.76285E-01 -1.59761E+00 
-3.30564E-01 -1.63839E+00 
-2.86853E-01 -1.64440E+00 
-3.55437E-01 -1.68140E+00 
-4.24767E-01 -1.71787E+00 
-4.94348E-01 -1.75341E+00 
-5.63574E-01 -1.78763E+00 
-6.16428E-01 -1.81291E+00 
-6.31703E-01 -1.82007E+00 
-7.02916E-01 -1.85252E+00 
-7.70508E-01 -1.88172E+00 
-8.32926E-01 -1.90701E+00 
-8.88352E-01 -1.92770E+00 
-9.10948E-01 -1.94180E+00 
-9.40227E-01 -1.94865E+00 
-9.55047E-01 -1.94860E+00 
-9.51878E-01 -1.94058E+00 
-9.26341E-01 -1.92343E+00 
-8.72373E-01 -1.89561E+00 
-7.79332E-01 -1.85432E+00 
-6.21422E-01 -1.79195E+00 
-3.23062E-01 -1.68361E+00 
3.08485E-01 -1.46066E+00 
1.51818E+00 -1.02783E+00 
3.16116E+00 -4.27464E-01 
4.71514E+00 1.43308E-01 
-3.67993E-01 -1.42546E+00 
-4.14967E-01 -1.46105E+00 
-3.80763E-01 -1.46716E+00 
-4.38642E-01 -1.49927E+00 
-4.97070E-01 -1.53088E+00 
-5.55610E-01 -1.56167E+00 
-6.13735E-01 -1.59128E+00 
-6.58021E-01 -1.61316E+00 
-6.70802E-01 -1.61936E+00 
-7.30269E-01 -1.64745E+00 
-7.86489E-01 -1.67277E+00 
-8.38141E-01 -1.69478E+00 
-8.83687E-01 -1.71294E+00 
-9.02446E-01 -1.72580E+00 
-9.25555E-01 -1.73243E+00 
-9.36355E-01 -1.73329E+00 
-9.31905E-01 -1.72757E+00 
-9.08578E-01 -1.71432E+00 
-8.61374E-01 -1.69231E+00 
-7.81549E-01 -1.65924E+00 
-6.47894E-01 -1.60870E+00 
-3.98079E-01 -1.51958E+00 
1.27480E-01 -1.33357E+00 
1.13307E+00 -9.70167E-01 
2.50119E+00 -4.66755E-01 
3.79877E+00 8.24748E-03 
-4.26091E-01 -1.26858E+00 
-4.66852E-01 -1.29955E+00 
-4.40009E-01 -1.30584E+00 
-4.89062E-01 -1.33358E+00 
-5.38518E-01 -1.36086E+00 
-5.87993E-01 -1.38740E+00 
-6.37027E-01 -1.41289E+00 
-6.74315E-01 -1.43172E+00 
-6.85064E-01 -1.43705E+00 
-7.34983E-01 -1.46121E+00 
-7.82014E-01 -1.48300E+00 
-8.25034E-01 -1.50200E+00 
-8.62746E-01 -1.51774E+00 
-8.78560E-01 -1.52933E+00 
-8.97104E-01 -1.53542E+00 
-9.05196E-01 -1.53672E+00 
-9.00391E-01 -1.53255E+00 
-8.79690E-01 -1.52217E+00 
-8.38974E-01 -1.50459E+00 
-7.71063E-01 -1.47791E+00 
-6.58524E-01 -1.43672E+00 
-4.49953E-01 -1.36300E+00 
-1.32043E-02 -1.20699E+00 
8.22051E-01 -9.00484E-01 
1.96042E+00 -4.76722E-01 
3.04270E+00 -8.02501E-02 
-4.58686E-01 -1.12616E+00 
-4.94143E-01 -1.15302E+00 
-4.73008E-01 -1.15952E+00 
-5.14747E-01 -1.18338E+00 
-5.56781E-01 -1.20680E+00 
-5.98772E-01 -1.22955E+00 
-6.40318E-01 -1.25137E+00 
-6.71857E-01 -1.26746E+00 
-6.80938E-01 -1.27202E+00 
-7.23050E-01 -1.29265E+00 
-7.62606E-01 -1.31126E+00 
-7.98657E-01 -1.32749E+00 
-8.30114E-01 -1.34099E+00 
-8.43632E-01 -1.35128E+00 
-8.58775E-01 -1.35665E+00 
-8.65063E-01 -1.35802E+00 
-8.60469E-01 -1.35485E+00 
-8.42512E-01 -1.34655E+00 
-8.07806E-01 -1.33232E+00 
-7.50459E-01 -1.31059E+00 
-6.56142E-01 -1.27675E+00 
-4.82451E-01 -1.21537E+00 
-1.19933E-01 -1.08378E+00 
5.73421E-01 -8.24006E-01 
1.52008E+00 -4.65824E-01 
2.42198E+00 -1.33855E-01 
-4.72193E-01 -9.97273E-01 
-5.03105E-01 -1.02049E+00 
-4.86407E-01 -1.02722E+00 
-5.22054E-01 -1.04764E+00 
-5.57913E-01 -1.06763E+00 
-5.93689E-01 -1.08701E+00 
-6.29031E-01 -1.10557E+00 
-6.55818E-01 -1.11923E+00 
-6.63523E-01 -1.12309E+00 
-6.99206E-01 -1.14057E+00 
-7.32641E-01 -1.15632E+00 
-7.63025E-01 -1.17004E+00 
-7.89446E-01 -1.18147E+00 
-8.01141E-01 -1.19049E+00 
-8.13724E-01 -1.19504E+00 
-8.18821E-01 -1.19623E+00 
-8.14749E-01 -1.19364E+00 
-7.99464E-01 -1.18681E+00 
-7.70183E-01 -1.17509E+00 
-7.22072E-01 -1.15717E+00 
-6.43354E-01 -1.12913E+00 
-4.99032E-01 -1.07763E+00 
-1.98402E-01 -9.65975E-01 
3.76957E-01 -7.44691E-01 
1.16392E+00 -4.40653E-01 
1.91500E+00 -1.61777E-01 
-4.71664E-01 -8.80968E-01 
-4.98666E-01 -9.00958E-01 
-4.85429E-01 -9.07919E-01 
-5.15974E-01 -9.25280E-01 
-5.46667E-01 -9.42243E-01 
-5.77250E-01 -9.58640E-01 
-6.07419E-01 -9.74302E-01 
-6.30252E-01 -9.85805E-01 
-6.36814E-01 -9.89054E-01 
-6.67169E-01 -1.00374E+00 
-6.95554E-01 -1.01693E+00 
-7.21293E-01 -1.02840E+00 
-7.43624E-01 -1.03792E+00 
-7.53841E-01 -1.04574E+00 
-7.64467E-01 -1.04941E+00 
-7.68775E-01 -1.05026E+00 
-7.65369E-01 -1.04796E+00 
-7.52566E-01 -1.04214E+00 
-7.28081E-01 -1.03229E+00 
-6.87951E-01 -1.01730E+00 
-6.22490E-01 -9.93808E-01 
-5.02794E-01 -9.50267E-01 
-2.53641E-01 -8.54926E-01 
2.23764E-01 -6.65472E-01 
8.77928E-01 -4.06295E-01 
1.50314E+00 -1.71246E-01 
-4.61045E-01 -7.76271E-01 
-4.84671E-01 -7.93398E-01 
-4.74149E-01 -8.00575E-01 
-5.00394E-01 -8.15242E-01 
-5.26740E-01 -8.29530E-01 
-5.52958E-01 -8.43300E-01 
-5.78786E-01 -8.56411E-01 
-5.98308E-01 -8.66013E-01 
-6.03915E-01 -8.68720E-01 
-6.29823E-01 -8.80927E-01 
-6.54011E-01 -8.91851E-01 
-6.75912E-01 -9.01307E-01 
-6.94891E-01 -9.09108E-01 
-7.03883E-01 -9.15800E-01 
-7.12985E-01 -9.18585E-01 
-7.16758E-01 -9.18998E-01 
-7.14051E-01 -9.16779E-01 
-7.03476E-01 -9.11639E-01 
-6.83160E-01 -9.03164E-01 
-6.49853E-01 -8.90434E-01 
-5.95585E-01 -8.70526E-01 
-4.96459E-01 -8.33399E-01 
-2.90024E-01 -7.51482E-01 
1.06196E-01 -5.88474E-01 
6.50089E-01 -3.66629E-01 
1.17045E+00 -1.67880E-01 
-4.43399E-01 -6.82234E-01 
-4.64096E-01 -6.96831E-01 
-4.55718E-01 -7.04194E-01 
-4.78322E-01 -7.16493E-01 
-5.00986E-01 -7.28432E-01 
-5.23514E-01 -7.39896E-01 
-5.45677E-01 -7.50770E-01 
-5.62409E-01 -7.58704E-01 
-5.67212E-01 -7.60936E-01 
-5.89385E-01 -7.70969E-01 
-6.10060E-01 -7.79894E-01 
-6.28765E-01 -7.87560E-01 
-6.44970E-01 -7.93818E-01 
-6.52928E-01 -7.99473E-01 
-6.60812E-01 -8.01402E-01 
-6.64206E-01 -8.01330E-01 
-6.62159E-01 -7.99057E-01 
-6.53531E-01 -7.94357E-01 
-6.36786E-01 -7.86897E-01 
-6.09259E-01 -7.75901E-01 
-5.64383E-01 -7.58829E-01 
-4.82374E-01 -7.26903E-01 
-3.11311E-01 -6.56096E-01 
1.77262E-02 -5.15188E-01 
4.70184E-01 -3.24563E-01 
9.03343E-01 -1.56004E-01 
-4.21079E-01 -5.97949E-01 
-4.39230E-01 -6.10314E-01 
-4.32560E-01 -6.17823E-01 
-4.52060E-01 -6.28049E-01 
-4.71591E-01 -6.37936E-01 
-4.90981E-01 -6.47387E-01 
-5.10032E-01 -6.56310E-01 
-5.24400E-01 -6.62789E-01 
-5.28521E-01 -6.64606E-01 
-5.47537E-01 -6.72739E-01 
-5.65253E-01 -6.79911E-01 
-5.81275E-01 -6.86000E-01 
-5.95164E-01 -6.90886E-01 
-6.02231E-01 -6.95595E-01 
-6.09116E-01 -6.96722E-01 
-6.12220E-01 -6.96158E-01 
-6.10758E-01 -6.93749E-01 
-6.03792E-01 -6.89323E-01 
-5.90065E-01 -6.82614E-01 
-5.67389E-01 -6.72960E-01 
-5.30348E-01 -6.58147E-01 
-4.62531E-01 -6.30471E-01 
-3.20698E-01 -5.68925E-01 
-4.71800E-02 -4.46603E-01 
3.29559E-01 -2.82238E-01 
6.90297E-01 -1.38901E-01 
-3.95477E-01 -5.21451E-01 
-4.11371E-01 -5.31824E-01 
-4.06096E-01 -5.39433E-01 
-4.22901E-01 -5.47828E-01 
-4.39713E-01 -5.55904E-01 
-4.56381E-01 -5.63584E-01 
-4.72739E-01 -5.70788E-01 
-4.85063E-01 -5.75986E-01 
-4.88596E-01 -5.77437E-01 
-5.04890E-01 -5.83896E-01 
-5.20061E-01 -5.89519E-01 
-5.33783E-01 -5.94209E-01 
-5.45693E-01 -5.97867E-01 
-5.51971E-01 -6.01711E-01 
-5.58002E-01 -6.02094E-01 
-5.60857E-01 -6.01050E-01 
-5.59890E-01 -5.98465E-01 
-5.54335E-01 -5.94207E-01 
-5.43162E-01 -5.88065E-01 
-5.24583E-01 -5.79478E-01 
-4.94132E-01 -5.66508E-01 
-4.38209E-01 -5.42387E-01 
-3.20821E-01 -4.88735E-01 
-9.37678E-02 -3.82384E-01 
2.19456E-01 -2.40561E-01 
5.19282E-01 -1.18708E-01 
-3.68755E-01 -4.54291E-01 
-3.82706E-01 -4.62947E-01 
-3.78549E-01 -4.70598E-01 
-3.93075E-01 -4.77434E-01 
-4.07588E-01 -4.83972E-01 
-4.21960E-01 -4.90146E-01 
-4.36048E-01 -4.95892E-01 
-4.46652E-01 -5.00003E-01 
-4.49691E-01 -5.01145E-01 
-4.63699E-01 -5.06182E-01 
-4.76738E-01 -5.10487E-01 
-4.88536E-01 -5.13981E-01 
-4.98793E-01 -5.16584E-01 
-5.04387E-01 -5.19667E-01 
-5.09691E-01 -5.19399E-01 
-5.12319E-01 -5.17922E-01 
-5.11738E-01 -5.15153E-01 
-5.07318E-01 -5.10996E-01 
-4.98217E-01 -5.05283E-01 
-4.82963E-01 -4.97533E-01 
-4.57857E-01 -4.86043E-01 
-4.11560E-01 -4.64837E-01 
-3.13950E-01 -4.17771E-01 
-1.24545E-01 -3.24826E-01 
1.37090E-01 -2.01887E-01 
3.87317E-01 -9.78677E-02 
-3.41530E-01 -3.94447E-01 
-3.53776E-01 -4.01604E-01 
-3.50545E-01 -4.09235E-01 
-3.63101E-01 -4.14729E-01 
-3.75631E-01 -4.19945E-01 
-3.88024E-01 -4.24827E-01 
-4.00159E-01 -4.29322E-01 
-4.09286E-01 -4.32501E-01 
-4.11900E-01 -4.33376E-01 
-4.23948E-01 -4.37191E-01 
-4.35161E-01 -4.40363E-01 
-4.45312E-01 -4.42826E-01 
-4.54155E-01 -4.44516E-01 
-4.59139E-01 -4.46922E-01 
-4.63801E-01 -4.46087E-01 
-4.66204E-01 -4.44230E-01 
-4.65911E-01 -4.41293E-01 
-4.62403E-01 -4.37206E-01 
-4.54991E-01 -4.31836E-01 
-4.42461E-01 -4.24773E-01 
-4.21742E-01 -4.14515E-01 
-3.83351E-01 -3.95775E-01 
-3.01999E-01 -3.54355E-01 
-1.43609E-01 -2.72954E-01 
7.54188E-02 -1.66222E-01 
2.84584E-01 -7.73529E-02 
-3.14537E-01 -3.41227E-01 
-3.25282E-01 -3.47079E-01 
-3.22829E-01 -3.54629E-01 
-3.33680E-01 -3.58974E-01 
-3.44494E-01 -3.63059E-01 
-3.55177E-01 -3.66838E-01 
-3.65627E-01 -3.70266E-01 
-3.73480E-01 -3.72649E-01 
-3.75729E-01 -3.73297E-01 
-3.86090E-01 -3.76070E-01 
-3.95732E-01 -3.78274E-01 
-4.04468E-01 -3.79855E-01 
-4.12091E-01 -3.80762E-01 
-4.16530E-01 -3.82571E-01 
-4.20613E-01 -3.81256E-01 
-4.22787E-01 -3.79080E-01 
-4.22690E-01 -3.76003E-01 
-4.19899E-01 -3.71979E-01 
-4.13847E-01 -3.66903E-01 
-4.03533E-01 -3.60423E-01 
-3.86398E-01 -3.51212E-01 
-3.54479E-01 -3.34591E-01 
-2.86474E-01 -2.98063E-01 
-1.53617E-01 -2.26686E-01 
3.02365E-02 -1.33961E-01 
2.05428E-01 -5.80375E-02 
-2.88298E-01 -2.93991E-01 
-2.97720E-01 -2.98712E-01 
-2.95933E-01 -3.06114E-01 
-3.05302E-01 -3.09483E-01 
-3.14628E-01 -3.12608E-01 
-3.23832E-01 -3.15450E-01 
-3.32825E-01 -3.17972E-01 
-3.39579E-01 -3.19680E-01 
-3.41513E-01 -3.20136E-01 
-3.50418E-01 -3.22025E-01 
-3.58705E-01 -3.23408E-01 
-3.66217E-01 -3.24242E-01 
-3.72783E-01 -3.24487E-01 
-3.76733E-01 -3.25771E-01 
-3.80286E-01 -3.24065E-01 
-3.82222E-01 -3.21636E-01 
-3.82243E-01 -3.18459E-01 
-3.80001E-01 -3.14508E-01 
-3.75031E-01 -3.09701E-01 
-3.66505E-01 -3.03735E-01 
-3.52282E-01 -2.95437E-01 
-3.25650E-01 -2.80664E-01 
-2.68590E-01 -2.48419E-01 
-1.56746E-01 -1.85817E-01 
-1.92761E-03 -1.05284E-01 
1.45163E-01 -4.04870E-02 
-2.63140E-01 -2.52089E-01 
-2.71392E-01 -2.55834E-01 
-2.70183E-01 -2.63024E-01 
-2.78263E-01 -2.65565E-01 
-2.86296E-01 -2.67877E-01 
-2.94215E-01 -2.69929E-01 
-3.01946E-01 -2.71686E-01 
-3.07748E-01 -2.72825E-01 
-3.09408E-01 -2.73119E-01 
-3.17053E-01 -2.74263E-01 
-3.24166E-01 -2.74957E-01 
-3.30614E-01 -2.75165E-01 
-3.36256E-01 -2.74858E-01 
-3.39764E-01 -2.75683E-01 
-3.42828E-01 -2.73671E-01 
-3.44518E-01 -2.71054E-01 
-3.44589E-01 -2.67825E-01 
-3.42755E-01 -2.63969E-01 
-3.38635E-01 -2.59424E-01 
-3.31543E-01 -2.53930E-01 
-3.19679E-01 -2.46449E-01 
-2.97362E-01 -2.33314E-01 
-2.49283E-01 -2.04865E-01 
-1.54758E-01 -1.50018E-01 
-2.39444E-02 -8.01808E-02 
9.98661E-02 -2.50123E-02 
-2.39351E-01 -2.15073E-01 
-2.46572E-01 -2.17981E-01 
-2.45870E-01 -2.24894E-01 
-2.52830E-01 -2.26741E-01 
-2.59742E-01 -2.28372E-01 
-2.66547E-01 -2.29760E-01 
-2.73185E-01 -2.30879E-01 
-2.78162E-01 -2.31542E-01 
-2.79586E-01 -2.31700E-01 
-2.86140E-01 -2.32225E-01 
-2.92233E-01 -2.32347E-01 
-2.97756E-01 -2.32040E-01 
-3.02587E-01 -2.31283E-01 
-3.05697E-01 -2.31713E-01 
-3.08306E-01 -2.29476E-01 
-3.09743E-01 -2.26741E-01 
-3.09807E-01 -2.23509E-01 
-3.08264E-01 -2.19778E-01 
-3.04801E-01 -2.15500E-01 
-2.98847E-01 -2.10452E-01 
-2.88883E-01 -2.03716E-01 
-2.70073E-01 -1.92053E-01 
-2.29347E-01 -1.66993E-01 
-1.49073E-01 -1.19034E-01 
-3.80765E-02 -5.86194E-02 
6.64799E-02 -1.18067E-02 
-2.17082E-01 -1.82452E-01 
-2.23392E-01 -1.84647E-01 
-2.23142E-01 -1.91225E-01 
-2.29128E-01 -1.92492E-01 
-2.35067E-01 -1.93556E-01 
-2.40907E-01 -1.94393E-01 
-2.46598E-01 -1.94981E-01 
-2.50861E-01 -1.95251E-01 
-2.52080E-01 -1.95298E-01 
-2.57687E-01 -1.95314E-01 
-2.62893E-01 -1.94970E-01 
-2.67605E-01 -1.94249E-01 
-2.71722E-01 -1.93137E-01 
-2.74470E-01 -1.93229E-01 
-2.76655E-01 -1.90846E-01 
-2.77837E-01 -1.88058E-01 
-2.77850E-01 -1.84875E-01 
-2.76502E-01 -1.81302E-01 
-2.73537E-01 -1.77305E-01 
-2.68480E-01 -1.72689E-01 
-2.60040E-01 -1.66647E-01 
-2.44076E-01 -1.56321E-01 
-2.09371E-01 -1.34311E-01 
-1.40831E-01 -9.25091E-02 
-4.62091E-02 -4.04356E-02 
4.24112E-02 -9.03127E-04 
-1.96420E-01 -1.53796E-01 
-2.01927E-01 -1.55386E-01 
-2.02078E-01 -1.61575E-01 
-2.07221E-01 -1.62362E-01 
-2.12316E-01 -1.62957E-01 
-2.17321E-01 -1.63341E-01 
-2.22190E-01 -1.63495E-01 
-2.25834E-01 -1.63445E-01 
-2.26875E-01 -1.63402E-01 
-2.31657E-01 -1.63008E-01 
-2.36089E-01 -1.62294E-01 
-2.40090E-01 -1.61251E-01 
-2.43574E-01 -1.59871E-01 
-2.45992E-01 -1.59681E-01 
-2.47781E-01 -1.57226E-01 
-2.48708E-01 -1.54448E-01 
-2.48635E-01 -1.51362E-01 
-2.47408E-01 -1.47982E-01 
-2.44814E-01 -1.44281E-01 
-2.40457E-01 -1.40093E-01 
-2.33236E-01 -1.34704E-01 
-2.19580E-01 -1.25606E-01 
-1.89806E-01 -1.06358E-01 
-1.30936E-01 -7.00826E-02 
-4.98556E-02 -2.54201E-02 
2.55651E-02 7.75388E-03 
-1.77368E-01 -1.28673E-01 
-1.82167E-01 -1.29757E-01 
-1.82676E-01 -1.35508E-01 
-1.87087E-01 -1.35902E-01 
-1.91451E-01 -1.36115E-01 
-1.95730E-01 -1.36130E-01 
-1.99887E-01 -1.35934E-01 
-2.02991E-01 -1.35630E-01 
-2.03877E-01 -1.35514E-01 
-2.07939E-01 -1.34800E-01 
-2.11691E-01 -1.33804E-01 
-2.15063E-01 -1.32522E-01 
-2.17982E-01 -1.30955E-01 
-2.20098E-01 -1.30535E-01 
-2.21518E-01 -1.28076E-01 
-2.22192E-01 -1.25365E-01 
-2.22010E-01 -1.22425E-01 
-2.20844E-01 -1.19270E-01 
-2.18523E-01 -1.15883E-01 
-2.14711E-01 -1.12119E-01 
-2.08463E-01 -1.07352E-01 
-1.96682E-01 -9.93889E-02 
-1.70956E-01 -8.26555E-02 
-1.20076E-01 -5.13647E-02 
-5.02260E-02 -1.33109E-02 
1.42337E-02 1.42952E-02 
-1.59939E-01 -1.06740E-01 
-1.64112E-01 -1.07404E-01 
-1.64938E-01 -1.12682E-01 
-1.68715E-01 -1.12757E-01 
-1.72444E-01 -1.12662E-01 
-1.76093E-01 -1.12385E-01 
-1.79629E-01 -1.11915E-01 
-1.82262E-01 -1.11414E-01 
-1.83012E-01 -1.11244E-01 
-1.86444E-01 -1.10289E-01 
-1.89596E-01 -1.09090E-01 
-1.92410E-01 -1.07647E-01 
-1.94823E-01 -1.05968E-01 
-1.96659E-01 -1.05369E-01 
-1.97735E-01 -1.02965E-01 
-1.98164E-01 -1.00374E-01 
-1.97857E-01 -9.76199E-02 
-1.96711E-01 -9.47192E-02 
-1.94584E-01 -9.16607E-02 
-1.91195E-01 -8.83177E-02 
-1.85726E-01 -8.41431E-02 
-1.75470E-01 -7.72318E-02 
-1.53073E-01 -6.27929E-02 
-1.08807E-01 -3.60037E-02 
-4.82887E-02 -3.84774E-03 
7.05383E-03 1.88847E-02 
-1.44042E-01 -8.76524E-02 
-1.47661E-01 -8.79759E-02 
-1.48763E-01 -9.27554E-02 
-1.51988E-01 -9.25790E-02 
-1.55164E-01 -9.22444E-02 
-1.58264E-01 -9.17430E-02 
-1.61256E-01 -9.10680E-02 
-1.63476E-01 -9.04238E-02 
-1.64107E-01 -9.02151E-02 
-1.66982E-01 -8.90938E-02 
-1.69603E-01 -8.77648E-02 
-1.71919E-01 -8.62334E-02 
-1.73876E-01 -8.45099E-02 
-1.75452E-01 -8.37811E-02 
-1.76211E-01 -8.14870E-02 
-1.76407E-01 -7.90615E-02 
-1.75968E-01 -7.65282E-02 
-1.74812E-01 -7.39056E-02 
-1.72823E-01 -7.11854E-02 
-1.69764E-01 -6.82575E-02 
-1.64922E-01 -6.46467E-02 
-1.55911E-01 -5.87100E-02 
-1.36263E-01 -4.63666E-02 
-9.74933E-02 -2.36465E-02 
-4.47534E-02 3.24445E-03 
2.98350E-03 2.17156E-02 
-1.29624E-01 -7.11321E-02 
-1.32750E-01 -7.11874E-02 
-1.34085E-01 -7.54571E-02 
-1.36828E-01 -7.50893E-02 
-1.39522E-01 -7.45764E-02 
-1.42139E-01 -7.39131E-02 
-1.44653E-01 -7.30960E-02 
-1.46509E-01 -7.23575E-02 
-1.47034E-01 -7.21241E-02 
-1.49416E-01 -7.09044E-02 
-1.51564E-01 -6.95117E-02 
-1.53435E-01 -6.79554E-02 
-1.54982E-01 -6.62484E-02 
-1.56314E-01 -6.54361E-02 
-1.56783E-01 -6.32963E-02 
-1.56761E-01 -6.10718E-02 
-1.56192E-01 -5.87858E-02 
-1.55010E-01 -5.64564E-02 
-1.53122E-01 -5.40771E-02 
-1.50324E-01 -5.15526E-02 
-1.45991E-01 -4.84728E-02 
-1.38007E-01 -4.34347E-02 
-1.20640E-01 -3.30003E-02 
-8.64558E-02 -1.39519E-02 
-4.02254E-02 8.24894E-03 
1.14454E-03 2.30076E-02 
-1.16594E-01 -5.69299E-02 
-1.19279E-01 -5.67841E-02 
-1.20803E-01 -6.05470E-02 
-1.23123E-01 -6.00428E-02 
-1.25391E-01 -5.94077E-02 
-1.27583E-01 -5.86394E-02 
-1.29674E-01 -5.77373E-02 
-1.31206E-01 -5.69487E-02 
-1.31638E-01 -5.67035E-02 
-1.33581E-01 -5.54459E-02 
-1.35307E-01 -5.40484E-02 
-1.36780E-01 -5.25226E-02 
-1.37959E-01 -5.08837E-02 
-1.39064E-01 -5.00299E-02 
-1.39272E-01 -4.80781E-02 
-1.39053E-01 -4.60797E-02 
-1.38363E-01 -4.40567E-02 
-1.37150E-01 -4.20255E-02 
-1.35339E-01 -3.99807E-02 
-1.32755E-01 -3.78400E-02 
-1.28843E-01 -3.52529E-02 
-1.21713E-01 -3.10358E-02 
-1.06254E-01 -2.23317E-02 
-7.59174E-02 -6.58424E-03 
-3.51613E-02 1.14550E-02 
8.55702E-04 2.29976E-02 
-1.04807E-01 -4.48355E-02 
-1.07096E-01 -4.45509E-02 
-1.08764E-01 -4.78237E-02 
-1.10712E-01 -4.72334E-02 
-1.12604E-01 -4.65271E-02 
-1.14419E-01 -4.57049E-02 
-1.16136E-01 -4.47688E-02 
-1.17381E-01 -4.39689E-02 
-1.17729E-01 -4.37230E-02 
-1.19283E-01 -4.24795E-02 
-1.20635E-01 -4.11262E-02 
-1.21754E-01 -3.96763E-02 
-1.22608E-01 -3.81456E-02 
-1.23504E-01 -3.72857E-02 
-1.23486E-01 -3.55427E-02 
-1.23096E-01 -3.37830E-02 
-1.22302E-01 -3.20261E-02 
-1.21064E-01 -3.02865E-02 
-1.19321E-01 -2.85592E-02 
-1.16921E-01 -2.67733E-02 
-1.13369E-01 -2.46336E-02 
-1.06962E-01 -2.11564E-02 
-9.31135E-02 -1.40084E-02 
-6.60304E-02 -1.21109E-03 
-2.99073E-02 1.31575E-02 
1.58469E-03 2.19370E-02 
-9.41379E-02 -3.46827E-02 
-9.60695E-02 -3.43148E-02 
-9.78385E-02 -3.71247E-02 
-9.94566E-02 -3.64923E-02 
-1.01016E-01 -3.57586E-02 
-1.02498E-01 -3.49257E-02 
-1.03883E-01 -3.39975E-02 
-1.04875E-01 -3.32175E-02 
-1.05151E-01 -3.29798E-02 
-1.06362E-01 -3.17909E-02 
-1.07386E-01 -3.05183E-02 
-1.08197E-01 -2.91758E-02 
-1.08770E-01 -2.77792E-02 
-1.09479E-01 -2.69389E-02 
-1.09271E-01 -2.54111E-02 
-1.08743E-01 -2.38879E-02 
-1.07869E-01 -2.23867E-02 
-1.06621E-01 -2.09192E-02 
-1.04948E-01 -1.94807E-02 
-1.02719E-01 -1.80112E-02 
-9.94840E-02 -1.62658E-02 
-9.37014E-02 -1.34428E-02 
-8.12293E-02 -7.67809E-03 
-5.69208E-02 2.50532E-03 
-2.47478E-02 1.36646E-02 
2.89563E-03 2.00966E-02 
-8.44096E-02 -2.63337E-02 
-8.60217E-02 -2.59275E-02 
-8.78552E-02 -2.83064E-02 
-8.91839E-02 -2.76662E-02 
-9.04523E-02 -2.69383E-02 
-9.16438E-02 -2.61265E-02 
-9.27412E-02 -2.52359E-02 
-9.35146E-02 -2.44970E-02 
-9.37269E-02 -2.42733E-02 
-9.46443E-02 -2.31642E-02 
-9.53895E-02 -2.19930E-02 
-9.59413E-02 -2.07734E-02 
-9.62796E-02 -1.95204E-02 
-9.68296E-02 -1.87128E-02 
-9.64743E-02 -1.73906E-02 
-9.58451E-02 -1.60873E-02 
-9.49236E-02 -1.48173E-02 
-9.36879E-02 -1.35902E-02 
-9.20970E-02 -1.24014E-02 
-9.00342E-02 -1.12010E-02 
-8.70913E-02 -9.79070E-03 
-8.18605E-02 -7.53298E-03 
-7.05835E-02 -2.98213E-03 
-4.86702E-02 4.90829E-03 
-1.98989E-02 1.32893E-02 
4.44416E-03 1.77526E-02 
-7.55113E-02 -1.97146E-02 
-7.68470E-02 -1.93001E-02 
-7.87185E-02 -2.12803E-02 
-7.98017E-02 -2.06528E-02 
-8.08246E-02 -1.99495E-02 
-8.17724E-02 -1.91751E-02 
-8.26302E-02 -1.83357E-02 
-8.32227E-02 -1.76461E-02 
-8.33831E-02 -1.74385E-02 
-8.40604E-02 -1.64162E-02 
-8.45808E-02 -1.53486E-02 
-8.49272E-02 -1.42487E-02 
-8.50842E-02 -1.31303E-02 
-8.55083E-02 -1.23548E-02 
-8.50530E-02 -1.12127E-02 
-8.43647E-02 -1.00976E-02 
-8.34308E-02 -9.02125E-03 
-8.22348E-02 -7.99143E-03 
-8.07428E-02 -7.00391E-03 
-7.88498E-02 -6.01835E-03 
-7.61817E-02 -4.87863E-03 
-7.14463E-02 -3.09409E-03 
-6.12172E-02 4.14089E-04 
-4.13862E-02 6.32896E-03 
-1.55589E-02 1.23479E-02 
5.94670E-03 1.51950E-02 
-6.72737E-02 -1.46770E-02 
-6.83822E-02 -1.42638E-02 
-7.02793E-02 -1.58670E-02 
-7.11651E-02 -1.52552E-02 
-7.19919E-02 -1.45773E-02 
-7.27467E-02 -1.38388E-02 
-7.34169E-02 -1.30463E-02 
-7.38692E-02 -1.24007E-02 
-7.39896E-02 -1.22072E-02 
-7.44840E-02 -1.12602E-02 
-7.48365E-02 -1.02806E-02 
-7.50338E-02 -9.28040E-03 
-7.50642E-02 -8.27236E-03 
-7.53993E-02 -7.51570E-03 
-7.48913E-02 -6.51687E-03 
-7.41864E-02 -5.54892E-03 
-7.32757E-02 -4.62162E-03 
-7.21473E-02 -3.74106E-03 
-7.07721E-02 -2.90385E-03 
-6.90547E-02 -2.07874E-03 
-6.66500E-02 -1.14775E-03 
-6.23673E-02 2.49925E-04 
-5.30724E-02 2.87410E-03 
-3.50803E-02 7.10504E-03 
-1.18363E-02 1.11377E-02 
7.20363E-03 1.26769E-02 
-5.96313E-02 -1.10738E-02 
-6.05717E-02 -1.06486E-02 
-6.24973E-02 -1.18841E-02 
-6.32405E-02 -1.12718E-02 
-6.39269E-02 -1.06016E-02 
-6.45449E-02 -9.87958E-03 
-6.50836E-02 -9.11260E-03 
-6.54391E-02 -8.49313E-03 
-6.55322E-02 -8.30833E-03 
-6.59035E-02 -7.40894E-03 
-6.61466E-02 -6.48689E-03 
-6.62514E-02 -5.55354E-03 
-6.62089E-02 -4.62031E-03 
-6.64921E-02 -3.86104E-03 
-6.59755E-02 -2.96237E-03 
-6.52919E-02 -2.09660E-03 
-6.44357E-02 -1.27182E-03 
-6.33978E-02 -4.93069E-04 
-6.21527E-02 2.41945E-04 
-6.06129E-02 9.56007E-04 
-5.84585E-02 1.73325E-03 
-5.45893E-02 2.82161E-03 
-4.61326E-02 4.70867E-03 
-2.97774E-02 7.52796E-03 
-8.81493E-03 9.91918E-03 
8.07583E-03 1.04209E-02 
-5.25909E-02 -8.67185E-03 
-5.34287E-02 -8.20118E-03 
-5.53974E-02 -9.06545E-03 
-5.60560E-02 -8.42128E-03 
-5.66591E-02 -7.72709E-03 
-5.71967E-02 -6.98937E-03 
-5.76594E-02 -6.21526E-03 
-5.79600E-02 -5.59622E-03 
-5.80379E-02 -5.41251E-03 
-5.83421E-02 -4.52426E-03 
-5.85293E-02 -3.62274E-03 
-5.85916E-02 -2.71852E-03 
-5.85224E-02 -1.82202E-03 
-5.87846E-02 -1.03780E-03 
-5.82936E-02 -1.98592E-04 
-5.76595E-02 6.05529E-04 
-5.68785E-02 1.36769E-03 
-5.59435E-02 2.08353E-03 
-5.48319E-02 2.75408E-03 
-5.34629E-02 3.39449E-03 
-5.15391E-02 4.05952E-03 
-4.80430E-02 4.90101E-03 
-4.03386E-02 6.17883E-03 
-2.54487E-02 7.83038E-03 
-6.51192E-03 8.88533E-03 
8.50226E-03 8.57685E-03 
-4.62475E-02 -7.15326E-03 
-4.70464E-02 -6.59132E-03 
-4.90768E-02 -7.07406E-03 
-4.97037E-02 -6.35914E-03 
-5.02749E-02 -5.60334E-03 
-5.07814E-02 -4.81360E-03 
-5.12148E-02 -3.99730E-03 
-5.14950E-02 -3.35238E-03 
-5.15673E-02 -3.16222E-03 
-5.18489E-02 -2.24993E-03 
-5.20207E-02 -1.33513E-03 
-5.20767E-02 -4.27644E-04 
-5.20121E-02 4.63056E-04 
-5.22719E-02 1.28696E-03 
-5.18256E-02 2.09639E-03 
-5.12534E-02 2.86676E-03 
-5.05532E-02 3.59219E-03 
-4.97194E-02 4.26875E-03 
-4.87315E-02 4.89632E-03 
-4.75145E-02 5.48344E-03 
-4.57922E-02 6.06009E-03 
-4.26235E-02 6.69819E-03 
-3.55897E-02 7.47144E-03 
-2.20136E-02 8.16582E-03 
-4.87907E-03 8.14577E-03 
8.49835E-03 7.21071E-03 
-4.07507E-02 -6.11783E-03 
-4.15628E-02 -5.42164E-03 
-4.36671E-02 -5.51824E-03 
-4.43025E-02 -4.69987E-03 
-4.48789E-02 -3.85246E-03 
-4.53883E-02 -2.98330E-03 
-4.58233E-02 -2.09989E-03 
-4.61046E-02 -1.41146E-03 
-4.61773E-02 -1.20994E-03 
-4.64617E-02 -2.51869E-04 
-4.66394E-02 6.95421E-04 
-4.67058E-02 1.62292E-03 
-4.66578E-02 2.52220E-03 
-4.69169E-02 3.38519E-03 
-4.65156E-02 4.17648E-03 
-4.60002E-02 4.92243E-03 
-4.53696E-02 5.61804E-03 
-4.46194E-02 6.25988E-03 
-4.37313E-02 6.84691E-03 
-4.26358E-02 7.38231E-03 
-4.10764E-02 7.87579E-03 
-3.81837E-02 8.33440E-03 
-3.17403E-02 8.68340E-03 
-1.93389E-02 8.59573E-03 
-3.80635E-03 7.71714E-03 
8.14829E-03 6.29801E-03 
-3.62699E-02 -5.14808E-03 
-3.71239E-02 -4.29235E-03 
-3.92971E-02 -4.01617E-03 
-3.99585E-02 -3.08015E-03 
-4.05546E-02 -2.13029E-03 
-4.10780E-02 -1.17400E-03 
-4.15227E-02 -2.18660E-04 
-4.18092E-02 5.15187E-04 
-4.18832E-02 7.28333E-04 
-4.21722E-02 1.73184E-03 
-4.23538E-02 2.70874E-03 
-4.24249E-02 3.65110E-03 
-4.23840E-02 4.55171E-03 
-4.26264E-02 5.43428E-03 
-4.22523E-02 6.19853E-03 
-4.17717E-02 6.90940E-03 
-4.11845E-02 7.56287E-03 
-4.04875E-02 8.15615E-03 
-3.96643E-02 8.68773E-03 
-3.86508E-02 9.15665E-03 
-3.72097E-02 9.55658E-03 
-3.45390E-02 9.84329E-03 
-2.86075E-02 9.82654E-03 
-1.72512E-02 9.09813E-03 
-3.13835E-03 7.53563E-03 
7.58445E-03 5.74012E-03 
-3.29216E-02 -3.89444E-03 
-3.38153E-02 -2.88216E-03 
-3.60285E-02 -2.27227E-03 
-3.67062E-02 -1.23022E-03 
-3.73098E-02 -1.92389E-04 
-3.78331E-02 8.34058E-04 
-3.82711E-02 1.84217E-03 
-3.85487E-02 2.60532E-03 
-3.86196E-02 2.82519E-03 
-3.88915E-02 3.84974E-03 
-3.90532E-02 4.83043E-03 
-3.91033E-02 5.76074E-03 
-3.90421E-02 6.63502E-03 
-3.92376E-02 7.50090E-03 
-3.88594E-02 8.21171E-03 
-3.83800E-02 8.86069E-03 
-3.78006E-02 9.44500E-03 
-3.71190E-02 9.96275E-03 
-3.63211E-02 1.04124E-02 
-3.53478E-02 1.07899E-02 
-3.39801E-02 1.10768E-02 
-3.14794E-02 1.11890E-02 
-2.59864E-02 1.08486E-02 
-1.55564E-02 9.59194E-03 
-2.69915E-03 7.48451E-03 
6.95872E-03 5.39407E-03 
-3.07083E-02 -2.13987E-03 
-3.16102E-02 -1.00769E-03 
-3.38121E-02 -1.32931E-04 
-3.44729E-02 9.75247E-04 
-3.50499E-02 2.05997E-03 
-3.55386E-02 3.11474E-03 
-3.59352E-02 4.13344E-03 
-3.61771E-02 4.89326E-03 
-3.62370E-02 5.11034E-03 
-3.64542E-02 6.11093E-03 
-3.65586E-02 7.05122E-03 
-3.65506E-02 7.92645E-03 
-3.64321E-02 8.73277E-03 
-3.65448E-02 9.53574E-03 
-3.61260E-02 1.01570E-02 
-3.56114E-02 1.07093E-02 
-3.50030E-02 1.11914E-02 
-3.43001E-02 1.16022E-02 
-3.34905E-02 1.19407E-02 
-3.25203E-02 1.22008E-02 
-3.11873E-02 1.23546E-02 
-2.88117E-02 1.22881E-02 
-2.36917E-02 1.16585E-02 
-1.40780E-02 9.96662E-03 
-2.32622E-03 7.42821E-03 
6.41287E-03 5.10848E-03 
-2.94843E-02 1.73922E-04 
-3.03394E-02 1.36480E-03 
-3.24628E-02 2.41873E-03 
-3.30554E-02 3.53453E-03 
-3.35562E-02 4.60832E-03 
-3.39620E-02 5.63463E-03 
-3.42707E-02 6.60858E-03 
-3.44421E-02 7.32348E-03 
-3.44811E-02 7.52583E-03 
-3.45979E-02 8.44708E-03 
-3.46016E-02 9.29436E-03 
-3.44945E-02 1.00649E-02 
-3.42802E-02 1.07569E-02 
-3.42750E-02 1.14494E-02 
-3.37819E-02 1.19433E-02 
-3.31997E-02 1.23642E-02 
-3.25317E-02 1.27121E-02 
-3.17785E-02 1.29873E-02 
-3.09294E-02 1.31891E-02 
-2.99355E-02 1.33102E-02 
-2.86105E-02 1.33155E-02 
-2.63288E-02 1.30683E-02 
-2.15337E-02 1.21780E-02 
-1.26520E-02 1.01255E-02 
-1.89008E-03 7.24687E-03 
6.03956E-03 4.75222E-03 
-2.89930E-02 2.91168E-03 
-2.97392E-02 4.08342E-03 
-3.17156E-02 5.21867E-03 
-3.21871E-02 6.27330E-03 
-3.25620E-02 7.27063E-03 
-3.28387E-02 8.20655E-03 
-3.30165E-02 9.07765E-03 
-3.30867E-02 9.70536E-03 
-3.30961E-02 9.88110E-03 
-3.30735E-02 1.06692E-02 
-3.29414E-02 1.13746E-02 
-3.27037E-02 1.19964E-02 
-3.23656E-02 1.25349E-02 
-3.22196E-02 1.30790E-02 
-3.16300E-02 1.34172E-02 
-3.09607E-02 1.36823E-02 
-3.02157E-02 1.38755E-02 
-2.93966E-02 1.39984E-02 
-2.84945E-02 1.40506E-02 
-2.74643E-02 1.40238E-02 
-2.61344E-02 1.38776E-02 
-2.39287E-02 1.34582E-02 
-1.94221E-02 1.23414E-02 
-1.11983E-02 9.99919E-03 
-1.32298E-03 6.86412E-03 
5.88984E-03 4.24787E-03 
-2.89053E-02 5.84156E-03 
-2.94854E-02 6.91677E-03 
-3.12550E-02 8.04121E-03 
-3.15603E-02 8.97044E-03 
-3.17685E-02 9.83179E-03 
-3.18795E-02 1.06227E-02 
-3.18946E-02 1.13413E-02 
-3.18416E-02 1.18469E-02 
-3.18156E-02 1.19864E-02 
-3.16282E-02 1.25990E-02 
-3.13393E-02 1.31259E-02 
-3.09542E-02 1.35682E-02 
-3.04792E-02 1.39277E-02 
-3.01844E-02 1.43003E-02 
-2.94914E-02 1.44686E-02 
-2.87303E-02 1.45677E-02 
-2.79060E-02 1.46001E-02 
-2.70205E-02 1.45680E-02 
-2.60660E-02 1.44715E-02 
-2.50014E-02 1.43013E-02 
-2.36677E-02 1.40128E-02 
-2.15342E-02 1.34396E-02 
-1.72951E-02 1.21343E-02 
-9.67467E-03 9.56970E-03 
-6.06839E-04 6.25472E-03 
5.95744E-03 3.56908E-03 
-2.88788E-02 8.65931E-03 
-2.92526E-02 9.57576E-03 
-3.07751E-02 1.06155E-02 
-3.08867E-02 1.13716E-02 
-3.09057E-02 1.20548E-02 
-3.08334E-02 1.26639E-02 
-3.06722E-02 1.31986E-02 
-3.04884E-02 1.35615E-02 
-3.04252E-02 1.36593E-02 
-3.00671E-02 1.40740E-02 
-2.96194E-02 1.44056E-02 
-2.90884E-02 1.46568E-02 
-2.84812E-02 1.48308E-02 
-2.80463E-02 1.50276E-02 
-2.72588E-02 1.50287E-02 
-2.64165E-02 1.49680E-02 
-2.55247E-02 1.48487E-02 
-2.45857E-02 1.46737E-02 
-2.35926E-02 1.44430E-02 
-2.25071E-02 1.41464E-02 
-2.11820E-02 1.37360E-02 
-1.91275E-02 1.30363E-02 
-1.51466E-02 1.15855E-02 
-8.09035E-03 8.86418E-03 
2.30876E-04 5.44180E-03 
6.19765E-03 2.73839E-03 
-2.86430E-02 1.10798E-02 
-2.87948E-02 1.17997E-02 
-3.00557E-02 1.27078E-02 
-2.99671E-02 1.32662E-02 
-2.97941E-02 1.37518E-02 
-2.95394E-02 1.41648E-02 
-2.92063E-02 1.45063E-02 
-2.88973E-02 1.47223E-02 
-2.87989E-02 1.47776E-02 
-2.82816E-02 1.49939E-02 
-2.76896E-02 1.51343E-02 
-2.70299E-02 1.52025E-02 
-2.63096E-02 1.52027E-02 
-2.57569E-02 1.52363E-02 
-2.48959E-02 1.50880E-02 
-2.39944E-02 1.48875E-02 
-2.30575E-02 1.46387E-02 
-2.20874E-02 1.43442E-02 
-2.10777E-02 1.40041E-02 
-1.99925E-02 1.36074E-02 
-1.86950E-02 1.31030E-02 
-1.67331E-02 1.23098E-02 
-1.30092E-02 1.07590E-02 
-6.48933E-03 7.94487E-03 
1.13215E-03 4.48350E-03 
6.54050E-03 1.81151E-03 
-2.79740E-02 1.28977E-02 
-2.79129E-02 1.34091E-02 
-2.89210E-02 1.41646E-02 
-2.86488E-02 1.45237E-02 
-2.83039E-02 1.48147E-02 
-2.78899E-02 1.50388E-02 
-2.74108E-02 1.51980E-02 
-2.69979E-02 1.52780E-02 
-2.68706E-02 1.52945E-02 
-2.62253E-02 1.53314E-02 
-2.55212E-02 1.53024E-02 
-2.47653E-02 1.52120E-02 
-2.39646E-02 1.50649E-02 
-2.33271E-02 1.49615E-02 
-2.24232E-02 1.46927E-02 
-2.14921E-02 1.43824E-02 
-2.05387E-02 1.40342E-02 
-1.95649E-02 1.36510E-02 
-1.85645E-02 1.32321E-02 
-1.75035E-02 1.27656E-02 
-1.62550E-02 1.21987E-02 
-1.44014E-02 1.13466E-02 
-1.09371E-02 9.74064E-03 
-4.93328E-03 6.89411E-03 
2.02592E-03 3.45659E-03 
6.90799E-03 8.60367E-04 
-2.68130E-02 1.39957E-02 
-2.65728E-02 1.43156E-02 
-2.73628E-02 1.49264E-02 
-2.69435E-02 1.51093E-02 
-2.64637E-02 1.52307E-02 
-2.59271E-02 1.52927E-02 
-2.53382E-02 1.52978E-02 
-2.48494E-02 1.52645E-02 
-2.47014E-02 1.52489E-02 
-2.39669E-02 1.51396E-02 
-2.31892E-02 1.49757E-02 
-2.23746E-02 1.47619E-02 
-2.15298E-02 1.45029E-02 
-2.08437E-02 1.42964E-02 
-1.99288E-02 1.39418E-02 
-1.89986E-02 1.35558E-02 
-1.80573E-02 1.31418E-02 
-1.71063E-02 1.27023E-02 
-1.61393E-02 1.22361E-02 
-1.51245E-02 1.17304E-02 
-1.39434E-02 1.11313E-02 
-1.22111E-02 1.02532E-02 
-9.00679E-03 8.63340E-03 
-3.49730E-03 5.80856E-03 
2.83793E-03 2.44929E-03 
7.22770E-03 -3.51575E-05 
-2.51821E-02 1.44059E-02 
-2.48051E-02 1.45639E-02 
-2.54160E-02 1.50501E-02 
-2.48880E-02 1.50874E-02 
-2.43115E-02 1.50714E-02 
-2.36906E-02 1.50045E-02 
-2.30298E-02 1.48897E-02 
-2.24941E-02 1.47701E-02 
-2.23338E-02 1.47302E-02 
-2.15494E-02 1.45122E-02 
-2.07356E-02 1.42506E-02 
-1.98985E-02 1.39500E-02 
-1.90440E-02 1.36150E-02 
-1.83424E-02 1.33387E-02 
-1.74457E-02 1.29313E-02 
-1.65434E-02 1.25014E-02 
-1.56392E-02 1.20521E-02 
-1.47338E-02 1.15851E-02 
-1.38207E-02 1.10990E-02 
-1.28699E-02 1.05801E-02 
-1.17715E-02 9.97400E-03 
-1.01716E-02 9.09730E-03 
-7.23013E-03 7.49883E-03 
-2.20323E-03 4.74253E-03 
3.53255E-03 1.50844E-03 
7.45438E-03 -8.34601E-04 
-2.31783E-02 1.42023E-02 
-2.27112E-02 1.42399E-02 
-2.31872E-02 1.46327E-02 
-2.25942E-02 1.45641E-02 
-2.19640E-02 1.44501E-02 
-2.13011E-02 1.42936E-02 
-2.06098E-02 1.40978E-02 
-2.00581E-02 1.39215E-02 
-1.98944E-02 1.38660E-02 
-1.91007E-02 1.35794E-02 
-1.82889E-02 1.32586E-02 
-1.74641E-02 1.29080E-02 
-1.66314E-02 1.25317E-02 
-1.59436E-02 1.22173E-02 
-1.50893E-02 1.17871E-02 
-1.42364E-02 1.13413E-02 
-1.33879E-02 1.08825E-02 
-1.25441E-02 1.04121E-02 
-1.16984E-02 9.92795E-03 
-1.08225E-02 9.41614E-03 
-9.81509E-03 8.82270E-03 
-8.35149E-03 7.96855E-03 
-5.66819E-03 6.41932E-03 
-1.10348E-03 3.76902E-03 
4.06658E-03 6.95707E-04 
7.55309E-03 -1.48703E-03 
-2.09543E-02 1.35375E-02 
-2.04411E-02 1.34956E-02 
-2.08254E-02 1.38282E-02 
-2.02076E-02 1.36929E-02 
-1.95625E-02 1.35191E-02 
-1.88942E-02 1.33101E-02 
-1.82063E-02 1.30688E-02 
-1.76629E-02 1.28616E-02 
-1.75024E-02 1.27979E-02 
-1.67295E-02 1.24764E-02 
-1.59466E-02 1.21281E-02 
-1.51584E-02 1.17570E-02 
-1.43692E-02 1.13667E-02 
-1.37152E-02 1.10387E-02 
-1.29188E-02 1.06081E-02 
-1.21286E-02 1.01668E-02 
-1.13467E-02 9.71707E-03 
-1.05731E-02 9.25981E-03 
-9.80133E-03 8.79247E-03 
-9.00493E-03 8.30108E-03 
-8.09065E-03 7.73297E-03 
-6.76240E-03 6.91565E-03 
-4.32918E-03 5.43598E-03 
-2.05295E-04 2.92003E-03 
4.43219E-03 3.33807E-05 
7.51598E-03 -1.97832E-03 
-1.86733E-02 1.25874E-02 
-1.81562E-02 1.25057E-02 
-1.84864E-02 1.28072E-02 
-1.78775E-02 1.26381E-02 
-1.72478E-02 1.24360E-02 
-1.66005E-02 1.22037E-02 
-1.59387E-02 1.19436E-02 
-1.54190E-02 1.17251E-02 
-1.52660E-02 1.16586E-02 
-1.45325E-02 1.13270E-02 
-1.37949E-02 1.09738E-02 
-1.30571E-02 1.06028E-02 
-1.23230E-02 1.02172E-02 
-1.17135E-02 9.89167E-03 
-1.09819E-02 9.47499E-03 
-1.02593E-02 9.05079E-03 
-9.54728E-03 8.62095E-03 
-8.84549E-03 8.18610E-03 
-8.14766E-03 7.74345E-03 
-7.42926E-03 7.27927E-03 
-6.60504E-03 6.74291E-03 
-5.40638E-03 5.97042E-03 
-3.21106E-03 4.57345E-03 
4.96571E-04 2.21120E-03 
4.63692E-03 -4.72550E-04 
7.35217E-03 -2.31007E-03 
-1.64786E-02 1.15162E-02 
-1.59772E-02 1.14193E-02 
-1.62718E-02 1.17075E-02 
-1.56867E-02 1.15264E-02 
-1.50875E-02 1.13166E-02 
-1.44764E-02 1.10803E-02 
-1.38562E-02 1.08202E-02 
-1.33717E-02 1.06042E-02 
-1.32295E-02 1.05389E-02 
-1.25495E-02 1.02148E-02 
-1.18686E-02 9.87257E-03 
-1.11902E-02 9.51517E-03 
-1.05175E-02 9.14560E-03 
-9.95759E-03 8.83205E-03 
-9.29216E-03 8.43667E-03 
-8.63671E-03 8.03548E-03 
-7.99263E-03 7.63011E-03 
-7.35935E-03 7.22101E-03 
-6.73099E-03 6.80536E-03 
-6.08508E-03 6.36999E-03 
-5.34428E-03 5.86695E-03 
-4.26639E-03 5.14237E-03 
-2.29444E-03 3.83543E-03 
1.02290E-03 1.63877E-03 
4.70182E-03 -8.33623E-04 
7.08232E-03 -2.49935E-03 
-1.44708E-02 1.04587E-02 
-1.40040E-02 1.03650E-02 
-1.42834E-02 1.06528E-02 
-1.37384E-02 1.04755E-02 
-1.31800E-02 1.02706E-02 
-1.26115E-02 1.00414E-02 
-1.20358E-02 9.79016E-03 
-1.15872E-02 9.58236E-03 
-1.14557E-02 9.51960E-03 
-1.08287E-02 9.20935E-03 
-1.02034E-02 8.88315E-03 
-9.58241E-03 8.54374E-03 
-8.96824E-03 8.19367E-03 
-8.45571E-03 7.89479E-03 
-7.85158E-03 7.52197E-03 
-7.25756E-03 7.14407E-03 
-6.67484E-03 6.76258E-03 
-6.10281E-03 6.37791E-03 
-5.53609E-03 5.98739E-03 
-4.95434E-03 5.57866E-03 
-4.28791E-03 5.10698E-03 
-3.31985E-03 4.42974E-03 
-1.55459E-03 3.21539E-03 
1.40054E-03 1.18946E-03 
4.65511E-03 -1.07019E-03 
6.73464E-03 -2.57104E-03 
-1.27331E-02 9.51286E-03 
-1.23026E-02 9.43007E-03 
-1.25667E-02 9.71995E-03 
-1.20604E-02 9.55213E-03 
-1.15436E-02 9.35827E-03 
-1.10184E-02 9.14066E-03 
-1.04869E-02 8.90177E-03 
-1.00733E-02 8.70404E-03 
-9.95222E-03 8.64428E-03 
-9.37502E-03 8.34873E-03 
-8.79997E-03 8.03770E-03 
-8.22971E-03 7.71403E-03 
-7.66657E-03 7.38034E-03 
-7.19446E-03 7.09290E-03 
-6.64284E-03 6.73870E-03 
-6.10116E-03 6.37988E-03 
-5.57049E-03 6.01787E-03 
-5.05029E-03 5.65310E-03 
-4.53573E-03 5.28314E-03 
-4.00857E-03 4.89659E-03 
-3.40658E-03 4.45231E-03 
-2.53670E-03 3.81958E-03 
-9.60723E-04 2.69701E-03 
1.66103E-03 8.41782E-04 
4.52824E-03 -1.20904E-03 
6.33918E-03 -2.55476E-03 
-1.12856E-02 8.74107E-03 
-1.08896E-02 8.66847E-03 
-1.11385E-02 8.95608E-03 
-1.06657E-02 8.79381E-03 
-1.01822E-02 8.60552E-03 
-9.69152E-03 8.39467E-03 
-9.19633E-03 8.16361E-03 
-8.81188E-03 7.97275E-03 
-8.69942E-03 7.91513E-03 
-8.16403E-03 7.63029E-03 
-7.63131E-03 7.33048E-03 
-7.10337E-03 7.01832E-03 
-6.58220E-03 6.69629E-03 
-6.14238E-03 6.41566E-03 
-5.63363E-03 6.07472E-03 
-5.13460E-03 5.72944E-03 
-4.64630E-03 5.38131E-03 
-4.16837E-03 5.03088E-03 
-3.69656E-03 4.67606E-03 
-3.21473E-03 4.30661E-03 
-2.66768E-03 3.88510E-03 
-1.88478E-03 3.29312E-03 
-4.80955E-04 2.25943E-03 
1.83588E-03 5.71170E-04 
4.35160E-03 -1.27848E-03 
5.92410E-03 -2.48025E-03 
-1.01355E-02 8.16569E-03 
-9.75908E-03 8.09236E-03 
-9.98159E-03 8.36627E-03 
-9.53474E-03 8.20500E-03 
-9.07966E-03 8.01978E-03 
-8.61745E-03 7.81143E-03 
-8.15046E-03 7.58235E-03 
-7.78752E-03 7.39284E-03 
-7.68131E-03 7.33560E-03 
-7.17559E-03 7.05270E-03 
-6.67251E-03 6.75523E-03 
-6.17486E-03 6.44628E-03 
-5.68452E-03 6.12823E-03 
-5.26750E-03 5.84765E-03 
-4.79123E-03 5.51295E-03 
-4.32484E-03 5.17457E-03 
-3.86936E-03 4.83405E-03 
-3.42458E-03 4.49209E-03 
-2.98687E-03 4.14701E-03 
-2.54201E-03 3.78969E-03 
-2.04141E-03 3.38656E-03 
-1.33517E-03 2.83138E-03 
-8.69528E-05 1.88234E-03 
1.95311E-03 3.54362E-04 
4.15222E-03 -1.30472E-03 
5.51426E-03 -2.37449E-03 
-9.25088E-03 7.78122E-03 
-8.88446E-03 7.69910E-03 
-9.07135E-03 7.94768E-03 
-8.63714E-03 7.77621E-03 
-8.19509E-03 7.58093E-03 
-7.74623E-03 7.36303E-03 
-7.29434E-03 7.12591E-03 
-6.94466E-03 6.93151E-03 
-6.84251E-03 6.87300E-03 
-6.35692E-03 6.58469E-03 
-5.87463E-03 6.28248E-03 
-5.39790E-03 5.96925E-03 
-4.92891E-03 5.64780E-03 
-4.52685E-03 5.36102E-03 
-4.07464E-03 5.02642E-03 
-3.63280E-03 4.68915E-03 
-3.20244E-03 4.35089E-03 
-2.78356E-03 4.01254E-03 
-2.37310E-03 3.67283E-03 
-1.95869E-03 3.32380E-03 
-1.49783E-03 2.93562E-03 
-8.59701E-04 2.41392E-03 
2.47701E-04 1.54510E-03 
2.03697E-03 1.69491E-04 
3.95141E-03 -1.31064E-03 
5.12760E-03 -2.25979E-03 
-8.58703E-03 7.55608E-03 
-8.21999E-03 7.45514E-03 
-8.36242E-03 7.66772E-03 
-7.92956E-03 7.47695E-03 
-7.48943E-03 7.26203E-03 
-7.04643E-03 7.02732E-03 
-6.60181E-03 6.77478E-03 
-6.25775E-03 6.56875E-03 
-6.15733E-03 6.50699E-03 
-5.68038E-03 6.20383E-03 
-5.20805E-03 5.88836E-03 
-4.74300E-03 5.56389E-03 
-4.28696E-03 5.23289E-03 
-3.89288E-03 4.93472E-03 
-3.45725E-03 4.59503E-03 
-3.03307E-03 4.25426E-03 
-2.62156E-03 3.91423E-03 
-2.22284E-03 3.57600E-03 
-1.83437E-03 3.23867E-03 
-1.44542E-03 2.89537E-03 
-1.01897E-03 2.51981E-03 
-4.41367E-04 2.02881E-03 
5.39858E-04 1.23500E-03 
2.10503E-03 1.36027E-06 
3.76716E-03 -1.31398E-03 
4.78102E-03 -2.15442E-03 
-8.07911E-03 7.44621E-03 
-7.69845E-03 7.31380E-03 
-7.78775E-03 7.47855E-03 
-7.34919E-03 7.26085E-03 
-6.90506E-03 7.02061E-03 
-6.45781E-03 6.76101E-03 
-6.00973E-03 6.48473E-03 
-5.66424E-03 6.26133E-03 
-5.56366E-03 6.19467E-03 
-5.08817E-03 5.87028E-03 
-4.61996E-03 5.53644E-03 
-4.16047E-03 5.19539E-03 
-3.71156E-03 4.84981E-03 
-3.32112E-03 4.53643E-03 
-2.89745E-03 4.18812E-03 
-2.48683E-03 3.84093E-03 
-2.09051E-03 3.49677E-03 
-1.70876E-03 3.15684E-03 
-1.33944E-03 2.82057E-03 
-9.73322E-04 2.48207E-03 
-5.78338E-04 2.11839E-03 
-5.63561E-05 1.65683E-03 
8.09540E-04 9.34441E-04 
2.17153E-03 -1.65520E-04 
3.60680E-03 -1.32754E-03 
4.47633E-03 -2.06836E-03 
-7.68116E-03 7.41068E-03 
-7.27595E-03 7.23563E-03 
-7.30578E-03 7.34357E-03 
-6.85306E-03 7.09143E-03 
-6.39664E-03 6.81884E-03 
-5.94061E-03 6.52973E-03 
-5.48636E-03 6.22581E-03 
-5.13737E-03 5.98240E-03 
-5.03590E-03 5.91014E-03 
-4.55684E-03 5.56024E-03 
-4.08649E-03 5.20284E-03 
-3.62727E-03 4.84115E-03 
-3.18126E-03 4.47815E-03 
-2.79181E-03 4.14803E-03 
-2.37738E-03 3.78985E-03 
-1.97803E-03 3.43542E-03 
-1.59497E-03 3.08671E-03 
-1.22861E-03 2.74505E-03 
-8.77164E-04 2.41013E-03 
-5.32652E-04 2.07695E-03 
-1.67404E-04 1.72557E-03 
3.02965E-04 1.29289E-03 
1.06404E-03 6.38116E-04 
2.24389E-03 -3.37780E-04 
3.47763E-03 -1.35922E-03 
4.21981E-03 -2.00952E-03 
-7.34282E-03 7.40489E-03 
-6.90639E-03 7.18034E-03 
-6.86994E-03 7.22216E-03 
-6.39933E-03 6.93157E-03 
-5.92888E-03 6.62382E-03 
-5.45970E-03 6.30101E-03 
-4.99462E-03 5.96646E-03 
-4.63832E-03 5.70075E-03 
-4.53500E-03 5.62224E-03 
-4.04919E-03 5.24442E-03 
-3.57549E-03 4.86279E-03 
-3.11599E-03 4.48046E-03 
-2.67247E-03 4.10019E-03 
-2.28400E-03 3.75376E-03 
-1.87809E-03 3.38586E-03 
-1.48963E-03 3.02483E-03 
-1.11986E-03 2.67268E-03 
-7.69138E-04 2.33075E-03 
-4.35934E-04 1.99890E-03 
-1.13312E-04 1.67283E-03 
2.22576E-04 1.33529E-03 
6.44051E-04 9.31813E-04 
1.30934E-03 3.41395E-04 
2.32603E-03 -5.19684E-04 
3.38094E-03 -1.41265E-03 
4.01041E-03 -1.98043E-03 
-7.01238E-03 7.38163E-03 
-6.54666E-03 7.10778E-03 
-6.44492E-03 7.08146E-03 
-5.95078E-03 6.74743E-03 
-5.46307E-03 6.40245E-03 
-4.98095E-03 6.04642E-03 
-4.50511E-03 5.68080E-03 
-4.14287E-03 5.39335E-03 
-4.03806E-03 5.30876E-03 
-3.54638E-03 4.90388E-03 
-3.06950E-03 4.49872E-03 
-2.60968E-03 4.09652E-03 
-2.16891E-03 3.70024E-03 
-1.78283E-03 3.33978E-03 
-1.38674E-03 2.96472E-03 
-1.01066E-03 2.59985E-03 
-6.55695E-04 2.24712E-03 
-3.22196E-04 1.90786E-03 
-8.78468E-06 1.58202E-03 
2.90606E-04 1.26593E-03 
5.96543E-04 9.44662E-04 
9.70872E-04 5.71381E-04 
1.54815E-03 4.25639E-05 
2.41873E-03 -7.12466E-04 
3.31512E-03 -1.48831E-03 
3.84445E-03 -1.98056E-03 
-6.64870E-03 7.30108E-03 
-6.15899E-03 6.98248E-03 
-5.99917E-03 6.89239E-03 
-5.48386E-03 6.51660E-03 
-4.97882E-03 6.13386E-03 
-4.48321E-03 5.74409E-03 
-3.99805E-03 5.34941E-03 
-3.63087E-03 5.04224E-03 
-3.52490E-03 4.95223E-03 
-3.02928E-03 4.52330E-03 
-2.55169E-03 4.09790E-03 
-2.09442E-03 3.67940E-03 
-1.65940E-03 3.27077E-03 
-1.27894E-03 2.90002E-03 
-8.95389E-04 2.52133E-03 
-5.34439E-04 2.15634E-03 
-1.97060E-04 1.80688E-03 
1.16520E-04 1.47417E-03 
4.07612E-04 1.15818E-03 
6.81597E-04 8.55656E-04 
9.56260E-04 5.53700E-04 
1.28445E-03 2.12105E-04 
1.78044E-03 -2.57447E-04 
2.52018E-03 -9.14638E-04 
3.27612E-03 -1.58389E-03 
3.71617E-03 -2.00672E-03 
-6.23139E-03 7.14152E-03 
-5.71261E-03 6.77391E-03 
-5.50303E-03 6.62572E-03 
-4.97583E-03 6.21688E-03 
-4.45871E-03 5.80182E-03 
-3.95390E-03 5.38331E-03 
-3.46117E-03 4.96198E-03 
-3.09059E-03 4.63666E-03 
-2.98416E-03 4.54190E-03 
-2.48799E-03 4.09247E-03 
-2.01374E-03 3.65137E-03 
-1.56340E-03 3.22171E-03 
-1.13849E-03 2.80612E-03 
-7.68111E-04 2.43056E-03 
-4.00852E-04 2.05326E-03 
-5.86943E-05 1.69307E-03 
2.57573E-04 1.35172E-03 
5.47897E-04 1.03024E-03 
8.13605E-04 7.28537E-04 
1.05957E-03 4.43677E-04 
1.30124E-03 1.64425E-04 
1.58384E-03 -1.43717E-04 
2.00438E-03 -5.56009E-04 
2.62692E-03 -1.12298E-03 
3.25847E-03 -1.69531E-03 
3.61861E-03 -2.05409E-03 
-5.73803E-03 6.87960E-03 
-5.19294E-03 6.46618E-03 
-4.94059E-03 6.26547E-03 
-4.40710E-03 5.82936E-03 
-3.88562E-03 5.38961E-03 
-3.37670E-03 4.94752E-03 
-2.88300E-03 4.50635E-03 
-2.51337E-03 4.16790E-03 
-2.40757E-03 4.06974E-03 
-1.91786E-03 3.60787E-03 
-1.45281E-03 3.15770E-03 
-1.01439E-03 2.72271E-03 
-6.04350E-04 2.30588E-03 
-2.49135E-04 1.93155E-03 
9.71332E-05 1.56156E-03 
4.16039E-04 1.21195E-03 
7.07075E-04 8.84168E-04 
9.70370E-04 5.79081E-04 
1.20732E-03 2.96461E-04 
1.42243E-03 3.35769E-05 
1.62924E-03 -2.19446E-04 
1.86653E-03 -4.92273E-04 
2.21681E-03 -8.49099E-04 
2.73437E-03 -1.33293E-03 
3.25579E-03 -1.81720E-03 
3.54421E-03 -2.11670E-03 
-5.16001E-03 6.50457E-03 
-4.59387E-03 6.05082E-03 
-4.30211E-03 5.80090E-03 
-3.76893E-03 5.34466E-03 
-3.24896E-03 4.88656E-03 
-2.74740E-03 4.43265E-03 
-2.26073E-03 3.98023E-03 
-1.89784E-03 3.63505E-03 
-1.79413E-03 3.53514E-03 
-1.31624E-03 3.06722E-03 
-8.66877E-04 2.61579E-03 
-4.47146E-04 2.18356E-03 
-5.83605E-05 1.77303E-03 
2.75632E-04 1.40695E-03 
5.95890E-04 1.05047E-03 
8.87013E-04 7.17244E-04 
1.14859E-03 4.08598E-04 
1.38099E-03 1.25142E-04 
1.58578E-03 -1.33564E-04 
1.76723E-03 -3.70186E-04 
1.93732E-03 -5.93527E-04 
2.12949E-03 -8.29240E-04 
2.41418E-03 -1.13227E-03 
2.83768E-03 -1.53951E-03 
3.26164E-03 -1.94385E-03 
3.48555E-03 -2.18833E-03 
-4.48715E-03 6.00553E-03 
-3.91028E-03 5.52167E-03 
-3.58720E-03 5.23004E-03 
-3.06229E-03 4.76276E-03 
-2.55282E-03 4.29622E-03 
-2.06185E-03 3.83461E-03 
-1.59078E-03 3.38054E-03 
-1.24122E-03 3.03586E-03 
-1.14164E-03 2.93640E-03 
-6.84628E-04 2.47244E-03 
-2.57714E-04 2.02748E-03 
1.36709E-04 1.60580E-03 
4.97722E-04 1.20950E-03 
8.04447E-04 8.59123E-04 
1.09331E-03 5.23026E-04 
1.35157E-03 2.12691E-04 
1.57911E-03 -7.08051E-05 
1.77661E-03 -3.27165E-04 
1.94582E-03 -5.57077E-04 
2.09085E-03 -7.63213E-04 
2.22246E-03 -9.53548E-04 
2.36967E-03 -1.15044E-03 
2.59294E-03 -1.40121E-03 
2.93207E-03 -1.73781E-03 
3.26969E-03 -2.06952E-03 
3.43537E-03 -2.26279E-03 
-3.72037E-03 5.38078E-03 
-3.14698E-03 4.88128E-03 
-2.80466E-03 4.55984E-03 
-2.29434E-03 4.08917E-03 
-1.80327E-03 3.62330E-03 
-1.33177E-03 3.16442E-03 
-8.83205E-04 2.71657E-03 
-5.53900E-04 2.38017E-03 
-4.60383E-04 2.28342E-03 
-3.25861E-05 1.83341E-03 
3.62823E-04 1.40565E-03 
7.24773E-04 1.00312E-03 
1.05199E-03 6.28543E-04 
1.32602E-03 3.00716E-04 
1.57878E-03 -8.71178E-06 
1.79991E-03 -2.90259E-04 
1.98966E-03 -5.43223E-04 
2.14900E-03 -7.67632E-04 
2.27992E-03 -9.64491E-04 
2.38651E-03 -1.13658E-03 
2.47857E-03 -1.29126E-03 
2.58155E-03 -1.44829E-03 
2.74782E-03 -1.64883E-03 
3.01201E-03 -1.92093E-03 
3.27389E-03 -2.18730E-03 
3.38749E-03 -2.33333E-03 
-2.85310E-03 4.62447E-03 
-2.29820E-03 4.12458E-03 
-1.94513E-03 3.78176E-03 
-1.45922E-03 3.31882E-03 
-9.99836E-04 2.86792E-03 
-5.55613E-04 2.42063E-03 
-1.37760E-04 1.98898E-03 
1.67658E-04 1.66592E-03 
2.53617E-04 1.57368E-03 
6.42565E-04 1.14848E-03 
9.98686E-04 7.46981E-04 
1.32077E-03 3.72560E-04 
1.60733E-03 2.81625E-05 
1.84233E-03 -2.69295E-04 
2.05359E-03 -5.45103E-04 
2.23282E-03 -7.91544E-04 
2.38062E-03 -1.00828E-03 
2.49827E-03 -1.19572E-03 
2.58803E-03 -1.35518E-03 
2.65402E-03 -1.48961E-03 
2.70529E-03 -1.60595E-03 
2.76443E-03 -1.72189E-03 
2.87721E-03 -1.87366E-03 
3.07405E-03 -2.08623E-03 
3.26875E-03 -2.29313E-03 
3.33522E-03 -2.39506E-03 
-1.89579E-03 3.74476E-03 
-1.37241E-03 3.25857E-03 
-1.02361E-03 2.90950E-03 
-5.69214E-04 2.46316E-03 
-1.49832E-04 2.03720E-03 
2.53819E-04 1.61614E-03 
6.32165E-04 1.21079E-03 
9.06912E-04 9.09071E-04 
9.83956E-04 8.23126E-04 
1.33012E-03 4.28773E-04 
1.63973E-03 6.27885E-05 
1.91485E-03 -2.74702E-04 
2.15414E-03 -5.80523E-04 
2.34419E-03 -8.40051E-04 
2.50899E-03 -1.07561E-03 
2.64205E-03 -1.28104E-03 
2.74425E-03 -1.45633E-03 
2.81726E-03 -1.60229E-03 
2.86362E-03 -1.72060E-03 
2.88751E-03 -1.81442E-03 
2.89744E-03 -1.89044E-03 
2.91369E-03 -1.96474E-03 
2.97677E-03 -2.06969E-03 
3.11368E-03 -2.22781E-03 
3.24937E-03 -2.38111E-03 
3.27361E-03 -2.44230E-03 
-8.61471E-04 2.75403E-03 
-3.79972E-04 2.29337E-03 
-5.06043E-05 1.95333E-03 
3.68166E-04 1.52969E-03 
7.41769E-04 1.13671E-03 
1.09339E-03 7.55003E-04 
1.42427E-03 3.85673E-04 
1.66141E-03 1.13157E-04 
1.72758E-03 3.57858E-05 
2.02122E-03 -3.16075E-04 
2.27875E-03 -6.38764E-04 
2.49990E-03 -9.30075E-04 
2.68577E-03 -1.18932E-03 
2.82532E-03 -1.40374E-03 
2.93900E-03 -1.59274E-03 
3.02190E-03 -1.75154E-03 
3.07529E-03 -1.88055E-03 
3.10118E-03 -1.98099E-03 
3.10238E-03 -2.05493E-03 
3.08318E-03 -2.10575E-03 
3.05167E-03 -2.13999E-03 
3.02634E-03 -2.17255E-03 
3.04345E-03 -2.23282E-03 
3.12722E-03 -2.34131E-03 
3.21126E-03 -2.44645E-03 
3.19787E-03 -2.47017E-03 
2.30425E-04 1.67138E-03 
6.63450E-04 1.24489E-03 
9.60780E-04 9.27086E-04 
1.33746E-03 5.34429E-04 
1.66193E-03 1.79839E-04 
1.95602E-03 -1.54874E-04 
2.23094E-03 -4.77918E-04 
2.42435E-03 -7.13418E-04 
2.47758E-03 -7.79708E-04 
2.71012E-03 -1.07870E-03 
2.90724E-03 -1.34789E-03 
3.06792E-03 -1.58471E-03 
3.19427E-03 -1.78938E-03 
3.27833E-03 -1.95179E-03 
3.33681E-03 -2.08827E-03 
3.36614E-03 -2.19526E-03 
3.36801E-03 -2.27364E-03 
3.34482E-03 -2.32506E-03 
3.29968E-03 -2.35199E-03 
3.23698E-03 -2.35805E-03 
3.16451E-03 -2.34971E-03 
3.09930E-03 -2.34098E-03 
3.07425E-03 -2.35896E-03 
3.11118E-03 -2.42245E-03 
3.15024E-03 -2.48452E-03 
3.10366E-03 -2.47408E-03 
1.35236E-03 5.24832E-04 
1.73437E-03 1.36973E-04 
1.99108E-03 -1.48672E-04 
2.31639E-03 -4.99830E-04 
2.59215E-03 -8.14017E-04 
2.82491E-03 -1.09560E-03 
3.03751E-03 -1.36406E-03 
3.18288E-03 -1.55679E-03 
3.22181E-03 -1.61018E-03 
3.38543E-03 -1.84628E-03 
3.51472E-03 -2.05264E-03 
3.60902E-03 -2.22705E-03 
3.67092E-03 -2.37013E-03 
3.69501E-03 -2.47417E-03 
3.69462E-03 -2.55268E-03 
3.66755E-03 -2.60333E-03 
3.61587E-03 -2.62743E-03 
3.54235E-03 -2.62708E-03 
3.45040E-03 -2.60512E-03 
3.34452E-03 -2.56544E-03 
3.23223E-03 -2.51448E-03 
3.12938E-03 -2.46556E-03 
3.06612E-03 -2.44398E-03 
3.06211E-03 -2.46701E-03 
3.06235E-03 -2.49083E-03 
2.98692E-03 -2.44968E-03 
2.46691E-03 -6.46791E-04 
2.79831E-03 -9.94379E-04 
3.01131E-03 -1.24340E-03 
3.27933E-03 -1.54561E-03 
3.50420E-03 -1.81527E-03 
3.67711E-03 -2.04301E-03 
3.82133E-03 -2.24874E-03 
3.91479E-03 -2.39333E-03 
3.93894E-03 -2.43289E-03 
4.03206E-03 -2.60219E-03 
4.08805E-03 -2.73813E-03 
4.11102E-03 -2.84300E-03 
4.10399E-03 -2.91800E-03 
4.06456E-03 -2.95834E-03 
4.00274E-03 -2.97451E-03 
3.91730E-03 -2.96514E-03 
3.81093E-03 -2.93221E-03 
3.68680E-03 -2.87833E-03 
3.54855E-03 -2.80667E-03 
3.40077E-03 -2.72134E-03 
3.25069E-03 -2.62871E-03 
3.11316E-03 -2.54156E-03 
3.01597E-03 -2.48366E-03 
2.97670E-03 -2.47078E-03 
2.94392E-03 -2.46107E-03 
2.84410E-03 -2.39295E-03 
3.53190E-03 -1.79908E-03 
3.81419E-03 -2.10617E-03 
3.98508E-03 -2.31868E-03 
4.19300E-03 -2.56765E-03 
4.36598E-03 -2.79009E-03 
4.48087E-03 -2.96376E-03 
4.55682E-03 -3.10480E-03 
4.59592E-03 -3.19718E-03 
4.60399E-03 -3.22122E-03 
4.62390E-03 -3.31898E-03 
4.60802E-03 -3.38351E-03 
4.55785E-03 -3.41490E-03 
4.47929E-03 -3.41726E-03 
4.37393E-03 -3.38962E-03 
4.24914E-03 -3.34012E-03 
4.10468E-03 -3.26839E-03 
3.94372E-03 -3.17699E-03 
3.76984E-03 -3.06905E-03 
3.58696E-03 -2.94812E-03 
3.39967E-03 -2.81844E-03 
3.21492E-03 -2.68630E-03 
3.04654E-03 -2.56387E-03 
2.92012E-03 -2.47350E-03 
2.85114E-03 -2.42933E-03 
2.79089E-03 -2.39079E-03 
2.67138E-03 -2.29980E-03 
4.48615E-03 -2.86652E-03 
4.72204E-03 -3.13416E-03 
4.85525E-03 -3.31327E-03 
5.00676E-03 -3.51102E-03 
5.12847E-03 -3.68550E-03 
5.19014E-03 -3.80807E-03 
5.20161E-03 -3.88621E-03 
5.18891E-03 -3.92741E-03 
5.18180E-03 -3.93635E-03 
5.12890E-03 -3.96099E-03 
5.04240E-03 -3.95325E-03 
4.92149E-03 -3.91144E-03 
4.77210E-03 -3.83991E-03 
4.60161E-03 -3.74334E-03 
4.41505E-03 -3.62772E-03 
4.21342E-03 -3.49393E-03 
4.00046E-03 -3.34526E-03 
3.78016E-03 -3.18533E-03 
3.55659E-03 -3.01801E-03 
3.33430E-03 -2.84757E-03 
3.11980E-03 -2.68007E-03 
2.92588E-03 -2.52701E-03 
2.77591E-03 -2.40921E-03 
2.68316E-03 -2.33898E-03 
2.60121E-03 -2.27672E-03 
2.46731E-03 -2.16778E-03 
5.27547E-03 -3.79021E-03 
5.46798E-03 -4.02014E-03 
5.56838E-03 -4.16944E-03 
5.66995E-03 -4.32095E-03 
5.74286E-03 -4.44877E-03 
5.75862E-03 -4.52588E-03 
5.71139E-03 -4.54534E-03 
5.65382E-03 -4.54084E-03 
5.63368E-03 -4.53636E-03 
5.51439E-03 -4.49228E-03 
5.35973E-03 -4.41308E-03 
5.17112E-03 -4.29929E-03 
4.95529E-03 -4.15637E-03 
4.72391E-03 -3.99345E-03 
4.48024E-03 -3.81484E-03 
4.22632E-03 -3.62253E-03 
3.96679E-03 -3.42079E-03 
3.70599E-03 -3.21376E-03 
3.44811E-03 -3.00551E-03 
3.19748E-03 -2.80025E-03 
2.96009E-03 -2.60365E-03 
2.74746E-03 -2.42632E-03 
2.58057E-03 -2.28724E-03 
2.47031E-03 -2.19670E-03 
2.37265E-03 -2.11626E-03 
2.23025E-03 -1.99501E-03 
5.84490E-03 -4.50896E-03 
5.99658E-03 -4.70252E-03 
6.06684E-03 -4.82378E-03 
6.12577E-03 -4.93493E-03 
6.15137E-03 -5.01671E-03 
6.12948E-03 -5.05514E-03 
6.03422E-03 -5.02511E-03 
5.93572E-03 -4.97781E-03 
5.90430E-03 -4.96133E-03 
5.73092E-03 -4.85915E-03 
5.51619E-03 -4.71506E-03 
5.26851E-03 -4.53638E-03 
4.99522E-03 -4.32943E-03 
4.71196E-03 -4.10775E-03 
4.42024E-03 -3.87392E-03 
4.12328E-03 -3.63120E-03 
3.82654E-03 -3.38482E-03 
3.53481E-03 -3.13948E-03 
3.25230E-03 -2.89936E-03 
2.98297E-03 -2.66844E-03 
2.73202E-03 -2.45175E-03 
2.50952E-03 -2.25870E-03 
2.33366E-03 -2.10606E-03 
2.21288E-03 -2.00190E-03 
2.10605E-03 -1.90953E-03 
1.96177E-03 -1.78257E-03 
6.15639E-03 -4.97780E-03 
6.26684E-03 -5.13346E-03 
6.30575E-03 -5.22462E-03 
6.32644E-03 -5.29856E-03 
6.30772E-03 -5.33633E-03 
6.25226E-03 -5.33930E-03 
6.12073E-03 -5.27015E-03 
5.98694E-03 -5.18482E-03 
5.94558E-03 -5.15747E-03 
5.72733E-03 -5.00529E-03 
5.46752E-03 -4.81001E-03 
5.17381E-03 -4.57824E-03 
4.85723E-03 -4.32030E-03 
4.53613E-03 -4.05288E-03 
4.21075E-03 -3.77731E-03 
3.88521E-03 -3.49787E-03 
3.56563E-03 -3.22058E-03 
3.25708E-03 -2.95056E-03 
2.96355E-03 -2.69189E-03 
2.68844E-03 -2.44805E-03 
2.43593E-03 -2.22322E-03 
2.21434E-03 -2.02526E-03 
2.03881E-03 -1.86834E-03 
1.91527E-03 -1.75821E-03 
1.80638E-03 -1.66095E-03 
1.66745E-03 -1.53562E-03 
6.19736E-03 -5.17695E-03 
6.26384E-03 -5.29082E-03 
6.26717E-03 -5.34678E-03 
6.24931E-03 -5.38223E-03 
6.18851E-03 -5.37702E-03 
6.09756E-03 -5.34209E-03 
5.93968E-03 -5.24247E-03 
5.77760E-03 -5.12559E-03 
5.72786E-03 -5.08879E-03 
5.47037E-03 -4.89150E-03 
5.17956E-03 -4.65812E-03 
4.85888E-03 -4.39154E-03 
4.51761E-03 -4.10058E-03 
4.17738E-03 -3.80562E-03 
3.83784E-03 -3.50736E-03 
3.50339E-03 -3.21054E-03 
3.18020E-03 -2.92140E-03 
2.87316E-03 -2.64499E-03 
2.58571E-03 -2.38495E-03 
2.32042E-03 -2.14402E-03 
2.08032E-03 -1.92528E-03 
1.87175E-03 -1.73485E-03 
1.70661E-03 -1.58394E-03 
1.58851E-03 -1.47615E-03 
1.48491E-03 -1.38147E-03 
1.35854E-03 -1.26530E-03 
5.98759E-03 -5.11964E-03 
6.00574E-03 -5.18608E-03 
5.96841E-03 -5.20092E-03 
5.90946E-03 -5.19417E-03 
5.80571E-03 -5.14421E-03 
5.67571E-03 -5.06723E-03 
5.49425E-03 -4.93909E-03 
5.31180E-03 -4.79784E-03 
5.25537E-03 -4.75313E-03 
4.96921E-03 -4.52075E-03 
4.65712E-03 -4.25871E-03 
4.32639E-03 -3.97390E-03 
3.98277E-03 -3.67199E-03 
3.64536E-03 -3.37136E-03 
3.31366E-03 -3.07256E-03 
2.99233E-03 -2.78065E-03 
2.68700E-03 -2.50151E-03 
2.40161E-03 -2.23934E-03 
2.13854E-03 -1.99678E-03 
1.89927E-03 -1.77554E-03 
1.68554E-03 -1.57749E-03 
1.50172E-03 -1.40689E-03 
1.35645E-03 -1.27197E-03 
1.25147E-03 -1.17451E-03 
1.15990E-03 -1.08940E-03 
1.05218E-03 -9.88954E-04 
5.57503E-03 -4.84849E-03 
5.54281E-03 -4.86425E-03 
5.46109E-03 -4.83324E-03 
5.35859E-03 -4.78083E-03 
5.21221E-03 -4.68530E-03 
5.04204E-03 -4.56453E-03 
4.83722E-03 -4.40761E-03 
4.63928E-03 -4.24633E-03 
4.57815E-03 -4.19560E-03 
4.27630E-03 -3.94060E-03 
3.95745E-03 -3.66423E-03 
3.63038E-03 -3.37511E-03 
3.30235E-03 -3.08058E-03 
2.98781E-03 -2.79484E-03 
2.68501E-03 -2.51717E-03 
2.39775E-03 -2.25188E-03 
2.13004E-03 -2.00335E-03 
1.88415E-03 -1.77417E-03 
1.66105E-03 -1.56564E-03 
1.46100E-03 -1.37825E-03 
1.28451E-03 -1.21266E-03 
1.13414E-03 -1.07142E-03 
1.01564E-03 -9.60044E-04 
9.29403E-04 -8.78982E-04 
8.54624E-04 -8.08626E-04 
7.69247E-04 -7.28158E-04 
5.02531E-03 -4.42548E-03 
4.94506E-03 -4.39168E-03 
4.81990E-03 -4.31472E-03 
4.67570E-03 -4.21758E-03 
4.49117E-03 -4.08000E-03 
4.28600E-03 -3.91983E-03 
4.06202E-03 -3.73800E-03 
3.85431E-03 -3.56213E-03 
3.78965E-03 -3.50651E-03 
3.48346E-03 -3.24013E-03 
3.17376E-03 -2.96543E-03 
2.86504E-03 -2.68718E-03 
2.56635E-03 -2.41456E-03 
2.28944E-03 -2.15938E-03 
2.03100E-03 -1.91938E-03 
1.79258E-03 -1.69664E-03 
1.57549E-03 -1.49293E-03 
1.37996E-03 -1.30883E-03 
1.20545E-03 -1.14415E-03 
1.05115E-03 -9.98270E-04 
9.16600E-04 -8.70911E-04 
8.02949E-04 -7.63240E-04 
7.13644E-04 -6.78581E-04 
6.48346E-04 -6.16644E-04 
5.92040E-04 -5.63194E-04 
5.29317E-04 -5.03613E-04 
---
