PdfType: replica
Format: lhagrid1
---
1.00000E-06 1.28121E-06 1.64152E-06 2.10317E-06 2.69463E-06 3.45242E-06 4.42329E-06 5.66715E-06 7.26076E-06 9.30241E-06 1.19180E-05 1.52689E-05 1.95617E-05 2.50609E-05 3.21053E-05 4.11287E-05 5.26863E-05 6.74889E-05 8.64459E-05 1.10720E-04 1.41800E-04 1.81585E-04 2.32503E-04 2.97652E-04 3.80981E-04 4.87518E-04 6.26039E-04 8.00452E-04 1.02297E-03 1.30657E-03 1.66759E-03 2.12729E-03 2.71054E-03 3.44865E-03 4.37927E-03 5.54908E-03 7.01192E-03 8.83064E-03 1.10763E-02 1.38266E-02 1.71641E-02 2.11717E-02 2.59364E-02 3.15062E-02 3.79623E-02 4.53425E-02 5.36750E-02 6.29705E-02 7.32221E-02 8.44039E-02 9.64793E-02 1.09332E-01 1.23067E-01 1.37507E-01 1.52639E-01 1.68416E-01 1.84794E-01 2.01731E-01 2.19016E-01 2.36948E-01 2.55242E-01 2.73927E-01 2.92954E-01 3.12340E-01 3.32036E-01 3.52019E-01 3.72282E-01 3.92772E-01 4.13533E-01 4.34326E-01 4.55495E-01 4.76836E-01 4.98342E-01 5.20006E-01 5.41818E-01 5.63773E-01 5.85861E-01 6.08077E-01 6.30459E-01 6.52800E-01 6.75387E-01 6.98063E-01 7.20830E-01 7.43683E-01 7.66623E-01 7.89636E-01 8.12791E-01 8.35940E-01 8.59175E-01 8.82485E-01 9.05866E-01 9.29311E-01 9.52817E-01 9.76387E-01 1.00000E+00 
1.14018E+00 1.22539E+00 1.32482E+00 1.44156E+00 1.57954E+00 1.74381E+00 1.94091E+00 2.12132E+00 2.17945E+00 2.49622E+00 2.89383E+00 3.39925E+00 4.05063E+00 4.90286E+00 6.03623E+00 7.57063E+00 9.68869E+00 1.26749E+01 1.69835E+01 2.33578E+01 3.30501E+01 4.82334E+01 7.28041E+01 1.13998E+02 1.85779E+02 3.16228E+02 
908 909 
-1.91083E+02 -5.21438E+01 
-1.93779E+02 -5.30579E+01 
-1.96576E+02 -5.44812E+01 
-1.99147E+02 -5.55531E+01 
-2.01805E+02 -5.66955E+01 
-2.04565E+02 -5.79245E+01 
-2.07448E+02 -5.92583E+01 
-2.09779E+02 -6.03745E+01 
-2.10479E+02 -6.07164E+01 
-2.13950E+02 -6.24523E+01 
-2.17680E+02 -6.43853E+01 
-2.21729E+02 -6.65445E+01 
-2.26168E+02 -6.89597E+01 
-2.31749E+02 -7.15763E+01 
-2.37748E+02 -7.46749E+01 
-2.44512E+02 -7.81282E+01 
-2.52183E+02 -8.19720E+01 
-2.60933E+02 -8.62460E+01 
-2.71001E+02 -9.10023E+01 
-2.82787E+02 -9.63389E+01 
-2.97220E+02 -1.02524E+02 
-3.16925E+02 -1.10408E+02 
-3.48533E+02 -1.22233E+02 
-4.00571E+02 -1.40866E+02 
-4.68372E+02 -1.64391E+02 
-5.33958E+02 -1.86120E+02 
-1.57345E+02 -4.28542E+01 
-1.59587E+02 -4.36122E+01 
-1.61953E+02 -4.48298E+01 
-1.64113E+02 -4.57273E+01 
-1.66349E+02 -4.66873E+01 
-1.68673E+02 -4.77235E+01 
-1.71105E+02 -4.88511E+01 
-1.73075E+02 -4.97966E+01 
-1.73667E+02 -5.00864E+01 
-1.76609E+02 -5.15590E+01 
-1.79778E+02 -5.31994E+01 
-1.83227E+02 -5.50309E+01 
-1.87018E+02 -5.70766E+01 
-1.91761E+02 -5.92536E+01 
-1.96886E+02 -6.18503E+01 
-2.02666E+02 -6.47368E+01 
-2.09217E+02 -6.79402E+01 
-2.16685E+02 -7.14898E+01 
-2.25268E+02 -7.54246E+01 
-2.35296E+02 -7.98205E+01 
-2.47543E+02 -8.48917E+01 
-2.64201E+02 -9.13258E+01 
-2.90821E+02 -1.00938E+02 
-3.34554E+02 -1.16033E+02 
-3.91488E+02 -1.35001E+02 
-4.46512E+02 -1.52379E+02 
-1.29550E+02 -3.52199E+01 
-1.31411E+02 -3.58512E+01 
-1.33418E+02 -3.68868E+01 
-1.35230E+02 -3.76416E+01 
-1.37108E+02 -3.84513E+01 
-1.39063E+02 -3.93278E+01 
-1.41113E+02 -4.02836E+01 
-1.42776E+02 -4.10862E+01 
-1.43277E+02 -4.13323E+01 
-1.45769E+02 -4.25830E+01 
-1.48460E+02 -4.39760E+01 
-1.51398E+02 -4.55293E+01 
-1.54634E+02 -4.72608E+01 
-1.58662E+02 -4.90684E+01 
-1.63036E+02 -5.12411E+01 
-1.67968E+02 -5.36494E+01 
-1.73557E+02 -5.63131E+01 
-1.79923E+02 -5.92536E+01 
-1.87229E+02 -6.24996E+01 
-1.95749E+02 -6.61094E+01 
-2.06125E+02 -7.02536E+01 
-2.20185E+02 -7.54861E+01 
-2.42572E+02 -8.32724E+01 
-2.79272E+02 -9.54541E+01 
-3.27006E+02 -1.10681E+02 
-3.73087E+02 -1.24501E+02 
-1.06635E+02 -2.89666E+01 
-1.08180E+02 -2.94939E+01 
-1.09886E+02 -3.03708E+01 
-1.11405E+02 -3.10068E+01 
-1.12981E+02 -3.16910E+01 
-1.14626E+02 -3.24333E+01 
-1.16353E+02 -3.32442E+01 
-1.17759E+02 -3.39256E+01 
-1.18182E+02 -3.41346E+01 
-1.20293E+02 -3.51967E+01 
-1.22581E+02 -3.63786E+01 
-1.25083E+02 -3.76942E+01 
-1.27845E+02 -3.91572E+01 
-1.31263E+02 -4.06542E+01 
-1.34993E+02 -4.24680E+01 
-1.39200E+02 -4.44721E+01 
-1.43963E+02 -4.66808E+01 
-1.49383E+02 -4.91093E+01 
-1.55594E+02 -5.17783E+01 
-1.62822E+02 -5.47319E+01 
-1.71600E+02 -5.81051E+01 
-1.83452E+02 -6.23425E+01 
-2.02253E+02 -6.86207E+01 
-2.33012E+02 -7.84026E+01 
-2.72976E+02 -9.05557E+01 
-3.11501E+02 -1.01472E+02 
-8.77455E+01 -2.38517E+01 
-8.90278E+01 -2.42923E+01 
-9.04803E+01 -2.50324E+01 
-9.17543E+01 -2.55683E+01 
-9.30780E+01 -2.61465E+01 
-9.44619E+01 -2.67751E+01 
-9.59192E+01 -2.74626E+01 
-9.71073E+01 -2.80407E+01 
-9.74660E+01 -2.82179E+01 
-9.92560E+01 -2.91186E+01 
-1.01201E+02 -3.01196E+01 
-1.03334E+02 -3.12316E+01 
-1.05692E+02 -3.24647E+01 
-1.08590E+02 -3.37003E+01 
-1.11770E+02 -3.52102E+01 
-1.15354E+02 -3.68730E+01 
-1.19409E+02 -3.86987E+01 
-1.24019E+02 -4.06974E+01 
-1.29292E+02 -4.28836E+01 
-1.35415E+02 -4.52905E+01 
-1.42830E+02 -4.80241E+01 
-1.52806E+02 -5.14387E+01 
-1.68576E+02 -5.64730E+01 
-1.94325E+02 -6.42795E+01 
-2.27737E+02 -7.39129E+01 
-2.59888E+02 -8.24664E+01 
-7.21809E+01 -1.96670E+01 
-7.32460E+01 -2.00349E+01 
-7.44831E+01 -2.06577E+01 
-7.55523E+01 -2.11089E+01 
-7.66651E+01 -2.15969E+01 
-7.78309E+01 -2.21284E+01 
-7.90615E+01 -2.27104E+01 
-8.00669E+01 -2.31999E+01 
-8.03708E+01 -2.33500E+01 
-8.18902E+01 -2.41122E+01 
-8.35451E+01 -2.49579E+01 
-8.53637E+01 -2.58953E+01 
-8.73785E+01 -2.69315E+01 
-8.98341E+01 -2.79475E+01 
-9.25421E+01 -2.92006E+01 
-9.55931E+01 -3.05756E+01 
-9.90425E+01 -3.20792E+01 
-1.02957E+02 -3.37180E+01 
-1.07428E+02 -3.55015E+01 
-1.12608E+02 -3.74542E+01 
-1.18862E+02 -3.96585E+01 
-1.27246E+02 -4.23947E+01 
-1.40457E+02 -4.64056E+01 
-1.61983E+02 -5.25903E+01 
-1.89876E+02 -6.01643E+01 
-2.16658E+02 -6.68025E+01 
-5.93646E+01 -1.62395E+01 
-6.02499E+01 -1.65462E+01 
-6.13040E+01 -1.70687E+01 
-6.22022E+01 -1.74477E+01 
-6.31387E+01 -1.78588E+01 
-6.41218E+01 -1.83073E+01 
-6.51620E+01 -1.87990E+01 
-6.60138E+01 -1.92125E+01 
-6.62716E+01 -1.93393E+01 
-6.75623E+01 -1.99826E+01 
-6.89714E+01 -2.06952E+01 
-7.05229E+01 -2.14830E+01 
-7.22439E+01 -2.23509E+01 
-7.43228E+01 -2.31829E+01 
-7.66276E+01 -2.42193E+01 
-7.92223E+01 -2.53523E+01 
-8.21525E+01 -2.65860E+01 
-8.54732E+01 -2.79242E+01 
-8.92578E+01 -2.93729E+01 
-9.36325E+01 -3.09494E+01 
-9.88985E+01 -3.27173E+01 
-1.05933E+02 -3.48962E+01 
-1.16984E+02 -3.80679E+01 
-1.34954E+02 -4.29263E+01 
-1.58202E+02 -4.88243E+01 
-1.80466E+02 -5.39182E+01 
-4.88183E+01 -1.34272E+01 
-4.95549E+01 -1.36824E+01 
-5.04532E+01 -1.41192E+01 
-5.12085E+01 -1.44368E+01 
-5.19974E+01 -1.47822E+01 
-5.28273E+01 -1.51598E+01 
-5.37075E+01 -1.55741E+01 
-5.44298E+01 -1.59226E+01 
-5.46486E+01 -1.60294E+01 
-5.57459E+01 -1.65709E+01 
-5.69463E+01 -1.71695E+01 
-5.82701E+01 -1.78293E+01 
-5.97399E+01 -1.85538E+01 
-6.14982E+01 -1.92320E+01 
-6.34578E+01 -2.00861E+01 
-6.56619E+01 -2.10163E+01 
-6.81478E+01 -2.20246E+01 
-7.09602E+01 -2.31126E+01 
-7.41588E+01 -2.42837E+01 
-7.78469E+01 -2.55500E+01 
-8.22731E+01 -2.69595E+01 
-8.81659E+01 -2.86823E+01 
-9.73948E+01 -3.11693E+01 
-1.12372E+02 -3.49479E+01 
-1.31713E+02 -3.94891E+01 
-1.50181E+02 -4.33451E+01 
-4.01454E+01 -1.11152E+01 
-4.07586E+01 -1.13269E+01 
-4.15243E+01 -1.16905E+01 
-4.21600E+01 -1.19560E+01 
-4.28250E+01 -1.22454E+01 
-4.35263E+01 -1.25625E+01 
-4.42716E+01 -1.29107E+01 
-4.48844E+01 -1.32036E+01 
-4.50703E+01 -1.32933E+01 
-4.60036E+01 -1.37477E+01 
-4.70265E+01 -1.42490E+01 
-4.81559E+01 -1.47998E+01 
-4.94106E+01 -1.54023E+01 
-5.08959E+01 -1.59525E+01 
-5.25601E+01 -1.66539E+01 
-5.44300E+01 -1.74146E+01 
-5.65358E+01 -1.82351E+01 
-5.89137E+01 -1.91158E+01 
-6.16124E+01 -2.00578E+01 
-6.47158E+01 -2.10691E+01 
-6.84289E+01 -2.21854E+01 
-7.33558E+01 -2.35369E+01 
-8.10492E+01 -2.54678E+01 
-9.35093E+01 -2.83725E+01 
-1.09568E+02 -3.18216E+01 
-1.24851E+02 -3.46918E+01 
-3.30165E+01 -9.21069E+00 
-3.35273E+01 -9.38598E+00 
-3.41802E+01 -9.68696E+00 
-3.47154E+01 -9.90814E+00 
-3.52764E+01 -1.01502E+01 
-3.58692E+01 -1.04158E+01 
-3.65007E+01 -1.07076E+01 
-3.70209E+01 -1.09530E+01 
-3.71788E+01 -1.10282E+01 
-3.79728E+01 -1.14084E+01 
-3.88442E+01 -1.18268E+01 
-3.98074E+01 -1.22850E+01 
-4.08779E+01 -1.27843E+01 
-4.21309E+01 -1.32282E+01 
-4.35424E+01 -1.38021E+01 
-4.51263E+01 -1.44216E+01 
-4.69072E+01 -1.50865E+01 
-4.89143E+01 -1.57958E+01 
-5.11868E+01 -1.65494E+01 
-5.37930E+01 -1.73521E+01 
-5.69016E+01 -1.82299E+01 
-6.10124E+01 -1.92804E+01 
-6.74130E+01 -2.07623E+01 
-7.77581E+01 -2.29639E+01 
-9.10613E+01 -2.55399E+01 
-1.03677E+02 -2.76310E+01 
-2.71586E+01 -7.63905E+00 
-2.75843E+01 -7.78385E+00 
-2.81412E+01 -8.03120E+00 
-2.85919E+01 -8.21505E+00 
-2.90653E+01 -8.41688E+00 
-2.95665E+01 -8.63880E+00 
-3.01016E+01 -8.88281E+00 
-3.05433E+01 -9.08789E+00 
-3.06775E+01 -9.15065E+00 
-3.13528E+01 -9.46785E+00 
-3.20951E+01 -9.81591E+00 
-3.29160E+01 -1.01958E+01 
-3.38284E+01 -1.06079E+01 
-3.48838E+01 -1.09641E+01 
-3.60792E+01 -1.14318E+01 
-3.74187E+01 -1.19343E+01 
-3.89222E+01 -1.24705E+01 
-4.06132E+01 -1.30389E+01 
-4.25229E+01 -1.36382E+01 
-4.47070E+01 -1.42710E+01 
-4.73038E+01 -1.49555E+01 
-5.07262E+01 -1.57635E+01 
-5.60397E+01 -1.68851E+01 
-6.46095E+01 -1.85248E+01 
-7.56038E+01 -2.04079E+01 
-8.59889E+01 -2.18883E+01 
-2.23458E+01 -6.34002E+00 
-2.27005E+01 -6.45940E+00 
-2.31758E+01 -6.66084E+00 
-2.35552E+01 -6.81330E+00 
-2.39547E+01 -6.98123E+00 
-2.43785E+01 -7.16622E+00 
-2.48320E+01 -7.36971E+00 
-2.52068E+01 -7.54062E+00 
-2.53208E+01 -7.59289E+00 
-2.58951E+01 -7.85669E+00 
-2.65269E+01 -8.14528E+00 
-2.72260E+01 -8.45907E+00 
-2.80028E+01 -8.79792E+00 
-2.88903E+01 -9.08196E+00 
-2.99009E+01 -9.46160E+00 
-3.10318E+01 -9.86735E+00 
-3.22988E+01 -1.02977E+01 
-3.37205E+01 -1.07506E+01 
-3.53221E+01 -1.12241E+01 
-3.71484E+01 -1.17191E+01 
-3.93125E+01 -1.22479E+01 
-4.21552E+01 -1.28616E+01 
-4.65558E+01 -1.36959E+01 
-5.36377E+01 -1.48899E+01 
-6.26997E+01 -1.62276E+01 
-7.12235E+01 -1.72341E+01 
-1.83917E+01 -5.26491E+00 
-1.86872E+01 -5.36320E+00 
-1.90928E+01 -5.52536E+00 
-1.94123E+01 -5.65152E+00 
-1.97492E+01 -5.79095E+00 
-2.01075E+01 -5.94481E+00 
-2.04917E+01 -6.11409E+00 
-2.08097E+01 -6.25614E+00 
-2.09066E+01 -6.29954E+00 
-2.13946E+01 -6.51826E+00 
-2.19320E+01 -6.75675E+00 
-2.25267E+01 -7.01496E+00 
-2.31872E+01 -7.29244E+00 
-2.39320E+01 -7.51741E+00 
-2.47850E+01 -7.82431E+00 
-2.57380E+01 -8.15042E+00 
-2.68035E+01 -8.49393E+00 
-2.79963E+01 -8.85256E+00 
-2.93365E+01 -9.22404E+00 
-3.08600E+01 -9.60787E+00 
-3.26594E+01 -1.00118E+01 
-3.50146E+01 -1.04708E+01 
-3.86498E+01 -1.10779E+01 
-4.44866E+01 -1.19213E+01 
-5.19348E+01 -1.28336E+01 
-5.89086E+01 -1.34764E+01 
-1.51429E+01 -4.37417E+00 
-1.53889E+01 -4.45502E+00 
-1.57351E+01 -4.58363E+00 
-1.60039E+01 -4.68785E+00 
-1.62879E+01 -4.80341E+00 
-1.65907E+01 -4.93111E+00 
-1.69160E+01 -5.07158E+00 
-1.71857E+01 -5.18933E+00 
-1.72679E+01 -5.22527E+00 
-1.76823E+01 -5.40605E+00 
-1.81389E+01 -5.60245E+00 
-1.86442E+01 -5.81412E+00 
-1.92049E+01 -6.04038E+00 
-1.98288E+01 -6.21723E+00 
-2.05474E+01 -6.46426E+00 
-2.13489E+01 -6.72505E+00 
-2.22431E+01 -6.99767E+00 
-2.32418E+01 -7.27972E+00 
-2.43606E+01 -7.56873E+00 
-2.56285E+01 -7.86337E+00 
-2.71207E+01 -8.16782E+00 
-2.90670E+01 -8.50459E+00 
-3.20618E+01 -8.93324E+00 
-3.68586E+01 -9.50342E+00 
-4.29615E+01 -1.00877E+01 
-4.86477E+01 -1.04550E+01 
-1.24729E+01 -3.63552E+00 
-1.26776E+01 -3.70200E+00 
-1.29731E+01 -3.80206E+00 
-1.31990E+01 -3.88803E+00 
-1.34383E+01 -3.98364E+00 
-1.36940E+01 -4.08942E+00 
-1.39693E+01 -4.20572E+00 
-1.41978E+01 -4.30306E+00 
-1.42675E+01 -4.33274E+00 
-1.46191E+01 -4.48169E+00 
-1.50066E+01 -4.64285E+00 
-1.54353E+01 -4.81569E+00 
-1.59105E+01 -4.99938E+00 
-1.64319E+01 -5.13725E+00 
-1.70362E+01 -5.33517E+00 
-1.77089E+01 -5.54260E+00 
-1.84578E+01 -5.75756E+00 
-1.92919E+01 -5.97769E+00 
-2.02237E+01 -6.20042E+00 
-2.12762E+01 -6.42388E+00 
-2.25105E+01 -6.64963E+00 
-2.41142E+01 -6.89051E+00 
-2.65742E+01 -7.18046E+00 
-3.05041E+01 -7.54004E+00 
-3.54882E+01 -7.87446E+00 
-4.01076E+01 -8.03675E+00 
-1.02780E+01 -3.02253E+00 
-1.04483E+01 -3.07720E+00 
-1.07003E+01 -3.15306E+00 
-1.08899E+01 -3.22390E+00 
-1.10915E+01 -3.30291E+00 
-1.13072E+01 -3.39037E+00 
-1.15399E+01 -3.48644E+00 
-1.17334E+01 -3.56670E+00 
-1.17925E+01 -3.59113E+00 
-1.20904E+01 -3.71348E+00 
-1.24188E+01 -3.84525E+00 
-1.27819E+01 -3.98580E+00 
-1.31841E+01 -4.13424E+00 
-1.36187E+01 -4.24073E+00 
-1.41259E+01 -4.39852E+00 
-1.46893E+01 -4.56252E+00 
-1.53151E+01 -4.73082E+00 
-1.60102E+01 -4.90110E+00 
-1.67843E+01 -5.07087E+00 
-1.76557E+01 -5.23789E+00 
-1.86737E+01 -5.40181E+00 
-1.99913E+01 -5.56815E+00 
-2.20057E+01 -5.75145E+00 
-2.52146E+01 -5.95084E+00 
-2.92701E+01 -6.09803E+00 
-3.30079E+01 -6.11080E+00 
-8.47318E+00 -2.51348E+00 
-8.61464E+00 -2.55849E+00 
-8.82936E+00 -2.61395E+00 
-8.98845E+00 -2.67231E+00 
-9.15794E+00 -2.73752E+00 
-9.33985E+00 -2.80972E+00 
-9.53643E+00 -2.88892E+00 
-9.70006E+00 -2.95491E+00 
-9.74999E+00 -2.97497E+00 
-1.00021E+01 -3.07515E+00 
-1.02801E+01 -3.18250E+00 
-1.05872E+01 -3.29631E+00 
-1.09267E+01 -3.41569E+00 
-1.12882E+01 -3.49707E+00 
-1.17129E+01 -3.62220E+00 
-1.21838E+01 -3.75103E+00 
-1.27054E+01 -3.88171E+00 
-1.32833E+01 -4.01210E+00 
-1.39247E+01 -4.13978E+00 
-1.46442E+01 -4.26237E+00 
-1.54814E+01 -4.37812E+00 
-1.65605E+01 -4.48713E+00 
-1.82044E+01 -4.58950E+00 
-2.08150E+01 -4.66902E+00 
-2.41022E+01 -4.67870E+00 
-2.71133E+01 -4.58555E+00 
-6.98854E+00 -2.09049E+00 
-7.10594E+00 -2.12762E+00 
-7.28862E+00 -2.16602E+00 
-7.42191E+00 -2.21409E+00 
-7.56430E+00 -2.26789E+00 
-7.71752E+00 -2.32742E+00 
-7.88337E+00 -2.39257E+00 
-8.02159E+00 -2.44670E+00 
-8.06378E+00 -2.46313E+00 
-8.27687E+00 -2.54490E+00 
-8.51171E+00 -2.63202E+00 
-8.77088E+00 -2.72379E+00 
-9.05700E+00 -2.81932E+00 
-9.35682E+00 -2.88075E+00 
-9.71175E+00 -2.97941E+00 
-1.01044E+01 -3.07986E+00 
-1.05383E+01 -3.18040E+00 
-1.10174E+01 -3.27903E+00 
-1.15474E+01 -3.37350E+00 
-1.21397E+01 -3.46136E+00 
-1.28261E+01 -3.53996E+00 
-1.37070E+01 -3.60542E+00 
-1.50436E+01 -3.64739E+00 
-1.71591E+01 -3.63906E+00 
-1.98119E+01 -3.55045E+00 
-2.22262E+01 -3.38525E+00 
-5.76683E+00 -1.73881E+00 
-5.86416E+00 -1.76953E+00 
-6.01924E+00 -1.79380E+00 
-6.13076E+00 -1.83343E+00 
-6.25026E+00 -1.87780E+00 
-6.37915E+00 -1.92683E+00 
-6.51892E+00 -1.98034E+00 
-6.63551E+00 -2.02465E+00 
-6.67110E+00 -2.03806E+00 
-6.85091E+00 -2.10460E+00 
-7.04897E+00 -2.17505E+00 
-7.26729E+00 -2.24872E+00 
-7.50787E+00 -2.32476E+00 
-7.75581E+00 -2.37050E+00 
-8.05177E+00 -2.44778E+00 
-8.37841E+00 -2.52546E+00 
-8.73836E+00 -2.60195E+00 
-9.13460E+00 -2.67546E+00 
-9.57140E+00 -2.74390E+00 
-1.00575E+01 -2.80489E+00 
-1.06184E+01 -2.85515E+00 
-1.13349E+01 -2.88803E+00 
-1.24173E+01 -2.88587E+00 
-1.41241E+01 -2.81496E+00 
-1.62548E+01 -2.65872E+00 
-1.81802E+01 -2.44751E+00 
-4.76111E+00 -1.44628E+00 
-4.84171E+00 -1.47178E+00 
-4.97300E+00 -1.48451E+00 
-5.06617E+00 -1.51723E+00 
-5.16632E+00 -1.55384E+00 
-5.27461E+00 -1.59420E+00 
-5.39224E+00 -1.63809E+00 
-5.49043E+00 -1.67428E+00 
-5.52042E+00 -1.68521E+00 
-5.67188E+00 -1.73920E+00 
-5.83861E+00 -1.79597E+00 
-6.02212E+00 -1.85484E+00 
-6.22394E+00 -1.91505E+00 
-6.42835E+00 -1.94854E+00 
-6.67459E+00 -2.00864E+00 
-6.94569E+00 -2.06812E+00 
-7.24355E+00 -2.12556E+00 
-7.57036E+00 -2.17933E+00 
-7.92924E+00 -2.22755E+00 
-8.32699E+00 -2.26795E+00 
-8.78373E+00 -2.29688E+00 
-9.36425E+00 -2.30587E+00 
-1.02370E+01 -2.27237E+00 
-1.16073E+01 -2.15865E+00 
-1.33096E+01 -1.95852E+00 
-1.48361E+01 -1.72107E+00 
-3.93281E+00 -1.20281E+00 
-3.99949E+00 -1.22408E+00 
-4.11020E+00 -1.22752E+00 
-4.18793E+00 -1.25461E+00 
-4.27176E+00 -1.28486E+00 
-4.36261E+00 -1.31809E+00 
-4.46146E+00 -1.35405E+00 
-4.54403E+00 -1.38357E+00 
-4.56925E+00 -1.39245E+00 
-4.69660E+00 -1.43616E+00 
-4.83666E+00 -1.48174E+00 
-4.99058E+00 -1.52858E+00 
-5.15948E+00 -1.57598E+00 
-5.32744E+00 -1.60001E+00 
-5.53185E+00 -1.64637E+00 
-5.75630E+00 -1.69139E+00 
-6.00215E+00 -1.73381E+00 
-6.27092E+00 -1.77218E+00 
-6.56489E+00 -1.80485E+00 
-6.88924E+00 -1.82965E+00 
-7.25981E+00 -1.84281E+00 
-7.72818E+00 -1.83473E+00 
-8.42850E+00 -1.77986E+00 
-9.52277E+00 -1.63862E+00 
-1.08746E+01 -1.41277E+00 
-1.20767E+01 -1.16386E+00 
-3.25038E+00 -1.00011E+00 
-3.30548E+00 -1.01796E+00 
-3.39840E+00 -1.01408E+00 
-3.46315E+00 -1.03659E+00 
-3.53321E+00 -1.06163E+00 
-3.60932E+00 -1.08901E+00 
-3.69225E+00 -1.11848E+00 
-3.76157E+00 -1.14253E+00 
-3.78274E+00 -1.14974E+00 
-3.88962E+00 -1.18504E+00 
-4.00703E+00 -1.22152E+00 
-4.13583E+00 -1.25862E+00 
-4.27683E+00 -1.29571E+00 
-4.41436E+00 -1.31254E+00 
-4.58366E+00 -1.34795E+00 
-4.76903E+00 -1.38154E+00 
-4.97140E+00 -1.41221E+00 
-5.19179E+00 -1.43869E+00 
-5.43183E+00 -1.45951E+00 
-5.69539E+00 -1.47269E+00 
-5.99487E+00 -1.47443E+00 
-6.37104E+00 -1.45456E+00 
-6.92999E+00 -1.38603E+00 
-7.79848E+00 -1.22898E+00 
-8.86477E+00 -9.91113E-01 
-9.80407E+00 -7.41547E-01 
-2.68786E+00 -8.31294E-01 
-2.73334E+00 -8.46371E-01 
-2.81085E+00 -8.36903E-01 
-2.86470E+00 -8.55698E-01 
-2.92317E+00 -8.76502E-01 
-2.98685E+00 -8.99104E-01 
-3.05631E+00 -9.23260E-01 
-3.11439E+00 -9.42838E-01 
-3.13213E+00 -9.48685E-01 
-3.22165E+00 -9.77149E-01 
-3.31986E+00 -1.00626E+00 
-3.42739E+00 -1.03551E+00 
-3.54480E+00 -1.06435E+00 
-3.65700E+00 -1.07577E+00 
-3.79690E+00 -1.10250E+00 
-3.94961E+00 -1.12711E+00 
-4.11573E+00 -1.14864E+00 
-4.29592E+00 -1.16601E+00 
-4.49126E+00 -1.17794E+00 
-4.70463E+00 -1.18260E+00 
-4.94563E+00 -1.17632E+00 
-5.24625E+00 -1.14874E+00 
-5.68969E+00 -1.07242E+00 
-6.37416E+00 -9.08378E-01 
-7.20860E+00 -6.68643E-01 
-7.93602E+00 -4.26121E-01 
-2.22394E+00 -6.90681E-01 
-2.26146E+00 -7.03511E-01 
-2.32562E+00 -6.89956E-01 
-2.37034E+00 -7.05747E-01 
-2.41907E+00 -7.23099E-01 
-2.47225E+00 -7.41806E-01 
-2.53033E+00 -7.61634E-01 
-2.57892E+00 -7.77578E-01 
-2.59375E+00 -7.82318E-01 
-2.66858E+00 -8.05240E-01 
-2.75055E+00 -8.28405E-01 
-2.84011E+00 -8.51362E-01 
-2.93764E+00 -8.73616E-01 
-3.02881E+00 -8.81052E-01 
-3.14416E+00 -9.00918E-01 
-3.26965E+00 -9.18516E-01 
-3.40563E+00 -9.33015E-01 
-3.55248E+00 -9.43488E-01 
-3.71090E+00 -9.48829E-01 
-3.88296E+00 -9.47410E-01 
-4.07601E+00 -9.35705E-01 
-4.31493E+00 -9.03513E-01 
-4.66432E+00 -8.23809E-01 
-5.19940E+00 -6.59310E-01 
-5.84642E+00 -4.25033E-01 
-6.40379E+00 -1.94829E-01 
-1.84115E+00 -5.73562E-01 
-1.87208E+00 -5.84567E-01 
-1.92468E+00 -5.68221E-01 
-1.96177E+00 -5.81584E-01 
-2.00232E+00 -5.96133E-01 
-2.04667E+00 -6.11672E-01 
-2.09516E+00 -6.27982E-01 
-2.13573E+00 -6.40979E-01 
-2.14811E+00 -6.44821E-01 
-2.21053E+00 -6.63264E-01 
-2.27880E+00 -6.81647E-01 
-2.35322E+00 -6.99572E-01 
-2.43404E+00 -7.16606E-01 
-2.50783E+00 -7.21155E-01 
-2.60272E+00 -7.35628E-01 
-2.70558E+00 -7.47780E-01 
-2.81658E+00 -7.56905E-01 
-2.93588E+00 -7.62222E-01 
-3.06388E+00 -7.62789E-01 
-3.20204E+00 -7.57158E-01 
-3.35592E+00 -7.42021E-01 
-3.54462E+00 -7.07539E-01 
-3.81775E+00 -6.27685E-01 
-4.23207E+00 -4.67441E-01 
-4.72827E+00 -2.43737E-01 
-5.14990E+00 -2.92539E-02 
-1.52513E+00 -4.76035E-01 
-1.55062E+00 -4.85551E-01 
-1.59321E+00 -4.67526E-01 
-1.62394E+00 -4.78926E-01 
-1.65764E+00 -4.91199E-01 
-1.69458E+00 -5.04162E-01 
-1.73501E+00 -5.17615E-01 
-1.76882E+00 -5.28223E-01 
-1.77914E+00 -5.31340E-01 
-1.83111E+00 -5.46170E-01 
-1.88786E+00 -5.60716E-01 
-1.94957E+00 -5.74629E-01 
-2.01638E+00 -5.87533E-01 
-2.07586E+00 -5.90044E-01 
-2.15375E+00 -6.00292E-01 
-2.23786E+00 -6.08242E-01 
-2.32820E+00 -6.13304E-01 
-2.42479E+00 -6.14828E-01 
-2.52781E+00 -6.12021E-01 
-2.63826E+00 -6.03610E-01 
-2.76025E+00 -5.86530E-01 
-2.90825E+00 -5.51464E-01 
-3.11980E+00 -4.73781E-01 
-3.43695E+00 -3.21070E-01 
-3.81241E+00 -1.11335E-01 
-4.12633E+00 8.54529E-02 
-1.26042E+00 -3.93719E-01 
-1.28137E+00 -4.01991E-01 
-1.31519E+00 -3.83228E-01 
-1.34055E+00 -3.93011E-01 
-1.36846E+00 -4.03404E-01 
-1.39910E+00 -4.14240E-01 
-1.43267E+00 -4.25339E-01 
-1.46073E+00 -4.33984E-01 
-1.46929E+00 -4.36506E-01 
-1.51238E+00 -4.48381E-01 
-1.55933E+00 -4.59807E-01 
-1.61025E+00 -4.70481E-01 
-1.66519E+00 -4.80081E-01 
-1.71277E+00 -4.81174E-01 
-1.77639E+00 -4.88078E-01 
-1.84477E+00 -4.92766E-01 
-1.91785E+00 -4.94752E-01 
-1.99552E+00 -4.93505E-01 
-2.07782E+00 -4.88369E-01 
-2.16536E+00 -4.78236E-01 
-2.26112E+00 -4.60309E-01 
-2.37582E+00 -4.25896E-01 
-2.53719E+00 -3.52056E-01 
-2.77550E+00 -2.09206E-01 
-3.05356E+00 -1.57671E-02 
-3.28141E+00 1.62131E-01 
-1.04539E+00 -3.26430E-01 
-1.06268E+00 -3.33686E-01 
-1.08908E+00 -3.14987E-01 
-1.11007E+00 -3.23470E-01 
-1.13324E+00 -3.32350E-01 
-1.15872E+00 -3.41476E-01 
-1.18664E+00 -3.50688E-01 
-1.20998E+00 -3.57764E-01 
-1.21710E+00 -3.59811E-01 
-1.25288E+00 -3.69337E-01 
-1.29178E+00 -3.78300E-01 
-1.33385E+00 -3.86438E-01 
-1.37910E+00 -3.93475E-01 
-1.41714E+00 -3.93646E-01 
-1.46916E+00 -3.97995E-01 
-1.52480E+00 -4.00246E-01 
-1.58394E+00 -4.00007E-01 
-1.64638E+00 -3.96851E-01 
-1.71206E+00 -3.90240E-01 
-1.78133E+00 -3.79220E-01 
-1.85627E+00 -3.61256E-01 
-1.94468E+00 -3.28335E-01 
-2.06665E+00 -2.59327E-01 
-2.24333E+00 -1.27493E-01 
-2.44573E+00 4.88480E-02 
-2.60746E+00 2.08045E-01 
-8.67557E-01 -2.70515E-01 
-8.81849E-01 -2.76913E-01 
-9.01888E-01 -2.58919E-01 
-9.19264E-01 -2.66325E-01 
-9.38505E-01 -2.73952E-01 
-9.59698E-01 -2.81667E-01 
-9.82923E-01 -2.89326E-01 
-1.00233E+00 -2.95117E-01 
-1.00824E+00 -2.96777E-01 
-1.03793E+00 -3.04393E-01 
-1.07013E+00 -3.11367E-01 
-1.10485E+00 -3.17477E-01 
-1.14205E+00 -3.22488E-01 
-1.17235E+00 -3.22072E-01 
-1.21481E+00 -3.24438E-01 
-1.25999E+00 -3.24853E-01 
-1.30769E+00 -3.23005E-01 
-1.35771E+00 -3.18560E-01 
-1.40988E+00 -3.11082E-01 
-1.46436E+00 -2.99758E-01 
-1.52256E+00 -2.82314E-01 
-1.58995E+00 -2.51437E-01 
-1.68059E+00 -1.87875E-01 
-1.80856E+00 -6.77044E-02 
-1.95160E+00 9.12410E-02 
-2.06207E+00 2.32197E-01 
-7.20405E-01 -2.24106E-01 
-7.32253E-01 -2.29765E-01 
-7.46873E-01 -2.12984E-01 
-7.61287E-01 -2.19480E-01 
-7.77287E-01 -2.26055E-01 
-7.94929E-01 -2.32588E-01 
-8.14258E-01 -2.38956E-01 
-8.30393E-01 -2.43685E-01 
-8.35306E-01 -2.45024E-01 
-8.59944E-01 -2.51073E-01 
-8.86593E-01 -2.56430E-01 
-9.15226E-01 -2.60908E-01 
-9.45783E-01 -2.64311E-01 
-9.69823E-01 -2.63540E-01 
-1.00444E+00 -2.64374E-01 
-1.04102E+00 -2.63419E-01 
-1.07938E+00 -2.60438E-01 
-1.11928E+00 -2.55172E-01 
-1.16050E+00 -2.47279E-01 
-1.20307E+00 -2.36070E-01 
-1.24786E+00 -2.19522E-01 
-1.29854E+00 -1.91024E-01 
-1.36445E+00 -1.33206E-01 
-1.45422E+00 -2.48609E-02 
-1.55109E+00 1.16940E-01 
-1.62224E+00 2.40506E-01 
-5.98585E-01 -1.85634E-01 
-6.08448E-01 -1.90641E-01 
-6.18493E-01 -1.75460E-01 
-6.30488E-01 -1.81168E-01 
-6.43827E-01 -1.86838E-01 
-6.58543E-01 -1.92366E-01 
-6.74658E-01 -1.97642E-01 
-6.88092E-01 -2.01480E-01 
-6.92179E-01 -2.02552E-01 
-7.12640E-01 -2.07299E-01 
-7.34702E-01 -2.11327E-01 
-7.58313E-01 -2.14480E-01 
-7.83396E-01 -2.16600E-01 
-8.02419E-01 -2.15627E-01 
-8.30589E-01 -2.15282E-01 
-8.60153E-01 -2.13323E-01 
-8.90896E-01 -2.09573E-01 
-9.22577E-01 -2.03841E-01 
-9.54964E-01 -1.95862E-01 
-9.87967E-01 -1.85061E-01 
-1.02207E+00 -1.69649E-01 
-1.05953E+00 -1.43703E-01 
-1.10606E+00 -9.16893E-02 
-1.16613E+00 5.01888E-03 
-1.22746E+00 1.30314E-01 
-1.26885E+00 2.37597E-01 
-4.97558E-01 -1.53736E-01 
-5.05814E-01 -1.58154E-01 
-5.12036E-01 -1.44846E-01 
-5.22065E-01 -1.49851E-01 
-5.33230E-01 -1.54725E-01 
-5.45545E-01 -1.59376E-01 
-5.59015E-01 -1.63712E-01 
-5.70224E-01 -1.66787E-01 
-5.73630E-01 -1.67632E-01 
-5.90647E-01 -1.71280E-01 
-6.08926E-01 -1.74201E-01 
-6.28401E-01 -1.76268E-01 
-6.48984E-01 -1.77356E-01 
-6.64000E-01 -1.76274E-01 
-6.86885E-01 -1.75030E-01 
-7.10705E-01 -1.72351E-01 
-7.35246E-01 -1.68111E-01 
-7.60267E-01 -1.62178E-01 
-7.85529E-01 -1.54353E-01 
-8.10875E-01 -1.44157E-01 
-8.36488E-01 -1.30022E-01 
-8.63559E-01 -1.06686E-01 
-8.95005E-01 -6.03768E-02 
-9.32195E-01 2.51174E-02 
-9.66479E-01 1.34785E-01 
-9.85644E-01 2.27022E-01 
-4.13929E-01 -1.27370E-01 
-4.20894E-01 -1.31245E-01 
-4.23978E-01 -1.19974E-01 
-4.32423E-01 -1.24334E-01 
-4.41826E-01 -1.28490E-01 
-4.52185E-01 -1.32362E-01 
-4.63492E-01 -1.35871E-01 
-4.72878E-01 -1.38284E-01 
-4.75726E-01 -1.38934E-01 
-4.89918E-01 -1.41642E-01 
-5.05094E-01 -1.43631E-01 
-5.21178E-01 -1.44802E-01 
-5.38075E-01 -1.45057E-01 
-5.49917E-01 -1.43919E-01 
-5.68481E-01 -1.42000E-01 
-5.87621E-01 -1.38825E-01 
-6.07130E-01 -1.34313E-01 
-6.26777E-01 -1.28377E-01 
-6.46326E-01 -1.20874E-01 
-6.65579E-01 -1.11409E-01 
-6.84502E-01 -9.86183E-02 
-7.03480E-01 -7.78582E-02 
-7.23329E-01 -3.70223E-02 
-7.43155E-01 3.78724E-02 
-7.57210E-01 1.32990E-01 
-7.60152E-01 2.11528E-01 
-3.44715E-01 -1.05595E-01 
-3.50646E-01 -1.08957E-01 
-3.51210E-01 -9.97909E-02 
-3.58389E-01 -1.03544E-01 
-3.66371E-01 -1.07036E-01 
-3.75144E-01 -1.10201E-01 
-3.84689E-01 -1.12971E-01 
-3.92587E-01 -1.14800E-01 
-3.94978E-01 -1.15279E-01 
-4.06859E-01 -1.17172E-01 
-4.19494E-01 -1.18369E-01 
-4.32801E-01 -1.18794E-01 
-4.46683E-01 -1.18377E-01 
-4.56025E-01 -1.17207E-01 
-4.71058E-01 -1.14795E-01 
-4.86388E-01 -1.11303E-01 
-5.01820E-01 -1.06686E-01 
-5.17140E-01 -1.00895E-01 
-5.32124E-01 -9.38312E-02 
-5.46551E-01 -8.51714E-02 
-5.60233E-01 -7.37347E-02 
-5.72959E-01 -5.54573E-02 
-5.84000E-01 -1.97836E-02 
-5.90854E-01 4.52357E-02 
-5.90076E-01 1.26977E-01 
-5.81487E-01 1.93183E-01 
-2.87481E-01 -8.76208E-02 
-2.92590E-01 -9.04922E-02 
-2.91191E-01 -8.34096E-02 
-2.97364E-01 -8.65801E-02 
-3.04206E-01 -8.94491E-02 
-3.11697E-01 -9.19612E-02 
-3.19812E-01 -9.40614E-02 
-3.26496E-01 -9.53697E-02 
-3.28515E-01 -9.56961E-02 
-3.38506E-01 -9.68777E-02 
-3.49061E-01 -9.73977E-02 
-3.60096E-01 -9.72022E-02 
-3.71511E-01 -9.62448E-02 
-3.78894E-01 -9.50505E-02 
-3.91041E-01 -9.22970E-02 
-4.03271E-01 -8.86331E-02 
-4.15406E-01 -8.40419E-02 
-4.27252E-01 -7.85041E-02 
-4.38600E-01 -7.19557E-02 
-4.49224E-01 -6.41347E-02 
-4.58829E-01 -5.40246E-02 
-4.66777E-01 -3.80951E-02 
-4.71229E-01 -7.21942E-03 
-4.68586E-01 4.87137E-02 
-4.57216E-01 1.18299E-01 
-4.40734E-01 1.73523E-01 
-2.40147E-01 -7.27556E-02 
-2.44603E-01 -7.51530E-02 
-2.41737E-01 -7.00594E-02 
-2.47115E-01 -7.26639E-02 
-2.53043E-01 -7.49407E-02 
-2.59498E-01 -7.68447E-02 
-2.66449E-01 -7.83331E-02 
-2.72143E-01 -7.91734E-02 
-2.73856E-01 -7.93648E-02 
-2.82299E-01 -7.99226E-02 
-2.91147E-01 -7.98644E-02 
-3.00314E-01 -7.91558E-02 
-3.09706E-01 -7.77710E-02 
-3.15560E-01 -7.65522E-02 
-3.25341E-01 -7.35833E-02 
-3.35046E-01 -6.98647E-02 
-3.44514E-01 -6.54015E-02 
-3.53572E-01 -6.01961E-02 
-3.62032E-01 -5.42113E-02 
-3.69672E-01 -4.72353E-02 
-3.76127E-01 -3.83987E-02 
-3.80463E-01 -2.46584E-02 
-3.80071E-01 1.80661E-03 
-3.70650E-01 4.94606E-02 
-3.51976E-01 1.08099E-01 
-3.30381E-01 1.53628E-01 
-2.01082E-01 -6.04452E-02 
-2.05020E-01 -6.23839E-02 
-2.01130E-01 -5.91192E-02 
-2.05878E-01 -6.11733E-02 
-2.11074E-01 -6.28863E-02 
-2.16689E-01 -6.42237E-02 
-2.22690E-01 -6.51534E-02 
-2.27570E-01 -6.55746E-02 
-2.29033E-01 -6.56467E-02 
-2.36201E-01 -6.56610E-02 
-2.43640E-01 -6.51141E-02 
-2.51269E-01 -6.39889E-02 
-2.58996E-01 -6.22766E-02 
-2.63656E-01 -6.10313E-02 
-2.71495E-01 -5.79548E-02 
-2.79141E-01 -5.42782E-02 
-2.86452E-01 -5.00224E-02 
-2.93279E-01 -4.52052E-02 
-2.99455E-01 -3.98088E-02 
-3.04767E-01 -3.36625E-02 
-3.08812E-01 -2.60267E-02 
-3.10458E-01 -1.43004E-02 
-3.06591E-01 8.15511E-03 
-2.92508E-01 4.83418E-02 
-2.69066E-01 9.72172E-02 
-2.44460E-01 1.34276E-01 
-1.68855E-01 -5.01994E-02 
-1.72377E-01 -5.16971E-02 
-1.67850E-01 -5.00514E-02 
-1.72096E-01 -5.15743E-02 
-1.76699E-01 -5.27551E-02 
-1.81626E-01 -5.35689E-02 
-1.86843E-01 -5.39941E-02 
-1.91050E-01 -5.40448E-02 
-1.92305E-01 -5.40126E-02 
-1.98415E-01 -5.35614E-02 
-2.04683E-01 -5.26113E-02 
-2.11035E-01 -5.11594E-02 
-2.17383E-01 -4.92110E-02 
-2.21109E-01 -4.79399E-02 
-2.27350E-01 -4.48486E-02 
-2.33315E-01 -4.12939E-02 
-2.38884E-01 -3.73069E-02 
-2.43929E-01 -3.29152E-02 
-2.48305E-01 -2.81144E-02 
-2.51815E-01 -2.27669E-02 
-2.54037E-01 -1.62475E-02 
-2.53717E-01 -6.35316E-03 
-2.47437E-01 1.24918E-02 
-2.30320E-01 4.60019E-02 
-2.04034E-01 8.62470E-02 
-1.77979E-01 1.15975E-01 
-1.42324E-01 -4.16322E-02 
-1.45508E-01 -4.27105E-02 
-1.40677E-01 -4.24383E-02 
-1.44516E-01 -4.34558E-02 
-1.48629E-01 -4.41414E-02 
-1.52985E-01 -4.44791E-02 
-1.57546E-01 -4.44565E-02 
-1.61188E-01 -4.41862E-02 
-1.62269E-01 -4.40651E-02 
-1.67488E-01 -4.32257E-02 
-1.72775E-01 -4.19547E-02 
-1.78056E-01 -4.02607E-02 
-1.83256E-01 -3.81597E-02 
-1.86248E-01 -3.68676E-02 
-1.91168E-01 -3.38402E-02 
-1.95760E-01 -3.04713E-02 
-1.99922E-01 -2.67978E-02 
-2.03548E-01 -2.28527E-02 
-2.06515E-01 -1.86395E-02 
-2.08642E-01 -1.40473E-02 
-2.09502E-01 -8.55136E-03 
-2.07781E-01 -3.04661E-04 
-1.99906E-01 1.53201E-02 
-1.80989E-01 4.29141E-02 
-1.53297E-01 7.55988E-02 
-1.26927E-01 9.90433E-02 
-1.20525E-01 -3.44232E-02 
-1.23428E-01 -3.51096E-02 
-1.18571E-01 -3.59447E-02 
-1.22069E-01 -3.64917E-02 
-1.25769E-01 -3.67267E-02 
-1.29638E-01 -3.66416E-02 
-1.33639E-01 -3.62321E-02 
-1.36800E-01 -3.56923E-02 
-1.37731E-01 -3.54980E-02 
-1.42192E-01 -3.43475E-02 
-1.46644E-01 -3.28354E-02 
-1.51022E-01 -3.09790E-02 
-1.55257E-01 -2.88016E-02 
-1.57665E-01 -2.74980E-02 
-1.61493E-01 -2.45993E-02 
-1.64962E-01 -2.14653E-02 
-1.67991E-01 -1.81351E-02 
-1.70491E-01 -1.46430E-02 
-1.72362E-01 -1.09970E-02 
-1.73439E-01 -7.10707E-03 
-1.73303E-01 -2.53659E-03 
-1.70615E-01 4.24485E-03 
-1.61767E-01 1.70250E-02 
-1.41972E-01 3.94235E-02 
-1.13926E-01 6.55461E-02 
-8.80433E-02 8.36622E-02 
-1.02616E-01 -2.83168E-02 
-1.05278E-01 -2.86448E-02 
-1.00619E-01 -3.03156E-02 
-1.03821E-01 -3.04361E-02 
-1.07160E-01 -3.02725E-02 
-1.10605E-01 -2.98235E-02 
-1.14119E-01 -2.90916E-02 
-1.16860E-01 -2.83350E-02 
-1.17663E-01 -2.80831E-02 
-1.21468E-01 -2.66977E-02 
-1.25204E-01 -2.50206E-02 
-1.28812E-01 -2.30749E-02 
-1.32233E-01 -2.08885E-02 
-1.34173E-01 -1.95866E-02 
-1.37096E-01 -1.68675E-02 
-1.39650E-01 -1.40031E-02 
-1.41769E-01 -1.10318E-02 
-1.43384E-01 -7.98638E-03 
-1.44411E-01 -4.87643E-03 
-1.44704E-01 -1.62865E-03 
-1.43855E-01 2.11668E-03 
-1.40536E-01 7.60996E-03 
-1.31179E-01 1.79015E-02 
-1.11183E-01 3.57793E-02 
-8.35380E-02 5.62607E-02 
-5.86848E-02 6.99077E-02 
-8.79186E-02 -2.31150E-02 
-9.03663E-02 -2.31230E-02 
-8.60771E-02 -2.53657E-02 
-8.90111E-02 -2.51117E-02 
-9.20266E-02 -2.46072E-02 
-9.50917E-02 -2.38568E-02 
-9.81724E-02 -2.28682E-02 
-1.00544E-01 -2.19469E-02 
-1.01232E-01 -2.16527E-02 
-1.04465E-01 -2.01048E-02 
-1.07580E-01 -1.83326E-02 
-1.10528E-01 -1.63624E-02 
-1.13259E-01 -1.42243E-02 
-1.14817E-01 -1.29392E-02 
-1.16993E-01 -1.04363E-02 
-1.18803E-01 -7.86201E-03 
-1.20196E-01 -5.25182E-03 
-1.21120E-01 -2.63532E-03 
-1.21507E-01 -2.16249E-05 
-1.21225E-01 2.64908E-03 
-1.19886E-01 5.66941E-03 
-1.16190E-01 1.00440E-02 
-1.06667E-01 1.81809E-02 
-8.69562E-02 3.21648E-02 
-6.02308E-02 4.78475E-02 
-3.67542E-02 5.77918E-02 
-7.58291E-02 -1.86609E-02 
-7.80805E-02 -1.83897E-02 
-7.42854E-02 -2.09605E-02 
-7.69688E-02 -2.03881E-02 
-7.96848E-02 -1.96027E-02 
-8.24033E-02 -1.86134E-02 
-8.50931E-02 -1.74318E-02 
-8.71339E-02 -1.63948E-02 
-8.77214E-02 -1.60726E-02 
-9.04480E-02 -1.44280E-02 
-9.30219E-02 -1.26218E-02 
-9.54016E-02 -1.06817E-02 
-9.75463E-02 -8.63759E-03 
-9.87899E-02 -7.38429E-03 
-1.00350E-01 -5.12048E-03 
-1.01560E-01 -2.84408E-03 
-1.02379E-01 -5.86172E-04 
-1.02770E-01 1.62793E-03 
-1.02679E-01 3.79069E-03 
-1.01989E-01 5.95089E-03 
-1.00328E-01 8.34269E-03 
-9.64437E-02 1.17563E-02 
-8.70036E-02 1.80459E-02 
-6.79165E-02 2.87071E-02 
-4.24556E-02 4.03487E-02 
-2.05573E-02 4.72614E-02 
-6.59129E-02 -1.48524E-02 
-6.79823E-02 -1.43441E-02 
-6.47587E-02 -1.70269E-02 
-6.72038E-02 -1.61950E-02 
-6.96402E-02 -1.51894E-02 
-7.20402E-02 -1.40220E-02 
-7.43759E-02 -1.27072E-02 
-7.61206E-02 -1.15992E-02 
-7.66184E-02 -1.12617E-02 
-7.88990E-02 -9.57776E-03 
-8.10029E-02 -7.78873E-03 
-8.28960E-02 -5.92159E-03 
-8.45466E-02 -4.00457E-03 
-8.55292E-02 -2.79671E-03 
-8.65888E-02 -7.81308E-04 
-8.73185E-02 1.20203E-03 
-8.76914E-02 3.12714E-03 
-8.76797E-02 4.97349E-03 
-8.72415E-02 6.73562E-03 
-8.62717E-02 8.45314E-03 
-8.44191E-02 1.03097E-02 
-8.04855E-02 1.29114E-02 
-7.13010E-02 1.76415E-02 
-5.30598E-02 2.55122E-02 
-2.90674E-02 3.38067E-02 
-8.83240E-03 3.82825E-02 
-5.77265E-02 -1.15657E-02 
-5.96256E-02 -1.08591E-02 
-5.70141E-02 -1.34735E-02 
-5.92297E-02 -1.24378E-02 
-6.14023E-02 -1.12675E-02 
-6.35072E-02 -9.97665E-03 
-6.55197E-02 -8.58091E-03 
-6.69981E-02 -7.43993E-03 
-6.74156E-02 -7.09763E-03 
-6.93015E-02 -5.42157E-03 
-7.09956E-02 -3.68984E-03 
-7.24714E-02 -1.92763E-03 
-7.37049E-02 -1.60397E-04 
-7.44679E-02 9.89850E-04 
-7.51208E-02 2.75658E-03 
-7.54700E-02 4.45851E-03 
-7.54979E-02 6.07460E-03 
-7.51858E-02 7.58906E-03 
-7.45008E-02 8.99864E-03 
-7.33487E-02 1.03352E-02 
-7.13984E-02 1.17388E-02 
-6.75124E-02 1.36582E-02 
-5.86993E-02 1.70805E-02 
-4.14436E-02 2.26251E-02 
-1.90298E-02 2.81703E-02 
-4.71338E-04 3.07069E-02 
-5.09738E-02 -8.70258E-03 
-5.27136E-02 -7.83316E-03 
-5.07214E-02 -1.02369E-02 
-5.27159E-02 -9.04924E-03 
-5.46397E-02 -7.76497E-03 
-5.64711E-02 -6.39896E-03 
-5.81894E-02 -4.96726E-03 
-5.94283E-02 -3.82519E-03 
-5.97742E-02 -3.48693E-03 
-6.13115E-02 -1.85664E-03 
-6.26494E-02 -2.12992E-04 
-6.37682E-02 1.42155E-03 
-6.46511E-02 3.02501E-03 
-6.52266E-02 4.10644E-03 
-6.55515E-02 5.63102E-03 
-6.56012E-02 7.06801E-03 
-6.53656E-02 8.40129E-03 
-6.48329E-02 9.61952E-03 
-6.39775E-02 1.07215E-02 
-6.27145E-02 1.17323E-02 
-6.07327E-02 1.27551E-02 
-5.69590E-02 1.41063E-02 
-4.85885E-02 1.64441E-02 
-3.23920E-02 2.00751E-02 
-1.15914E-02 2.33941E-02 
5.33464E-03 2.44124E-02 
-4.54246E-02 -6.15259E-03 
-4.70145E-02 -5.15327E-03 
-4.56202E-02 -7.24389E-03 
-4.74012E-02 -5.95227E-03 
-4.90894E-02 -4.59975E-03 
-5.06667E-02 -3.20133E-03 
-5.21158E-02 -1.77254E-03 
-5.31388E-02 -6.56358E-04 
-5.34205E-02 -3.29451E-04 
-5.46487E-02 1.22405E-03 
-5.56758E-02 2.75550E-03 
-5.64882E-02 4.24567E-03 
-5.70751E-02 5.67644E-03 
-5.74867E-02 6.67724E-03 
-5.75467E-02 7.96887E-03 
-5.73606E-02 9.15806E-03 
-5.69238E-02 1.02332E-02 
-5.62302E-02 1.11870E-02 
-5.52597E-02 1.20199E-02 
-5.39354E-02 1.27514E-02 
-5.19657E-02 1.34534E-02 
-4.83433E-02 1.43323E-02 
-4.04521E-02 1.57779E-02 
-2.53398E-02 1.78521E-02 
-6.13320E-03 1.93909E-02 
9.24219E-03 1.92373E-02 
-4.09116E-02 -3.80574E-03 
-4.23571E-02 -2.70824E-03 
-4.15153E-02 -4.42285E-03 
-4.30878E-02 -3.07172E-03 
-4.45506E-02 -1.69280E-03 
-4.58888E-02 -3.00465E-04 
-4.70888E-02 1.09087E-03 
-4.79146E-02 2.15757E-03 
-4.81383E-02 2.46676E-03 
-4.90891E-02 3.91685E-03 
-4.98416E-02 5.31579E-03 
-5.03875E-02 6.64794E-03 
-5.07213E-02 7.89911E-03 
-5.09844E-02 8.80572E-03 
-5.08280E-02 9.87322E-03 
-5.04538E-02 1.08297E-02 
-4.98617E-02 1.16676E-02 
-4.90498E-02 1.23831E-02 
-4.80021E-02 1.29781E-02 
-4.66485E-02 1.34671E-02 
-4.47169E-02 1.38961E-02 
-4.12653E-02 1.43818E-02 
-3.38647E-02 1.50973E-02 
-1.98253E-02 1.59170E-02 
-2.15529E-03 1.60488E-02 
1.17744E-02 1.50030E-02 
-3.72995E-02 -1.54812E-03 
-3.86006E-02 -3.87752E-04 
-3.82469E-02 -1.70258E-03 
-3.96124E-02 -3.36741E-04 
-4.08558E-02 1.02691E-03 
-4.19653E-02 2.37521E-03 
-4.29307E-02 3.69539E-03 
-4.35733E-02 4.68967E-03 
-4.37434E-02 4.97501E-03 
-4.44406E-02 6.29591E-03 
-4.49458E-02 7.54259E-03 
-4.52554E-02 8.70311E-03 
-4.53682E-02 9.76716E-03 
-4.54914E-02 1.05635E-02 
-4.51543E-02 1.14134E-02 
-4.46268E-02 1.21488E-02 
-4.39119E-02 1.27657E-02 
-4.30106E-02 1.32631E-02 
-4.19103E-02 1.36442E-02 
-4.05469E-02 1.39191E-02 
-3.86665E-02 1.41128E-02 
-3.53919E-02 1.42689E-02 
-2.84745E-02 1.43889E-02 
-1.54705E-02 1.42056E-02 
7.46230E-04 1.32369E-02 
1.33474E-02 1.15213E-02 
-3.44738E-02 7.07276E-04 
-3.56229E-02 1.88937E-03 
-3.56773E-02 9.62508E-04 
-3.68323E-02 2.29646E-03 
-3.78567E-02 3.60192E-03 
-3.87421E-02 4.86740E-03 
-3.94813E-02 6.08214E-03 
-3.99496E-02 6.98078E-03 
-4.00691E-02 7.23603E-03 
-4.05289E-02 8.40160E-03 
-4.08063E-02 9.47583E-03 
-4.09012E-02 1.04504E-02 
-4.08162E-02 1.13187E-02 
-4.08031E-02 1.19871E-02 
-4.03115E-02 1.26238E-02 
-3.96554E-02 1.31469E-02 
-3.88403E-02 1.35554E-02 
-3.78694E-02 1.38507E-02 
-3.67324E-02 1.40367E-02 
-3.53704E-02 1.41202E-02 
-3.35470E-02 1.41086E-02 
-3.04468E-02 1.39871E-02 
-2.39935E-02 1.36221E-02 
-1.19700E-02 1.26423E-02 
2.89271E-03 1.08213E-02 
1.42859E-02 8.61110E-03 
-3.23122E-02 2.99253E-03 
-3.32942E-02 4.14992E-03 
-3.36663E-02 3.57072E-03 
-3.46023E-02 4.82556E-03 
-3.54036E-02 6.02990E-03 
-3.60644E-02 7.17429E-03 
-3.65807E-02 8.25021E-03 
-3.68795E-02 9.03085E-03 
-3.69502E-02 9.25004E-03 
-3.71833E-02 1.02354E-02 
-3.72462E-02 1.11182E-02 
-3.71421E-02 1.18935E-02 
-3.68766E-02 1.25581E-02 
-3.67292E-02 1.30820E-02 
-3.61029E-02 1.35098E-02 
-3.53371E-02 1.38286E-02 
-3.44390E-02 1.40401E-02 
-3.34130E-02 1.41475E-02 
-3.22508E-02 1.41553E-02 
-3.08979E-02 1.40671E-02 
-2.91341E-02 1.38760E-02 
-2.62024E-02 1.35207E-02 
-2.01879E-02 1.27621E-02 
-9.08096E-03 1.11539E-02 
4.53273E-03 8.67999E-03 
1.48339E-02 6.11369E-03 
-3.06652E-02 5.27788E-03 
-3.14621E-02 6.36076E-03 
-3.20584E-02 6.06696E-03 
-3.27674E-02 7.19682E-03 
-3.33414E-02 8.25926E-03 
-3.37777E-02 9.24705E-03 
-3.40748E-02 1.01540E-02 
-3.42092E-02 1.07971E-02 
-3.42329E-02 1.09751E-02 
-3.42499E-02 1.17596E-02 
-3.41115E-02 1.24363E-02 
-3.38238E-02 1.30033E-02 
-3.33942E-02 1.34607E-02 
-3.31170E-02 1.38284E-02 
-3.23746E-02 1.40548E-02 
-3.15167E-02 1.41804E-02 
-3.05515E-02 1.42088E-02 
-2.94843E-02 1.41446E-02 
-2.83078E-02 1.39925E-02 
-2.69715E-02 1.37534E-02 
-2.52699E-02 1.34086E-02 
-2.25003E-02 1.28597E-02 
-1.68960E-02 1.17858E-02 
-6.63493E-03 9.68885E-03 
5.83910E-03 6.72531E-03 
1.51595E-02 3.91492E-03 
-2.93555E-02 7.50250E-03 
-2.99463E-02 8.46259E-03 
-3.06791E-02 8.38600E-03 
-3.11512E-02 9.34997E-03 
-3.14926E-02 1.02349E-02 
-3.17027E-02 1.10358E-02 
-3.17827E-02 1.17488E-02 
-3.17569E-02 1.22386E-02 
-3.17351E-02 1.23714E-02 
-3.15452E-02 1.29396E-02 
-3.12177E-02 1.34004E-02 
-3.07606E-02 1.37547E-02 
-3.01830E-02 1.40050E-02 
-2.97830E-02 1.42105E-02 
-2.89427E-02 1.42459E-02 
-2.80103E-02 1.41916E-02 
-2.69946E-02 1.40528E-02 
-2.59009E-02 1.38350E-02 
-2.47230E-02 1.35426E-02 
-2.34131E-02 1.31740E-02 
-2.17797E-02 1.27007E-02 
-1.91699E-02 1.19940E-02 
-1.39545E-02 1.06697E-02 
-4.48192E-03 8.19510E-03 
6.94090E-03 4.87068E-03 
1.53674E-02 1.90594E-03 
-2.81983E-02 9.52814E-03 
-2.85716E-02 1.03247E-02 
-2.93649E-02 1.03944E-02 
-2.96009E-02 1.11619E-02 
-2.97144E-02 1.18445E-02 
-2.97070E-02 1.24395E-02 
-2.95818E-02 1.29453E-02 
-2.94067E-02 1.32751E-02 
-2.93430E-02 1.33614E-02 
-2.89644E-02 1.37100E-02 
-2.84682E-02 1.39568E-02 
-2.78636E-02 1.41052E-02 
-2.71606E-02 1.41595E-02 
-2.66529E-02 1.42076E-02 
-2.57375E-02 1.40710E-02 
-2.47525E-02 1.38582E-02 
-2.37064E-02 1.35752E-02 
-2.26047E-02 1.32278E-02 
-2.14410E-02 1.28204E-02 
-2.01705E-02 1.23485E-02 
-1.86135E-02 1.17752E-02 
-1.61633E-02 1.09479E-02 
-1.13157E-02 9.43411E-03 
-2.57320E-03 6.68044E-03 
7.88635E-03 3.10708E-03 
1.55011E-02 6.57568E-05 
-2.70275E-02 1.12379E-02 
-2.71811E-02 1.18421E-02 
-2.79750E-02 1.19960E-02 
-2.79842E-02 1.25494E-02 
-2.78826E-02 1.30174E-02 
-2.76736E-02 1.33994E-02 
-2.73617E-02 1.36957E-02 
-2.70534E-02 1.38669E-02 
-2.69527E-02 1.39076E-02 
-2.64102E-02 1.40441E-02 
-2.57713E-02 1.40890E-02 
-2.50459E-02 1.40473E-02 
-2.42444E-02 1.39248E-02 
-2.36501E-02 1.38290E-02 
-2.26857E-02 1.35454E-02 
-2.16727E-02 1.32006E-02 
-2.06192E-02 1.28008E-02 
-1.95301E-02 1.23521E-02 
-1.83989E-02 1.18577E-02 
-1.71828E-02 1.13108E-02 
-1.57133E-02 1.06675E-02 
-1.34256E-02 9.75596E-03 
-8.93055E-03 8.10767E-03 
-8.70431E-04 5.16046E-03 
8.69844E-03 1.43377E-03 
1.55683E-02 -1.61750E-03 
-2.57066E-02 1.25132E-02 
-2.56506E-02 1.29127E-02 
-2.64039E-02 1.31026E-02 
-2.62065E-02 1.34398E-02 
-2.59129E-02 1.36959E-02 
-2.55278E-02 1.38721E-02 
-2.50567E-02 1.39702E-02 
-2.46373E-02 1.39941E-02 
-2.45061E-02 1.39928E-02 
-2.38314E-02 1.39369E-02 
-2.30821E-02 1.38028E-02 
-2.22681E-02 1.35966E-02 
-2.13995E-02 1.33248E-02 
-2.07448E-02 1.31072E-02 
-1.97599E-02 1.27074E-02 
-1.87455E-02 1.22616E-02 
-1.77090E-02 1.17763E-02 
-1.66543E-02 1.12569E-02 
-1.55747E-02 1.07056E-02 
-1.44290E-02 1.01133E-02 
-1.30589E-02 9.42998E-03 
-1.09384E-02 8.46921E-03 
-6.78433E-03 6.73724E-03 
6.32785E-04 3.67287E-03 
9.37196E-03 -1.23239E-04 
1.55534E-02 -3.12683E-03 
-2.41657E-02 1.32760E-02 
-2.39224E-02 1.34750E-02 
-2.46126E-02 1.36698E-02 
-2.42374E-02 1.38037E-02 
-2.37821E-02 1.38646E-02 
-2.32524E-02 1.38548E-02 
-2.26545E-02 1.37775E-02 
-2.21494E-02 1.36737E-02 
-2.19952E-02 1.36364E-02 
-2.12240E-02 1.34179E-02 
-2.03993E-02 1.31363E-02 
-1.95308E-02 1.27983E-02 
-1.86281E-02 1.24108E-02 
-1.79412E-02 1.20992E-02 
-1.69644E-02 1.16169E-02 
-1.59750E-02 1.11035E-02 
-1.49792E-02 1.05649E-02 
-1.39800E-02 1.00059E-02 
-1.29700E-02 9.42753E-03 
-1.19096E-02 8.81840E-03 
-1.06498E-02 8.12357E-03 
-8.70088E-03 7.14599E-03 
-4.87893E-03 5.37655E-03 
1.92770E-03 2.26358E-03 
9.88858E-03 -1.52801E-03 
1.54304E-02 -4.43496E-03 
-2.23533E-02 1.35044E-02 
-2.19554E-02 1.35212E-02 
-2.25750E-02 1.37038E-02 
-2.20599E-02 1.36589E-02 
-2.14819E-02 1.35518E-02 
-2.08471E-02 1.33858E-02 
-2.01619E-02 1.31646E-02 
-1.96013E-02 1.29583E-02 
-1.94329E-02 1.28926E-02 
-1.86056E-02 1.25476E-02 
-1.77443E-02 1.21552E-02 
-1.68577E-02 1.17221E-02 
-1.59546E-02 1.12550E-02 
-1.52646E-02 1.08799E-02 
-1.43234E-02 1.03492E-02 
-1.33835E-02 9.80083E-03 
-1.24499E-02 9.24003E-03 
-1.15245E-02 8.67065E-03 
-1.05993E-02 8.09242E-03 
-9.63619E-03 7.49202E-03 
-8.49499E-03 6.81077E-03 
-6.72075E-03 5.84487E-03 
-3.22281E-03 4.07895E-03 
3.00100E-03 9.78276E-04 
1.02280E-02 -2.74438E-03 
1.51740E-02 -5.51452E-03 
-2.03203E-02 1.32307E-02 
-1.98101E-02 1.30977E-02 
-2.03673E-02 1.32659E-02 
-1.97565E-02 1.30783E-02 
-1.90985E-02 1.28398E-02 
-1.83994E-02 1.25540E-02 
-1.76654E-02 1.22254E-02 
-1.70777E-02 1.19446E-02 
-1.69030E-02 1.18585E-02 
-1.60569E-02 1.14256E-02 
-1.51935E-02 1.09601E-02 
-1.43208E-02 1.04684E-02 
-1.34462E-02 9.95668E-03 
-1.27782E-02 9.54787E-03 
-1.18948E-02 8.99995E-03 
-1.10234E-02 8.44578E-03 
-1.01680E-02 7.88978E-03 
-9.32936E-03 7.33475E-03 
-8.49886E-03 6.77920E-03 
-7.63976E-03 6.20810E-03 
-6.62069E-03 5.56037E-03 
-5.01963E-03 4.62915E-03 
-1.83400E-03 2.90121E-03 
3.83729E-03 -1.35187E-04 
1.03771E-02 -3.73568E-03 
1.47736E-02 -6.33966E-03 
-1.81109E-02 1.25291E-02 
-1.75277E-02 1.22795E-02 
-1.80320E-02 1.24362E-02 
-1.73626E-02 1.21401E-02 
-1.66607E-02 1.18047E-02 
-1.59321E-02 1.14343E-02 
-1.51829E-02 1.10330E-02 
-1.45930E-02 1.07043E-02 
-1.44193E-02 1.06056E-02 
-1.35865E-02 1.01208E-02 
-1.27508E-02 9.61697E-03 
-1.19190E-02 9.09965E-03 
-1.10971E-02 8.57439E-03 
-1.04720E-02 8.15793E-03 
-9.66406E-03 7.61927E-03 
-8.87620E-03 7.08361E-03 
-8.11123E-03 6.55442E-03 
-7.36869E-03 6.03349E-03 
-6.63964E-03 5.51817E-03 
-5.88884E-03 4.99218E-03 
-4.99364E-03 4.39315E-03 
-3.56441E-03 3.51472E-03 
-6.83802E-04 1.85348E-03 
4.45388E-03 -1.07397E-03 
1.03380E-02 -4.50680E-03 
1.42197E-02 -6.92103E-03 
-1.58248E-02 1.15049E-02 
-1.52066E-02 1.11762E-02 
-1.56705E-02 1.13295E-02 
-1.49793E-02 1.09616E-02 
-1.42683E-02 1.05653E-02 
-1.35434E-02 1.01449E-02 
-1.28103E-02 9.70462E-03 
-1.22409E-02 9.35318E-03 
-1.20744E-02 9.24896E-03 
-1.12832E-02 8.74512E-03 
-1.05000E-02 8.23326E-03 
-9.73033E-03 7.71839E-03 
-8.97914E-03 7.20520E-03 
-8.41200E-03 6.80226E-03 
-7.69057E-03 6.29327E-03 
-6.99438E-03 5.79415E-03 
-6.32516E-03 5.30747E-03 
-5.68160E-03 4.83406E-03 
-5.05445E-03 4.37032E-03 
-4.41020E-03 3.89910E-03 
-3.63489E-03 3.35796E-03 
-2.37041E-03 2.54428E-03 
2.19002E-04 9.71147E-04 
4.85038E-03 -1.81271E-03 
1.01195E-02 -5.04453E-03 
1.35282E-02 -7.25641E-03 
-1.35511E-02 1.02692E-02 
-1.29291E-02 9.89401E-03 
-1.33657E-02 1.00527E-02 
-1.26835E-02 9.64581E-03 
-1.19927E-02 9.22036E-03 
-1.12987E-02 8.78049E-03 
-1.06060E-02 8.33001E-03 
-1.00735E-02 7.97645E-03 
-9.91871E-03 7.87252E-03 
-9.18836E-03 7.37564E-03 
-8.47391E-03 6.87953E-03 
-7.77979E-03 6.38851E-03 
-7.10982E-03 5.90637E-03 
-6.60928E-03 5.53233E-03 
-5.97929E-03 5.06707E-03 
-5.37737E-03 4.61641E-03 
-4.80431E-03 4.18206E-03 
-4.25806E-03 3.76401E-03 
-3.72931E-03 3.35790E-03 
-3.18640E-03 2.94617E-03 
-2.52414E-03 2.46738E-03 
-1.41512E-03 1.72547E-03 
8.98031E-04 2.55683E-04 
5.04993E-03 -2.35844E-03 
9.74284E-03 -5.36533E-03 
1.27186E-02 -7.36926E-03 
-1.13800E-02 8.93553E-03 
-1.07839E-02 8.54431E-03 
-1.12044E-02 8.71496E-03 
-1.05550E-02 8.29520E-03 
-9.90538E-03 7.86519E-03 
-9.25957E-03 7.42851E-03 
-8.62141E-03 6.98836E-03 
-8.13534E-03 6.64752E-03 
-7.99475E-03 6.54807E-03 
-7.33598E-03 6.07696E-03 
-6.69872E-03 5.61347E-03 
-6.08636E-03 5.16103E-03 
-5.50159E-03 4.72254E-03 
-5.07066E-03 4.38724E-03 
-4.53158E-03 3.97399E-03 
-4.02155E-03 3.57816E-03 
-3.54059E-03 3.20071E-03 
-3.08608E-03 2.84094E-03 
-2.64877E-03 2.49395E-03 
-2.19907E-03 2.14217E-03 
-1.64045E-03 1.72612E-03 
-6.75398E-04 1.05864E-03 
1.37860E-03 -2.98378E-04 
5.07993E-03 -2.72514E-03 
9.23685E-03 -5.49261E-03 
1.18195E-02 -7.28965E-03 
-9.37610E-03 7.59447E-03 
-8.81840E-03 7.20633E-03 
-9.22489E-03 7.39136E-03 
-8.62084E-03 6.97879E-03 
-8.02442E-03 6.56301E-03 
-7.43822E-03 6.14653E-03 
-6.86547E-03 5.73253E-03 
-6.43323E-03 5.41571E-03 
-6.30882E-03 5.32384E-03 
-5.72944E-03 4.89205E-03 
-5.17449E-03 4.47239E-03 
-4.64636E-03 4.06744E-03 
-4.14684E-03 3.67931E-03 
-3.78469E-03 3.38729E-03 
-3.33237E-03 3.02902E-03 
-2.90860E-03 2.68953E-03 
-2.51279E-03 2.36917E-03 
-2.14197E-03 2.06667E-03 
-1.78715E-03 1.77681E-03 
-1.42088E-03 1.48237E-03 
-9.55271E-04 1.12655E-03 
-1.21707E-04 5.33023E-04 
1.69105E-03 -7.06424E-04 
4.97116E-03 -2.93522E-03 
8.63175E-03 -5.45630E-03 
1.08594E-02 -7.05213E-03 
-7.57524E-03 6.31528E-03 
-7.07056E-03 5.94649E-03 
-7.46976E-03 6.14681E-03 
-6.92408E-03 5.75593E-03 
-6.38821E-03 5.36585E-03 
-5.86588E-03 4.97991E-03 
-5.35986E-03 4.60056E-03 
-4.98109E-03 4.31307E-03 
-4.87262E-03 4.23018E-03 
-4.37083E-03 3.84355E-03 
-3.89579E-03 3.47265E-03 
-3.44872E-03 3.11916E-03 
-3.03034E-03 2.78427E-03 
-2.73332E-03 2.53732E-03 
-2.36125E-03 2.23416E-03 
-2.01610E-03 1.94982E-03 
-1.69682E-03 1.68417E-03 
-1.40028E-03 1.43557E-03 
-1.11789E-03 1.19869E-03 
-8.24481E-04 9.56952E-04 
-4.40599E-04 6.56914E-04 
2.74656E-04 1.34401E-04 
1.86522E-03 -9.86728E-04 
4.75512E-03 -3.01359E-03 
7.96001E-03 -5.28843E-03 
9.87003E-03 -6.69283E-03 
-6.00423E-03 5.13935E-03 
-5.55743E-03 4.80122E-03 
-5.94695E-03 5.01610E-03 
-5.46219E-03 4.65726E-03 
-4.99123E-03 4.30312E-03 
-4.53599E-03 3.95589E-03 
-4.09851E-03 3.61789E-03 
-3.77351E-03 3.36386E-03 
-3.68083E-03 3.29094E-03 
-3.25439E-03 2.95270E-03 
-2.85419E-03 2.63115E-03 
-2.48111E-03 2.32764E-03 
-2.13565E-03 2.04320E-03 
-1.89631E-03 1.83808E-03 
-1.59492E-03 1.58580E-03 
-1.31841E-03 1.35187E-03 
-1.06539E-03 1.13571E-03 
-8.32636E-04 9.35411E-04 
-6.12049E-04 7.45620E-04 
-3.80716E-04 5.50615E-04 
-6.73128E-05 3.00684E-04 
5.42771E-04 -1.55342E-04 
1.93047E-03 -1.16048E-03 
4.46168E-03 -2.98673E-03 
7.25123E-03 -5.02099E-03 
8.87910E-03 -6.24635E-03 
-4.66262E-03 4.09966E-03 
-4.27575E-03 3.79712E-03 
-4.65479E-03 4.02191E-03 
-4.22987E-03 3.69709E-03 
-3.82024E-03 3.37991E-03 
-3.42789E-03 3.07245E-03 
-3.05417E-03 2.77577E-03 
-2.77902E-03 2.55488E-03 
-2.70098E-03 2.49184E-03 
-2.34432E-03 2.20149E-03 
-2.01335E-03 1.92859E-03 
-1.70815E-03 1.67388E-03 
-1.42848E-03 1.43774E-03 
-1.24037E-03 1.27191E-03 
-1.00095E-03 1.06652E-03 
-7.83897E-04 8.78264E-04 
-5.87616E-04 7.06276E-04 
-4.08892E-04 5.48489E-04 
-2.40229E-04 3.99718E-04 
-6.09717E-05 2.45287E-04 
1.92411E-04 3.95087E-05 
7.09786E-04 -3.55329E-04 
1.91355E-03 -1.24892E-03 
4.11730E-03 -2.87990E-03 
6.53073E-03 -4.68328E-03 
7.90955E-03 -5.74351E-03 
-3.54458E-03 3.20261E-03 
-3.21051E-03 2.93409E-03 
-3.57369E-03 3.16283E-03 
-3.20803E-03 2.87583E-03 
-2.85956E-03 2.59936E-03 
-2.52785E-03 2.33274E-03 
-2.21404E-03 2.07714E-03 
-1.98458E-03 1.88827E-03 
-1.91975E-03 1.83460E-03 
-1.62509E-03 1.58894E-03 
-1.35437E-03 1.36059E-03 
-1.10792E-03 1.15020E-03 
-8.85034E-04 9.57617E-04 
-7.40371E-04 8.26505E-04 
-5.53386E-04 6.62281E-04 
-3.86199E-04 5.13700E-04 
-2.37090E-04 3.79693E-04 
-1.02938E-04 2.58125E-04 
2.31266E-05 1.44063E-04 
1.59572E-04 2.39780E-05 
3.62589E-04 -1.43669E-04 
7.99033E-04 -4.83106E-04 
1.83748E-03 -1.27133E-03 
3.74489E-03 -2.71585E-03 
5.82061E-03 -4.30146E-03 
6.98140E-03 -5.21152E-03 
-2.62949E-03 2.44738E-03 
-2.34687E-03 2.21487E-03 
-2.69030E-03 2.44200E-03 
-2.37695E-03 2.18977E-03 
-2.08112E-03 1.94933E-03 
-1.80252E-03 1.72055E-03 
-1.54192E-03 1.50382E-03 
-1.35339E-03 1.34533E-03 
-1.30044E-03 1.30054E-03 
-1.06146E-03 1.09681E-03 
-8.44134E-04 9.09165E-04 
-6.48439E-04 7.38064E-04 
-4.73860E-04 5.83520E-04 
-3.65700E-04 4.82347E-04 
-2.22868E-04 3.53730E-04 
-9.71834E-05 2.39059E-04 
1.30668E-05 1.37183E-04 
1.10830E-04 4.59859E-05 
2.02328E-04 -3.91559E-05 
3.03927E-04 -1.30566E-04 
4.64948E-04 -2.65621E-04 
8.30964E-04 -5.55294E-04 
1.72133E-03 -1.24502E-03 
3.36161E-03 -2.51354E-03 
5.13525E-03 -3.89594E-03 
6.10583E-03 -4.67053E-03 
-1.89234E-03 1.82245E-03 
-1.65968E-03 1.62687E-03 
-1.98284E-03 1.85032E-03 
-1.71741E-03 1.63241E-03 
-1.46731E-03 1.42456E-03 
-1.23522E-03 1.22915E-03 
-1.02110E-03 1.04661E-03 
-8.67565E-04 9.14472E-04 
-8.24720E-04 8.77418E-04 
-6.32586E-04 7.10069E-04 
-4.60239E-04 5.58031E-04 
-3.07628E-04 4.21655E-04 
-1.73641E-04 3.00315E-04 
-9.53148E-05 2.24561E-04 
1.14351E-05 1.26032E-04 
1.03526E-04 3.96966E-05 
1.82626E-04 -3.56302E-05 
2.51479E-04 -1.01993E-04 
3.15662E-04 -1.63650E-04 
3.89574E-04 -2.31699E-04 
5.16235E-04 -3.39474E-04 
8.21922E-04 -5.85291E-04 
1.58179E-03 -1.18492E-03 
2.98531E-03 -2.29116E-03 
4.49324E-03 -3.48810E-03 
5.30058E-03 -4.14293E-03 
-1.29822E-03 1.30541E-03 
-1.10783E-03 1.14218E-03 
-1.40693E-03 1.35635E-03 
-1.18541E-03 1.17036E-03 
-9.79182E-04 9.95146E-04 
-7.89528E-04 8.32622E-04 
-6.16527E-04 6.83036E-04 
-4.93199E-04 5.75066E-04 
-4.58962E-04 5.44855E-04 
-3.07344E-04 4.09875E-04 
-1.73882E-04 2.89332E-04 
-5.74592E-05 1.82566E-04 
4.28972E-05 8.90878E-05 
9.69639E-05 3.42479E-05 
1.74147E-04 -3.92437E-05 
2.38953E-04 -1.02152E-04 
2.92993E-04 -1.55689E-04 
3.38804E-04 -2.01820E-04 
3.81334E-04 -2.44430E-04 
4.33132E-04 -2.93414E-04 
5.31400E-04 -3.78190E-04 
7.84753E-04 -5.84986E-04 
1.42828E-03 -1.10161E-03 
2.61969E-03 -2.05731E-03 
3.89134E-03 -3.08391E-03 
4.55703E-03 -3.63204E-03 
-8.29621E-04 8.87102E-04 
-6.74420E-04 7.51081E-04 
-9.51129E-04 9.55924E-04 
-7.69738E-04 8.01001E-04 
-6.01706E-04 6.56088E-04 
-4.48606E-04 5.22214E-04 
-3.10535E-04 3.99477E-04 
-2.13937E-04 3.12512E-04 
-1.87337E-04 2.88435E-04 
-7.05034E-05 1.82022E-04 
3.10011E-05 8.82295E-05 
1.17930E-04 6.55851E-06 
1.91017E-04 -6.33764E-05 
2.25840E-04 -1.00849E-04 
2.79270E-04 -1.53500E-04 
3.22489E-04 -1.97262E-04 
3.56999E-04 -2.33288E-04 
3.85030E-04 -2.63342E-04 
4.10919E-04 -2.90902E-04 
4.45516E-04 -3.24695E-04 
5.20756E-04 -3.90445E-04 
7.29378E-04 -5.63094E-04 
1.27079E-03 -1.00467E-03 
2.27519E-03 -1.82349E-03 
3.34009E-03 -2.69667E-03 
3.88484E-03 -3.15148E-03 
-4.71996E-04 5.58991E-04 
-3.47056E-04 4.47443E-04 
-5.94592E-04 6.35156E-04 
-4.46657E-04 5.06232E-04 
-3.12515E-04 3.87759E-04 
-1.91278E-04 2.79531E-04 
-8.40216E-05 1.82786E-04 
-9.75448E-06 1.15114E-04 
1.05743E-05 9.64248E-05 
9.89861E-05 1.40733E-05 
1.74160E-04 -5.74035E-05 
2.36560E-04 -1.18022E-04 
2.87156E-04 -1.68380E-04 
3.06691E-04 -1.91929E-04 
3.41378E-04 -2.27889E-04 
3.67719E-04 -2.56392E-04 
3.87079E-04 -2.78526E-04 
4.01491E-04 -2.95956E-04 
4.14728E-04 -3.11781E-04 
4.36090E-04 -3.33620E-04 
4.92759E-04 -3.83748E-04 
6.63304E-04 -5.26699E-04 
1.11556E-03 -9.00992E-04 
1.95609E-03 -1.59651E-03 
2.84120E-03 -2.33276E-03 
3.28334E-03 -2.70666E-03 
-1.98342E-04 3.00995E-04 
-1.03113E-04 2.13889E-04 
-3.22858E-04 3.83934E-04 
-2.01555E-04 2.76613E-04 
-9.54434E-05 1.81414E-04 
-2.43104E-06 9.68061E-05 
7.92443E-05 2.12981E-05 
1.34352E-04 -3.05184E-05 
1.49193E-04 -4.46197E-05 
2.12953E-04 -1.05808E-04 
2.65812E-04 -1.57615E-04 
3.08677E-04 -2.00810E-04 
3.41968E-04 -2.35555E-04 
3.50186E-04 -2.48332E-04 
3.70502E-04 -2.71073E-04 
3.84074E-04 -2.87665E-04 
3.92172E-04 -2.99147E-04 
3.96586E-04 -3.07015E-04 
4.00564E-04 -3.13987E-04 
4.12013E-04 -3.26650E-04 
4.53887E-04 -3.64111E-04 
5.92212E-04 -4.81428E-04 
9.67098E-04 -7.95918E-04 
1.66498E-03 -1.38141E-03 
2.39478E-03 -1.99658E-03 
2.75045E-03 -2.30094E-03 
8.06112E-06 1.00916E-04 
7.46806E-05 3.77176E-05 
-1.22761E-04 1.93797E-04 
-2.47879E-05 1.05726E-04 
5.94325E-05 2.84889E-05 
1.30935E-04 -3.82248E-05 
1.91007E-04 -9.50476E-05 
2.30633E-04 -1.33169E-04 
2.41226E-04 -1.43482E-04 
2.86098E-04 -1.87932E-04 
3.21975E-04 -2.24689E-04 
3.49166E-04 -2.53713E-04 
3.68316E-04 -2.75437E-04 
3.67607E-04 -2.79484E-04 
3.76613E-04 -2.91552E-04 
3.80406E-04 -2.98750E-04 
3.80112E-04 -3.02032E-04 
3.77257E-04 -3.02699E-04 
3.74590E-04 -3.03089E-04 
3.78748E-04 -3.08817E-04 
4.08932E-04 -3.36099E-04 
5.20140E-04 -4.31439E-04 
8.28321E-04 -6.93229E-04 
1.40289E-03 -1.18145E-03 
1.99945E-03 -1.69054E-03 
2.28283E-03 -1.93569E-03 
1.54220E-04 -4.66872E-05 
2.03397E-04 -9.46470E-05 
2.46526E-05 4.93506E-05 
9.78651E-05 -1.77179E-05 
1.61761E-04 -7.73740E-05 
2.15711E-04 -1.28954E-04 
2.60936E-04 -1.72916E-04 
2.88864E-04 -2.00709E-04 
2.95919E-04 -2.07852E-04 
3.25448E-04 -2.38395E-04 
3.47449E-04 -2.62396E-04 
3.62390E-04 -2.80024E-04 
3.70967E-04 -2.91761E-04 
3.64142E-04 -2.89590E-04 
3.65167E-04 -2.93924E-04 
3.62153E-04 -2.94379E-04 
3.56113E-04 -2.91833E-04 
3.48376E-04 -2.87448E-04 
3.41258E-04 -2.83232E-04 
3.40290E-04 -2.83933E-04 
3.61388E-04 -3.03179E-04 
4.49942E-04 -3.79847E-04 
7.01013E-04 -5.95610E-04 
1.16974E-03 -9.98643E-04 
1.65288E-03 -1.41566E-03 
1.87630E-03 -1.61088E-03 
2.50404E-04 -1.48995E-04 
2.89724E-04 -1.88001E-04 
1.30033E-04 -5.75879E-05 
1.82518E-04 -1.06893E-04 
2.27595E-04 -1.50025E-04 
2.66168E-04 -1.87725E-04 
2.98081E-04 -2.19772E-04 
3.17389E-04 -2.39845E-04 
3.22142E-04 -2.44937E-04 
3.39817E-04 -2.64759E-04 
3.51008E-04 -2.78646E-04 
3.56988E-04 -2.87692E-04 
3.58036E-04 -2.92069E-04 
3.47134E-04 -2.85475E-04 
3.42367E-04 -2.83955E-04 
3.34572E-04 -2.79449E-04 
3.24697E-04 -2.72796E-04 
3.13857E-04 -2.64986E-04 
3.03964E-04 -2.57700E-04 
2.99564E-04 -2.54899E-04 
3.13711E-04 -2.67897E-04 
3.83486E-04 -3.28842E-04 
5.86041E-04 -5.04786E-04 
9.64669E-04 -8.33936E-04 
1.35202E-03 -1.17182E-03 
1.52618E-03 -1.32539E-03 
3.02958E-04 -2.11354E-04 
3.37799E-04 -2.45819E-04 
2.01753E-04 -1.33438E-04 
2.37986E-04 -1.68774E-04 
2.68365E-04 -1.98832E-04 
2.91533E-04 -2.22753E-04 
3.11967E-04 -2.44424E-04 
3.23759E-04 -2.57543E-04 
3.26623E-04 -2.60845E-04 
3.36107E-04 -2.72807E-04 
3.39520E-04 -2.79215E-04 
3.38588E-04 -2.81520E-04 
3.33961E-04 -2.80192E-04 
3.20269E-04 -2.70385E-04 
3.11639E-04 -2.64776E-04 
3.01006E-04 -2.57105E-04 
2.89018E-04 -2.47951E-04 
2.76588E-04 -2.38140E-04 
2.65286E-04 -2.29077E-04 
2.58819E-04 -2.24033E-04 
2.67780E-04 -2.32298E-04 
3.22135E-04 -2.80144E-04 
4.83821E-04 -4.21983E-04 
7.86402E-04 -6.87708E-04 
1.09358E-03 -9.58279E-04 
1.22767E-03 -1.07749E-03 
3.22211E-04 -2.42117E-04 
3.54751E-04 -2.74152E-04 
2.42931E-04 -1.80930E-04 
2.66336E-04 -2.04808E-04 
2.85462E-04 -2.24880E-04 
2.99537E-04 -2.40436E-04 
3.09867E-04 -2.52653E-04 
3.15408E-04 -2.59905E-04 
3.16548E-04 -2.61583E-04 
3.18966E-04 -2.66789E-04 
3.17340E-04 -2.68197E-04 
3.11908E-04 -2.65880E-04 
3.03441E-04 -2.60527E-04 
2.88301E-04 -2.48804E-04 
2.77281E-04 -2.40483E-04 
2.64988E-04 -2.30765E-04 
2.51952E-04 -2.20139E-04 
2.38926E-04 -2.09301E-04 
2.27162E-04 -1.99387E-04 
2.19622E-04 -1.93043E-04 
2.24788E-04 -1.97790E-04 
2.66575E-04 -2.34816E-04 
3.94087E-04 -3.47696E-04 
6.32969E-04 -5.59463E-04 
8.73565E-04 -7.73305E-04 
9.75366E-04 -8.64476E-04 
3.19908E-04 -2.51395E-04 
3.48339E-04 -2.79392E-04 
2.58920E-04 -2.04262E-04 
2.74296E-04 -2.20829E-04 
2.85201E-04 -2.33476E-04 
2.93259E-04 -2.43429E-04 
2.96958E-04 -2.49333E-04 
2.96463E-04 -2.50808E-04 
2.96093E-04 -2.51027E-04 
2.93201E-04 -2.51012E-04 
2.87042E-04 -2.47826E-04 
2.78444E-04 -2.42148E-04 
2.67912E-04 -2.34414E-04 
2.52830E-04 -2.22237E-04 
2.40993E-04 -2.12724E-04 
2.28319E-04 -2.02215E-04 
2.15317E-04 -1.91194E-04 
2.02585E-04 -1.80227E-04 
1.91135E-04 -1.70247E-04 
1.83321E-04 -1.63384E-04 
1.85857E-04 -1.65655E-04 
2.17616E-04 -1.93945E-04 
3.17092E-04 -2.82731E-04 
5.03621E-04 -4.49517E-04 
6.89981E-04 -6.16514E-04 
7.66307E-04 -6.85300E-04 
3.02840E-04 -2.45331E-04 
3.24348E-04 -2.66936E-04 
2.58300E-04 -2.11184E-04 
2.67595E-04 -2.22083E-04 
2.68489E-04 -2.25473E-04 
2.73381E-04 -2.32298E-04 
2.73303E-04 -2.34573E-04 
2.71170E-04 -2.34327E-04 
2.70006E-04 -2.33744E-04 
2.61937E-04 -2.28570E-04 
2.52600E-04 -2.22045E-04 
2.42386E-04 -2.14451E-04 
2.31097E-04 -2.05603E-04 
2.16629E-04 -1.93560E-04 
2.04717E-04 -1.83593E-04 
1.92383E-04 -1.73026E-04 
1.80047E-04 -1.62265E-04 
1.68183E-04 -1.51770E-04 
1.57570E-04 -1.42275E-04 
1.50041E-04 -1.35456E-04 
1.50824E-04 -1.36047E-04 
1.74580E-04 -1.57288E-04 
2.51014E-04 -2.26017E-04 
3.94440E-04 -3.55281E-04 
5.36555E-04 -4.83586E-04 
5.92800E-04 -5.34535E-04 
2.77677E-04 -2.30004E-04 
2.91116E-04 -2.44157E-04 
2.43747E-04 -2.04140E-04 
2.50819E-04 -2.12734E-04 
2.43650E-04 -2.08587E-04 
2.42939E-04 -2.10040E-04 
2.40005E-04 -2.09369E-04 
2.36701E-04 -2.07873E-04 
2.35460E-04 -2.07162E-04 
2.27931E-04 -2.02141E-04 
2.17315E-04 -1.94051E-04 
2.06648E-04 -1.85698E-04 
1.95216E-04 -1.76362E-04 
1.81720E-04 -1.64853E-04 
1.70313E-04 -1.55021E-04 
1.58816E-04 -1.44913E-04 
1.47549E-04 -1.34852E-04 
1.36885E-04 -1.25204E-04 
1.27412E-04 -1.16536E-04 
1.20528E-04 -1.10142E-04 
1.20236E-04 -1.09681E-04 
1.37742E-04 -1.25363E-04 
1.95615E-04 -1.77742E-04 
3.04262E-04 -2.76365E-04 
4.11016E-04 -3.73391E-04 
4.51797E-04 -4.10471E-04 
2.48754E-04 -2.09612E-04 
2.53634E-04 -2.15755E-04 
2.18250E-04 -1.85852E-04 
2.29315E-04 -1.97661E-04 
2.18020E-04 -1.89509E-04 
2.09729E-04 -1.83912E-04 
2.05558E-04 -1.81788E-04 
2.00919E-04 -1.78791E-04 
1.99551E-04 -1.77902E-04 
1.91802E-04 -1.72389E-04 
1.82620E-04 -1.65349E-04 
1.72011E-04 -1.56754E-04 
1.61138E-04 -1.47640E-04 
1.48919E-04 -1.37011E-04 
1.38428E-04 -1.27768E-04 
1.28128E-04 -1.18531E-04 
1.18231E-04 -1.09520E-04 
1.08999E-04 -1.01004E-04 
1.00864E-04 -9.34070E-05 
9.48669E-05 -8.77092E-05 
9.40167E-05 -8.66860E-05 
1.06733E-04 -9.80699E-05 
1.49866E-04 -1.37327E-04 
2.30838E-04 -2.11298E-04 
3.09735E-04 -2.83425E-04 
3.38819E-04 -3.09924E-04 
2.18511E-04 -1.86553E-04 
2.16791E-04 -1.86491E-04 
1.87598E-04 -1.61648E-04 
2.04257E-04 -1.78217E-04 
1.93675E-04 -1.70397E-04 
1.80084E-04 -1.59776E-04 
1.74307E-04 -1.55992E-04 
1.68853E-04 -1.52049E-04 
1.67071E-04 -1.50715E-04 
1.58564E-04 -1.44241E-04 
1.49695E-04 -1.37239E-04 
1.39570E-04 -1.28813E-04 
1.29418E-04 -1.20119E-04 
1.18810E-04 -1.10779E-04 
1.09640E-04 -1.02576E-04 
1.00770E-04 -9.44888E-05 
9.23805E-05 -8.67171E-05 
8.46695E-05 -7.94742E-05 
7.79461E-05 -7.30733E-05 
7.29633E-05 -6.82321E-05 
7.19326E-05 -6.70109E-05 
8.10551E-05 -7.51495E-05 
1.12675E-04 -1.04057E-04 
1.71978E-04 -1.58532E-04 
2.29292E-04 -2.11186E-04 
2.49712E-04 -2.29791E-04 
1.88175E-04 -1.62275E-04 
1.82823E-04 -1.58631E-04 
1.56270E-04 -1.35820E-04 
1.74479E-04 -1.53539E-04 
1.70910E-04 -1.51778E-04 
1.54170E-04 -1.38061E-04 
1.46888E-04 -1.32760E-04 
1.41245E-04 -1.28512E-04 
1.39143E-04 -1.26832E-04 
1.28564E-04 -1.18180E-04 
1.19140E-04 -1.10433E-04 
1.09698E-04 -1.02445E-04 
1.00742E-04 -9.46915E-05 
9.17334E-05 -8.66742E-05 
8.39708E-05 -7.96329E-05 
7.66845E-05 -7.28920E-05 
6.99219E-05 -6.65264E-05 
6.37824E-05 -6.06564E-05 
5.84848E-05 -5.55110E-05 
5.45711E-05 -5.16154E-05 
5.36305E-05 -5.04646E-05 
6.01320E-05 -5.62260E-05 
8.29290E-05 -7.71357E-05 
1.25568E-04 -1.16484E-04 
1.66470E-04 -1.54203E-04 
1.80631E-04 -1.67073E-04 
1.58559E-04 -1.37800E-04 
1.52806E-04 -1.33478E-04 
1.27119E-04 -1.11097E-04 
1.43390E-04 -1.26876E-04 
1.47621E-04 -1.31943E-04 
1.32448E-04 -1.19415E-04 
1.21170E-04 -1.10301E-04 
1.14869E-04 -1.05336E-04 
1.13056E-04 -1.03890E-04 
1.03507E-04 -9.60356E-05 
9.26644E-05 -8.67602E-05 
8.35894E-05 -7.89396E-05 
7.57084E-05 -7.20458E-05 
6.82984E-05 -6.53989E-05 
6.20500E-05 -5.96753E-05 
5.62525E-05 -5.42432E-05 
5.09800E-05 -4.92027E-05 
4.63077E-05 -4.46522E-05 
4.23561E-05 -4.07272E-05 
3.94862E-05 -3.77856E-05 
3.88078E-05 -3.68819E-05 
4.34597E-05 -4.09645E-05 
5.96445E-05 -5.58378E-05 
8.97415E-05 -8.37102E-05 
1.18435E-04 -1.10241E-04 
1.28208E-04 -1.19076E-04 
1.31153E-04 -1.14666E-04 
1.26326E-04 -1.10849E-04 
1.02502E-04 -8.98575E-05 
1.12628E-04 -9.98817E-05 
1.23697E-04 -1.10961E-04 
1.12032E-04 -1.01413E-04 
9.75731E-05 -8.92081E-05 
8.90469E-05 -8.20520E-05 
8.66469E-05 -8.00201E-05 
7.76902E-05 -7.25566E-05 
6.95460E-05 -6.56721E-05 
6.14713E-05 -5.86755E-05 
5.49448E-05 -5.29389E-05 
4.88528E-05 -4.74398E-05 
4.37905E-05 -4.27624E-05 
3.92812E-05 -3.84877E-05 
3.53363E-05 -3.46566E-05 
3.19655E-05 -3.13039E-05 
2.92194E-05 -2.84990E-05 
2.73194E-05 -2.64683E-05 
2.70015E-05 -2.59191E-05 
3.04003E-05 -2.88705E-05 
4.17426E-05 -3.92992E-05 
6.25979E-05 -5.86594E-05 
8.24100E-05 -7.70022E-05 
8.92079E-05 -8.31015E-05 
1.07231E-04 -9.42178E-05 
1.02937E-04 -9.05487E-05 
8.24413E-05 -7.23259E-05 
8.57195E-05 -7.59158E-05 
1.00386E-04 -9.01095E-05 
9.33527E-05 -8.46051E-05 
7.61339E-05 -6.96640E-05 
6.62468E-05 -6.11258E-05 
6.36396E-05 -5.88670E-05 
5.43356E-05 -5.09320E-05 
4.84857E-05 -4.61070E-05 
4.27438E-05 -4.11969E-05 
3.73829E-05 -3.64766E-05 
3.25584E-05 -3.21100E-05 
2.86050E-05 -2.84338E-05 
2.53155E-05 -2.52861E-05 
2.25909E-05 -2.25958E-05 
2.03858E-05 -2.03431E-05 
1.87188E-05 -1.85659E-05 
1.77028E-05 -1.73873E-05 
1.77995E-05 -1.72570E-05 
2.04100E-05 -1.95095E-05 
2.83360E-05 -2.67930E-05 
4.26095E-05 -4.00599E-05 
5.61820E-05 -5.26265E-05 
6.10620E-05 -5.69725E-05 
8.70640E-05 -7.68127E-05 
8.27744E-05 -7.28762E-05 
6.63398E-05 -5.80897E-05 
6.37460E-05 -5.61159E-05 
7.84488E-05 -7.02176E-05 
7.77830E-05 -7.03657E-05 
5.71960E-05 -5.21500E-05 
4.89011E-05 -4.49999E-05 
4.71374E-05 -4.35064E-05 
3.79605E-05 -3.55672E-05 
3.22650E-05 -3.07758E-05 
2.70196E-05 -2.62519E-05 
2.26171E-05 -2.23799E-05 
1.89542E-05 -1.90751E-05 
1.61689E-05 -1.64857E-05 
1.40062E-05 -1.44010E-05 
1.23968E-05 -1.27768E-05 
1.12517E-05 -1.15473E-05 
1.05442E-05 -1.07052E-05 
1.03152E-05 -1.03038E-05 
1.08363E-05 -1.06125E-05 
1.29895E-05 -1.24774E-05 
1.85755E-05 -1.76069E-05 
2.82844E-05 -2.66346E-05 
3.75910E-05 -3.52453E-05 
4.12880E-05 -3.85269E-05 
7.04790E-05 -6.24078E-05 
6.59740E-05 -5.80450E-05 
5.35856E-05 -4.67272E-05 
4.76031E-05 -4.14594E-05 
5.77211E-05 -5.12171E-05 
6.44593E-05 -5.80393E-05 
4.33939E-05 -3.92086E-05 
3.35410E-05 -3.05534E-05 
3.23951E-05 -2.96168E-05 
2.75616E-05 -2.56433E-05 
2.02612E-05 -1.92341E-05 
1.51347E-05 -1.47591E-05 
1.12470E-05 -1.13339E-05 
8.46235E-06 -8.84223E-06 
6.59064E-06 -7.11909E-06 
5.35173E-06 -5.91887E-06 
4.66357E-06 -5.18878E-06 
4.39325E-06 -4.82010E-06 
4.47208E-06 -4.76170E-06 
4.89139E-06 -5.01689E-06 
5.79095E-06 -5.72830E-06 
7.69732E-06 -7.40443E-06 
1.17315E-05 -1.11121E-05 
1.83758E-05 -1.72918E-05 
2.48584E-05 -2.32875E-05 
2.78547E-05 -2.59591E-05 
5.73014E-05 -5.09527E-05 
5.27809E-05 -4.63788E-05 
4.32342E-05 -3.74576E-05 
3.65265E-05 -3.13665E-05 
4.02678E-05 -3.51259E-05 
5.37390E-05 -4.80451E-05 
3.64779E-05 -3.25958E-05 
2.31018E-05 -2.05696E-05 
2.15817E-05 -1.92663E-05 
1.89129E-05 -1.72616E-05 
1.30860E-05 -1.21771E-05 
7.15709E-06 -6.88623E-06 
3.23243E-06 -3.38924E-06 
1.01280E-06 -1.41574E-06 
-1.63899E-07 -3.55288E-07 
-6.92817E-07 1.48343E-07 
-7.27597E-07 2.25324E-07 
-3.79472E-07 -3.28873E-08 
2.66401E-07 -5.57158E-07 
1.15792E-06 -1.30711E-06 
2.34230E-06 -2.33524E-06 
4.10819E-06 -3.92238E-06 
7.13119E-06 -6.71241E-06 
1.17709E-05 -1.10339E-05 
1.64252E-05 -1.53454E-05 
1.89973E-05 -1.76670E-05 
4.70803E-05 -4.21166E-05 
4.30037E-05 -3.77727E-05 
3.52009E-05 -3.02911E-05 
2.92860E-05 -2.47777E-05 
2.80870E-05 -2.38381E-05 
4.33918E-05 -3.83973E-05 
3.54313E-05 -3.14752E-05 
1.95481E-05 -1.70353E-05 
1.75042E-05 -1.52281E-05 
1.06933E-05 -9.24161E-06 
5.52136E-06 -4.71675E-06 
1.63752E-06 -1.32557E-06 
-1.69107E-06 1.62937E-06 
-3.35082E-06 3.07343E-06 
-4.10213E-06 3.71889E-06 
-4.22768E-06 3.81780E-06 
-3.86737E-06 3.48759E-06 
-3.14178E-06 2.83145E-06 
-2.16261E-06 1.94726E-06 
-1.00551E-06 9.00490E-07 
3.19964E-07 -3.05097E-07 
1.95436E-06 -1.80741E-06 
4.29474E-06 -3.98481E-06 
7.62651E-06 -7.09965E-06 
1.10853E-05 -1.03187E-05 
1.33456E-05 -1.23916E-05 
3.95965E-05 -3.57546E-05 
3.60701E-05 -3.17507E-05 
2.94656E-05 -2.52407E-05 
2.53428E-05 -2.12605E-05 
2.05093E-05 -1.68436E-05 
3.38148E-05 -2.95131E-05 
3.56777E-05 -3.16312E-05 
2.08414E-05 -1.81120E-05 
1.75367E-05 -1.51113E-05 
6.77503E-06 -5.34508E-06 
6.58847E-07 1.29793E-07 
-1.89034E-06 2.29039E-06 
-3.97577E-06 4.08043E-06 
-5.22156E-06 5.13416E-06 
-5.69863E-06 5.50948E-06 
-5.57621E-06 5.35093E-06 
-5.01649E-06 4.80170E-06 
-4.13563E-06 3.96389E-06 
-3.04757E-06 2.93976E-06 
-1.83285E-06 1.80130E-06 
-5.29090E-07 5.80879E-07 
9.20690E-07 -7.78167E-07 
2.74892E-06 -2.49696E-06 
5.19020E-06 -4.79336E-06 
7.81265E-06 -7.25187E-06 
9.76134E-06 -9.06706E-06 
3.43621E-05 -3.14433E-05 
3.15977E-05 -2.80123E-05 
2.58491E-05 -2.21752E-05 
2.31326E-05 -1.94009E-05 
1.70328E-05 -1.37291E-05 
2.55778E-05 -2.19051E-05 
3.49465E-05 -3.09794E-05 
2.31322E-05 -2.02286E-05 
1.93331E-05 -1.67555E-05 
7.76592E-06 -6.21679E-06 
1.42850E-06 -4.88713E-07 
-1.85187E-06 2.40256E-06 
-3.64960E-06 3.93410E-06 
-4.69685E-06 4.80827E-06 
-5.15695E-06 5.16281E-06 
-5.05306E-06 5.00905E-06 
-4.52559E-06 4.47167E-06 
-3.72279E-06 3.68566E-06 
-2.73967E-06 2.73670E-06 
-1.65970E-06 1.70136E-06 
-5.34729E-07 6.26982E-07 
6.51929E-07 -5.03556E-07 
2.04001E-06 -1.82285E-06 
3.82014E-06 -3.50988E-06 
5.78905E-06 -5.37106E-06 
7.37746E-06 -6.87038E-06 
3.10804E-05 -2.89467E-05 
2.89694E-05 -2.60085E-05 
2.41185E-05 -2.08929E-05 
2.19964E-05 -1.85958E-05 
1.61303E-05 -1.30717E-05 
2.07743E-05 -1.75659E-05 
3.48520E-05 -3.10189E-05 
2.61655E-05 -2.31540E-05 
2.13353E-05 -1.86993E-05 
1.02550E-05 -8.60408E-06 
5.32268E-06 -4.19247E-06 
9.10808E-07 -1.94229E-07 
-1.81316E-06 2.24024E-06 
-3.04525E-06 3.29791E-06 
-3.55670E-06 3.70346E-06 
-3.48273E-06 3.57388E-06 
-3.05225E-06 3.12031E-06 
-2.42059E-06 2.48597E-06 
-1.66940E-06 1.74563E-06 
-8.55775E-07 9.51393E-07 
-1.69747E-08 1.37355E-07 
8.50308E-07 -7.00243E-07 
1.83574E-06 -1.64638E-06 
3.08726E-06 -2.84129E-06 
4.50472E-06 -4.19165E-06 
5.69536E-06 -5.32737E-06 
---
