PdfType: replica
Format: lhagrid1
---
1.00000E-06 1.28121E-06 1.64152E-06 2.10317E-06 2.69463E-06 3.45242E-06 4.42329E-06 5.66715E-06 7.26076E-06 9.30241E-06 1.19180E-05 1.52689E-05 1.95617E-05 2.50609E-05 3.21053E-05 4.11287E-05 5.26863E-05 6.74889E-05 8.64459E-05 1.10720E-04 1.41800E-04 1.81585E-04 2.32503E-04 2.97652E-04 3.80981E-04 4.87518E-04 6.26039E-04 8.00452E-04 1.02297E-03 1.30657E-03 1.66759E-03 2.12729E-03 2.71054E-03 3.44865E-03 4.37927E-03 5.54908E-03 7.01192E-03 8.83064E-03 1.10763E-02 1.38266E-02 1.71641E-02 2.11717E-02 2.59364E-02 3.15062E-02 3.79623E-02 4.53425E-02 5.36750E-02 6.29705E-02 7.32221E-02 8.44039E-02 9.64793E-02 1.09332E-01 1.23067E-01 1.37507E-01 1.52639E-01 1.68416E-01 1.84794E-01 2.01731E-01 2.19016E-01 2.36948E-01 2.55242E-01 2.73927E-01 2.92954E-01 3.12340E-01 3.32036E-01 3.52019E-01 3.72282E-01 3.92772E-01 4.13533E-01 4.34326E-01 4.55495E-01 4.76836E-01 4.98342E-01 5.20006E-01 5.41818E-01 5.63773E-01 5.85861E-01 6.08077E-01 6.30459E-01 6.52800E-01 6.75387E-01 6.98063E-01 7.20830E-01 7.43683E-01 7.66623E-01 7.89636E-01 8.12791E-01 8.35940E-01 8.59175E-01 8.82485E-01 9.05866E-01 9.29311E-01 9.52817E-01 9.76387E-01 1.00000E+00 
1.14018E+00 1.22539E+00 1.32482E+00 1.44156E+00 1.57954E+00 1.74381E+00 1.94091E+00 2.12132E+00 2.17945E+00 2.49622E+00 2.89383E+00 3.39925E+00 4.05063E+00 4.90286E+00 6.03623E+00 7.57063E+00 9.68869E+00 1.26749E+01 1.69835E+01 2.33578E+01 3.30501E+01 4.82334E+01 7.28041E+01 1.13998E+02 1.85779E+02 3.16228E+02 
908 909 
-1.23980E+03 -1.48998E+02 
-1.25158E+03 -1.50222E+02 
-1.26016E+03 -1.51062E+02 
-1.26997E+03 -1.52366E+02 
-1.27998E+03 -1.53724E+02 
-1.29023E+03 -1.55141E+02 
-1.30076E+03 -1.56622E+02 
-1.30911E+03 -1.57815E+02 
-1.31159E+03 -1.58172E+02 
-1.32367E+03 -1.59930E+02 
-1.33623E+03 -1.61781E+02 
-1.34933E+03 -1.63734E+02 
-1.36306E+03 -1.65792E+02 
-1.37668E+03 -1.67436E+02 
-1.39223E+03 -1.69775E+02 
-1.40894E+03 -1.72242E+02 
-1.42699E+03 -1.74830E+02 
-1.44666E+03 -1.77531E+02 
-1.46845E+03 -1.80328E+02 
-1.49366E+03 -1.83185E+02 
-1.52609E+03 -1.86000E+02 
-1.57734E+03 -1.88450E+02 
-1.67538E+03 -1.89700E+02 
-1.84863E+03 -1.88760E+02 
-2.05962E+03 -1.86395E+02 
-2.22575E+03 -1.84742E+02 
-9.96629E+02 -1.16231E+02 
-1.00607E+03 -1.17179E+02 
-1.01296E+03 -1.17803E+02 
-1.02085E+03 -1.18831E+02 
-1.02892E+03 -1.19900E+02 
-1.03719E+03 -1.21015E+02 
-1.04569E+03 -1.22180E+02 
-1.05243E+03 -1.23118E+02 
-1.05444E+03 -1.23398E+02 
-1.06420E+03 -1.24777E+02 
-1.07435E+03 -1.26227E+02 
-1.08496E+03 -1.27753E+02 
-1.09608E+03 -1.29356E+02 
-1.10706E+03 -1.30598E+02 
-1.11968E+03 -1.32397E+02 
-1.13323E+03 -1.34283E+02 
-1.14787E+03 -1.36249E+02 
-1.16381E+03 -1.38282E+02 
-1.18145E+03 -1.40363E+02 
-1.20181E+03 -1.42447E+02 
-1.22787E+03 -1.44409E+02 
-1.26877E+03 -1.45852E+02 
-1.34647E+03 -1.45768E+02 
-1.48333E+03 -1.42985E+02 
-1.64988E+03 -1.38508E+02 
-1.78116E+03 -1.35033E+02 
-8.00629E+02 -9.04741E+01 
-8.08184E+02 -9.12093E+01 
-8.13707E+02 -9.16713E+01 
-8.20062E+02 -9.24807E+01 
-8.26562E+02 -9.33225E+01 
-8.33226E+02 -9.41997E+01 
-8.40075E+02 -9.51151E+01 
-8.45519E+02 -9.58514E+01 
-8.47137E+02 -9.60714E+01 
-8.55021E+02 -9.71514E+01 
-8.63227E+02 -9.82845E+01 
-8.71801E+02 -9.94725E+01 
-8.80796E+02 -1.00716E+02 
-8.89646E+02 -1.01648E+02 
-8.99865E+02 -1.03023E+02 
-9.10846E+02 -1.04454E+02 
-9.22701E+02 -1.05934E+02 
-9.35599E+02 -1.07449E+02 
-9.49859E+02 -1.08977E+02 
-9.66270E+02 -1.10470E+02 
-9.87177E+02 -1.11790E+02 
-1.01974E+03 -1.12506E+02 
-1.08118E+03 -1.11527E+02 
-1.18901E+03 -1.07596E+02 
-1.32014E+03 -1.01843E+02 
-1.42359E+03 -9.72544E+01 
-6.42731E+02 -7.02847E+01 
-6.48775E+02 -7.08533E+01 
-6.53193E+02 -7.11933E+01 
-6.58306E+02 -7.18299E+01 
-6.63539E+02 -7.24915E+01 
-6.68906E+02 -7.31802E+01 
-6.74427E+02 -7.38978E+01 
-6.78818E+02 -7.44740E+01 
-6.80123E+02 -7.46461E+01 
-6.86486E+02 -7.54891E+01 
-6.93113E+02 -7.63708E+01 
-7.00041E+02 -7.72918E+01 
-7.07312E+02 -7.82517E+01 
-7.14432E+02 -7.89433E+01 
-7.22702E+02 -7.99857E+01 
-7.31586E+02 -8.10620E+01 
-7.41173E+02 -8.21633E+01 
-7.51594E+02 -8.32766E+01 
-7.63099E+02 -8.43796E+01 
-7.76305E+02 -8.54229E+01 
-7.93044E+02 -8.62657E+01 
-8.18914E+02 -8.64670E+01 
-8.67376E+02 -8.49137E+01 
-9.52121E+02 -8.03339E+01 
-1.05507E+03 -7.39040E+01 
-1.13635E+03 -6.87124E+01 
-5.15614E+02 -5.44901E+01 
-5.20447E+02 -5.49283E+01 
-5.23977E+02 -5.51765E+01 
-5.28089E+02 -5.56759E+01 
-5.32299E+02 -5.61944E+01 
-5.36621E+02 -5.67332E+01 
-5.41069E+02 -5.72937E+01 
-5.44608E+02 -5.77428E+01 
-5.45660E+02 -5.78768E+01 
-5.50793E+02 -5.85318E+01 
-5.56141E+02 -5.92144E+01 
-5.61735E+02 -5.99243E+01 
-5.67608E+02 -6.06601E+01 
-5.73329E+02 -6.11670E+01 
-5.80013E+02 -6.19493E+01 
-5.87192E+02 -6.27489E+01 
-5.94933E+02 -6.35572E+01 
-6.03340E+02 -6.43615E+01 
-6.12606E+02 -6.51399E+01 
-6.23213E+02 -6.58443E+01 
-6.36589E+02 -6.63360E+01 
-6.57095E+02 -6.61818E+01 
-6.95221E+02 -6.42895E+01 
-7.61629E+02 -5.94163E+01 
-8.42207E+02 -5.27349E+01 
-9.05861E+02 -4.73053E+01 
-4.13346E+02 -4.21512E+01 
-4.17209E+02 -4.24873E+01 
-4.20024E+02 -4.26671E+01 
-4.23330E+02 -4.30575E+01 
-4.26717E+02 -4.34622E+01 
-4.30196E+02 -4.38821E+01 
-4.33778E+02 -4.43178E+01 
-4.36629E+02 -4.46662E+01 
-4.37477E+02 -4.47700E+01 
-4.41615E+02 -4.52761E+01 
-4.45928E+02 -4.58014E+01 
-4.50441E+02 -4.63447E+01 
-4.55181E+02 -4.69044E+01 
-4.59771E+02 -4.72700E+01 
-4.65167E+02 -4.78498E+01 
-4.70959E+02 -4.84354E+01 
-4.77200E+02 -4.90183E+01 
-4.83970E+02 -4.95865E+01 
-4.91419E+02 -5.01195E+01 
-4.99921E+02 -5.05713E+01 
-5.10585E+02 -5.08094E+01 
-5.26799E+02 -5.04194E+01 
-5.56709E+02 -4.83580E+01 
-6.08582E+02 -4.34418E+01 
-6.71440E+02 -3.68051E+01 
-7.21110E+02 -3.13929E+01 
-3.31131E+02 -3.25247E+01 
-3.34217E+02 -3.27810E+01 
-3.36459E+02 -3.29105E+01 
-3.39116E+02 -3.32145E+01 
-3.41839E+02 -3.35291E+01 
-3.44637E+02 -3.38547E+01 
-3.47521E+02 -3.41918E+01 
-3.49816E+02 -3.44606E+01 
-3.50499E+02 -3.45405E+01 
-3.53833E+02 -3.49292E+01 
-3.57309E+02 -3.53305E+01 
-3.60947E+02 -3.57431E+01 
-3.64768E+02 -3.61649E+01 
-3.68445E+02 -3.64235E+01 
-3.72795E+02 -3.68469E+01 
-3.77461E+02 -3.72680E+01 
-3.82485E+02 -3.76790E+01 
-3.87926E+02 -3.80688E+01 
-3.93903E+02 -3.84182E+01 
-4.00703E+02 -3.86846E+01 
-4.09184E+02 -3.87438E+01 
-4.21970E+02 -3.82073E+01 
-4.45359E+02 -3.60979E+01 
-4.85736E+02 -3.13108E+01 
-5.34585E+02 -2.49193E+01 
-5.73188E+02 -1.96983E+01 
-2.65085E+02 -2.50248E+01 
-2.67548E+02 -2.52189E+01 
-2.69330E+02 -2.53123E+01 
-2.71464E+02 -2.55479E+01 
-2.73653E+02 -2.57913E+01 
-2.75903E+02 -2.60426E+01 
-2.78222E+02 -2.63019E+01 
-2.80069E+02 -2.65080E+01 
-2.80619E+02 -2.65692E+01 
-2.83302E+02 -2.68657E+01 
-2.86101E+02 -2.71699E+01 
-2.89031E+02 -2.74805E+01 
-2.92108E+02 -2.77951E+01 
-2.95049E+02 -2.79734E+01 
-2.98551E+02 -2.82770E+01 
-3.02303E+02 -2.85729E+01 
-3.06339E+02 -2.88541E+01 
-3.10704E+02 -2.91105E+01 
-3.15488E+02 -2.93248E+01 
-3.20914E+02 -2.94577E+01 
-3.27642E+02 -2.93947E+01 
-3.37693E+02 -2.87774E+01 
-3.55918E+02 -2.67046E+01 
-3.87221E+02 -2.21603E+01 
-4.25021E+02 -1.61439E+01 
-4.54886E+02 -1.12268E+01 
-2.12063E+02 -1.91912E+01 
-2.14028E+02 -1.93372E+01 
-2.15442E+02 -1.94052E+01 
-2.17155E+02 -1.95870E+01 
-2.18913E+02 -1.97744E+01 
-2.20720E+02 -1.99673E+01 
-2.22585E+02 -2.01656E+01 
-2.24070E+02 -2.03226E+01 
-2.24512E+02 -2.03691E+01 
-2.26670E+02 -2.05936E+01 
-2.28921E+02 -2.08223E+01 
-2.31278E+02 -2.10537E+01 
-2.33753E+02 -2.12855E+01 
-2.36102E+02 -2.14044E+01 
-2.38915E+02 -2.16170E+01 
-2.41927E+02 -2.18187E+01 
-2.45162E+02 -2.20032E+01 
-2.48656E+02 -2.21614E+01 
-2.52477E+02 -2.22779E+01 
-2.56795E+02 -2.23169E+01 
-2.62117E+02 -2.21745E+01 
-2.69992E+02 -2.15239E+01 
-2.84135E+02 -1.95446E+01 
-3.08295E+02 -1.53138E+01 
-3.37402E+02 -9.74964E+00 
-3.60387E+02 -5.20391E+00 
-1.69526E+02 -1.46630E+01 
-1.71093E+02 -1.47719E+01 
-1.72212E+02 -1.48226E+01 
-1.73586E+02 -1.49623E+01 
-1.74997E+02 -1.51058E+01 
-1.76448E+02 -1.52530E+01 
-1.77945E+02 -1.54038E+01 
-1.79139E+02 -1.55226E+01 
-1.79494E+02 -1.55576E+01 
-1.81228E+02 -1.57262E+01 
-1.83037E+02 -1.58964E+01 
-1.84930E+02 -1.60668E+01 
-1.86918E+02 -1.62352E+01 
-1.88789E+02 -1.63108E+01 
-1.91046E+02 -1.64550E+01 
-1.93459E+02 -1.65867E+01 
-1.96047E+02 -1.67002E+01 
-1.98837E+02 -1.67875E+01 
-2.01880E+02 -1.68347E+01 
-2.05307E+02 -1.68101E+01 
-2.09503E+02 -1.66199E+01 
-2.15650E+02 -1.59695E+01 
-2.26577E+02 -1.41197E+01 
-2.45125E+02 -1.02411E+01 
-2.67413E+02 -5.16819E+00 
-2.84998E+02 -1.02789E+00 
-1.35424E+02 -1.11565E+01 
-1.36672E+02 -1.12370E+01 
-1.37555E+02 -1.12765E+01 
-1.38657E+02 -1.13833E+01 
-1.39788E+02 -1.14927E+01 
-1.40953E+02 -1.16044E+01 
-1.42154E+02 -1.17182E+01 
-1.43112E+02 -1.18074E+01 
-1.43396E+02 -1.18336E+01 
-1.44788E+02 -1.19590E+01 
-1.46240E+02 -1.20844E+01 
-1.47759E+02 -1.22081E+01 
-1.49353E+02 -1.23283E+01 
-1.50841E+02 -1.23729E+01 
-1.52647E+02 -1.24665E+01 
-1.54576E+02 -1.25469E+01 
-1.56642E+02 -1.26091E+01 
-1.58864E+02 -1.26462E+01 
-1.61281E+02 -1.26460E+01 
-1.63992E+02 -1.25803E+01 
-1.67290E+02 -1.23653E+01 
-1.72068E+02 -1.17381E+01 
-1.80465E+02 -1.00383E+01 
-1.94620E+02 -6.52747E+00 
-2.11576E+02 -1.95690E+00 
-2.24937E+02 1.76786E+00 
-1.08100E+02 -8.44912E+00 
-1.09093E+02 -8.50804E+00 
-1.09789E+02 -8.54079E+00 
-1.10672E+02 -8.62200E+00 
-1.11578E+02 -8.70482E+00 
-1.12511E+02 -8.78903E+00 
-1.13474E+02 -8.87430E+00 
-1.14242E+02 -8.94068E+00 
-1.14470E+02 -8.96011E+00 
-1.15586E+02 -9.05247E+00 
-1.16749E+02 -9.14355E+00 
-1.17966E+02 -9.23192E+00 
-1.19243E+02 -9.31577E+00 
-1.20424E+02 -9.33874E+00 
-1.21866E+02 -9.39536E+00 
-1.23404E+02 -9.43888E+00 
-1.25048E+02 -9.46503E+00 
-1.26813E+02 -9.46774E+00 
-1.28728E+02 -9.43637E+00 
-1.30866E+02 -9.34607E+00 
-1.33448E+02 -9.12281E+00 
-1.37144E+02 -8.53341E+00 
-1.43559E+02 -6.99289E+00 
-1.54285E+02 -3.84881E+00 
-1.67086E+02 2.27841E-01 
-1.77156E+02 3.54382E+00 
-8.62219E+01 -6.36583E+00 
-8.70118E+01 -6.40844E+00 
-8.75579E+01 -6.43756E+00 
-8.82646E+01 -6.49894E+00 
-8.89904E+01 -6.56127E+00 
-8.97376E+01 -6.62428E+00 
-9.05086E+01 -6.68763E+00 
-9.11232E+01 -6.73656E+00 
-9.13061E+01 -6.75081E+00 
-9.21991E+01 -6.81797E+00 
-9.31303E+01 -6.88310E+00 
-9.41039E+01 -6.94488E+00 
-9.51243E+01 -7.00168E+00 
-9.60590E+01 -7.00992E+00 
-9.72082E+01 -7.04006E+00 
-9.84319E+01 -7.05770E+00 
-9.97371E+01 -7.05917E+00 
-1.01135E+02 -7.03925E+00 
-1.02646E+02 -6.98873E+00 
-1.04326E+02 -6.88587E+00 
-1.06339E+02 -6.66564E+00 
-1.09184E+02 -6.12276E+00 
-1.14050E+02 -4.74263E+00 
-1.22111E+02 -1.95284E+00 
-1.31688E+02 1.65160E+00 
-1.39205E+02 4.57696E+00 
-6.87161E+01 -4.76908E+00 
-6.93435E+01 -4.79946E+00 
-6.97712E+01 -4.82704E+00 
-7.03364E+01 -4.87313E+00 
-7.09170E+01 -4.91968E+00 
-7.15146E+01 -4.96643E+00 
-7.21312E+01 -5.01303E+00 
-7.26227E+01 -5.04867E+00 
-7.27690E+01 -5.05898E+00 
-7.34829E+01 -5.10707E+00 
-7.42271E+01 -5.15271E+00 
-7.50046E+01 -5.19470E+00 
-7.58188E+01 -5.23160E+00 
-7.65570E+01 -5.23021E+00 
-7.74704E+01 -5.24184E+00 
-7.84412E+01 -5.24186E+00 
-7.94744E+01 -5.22717E+00 
-8.05778E+01 -5.19330E+00 
-8.17671E+01 -5.13233E+00 
-8.30823E+01 -5.02538E+00 
-8.46442E+01 -4.81564E+00 
-8.68202E+01 -4.32358E+00 
-9.04818E+01 -3.09928E+00 
-9.64805E+01 -6.43772E-01 
-1.03567E+02 2.51866E+00 
-1.09114E+02 5.07884E+00 
-5.47182E+01 -3.55069E+00 
-5.52160E+01 -3.57196E+00 
-5.55502E+01 -3.59931E+00 
-5.60018E+01 -3.63362E+00 
-5.64657E+01 -3.66807E+00 
-5.69432E+01 -3.70241E+00 
-5.74359E+01 -3.73627E+00 
-5.78284E+01 -3.76185E+00 
-5.79452E+01 -3.76919E+00 
-5.85152E+01 -3.80297E+00 
-5.91090E+01 -3.83411E+00 
-5.97288E+01 -3.86152E+00 
-6.03772E+01 -3.88397E+00 
-6.09587E+01 -3.87666E+00 
-6.16829E+01 -3.87574E+00 
-6.24509E+01 -3.86430E+00 
-6.32662E+01 -3.83970E+00 
-6.41344E+01 -3.79816E+00 
-6.50667E+01 -3.73292E+00 
-6.60919E+01 -3.62765E+00 
-6.72980E+01 -3.43302E+00 
-6.89510E+01 -2.99289E+00 
-7.16796E+01 -1.91614E+00 
-7.60898E+01 2.29674E-01 
-8.12640E+01 2.98523E+00 
-8.52982E+01 5.20981E+00 
-4.35333E+01 -2.62564E+00 
-4.39279E+01 -2.64018E+00 
-4.41884E+01 -2.66800E+00 
-4.45489E+01 -2.69328E+00 
-4.49193E+01 -2.71850E+00 
-4.53004E+01 -2.74339E+00 
-4.56935E+01 -2.76762E+00 
-4.60067E+01 -2.78564E+00 
-4.60998E+01 -2.79076E+00 
-4.65542E+01 -2.81387E+00 
-4.70272E+01 -2.83432E+00 
-4.75204E+01 -2.85115E+00 
-4.80357E+01 -2.86329E+00 
-4.84927E+01 -2.85267E+00 
-4.90652E+01 -2.84364E+00 
-4.96709E+01 -2.82524E+00 
-5.03122E+01 -2.79525E+00 
-5.09929E+01 -2.75051E+00 
-5.17207E+01 -2.68523E+00 
-5.25164E+01 -2.58540E+00 
-5.34424E+01 -2.40840E+00 
-5.46882E+01 -2.01912E+00 
-5.66978E+01 -1.07934E+00 
-5.98918E+01 7.83754E-01 
-6.36059E+01 3.16982E+00 
-6.64875E+01 5.09027E+00 
-3.46030E+01 -1.92721E+00 
-3.49154E+01 -1.93683E+00 
-3.51181E+01 -1.96541E+00 
-3.54057E+01 -1.98378E+00 
-3.57010E+01 -2.00196E+00 
-3.60049E+01 -2.01971E+00 
-3.63182E+01 -2.03669E+00 
-3.65677E+01 -2.04907E+00 
-3.66419E+01 -2.05253E+00 
-3.70036E+01 -2.06778E+00 
-3.73798E+01 -2.08045E+00 
-3.77715E+01 -2.08972E+00 
-3.81802E+01 -2.09467E+00 
-3.85383E+01 -2.08256E+00 
-3.89896E+01 -2.06865E+00 
-3.94658E+01 -2.04653E+00 
-3.99684E+01 -2.01436E+00 
-4.05000E+01 -1.96946E+00 
-4.10658E+01 -1.90695E+00 
-4.16802E+01 -1.81484E+00 
-4.23868E+01 -1.65647E+00 
-4.33169E+01 -1.31551E+00 
-4.47757E+01 -5.00874E-01 
-4.70448E+01 1.10723E+00 
-4.96523E+01 3.16156E+00 
-5.16621E+01 4.80959E+00 
-2.74784E+01 -1.40315E+00 
-2.77255E+01 -1.40920E+00 
-2.78832E+01 -1.43849E+00 
-2.81124E+01 -1.45160E+00 
-2.83477E+01 -1.46445E+00 
-2.85897E+01 -1.47681E+00 
-2.88391E+01 -1.48839E+00 
-2.90376E+01 -1.49659E+00 
-2.90966E+01 -1.49883E+00 
-2.93841E+01 -1.50834E+00 
-2.96827E+01 -1.51543E+00 
-2.99932E+01 -1.51942E+00 
-3.03166E+01 -1.51951E+00 
-3.05964E+01 -1.50711E+00 
-3.09511E+01 -1.49067E+00 
-3.13241E+01 -1.46712E+00 
-3.17166E+01 -1.43494E+00 
-3.21300E+01 -1.39191E+00 
-3.25678E+01 -1.33390E+00 
-3.30397E+01 -1.25071E+00 
-3.35751E+01 -1.11094E+00 
-3.42618E+01 -8.14860E-01 
-3.53013E+01 -1.13098E-01 
-3.68725E+01 1.26739E+00 
-3.86486E+01 3.02675E+00 
-4.00050E+01 4.43317E+00 
-2.17994E+01 -1.01260E+00 
-2.19946E+01 -1.01610E+00 
-2.21173E+01 -1.04586E+00 
-2.22998E+01 -1.05498E+00 
-2.24871E+01 -1.06381E+00 
-2.26796E+01 -1.07214E+00 
-2.28779E+01 -1.07971E+00 
-2.30356E+01 -1.08485E+00 
-2.30824E+01 -1.08621E+00 
-2.33106E+01 -1.09159E+00 
-2.35472E+01 -1.09477E+00 
-2.37928E+01 -1.09517E+00 
-2.40481E+01 -1.09213E+00 
-2.42662E+01 -1.08022E+00 
-2.45439E+01 -1.06286E+00 
-2.48351E+01 -1.03945E+00 
-2.51403E+01 -1.00871E+00 
-2.54604E+01 -9.68796E-01 
-2.57974E+01 -9.16250E-01 
-2.61577E+01 -8.42403E-01 
-2.65600E+01 -7.20489E-01 
-2.70601E+01 -4.65372E-01 
-2.77831E+01 1.35692E-01 
-2.88326E+01 1.31480E+00 
-2.99903E+01 2.81406E+00 
-3.08624E+01 4.00808E+00 
-1.72769E+01 -7.23755E-01 
-1.74309E+01 -7.25469E-01 
-1.75267E+01 -7.55319E-01 
-1.76718E+01 -7.61419E-01 
-1.78207E+01 -7.67239E-01 
-1.79737E+01 -7.72584E-01 
-1.81312E+01 -7.77217E-01 
-1.82562E+01 -7.80143E-01 
-1.82934E+01 -7.80867E-01 
-1.84741E+01 -7.83339E-01 
-1.86612E+01 -7.83859E-01 
-1.88551E+01 -7.81931E-01 
-1.90561E+01 -7.77004E-01 
-1.92256E+01 -7.66047E-01 
-1.94423E+01 -7.48902E-01 
-1.96687E+01 -7.26644E-01 
-1.99050E+01 -6.98231E-01 
-2.01515E+01 -6.62132E-01 
-2.04096E+01 -6.15451E-01 
-2.06828E+01 -5.50858E-01 
-2.09823E+01 -4.45618E-01 
-2.13404E+01 -2.27338E-01 
-2.18266E+01 2.84736E-01 
-2.24904E+01 1.28706E+00 
-2.31940E+01 2.55870E+00 
-2.37119E+01 3.56740E+00 
-1.36786E+01 -5.11902E-01 
-1.38000E+01 -5.12385E-01 
-1.38751E+01 -5.41887E-01 
-1.39905E+01 -5.45728E-01 
-1.41087E+01 -5.49313E-01 
-1.42301E+01 -5.52467E-01 
-1.43550E+01 -5.54982E-01 
-1.44540E+01 -5.56341E-01 
-1.44834E+01 -5.56622E-01 
-1.46263E+01 -5.57103E-01 
-1.47740E+01 -5.55883E-01 
-1.49267E+01 -5.52549E-01 
-1.50845E+01 -5.46647E-01 
-1.52158E+01 -5.36886E-01 
-1.53842E+01 -5.20679E-01 
-1.55595E+01 -5.00203E-01 
-1.57415E+01 -4.74603E-01 
-1.59305E+01 -4.42615E-01 
-1.61268E+01 -4.01820E-01 
-1.63324E+01 -3.46041E-01 
-1.65529E+01 -2.56037E-01 
-1.68038E+01 -7.04843E-02 
-1.71148E+01 3.63590E-01 
-1.74975E+01 1.21179E+00 
-1.78727E+01 2.28555E+00 
-1.81357E+01 3.13369E+00 
-1.08189E+01 -3.57959E-01 
-1.09144E+01 -3.57626E-01 
-1.09737E+01 -3.86317E-01 
-1.10653E+01 -3.88488E-01 
-1.11591E+01 -3.90439E-01 
-1.12554E+01 -3.92014E-01 
-1.13542E+01 -3.93036E-01 
-1.14325E+01 -3.93318E-01 
-1.14557E+01 -3.93300E-01 
-1.15685E+01 -3.92477E-01 
-1.16848E+01 -3.90201E-01 
-1.18047E+01 -3.86129E-01 
-1.19282E+01 -3.79890E-01 
-1.20297E+01 -3.71421E-01 
-1.21600E+01 -3.56595E-01 
-1.22950E+01 -3.38239E-01 
-1.24346E+01 -3.15654E-01 
-1.25785E+01 -2.87795E-01 
-1.27269E+01 -2.52650E-01 
-1.28803E+01 -2.05029E-01 
-1.30405E+01 -1.28703E-01 
-1.32111E+01 2.80803E-02 
-1.33943E+01 3.94296E-01 
-1.35756E+01 1.10898E+00 
-1.37181E+01 2.01177E+00 
-1.38018E+01 2.72167E+00 
-8.54837E+00 -2.47235E-01 
-8.62343E+00 -2.46390E-01 
-8.67094E+00 -2.73821E-01 
-8.74355E+00 -2.74781E-01 
-8.81786E+00 -2.75564E-01 
-8.89400E+00 -2.76035E-01 
-8.97208E+00 -2.76041E-01 
-9.03390E+00 -2.75616E-01 
-9.05221E+00 -2.75408E-01 
-9.14100E+00 -2.73794E-01 
-9.23232E+00 -2.70960E-01 
-9.32622E+00 -2.66627E-01 
-9.42266E+00 -2.60492E-01 
-9.50079E+00 -2.53310E-01 
-9.60117E+00 -2.40101E-01 
-9.70466E+00 -2.23998E-01 
-9.81102E+00 -2.04429E-01 
-9.91999E+00 -1.80534E-01 
-1.00313E+01 -1.50640E-01 
-1.01446E+01 -1.10402E-01 
-1.02591E+01 -4.61767E-02 
-1.03703E+01 8.55546E-02 
-1.04618E+01 3.93131E-01 
-1.05022E+01 9.92818E-01 
-1.04842E+01 1.74871E+00 
-1.04454E+01 2.34028E+00 
-6.74777E+00 -1.68490E-01 
-6.80668E+00 -1.67358E-01 
-6.84527E+00 -1.93123E-01 
-6.90275E+00 -1.93233E-01 
-6.96152E+00 -1.93213E-01 
-7.02166E+00 -1.92945E-01 
-7.08324E+00 -1.92299E-01 
-7.13192E+00 -1.91449E-01 
-7.14632E+00 -1.91131E-01 
-7.21606E+00 -1.89104E-01 
-7.28758E+00 -1.86074E-01 
-7.36089E+00 -1.81812E-01 
-7.43590E+00 -1.76071E-01 
-7.49587E+00 -1.70108E-01 
-7.57281E+00 -1.58604E-01 
-7.65169E+00 -1.44744E-01 
-7.73225E+00 -1.28060E-01 
-7.81415E+00 -1.07845E-01 
-7.89694E+00 -8.27117E-02 
-7.97972E+00 -4.90292E-02 
-8.05986E+00 4.62834E-03 
-8.12772E+00 1.14729E-01 
-8.15485E+00 3.71945E-01 
-8.09966E+00 8.73119E-01 
-7.97503E+00 1.50345E+00 
-7.85606E+00 1.99430E+00 
-5.32150E+00 -1.13182E-01 
-5.36764E+00 -1.11927E-01 
-5.39958E+00 -1.35679E-01 
-5.44499E+00 -1.35226E-01 
-5.49138E+00 -1.34688E-01 
-5.53878E+00 -1.33966E-01 
-5.58724E+00 -1.32948E-01 
-5.62547E+00 -1.31882E-01 
-5.63677E+00 -1.31514E-01 
-5.69138E+00 -1.29353E-01 
-5.74723E+00 -1.26381E-01 
-5.80426E+00 -1.22411E-01 
-5.86238E+00 -1.17243E-01 
-5.90827E+00 -1.12398E-01 
-5.96691E+00 -1.02580E-01 
-6.02667E+00 -9.08565E-02 
-6.08729E+00 -7.68418E-02 
-6.14837E+00 -5.99549E-02 
-6.20935E+00 -3.90458E-02 
-6.26900E+00 -1.10925E-02 
-6.32361E+00 3.34444E-02 
-6.36033E+00 1.25016E-01 
-6.34367E+00 3.39232E-01 
-6.22662E+00 7.56439E-01 
-6.03521E+00 1.27999E+00 
-5.86716E+00 1.68554E+00 
-4.19309E+00 -7.48602E-02 
-4.22916E+00 -7.36047E-02 
-4.25615E+00 -9.50721E-02 
-4.29195E+00 -9.42825E-02 
-4.32846E+00 -9.34516E-02 
-4.36572E+00 -9.24943E-02 
-4.40374E+00 -9.13174E-02 
-4.43368E+00 -9.01923E-02 
-4.44252E+00 -8.98200E-02 
-4.48515E+00 -8.77222E-02 
-4.52861E+00 -8.49815E-02 
-4.57281E+00 -8.14434E-02 
-4.61765E+00 -7.69431E-02 
-4.65265E+00 -7.30939E-02 
-4.69709E+00 -6.48762E-02 
-4.74208E+00 -5.51198E-02 
-4.78734E+00 -4.35083E-02 
-4.83250E+00 -2.95635E-02 
-4.87693E+00 -1.23352E-02 
-4.91923E+00 1.06853E-02 
-4.95506E+00 4.74348E-02 
-4.96990E+00 1.23251E-01 
-4.92474E+00 3.00953E-01 
-4.77054E+00 6.46936E-01 
-4.54134E+00 1.08009E+00 
-4.34671E+00 1.41376E+00 
-3.28921E+00 -4.83689E-02 
-3.31723E+00 -4.72030E-02 
-3.34047E+00 -6.61556E-02 
-3.36850E+00 -6.52099E-02 
-3.39705E+00 -6.42617E-02 
-3.42613E+00 -6.32388E-02 
-3.45574E+00 -6.20630E-02 
-3.47901E+00 -6.09949E-02 
-3.48588E+00 -6.06499E-02 
-3.51891E+00 -5.87568E-02 
-3.55246E+00 -5.63633E-02 
-3.58643E+00 -5.33413E-02 
-3.62074E+00 -4.95547E-02 
-3.64724E+00 -4.65848E-02 
-3.68054E+00 -3.98549E-02 
-3.71402E+00 -3.18859E-02 
-3.74740E+00 -2.24181E-02 
-3.78032E+00 -1.10591E-02 
-3.81212E+00 2.97169E-03 
-3.84134E+00 2.17441E-02 
-3.86340E+00 5.18193E-02 
-3.86311E+00 1.14143E-01 
-3.80045E+00 2.60562E-01 
-3.62674E+00 5.45553E-01 
-3.38033E+00 9.01453E-01 
-3.17501E+00 1.17399E+00 
-2.58841E+00 -3.09083E-02 
-2.61019E+00 -2.98950E-02 
-2.63066E+00 -4.62667E-02 
-2.65259E+00 -4.53115E-02 
-2.67491E+00 -4.43852E-02 
-2.69761E+00 -4.34263E-02 
-2.72067E+00 -4.23682E-02 
-2.73876E+00 -4.14364E-02 
-2.74408E+00 -4.11397E-02 
-2.76967E+00 -3.95368E-02 
-2.79557E+00 -3.75462E-02 
-2.82168E+00 -3.50601E-02 
-2.84791E+00 -3.19644E-02 
-2.86800E+00 -2.97306E-02 
-2.89291E+00 -2.43023E-02 
-2.91776E+00 -1.78676E-02 
-2.94228E+00 -1.02120E-02 
-2.96613E+00 -1.01322E-03 
-2.98869E+00 1.03702E-02 
-3.00847E+00 2.56447E-02 
-3.02090E+00 5.02306E-02 
-3.01089E+00 1.01431E-01 
-2.93912E+00 2.22006E-01 
-2.75886E+00 4.56602E-01 
-2.51000E+00 7.48794E-01 
-2.30521E+00 9.71159E-01 
-2.03596E+00 -1.93727E-02 
-2.05284E+00 -1.85567E-02 
-2.07116E+00 -3.23276E-02 
-2.08824E+00 -3.14736E-02 
-2.10560E+00 -3.06718E-02 
-2.12323E+00 -2.98693E-02 
-2.14111E+00 -2.90088E-02 
-2.15510E+00 -2.82646E-02 
-2.15921E+00 -2.80293E-02 
-2.17895E+00 -2.67646E-02 
-2.19884E+00 -2.51988E-02 
-2.21882E+00 -2.32398E-02 
-2.23878E+00 -2.07903E-02 
-2.25397E+00 -1.91689E-02 
-2.27248E+00 -1.48668E-02 
-2.29078E+00 -9.73865E-03 
-2.30864E+00 -3.60742E-03 
-2.32573E+00 3.79064E-03 
-2.34146E+00 1.29805E-02 
-2.35440E+00 2.53631E-02 
-2.36013E+00 4.53993E-02 
-2.34414E+00 8.73298E-02 
-2.26893E+00 1.86284E-01 
-2.09070E+00 3.78696E-01 
-1.84905E+00 6.17655E-01 
-1.65205E+00 7.98313E-01 
-1.60100E+00 -1.18840E-02 
-1.61402E+00 -1.12940E-02 
-1.63061E+00 -2.25249E-02 
-1.64382E+00 -2.18540E-02 
-1.65725E+00 -2.12497E-02 
-1.67086E+00 -2.06658E-02 
-1.68465E+00 -2.00520E-02 
-1.69542E+00 -1.95227E-02 
-1.69858E+00 -1.93548E-02 
-1.71373E+00 -1.84441E-02 
-1.72894E+00 -1.72945E-02 
-1.74416E+00 -1.58261E-02 
-1.75929E+00 -1.39549E-02 
-1.77075E+00 -1.28293E-02 
-1.78442E+00 -9.47390E-03 
-1.79780E+00 -5.42989E-03 
-1.81069E+00 -5.51780E-04 
-1.82278E+00 5.37507E-03 
-1.83353E+00 1.27777E-02 
-1.84160E+00 2.28010E-02 
-1.84280E+00 3.91009E-02 
-1.82352E+00 7.33526E-02 
-1.74877E+00 1.54304E-01 
-1.57822E+00 3.11547E-01 
-1.34996E+00 5.06209E-01 
-1.16527E+00 6.52340E-01 
-1.25890E+00 -7.10942E-03 
-1.26889E+00 -6.76030E-03 
-1.28402E+00 -1.55855E-02 
-1.29417E+00 -1.51532E-02 
-1.30447E+00 -1.47926E-02 
-1.31492E+00 -1.44621E-02 
-1.32549E+00 -1.41170E-02 
-1.33374E+00 -1.38097E-02 
-1.33616E+00 -1.37094E-02 
-1.34773E+00 -1.31417E-02 
-1.35932E+00 -1.23755E-02 
-1.37087E+00 -1.13406E-02 
-1.38229E+00 -9.96408E-03 
-1.39094E+00 -9.22623E-03 
-1.40098E+00 -6.64157E-03 
-1.41070E+00 -3.47174E-03 
-1.41992E+00 4.01871E-04 
-1.42837E+00 5.15227E-03 
-1.43554E+00 1.11241E-02 
-1.44019E+00 1.92475E-02 
-1.43846E+00 3.25060E-02 
-1.41778E+00 6.04327E-02 
-1.34605E+00 1.26455E-01 
-1.18667E+00 2.54495E-01 
-9.75428E-01 4.12433E-01 
-8.05615E-01 5.30096E-01 
-9.89736E-01 -4.12001E-03 
-9.97359E-01 -4.01410E-03 
-1.01118E+00 -1.06282E-02 
-1.01890E+00 -1.04655E-02 
-1.02675E+00 -1.03699E-02 
-1.03471E+00 -1.03036E-02 
-1.04276E+00 -1.02257E-02 
-1.04905E+00 -1.01301E-02 
-1.05089E+00 -1.00929E-02 
-1.05969E+00 -9.83582E-03 
-1.06849E+00 -9.40206E-03 
-1.07723E+00 -8.72976E-03 
-1.08584E+00 -7.75553E-03 
-1.09236E+00 -7.30657E-03 
-1.09971E+00 -5.32692E-03 
-1.10673E+00 -2.83962E-03 
-1.11328E+00 2.50514E-04 
-1.11910E+00 4.08077E-03 
-1.12373E+00 8.92622E-03 
-1.12605E+00 1.55376E-02 
-1.12254E+00 2.63369E-02 
-1.10175E+00 4.90728E-02 
-1.03464E+00 1.02748E-01 
-8.88342E-01 2.06591E-01 
-6.95948E-01 3.34154E-01 
-5.42169E-01 4.28399E-01 
-7.78582E-01 -2.29571E-03 
-7.84362E-01 -2.42239E-03 
-7.96946E-01 -7.07606E-03 
-8.02764E-01 -7.18950E-03 
-8.08695E-01 -7.35660E-03 
-8.14724E-01 -7.54216E-03 
-8.20835E-01 -7.70863E-03 
-8.25604E-01 -7.79929E-03 
-8.27003E-01 -7.81643E-03 
-8.33685E-01 -7.81943E-03 
-8.40360E-01 -7.65285E-03 
-8.46975E-01 -7.26236E-03 
-8.53468E-01 -6.59341E-03 
-8.58423E-01 -6.34319E-03 
-8.63794E-01 -4.81507E-03 
-8.68865E-01 -2.83800E-03 
-8.73487E-01 -3.37479E-04 
-8.77442E-01 2.79309E-03 
-8.80321E-01 6.77018E-03 
-8.81105E-01 1.21949E-02 
-8.76611E-01 2.10238E-02 
-8.56570E-01 3.95269E-02 
-7.94933E-01 8.30475E-02 
-6.62514E-01 1.66952E-01 
-4.89456E-01 2.69529E-01 
-3.51855E-01 3.44618E-01 
-6.13064E-01 -1.22090E-03 
-6.17425E-01 -1.55740E-03 
-6.28799E-01 -4.53822E-03 
-6.33145E-01 -4.91178E-03 
-6.37598E-01 -5.31778E-03 
-6.42147E-01 -5.72330E-03 
-6.46773E-01 -6.09367E-03 
-6.50392E-01 -6.33323E-03 
-6.51456E-01 -6.39274E-03 
-6.56539E-01 -6.59265E-03 
-6.61619E-01 -6.61941E-03 
-6.66649E-01 -6.42609E-03 
-6.71573E-01 -5.96681E-03 
-6.75368E-01 -5.83506E-03 
-6.79317E-01 -4.62228E-03 
-6.82989E-01 -3.00672E-03 
-6.86252E-01 -9.32246E-04 
-6.88910E-01 1.68126E-03 
-6.90598E-01 5.00110E-03 
-6.90405E-01 9.50438E-03 
-6.85492E-01 1.67628E-02 
-6.66706E-01 3.18259E-02 
-6.10908E-01 6.70212E-02 
-4.92360E-01 1.34549E-01 
-3.38239E-01 2.16641E-01 
-2.16290E-01 2.76117E-01 
-4.83453E-01 -6.28573E-04 
-4.86735E-01 -1.14066E-03 
-4.96902E-01 -2.75705E-03 
-5.00129E-01 -3.35433E-03 
-5.03466E-01 -3.95688E-03 
-5.06899E-01 -4.53406E-03 
-5.10413E-01 -5.05408E-03 
-5.13176E-01 -5.39659E-03 
-5.13989E-01 -5.48440E-03 
-5.17885E-01 -5.81019E-03 
-5.21788E-01 -5.95294E-03 
-5.25653E-01 -5.87329E-03 
-5.29430E-01 -5.53404E-03 
-5.32380E-01 -5.45100E-03 
-5.35319E-01 -4.43720E-03 
-5.38005E-01 -3.05943E-03 
-5.40321E-01 -1.27789E-03 
-5.42091E-01 9.64893E-04 
-5.42993E-01 3.79518E-03 
-5.42218E-01 7.58788E-03 
-5.37249E-01 1.35982E-02 
-5.19993E-01 2.58726E-02 
-4.70035E-01 5.42627E-02 
-3.64822E-01 1.08386E-01 
-2.28646E-01 1.73741E-01 
-1.21393E-01 2.20534E-01 
-3.81906E-01 -3.48259E-04 
-3.84382E-01 -9.91837E-04 
-3.93342E-01 -1.55381E-03 
-3.95741E-01 -2.32164E-03 
-3.98253E-01 -3.06392E-03 
-4.00867E-01 -3.75258E-03 
-4.03568E-01 -4.35910E-03 
-4.05704E-01 -4.75388E-03 
-4.06335E-01 -4.85489E-03 
-4.09368E-01 -5.23316E-03 
-4.12416E-01 -5.41630E-03 
-4.15440E-01 -5.37282E-03 
-4.18388E-01 -5.07429E-03 
-4.20730E-01 -4.98153E-03 
-4.22961E-01 -4.07228E-03 
-4.24961E-01 -2.83457E-03 
-4.26625E-01 -1.24293E-03 
-4.27797E-01 7.40909E-04 
-4.28193E-01 3.20935E-03 
-4.27099E-01 6.45359E-03 
-4.22301E-01 1.14696E-02 
-4.06682E-01 2.14814E-02 
-3.62336E-01 4.43137E-02 
-2.69599E-01 8.74796E-02 
-1.50041E-01 1.39187E-01 
-5.62923E-02 1.75698E-01 
-3.02424E-01 -2.73666E-04 
-3.04316E-01 -9.96567E-04 
-3.12081E-01 -8.00168E-04 
-3.13890E-01 -1.67261E-03 
-3.15816E-01 -2.48776E-03 
-3.17849E-01 -3.22060E-03 
-3.19973E-01 -3.84637E-03 
-3.21666E-01 -4.24174E-03 
-3.22167E-01 -4.34094E-03 
-3.24587E-01 -4.70090E-03 
-3.27029E-01 -4.85518E-03 
-3.29453E-01 -4.78036E-03 
-3.31813E-01 -4.45668E-03 
-3.33719E-01 -4.30770E-03 
-3.35459E-01 -3.43095E-03 
-3.36986E-01 -2.26073E-03 
-3.38204E-01 -7.83870E-04 
-3.38977E-01 1.02199E-03 
-3.39054E-01 3.22178E-03 
-3.37813E-01 6.03879E-03 
-3.33311E-01 1.02579E-02 
-3.19322E-01 1.84316E-02 
-2.80208E-01 3.67311E-02 
-1.98892E-01 7.09636E-02 
-9.44296E-02 1.11571E-01 
-1.28684E-02 1.39776E-01 
-2.40191E-01 -3.13492E-04 
-2.41676E-01 -1.05948E-03 
-2.48280E-01 -3.70969E-04 
-2.49690E-01 -1.27589E-03 
-2.51221E-01 -2.09363E-03 
-2.52859E-01 -2.80281E-03 
-2.54589E-01 -3.38296E-03 
-2.55977E-01 -3.73106E-03 
-2.56390E-01 -3.81487E-03 
-2.58387E-01 -4.09443E-03 
-2.60406E-01 -4.16233E-03 
-2.62409E-01 -4.00312E-03 
-2.64352E-01 -3.60539E-03 
-2.65948E-01 -3.36707E-03 
-2.67347E-01 -2.47393E-03 
-2.68545E-01 -1.32339E-03 
-2.69456E-01 8.75077E-05 
-2.69961E-01 1.76839E-03 
-2.69842E-01 3.76237E-03 
-2.68555E-01 6.23828E-03 
-2.64407E-01 9.80977E-03 
-2.51968E-01 1.64830E-02 
-2.17623E-01 3.10835E-02 
-1.46589E-01 5.80393E-02 
-5.56320E-02 8.96362E-02 
1.50850E-02 1.11142E-01 
-1.91487E-01 -4.08051E-04 
-1.92703E-01 -1.12024E-03 
-1.98208E-01 -1.62655E-04 
-1.99371E-01 -1.02761E-03 
-2.00652E-01 -1.77996E-03 
-2.02038E-01 -2.40249E-03 
-2.03512E-01 -2.87942E-03 
-2.04700E-01 -3.13955E-03 
-2.05053E-01 -3.19671E-03 
-2.06764E-01 -3.34633E-03 
-2.08492E-01 -3.28490E-03 
-2.10199E-01 -3.00455E-03 
-2.11845E-01 -2.50154E-03 
-2.13217E-01 -2.15379E-03 
-2.14374E-01 -1.21663E-03 
-2.15337E-01 -5.97437E-05 
-2.16030E-01 1.31178E-03 
-2.16350E-01 2.89782E-03 
-2.16108E-01 4.72467E-03 
-2.14832E-01 6.91804E-03 
-2.11049E-01 9.95352E-03 
-2.00034E-01 1.53938E-02 
-1.69962E-01 2.69719E-02 
-1.08054E-01 4.80050E-02 
-2.90312E-02 7.22970E-02 
3.21493E-02 8.84135E-02 
-1.53397E-01 -4.93507E-04 
-1.54451E-01 -1.11912E-03 
-1.58948E-01 -6.42659E-05 
-1.59976E-01 -8.23500E-04 
-1.61116E-01 -1.45129E-03 
-1.62353E-01 -1.93491E-03 
-1.63669E-01 -2.26347E-03 
-1.64727E-01 -2.40557E-03 
-1.65042E-01 -2.42809E-03 
-1.66560E-01 -2.41450E-03 
-1.68085E-01 -2.19804E-03 
-1.69580E-01 -1.77767E-03 
-1.71006E-01 -1.15628E-03 
-1.72210E-01 -6.92185E-04 
-1.73185E-01 2.97380E-04 
-1.73970E-01 1.46775E-03 
-1.74498E-01 2.80797E-03 
-1.74682E-01 4.31094E-03 
-1.74357E-01 5.99047E-03 
-1.73116E-01 7.93858E-03 
-1.69680E-01 1.05200E-02 
-1.59944E-01 1.49381E-02 
-1.33643E-01 2.40409E-02 
-7.97432E-02 4.02528E-02 
-1.11556E-02 5.86293E-02 
4.17204E-02 7.04189E-02 
-1.23613E-01 -5.10678E-04 
-1.24582E-01 -1.00571E-03 
-1.28186E-01 2.85270E-05 
-1.29159E-01 -5.72060E-04 
-1.30232E-01 -1.03030E-03 
-1.31388E-01 -1.33803E-03 
-1.32608E-01 -1.48908E-03 
-1.33584E-01 -1.49586E-03 
-1.33873E-01 -1.47952E-03 
-1.35257E-01 -1.28747E-03 
-1.36634E-01 -9.08163E-04 
-1.37966E-01 -3.46326E-04 
-1.39219E-01 3.89854E-04 
-1.40290E-01 9.65063E-04 
-1.41117E-01 1.99956E-03 
-1.41756E-01 3.17577E-03 
-1.42149E-01 4.47888E-03 
-1.42222E-01 5.89727E-03 
-1.41834E-01 7.43597E-03 
-1.40635E-01 9.16098E-03 
-1.37515E-01 1.13482E-02 
-1.28905E-01 1.49103E-02 
-1.05895E-01 2.19787E-02 
-5.89574E-02 3.42628E-02 
5.83416E-04 4.78512E-02 
4.62846E-02 5.61739E-02 
-1.00365E-01 -4.02594E-04 
-1.01298E-01 -7.35378E-04 
-1.04142E-01 2.11137E-04 
-1.05107E-01 -1.95153E-04 
-1.06155E-01 -4.56559E-04 
-1.07270E-01 -5.69222E-04 
-1.08431E-01 -5.31354E-04 
-1.09348E-01 -3.98911E-04 
-1.09618E-01 -3.43327E-04 
-1.10900E-01 2.46024E-05 
-1.12155E-01 5.57824E-04 
-1.13351E-01 1.24715E-03 
-1.14455E-01 2.08052E-03 
-1.15410E-01 2.75120E-03 
-1.16105E-01 3.81144E-03 
-1.16611E-01 4.97550E-03 
-1.16884E-01 6.22653E-03 
-1.16858E-01 7.55047E-03 
-1.16416E-01 8.94652E-03 
-1.15254E-01 1.04609E-02 
-1.12410E-01 1.22983E-02 
-1.04778E-01 1.51362E-02 
-8.46152E-02 2.05263E-02 
-4.36821E-02 2.96071E-02 
8.07109E-03 3.93221E-02 
4.76136E-02 4.48737E-02 
-8.22203E-02 -1.28301E-04 
-8.31456E-02 -2.81433E-04 
-8.53673E-02 5.52687E-04 
-8.63468E-02 3.57353E-04 
-8.73894E-02 3.01576E-04 
-8.84775E-02 3.85382E-04 
-8.95920E-02 6.06831E-04 
-9.04597E-02 8.70212E-04 
-9.07126E-02 9.61996E-04 
-9.19029E-02 1.48794E-03 
-9.30469E-02 2.15259E-03 
-9.41159E-02 2.94367E-03 
-9.50805E-02 3.84671E-03 
-9.59255E-02 4.58952E-03 
-9.64918E-02 5.64925E-03 
-9.68733E-02 6.77746E-03 
-9.70310E-02 7.95679E-03 
-9.69118E-02 9.17240E-03 
-9.64166E-02 1.04199E-02 
-9.52842E-02 1.17305E-02 
-9.26768E-02 1.32520E-02 
-8.58882E-02 1.54708E-02 
-6.81726E-02 1.94690E-02 
-3.23951E-02 2.59303E-02 
1.26811E-02 3.25094E-02 
4.69553E-02 3.58502E-02 
-6.81454E-02 3.34344E-04 
-6.90726E-02 3.62201E-04 
-7.08065E-02 1.09011E-03 
-7.18022E-02 1.10232E-03 
-7.28389E-02 1.24221E-03 
-7.38992E-02 1.50666E-03 
-7.49651E-02 1.89083E-03 
-7.57813E-02 2.26611E-03 
-7.60171E-02 2.38812E-03 
-7.71131E-02 3.04162E-03 
-7.81447E-02 3.80484E-03 
-7.90866E-02 4.66380E-03 
-7.99136E-02 5.60296E-03 
-8.06488E-02 6.38937E-03 
-8.10882E-02 7.41968E-03 
-8.13469E-02 8.48706E-03 
-8.13933E-02 9.57478E-03 
-8.11843E-02 1.06684E-02 
-8.06363E-02 1.17618E-02 
-7.95243E-02 1.28746E-02 
-7.71169E-02 1.41090E-02 
-7.10465E-02 1.57970E-02 
-5.54165E-02 1.86417E-02 
-2.40277E-02 2.29679E-02 
1.53700E-02 2.70212E-02 
4.51719E-02 2.86128E-02 
-5.71872E-02 9.88281E-04 
-5.81121E-02 1.18568E-03 
-5.94770E-02 1.83060E-03 
-6.04762E-02 2.03180E-03 
-6.14941E-02 2.34399E-03 
-6.25142E-02 2.76169E-03 
-6.35195E-02 3.27797E-03 
-6.42760E-02 3.73985E-03 
-6.44923E-02 3.88449E-03 
-6.54847E-02 4.62856E-03 
-6.63967E-02 5.45300E-03 
-6.72068E-02 6.34324E-03 
-6.78944E-02 7.28379E-03 
-6.85167E-02 8.08379E-03 
-6.88289E-02 9.05686E-03 
-6.89666E-02 1.00402E-02 
-6.89050E-02 1.10184E-02 
-6.86091E-02 1.19784E-02 
-6.80093E-02 1.29131E-02 
-6.69106E-02 1.38337E-02 
-6.46726E-02 1.48054E-02 
-5.92155E-02 1.60340E-02 
-4.53661E-02 1.79158E-02 
-1.77221E-02 2.04929E-02 
1.68335E-02 2.25066E-02 
4.28272E-02 2.27157E-02 
-4.86609E-02 1.81121E-03 
-4.95708E-02 2.15585E-03 
-5.06655E-02 2.74686E-03 
-5.16476E-02 3.10668E-03 
-5.26275E-02 3.55792E-03 
-5.35897E-02 4.09352E-03 
-5.45190E-02 4.70527E-03 
-5.52054E-02 5.22503E-03 
-5.53996E-02 5.38392E-03 
-5.62771E-02 6.17898E-03 
-5.70617E-02 7.02648E-03 
-5.77356E-02 7.91220E-03 
-5.82824E-02 8.82156E-03 
-5.87889E-02 9.60610E-03 
-5.89756E-02 1.04981E-02 
-5.89962E-02 1.13784E-02 
-5.88315E-02 1.22337E-02 
-5.84539E-02 1.30525E-02 
-5.78049E-02 1.38276E-02 
-5.67153E-02 1.45635E-02 
-5.46213E-02 1.52954E-02 
-4.96878E-02 1.61263E-02 
-3.73567E-02 1.72048E-02 
-1.29033E-02 1.83521E-02 
1.75288E-02 1.87262E-02 
4.02829E-02 1.78530E-02 
-4.20057E-02 2.76277E-03 
-4.28834E-02 3.22538E-03 
-4.37835E-02 3.78846E-03 
-4.47254E-02 4.26994E-03 
-4.56462E-02 4.82220E-03 
-4.65323E-02 5.43728E-03 
-4.73701E-02 6.10641E-03 
-4.79767E-02 6.65526E-03 
-4.81462E-02 6.82013E-03 
-4.88993E-02 7.62815E-03 
-4.95506E-02 8.46339E-03 
-5.00862E-02 9.31272E-03 
-5.04934E-02 1.01630E-02 
-5.08827E-02 1.09062E-02 
-5.09485E-02 1.16987E-02 
-5.08583E-02 1.24627E-02 
-5.05978E-02 1.31868E-02 
-5.01456E-02 1.38613E-02 
-4.94523E-02 1.44795E-02 
-4.83702E-02 1.50405E-02 
-4.64004E-02 1.55549E-02 
-4.19159E-02 1.60421E-02 
-3.08823E-02 1.64507E-02 
-9.15262E-03 1.64324E-02 
1.77611E-02 1.54959E-02 
3.77539E-02 1.37854E-02 
-3.67773E-02 3.78615E-03 
-3.76046E-02 4.33498E-03 
-3.83631E-02 4.88867E-03 
-3.92425E-02 5.45374E-03 
-4.00851E-02 6.06926E-03 
-4.08791E-02 6.72698E-03 
-4.16129E-02 7.41815E-03 
-4.21323E-02 7.97010E-03 
-4.22754E-02 8.13361E-03 
-4.28979E-02 8.92146E-03 
-4.34136E-02 9.71479E-03 
-4.38120E-02 1.05019E-02 
-4.40839E-02 1.12715E-02 
-4.43573E-02 1.19523E-02 
-4.43096E-02 1.26333E-02 
-4.41175E-02 1.32734E-02 
-4.37708E-02 1.38633E-02 
-4.32528E-02 1.43952E-02 
-4.25218E-02 1.48627E-02 
-4.14480E-02 1.52606E-02 
-3.95877E-02 1.55796E-02 
-3.54910E-02 1.57709E-02 
-2.55714E-02 1.56232E-02 
-6.17574E-03 1.46600E-02 
1.77247E-02 1.26858E-02 
3.53552E-02 1.03390E-02 
-3.26194E-02 4.83047E-03 
-3.33805E-02 5.43324E-03 
-3.40317E-02 5.98577E-03 
-3.48309E-02 6.59768E-03 
-3.55810E-02 7.24115E-03 
-3.62718E-02 7.90810E-03 
-3.68939E-02 8.59020E-03 
-3.73223E-02 9.12301E-03 
-3.74383E-02 9.27899E-03 
-3.79290E-02 1.00194E-02 
-3.83112E-02 1.07475E-02 
-3.85775E-02 1.14531E-02 
-3.87217E-02 1.21269E-02 
-3.88834E-02 1.27293E-02 
-3.87326E-02 1.32926E-02 
-3.84496E-02 1.38066E-02 
-3.80277E-02 1.42640E-02 
-3.74541E-02 1.46586E-02 
-3.66933E-02 1.49845E-02 
-3.56306E-02 1.52332E-02 
-3.38690E-02 1.53788E-02 
-3.01105E-02 1.53174E-02 
-2.11533E-02 1.47110E-02 
-3.76849E-03 1.29894E-02 
1.75384E-02 1.02052E-02 
3.31382E-02 7.38809E-03 
-2.92614E-02 5.84881E-03 
-2.99439E-02 6.47524E-03 
-3.05072E-02 7.02556E-03 
-3.12136E-02 7.65143E-03 
-3.18617E-02 8.29205E-03 
-3.24431E-02 8.93984E-03 
-3.29503E-02 9.58725E-03 
-3.32875E-02 1.00831E-02 
-3.33765E-02 1.02267E-02 
-3.37384E-02 1.08989E-02 
-3.39930E-02 1.15446E-02 
-3.41355E-02 1.21557E-02 
-3.41624E-02 1.27246E-02 
-3.42192E-02 1.32380E-02 
-3.39771E-02 1.36825E-02 
-3.36156E-02 1.40727E-02 
-3.31306E-02 1.44031E-02 
-3.25123E-02 1.46689E-02 
-3.17304E-02 1.48648E-02 
-3.06825E-02 1.49793E-02 
-2.90121E-02 1.49731E-02 
-2.55518E-02 1.46984E-02 
-1.74323E-02 1.37184E-02 
-1.79109E-03 1.13976E-02 
1.72702E-02 7.99543E-03 
3.11150E-02 4.84534E-03 
-2.64988E-02 6.79499E-03 
-2.70937E-02 7.41908E-03 
-2.75776E-02 7.96008E-03 
-2.81833E-02 8.57299E-03 
-2.87244E-02 9.18628E-03 
-2.91944E-02 9.79311E-03 
-2.95875E-02 1.03868E-02 
-2.98357E-02 1.08331E-02 
-2.98987E-02 1.09609E-02 
-3.01379E-02 1.15510E-02 
-3.02734E-02 1.21040E-02 
-3.03025E-02 1.26135E-02 
-3.02240E-02 1.30740E-02 
-3.01845E-02 1.34928E-02 
-2.98639E-02 1.38218E-02 
-2.94368E-02 1.40941E-02 
-2.89009E-02 1.43059E-02 
-2.82488E-02 1.44538E-02 
-2.74545E-02 1.45325E-02 
-2.64262E-02 1.45285E-02 
-2.48418E-02 1.43916E-02 
-2.16479E-02 1.39396E-02 
-1.42640E-02 1.26607E-02 
-1.46430E-04 9.87725E-03 
1.69567E-02 6.01943E-03 
2.92748E-02 2.65045E-03 
-2.41806E-02 7.63781E-03 
-2.46834E-02 8.23784E-03 
-2.50918E-02 8.75841E-03 
-2.55944E-02 9.33702E-03 
-2.60288E-02 9.90419E-03 
-2.63902E-02 1.04540E-02 
-2.66743E-02 1.09807E-02 
-2.68389E-02 1.13690E-02 
-2.68777E-02 1.14790E-02 
-2.70040E-02 1.19787E-02 
-2.70317E-02 1.24342E-02 
-2.69601E-02 1.28405E-02 
-2.67898E-02 1.31938E-02 
-2.66646E-02 1.35169E-02 
-2.62790E-02 1.37372E-02 
-2.57992E-02 1.39006E-02 
-2.52246E-02 1.40048E-02 
-2.45495E-02 1.40473E-02 
-2.37513E-02 1.40232E-02 
-2.27472E-02 1.39170E-02 
-2.12451E-02 1.36702E-02 
-1.82908E-02 1.30743E-02 
-1.15559E-02 1.15632E-02 
1.22600E-03 8.43624E-03 
1.66175E-02 4.26174E-03 
2.76052E-02 7.68756E-04 
-2.21752E-02 8.35749E-03 
-2.25826E-02 8.91694E-03 
-2.29142E-02 9.40556E-03 
-2.33129E-02 9.93466E-03 
-2.36421E-02 1.04427E-02 
-2.38982E-02 1.09248E-02 
-2.40786E-02 1.13761E-02 
-2.41650E-02 1.17016E-02 
-2.41813E-02 1.17925E-02 
-2.42037E-02 1.21981E-02 
-2.41343E-02 1.25547E-02 
-2.39737E-02 1.28590E-02 
-2.37238E-02 1.31085E-02 
-2.35232E-02 1.33375E-02 
-2.30847E-02 1.34567E-02 
-2.25641E-02 1.35207E-02 
-2.19617E-02 1.35281E-02 
-2.12734E-02 1.34772E-02 
-2.04792E-02 1.33636E-02 
-1.95042E-02 1.31701E-02 
-1.80829E-02 1.28318E-02 
-1.53492E-02 1.21209E-02 
-9.19921E-03 1.04339E-02 
2.38760E-03 7.06251E-03 
1.62533E-02 2.68570E-03 
2.60602E-02 -8.54242E-04 
-2.04038E-02 8.93631E-03 
-2.07177E-02 9.44280E-03 
-2.09732E-02 9.88834E-03 
-2.12726E-02 1.03573E-02 
-2.15030E-02 1.07980E-02 
-2.16619E-02 1.12063E-02 
-2.17480E-02 1.15786E-02 
-2.17641E-02 1.18400E-02 
-2.17604E-02 1.19118E-02 
-2.16913E-02 1.22239E-02 
-2.15378E-02 1.24846E-02 
-2.13017E-02 1.26920E-02 
-2.09858E-02 1.28448E-02 
-2.07214E-02 1.29847E-02 
-2.02424E-02 1.30131E-02 
-1.96925E-02 1.29890E-02 
-1.90730E-02 1.29120E-02 
-1.83806E-02 1.27811E-02 
-1.75978E-02 1.25919E-02 
-1.66565E-02 1.23262E-02 
-1.53144E-02 1.19145E-02 
-1.27842E-02 1.11159E-02 
-7.16124E-03 9.30406E-03 
3.35791E-03 5.77622E-03 
1.58667E-02 1.29588E-03 
2.46287E-02 -2.22719E-03 
-1.88079E-02 9.38193E-03 
-1.90316E-02 9.82626E-03 
-1.92115E-02 1.02190E-02 
-1.94171E-02 1.06206E-02 
-1.95555E-02 1.09887E-02 
-1.96253E-02 1.13200E-02 
-1.96263E-02 1.16118E-02 
-1.95799E-02 1.18092E-02 
-1.95586E-02 1.18621E-02 
-1.94098E-02 1.20832E-02 
-1.91843E-02 1.22525E-02 
-1.88851E-02 1.23690E-02 
-1.85156E-02 1.24327E-02 
-1.81985E-02 1.24900E-02 
-1.76901E-02 1.24378E-02 
-1.71214E-02 1.23368E-02 
-1.64940E-02 1.21874E-02 
-1.58058E-02 1.19889E-02 
-1.50408E-02 1.17372E-02 
-1.41371E-02 1.14134E-02 
-1.28736E-02 1.09447E-02 
-1.05333E-02 1.00824E-02 
-5.39068E-03 8.19007E-03 
4.16432E-03 4.58030E-03 
1.54543E-02 7.86786E-05 
2.32837E-02 -3.37605E-03 
-1.73434E-02 9.69470E-03 
-1.74813E-02 1.00711E-02 
-1.75873E-02 1.04040E-02 
-1.77060E-02 1.07344E-02 
-1.77604E-02 1.10278E-02 
-1.77503E-02 1.12818E-02 
-1.76759E-02 1.14945E-02 
-1.75749E-02 1.16299E-02 
-1.75384E-02 1.16646E-02 
-1.73213E-02 1.17994E-02 
-1.70357E-02 1.18834E-02 
-1.66851E-02 1.19167E-02 
-1.62735E-02 1.19001E-02 
-1.59144E-02 1.18823E-02 
-1.53867E-02 1.17602E-02 
-1.48083E-02 1.15935E-02 
-1.41815E-02 1.13832E-02 
-1.35045E-02 1.11292E-02 
-1.27630E-02 1.08273E-02 
-1.19005E-02 1.04581E-02 
-1.07149E-02 9.94739E-03 
-8.55325E-03 9.04282E-03 
-3.85163E-03 7.10827E-03 
4.82677E-03 3.47993E-03 
1.50153E-02 -9.74696E-04 
2.20080E-02 -4.32014E-03 
-1.59883E-02 9.87469E-03 
-1.60455E-02 1.01804E-02 
-1.60798E-02 1.04491E-02 
-1.61182E-02 1.07077E-02 
-1.60961E-02 1.09273E-02 
-1.60141E-02 1.11062E-02 
-1.58733E-02 1.12436E-02 
-1.57251E-02 1.13210E-02 
-1.56754E-02 1.13388E-02 
-1.54007E-02 1.13941E-02 
-1.50656E-02 1.14007E-02 
-1.46742E-02 1.13595E-02 
-1.42309E-02 1.12721E-02 
-1.38395E-02 1.11878E-02 
-1.33013E-02 1.10061E-02 
-1.27214E-02 1.07846E-02 
-1.21022E-02 1.05245E-02 
-1.14425E-02 1.02261E-02 
-1.07294E-02 9.88538E-03 
-9.91096E-03 9.48266E-03 
-8.80269E-03 8.94318E-03 
-6.80985E-03 8.01513E-03 
-2.51567E-03 6.07138E-03 
5.36119E-03 2.47775E-03 
1.45493E-02 -1.87394E-03 
2.07883E-02 -5.07827E-03 
-1.47090E-02 9.93836E-03 
-1.46914E-02 1.01718E-02 
-1.46580E-02 1.03737E-02 
-1.46238E-02 1.05606E-02 
-1.45340E-02 1.07079E-02 
-1.43898E-02 1.08151E-02 
-1.41929E-02 1.08816E-02 
-1.40056E-02 1.09052E-02 
-1.39452E-02 1.09075E-02 
-1.36241E-02 1.08904E-02 
-1.32507E-02 1.08276E-02 
-1.28291E-02 1.07209E-02 
-1.23641E-02 1.05721E-02 
-1.19501E-02 1.04300E-02 
-1.14095E-02 1.01989E-02 
-1.08353E-02 9.93273E-03 
-1.02302E-02 9.63324E-03 
-9.59310E-03 9.30086E-03 
-8.91231E-03 8.93159E-03 
-8.14039E-03 8.50588E-03 
-7.10873E-03 7.94945E-03 
-5.27612E-03 7.01428E-03 
-1.36008E-03 5.08936E-03 
5.78053E-03 1.57467E-03 
1.40564E-02 -2.62906E-03 
1.96141E-02 -5.66831E-03 
-1.34989E-02 9.89151E-03 
-1.34165E-02 1.00558E-02 
-1.33243E-02 1.01932E-02 
-1.32290E-02 1.03130E-02 
-1.30824E-02 1.03934E-02 
-1.28863E-02 1.04343E-02 
-1.26428E-02 1.04360E-02 
-1.24234E-02 1.04107E-02 
-1.23544E-02 1.03990E-02 
-1.19966E-02 1.03173E-02 
-1.15941E-02 1.01936E-02 
-1.11514E-02 1.00302E-02 
-1.06731E-02 9.82951E-03 
-1.02448E-02 9.63855E-03 
-9.70842E-03 9.36756E-03 
-9.14590E-03 9.06649E-03 
-8.55976E-03 8.73722E-03 
-7.94924E-03 8.38032E-03 
-7.30364E-03 7.99190E-03 
-6.57948E-03 7.55264E-03 
-5.62277E-03 6.98963E-03 
-3.94107E-03 6.06121E-03 
-3.73881E-04 4.17810E-03 
6.09457E-03 7.77174E-04 
1.35439E-02 -3.24515E-03 
1.84903E-02 -6.10400E-03 
-1.23441E-02 9.74874E-03 
-1.22022E-02 9.84456E-03 
-1.20545E-02 9.91730E-03 
-1.19033E-02 9.97199E-03 
-1.17059E-02 9.98879E-03 
-1.14645E-02 9.96800E-03 
-1.11814E-02 9.91037E-03 
-1.09358E-02 9.84125E-03 
-1.08599E-02 9.81711E-03 
-1.04735E-02 9.67828E-03 
-1.00501E-02 9.50184E-03 
-9.59401E-03 9.29022E-03 
-9.10979E-03 9.04618E-03 
-8.67440E-03 8.81456E-03 
-8.14821E-03 8.51220E-03 
-7.60259E-03 8.18465E-03 
-7.03999E-03 7.83392E-03 
-6.45982E-03 7.46067E-03 
-5.85224E-03 7.06112E-03 
-5.17750E-03 6.61638E-03 
-4.29526E-03 6.05563E-03 
-2.75860E-03 5.14585E-03 
4.79844E-04 3.32417E-03 
6.32137E-03 6.66846E-05 
1.30058E-02 -3.74578E-03 
1.73924E-02 -6.41125E-03 
-1.12409E-02 9.52161E-03 
-1.10473E-02 9.55371E-03 
-1.08512E-02 9.56583E-03 
-1.06520E-02 9.56025E-03 
-1.04117E-02 9.51866E-03 
-1.01332E-02 9.44198E-03 
-9.81932E-03 9.33155E-03 
-9.55413E-03 9.22393E-03 
-9.47314E-03 9.18893E-03 
-9.06709E-03 9.00096E-03 
-8.63097E-03 8.77981E-03 
-8.16909E-03 8.52825E-03 
-7.68586E-03 8.24924E-03 
-7.25024E-03 7.98505E-03 
-6.73925E-03 7.65940E-03 
-6.21477E-03 7.31330E-03 
-5.67916E-03 6.94882E-03 
-5.13191E-03 6.56668E-03 
-4.56402E-03 6.16319E-03 
-3.93914E-03 5.72007E-03 
-3.12953E-03 5.16915E-03 
-1.73023E-03 4.28774E-03 
1.20254E-03 2.54264E-03 
6.46705E-03 -5.50047E-04 
1.24531E-02 -4.13443E-03 
1.63341E-02 -6.60111E-03 
-1.01798E-02 9.21807E-03 
-9.93967E-03 9.18948E-03 
-9.70174E-03 9.14533E-03 
-9.46308E-03 9.08524E-03 
-9.18913E-03 8.99181E-03 
-8.88279E-03 8.86648E-03 
-8.54681E-03 8.71069E-03 
-8.26814E-03 8.57018E-03 
-8.18378E-03 8.52594E-03 
-7.76551E-03 8.29648E-03 
-7.32349E-03 8.03841E-03 
-6.86206E-03 7.75475E-03 
-6.38545E-03 7.44854E-03 
-5.95530E-03 7.15929E-03 
-5.46359E-03 6.81755E-03 
-4.96372E-03 6.45992E-03 
-4.45788E-03 6.08847E-03 
-3.94561E-03 5.70392E-03 
-3.41861E-03 5.30270E-03 
-2.84373E-03 4.86725E-03 
-2.10492E-03 4.33250E-03 
-8.36041E-04 3.48739E-03 
1.81145E-03 1.83078E-03 
6.54277E-03 -1.08117E-03 
1.18889E-02 -4.42507E-03 
1.53118E-02 -6.69108E-03 
-9.16467E-03 8.85355E-03 
-8.88905E-03 8.77117E-03 
-8.61709E-03 8.67541E-03 
-8.34663E-03 8.56577E-03 
-8.04618E-03 8.42608E-03 
-7.71811E-03 8.25786E-03 
-7.36509E-03 8.06245E-03 
-7.07675E-03 7.89375E-03 
-6.99018E-03 7.84169E-03 
-6.56506E-03 7.57778E-03 
-6.12243E-03 7.29002E-03 
-5.66640E-03 6.98146E-03 
-5.20093E-03 6.65514E-03 
-4.78091E-03 6.34775E-03 
-4.31167E-03 5.99642E-03 
-3.83902E-03 5.63351E-03 
-3.36497E-03 5.26105E-03 
-2.88903E-03 4.87971E-03 
-2.40356E-03 4.48607E-03 
-1.87834E-03 4.06336E-03 
-1.20818E-03 3.54999E-03 
-6.27940E-05 2.74742E-03 
2.31888E-03 1.18805E-03 
6.55823E-03 -1.53256E-03 
1.13187E-02 -4.62949E-03 
1.43272E-02 -6.69660E-03 
-8.19392E-03 8.43790E-03 
-7.88453E-03 8.30463E-03 
-7.58193E-03 8.16154E-03 
-7.28400E-03 8.00781E-03 
-6.96237E-03 7.82771E-03 
-6.61872E-03 7.62229E-03 
-6.25590E-03 7.39361E-03 
-5.96367E-03 7.20199E-03 
-5.87652E-03 7.14368E-03 
-5.45209E-03 6.85286E-03 
-5.01545E-03 6.54270E-03 
-4.57047E-03 6.21619E-03 
-4.12076E-03 5.87626E-03 
-3.71520E-03 5.55685E-03 
-3.27118E-03 5.20151E-03 
-2.82788E-03 4.83864E-03 
-2.38714E-03 4.47021E-03 
-1.94844E-03 4.09684E-03 
-1.50477E-03 3.71523E-03 
-1.02859E-03 3.30950E-03 
-4.24840E-04 2.82174E-03 
6.03584E-04 2.06655E-03 
2.73733E-03 6.10681E-04 
6.52219E-03 -1.91202E-03 
1.07461E-02 -4.75967E-03 
1.33795E-02 -6.63198E-03 
-7.25823E-03 7.97864E-03 
-6.92481E-03 7.80070E-03 
-6.60173E-03 7.61632E-03 
-6.28594E-03 7.42468E-03 
-5.94905E-03 7.20916E-03 
-5.59448E-03 6.97209E-03 
-5.22510E-03 6.71533E-03 
-4.93100E-03 6.50452E-03 
-4.84387E-03 6.44106E-03 
-4.42311E-03 6.12857E-03 
-3.99611E-03 5.80181E-03 
-3.56604E-03 5.46350E-03 
-3.13595E-03 5.11627E-03 
-2.74899E-03 4.79119E-03 
-2.33294E-03 4.43747E-03 
-1.92108E-03 4.07983E-03 
-1.51505E-03 3.72017E-03 
-1.11434E-03 3.35907E-03 
-7.12485E-04 2.99339E-03 
-2.84516E-04 2.60819E-03 
2.55263E-04 2.14942E-03 
1.17330E-03 1.44516E-03 
3.07651E-03 9.65850E-05 
6.44276E-03 -2.22572E-03 
1.01767E-02 -4.82613E-03 
1.24714E-02 -6.51022E-03 
-6.36016E-03 7.47834E-03 
-6.00905E-03 7.26316E-03 
-5.67003E-03 7.04454E-03 
-5.34155E-03 6.82227E-03 
-4.99726E-03 6.57957E-03 
-4.63935E-03 6.31829E-03 
-4.27053E-03 6.04069E-03 
-3.97962E-03 5.81609E-03 
-3.89386E-03 5.74897E-03 
-3.48219E-03 5.42130E-03 
-3.06819E-03 5.08307E-03 
-2.65514E-03 4.73717E-03 
-2.24615E-03 4.38647E-03 
-1.87946E-03 4.05954E-03 
-1.49211E-03 3.71097E-03 
-1.11216E-03 3.36206E-03 
-7.41018E-04 3.01454E-03 
-3.78104E-04 2.66890E-03 
-1.74409E-05 2.32209E-03 
3.63620E-04 1.96013E-03 
8.42126E-04 1.53287E-03 
1.65632E-03 8.81863E-04 
3.34567E-03 -3.57671E-04 
6.32722E-03 -2.48039E-03 
9.61452E-03 -4.83890E-03 
1.16045E-02 -6.34309E-03 
-5.49795E-03 6.95199E-03 
-5.13600E-03 6.70509E-03 
-4.78805E-03 6.45747E-03 
-4.45060E-03 6.20734E-03 
-4.10117E-03 5.94012E-03 
-3.74255E-03 5.65844E-03 
-3.37721E-03 5.36398E-03 
-3.09200E-03 5.12909E-03 
-3.00841E-03 5.05943E-03 
-2.60994E-03 4.72237E-03 
-2.21353E-03 4.37890E-03 
-1.82185E-03 4.03168E-03 
-1.43744E-03 3.68330E-03 
-1.09417E-03 3.35990E-03 
-7.37335E-04 3.02101E-03 
-3.90523E-04 2.68486E-03 
-5.49175E-05 2.35305E-03 
2.70118E-04 2.02599E-03 
5.90103E-04 1.70076E-03 
9.25517E-04 1.36435E-03 
1.34541E-03 9.70539E-04 
2.06207E-03 3.74237E-04 
3.55343E-03 -7.56168E-04 
6.18212E-03 -2.68268E-03 
9.06319E-03 -4.80719E-03 
1.07792E-02 -6.14093E-03 
-4.67512E-03 6.40363E-03 
-4.30243E-03 6.12688E-03 
-3.94814E-03 5.85403E-03 
-3.60889E-03 5.58368E-03 
-3.26269E-03 5.30098E-03 
-2.91008E-03 5.00590E-03 
-2.55354E-03 4.70051E-03 
-2.27713E-03 4.45916E-03 
-2.19643E-03 4.38795E-03 
-1.81370E-03 4.04571E-03 
-1.43633E-03 3.70084E-03 
-1.06742E-03 3.35626E-03 
-7.09087E-04 3.01417E-03 
-3.90795E-04 2.69814E-03 
-6.49692E-05 2.37206E-03 
2.48543E-04 2.05158E-03 
5.48804E-04 1.73811E-03 
8.36532E-04 1.43193E-03 
1.11684E-03 1.13028E-03 
1.40822E-03 8.21086E-04 
1.77239E-03 4.61967E-04 
2.39791E-03 -7.91436E-05 
3.70681E-03 -1.10198E-03 
6.01333E-03 -2.83825E-03 
8.52661E-03 -4.73910E-03 
9.99767E-03 -5.91304E-03 
-3.89104E-03 5.84140E-03 
-3.51495E-03 5.54256E-03 
-3.15853E-03 5.24944E-03 
-2.81889E-03 4.96132E-03 
-2.47588E-03 4.66402E-03 
-2.13054E-03 4.35825E-03 
-1.78534E-03 4.04617E-03 
-1.52033E-03 3.80236E-03 
-1.44335E-03 3.73082E-03 
-1.08043E-03 3.38918E-03 
-7.25604E-04 3.04796E-03 
-3.81625E-04 2.70994E-03 
-5.07951E-05 2.37761E-03 
2.40830E-04 2.07249E-03 
5.34759E-04 1.76229E-03 
8.14584E-04 1.46016E-03 
1.07954E-03 1.16739E-03 
1.33041E-03 8.84138E-04 
1.57194E-03 6.07769E-04 
1.82081E-03 3.27125E-04 
2.13197E-03 3.57661E-06 
2.67233E-03 -4.82392E-04 
3.81312E-03 -1.40010E-03 
5.82561E-03 -2.95333E-03 
8.00599E-03 -4.64186E-03 
9.25801E-03 -5.66671E-03 
-3.14352E-03 5.26840E-03 
-2.77221E-03 4.95510E-03 
-2.42004E-03 4.64892E-03 
-2.08470E-03 4.34904E-03 
-1.74733E-03 4.04110E-03 
-1.41241E-03 3.72896E-03 
-1.08152E-03 3.41424E-03 
-8.29293E-04 3.17029E-03 
-7.56380E-04 3.09910E-03 
-4.14430E-04 2.76109E-03 
-8.35018E-05 2.42696E-03 
2.33729E-04 2.09951E-03 
5.35700E-04 1.78061E-03 
7.99691E-04 1.48960E-03 
1.06171E-03 1.19775E-03 
1.30816E-03 9.16118E-04 
1.53848E-03 6.45836E-04 
1.75355E-03 3.86954E-04 
1.95777E-03 1.36931E-04 
2.16618E-03 -1.14500E-04 
2.42762E-03 -4.02408E-04 
2.88948E-03 -8.34454E-04 
3.87752E-03 -1.65155E-03 
5.62540E-03 -3.03218E-03 
7.50865E-03 -4.52300E-03 
8.56751E-03 -5.41123E-03 
-2.42064E-03 4.67900E-03 
-2.05527E-03 4.35429E-03 
-1.70964E-03 4.03856E-03 
-1.38316E-03 3.73174E-03 
-1.05828E-03 3.42029E-03 
-7.38127E-04 3.10750E-03 
-4.24610E-04 2.79529E-03 
-1.86895E-04 2.55452E-03 
-1.18452E-04 2.48449E-03 
1.99906E-04 2.15436E-03 
5.04379E-04 1.83153E-03 
7.93509E-04 1.51765E-03 
1.06573E-03 1.21468E-03 
1.30105E-03 9.40295E-04 
1.53078E-03 6.68882E-04 
1.74375E-03 4.09680E-04 
1.93961E-03 1.63601E-04 
2.11937E-03 -6.94602E-05 
2.28715E-03 -2.91972E-04 
2.45647E-03 -5.13370E-04 
2.67060E-03 -7.65321E-04 
3.05907E-03 -1.14422E-03 
3.90644E-03 -1.86425E-03 
5.41298E-03 -3.08078E-03 
7.02745E-03 -4.38582E-03 
7.91369E-03 -5.14758E-03 
-1.72625E-03 4.08198E-03 
-1.36881E-03 3.74852E-03 
-1.03639E-03 3.42961E-03 
-7.23542E-04 3.12150E-03 
-4.13984E-04 2.81131E-03 
-1.11090E-04 2.50186E-03 
1.83085E-04 2.19471E-03 
4.03552E-04 1.96013E-03 
4.66726E-04 1.89224E-03 
7.59018E-04 1.57397E-03 
1.03607E-03 1.26514E-03 
1.29627E-03 9.67717E-04 
1.53808E-03 6.83580E-04 
1.74404E-03 4.28603E-04 
1.94138E-03 1.79889E-04 
2.12121E-03 -5.51019E-05 
2.28337E-03 -2.75628E-04 
2.42888E-03 -4.81866E-04 
2.56160E-03 -6.76198E-04 
2.69367E-03 -8.67280E-04 
2.86335E-03 -1.08359E-03 
3.18412E-03 -1.41103E-03 
3.90368E-03 -2.03905E-03 
5.19312E-03 -3.10231E-03 
6.56781E-03 -4.23580E-03 
7.30188E-03 -4.88238E-03 
-1.06430E-03 3.48242E-03 
-7.18576E-04 3.14524E-03 
-3.96799E-04 2.82315E-03 
-9.89489E-05 2.51680E-03 
1.91722E-04 2.21181E-03 
4.74230E-04 1.90968E-03 
7.45466E-04 1.61329E-03 
9.47340E-04 1.38841E-03 
1.00497E-03 1.32349E-03 
1.27012E-03 1.02022E-03 
1.51851E-03 7.28492E-04 
1.74842E-03 4.50468E-04 
1.95874E-03 1.87718E-04 
2.13458E-03 -4.57265E-05 
2.29962E-03 -2.70281E-04 
2.44656E-03 -4.79731E-04 
2.57545E-03 -6.73534E-04 
2.68748E-03 -8.52077E-04 
2.78631E-03 -1.01771E-03 
2.88286E-03 -1.17836E-03 
3.01082E-03 -1.35956E-03 
3.26929E-03 -1.63749E-03 
3.87316E-03 -2.17896E-03 
4.96808E-03 -3.10015E-03 
6.12971E-03 -4.07634E-03 
6.73019E-03 -4.61868E-03 
-4.23169E-04 2.87460E-03 
-9.74672E-05 2.54240E-03 
2.08954E-04 2.22254E-03 
4.90925E-04 1.92015E-03 
7.61229E-04 1.62400E-03 
1.01977E-03 1.33429E-03 
1.26649E-03 1.05125E-03 
1.44780E-03 8.38342E-04 
1.49916E-03 7.77197E-04 
1.73395E-03 4.93106E-04 
1.95122E-03 2.22374E-04 
2.14995E-03 -3.35545E-05 
2.32873E-03 -2.72948E-04 
2.47452E-03 -4.83055E-04 
2.60772E-03 -6.81998E-04 
2.72252E-03 -8.64786E-04 
2.81917E-03 -1.03111E-03 
2.89897E-03 -1.18149E-03 
2.96541E-03 -1.31825E-03 
3.02832E-03 -1.44868E-03 
3.11734E-03 -1.59557E-03 
3.31875E-03 -1.82623E-03 
3.81838E-03 -2.28688E-03 
4.73983E-03 -3.07737E-03 
5.71300E-03 -3.91037E-03 
6.19673E-03 -4.35894E-03 
2.01004E-04 2.25718E-03 
4.99901E-04 1.93792E-03 
7.82263E-04 1.62969E-03 
1.04409E-03 1.33647E-03 
1.29299E-03 1.05113E-03 
1.52772E-03 7.74960E-04 
1.74764E-03 5.09147E-04 
1.90762E-03 3.10822E-04 
1.95274E-03 2.54042E-04 
2.15743E-03 -8.75190E-06 
2.34397E-03 -2.56927E-04 
2.51069E-03 -4.88391E-04 
2.65670E-03 -7.01819E-04 
2.77132E-03 -8.86273E-04 
2.87211E-03 -1.05778E-03 
2.95467E-03 -1.21250E-03 
3.01946E-03 -1.35035E-03 
3.06782E-03 -1.47200E-03 
3.10307E-03 -1.57971E-03 
3.13403E-03 -1.68016E-03 
3.18673E-03 -1.79368E-03 
3.33606E-03 -1.97946E-03 
3.74217E-03 -2.36517E-03 
4.50969E-03 -3.03631E-03 
5.31699E-03 -3.73989E-03 
5.69920E-03 -4.10467E-03 
8.04302E-04 1.63593E-03 
1.08029E-03 1.32814E-03 
1.33233E-03 1.03851E-03 
1.56533E-03 7.63795E-04 
1.78759E-03 4.95890E-04 
1.99657E-03 2.37169E-04 
2.19105E-03 -1.10259E-05 
2.32919E-03 -1.93573E-04 
2.36748E-03 -2.45283E-04 
2.53969E-03 -4.83353E-04 
2.69327E-03 -7.05441E-04 
2.82695E-03 -9.09884E-04 
2.94013E-03 -1.09561E-03 
3.02391E-03 -1.25314E-03 
3.09324E-03 -1.39654E-03 
3.14456E-03 -1.52270E-03 
3.17857E-03 -1.63175E-03 
3.19674E-03 -1.72456E-03 
3.20227E-03 -1.80340E-03 
3.20315E-03 -1.87442E-03 
3.22218E-03 -1.95571E-03 
3.32420E-03 -2.09920E-03 
3.64690E-03 -2.41592E-03 
4.27852E-03 -2.97885E-03 
4.94060E-03 -3.56627E-03 
5.23502E-03 -3.85665E-03 
1.38699E-03 1.01247E-03 
1.64100E-03 7.17487E-04 
1.86144E-03 4.49606E-04 
2.06316E-03 1.97225E-04 
2.25387E-03 -4.75037E-05 
2.43294E-03 -2.83849E-04 
2.59793E-03 -5.09291E-04 
2.71370E-03 -6.74161E-04 
2.74554E-03 -7.20685E-04 
2.88465E-03 -9.31585E-04 
3.00398E-03 -1.12492E-03 
3.10400E-03 -1.30031E-03 
3.18409E-03 -1.45671E-03 
3.23686E-03 -1.58581E-03 
3.27481E-03 -1.69985E-03 
3.29534E-03 -1.79657E-03 
3.29938E-03 -1.87638E-03 
3.28849E-03 -1.94028E-03 
3.26576E-03 -1.99053E-03 
3.23838E-03 -2.03281E-03 
3.22634E-03 -2.08319E-03 
3.28567E-03 -2.18708E-03 
3.53438E-03 -2.44076E-03 
4.04674E-03 -2.90632E-03 
4.58240E-03 -3.39024E-03 
4.80139E-03 -3.61500E-03 
1.94614E-03 3.91416E-04 
2.17698E-03 1.12130E-04 
2.36958E-03 -1.35251E-04 
2.53853E-03 -3.62375E-04 
2.69624E-03 -5.81125E-04 
2.84006E-03 -7.88541E-04 
2.97248E-03 -9.87017E-04 
3.06374E-03 -1.13107E-03 
3.08856E-03 -1.17156E-03 
3.19397E-03 -1.35313E-03 
3.27903E-03 -1.51596E-03 
3.34483E-03 -1.66023E-03 
3.39112E-03 -1.78524E-03 
3.41216E-03 -1.88411E-03 
3.41883E-03 -1.96778E-03 
3.40923E-03 -2.03460E-03 
3.38424E-03 -2.08501E-03 
3.34550E-03 -2.12015E-03 
3.29598E-03 -2.14229E-03 
3.24222E-03 -2.15671E-03 
3.20171E-03 -2.17765E-03 
3.22275E-03 -2.24475E-03 
3.40626E-03 -2.44125E-03 
3.81461E-03 -2.81986E-03 
4.24090E-03 -3.21222E-03 
4.39556E-03 -3.37956E-03 
2.48405E-03 -2.27131E-04 
2.68774E-03 -4.85681E-04 
2.85199E-03 -7.10397E-04 
2.98663E-03 -9.08902E-04 
3.10986E-03 -1.09855E-03 
3.22001E-03 -1.27725E-03 
3.31717E-03 -1.44457E-03 
3.38202E-03 -1.56497E-03 
3.39909E-03 -1.59849E-03 
3.46833E-03 -1.74710E-03 
3.51828E-03 -1.87735E-03 
3.54933E-03 -1.98864E-03 
3.56174E-03 -2.08084E-03 
3.55148E-03 -2.14861E-03 
3.52745E-03 -2.20127E-03 
3.48828E-03 -2.23769E-03 
3.43510E-03 -2.25854E-03 
3.36967E-03 -2.26514E-03 
3.29487E-03 -2.25979E-03 
3.21660E-03 -2.24733E-03 
3.15016E-03 -2.24044E-03 
3.13710E-03 -2.27359E-03 
3.26353E-03 -2.41858E-03 
3.58163E-03 -2.72000E-03 
3.91378E-03 -3.03185E-03 
4.01393E-03 -3.14926E-03 
2.99751E-03 -8.36917E-04 
3.16738E-03 -1.06704E-03 
3.30144E-03 -1.26566E-03 
3.40246E-03 -1.43467E-03 
3.49018E-03 -1.59280E-03 
3.56643E-03 -1.74082E-03 
3.62808E-03 -1.87565E-03 
3.66434E-03 -1.96940E-03 
3.67330E-03 -1.99527E-03 
3.70562E-03 -2.10861E-03 
3.71897E-03 -2.20336E-03 
3.71481E-03 -2.28006E-03 
3.69368E-03 -2.33865E-03 
3.65297E-03 -2.37509E-03 
3.59941E-03 -2.39687E-03 
3.53211E-03 -2.40330E-03 
3.45241E-03 -2.39531E-03 
3.36210E-03 -2.37433E-03 
3.26400E-03 -2.34268E-03 
3.16350E-03 -2.30490E-03 
3.07399E-03 -2.27224E-03 
3.03121E-03 -2.27469E-03 
3.10854E-03 -2.37412E-03 
3.34963E-03 -2.60821E-03 
3.60206E-03 -2.85046E-03 
3.65693E-03 -2.92526E-03 
3.48869E-03 -1.43908E-03 
3.61782E-03 -1.63320E-03 
3.72231E-03 -1.80496E-03 
3.78828E-03 -1.94162E-03 
3.83526E-03 -2.06184E-03 
3.87676E-03 -2.17716E-03 
3.90357E-03 -2.27852E-03 
3.91410E-03 -2.34713E-03 
3.91512E-03 -2.36522E-03 
3.90806E-03 -2.43978E-03 
3.88396E-03 -2.49714E-03 
3.84455E-03 -2.53794E-03 
3.79016E-03 -2.56199E-03 
3.71926E-03 -2.56636E-03 
3.63684E-03 -2.55696E-03 
3.54241E-03 -2.53350E-03 
3.43741E-03 -2.49709E-03 
3.32376E-03 -2.44931E-03 
3.20417E-03 -2.39248E-03 
3.08355E-03 -2.33083E-03 
2.97360E-03 -2.27434E-03 
2.90496E-03 -2.24905E-03 
2.94004E-03 -2.30811E-03 
3.11514E-03 -2.48325E-03 
3.29978E-03 -2.66508E-03 
3.31705E-03 -2.70349E-03 
3.94740E-03 -2.02113E-03 
4.03224E-03 -2.17454E-03 
4.10338E-03 -2.31460E-03 
4.13614E-03 -2.41914E-03 
4.14253E-03 -2.50037E-03 
4.14482E-03 -2.57746E-03 
4.13529E-03 -2.64278E-03 
4.11945E-03 -2.68477E-03 
4.11304E-03 -2.69528E-03 
4.07135E-03 -2.73424E-03 
4.01112E-03 -2.75409E-03 
3.93703E-03 -2.75847E-03 
3.84999E-03 -2.74756E-03 
3.74964E-03 -2.71965E-03 
3.63946E-03 -2.67933E-03 
3.51929E-03 -2.62659E-03 
3.39067E-03 -2.56272E-03 
3.25559E-03 -2.48942E-03 
3.11666E-03 -2.40900E-03 
2.97834E-03 -2.32538E-03 
2.85082E-03 -2.24742E-03 
2.76036E-03 -2.19768E-03 
2.75989E-03 -2.22175E-03 
2.87948E-03 -2.34620E-03 
3.00749E-03 -2.47652E-03 
2.99435E-03 -2.48457E-03 
4.36312E-03 -2.57053E-03 
4.40244E-03 -2.68073E-03 
4.43537E-03 -2.78369E-03 
4.44005E-03 -2.85956E-03 
4.40958E-03 -2.90380E-03 
4.37017E-03 -2.93925E-03 
4.32518E-03 -2.96821E-03 
4.28156E-03 -2.98159E-03 
4.26744E-03 -2.98408E-03 
4.19020E-03 -2.98541E-03 
4.09713E-03 -2.96972E-03 
3.98991E-03 -2.93796E-03 
3.87148E-03 -2.89239E-03 
3.74284E-03 -2.83260E-03 
3.60639E-03 -2.76212E-03 
3.46229E-03 -2.68126E-03 
3.31214E-03 -2.59141E-03 
3.15793E-03 -2.49435E-03 
3.00214E-03 -2.39236E-03 
2.84882E-03 -2.28908E-03 
2.70680E-03 -2.19230E-03 
2.59852E-03 -2.12156E-03 
2.56876E-03 -2.11584E-03 
2.64228E-03 -2.19728E-03 
2.72361E-03 -2.28424E-03 
2.68651E-03 -2.26751E-03 
4.72192E-03 -3.07126E-03 
4.71874E-03 -3.13972E-03 
4.71075E-03 -3.20216E-03 
4.68941E-03 -3.25032E-03 
4.62729E-03 -3.26138E-03 
4.54942E-03 -3.25714E-03 
4.46910E-03 -3.24898E-03 
4.39901E-03 -3.23412E-03 
4.37707E-03 -3.22824E-03 
4.26424E-03 -3.19108E-03 
4.13821E-03 -3.13889E-03 
3.99916E-03 -3.07147E-03 
3.85096E-03 -2.99202E-03 
3.69643E-03 -2.90193E-03 
3.53627E-03 -2.80311E-03 
3.37074E-03 -2.69601E-03 
3.20165E-03 -2.58226E-03 
3.03102E-03 -2.46374E-03 
2.86124E-03 -2.34269E-03 
2.69591E-03 -2.22244E-03 
2.54267E-03 -2.10985E-03 
2.42061E-03 -2.02173E-03 
2.36746E-03 -1.99132E-03 
2.40341E-03 -2.03687E-03 
2.44692E-03 -2.08793E-03 
2.39169E-03 -2.05162E-03 
5.00807E-03 -3.50537E-03 
4.96741E-03 -3.53580E-03 
4.91988E-03 -3.55793E-03 
4.86964E-03 -3.57521E-03 
4.78434E-03 -3.56007E-03 
4.67255E-03 -3.51939E-03 
4.55881E-03 -3.47514E-03 
4.46418E-03 -3.43332E-03 
4.43500E-03 -3.41943E-03 
4.28764E-03 -3.34388E-03 
4.12958E-03 -3.25543E-03 
3.96122E-03 -3.15415E-03 
3.78637E-03 -3.04317E-03 
3.60867E-03 -2.92484E-03 
3.42758E-03 -2.79991E-03 
3.24366E-03 -2.66913E-03 
3.05882E-03 -2.53426E-03 
2.87503E-03 -2.39721E-03 
2.69455E-03 -2.26015E-03 
2.52057E-03 -2.12611E-03 
2.35964E-03 -2.00106E-03 
2.22788E-03 -1.89940E-03 
2.15691E-03 -1.84927E-03 
2.16299E-03 -1.86557E-03 
2.17658E-03 -1.88755E-03 
2.10851E-03 -1.83651E-03 
5.20562E-03 -3.85417E-03 
5.13408E-03 -3.85187E-03 
5.05085E-03 -3.83668E-03 
4.97108E-03 -3.82198E-03 
4.86652E-03 -3.78368E-03 
4.72864E-03 -3.71333E-03 
4.58258E-03 -3.63335E-03 
4.46521E-03 -3.56584E-03 
4.43000E-03 -3.54498E-03 
4.25478E-03 -3.43677E-03 
4.06735E-03 -3.31404E-03 
3.87295E-03 -3.18142E-03 
3.67478E-03 -3.04162E-03 
3.47740E-03 -2.89809E-03 
3.27912E-03 -2.75038E-03 
3.08054E-03 -2.59929E-03 
2.88370E-03 -2.44679E-03 
2.69056E-03 -2.29483E-03 
2.50315E-03 -2.14542E-03 
2.32427E-03 -2.00126E-03 
2.15943E-03 -1.86749E-03 
2.02213E-03 -1.75631E-03 
1.93865E-03 -1.69138E-03 
1.92185E-03 -1.68461E-03 
1.91259E-03 -1.68379E-03 
1.83649E-03 -1.62258E-03 
5.30173E-03 -4.10237E-03 
5.20439E-03 -4.07157E-03 
5.09227E-03 -4.02483E-03 
4.98287E-03 -3.97780E-03 
4.86184E-03 -3.91860E-03 
4.70418E-03 -3.82403E-03 
4.53105E-03 -3.71286E-03 
4.39308E-03 -3.62129E-03 
4.35186E-03 -3.59340E-03 
4.15268E-03 -3.45591E-03 
3.94482E-03 -3.30695E-03 
3.72991E-03 -3.14794E-03 
3.51309E-03 -2.98358E-03 
3.30028E-03 -2.81872E-03 
3.08917E-03 -2.65228E-03 
2.88043E-03 -2.48513E-03 
2.67603E-03 -2.31928E-03 
2.47787E-03 -2.15664E-03 
2.28777E-03 -1.99908E-03 
2.10809E-03 -1.84896E-03 
1.94339E-03 -1.71056E-03 
1.80479E-03 -1.59410E-03 
1.71383E-03 -1.51917E-03 
1.68043E-03 -1.49506E-03 
1.65462E-03 -1.47716E-03 
1.57488E-03 -1.41006E-03 
5.28606E-03 -4.23561E-03 
5.16713E-03 -4.17991E-03 
5.03333E-03 -4.10807E-03 
4.89827E-03 -4.03218E-03 
4.76212E-03 -3.95334E-03 
4.59085E-03 -3.84021E-03 
4.39673E-03 -3.70333E-03 
4.24312E-03 -3.59230E-03 
4.19763E-03 -3.55897E-03 
3.97926E-03 -3.39657E-03 
3.75690E-03 -3.22695E-03 
3.52875E-03 -3.04844E-03 
3.29918E-03 -2.86512E-03 
3.07661E-03 -2.68443E-03 
2.85813E-03 -2.50459E-03 
2.64464E-03 -2.32677E-03 
2.43798E-03 -2.15288E-03 
2.23986E-03 -1.98471E-03 
2.05186E-03 -1.82395E-03 
1.87590E-03 -1.67255E-03 
1.71561E-03 -1.53401E-03 
1.57998E-03 -1.41667E-03 
1.48639E-03 -1.33651E-03 
1.44219E-03 -1.30050E-03 
1.40556E-03 -1.27089E-03 
1.32619E-03 -1.20192E-03 
5.15475E-03 -4.24761E-03 
5.01771E-03 -4.17013E-03 
4.86856E-03 -4.07890E-03 
4.71317E-03 -3.97901E-03 
4.56293E-03 -3.88159E-03 
4.38490E-03 -3.75628E-03 
4.17487E-03 -3.59858E-03 
4.01316E-03 -3.47519E-03 
3.96580E-03 -3.43871E-03 
3.73571E-03 -3.25851E-03 
3.50302E-03 -3.07234E-03 
3.26697E-03 -2.87960E-03 
3.03165E-03 -2.68419E-03 
2.80594E-03 -2.49423E-03 
2.58660E-03 -2.30755E-03 
2.37449E-03 -2.12529E-03 
2.17146E-03 -1.94940E-03 
1.97893E-03 -1.78147E-03 
1.79819E-03 -1.62291E-03 
1.63067E-03 -1.47524E-03 
1.47915E-03 -1.34121E-03 
1.35070E-03 -1.22742E-03 
1.25897E-03 -1.14658E-03 
1.20917E-03 -1.10367E-03 
1.16676E-03 -1.06718E-03 
1.09130E-03 -9.99997E-04 
4.91133E-03 -4.13905E-03 
4.75957E-03 -4.04286E-03 
4.59908E-03 -3.93595E-03 
4.42971E-03 -3.81794E-03 
4.26483E-03 -3.70161E-03 
4.08625E-03 -3.57003E-03 
3.86850E-03 -3.39937E-03 
3.70061E-03 -3.26566E-03 
3.65261E-03 -3.22723E-03 
3.42153E-03 -3.03971E-03 
3.18420E-03 -2.84278E-03 
2.94731E-03 -2.64291E-03 
2.71367E-03 -2.44293E-03 
2.49212E-03 -2.25115E-03 
2.27893E-03 -2.06483E-03 
2.07485E-03 -1.88504E-03 
1.88162E-03 -1.71366E-03 
1.70043E-03 -1.55207E-03 
1.53220E-03 -1.40136E-03 
1.37786E-03 -1.26257E-03 
1.23938E-03 -1.13769E-03 
1.12204E-03 -1.03174E-03 
1.03627E-03 -9.54476E-04 
9.85463E-04 -9.09201E-04 
9.41680E-04 -8.70180E-04 
8.73141E-04 -8.07982E-04 
4.56881E-03 -3.92055E-03 
4.40501E-03 -3.80812E-03 
4.23547E-03 -3.68768E-03 
4.05768E-03 -3.55674E-03 
3.87995E-03 -3.42331E-03 
3.70369E-03 -3.28847E-03 
3.48744E-03 -3.11374E-03 
3.31584E-03 -2.97230E-03 
3.26760E-03 -2.93240E-03 
3.04005E-03 -2.74234E-03 
2.80806E-03 -2.54469E-03 
2.57722E-03 -2.34485E-03 
2.35271E-03 -2.14803E-03 
2.14259E-03 -1.96206E-03 
1.94273E-03 -1.78368E-03 
1.75355E-03 -1.61364E-03 
1.57644E-03 -1.45355E-03 
1.41229E-03 -1.30449E-03 
1.26161E-03 -1.16717E-03 
1.12485E-03 -1.04217E-03 
1.00320E-03 -9.30717E-04 
9.00401E-04 -8.36420E-04 
8.24049E-04 -7.66454E-04 
7.76128E-04 -7.22771E-04 
7.34655E-04 -6.84938E-04 
6.75349E-04 -6.30300E-04 
4.14899E-03 -3.61213E-03 
3.97578E-03 -3.48590E-03 
3.79906E-03 -3.35372E-03 
3.61610E-03 -3.21299E-03 
3.43011E-03 -3.06685E-03 
3.25452E-03 -2.92759E-03 
3.04926E-03 -2.75799E-03 
2.87819E-03 -2.61323E-03 
2.83051E-03 -2.57274E-03 
2.60629E-03 -2.38050E-03 
2.38581E-03 -2.18859E-03 
2.17066E-03 -1.99872E-03 
1.96294E-03 -1.81325E-03 
1.77120E-03 -1.64054E-03 
1.59132E-03 -1.47729E-03 
1.42330E-03 -1.32385E-03 
1.26802E-03 -1.18134E-03 
1.12591E-03 -1.05042E-03 
9.97031E-04 -9.31321E-04 
8.81339E-04 -8.24160E-04 
7.79368E-04 -7.29539E-04 
6.93557E-04 -6.49825E-04 
6.29158E-04 -5.90014E-04 
5.87121E-04 -5.51060E-04 
5.50735E-04 -5.17314E-04 
5.02089E-04 -4.71957E-04 
3.68023E-03 -3.24113E-03 
3.50025E-03 -3.10360E-03 
3.31824E-03 -2.96159E-03 
3.13373E-03 -2.81458E-03 
2.94304E-03 -2.65930E-03 
2.76714E-03 -2.51508E-03 
2.57689E-03 -2.35479E-03 
2.41300E-03 -2.21331E-03 
2.36632E-03 -2.17278E-03 
2.15054E-03 -1.98389E-03 
1.94462E-03 -1.80135E-03 
1.75031E-03 -1.62719E-03 
1.56639E-03 -1.46060E-03 
1.39878E-03 -1.30754E-03 
1.24397E-03 -1.16519E-03 
1.10174E-03 -1.03367E-03 
9.72337E-04 -9.13495E-04 
8.55612E-04 -8.04729E-04 
7.51116E-04 -7.07110E-04 
6.58398E-04 -6.20325E-04 
5.77457E-04 -5.44456E-04 
5.09701E-04 -4.80884E-04 
4.58537E-04 -4.32866E-04 
4.24240E-04 -4.00696E-04 
3.94630E-04 -3.72898E-04 
3.57012E-04 -3.37493E-04 
3.19297E-03 -2.83778E-03 
3.00960E-03 -2.69229E-03 
2.82503E-03 -2.54321E-03 
2.64148E-03 -2.39255E-03 
2.45146E-03 -2.23341E-03 
2.27571E-03 -2.08508E-03 
2.10152E-03 -1.93565E-03 
1.94941E-03 -1.80217E-03 
1.90521E-03 -1.76312E-03 
1.70534E-03 -1.58537E-03 
1.51928E-03 -1.41804E-03 
1.34766E-03 -1.26216E-03 
1.19027E-03 -1.11796E-03 
1.04995E-03 -9.88434E-04 
9.23046E-04 -8.70558E-04 
8.08849E-04 -7.63957E-04 
7.06905E-04 -6.68424E-04 
6.16445E-04 -5.83404E-04 
5.36624E-04 -5.08217E-04 
4.66665E-04 -4.42214E-04 
4.06197E-04 -3.85097E-04 
3.55882E-04 -3.37530E-04 
3.17777E-04 -3.01485E-04 
2.91792E-04 -2.76889E-04 
2.69453E-04 -2.55726E-04 
2.42146E-04 -2.29843E-04 
2.71589E-03 -2.43119E-03 
2.53296E-03 -2.28164E-03 
2.34986E-03 -2.12959E-03 
2.17014E-03 -1.97835E-03 
1.98603E-03 -1.82071E-03 
1.81501E-03 -1.67305E-03 
1.65782E-03 -1.53601E-03 
1.52030E-03 -1.41366E-03 
1.47872E-03 -1.37637E-03 
1.29932E-03 -1.21478E-03 
1.13806E-03 -1.06814E-03 
9.91113E-04 -9.33271E-04 
8.60452E-04 -8.12426E-04 
7.47820E-04 -7.07594E-04 
6.48873E-04 -6.14996E-04 
5.62186E-04 -5.33515E-04 
4.86509E-04 -4.62136E-04 
4.20589E-04 -3.99797E-04 
3.63301E-04 -3.45516E-04 
3.13715E-04 -2.98468E-04 
2.71278E-04 -2.58163E-04 
2.36194E-04 -2.24814E-04 
2.09613E-04 -1.99525E-04 
1.91311E-04 -1.82084E-04 
1.75666E-04 -1.67162E-04 
1.57064E-04 -1.49439E-04 
---
