PdfType: replica
Format: lhagrid1
---
1.00000E-06 1.28121E-06 1.64152E-06 2.10317E-06 2.69463E-06 3.45242E-06 4.42329E-06 5.66715E-06 7.26076E-06 9.30241E-06 1.19180E-05 1.52689E-05 1.95617E-05 2.50609E-05 3.21053E-05 4.11287E-05 5.26863E-05 6.74889E-05 8.64459E-05 1.10720E-04 1.41800E-04 1.81585E-04 2.32503E-04 2.97652E-04 3.80981E-04 4.87518E-04 6.26039E-04 8.00452E-04 1.02297E-03 1.30657E-03 1.66759E-03 2.12729E-03 2.71054E-03 3.44865E-03 4.37927E-03 5.54908E-03 7.01192E-03 8.83064E-03 1.10763E-02 1.38266E-02 1.71641E-02 2.11717E-02 2.59364E-02 3.15062E-02 3.79623E-02 4.53425E-02 5.36750E-02 6.29705E-02 7.32221E-02 8.44039E-02 9.64793E-02 1.09332E-01 1.23067E-01 1.37507E-01 1.52639E-01 1.68416E-01 1.84794E-01 2.01731E-01 2.19016E-01 2.36948E-01 2.55242E-01 2.73927E-01 2.92954E-01 3.12340E-01 3.32036E-01 3.52019E-01 3.72282E-01 3.92772E-01 4.13533E-01 4.34326E-01 4.55495E-01 4.76836E-01 4.98342E-01 5.20006E-01 5.41818E-01 5.63773E-01 5.85861E-01 6.08077E-01 6.30459E-01 6.52800E-01 6.75387E-01 6.98063E-01 7.20830E-01 7.43683E-01 7.66623E-01 7.89636E-01 8.12791E-01 8.35940E-01 8.59175E-01 8.82485E-01 9.05866E-01 9.29311E-01 9.52817E-01 9.76387E-01 1.00000E+00 
1.14018E+00 1.22539E+00 1.32482E+00 1.44156E+00 1.57954E+00 1.74381E+00 1.94091E+00 2.12132E+00 2.17945E+00 2.49622E+00 2.89383E+00 3.39925E+00 4.05063E+00 4.90286E+00 6.03623E+00 7.57063E+00 9.68869E+00 1.26749E+01 1.69835E+01 2.33578E+01 3.30501E+01 4.82334E+01 7.28041E+01 1.13998E+02 1.85779E+02 3.16228E+02 
908 909 
-3.21066E+02 -7.81152E+01 
-3.25064E+02 -7.92517E+01 
-3.28786E+02 -8.07057E+01 
-3.32252E+02 -8.18919E+01 
-3.35770E+02 -8.31303E+01 
-3.39347E+02 -8.44352E+01 
-3.42993E+02 -8.58231E+01 
-3.45871E+02 -8.69658E+01 
-3.46723E+02 -8.73127E+01 
-3.50864E+02 -8.90566E+01 
-3.55162E+02 -9.09708E+01 
-3.59661E+02 -9.30857E+01 
-3.64417E+02 -9.54329E+01 
-3.70211E+02 -9.80611E+01 
-3.76047E+02 -1.01069E+02 
-3.82471E+02 -1.04419E+02 
-3.89608E+02 -1.08154E+02 
-3.97621E+02 -1.12321E+02 
-4.06749E+02 -1.16989E+02 
-4.17439E+02 -1.22282E+02 
-4.30796E+02 -1.28539E+02 
-4.49983E+02 -1.36805E+02 
-4.82743E+02 -1.49768E+02 
-5.38133E+02 -1.70744E+02 
-6.08751E+02 -1.97254E+02 
-6.73133E+02 -2.21385E+02 
-2.63178E+02 -6.38667E+01 
-2.66475E+02 -6.48020E+01 
-2.69576E+02 -6.60344E+01 
-2.72457E+02 -6.70209E+01 
-2.75385E+02 -6.80540E+01 
-2.78364E+02 -6.91462E+01 
-2.81406E+02 -7.03118E+01 
-2.83812E+02 -7.12739E+01 
-2.84525E+02 -7.15664E+01 
-2.87996E+02 -7.30389E+01 
-2.91611E+02 -7.46582E+01 
-2.95409E+02 -7.64488E+01 
-2.99438E+02 -7.84361E+01 
-3.04347E+02 -8.06255E+01 
-3.09328E+02 -8.31505E+01 
-3.14821E+02 -8.59581E+01 
-3.20931E+02 -8.90807E+01 
-3.27795E+02 -9.25557E+01 
-3.35615E+02 -9.64346E+01 
-3.44761E+02 -1.00818E+02 
-3.56153E+02 -1.05978E+02 
-3.72428E+02 -1.12769E+02 
-4.00062E+02 -1.23390E+02 
-4.46668E+02 -1.40536E+02 
-5.06115E+02 -1.62134E+02 
-5.60417E+02 -1.81665E+02 
-2.15716E+02 -5.21952E+01 
-2.18434E+02 -5.29678E+01 
-2.21024E+02 -5.40077E+01 
-2.23416E+02 -5.48314E+01 
-2.25849E+02 -5.56966E+01 
-2.28329E+02 -5.66139E+01 
-2.30866E+02 -5.75955E+01 
-2.32876E+02 -5.84075E+01 
-2.33472E+02 -5.86547E+01 
-2.36382E+02 -5.99000E+01 
-2.39423E+02 -6.12709E+01 
-2.42629E+02 -6.27872E+01 
-2.46043E+02 -6.44690E+01 
-2.50200E+02 -6.62894E+01 
-2.54448E+02 -6.84058E+01 
-2.59140E+02 -7.07540E+01 
-2.64366E+02 -7.33588E+01 
-2.70239E+02 -7.62486E+01 
-2.76928E+02 -7.94630E+01 
-2.84741E+02 -8.30809E+01 
-2.94442E+02 -8.73233E+01 
-3.08228E+02 -9.28850E+01 
-3.31511E+02 -1.01560E+02 
-3.70682E+02 -1.15534E+02 
-4.20662E+02 -1.33066E+02 
-4.66389E+02 -1.48804E+02 
-1.76787E+02 -4.26582E+01 
-1.79025E+02 -4.32976E+01 
-1.81192E+02 -4.41729E+01 
-1.83178E+02 -4.48621E+01 
-1.85200E+02 -4.55879E+01 
-1.87264E+02 -4.63594E+01 
-1.89380E+02 -4.71870E+01 
-1.91060E+02 -4.78727E+01 
-1.91560E+02 -4.80816E+01 
-1.94001E+02 -4.91348E+01 
-1.96559E+02 -5.02949E+01 
-1.99268E+02 -5.15776E+01 
-2.02163E+02 -5.29986E+01 
-2.05682E+02 -5.45083E+01 
-2.09303E+02 -5.62779E+01 
-2.13308E+02 -5.82365E+01 
-2.17773E+02 -6.04029E+01 
-2.22794E+02 -6.27985E+01 
-2.28508E+02 -6.54532E+01 
-2.35172E+02 -6.84288E+01 
-2.43420E+02 -7.19031E+01 
-2.55083E+02 -7.64404E+01 
-2.74680E+02 -8.34988E+01 
-3.07572E+02 -9.48405E+01 
-3.49546E+02 -1.09009E+02 
-3.87989E+02 -1.21620E+02 
-1.44855E+02 -3.48753E+01 
-1.46699E+02 -3.54047E+01 
-1.48513E+02 -3.61410E+01 
-1.50162E+02 -3.67177E+01 
-1.51844E+02 -3.73266E+01 
-1.53563E+02 -3.79754E+01 
-1.55329E+02 -3.86728E+01 
-1.56735E+02 -3.92515E+01 
-1.57154E+02 -3.94279E+01 
-1.59203E+02 -4.03176E+01 
-1.61359E+02 -4.12978E+01 
-1.63649E+02 -4.23807E+01 
-1.66106E+02 -4.35784E+01 
-1.69083E+02 -4.48264E+01 
-1.72169E+02 -4.63016E+01 
-1.75586E+02 -4.79301E+01 
-1.79398E+02 -4.97258E+01 
-1.83684E+02 -5.17045E+01 
-1.88558E+02 -5.38886E+01 
-1.94234E+02 -5.63261E+01 
-2.01237E+02 -5.91591E+01 
-2.11092E+02 -6.28440E+01 
-2.27570E+02 -6.85603E+01 
-2.55165E+02 -7.77204E+01 
-2.90375E+02 -8.91079E+01 
-3.22644E+02 -9.91502E+01 
-1.18666E+02 -2.85261E+01 
-1.20186E+02 -2.89640E+01 
-1.21705E+02 -2.95834E+01 
-1.23076E+02 -3.00654E+01 
-1.24475E+02 -3.05755E+01 
-1.25909E+02 -3.11204E+01 
-1.27385E+02 -3.17072E+01 
-1.28563E+02 -3.21948E+01 
-1.28914E+02 -3.23434E+01 
-1.30637E+02 -3.30936E+01 
-1.32455E+02 -3.39198E+01 
-1.34394E+02 -3.48315E+01 
-1.36480E+02 -3.58381E+01 
-1.38998E+02 -3.68659E+01 
-1.41626E+02 -3.80915E+01 
-1.44540E+02 -3.94407E+01 
-1.47791E+02 -4.09236E+01 
-1.51445E+02 -4.25515E+01 
-1.55598E+02 -4.43408E+01 
-1.60424E+02 -4.63286E+01 
-1.66361E+02 -4.86279E+01 
-1.74676E+02 -5.16054E+01 
-1.88517E+02 -5.62097E+01 
-2.11645E+02 -6.35652E+01 
-2.41147E+02 -7.26601E+01 
-2.68187E+02 -8.05988E+01 
-9.71944E+01 -2.33450E+01 
-9.84486E+01 -2.37064E+01 
-9.97205E+01 -2.42278E+01 
-1.00861E+02 -2.46297E+01 
-1.02027E+02 -2.50562E+01 
-1.03224E+02 -2.55128E+01 
-1.04460E+02 -2.60055E+01 
-1.05447E+02 -2.64153E+01 
-1.05742E+02 -2.65403E+01 
-1.07192E+02 -2.71711E+01 
-1.08728E+02 -2.78655E+01 
-1.10370E+02 -2.86308E+01 
-1.12143E+02 -2.94739E+01 
-1.14271E+02 -3.03169E+01 
-1.16509E+02 -3.13313E+01 
-1.18991E+02 -3.24447E+01 
-1.21760E+02 -3.36644E+01 
-1.24872E+02 -3.49980E+01 
-1.28404E+02 -3.64573E+01 
-1.32501E+02 -3.80706E+01 
-1.37525E+02 -3.99269E+01 
-1.44531E+02 -4.23193E+01 
-1.56143E+02 -4.60054E+01 
-1.75506E+02 -5.18730E+01 
-2.00192E+02 -5.90847E+01 
-2.22808E+02 -6.53082E+01 
-7.95974E+01 -1.91141E+01 
-8.06326E+01 -1.94116E+01 
-8.16979E+01 -1.98508E+01 
-8.26482E+01 -2.01849E+01 
-8.36210E+01 -2.05404E+01 
-8.46215E+01 -2.09220E+01 
-8.56564E+01 -2.13345E+01 
-8.64860E+01 -2.16780E+01 
-8.67340E+01 -2.17828E+01 
-8.79556E+01 -2.23117E+01 
-8.92536E+01 -2.28935E+01 
-9.06457E+01 -2.35337E+01 
-9.21522E+01 -2.42372E+01 
-9.39498E+01 -2.49254E+01 
-9.58536E+01 -2.57617E+01 
-9.79657E+01 -2.66768E+01 
-1.00322E+02 -2.76756E+01 
-1.02968E+02 -2.87632E+01 
-1.05967E+02 -2.99477E+01 
-1.09439E+02 -3.12502E+01 
-1.13683E+02 -3.27405E+01 
-1.19576E+02 -3.46508E+01 
-1.29305E+02 -3.75815E+01 
-1.45495E+02 -4.22272E+01 
-1.66120E+02 -4.78986E+01 
-1.84998E+02 -5.27305E+01 
-6.51805E+01 -1.56561E+01 
-6.60357E+01 -1.59002E+01 
-6.69283E+01 -1.62701E+01 
-6.77207E+01 -1.65468E+01 
-6.85330E+01 -1.68423E+01 
-6.93700E+01 -1.71602E+01 
-7.02379E+01 -1.75046E+01 
-7.09353E+01 -1.77916E+01 
-7.11441E+01 -1.78792E+01 
-7.21742E+01 -1.83212E+01 
-7.32721E+01 -1.88070E+01 
-7.44527E+01 -1.93405E+01 
-7.57333E+01 -1.99253E+01 
-7.72504E+01 -2.04843E+01 
-7.88683E+01 -2.11709E+01 
-8.06634E+01 -2.19198E+01 
-8.26654E+01 -2.27341E+01 
-8.49110E+01 -2.36167E+01 
-8.74530E+01 -2.45731E+01 
-9.03893E+01 -2.56188E+01 
-9.39673E+01 -2.68078E+01 
-9.89155E+01 -2.83225E+01 
-1.07055E+02 -3.06346E+01 
-1.20571E+02 -3.42816E+01 
-1.37774E+02 -3.86993E+01 
-1.53498E+02 -4.24082E+01 
-5.33729E+01 -1.28272E+01 
-5.40797E+01 -1.30269E+01 
-5.48280E+01 -1.33382E+01 
-5.54892E+01 -1.35665E+01 
-5.61681E+01 -1.38112E+01 
-5.68690E+01 -1.40753E+01 
-5.75975E+01 -1.43618E+01 
-5.81841E+01 -1.46008E+01 
-5.83600E+01 -1.46738E+01 
-5.92292E+01 -1.50419E+01 
-6.01582E+01 -1.54461E+01 
-6.11597E+01 -1.58890E+01 
-6.22480E+01 -1.63730E+01 
-6.35269E+01 -1.68245E+01 
-6.49003E+01 -1.73858E+01 
-6.64239E+01 -1.79959E+01 
-6.81220E+01 -1.86565E+01 
-7.00247E+01 -1.93691E+01 
-7.21749E+01 -2.01370E+01 
-7.46531E+01 -2.09713E+01 
-7.76635E+01 -2.19134E+01 
-8.18104E+01 -2.31051E+01 
-8.86075E+01 -2.49131E+01 
-9.98732E+01 -2.77478E+01 
-1.14195E+02 -3.11506E+01 
-1.27261E+02 -3.39589E+01 
-4.37045E+01 -1.05112E+01 
-4.42889E+01 -1.06737E+01 
-4.49169E+01 -1.09354E+01 
-4.54689E+01 -1.11230E+01 
-4.60366E+01 -1.13249E+01 
-4.66238E+01 -1.15435E+01 
-4.72356E+01 -1.17811E+01 
-4.77294E+01 -1.19795E+01 
-4.78776E+01 -1.20400E+01 
-4.86113E+01 -1.23455E+01 
-4.93975E+01 -1.26804E+01 
-5.02469E+01 -1.30466E+01 
-5.11716E+01 -1.34455E+01 
-5.22483E+01 -1.38079E+01 
-5.34125E+01 -1.42646E+01 
-5.47036E+01 -1.47592E+01 
-5.61414E+01 -1.52924E+01 
-5.77504E+01 -1.58645E+01 
-5.95655E+01 -1.64773E+01 
-6.16524E+01 -1.71385E+01 
-6.41797E+01 -1.78792E+01 
-6.76478E+01 -1.88084E+01 
-7.33135E+01 -2.02076E+01 
-8.26856E+01 -2.23853E+01 
-9.45837E+01 -2.49714E+01 
-1.05415E+02 -2.70620E+01 
-3.57889E+01 -8.61349E+00 
-3.62722E+01 -8.74538E+00 
-3.67998E+01 -8.96465E+00 
-3.72607E+01 -9.11823E+00 
-3.77355E+01 -9.28417E+00 
-3.82277E+01 -9.46440E+00 
-3.87416E+01 -9.66076E+00 
-3.91574E+01 -9.82481E+00 
-3.92823E+01 -9.87489E+00 
-3.99018E+01 -1.01274E+01 
-4.05671E+01 -1.04037E+01 
-4.12872E+01 -1.07051E+01 
-4.20722E+01 -1.10323E+01 
-4.29775E+01 -1.13213E+01 
-4.39628E+01 -1.16911E+01 
-4.50549E+01 -1.20900E+01 
-4.62700E+01 -1.25179E+01 
-4.76278E+01 -1.29744E+01 
-4.91567E+01 -1.34601E+01 
-5.09101E+01 -1.39801E+01 
-5.30268E+01 -1.45573E+01 
-5.59209E+01 -1.52744E+01 
-6.06336E+01 -1.63441E+01 
-6.84145E+01 -1.79935E+01 
-7.82769E+01 -1.99265E+01 
-8.72316E+01 -2.14493E+01 
-2.93089E+01 -7.05779E+00 
-2.97085E+01 -7.16433E+00 
-3.01523E+01 -7.34736E+00 
-3.05372E+01 -7.47249E+00 
-3.09344E+01 -7.60836E+00 
-3.13469E+01 -7.75643E+00 
-3.17787E+01 -7.91805E+00 
-3.21288E+01 -8.05318E+00 
-3.22341E+01 -8.09443E+00 
-3.27570E+01 -8.30225E+00 
-3.33198E+01 -8.52930E+00 
-3.39300E+01 -8.77620E+00 
-3.45958E+01 -9.04318E+00 
-3.53557E+01 -9.27185E+00 
-3.61882E+01 -9.56974E+00 
-3.71103E+01 -9.88964E+00 
-3.81351E+01 -1.02309E+01 
-3.92785E+01 -1.05928E+01 
-4.05632E+01 -1.09749E+01 
-4.20329E+01 -1.13803E+01 
-4.38014E+01 -1.18256E+01 
-4.62107E+01 -1.23722E+01 
-5.01219E+01 -1.31778E+01 
-5.65672E+01 -1.44051E+01 
-6.47224E+01 -1.58194E+01 
-7.21044E+01 -1.68969E+01 
-2.40043E+01 -5.78193E+00 
-2.43347E+01 -5.86761E+00 
-2.47085E+01 -6.01957E+00 
-2.50298E+01 -6.12105E+00 
-2.53620E+01 -6.23182E+00 
-2.57078E+01 -6.35297E+00 
-2.60705E+01 -6.48547E+00 
-2.63652E+01 -6.59630E+00 
-2.64540E+01 -6.63012E+00 
-2.68953E+01 -6.80042E+00 
-2.73711E+01 -6.98606E+00 
-2.78877E+01 -7.18728E+00 
-2.84518E+01 -7.40396E+00 
-2.90884E+01 -7.58330E+00 
-2.97906E+01 -7.82193E+00 
-3.05676E+01 -8.07693E+00 
-3.14300E+01 -8.34736E+00 
-3.23905E+01 -8.63201E+00 
-3.34675E+01 -8.93001E+00 
-3.46962E+01 -9.24294E+00 
-3.61700E+01 -9.58240E+00 
-3.81707E+01 -9.99282E+00 
-4.14090E+01 -1.05882E+01 
-4.67350E+01 -1.14807E+01 
-5.34608E+01 -1.24863E+01 
-5.95279E+01 -1.32178E+01 
-1.96618E+01 -4.73525E+00 
-1.99348E+01 -4.80386E+00 
-2.02501E+01 -4.92910E+00 
-2.05182E+01 -5.01101E+00 
-2.07959E+01 -5.10091E+00 
-2.10857E+01 -5.19960E+00 
-2.13904E+01 -5.30774E+00 
-2.16383E+01 -5.39822E+00 
-2.17131E+01 -5.42583E+00 
-2.20853E+01 -5.56469E+00 
-2.24874E+01 -5.71569E+00 
-2.29243E+01 -5.87878E+00 
-2.34015E+01 -6.05359E+00 
-2.39338E+01 -6.19283E+00 
-2.45248E+01 -6.38283E+00 
-2.51781E+01 -6.58475E+00 
-2.59023E+01 -6.79744E+00 
-2.67073E+01 -7.01948E+00 
-2.76078E+01 -7.24962E+00 
-2.86323E+01 -7.48837E+00 
-2.98572E+01 -7.74340E+00 
-3.15141E+01 -8.04581E+00 
-3.41883E+01 -8.47504E+00 
-3.85779E+01 -9.10415E+00 
-4.41092E+01 -9.79064E+00 
-4.90794E+01 -1.02562E+01 
-1.61067E+01 -3.87642E+00 
-1.63320E+01 -3.93109E+00 
-1.65985E+01 -4.03337E+00 
-1.68220E+01 -4.09912E+00 
-1.70541E+01 -4.17173E+00 
-1.72968E+01 -4.25175E+00 
-1.75525E+01 -4.33958E+00 
-1.77611E+01 -4.41308E+00 
-1.78240E+01 -4.43550E+00 
-1.81377E+01 -4.54813E+00 
-1.84770E+01 -4.67026E+00 
-1.88461E+01 -4.80164E+00 
-1.92492E+01 -4.94178E+00 
-1.96933E+01 -5.04861E+00 
-2.01897E+01 -5.19890E+00 
-2.07378E+01 -5.35762E+00 
-2.13443E+01 -5.52350E+00 
-2.20173E+01 -5.69503E+00 
-2.27682E+01 -5.87075E+00 
-2.36202E+01 -6.05036E+00 
-2.46353E+01 -6.23854E+00 
-2.60036E+01 -6.45595E+00 
-2.82058E+01 -6.75504E+00 
-3.18134E+01 -7.17872E+00 
-3.63484E+01 -7.61868E+00 
-4.04059E+01 -7.88264E+00 
-1.31959E+01 -3.17165E+00 
-1.33819E+01 -3.21499E+00 
-1.36073E+01 -3.29751E+00 
-1.37935E+01 -3.34999E+00 
-1.39873E+01 -3.40833E+00 
-1.41904E+01 -3.47287E+00 
-1.44049E+01 -3.54384E+00 
-1.45802E+01 -3.60322E+00 
-1.46332E+01 -3.62132E+00 
-1.48973E+01 -3.71215E+00 
-1.51833E+01 -3.81033E+00 
-1.54945E+01 -3.91548E+00 
-1.58345E+01 -4.02703E+00 
-1.62041E+01 -4.10787E+00 
-1.66200E+01 -4.22589E+00 
-1.70788E+01 -4.34963E+00 
-1.75855E+01 -4.47778E+00 
-1.81466E+01 -4.60881E+00 
-1.87711E+01 -4.74116E+00 
-1.94774E+01 -4.87397E+00 
-2.03162E+01 -5.00965E+00 
-2.14428E+01 -5.16078E+00 
-2.32509E+01 -5.35890E+00 
-2.62068E+01 -5.62417E+00 
-2.99127E+01 -5.87608E+00 
-3.32125E+01 -5.98974E+00 
-1.08126E+01 -2.59324E+00 
-1.09658E+01 -2.62743E+00 
-1.11568E+01 -2.69294E+00 
-1.13118E+01 -2.73458E+00 
-1.14734E+01 -2.78119E+00 
-1.16432E+01 -2.83296E+00 
-1.18230E+01 -2.88997E+00 
-1.19702E+01 -2.93767E+00 
-1.20147E+01 -2.95220E+00 
-1.22368E+01 -3.02500E+00 
-1.24775E+01 -3.10340E+00 
-1.27395E+01 -3.18697E+00 
-1.30256E+01 -3.27509E+00 
-1.33324E+01 -3.33522E+00 
-1.36801E+01 -3.42718E+00 
-1.40631E+01 -3.52277E+00 
-1.44854E+01 -3.62070E+00 
-1.49518E+01 -3.71948E+00 
-1.54696E+01 -3.81751E+00 
-1.60534E+01 -3.91360E+00 
-1.67443E+01 -4.00841E+00 
-1.76689E+01 -4.10838E+00 
-1.91487E+01 -4.22911E+00 
-2.15625E+01 -4.37383E+00 
-2.45800E+01 -4.48456E+00 
-2.72528E+01 -4.48857E+00 
-8.86084E+00 -2.11851E+00 
-8.98698E+00 -2.14535E+00 
-9.14900E+00 -2.19623E+00 
-9.27777E+00 -2.22906E+00 
-9.41241E+00 -2.26608E+00 
-9.55426E+00 -2.30737E+00 
-9.70478E+00 -2.35290E+00 
-9.82815E+00 -2.39097E+00 
-9.86549E+00 -2.40256E+00 
-1.00520E+01 -2.46051E+00 
-1.02543E+01 -2.52269E+00 
-1.04744E+01 -2.58860E+00 
-1.07146E+01 -2.65765E+00 
-1.09685E+01 -2.70146E+00 
-1.12585E+01 -2.77248E+00 
-1.15773E+01 -2.84556E+00 
-1.19282E+01 -2.91945E+00 
-1.23149E+01 -2.99273E+00 
-1.27429E+01 -3.06384E+00 
-1.32239E+01 -3.13136E+00 
-1.37910E+01 -3.19472E+00 
-1.45472E+01 -3.25570E+00 
-1.57541E+01 -3.31796E+00 
-1.77181E+01 -3.37247E+00 
-2.01654E+01 -3.37933E+00 
-2.23206E+01 -3.30564E+00 
-7.26246E+00 -1.72887E+00 
-7.36614E+00 -1.74983E+00 
-7.50371E+00 -1.78818E+00 
-7.61053E+00 -1.81389E+00 
-7.72255E+00 -1.84312E+00 
-7.84086E+00 -1.87584E+00 
-7.96668E+00 -1.91197E+00 
-8.06996E+00 -1.94217E+00 
-8.10124E+00 -1.95135E+00 
-8.25757E+00 -1.99718E+00 
-8.42718E+00 -2.04612E+00 
-8.61171E+00 -2.09770E+00 
-8.81283E+00 -2.15132E+00 
-9.02237E+00 -2.18239E+00 
-9.26347E+00 -2.23672E+00 
-9.52820E+00 -2.29192E+00 
-9.81892E+00 -2.34684E+00 
-1.01385E+01 -2.40013E+00 
-1.04911E+01 -2.45032E+00 
-1.08860E+01 -2.49587E+00 
-1.13499E+01 -2.53532E+00 
-1.19662E+01 -2.56704E+00 
-1.29467E+01 -2.58593E+00 
-1.45383E+01 -2.57438E+00 
-1.65147E+01 -2.50688E+00 
-1.82439E+01 -2.38038E+00 
-5.95326E+00 -1.40906E+00 
-6.03834E+00 -1.42536E+00 
-6.15522E+00 -1.45299E+00 
-6.24367E+00 -1.47300E+00 
-6.33669E+00 -1.49593E+00 
-6.43521E+00 -1.52171E+00 
-6.54019E+00 -1.55021E+00 
-6.62649E+00 -1.57400E+00 
-6.65264E+00 -1.58123E+00 
-6.78340E+00 -1.61721E+00 
-6.92528E+00 -1.65545E+00 
-7.07957E+00 -1.69547E+00 
-7.24753E+00 -1.73673E+00 
-7.41980E+00 -1.75800E+00 
-7.61973E+00 -1.79911E+00 
-7.83887E+00 -1.84023E+00 
-8.07899E+00 -1.88029E+00 
-8.34219E+00 -1.91806E+00 
-8.63174E+00 -1.95217E+00 
-8.95485E+00 -1.98102E+00 
-9.33285E+00 -2.00258E+00 
-9.83307E+00 -2.01277E+00 
-1.06264E+01 -2.00025E+00 
-1.19106E+01 -1.94173E+00 
-1.34989E+01 -1.82301E+00 
-1.48788E+01 -1.66289E+00 
-4.88088E+00 -1.14659E+00 
-4.95056E+00 -1.15922E+00 
-5.04988E+00 -1.17773E+00 
-5.12295E+00 -1.19322E+00 
-5.20004E+00 -1.21112E+00 
-5.28190E+00 -1.23132E+00 
-5.36932E+00 -1.25367E+00 
-5.44127E+00 -1.27231E+00 
-5.46307E+00 -1.27796E+00 
-5.57218E+00 -1.30603E+00 
-5.69056E+00 -1.33568E+00 
-5.81920E+00 -1.36647E+00 
-5.95903E+00 -1.39790E+00 
-6.10012E+00 -1.41175E+00 
-6.26541E+00 -1.44248E+00 
-6.44625E+00 -1.47261E+00 
-6.64393E+00 -1.50115E+00 
-6.86000E+00 -1.52700E+00 
-7.09689E+00 -1.54889E+00 
-7.36024E+00 -1.56527E+00 
-7.66703E+00 -1.57369E+00 
-8.07130E+00 -1.56843E+00 
-8.71022E+00 -1.53391E+00 
-9.74129E+00 -1.44338E+00 
-1.10110E+01 -1.29140E+00 
-1.21053E+01 -1.11226E+00 
-4.00234E+00 -9.31219E-01 
-4.05929E+00 -9.40992E-01 
-4.14367E+00 -9.51797E-01 
-4.20387E+00 -9.63735E-01 
-4.26760E+00 -9.77657E-01 
-4.33545E+00 -9.93428E-01 
-4.40806E+00 -1.01088E+00 
-4.46789E+00 -1.02540E+00 
-4.48603E+00 -1.02979E+00 
-4.57681E+00 -1.05156E+00 
-4.67529E+00 -1.07439E+00 
-4.78220E+00 -1.09789E+00 
-4.89824E+00 -1.12159E+00 
-5.01330E+00 -1.12993E+00 
-5.14953E+00 -1.15259E+00 
-5.29828E+00 -1.17420E+00 
-5.46047E+00 -1.19391E+00 
-5.63722E+00 -1.21072E+00 
-5.83030E+00 -1.22348E+00 
-6.04408E+00 -1.23069E+00 
-6.29199E+00 -1.22972E+00 
-6.61719E+00 -1.21375E+00 
-7.12915E+00 -1.16455E+00 
-7.95243E+00 -1.05361E+00 
-8.96122E+00 -8.82164E-01 
-9.82305E+00 -6.94939E-01 
-3.28253E+00 -7.54541E-01 
-3.32895E+00 -7.62122E-01 
-3.40057E+00 -7.66474E-01 
-3.45001E+00 -7.75678E-01 
-3.50253E+00 -7.86498E-01 
-3.55861E+00 -7.98788E-01 
-3.61874E+00 -8.12377E-01 
-3.66834E+00 -8.23657E-01 
-3.68338E+00 -8.27064E-01 
-3.75868E+00 -8.43865E-01 
-3.84033E+00 -8.61347E-01 
-3.92888E+00 -8.79141E-01 
-4.02484E+00 -8.96830E-01 
-4.11824E+00 -9.01196E-01 
-4.23016E+00 -9.17621E-01 
-4.35210E+00 -9.32727E-01 
-4.48472E+00 -9.45741E-01 
-4.62876E+00 -9.55787E-01 
-4.78552E+00 -9.61836E-01 
-4.95831E+00 -9.62481E-01 
-5.15772E+00 -9.55001E-01 
-5.41797E+00 -9.31993E-01 
-5.82588E+00 -8.73743E-01 
-6.47914E+00 -7.51278E-01 
-7.27510E+00 -5.70804E-01 
-7.94839E+00 -3.83508E-01 
-2.69267E+00 -6.09686E-01 
-2.73040E+00 -6.15612E-01 
-2.79107E+00 -6.14633E-01 
-2.83152E+00 -6.21772E-01 
-2.87466E+00 -6.30214E-01 
-2.92086E+00 -6.39816E-01 
-2.97048E+00 -6.50411E-01 
-3.01146E+00 -6.59171E-01 
-3.02389E+00 -6.61810E-01 
-3.08613E+00 -6.74757E-01 
-3.15359E+00 -6.88092E-01 
-3.22666E+00 -7.01481E-01 
-3.30572E+00 -7.14551E-01 
-3.38115E+00 -7.16140E-01 
-3.47279E+00 -7.27811E-01 
-3.57243E+00 -7.37990E-01 
-3.68047E+00 -7.45998E-01 
-3.79740E+00 -7.51071E-01 
-3.92414E+00 -7.52300E-01 
-4.06319E+00 -7.48383E-01 
-4.22278E+00 -7.36617E-01 
-4.42988E+00 -7.09355E-01 
-4.75279E+00 -6.46336E-01 
-5.26743E+00 -5.19054E-01 
-5.89046E+00 -3.37287E-01 
-6.41153E+00 -1.55634E-01 
-2.20921E+00 -4.91023E-01 
-2.23979E+00 -4.95724E-01 
-2.29101E+00 -4.90427E-01 
-2.32397E+00 -4.96046E-01 
-2.35926E+00 -5.02707E-01 
-2.39716E+00 -5.10272E-01 
-2.43796E+00 -5.18585E-01 
-2.47169E+00 -5.25419E-01 
-2.48193E+00 -5.27470E-01 
-2.53317E+00 -5.37467E-01 
-2.58870E+00 -5.47633E-01 
-2.64877E+00 -5.57665E-01 
-2.71365E+00 -5.67231E-01 
-2.77424E+00 -5.66973E-01 
-2.84904E+00 -5.75052E-01 
-2.93016E+00 -5.81547E-01 
-3.01785E+00 -5.85869E-01 
-3.11241E+00 -5.87358E-01 
-3.21444E+00 -5.85221E-01 
-3.32579E+00 -5.78272E-01 
-3.45283E+00 -5.63896E-01 
-3.61660E+00 -5.34471E-01 
-3.87035E+00 -4.69871E-01 
-4.27242E+00 -3.42729E-01 
-4.75552E+00 -1.65272E-01 
-5.15431E+00 6.82261E-03 
-1.80733E+00 -3.92584E-01 
-1.83193E+00 -3.96393E-01 
-1.87486E+00 -3.87648E-01 
-1.90150E+00 -3.92174E-01 
-1.93014E+00 -3.97522E-01 
-1.96101E+00 -4.03560E-01 
-1.99431E+00 -4.10145E-01 
-2.02187E+00 -4.15515E-01 
-2.03023E+00 -4.17117E-01 
-2.07213E+00 -4.24863E-01 
-2.11751E+00 -4.32608E-01 
-2.16655E+00 -4.40083E-01 
-2.21942E+00 -4.46989E-01 
-2.26763E+00 -4.45578E-01 
-2.32829E+00 -4.50934E-01 
-2.39390E+00 -4.54672E-01 
-2.46458E+00 -4.56290E-01 
-2.54048E+00 -4.55227E-01 
-2.62196E+00 -4.50801E-01 
-2.71037E+00 -4.41949E-01 
-2.81052E+00 -4.26193E-01 
-2.93863E+00 -3.96138E-01 
-3.13558E+00 -3.32307E-01 
-3.44536E+00 -2.08953E-01 
-3.81420E+00 -3.98744E-02 
-4.11396E+00 1.19940E-01 
-1.48346E+00 -3.13586E-01 
-1.50324E+00 -3.16788E-01 
-1.53908E+00 -3.05489E-01 
-1.56056E+00 -3.09293E-01 
-1.58376E+00 -3.13736E-01 
-1.60886E+00 -3.18697E-01 
-1.63600E+00 -3.24044E-01 
-1.65849E+00 -3.28354E-01 
-1.66533E+00 -3.29631E-01 
-1.69955E+00 -3.35738E-01 
-1.73660E+00 -3.41717E-01 
-1.77661E+00 -3.47326E-01 
-1.81968E+00 -3.52300E-01 
-1.85793E+00 -3.50277E-01 
-1.90714E+00 -3.53647E-01 
-1.96020E+00 -3.55412E-01 
-2.01716E+00 -3.55145E-01 
-2.07804E+00 -3.52375E-01 
-2.14304E+00 -3.46525E-01 
-2.21309E+00 -3.36650E-01 
-2.29184E+00 -3.20444E-01 
-2.39162E+00 -2.90870E-01 
-2.54355E+00 -2.29442E-01 
-2.78037E+00 -1.12300E-01 
-3.05928E+00 4.59282E-02 
-3.28180E+00 1.92200E-01 
-1.21778E+00 -2.49234E-01 
-1.23361E+00 -2.52037E-01 
-1.26325E+00 -2.38941E-01 
-1.28045E+00 -2.42295E-01 
-1.29915E+00 -2.46133E-01 
-1.31945E+00 -2.50345E-01 
-1.34147E+00 -2.54810E-01 
-1.35975E+00 -2.58354E-01 
-1.36531E+00 -2.59394E-01 
-1.39315E+00 -2.64303E-01 
-1.42330E+00 -2.68983E-01 
-1.45583E+00 -2.73217E-01 
-1.49079E+00 -2.76771E-01 
-1.52094E+00 -2.74505E-01 
-1.56075E+00 -2.76408E-01 
-1.60354E+00 -2.76749E-01 
-1.64927E+00 -2.75172E-01 
-1.69790E+00 -2.71288E-01 
-1.74950E+00 -2.64614E-01 
-1.80470E+00 -2.54325E-01 
-1.86617E+00 -2.38302E-01 
-1.94318E+00 -2.09960E-01 
-2.05898E+00 -1.52034E-01 
-2.23740E+00 -4.27118E-02 
-2.44469E+00 1.03101E-01 
-2.60631E+00 2.35190E-01 
-9.99749E-01 -1.96997E-01 
-1.01236E+00 -1.99558E-01 
-1.03655E+00 -1.85356E-01 
-1.05024E+00 -1.88461E-01 
-1.06522E+00 -1.91919E-01 
-1.08156E+00 -1.95627E-01 
-1.09935E+00 -1.99476E-01 
-1.11415E+00 -2.02474E-01 
-1.11866E+00 -2.03344E-01 
-1.14123E+00 -2.07382E-01 
-1.16568E+00 -2.11109E-01 
-1.19205E+00 -2.14331E-01 
-1.22035E+00 -2.16841E-01 
-1.24396E+00 -2.14579E-01 
-1.27609E+00 -2.15399E-01 
-1.31051E+00 -2.14720E-01 
-1.34711E+00 -2.12253E-01 
-1.38580E+00 -2.07685E-01 
-1.42655E+00 -2.00619E-01 
-1.46977E+00 -1.90342E-01 
-1.51737E+00 -1.74933E-01 
-1.57615E+00 -1.48315E-01 
-1.66313E+00 -9.45822E-02 
-1.79509E+00 5.96976E-03 
-1.94575E+00 1.38575E-01 
-2.05973E+00 2.56431E-01 
-8.20745E-01 -1.54790E-01 
-8.30748E-01 -1.57220E-01 
-8.50125E-01 -1.42539E-01 
-8.60952E-01 -1.45537E-01 
-8.72887E-01 -1.48772E-01 
-8.85987E-01 -1.52152E-01 
-9.00307E-01 -1.55574E-01 
-9.12251E-01 -1.58180E-01 
-9.15889E-01 -1.58926E-01 
-9.34144E-01 -1.62325E-01 
-9.53934E-01 -1.65344E-01 
-9.75269E-01 -1.67810E-01 
-9.98135E-01 -1.69543E-01 
-1.01651E+00 -1.67436E-01 
-1.04241E+00 -1.67447E-01 
-1.07002E+00 -1.66041E-01 
-1.09922E+00 -1.62988E-01 
-1.12988E+00 -1.58042E-01 
-1.16191E+00 -1.50884E-01 
-1.19551E+00 -1.40907E-01 
-1.23203E+00 -1.26390E-01 
-1.27631E+00 -1.01792E-01 
-1.34044E+00 -5.26308E-02 
-1.43569E+00 3.86973E-02 
-1.54189E+00 1.57881E-01 
-1.61897E+00 2.61877E-01 
-6.73508E-01 -1.20849E-01 
-6.81404E-01 -1.23221E-01 
-6.96522E-01 -1.08625E-01 
-7.05030E-01 -1.11602E-01 
-7.14497E-01 -1.14715E-01 
-7.24964E-01 -1.17876E-01 
-7.36464E-01 -1.20991E-01 
-7.46087E-01 -1.23306E-01 
-7.49023E-01 -1.23959E-01 
-7.63769E-01 -1.26871E-01 
-7.79772E-01 -1.29342E-01 
-7.97020E-01 -1.31222E-01 
-8.15479E-01 -1.32358E-01 
-8.29685E-01 -1.30482E-01 
-8.50537E-01 -1.29877E-01 
-8.72653E-01 -1.27950E-01 
-8.95885E-01 -1.24524E-01 
-9.20072E-01 -1.19412E-01 
-9.45086E-01 -1.12367E-01 
-9.71008E-01 -1.02879E-01 
-9.98708E-01 -8.94201E-02 
-1.03151E+00 -6.69946E-02 
-1.07761E+00 -2.25597E-02 
-1.14406E+00 5.94487E-02 
-1.21563E+00 1.65402E-01 
-1.26440E+00 2.56184E-01 
-5.52591E-01 -9.38266E-02 
-5.58809E-01 -9.61781E-02 
-5.70160E-01 -8.21665E-02 
-5.76823E-01 -8.51628E-02 
-5.84323E-01 -8.82009E-02 
-5.92683E-01 -9.12003E-02 
-6.01926E-01 -9.40747E-02 
-6.09690E-01 -9.61548E-02 
-6.12062E-01 -9.67321E-02 
-6.23994E-01 -9.92432E-02 
-6.36958E-01 -1.01264E-01 
-6.50924E-01 -1.02665E-01 
-6.65845E-01 -1.03318E-01 
-6.76779E-01 -1.01693E-01 
-6.93576E-01 -1.00607E-01 
-7.11273E-01 -9.83024E-02 
-7.29713E-01 -9.46513E-02 
-7.48721E-01 -8.95199E-02 
-7.68142E-01 -8.27219E-02 
-7.87963E-01 -7.38350E-02 
-8.08701E-01 -6.15187E-02 
-8.32496E-01 -4.13095E-02 
-8.64528E-01 -1.57697E-03 
-9.08619E-01 7.13051E-02 
-9.53563E-01 1.64546E-01 
-9.80931E-01 2.42981E-01 
-4.53266E-01 -7.25308E-02 
-4.58166E-01 -7.48708E-02 
-4.66190E-01 -6.18745E-02 
-4.71417E-01 -6.48866E-02 
-4.77377E-01 -6.78544E-02 
-4.84085E-01 -7.07037E-02 
-4.91549E-01 -7.33561E-02 
-4.97846E-01 -7.52211E-02 
-4.99772E-01 -7.57292E-02 
-5.09477E-01 -7.78777E-02 
-5.20028E-01 -7.94950E-02 
-5.31384E-01 -8.04742E-02 
-5.43486E-01 -8.07111E-02 
-5.51881E-01 -7.93168E-02 
-5.65434E-01 -7.78419E-02 
-5.79595E-01 -7.52609E-02 
-5.94203E-01 -7.14879E-02 
-6.09079E-01 -6.64351E-02 
-6.24057E-01 -5.99695E-02 
-6.39054E-01 -5.17467E-02 
-6.54327E-01 -4.05993E-02 
-6.71102E-01 -2.25762E-02 
-6.92254E-01 1.25986E-02 
-7.19184E-01 7.67402E-02 
-7.43913E-01 1.57993E-01 
-7.55379E-01 2.25065E-01 
-3.71707E-01 -5.59658E-02 
-3.75594E-01 -5.82772E-02 
-3.80699E-01 -4.66522E-02 
-3.84838E-01 -4.96412E-02 
-3.89625E-01 -5.25070E-02 
-3.95066E-01 -5.51819E-02 
-4.01160E-01 -5.75957E-02 
-4.06318E-01 -5.92386E-02 
-4.07898E-01 -5.96765E-02 
-4.15865E-01 -6.14641E-02 
-4.24525E-01 -6.26915E-02 
-4.33826E-01 -6.32732E-02 
-4.43698E-01 -6.31301E-02 
-4.50149E-01 -6.19223E-02 
-4.61115E-01 -6.01241E-02 
-4.72453E-01 -5.73389E-02 
-4.84005E-01 -5.35175E-02 
-4.95596E-01 -4.86109E-02 
-5.07055E-01 -4.25307E-02 
-5.18259E-01 -3.50001E-02 
-5.29267E-01 -2.50106E-02 
-5.40618E-01 -9.09284E-03 
-5.53448E-01 2.17529E-02 
-5.67381E-01 7.76725E-02 
-5.77008E-01 1.47799E-01 
-5.76908E-01 2.04551E-01 
-3.04690E-01 -4.32630E-02 
-3.07821E-01 -4.55073E-02 
-3.10387E-01 -3.55307E-02 
-3.13737E-01 -3.84300E-02 
-3.17661E-01 -4.11346E-02 
-3.22159E-01 -4.35844E-02 
-3.27220E-01 -4.57185E-02 
-3.31513E-01 -4.71146E-02 
-3.32829E-01 -4.74762E-02 
-3.39460E-01 -4.88821E-02 
-3.46651E-01 -4.97121E-02 
-3.54343E-01 -4.99026E-02 
-3.62460E-01 -4.93987E-02 
-3.67441E-01 -4.83205E-02 
-3.76340E-01 -4.62505E-02 
-3.85424E-01 -4.33180E-02 
-3.94538E-01 -3.95048E-02 
-4.03518E-01 -3.47936E-02 
-4.12194E-01 -2.91325E-02 
-4.20420E-01 -2.23020E-02 
-4.28115E-01 -1.34366E-02 
-4.35309E-01 4.85563E-04 
-4.41846E-01 2.72782E-02 
-4.46081E-01 7.55661E-02 
-4.44639E-01 1.35488E-01 
-4.36346E-01 1.82968E-01 
-2.49711E-01 -3.37003E-02 
-2.52300E-01 -3.58228E-02 
-2.52696E-01 -2.76859E-02 
-2.55507E-01 -3.04090E-02 
-2.58828E-01 -3.28756E-02 
-2.62650E-01 -3.50340E-02 
-2.66956E-01 -3.68339E-02 
-2.70606E-01 -3.79496E-02 
-2.71723E-01 -3.82267E-02 
-2.77341E-01 -3.92206E-02 
-2.83403E-01 -3.96387E-02 
-2.89841E-01 -3.94387E-02 
-2.96576E-01 -3.85886E-02 
-3.00459E-01 -3.75813E-02 
-3.07705E-01 -3.52865E-02 
-3.14983E-01 -3.22575E-02 
-3.22149E-01 -2.85010E-02 
-3.29050E-01 -2.40247E-02 
-3.35527E-01 -1.88051E-02 
-3.41423E-01 -1.26700E-02 
-3.46560E-01 -4.88087E-03 
-3.50599E-01 7.17463E-03 
-3.52450E-01 3.02216E-02 
-3.49595E-01 7.15145E-02 
-3.40246E-01 1.22188E-01 
-3.26374E-01 1.61429E-01 
-2.04642E-01 -2.66213E-02 
-2.06866E-01 -2.85582E-02 
-2.05453E-01 -2.23624E-02 
-2.07930E-01 -2.48141E-02 
-2.10857E-01 -2.69596E-02 
-2.14216E-01 -2.87569E-02 
-2.17987E-01 -3.01669E-02 
-2.21166E-01 -3.09692E-02 
-2.22137E-01 -3.11538E-02 
-2.26992E-01 -3.17087E-02 
-2.32184E-01 -3.17050E-02 
-2.37642E-01 -3.11208E-02 
-2.43284E-01 -2.99447E-02 
-2.46353E-01 -2.89569E-02 
-2.52266E-01 -2.64874E-02 
-2.58088E-01 -2.34135E-02 
-2.63689E-01 -1.97610E-02 
-2.68930E-01 -1.55557E-02 
-2.73668E-01 -1.07948E-02 
-2.77743E-01 -5.34433E-03 
-2.80916E-01 1.42317E-03 
-2.82587E-01 1.17489E-02 
-2.81012E-01 3.13690E-02 
-2.73103E-01 6.63138E-02 
-2.58302E-01 1.08687E-01 
-2.40842E-01 1.40678E-01 
-1.67802E-01 -2.14702E-02 
-1.69803E-01 -2.31553E-02 
-1.66936E-01 -1.89102E-02 
-1.69240E-01 -2.09968E-02 
-1.71933E-01 -2.27421E-02 
-1.74994E-01 -2.41149E-02 
-1.78393E-01 -2.50878E-02 
-1.81232E-01 -2.55516E-02 
-1.82094E-01 -2.56382E-02 
-1.86374E-01 -2.57391E-02 
-1.90890E-01 -2.53164E-02 
-1.95571E-01 -2.43666E-02 
-2.00334E-01 -2.28963E-02 
-2.02801E-01 -2.18893E-02 
-2.07623E-01 -1.93014E-02 
-2.12258E-01 -1.62376E-02 
-2.16589E-01 -1.27368E-02 
-2.20498E-01 -8.83682E-03 
-2.23856E-01 -4.54866E-03 
-2.26509E-01 2.32380E-04 
-2.28183E-01 6.03706E-03 
-2.28100E-01 1.47735E-02 
-2.24078E-01 3.12866E-02 
-2.12688E-01 6.05240E-02 
-1.94313E-01 9.55159E-02 
-1.74766E-01 1.21189E-01 
-1.37808E-01 -1.77523E-02 
-1.39693E-01 -1.91250E-02 
-1.35724E-01 -1.67507E-02 
-1.37972E-01 -1.83912E-02 
-1.40547E-01 -1.96723E-02 
-1.43423E-01 -2.05739E-02 
-1.46565E-01 -2.10808E-02 
-1.49154E-01 -2.11955E-02 
-1.49934E-01 -2.11828E-02 
-1.53766E-01 -2.08349E-02 
-1.57741E-01 -2.00152E-02 
-1.61788E-01 -1.87357E-02 
-1.65826E-01 -1.70177E-02 
-1.67842E-01 -1.59694E-02 
-1.71754E-01 -1.33269E-02 
-1.75407E-01 -1.03322E-02 
-1.78699E-01 -7.03184E-03 
-1.81529E-01 -3.47003E-03 
-1.83788E-01 3.34657E-04 
-1.85333E-01 4.46497E-03 
-1.85868E-01 9.36852E-03 
-1.84509E-01 1.66560E-02 
-1.78792E-01 3.03757E-02 
-1.65123E-01 5.45242E-02 
-1.44592E-01 8.30093E-02 
-1.24061E-01 1.03228E-01 
-1.13490E-01 -1.50416E-02 
-1.15333E-01 -1.60547E-02 
-1.10605E-01 -1.53890E-02 
-1.12871E-01 -1.65253E-02 
-1.15400E-01 -1.73024E-02 
-1.18161E-01 -1.77111E-02 
-1.21117E-01 -1.77475E-02 
-1.23510E-01 -1.75209E-02 
-1.24223E-01 -1.74131E-02 
-1.27689E-01 -1.66456E-02 
-1.31210E-01 -1.54723E-02 
-1.34718E-01 -1.39175E-02 
-1.38140E-01 -1.20131E-02 
-1.39806E-01 -1.09188E-02 
-1.42947E-01 -8.29082E-03 
-1.45773E-01 -5.42590E-03 
-1.48204E-01 -2.37359E-03 
-1.50155E-01 8.20869E-04 
-1.51536E-01 4.13619E-03 
-1.52219E-01 7.63937E-03 
-1.51902E-01 1.17066E-02 
-1.49634E-01 1.76842E-02 
-1.42796E-01 2.89120E-02 
-1.27752E-01 4.85580E-02 
-1.06117E-01 7.13535E-02 
-8.54021E-02 8.69099E-02 
-9.39026E-02 -1.29856E-02 
-9.57475E-02 -1.36115E-02 
-9.05877E-02 -1.44220E-02 
-9.29049E-02 -1.50265E-02 
-9.54197E-02 -1.52900E-02 
-9.80967E-02 -1.52133E-02 
-1.00897E-01 -1.48026E-02 
-1.03120E-01 -1.42626E-02 
-1.03776E-01 -1.40691E-02 
-1.06916E-01 -1.29354E-02 
-1.10033E-01 -1.14721E-02 
-1.13063E-01 -9.71214E-03 
-1.15940E-01 -7.69382E-03 
-1.17324E-01 -6.56420E-03 
-1.19793E-01 -4.02091E-03 
-1.21916E-01 -1.34418E-03 
-1.23626E-01 1.41788E-03 
-1.24857E-01 4.22282E-03 
-1.25539E-01 7.05056E-03 
-1.25556E-01 9.95709E-03 
-1.24609E-01 1.32570E-02 
-1.21716E-01 1.80624E-02 
-1.14192E-01 2.70863E-02 
-9.84436E-02 4.27800E-02 
-7.64696E-02 6.06423E-02 
-5.61316E-02 7.22550E-02 
-7.82046E-02 -1.13105E-02 
-8.00662E-02 -1.15444E-02 
-7.47798E-02 -1.35472E-02 
-7.71481E-02 -1.36254E-02 
-7.96465E-02 -1.33969E-02 
-8.22384E-02 -1.28713E-02 
-8.48842E-02 -1.20627E-02 
-8.69418E-02 -1.12546E-02 
-8.75419E-02 -1.09898E-02 
-9.03707E-02 -9.56279E-03 
-9.31066E-02 -7.88799E-03 
-9.56932E-02 -6.00280E-03 
-9.80753E-02 -3.94811E-03 
-9.92174E-02 -2.80474E-03 
-1.01098E-01 -4.12021E-04 
-1.02614E-01 2.02545E-03 
-1.03718E-01 4.46422E-03 
-1.04361E-01 6.86750E-03 
-1.04487E-01 9.21906E-03 
-1.03997E-01 1.15673E-02 
-1.02598E-01 1.41732E-02 
-9.93004E-02 1.79411E-02 
-9.14137E-02 2.50310E-02 
-7.54498E-02 3.72789E-02 
-5.36830E-02 5.08957E-02 
-3.41030E-02 5.92066E-02 
-6.57564E-02 -9.83202E-03 
-6.76276E-02 -9.69400E-03 
-6.24870E-02 -1.25692E-02 
-6.48783E-02 -1.21617E-02 
-6.73338E-02 -1.14945E-02 
-6.98175E-02 -1.05838E-02 
-7.22916E-02 -9.44956E-03 
-7.41748E-02 -8.43313E-03 
-7.47173E-02 -8.11497E-03 
-7.72335E-02 -6.48171E-03 
-7.95992E-02 -4.68205E-03 
-8.17672E-02 -2.75435E-03 
-8.36930E-02 -7.38546E-04 
-8.46210E-02 3.91295E-04 
-8.59828E-02 2.57887E-03 
-8.69804E-02 4.73965E-03 
-8.75791E-02 6.83700E-03 
-8.77465E-02 8.84153E-03 
-8.74417E-02 1.07422E-02 
-8.65772E-02 1.25820E-02 
-8.48693E-02 1.45749E-02 
-8.13381E-02 1.74419E-02 
-7.33306E-02 2.28601E-02 
-5.75025E-02 3.21433E-02 
-3.63193E-02 4.21572E-02 
-1.77391E-02 4.77511E-02 
-5.58854E-02 -8.42614E-03 
-5.77433E-02 -7.95439E-03 
-5.29809E-02 -1.13772E-02 
-5.53492E-02 -1.05492E-02 
-5.77202E-02 -9.51693E-03 
-6.00599E-02 -8.30097E-03 
-6.23342E-02 -6.92445E-03 
-6.40273E-02 -5.76526E-03 
-6.45088E-02 -5.41282E-03 
-6.67035E-02 -3.66279E-03 
-6.87035E-02 -1.82284E-03 
-7.04717E-02 7.07678E-05 
-7.19745E-02 1.98184E-03 
-7.27072E-02 3.07071E-03 
-7.36136E-02 5.01287E-03 
-7.41685E-02 6.87416E-03 
-7.43506E-02 8.62596E-03 
-7.41398E-02 1.02469E-02 
-7.35078E-02 1.17316E-02 
-7.23777E-02 1.31184E-02 
-7.04760E-02 1.45797E-02 
-6.68419E-02 1.66743E-02 
-5.88901E-02 2.06576E-02 
-4.34452E-02 2.74038E-02 
-2.30994E-02 3.43789E-02 
-5.66493E-03 3.77596E-02 
-4.80868E-02 -7.03577E-03 
-4.99008E-02 -6.28239E-03 
-4.57018E-02 -9.93945E-03 
-4.79933E-02 -8.77449E-03 
-5.02329E-02 -7.46442E-03 
-5.23902E-02 -6.03180E-03 
-5.44358E-02 -4.50072E-03 
-5.59238E-02 -3.26448E-03 
-5.63412E-02 -2.89646E-03 
-5.82079E-02 -1.11447E-03 
-5.98497E-02 6.89923E-04 
-6.12396E-02 2.48484E-03 
-6.23547E-02 4.23971E-03 
-6.29088E-02 5.26403E-03 
-6.34219E-02 6.93785E-03 
-6.36067E-02 8.49367E-03 
-6.34529E-02 9.91108E-03 
-6.29509E-02 1.11765E-02 
-6.20816E-02 1.22897E-02 
-6.07768E-02 1.32848E-02 
-5.87733E-02 1.42968E-02 
-5.51363E-02 1.57418E-02 
-4.73682E-02 1.85107E-02 
-3.24769E-02 2.31127E-02 
-1.31309E-02 2.75588E-02 
3.08500E-03 2.91684E-02 
-4.19305E-02 -5.63537E-03 
-4.36684E-02 -4.65910E-03 
-4.01668E-02 -8.26899E-03 
-4.23283E-02 -6.85882E-03 
-4.43920E-02 -5.36195E-03 
-4.63326E-02 -3.80090E-03 
-4.81260E-02 -2.19870E-03 
-4.93986E-02 -9.45513E-04 
-4.97501E-02 -5.78611E-04 
-5.12887E-02 1.16190E-03 
-5.25859E-02 2.86876E-03 
-5.36240E-02 4.51591E-03 
-5.43898E-02 6.07946E-03 
-5.47817E-02 7.02129E-03 
-5.49621E-02 8.42010E-03 
-5.48449E-02 9.67891E-03 
-5.44284E-02 1.07850E-02 
-5.37111E-02 1.17316E-02 
-5.26804E-02 1.25229E-02 
-5.12749E-02 1.31885E-02 
-4.92412E-02 1.38296E-02 
-4.56751E-02 1.47378E-02 
-3.81806E-02 1.64921E-02 
-2.39563E-02 1.93037E-02 
-5.70625E-03 2.16732E-02 
9.27021E-03 2.18917E-02 
-3.70797E-02 -4.21325E-03 
-3.87120E-02 -3.07311E-03 
-3.59883E-02 -6.40126E-03 
-3.79725E-02 -4.83662E-03 
-3.98235E-02 -3.23944E-03 
-4.15210E-02 -1.63055E-03 
-4.30471E-02 -3.04213E-05 
-4.41001E-02 1.18899E-03 
-4.43858E-02 1.54100E-03 
-4.56043E-02 3.18150E-03 
-4.65766E-02 4.74472E-03 
-4.72939E-02 6.21107E-03 
-4.77512E-02 7.56357E-03 
-4.79970E-02 8.41047E-03 
-4.79022E-02 9.54065E-03 
-4.75450E-02 1.05214E-02 
-4.69302E-02 1.13466E-02 
-4.60615E-02 1.20152E-02 
-4.49312E-02 1.25343E-02 
-4.34823E-02 1.29288E-02 
-4.14711E-02 1.32698E-02 
-3.80276E-02 1.37410E-02 
-3.08667E-02 1.46585E-02 
-1.73807E-02 1.59948E-02 
-2.74892E-04 1.66850E-02 
1.34782E-02 1.58338E-02 
-3.32776E-02 -2.73906E-03 
-3.47795E-02 -1.49274E-03 
-3.28622E-02 -4.36317E-03 
-3.46318E-02 -2.72977E-03 
-3.62429E-02 -1.11117E-03 
-3.76808E-02 4.74709E-04 
-3.89333E-02 2.01092E-03 
-3.97689E-02 3.15538E-03 
-3.99906E-02 3.48161E-03 
-4.09037E-02 4.97748E-03 
-4.15761E-02 6.36474E-03 
-4.20061E-02 7.63024E-03 
-4.21955E-02 8.76358E-03 
-4.23096E-02 9.50638E-03 
-4.19919E-02 1.03825E-02 
-4.14488E-02 1.11094E-02 
-4.06894E-02 1.16865E-02 
-3.97207E-02 1.21168E-02 
-3.85380E-02 1.24094E-02 
-3.70874E-02 1.25840E-02 
-3.51345E-02 1.26850E-02 
-3.18463E-02 1.28043E-02 
-2.50553E-02 1.30400E-02 
-1.23465E-02 1.31783E-02 
3.60183E-03 1.25337E-02 
1.61736E-02 1.08803E-02 
-3.03448E-02 -1.17114E-03 
-3.16951E-02 1.25844E-04 
-3.05624E-02 -2.17551E-03 
-3.20891E-02 -5.51258E-04 
-3.34419E-02 1.01922E-03 
-3.46115E-02 2.52160E-03 
-3.55910E-02 3.94297E-03 
-3.62156E-02 4.97984E-03 
-3.63760E-02 5.27187E-03 
-3.70023E-02 6.59001E-03 
-3.74012E-02 7.77955E-03 
-3.75767E-02 8.83329E-03 
-3.75358E-02 9.74667E-03 
-3.75296E-02 1.03773E-02 
-3.70338E-02 1.10175E-02 
-3.63492E-02 1.15158E-02 
-3.54874E-02 1.18756E-02 
-3.44575E-02 1.21031E-02 
-3.32558E-02 1.22078E-02 
-3.18308E-02 1.22043E-02 
-2.99574E-02 1.21136E-02 
-2.68417E-02 1.19513E-02 
-2.04384E-02 1.16378E-02 
-8.52167E-03 1.08190E-02 
6.28235E-03 9.13466E-03 
1.77327E-02 6.89766E-03 
-2.81493E-02 5.24587E-04 
-2.93278E-02 1.81874E-03 
-2.89136E-02 1.34047E-04 
-3.01760E-02 1.68056E-03 
-3.12584E-02 3.14335E-03 
-3.21560E-02 4.51199E-03 
-3.28669E-02 5.77771E-03 
-3.32887E-02 6.68181E-03 
-3.33910E-02 6.93331E-03 
-3.37498E-02 8.04980E-03 
-3.39001E-02 9.02757E-03 
-3.38504E-02 9.86462E-03 
-3.36112E-02 1.05612E-02 
-3.34925E-02 1.10714E-02 
-3.28547E-02 1.14942E-02 
-3.20631E-02 1.17872E-02 
-3.11305E-02 1.19566E-02 
-3.00664E-02 1.20105E-02 
-2.88674E-02 1.19581E-02 
-2.74837E-02 1.18089E-02 
-2.56999E-02 1.15641E-02 
-2.27627E-02 1.11765E-02 
-1.67515E-02 1.04258E-02 
-5.62365E-03 8.85619E-03 
8.06718E-03 6.38136E-03 
1.84659E-02 3.73713E-03 
-2.65723E-02 2.36182E-03 
-2.75602E-02 3.60017E-03 
-2.77609E-02 2.51812E-03 
-2.87461E-02 3.92713E-03 
-2.95529E-02 5.23173E-03 
-3.01809E-02 6.42533E-03 
-3.06317E-02 7.50304E-03 
-3.08613E-02 8.25526E-03 
-3.09092E-02 8.46159E-03 
-3.10207E-02 9.35980E-03 
-3.09466E-02 1.01177E-02 
-3.06984E-02 1.07375E-02 
-3.02889E-02 1.12233E-02 
-3.00631E-02 1.16052E-02 
-2.93127E-02 1.18288E-02 
-2.84408E-02 1.19378E-02 
-2.74602E-02 1.19402E-02 
-2.63803E-02 1.18447E-02 
-2.51972E-02 1.16599E-02 
-2.38625E-02 1.13905E-02 
-2.21705E-02 1.10209E-02 
-1.94097E-02 1.04542E-02 
-1.37837E-02 9.36210E-03 
-3.42525E-03 7.21939E-03 
9.20127E-03 4.16479E-03 
1.86275E-02 1.25521E-03 
-2.54817E-02 4.33243E-03 
-2.62572E-02 5.46370E-03 
-2.69514E-02 4.93084E-03 
-2.76478E-02 6.15146E-03 
-2.81742E-02 7.25552E-03 
-2.85338E-02 8.23999E-03 
-2.87312E-02 9.10350E-03 
-2.87769E-02 9.68865E-03 
-2.87732E-02 9.84616E-03 
-2.86535E-02 1.05134E-02 
-2.83741E-02 1.10457E-02 
-2.79481E-02 1.14486E-02 
-2.73899E-02 1.17289E-02 
-2.70602E-02 1.19747E-02 
-2.62194E-02 1.20144E-02 
-2.52870E-02 1.19567E-02 
-2.42752E-02 1.18105E-02 
-2.31921E-02 1.15846E-02 
-2.20334E-02 1.12864E-02 
-2.07518E-02 1.09159E-02 
-1.91516E-02 1.04441E-02 
-1.65639E-02 9.73486E-03 
-1.13164E-02 8.37874E-03 
-1.70911E-03 5.80700E-03 
9.89611E-03 2.34151E-03 
1.84171E-02 -7.22966E-04 
-2.47293E-02 6.35347E-03 
-2.52761E-02 7.32996E-03 
-2.63289E-02 7.25443E-03 
-2.67356E-02 8.24680E-03 
-2.69865E-02 9.11886E-03 
-2.70874E-02 9.87063E-03 
-2.70454E-02 1.05037E-02 
-2.69200E-02 1.09137E-02 
-2.68687E-02 1.10208E-02 
-2.65385E-02 1.14530E-02 
-2.60760E-02 1.17617E-02 
-2.54952E-02 1.19544E-02 
-2.48104E-02 1.20397E-02 
-2.43832E-02 1.21468E-02 
-2.34733E-02 1.20207E-02 
-2.24986E-02 1.18155E-02 
-2.14702E-02 1.15401E-02 
-2.03950E-02 1.12029E-02 
-1.92676E-02 1.08097E-02 
-1.80419E-02 1.03567E-02 
-1.65326E-02 9.80390E-03 
-1.41130E-02 8.98566E-03 
-9.23174E-03 7.43477E-03 
-3.46099E-04 4.56005E-03 
1.02935E-02 8.27751E-04 
1.79815E-02 -2.30136E-03 
-2.41546E-02 8.32649E-03 
-2.44615E-02 9.10763E-03 
-2.57407E-02 9.38153E-03 
-2.58640E-02 1.01180E-02 
-2.58503E-02 1.07378E-02 
-2.57072E-02 1.12433E-02 
-2.54432E-02 1.16383E-02 
-2.51620E-02 1.18713E-02 
-2.50678E-02 1.19278E-02 
-2.45501E-02 1.21283E-02 
-2.39282E-02 1.22210E-02 
-2.32160E-02 1.22149E-02 
-2.24272E-02 1.21196E-02 
-2.19126E-02 1.20904E-02 
-2.09541E-02 1.18185E-02 
-1.99548E-02 1.14861E-02 
-1.89245E-02 1.11017E-02 
-1.78684E-02 1.06728E-02 
-1.67801E-02 1.02035E-02 
-1.56147E-02 9.68656E-03 
-1.41972E-02 9.07333E-03 
-1.19428E-02 8.17684E-03 
-7.41711E-03 6.49119E-03 
7.75439E-04 3.41918E-03 
1.05019E-02 -4.61673E-04 
1.74209E-02 -3.58298E-03 
-2.35888E-02 1.01102E-02 
-2.36537E-02 1.06678E-02 
-2.50399E-02 1.11809E-02 
-2.48964E-02 1.16494E-02 
-2.46383E-02 1.20109E-02 
-2.42740E-02 1.22698E-02 
-2.38128E-02 1.24314E-02 
-2.33956E-02 1.24937E-02 
-2.32644E-02 1.25020E-02 
-2.25872E-02 1.24839E-02 
-2.18338E-02 1.23772E-02 
-2.10170E-02 1.21913E-02 
-2.01496E-02 1.19360E-02 
-1.95627E-02 1.17804E-02 
-1.85778E-02 1.13866E-02 
-1.75732E-02 1.09506E-02 
-1.65570E-02 1.04800E-02 
-1.55329E-02 9.98114E-03 
-1.44934E-02 9.45640E-03 
-1.33950E-02 8.89543E-03 
-1.20728E-02 8.24317E-03 
-9.98285E-03 7.29796E-03 
-5.80324E-03 5.53092E-03 
1.72464E-03 2.35144E-03 
1.05886E-02 -1.57991E-03 
1.67967E-02 -4.63468E-03 
-2.28938E-02 1.15610E-02 
-2.27270E-02 1.18829E-02 
-2.41222E-02 1.25354E-02 
-2.37384E-02 1.27404E-02 
-2.32641E-02 1.28528E-02 
-2.27082E-02 1.28785E-02 
-2.20798E-02 1.28236E-02 
-2.15501E-02 1.27303E-02 
-2.13888E-02 1.26951E-02 
-2.05846E-02 1.24824E-02 
-1.97309E-02 1.22018E-02 
-1.88393E-02 1.18626E-02 
-1.79211E-02 1.14743E-02 
-1.72820E-02 1.12100E-02 
-1.62940E-02 1.07222E-02 
-1.53046E-02 1.02093E-02 
-1.43201E-02 9.67789E-03 
-1.33425E-02 9.13298E-03 
-1.23633E-02 8.57516E-03 
-1.13404E-02 7.99151E-03 
-1.01189E-02 7.32227E-03 
-8.19450E-03 6.35673E-03 
-4.35267E-03 4.55581E-03 
2.53821E-03 1.34521E-03 
1.05879E-02 -2.55559E-03 
1.61375E-02 -5.49640E-03 
-2.19318E-02 1.25658E-02 
-2.15567E-02 1.26561E-02 
-2.28867E-02 1.33643E-02 
-2.23016E-02 1.33256E-02 
-2.16508E-02 1.32123E-02 
-2.09432E-02 1.30308E-02 
-2.01877E-02 1.27877E-02 
-1.95756E-02 1.25616E-02 
-1.93928E-02 1.24898E-02 
-1.85014E-02 1.21152E-02 
-1.75848E-02 1.16939E-02 
-1.66530E-02 1.12345E-02 
-1.57154E-02 1.07454E-02 
-1.50487E-02 1.03964E-02 
-1.40830E-02 9.84519E-03 
-1.31306E-02 9.28433E-03 
-1.21963E-02 8.71916E-03 
-1.12805E-02 8.15321E-03 
-1.03738E-02 7.58543E-03 
-9.43561E-03 7.00075E-03 
-8.32110E-03 6.33628E-03 
-6.56408E-03 5.37697E-03 
-3.05210E-03 3.58396E-03 
3.22886E-03 4.06578E-04 
1.05105E-02 -3.39726E-03 
1.54496E-02 -6.18666E-03 
-2.06544E-02 1.30448E-02 
-2.01104E-02 1.29283E-02 
-2.13320E-02 1.36328E-02 
-2.05959E-02 1.33880E-02 
-1.98173E-02 1.30873E-02 
-1.90040E-02 1.27371E-02 
-1.81643E-02 1.23439E-02 
-1.75013E-02 1.20143E-02 
-1.73059E-02 1.19143E-02 
-1.63680E-02 1.14177E-02 
-1.54260E-02 1.08944E-02 
-1.44881E-02 1.03519E-02 
-1.35616E-02 9.79730E-03 
-1.28930E-02 9.39147E-03 
-1.19727E-02 8.80836E-03 
-1.10774E-02 8.22864E-03 
-1.02099E-02 7.65634E-03 
-9.36931E-03 7.09358E-03 
-8.54558E-03 6.53779E-03 
-7.69969E-03 5.97223E-03 
-6.69655E-03 5.33225E-03 
-5.10635E-03 4.40241E-03 
-1.91266E-03 2.65246E-03 
3.79099E-03 -4.39490E-04 
1.03558E-02 -4.09476E-03 
1.47348E-02 -6.70633E-03 
-1.90459E-02 1.29947E-02 
-1.83754E-02 1.27034E-02 
-1.94625E-02 1.33641E-02 
-1.86227E-02 1.29538E-02 
-1.77615E-02 1.25068E-02 
-1.68862E-02 1.20289E-02 
-1.60036E-02 1.15260E-02 
-1.53202E-02 1.11236E-02 
-1.51207E-02 1.10042E-02 
-1.41754E-02 1.04269E-02 
-1.32437E-02 9.84089E-03 
-1.23319E-02 9.25231E-03 
-1.14454E-02 8.66680E-03 
-1.07996E-02 8.23240E-03 
-9.94652E-03 7.64702E-03 
-9.12666E-03 7.07551E-03 
-8.34133E-03 6.52057E-03 
-7.58849E-03 5.98298E-03 
-6.85746E-03 5.45886E-03 
-6.11104E-03 4.93025E-03 
-5.22380E-03 4.33193E-03 
-3.80129E-03 3.45142E-03 
-9.18925E-04 1.77408E-03 
4.22954E-03 -1.18901E-03 
1.01143E-02 -4.65320E-03 
1.39708E-02 -7.06563E-03 
-1.71471E-02 1.24430E-02 
-1.63984E-02 1.20212E-02 
-1.73442E-02 1.26172E-02 
-1.64525E-02 1.20913E-02 
-1.55578E-02 1.15460E-02 
-1.46664E-02 1.09866E-02 
-1.37843E-02 1.04184E-02 
-1.31113E-02 9.97598E-03 
-1.29165E-02 9.84650E-03 
-1.20022E-02 9.23074E-03 
-1.11148E-02 8.62103E-03 
-1.02587E-02 8.02214E-03 
-9.43751E-03 7.43826E-03 
-8.83656E-03 7.00228E-03 
-8.06771E-03 6.44077E-03 
-7.33691E-03 5.90069E-03 
-6.64426E-03 5.38353E-03 
-5.98674E-03 4.88889E-03 
-5.35343E-03 4.41182E-03 
-4.70905E-03 3.93362E-03 
-3.93768E-03 3.38958E-03 
-2.67867E-03 2.57301E-03 
-9.39973E-05 9.90388E-04 
4.53068E-03 -1.81172E-03 
9.78180E-03 -5.05564E-03 
1.31600E-02 -7.25825E-03 
-1.50368E-02 1.14708E-02 
-1.42561E-02 1.09641E-02 
-1.50686E-02 1.14897E-02 
-1.41734E-02 1.08976E-02 
-1.32902E-02 1.03011E-02 
-1.24243E-02 9.70494E-03 
-1.15797E-02 9.11310E-03 
-1.09431E-02 8.66045E-03 
-1.07599E-02 8.52923E-03 
-9.90732E-03 7.91256E-03 
-9.09059E-03 7.31323E-03 
-8.31259E-03 6.73469E-03 
-7.57540E-03 6.17974E-03 
-7.03604E-03 5.76502E-03 
-6.36274E-03 5.24812E-03 
-5.72948E-03 4.75742E-03 
-5.13533E-03 4.29334E-03 
-4.57654E-03 3.85451E-03 
-4.04216E-03 3.43517E-03 
-3.49901E-03 3.01630E-03 
-2.84052E-03 2.53471E-03 
-1.73847E-03 1.79182E-03 
5.63439E-04 3.19631E-04 
4.69513E-03 -2.29826E-03 
9.35670E-03 -5.30211E-03 
1.22982E-02 -7.29076E-03 
-1.28225E-02 1.01930E-02 
-1.20571E-02 9.64865E-03 
-1.27534E-02 1.01078E-02 
-1.18962E-02 9.49391E-03 
-1.10616E-02 8.88753E-03 
-1.02528E-02 8.29216E-03 
-9.47279E-03 7.71073E-03 
-8.89070E-03 7.27221E-03 
-8.72422E-03 7.14607E-03 
-7.95484E-03 6.55900E-03 
-7.22682E-03 5.99729E-03 
-6.54160E-03 5.46308E-03 
-5.89987E-03 4.95784E-03 
-5.43269E-03 4.58190E-03 
-4.86011E-03 4.12422E-03 
-4.32718E-03 3.69495E-03 
-3.83217E-03 3.29363E-03 
-3.37083E-03 2.91811E-03 
-2.93238E-03 2.56214E-03 
-2.48592E-03 2.20680E-03 
-1.93403E-03 1.79123E-03 
-9.79444E-04 1.12687E-03 
1.05716E-03 -2.25441E-04 
4.72847E-03 -2.64446E-03 
8.84516E-03 -5.39758E-03 
1.13911E-02 -7.17449E-03 
-1.06106E-02 8.73024E-03 
-9.88998E-03 8.18456E-03 
-1.04835E-02 8.58408E-03 
-9.69225E-03 7.98531E-03 
-8.93202E-03 7.40313E-03 
-8.20422E-03 6.83954E-03 
-7.51068E-03 6.29690E-03 
-6.99829E-03 5.89261E-03 
-6.85253E-03 5.77708E-03 
-6.18349E-03 5.24384E-03 
-5.55733E-03 4.74030E-03 
-4.97432E-03 4.26743E-03 
-4.43409E-03 3.82567E-03 
-4.04448E-03 3.49973E-03 
-3.57267E-03 3.10934E-03 
-3.13813E-03 2.74745E-03 
-2.73860E-03 2.41295E-03 
-2.36959E-03 2.10317E-03 
-2.02074E-03 1.81160E-03 
-1.66352E-03 1.51978E-03 
-1.20949E-03 1.16988E-03 
-3.90947E-04 5.84830E-04 
1.39904E-03 -6.43237E-04 
4.64256E-03 -2.85557E-03 
8.25768E-03 -5.35429E-03 
1.04473E-02 -6.92625E-03 
-8.49213E-03 7.19946E-03 
-7.84543E-03 6.68468E-03 
-8.35874E-03 7.03569E-03 
-7.65897E-03 6.48121E-03 
-6.99117E-03 5.94755E-03 
-6.35767E-03 5.43718E-03 
-5.75967E-03 4.95148E-03 
-5.32183E-03 4.59332E-03 
-5.19795E-03 4.49159E-03 
-4.63343E-03 4.02577E-03 
-4.11174E-03 3.59194E-03 
-3.63190E-03 3.18996E-03 
-3.19251E-03 2.81925E-03 
-2.88075E-03 2.54980E-03 
-2.50528E-03 2.22990E-03 
-2.16320E-03 1.93678E-03 
-1.85197E-03 1.66889E-03 
-1.56709E-03 1.42329E-03 
-1.29883E-03 1.19346E-03 
-1.02114E-03 9.61769E-04 
-6.54273E-04 6.73964E-04 
4.13719E-05 1.65578E-04 
1.60497E-03 -9.38450E-04 
4.45449E-03 -2.94268E-03 
7.61156E-03 -5.18995E-03 
9.48321E-03 -6.56782E-03 
-6.55436E-03 5.69960E-03 
-5.99628E-03 5.23880E-03 
-6.44242E-03 5.55179E-03 
-5.84382E-03 5.06176E-03 
-5.27896E-03 4.59548E-03 
-4.74817E-03 4.15400E-03 
-4.25175E-03 3.73828E-03 
-3.89142E-03 3.43458E-03 
-3.78996E-03 3.34874E-03 
-3.33054E-03 2.95827E-03 
-2.91031E-03 2.59848E-03 
-2.52806E-03 2.26885E-03 
-2.18225E-03 1.96863E-03 
-1.94254E-03 1.75493E-03 
-1.65382E-03 1.50226E-03 
-1.39405E-03 1.27380E-03 
-1.16056E-03 1.06769E-03 
-9.48951E-04 8.80832E-04 
-7.50221E-04 7.06870E-04 
-5.40802E-04 5.29216E-04 
-2.49305E-04 2.97544E-04 
3.37401E-04 -1.39327E-04 
1.69541E-03 -1.12297E-03 
4.18474E-03 -2.92268E-03 
6.92632E-03 -4.92642E-03 
8.51651E-03 -6.12373E-03 
-4.84828E-03 4.31581E-03 
-4.38659E-03 3.92187E-03 
-4.77942E-03 4.20384E-03 
-4.28403E-03 3.78608E-03 
-3.82073E-03 3.39285E-03 
-3.38975E-03 3.02488E-03 
-2.99072E-03 2.68178E-03 
-2.70403E-03 2.43371E-03 
-2.62381E-03 2.36404E-03 
-2.26339E-03 2.04967E-03 
-1.93810E-03 1.76384E-03 
-1.64609E-03 1.50550E-03 
-1.38534E-03 1.27337E-03 
-1.21069E-03 1.11318E-03 
-9.98219E-04 9.22799E-04 
-8.09793E-04 7.53170E-04 
-6.42761E-04 6.02329E-04 
-4.93018E-04 4.67231E-04 
-3.52380E-04 3.41862E-04 
-1.99771E-04 2.10880E-04 
2.82115E-05 2.81857E-05 
5.19849E-04 -3.43757E-04 
1.69279E-03 -1.21303E-03 
3.85499E-03 -2.81547E-03 
6.22194E-03 -4.58716E-03 
7.56476E-03 -5.61895E-03 
-3.41066E-03 3.10025E-03 
-3.03939E-03 2.77497E-03 
-3.38587E-03 3.03027E-03 
-2.99160E-03 2.68955E-03 
-2.62761E-03 2.37339E-03 
-2.29186E-03 2.07972E-03 
-1.98381E-03 1.80825E-03 
-1.76449E-03 1.61384E-03 
-1.70344E-03 1.55956E-03 
-1.43113E-03 1.31650E-03 
-1.18859E-03 1.09865E-03 
-9.74482E-04 9.05040E-04 
-7.86601E-04 7.34013E-04 
-6.67103E-04 6.21286E-04 
-5.18214E-04 4.84976E-04 
-3.88612E-04 3.65766E-04 
-2.75767E-04 2.61689E-04 
-1.75927E-04 1.69846E-04 
-8.17774E-05 8.46897E-05 
2.53487E-05 -7.76892E-06 
2.01336E-04 -1.49292E-04 
6.11374E-04 -4.63764E-04 
1.61942E-03 -1.22644E-03 
3.48701E-03 -2.64197E-03 
5.51891E-03 -4.19613E-03 
6.64625E-03 -5.07844E-03 
-2.24667E-03 2.08249E-03 
-1.96184E-03 1.82722E-03 
-2.26778E-03 2.05867E-03 
-1.96323E-03 1.78965E-03 
-1.68549E-03 1.54321E-03 
-1.43282E-03 1.31794E-03 
-1.20434E-03 1.11272E-03 
-1.04395E-03 9.67717E-04 
-9.99680E-04 9.27533E-04 
-8.04160E-04 7.49244E-04 
-6.32728E-04 5.91727E-04 
-4.83996E-04 4.54078E-04 
-3.56262E-04 3.35059E-04 
-2.81806E-04 2.62337E-04 
-1.84431E-04 1.71159E-04 
-1.01810E-04 9.34265E-05 
-3.16810E-05 2.73138E-05 
2.92862E-05 -2.98349E-05 
8.75255E-05 -8.30416E-05 
1.59394E-04 -1.44885E-04 
2.93735E-04 -2.52779E-04 
6.34375E-04 -5.17178E-04 
1.49614E-03 -1.18164E-03 
3.09935E-03 -2.42194E-03 
4.83259E-03 -3.77414E-03 
5.77300E-03 -4.52262E-03 
-1.34596E-03 1.27090E-03 
-1.14065E-03 1.08276E-03 
-1.41279E-03 1.29479E-03 
-1.18659E-03 1.09173E-03 
-9.81401E-04 9.06282E-04 
-7.98430E-04 7.39437E-04 
-6.36362E-04 5.90422E-04 
-5.24322E-04 4.86839E-04 
-4.93725E-04 4.58480E-04 
-3.60156E-04 3.34196E-04 
-2.45812E-04 2.26975E-04 
-1.49595E-04 1.36039E-04 
-6.95324E-05 5.97922E-05 
-2.97967E-05 1.91636E-05 
2.81213E-05 -3.62253E-05 
7.52440E-05 -8.15460E-05 
1.13542E-04 -1.18435E-04 
1.45914E-04 -1.49258E-04 
1.77939E-04 -1.78469E-04 
2.23820E-04 -2.17232E-04 
3.25950E-04 -2.98731E-04 
6.08753E-04 -5.20581E-04 
1.34288E-03 -1.09647E-03 
2.71274E-03 -2.17615E-03 
4.18410E-03 -3.34484E-03 
4.96505E-03 -3.97597E-03 
-6.71377E-04 6.45209E-04 
-5.31365E-04 5.14337E-04 
-7.71011E-04 7.06004E-04 
-6.11417E-04 5.59984E-04 
-4.69550E-04 4.29237E-04 
-3.45491E-04 3.14512E-04 
-2.38184E-04 2.14931E-04 
-1.65021E-04 1.46394E-04 
-1.45272E-04 1.27763E-04 
-6.12337E-05 4.78843E-05 
7.70465E-06 -1.83930E-05 
6.33518E-05 -7.25407E-05 
1.07233E-04 -1.15739E-04 
1.21340E-04 -1.32208E-04 
1.49969E-04 -1.60513E-04 
1.71128E-04 -1.81612E-04 
1.86510E-04 -1.96957E-04 
1.98605E-04 -2.08638E-04 
2.12183E-04 -2.20550E-04 
2.39438E-04 -2.42479E-04 
3.16803E-04 -3.03525E-04 
5.50932E-04 -4.89011E-04 
1.17238E-03 -9.84417E-04 
2.33392E-03 -1.91584E-03 
3.57307E-03 -2.91663E-03 
4.21650E-03 -3.44402E-03 
-1.98247E-04 1.93345E-04 
-1.09186E-04 1.08135E-04 
-3.22000E-04 2.83208E-04 
-2.17489E-04 1.86431E-04 
-1.25846E-04 1.01271E-04 
-4.76159E-05 2.76964E-05 
1.78519E-05 -3.49750E-05 
6.03092E-05 -7.61436E-05 
7.14710E-05 -8.70037E-05 
1.17452E-04 -1.31852E-04 
1.53028E-04 -1.66956E-04 
1.79381E-04 -1.93406E-04 
1.97503E-04 -2.12006E-04 
1.94158E-04 -2.11101E-04 
2.02429E-04 -2.19810E-04 
2.06003E-04 -2.23856E-04 
2.06278E-04 -2.24444E-04 
2.05273E-04 -2.23291E-04 
2.07001E-04 -2.23727E-04 
2.21833E-04 -2.34228E-04 
2.80816E-04 -2.80043E-04 
4.74619E-04 -4.35007E-04 
9.98041E-04 -8.58543E-04 
1.97650E-03 -1.65574E-03 
3.01300E-03 -2.50580E-03 
3.53971E-03 -2.94318E-03 
1.01632E-04 -1.03741E-04 
1.51737E-04 -1.52642E-04 
-2.98269E-05 3.35943E-07 
3.39363E-05 -5.95832E-05 
8.66060E-05 -1.09739E-04 
1.29831E-04 -1.51141E-04 
1.63117E-04 -1.83192E-04 
1.83269E-04 -2.02675E-04 
1.88332E-04 -2.07637E-04 
2.07621E-04 -2.27052E-04 
2.19873E-04 -2.40006E-04 
2.25692E-04 -2.46814E-04 
2.26076E-04 -2.48272E-04 
2.11731E-04 -2.36138E-04 
2.07005E-04 -2.32032E-04 
1.99671E-04 -2.25165E-04 
1.90837E-04 -2.16519E-04 
1.82194E-04 -2.07569E-04 
1.77082E-04 -2.01143E-04 
1.84229E-04 -2.04490E-04 
2.29842E-04 -2.39280E-04 
3.90320E-04 -3.68749E-04 
8.28809E-04 -7.28528E-04 
1.64727E-03 -1.40524E-03 
2.50794E-03 -2.12118E-03 
2.93618E-03 -2.48108E-03 
2.71904E-04 -2.80673E-04 
2.90143E-04 -2.99698E-04 
1.36843E-04 -1.67692E-04 
1.72769E-04 -2.01179E-04 
1.98014E-04 -2.25205E-04 
2.15127E-04 -2.41808E-04 
2.26234E-04 -2.52947E-04 
2.30585E-04 -2.57705E-04 
2.31239E-04 -2.58528E-04 
2.31523E-04 -2.59582E-04 
2.27807E-04 -2.56644E-04 
2.20943E-04 -2.50607E-04 
2.11163E-04 -2.41602E-04 
1.91568E-04 -2.23455E-04 
1.79785E-04 -2.11927E-04 
1.66878E-04 -1.99071E-04 
1.53754E-04 -1.85700E-04 
1.41768E-04 -1.73009E-04 
1.33669E-04 -1.63356E-04 
1.36727E-04 -1.62873E-04 
1.72865E-04 -1.89962E-04 
3.05861E-04 -2.98209E-04 
6.71093E-04 -6.01799E-04 
1.35058E-03 -1.17131E-03 
2.05969E-03 -1.76896E-03 
2.40535E-03 -2.06270E-03 
3.45991E-04 -3.65078E-04 
3.38613E-04 -3.60092E-04 
2.07022E-04 -2.44175E-04 
2.23694E-04 -2.59033E-04 
2.32214E-04 -2.67042E-04 
2.33919E-04 -2.68860E-04 
2.30295E-04 -2.65418E-04 
2.24893E-04 -2.60243E-04 
2.23022E-04 -2.58456E-04 
2.12842E-04 -2.48765E-04 
2.00778E-04 -2.37278E-04 
1.86922E-04 -2.23888E-04 
1.71596E-04 -2.08857E-04 
1.50212E-04 -1.88112E-04 
1.35276E-04 -1.72909E-04 
1.20370E-04 -1.57506E-04 
1.06175E-04 -1.42533E-04 
9.37337E-05 -1.28920E-04 
8.52534E-05 -1.18582E-04 
8.67089E-05 -1.16625E-04 
1.16243E-04 -1.38492E-04 
2.26567E-04 -2.29082E-04 
5.28896E-04 -4.83457E-04 
1.08847E-03 -9.58420E-04 
1.66782E-03 -1.45268E-03 
1.94472E-03 -1.69041E-03 
3.46558E-04 -3.77673E-04 
3.28290E-04 -3.61168E-04 
2.14086E-04 -2.58584E-04 
2.13958E-04 -2.57309E-04 
2.10628E-04 -2.53361E-04 
2.03678E-04 -2.46369E-04 
1.94387E-04 -2.36918E-04 
1.84532E-04 -2.27004E-04 
1.81259E-04 -2.23725E-04 
1.65919E-04 -2.08305E-04 
1.49982E-04 -1.92347E-04 
1.33555E-04 -1.75801E-04 
1.16912E-04 -1.58858E-04 
9.69293E-05 -1.38745E-04 
8.23128E-05 -1.23329E-04 
6.83376E-05 -1.08336E-04 
5.55304E-05 -9.42615E-05 
4.47074E-05 -8.18487E-05 
3.76344E-05 -7.26510E-05 
3.91797E-05 -7.08829E-05 
6.42035E-05 -8.93557E-05 
1.55811E-04 -1.65256E-04 
4.04393E-04 -3.76806E-04 
8.61213E-04 -7.69125E-04 
1.33029E-03 -1.17385E-03 
1.55033E-03 -1.36456E-03 
2.96850E-04 -3.38669E-04 
2.77765E-04 -3.19840E-04 
1.80624E-04 -2.31307E-04 
1.70221E-04 -2.20084E-04 
1.58660E-04 -2.07796E-04 
1.46906E-04 -1.95329E-04 
1.34844E-04 -1.82611E-04 
1.24417E-04 -1.71743E-04 
1.21165E-04 -1.68390E-04 
1.04844E-04 -1.51625E-04 
8.85697E-05 -1.34758E-04 
7.30918E-05 -1.18516E-04 
5.81727E-05 -1.02674E-04 
4.14878E-05 -8.51531E-05 
2.90171E-05 -7.13783E-05 
1.75093E-05 -5.83984E-05 
7.41728E-06 -4.66382E-05 
-6.55965E-07 -3.66501E-05 
-5.33618E-06 -2.96566E-05 
-2.71521E-06 -2.90790E-05 
1.92331E-05 -4.54084E-05 
9.53528E-05 -1.09059E-04 
2.98264E-04 -2.83596E-04 
6.67712E-04 -6.04359E-04 
1.04383E-03 -9.32306E-04 
1.21722E-03 -1.08389E-03 
2.13592E-04 -2.64392E-04 
2.00529E-04 -2.49557E-04 
1.24332E-04 -1.78646E-04 
1.09383E-04 -1.63022E-04 
9.46955E-05 -1.47308E-04 
7.89007E-05 -1.30770E-04 
6.63165E-05 -1.17204E-04 
5.65507E-05 -1.06611E-04 
5.37520E-05 -1.03558E-04 
4.00675E-05 -8.86985E-05 
2.61648E-05 -7.36736E-05 
1.32000E-05 -5.94970E-05 
1.29261E-06 -4.62059E-05 
-1.13514E-05 -3.22110E-05 
-2.04786E-05 -2.14015E-05 
-2.83719E-05 -1.16935E-05 
-3.48692E-05 -3.24085E-06 
-3.95454E-05 3.56093E-06 
-4.13330E-05 7.75354E-06 
-3.71210E-05 6.58432E-06 
-1.72898E-05 -8.43060E-06 
4.59838E-05 -6.18434E-05 
2.10319E-04 -2.04626E-04 
5.06092E-04 -4.64041E-04 
8.04543E-04 -7.26812E-04 
9.39962E-04 -8.46157E-04 
1.14329E-04 -1.71232E-04 
1.09996E-04 -1.63484E-04 
5.50060E-05 -1.10839E-04 
3.91653E-05 -9.40443E-05 
2.48670E-05 -7.85632E-05 
1.11815E-05 -6.36338E-05 
-8.49171E-07 -5.02739E-05 
-9.01144E-06 -4.10400E-05 
-1.13060E-05 -3.84265E-05 
-2.18985E-05 -2.63171E-05 
-3.14151E-05 -1.52611E-05 
-4.02983E-05 -4.76641E-06 
-4.83354E-05 4.95867E-06 
-5.65172E-05 1.48082E-05 
-6.18844E-05 2.20836E-05 
-6.60366E-05 2.82377E-05 
-6.89109E-05 3.32057E-05 
-7.02079E-05 3.67056E-05 
-6.91301E-05 3.80159E-05 
-6.32544E-05 3.49726E-05 
-4.49981E-05 2.08204E-05 
7.54391E-06 -2.39673E-05 
1.39445E-04 -1.39659E-04 
3.73543E-04 -3.46934E-04 
6.07593E-04 -5.54879E-04 
7.12335E-04 -6.47873E-04 
1.65365E-05 -7.60837E-05 
1.88958E-05 -7.40169E-05 
-1.69264E-05 -3.81779E-05 
-2.94990E-05 -2.41847E-05 
-4.10995E-05 -1.12097E-05 
-5.05110E-05 -1.79544E-07 
-5.94367E-05 1.03784E-05 
-6.65573E-05 1.86687E-05 
-6.83797E-05 2.08438E-05 
-7.53488E-05 2.95228E-05 
-8.12757E-05 3.71770E-05 
-8.60248E-05 4.37300E-05 
-8.96793E-05 4.92630E-05 
-9.30062E-05 5.44392E-05 
-9.42801E-05 5.77083E-05 
-9.46275E-05 6.01075E-05 
-9.39656E-05 6.15491E-05 
-9.20972E-05 6.18449E-05 
-8.84103E-05 6.04356E-05 
-8.10242E-05 5.56257E-05 
-6.40337E-05 4.21041E-05 
-2.04108E-05 4.54880E-06 
8.46511E-05 -8.84224E-05 
2.68069E-04 -2.52252E-04 
4.49722E-04 -4.14999E-04 
5.30114E-04 -4.86856E-04 
-7.16799E-05 1.26715E-05 
-6.61842E-05 1.17879E-05 
-8.20543E-05 2.98887E-05 
-9.03968E-05 4.00246E-05 
-1.02104E-04 5.29616E-05 
-1.05503E-04 5.83924E-05 
-1.09804E-04 6.44556E-05 
-1.12559E-04 6.85779E-05 
-1.13484E-04 6.98817E-05 
-1.18040E-04 7.61368E-05 
-1.20380E-04 8.02491E-05 
-1.20832E-04 8.25747E-05 
-1.20164E-04 8.38165E-05 
-1.19269E-04 8.47875E-05 
-1.16974E-04 8.44403E-05 
-1.13998E-04 8.34401E-05 
-1.10297E-04 8.17399E-05 
-1.05745E-04 7.92168E-05 
-9.98988E-05 7.54623E-05 
-9.13296E-05 6.91758E-05 
-7.55149E-05 5.62533E-05 
-3.94453E-05 2.48850E-05 
4.32864E-05 -4.89439E-05 
1.84957E-04 -1.76527E-04 
3.23897E-04 -3.01981E-04 
3.84896E-04 -3.56841E-04 
-1.42407E-04 8.66916E-05 
-1.36145E-04 8.48119E-05 
-1.36784E-04 8.90063E-05 
-1.38511E-04 9.30435E-05 
-1.49885E-04 1.05425E-04 
-1.51152E-04 1.08646E-04 
-1.51338E-04 1.10711E-04 
-1.50421E-04 1.11173E-04 
-1.50090E-04 1.11240E-04 
-1.48230E-04 1.11250E-04 
-1.46733E-04 1.11495E-04 
-1.43251E-04 1.09798E-04 
-1.39119E-04 1.07462E-04 
-1.34885E-04 1.04983E-04 
-1.29728E-04 1.01631E-04 
-1.24132E-04 9.78505E-05 
-1.18098E-04 9.36355E-05 
-1.11547E-04 8.89081E-05 
-1.04159E-04 8.33733E-05 
-9.48675E-05 7.60501E-05 
-8.02676E-05 6.38241E-05 
-5.05917E-05 3.77541E-05 
1.38474E-05 -2.02080E-05 
1.21782E-04 -1.18153E-04 
2.26580E-04 -2.13465E-04 
2.72402E-04 -2.54906E-04 
-1.92564E-04 1.42130E-04 
-1.87411E-04 1.40941E-04 
-1.79440E-04 1.36944E-04 
-1.70011E-04 1.30763E-04 
-1.78808E-04 1.40487E-04 
-1.81512E-04 1.44544E-04 
-1.77567E-04 1.42520E-04 
-1.74263E-04 1.40574E-04 
-1.73061E-04 1.39755E-04 
-1.67188E-04 1.35649E-04 
-1.60810E-04 1.30940E-04 
-1.54491E-04 1.26199E-04 
-1.47615E-04 1.20921E-04 
-1.40918E-04 1.15788E-04 
-1.33690E-04 1.10143E-04 
-1.26228E-04 1.04261E-04 
-1.18581E-04 9.81916E-05 
-1.10715E-04 9.18985E-05 
-1.02406E-04 8.51710E-05 
-9.28644E-05 7.72790E-05 
-7.95737E-05 6.59002E-05 
-5.53347E-05 4.43931E-05 
-5.74841E-06 -5.43069E-07 
7.52619E-05 -7.45775E-05 
1.53123E-04 -1.45863E-04 
1.87187E-04 -1.76825E-04 
-2.22238E-04 1.78368E-04 
-2.17743E-04 1.77352E-04 
-2.06873E-04 1.70294E-04 
-1.86292E-04 1.53743E-04 
-1.89317E-04 1.57930E-04 
-1.92812E-04 1.62271E-04 
-1.86645E-04 1.57769E-04 
-1.81666E-04 1.53990E-04 
-1.80219E-04 1.52867E-04 
-1.72398E-04 1.46549E-04 
-1.63729E-04 1.39302E-04 
-1.55528E-04 1.32439E-04 
-1.47065E-04 1.25306E-04 
-1.38703E-04 1.18237E-04 
-1.30134E-04 1.10974E-04 
-1.21586E-04 1.03736E-04 
-1.13087E-04 9.65433E-05 
-1.04609E-04 8.93656E-05 
-9.59897E-05 8.20482E-05 
-8.66603E-05 7.40592E-05 
-7.47946E-05 6.37003E-05 
-5.51950E-05 4.61407E-05 
-1.75494E-05 1.17858E-05 
4.22712E-05 -4.32424E-05 
9.91841E-05 -9.56674E-05 
1.24240E-04 -1.18541E-04 
-2.33775E-04 1.96926E-04 
-2.28368E-04 1.94708E-04 
-2.18079E-04 1.87673E-04 
-1.91747E-04 1.65579E-04 
-1.84331E-04 1.60004E-04 
-1.87979E-04 1.64102E-04 
-1.80911E-04 1.58316E-04 
-1.74695E-04 1.53078E-04 
-1.73220E-04 1.51848E-04 
-1.66201E-04 1.45917E-04 
-1.57409E-04 1.38193E-04 
-1.48380E-04 1.30193E-04 
-1.39037E-04 1.21873E-04 
-1.29994E-04 1.13832E-04 
-1.20938E-04 1.05801E-04 
-1.11989E-04 9.78872E-05 
-1.03256E-04 9.01881E-05 
-9.47523E-05 8.27138E-05 
-8.63495E-05 7.53410E-05 
-7.76259E-05 6.76712E-05 
-6.72790E-05 5.84832E-05 
-5.16381E-05 4.43402E-05 
-2.34871E-05 1.84814E-05 
1.99072E-05 -2.16774E-05 
6.07821E-05 -5.95379E-05 
7.90129E-05 -7.62430E-05 
-2.30534E-04 2.00508E-04 
-2.22297E-04 1.95379E-04 
-2.14259E-04 1.90006E-04 
-1.86859E-04 1.66552E-04 
-1.69556E-04 1.51699E-04 
-1.69962E-04 1.52537E-04 
-1.65706E-04 1.48942E-04 
-1.59624E-04 1.43540E-04 
-1.57778E-04 1.41887E-04 
-1.49700E-04 1.34606E-04 
-1.42781E-04 1.28333E-04 
-1.34304E-04 1.20548E-04 
-1.25154E-04 1.12111E-04 
-1.16191E-04 1.03868E-04 
-1.07295E-04 9.57198E-05 
-9.86999E-05 8.78862E-05 
-9.04327E-05 8.03878E-05 
-8.24762E-05 7.32050E-05 
-7.47495E-05 6.62582E-05 
-6.69560E-05 5.92638E-05 
-5.81866E-05 5.13616E-05 
-4.59134E-05 4.01675E-05 
-2.52157E-05 2.10400E-05 
5.66408E-06 -7.69447E-06 
3.44777E-05 -3.45153E-05 
4.76035E-05 -4.65790E-05 
-2.15357E-04 1.91654E-04 
-2.04079E-04 1.83485E-04 
-1.97181E-04 1.78807E-04 
-1.73907E-04 1.58741E-04 
-1.48739E-04 1.36439E-04 
-1.45046E-04 1.33278E-04 
-1.43790E-04 1.32152E-04 
-1.40153E-04 1.28806E-04 
-1.39005E-04 1.27746E-04 
-1.31240E-04 1.20485E-04 
-1.23021E-04 1.12724E-04 
-1.15282E-04 1.05369E-04 
-1.06763E-04 9.72954E-05 
-9.87326E-05 8.97135E-05 
-9.08716E-05 8.23340E-05 
-8.32955E-05 7.52661E-05 
-7.60326E-05 6.85319E-05 
-6.90836E-05 6.21283E-05 
-6.23945E-05 5.59991E-05 
-5.57616E-05 4.99468E-05 
-4.85755E-05 4.33891E-05 
-3.91505E-05 3.47241E-05 
-2.42345E-05 2.08634E-05 
-2.73741E-06 7.60759E-07 
1.71544E-05 -1.78356E-05 
2.65053E-05 -2.64494E-05 
-1.91606E-04 1.73455E-04 
-1.78622E-04 1.63509E-04 
-1.71259E-04 1.58115E-04 
-1.53698E-04 1.42969E-04 
-1.24682E-04 1.16890E-04 
-1.16592E-04 1.09495E-04 
-1.18674E-04 1.11258E-04 
-1.17169E-04 1.09737E-04 
-1.16504E-04 1.09084E-04 
-1.10658E-04 1.03418E-04 
-1.02148E-04 9.51664E-05 
-9.43478E-05 8.75840E-05 
-8.71052E-05 8.05474E-05 
-8.03897E-05 7.40550E-05 
-7.39449E-05 6.78711E-05 
-6.76896E-05 6.19120E-05 
-6.17047E-05 5.62552E-05 
-5.60010E-05 5.09063E-05 
-5.05205E-05 4.58044E-05 
-4.51320E-05 4.08188E-05 
-3.94418E-05 3.55692E-05 
-3.23645E-05 2.90154E-05 
-2.18230E-05 1.91710E-05 
-7.16837E-06 5.40744E-06 
6.30572E-06 -7.23516E-06 
1.29297E-05 -1.33471E-05 
-1.62778E-04 1.49350E-04 
-1.49358E-04 1.38773E-04 
-1.40704E-04 1.31998E-04 
-1.28609E-04 1.21621E-04 
-9.98504E-05 9.55261E-05 
-8.62849E-05 8.29664E-05 
-9.27941E-05 8.86730E-05 
-9.08690E-05 8.66414E-05 
-8.97487E-05 8.55271E-05 
-8.57752E-05 8.14749E-05 
-7.94087E-05 7.51230E-05 
-7.36399E-05 6.93449E-05 
-6.80974E-05 6.38091E-05 
-6.29196E-05 5.86736E-05 
-5.79197E-05 5.37664E-05 
-5.31062E-05 4.90867E-05 
-4.84829E-05 4.46358E-05 
-4.40645E-05 4.04246E-05 
-3.98102E-05 3.64078E-05 
-3.56345E-05 3.24972E-05 
-3.12905E-05 2.84504E-05 
-2.61084E-05 2.36199E-05 
-1.88182E-05 1.67815E-05 
-9.05532E-06 7.57793E-06 
-1.06331E-07 -8.43810E-07 
4.57709E-06 -5.17111E-06 
-1.32292E-04 1.22709E-04 
-1.19282E-04 1.12293E-04 
-1.09228E-04 1.04070E-04 
-1.00791E-04 9.68723E-05 
-7.72695E-05 7.54015E-05 
-5.76519E-05 5.71447E-05 
-6.60718E-05 6.45524E-05 
-6.70219E-05 6.50888E-05 
-6.57155E-05 6.37775E-05 
-5.96229E-05 5.76605E-05 
-5.72265E-05 5.49999E-05 
-5.38881E-05 5.14601E-05 
-5.04622E-05 4.78766E-05 
-4.70030E-05 4.43226E-05 
-4.35798E-05 4.08641E-05 
-4.02421E-05 3.75451E-05 
-3.69698E-05 3.43369E-05 
-3.37957E-05 3.12642E-05 
-3.07005E-05 2.83030E-05 
-2.76307E-05 2.53962E-05 
-2.44419E-05 2.23993E-05 
-2.07453E-05 1.89321E-05 
-1.58088E-05 1.42828E-05 
-9.44659E-06 8.26595E-06 
-3.60092E-06 2.75153E-06 
-2.68506E-07 -3.33111E-07 
-1.02656E-04 9.60648E-05 
-9.04072E-05 8.61683E-05 
-8.00609E-05 7.75530E-05 
-7.31872E-05 7.16565E-05 
-5.70026E-05 5.68044E-05 
-3.22626E-05 3.37323E-05 
-3.85961E-05 3.91737E-05 
-4.44267E-05 4.42274E-05 
-4.39259E-05 4.36553E-05 
-3.78532E-05 3.74945E-05 
-3.62724E-05 3.55746E-05 
-3.61040E-05 3.50268E-05 
-3.50945E-05 3.37337E-05 
-3.33664E-05 3.18245E-05 
-3.14273E-05 2.97726E-05 
-2.94467E-05 2.77321E-05 
-2.74459E-05 2.57178E-05 
-2.54182E-05 2.37169E-05 
-2.33509E-05 2.17107E-05 
-2.12265E-05 1.96768E-05 
-1.89770E-05 1.75441E-05 
-1.64022E-05 1.51138E-05 
-1.31182E-05 1.20085E-05 
-9.04856E-06 8.14890E-06 
-5.26982E-06 4.57677E-06 
-2.86077E-06 2.33930E-06 
-7.57650E-05 7.13792E-05 
-6.42736E-05 6.20513E-05 
-5.46712E-05 5.40145E-05 
-4.82533E-05 4.84639E-05 
-3.83114E-05 3.93107E-05 
-1.34023E-05 1.59827E-05 
-1.23675E-05 1.45739E-05 
-2.20443E-05 2.32105E-05 
-2.24750E-05 2.35037E-05 
-2.25451E-05 2.31257E-05 
-2.23868E-05 2.25598E-05 
-2.22244E-05 2.20333E-05 
-2.26041E-05 2.20827E-05 
-2.21772E-05 2.14283E-05 
-2.15397E-05 2.06313E-05 
-2.07582E-05 1.97455E-05 
-1.98255E-05 1.87547E-05 
-1.87371E-05 1.76473E-05 
-1.75057E-05 1.64300E-05 
-1.61392E-05 1.51050E-05 
-1.46211E-05 1.36521E-05 
-1.28701E-05 1.19876E-05 
-1.07162E-05 9.94177E-06 
-8.14626E-06 7.49751E-06 
-5.70876E-06 5.18779E-06 
-3.93387E-06 3.52989E-06 
-5.24009E-05 4.95600E-05 
-4.19129E-05 4.10876E-05 
-3.35277E-05 3.40963E-05 
-2.68901E-05 2.82986E-05 
-2.21092E-05 2.38900E-05 
-8.62631E-07 3.88428E-06 
8.02178E-06 -4.79676E-06 
-1.95412E-06 4.13121E-06 
-4.01097E-06 5.94882E-06 
-9.82046E-06 1.09930E-05 
-1.23726E-05 1.30299E-05 
-1.25282E-05 1.28445E-05 
-1.31824E-05 1.31922E-05 
-1.36983E-05 1.34693E-05 
-1.39921E-05 1.35885E-05 
-1.40394E-05 1.35137E-05 
-1.38574E-05 1.32524E-05 
-1.34442E-05 1.27960E-05 
-1.28243E-05 1.21626E-05 
-1.20194E-05 1.13685E-05 
-1.10437E-05 1.04238E-05 
-9.88373E-06 9.31171E-06 
-8.48878E-06 7.97928E-06 
-6.87761E-06 6.44167E-06 
-5.29940E-06 4.94123E-06 
-3.98088E-06 3.69996E-06 
-3.29299E-05 3.11040E-05 
-2.34374E-05 2.35046E-05 
-1.65510E-05 1.78629E-05 
-1.02147E-05 1.23258E-05 
-8.39786E-06 1.06547E-05 
6.48862E-06 -3.44063E-06 
2.10248E-05 -1.73825E-05 
1.27763E-05 -1.00290E-05 
9.88800E-06 -7.42743E-06 
1.71384E-06 -1.52832E-07 
-2.48436E-06 3.49139E-06 
-4.60098E-06 5.22226E-06 
-6.00787E-06 6.32933E-06 
-7.18215E-06 7.27660E-06 
-8.15863E-06 8.07934E-06 
-8.79834E-06 8.59505E-06 
-9.11629E-06 8.82908E-06 
-9.16292E-06 8.82315E-06 
-8.96330E-06 8.59626E-06 
-8.55594E-06 8.18201E-06 
-7.97623E-06 7.61175E-06 
-7.24229E-06 6.90058E-06 
-6.36011E-06 6.05198E-06 
-5.36003E-06 5.09337E-06 
-4.33992E-06 4.11918E-06 
-3.37814E-06 3.20578E-06 
-1.70799E-05 1.58481E-05 
-8.77009E-06 9.32854E-06 
-3.22259E-06 4.93179E-06 
1.99575E-06 4.33651E-07 
2.33879E-06 1.51815E-07 
1.17960E-05 -8.87338E-06 
2.94065E-05 -2.56751E-05 
2.31368E-05 -2.01291E-05 
1.89320E-05 -1.62778E-05 
9.96305E-06 -8.22939E-06 
6.09178E-06 -4.86306E-06 
2.00199E-06 -1.20210E-06 
-9.48545E-07 1.42322E-06 
-2.74391E-06 2.99871E-06 
-4.05208E-06 4.14897E-06 
-4.88919E-06 4.87668E-06 
-5.39367E-06 5.30588E-06 
-5.65255E-06 5.51407E-06 
-5.69951E-06 5.52985E-06 
-5.56257E-06 5.37735E-06 
-5.27032E-06 5.08216E-06 
-4.84831E-06 4.66751E-06 
-4.32026E-06 4.15521E-06 
-3.71578E-06 3.57273E-06 
-3.07064E-06 2.95338E-06 
-2.40651E-06 2.31734E-06 
---
