PdfType: replica
Format: lhagrid1
---
1.00000E-06 1.28121E-06 1.64152E-06 2.10317E-06 2.69463E-06 3.45242E-06 4.42329E-06 5.66715E-06 7.26076E-06 9.30241E-06 1.19180E-05 1.52689E-05 1.95617E-05 2.50609E-05 3.21053E-05 4.11287E-05 5.26863E-05 6.74889E-05 8.64459E-05 1.10720E-04 1.41800E-04 1.81585E-04 2.32503E-04 2.97652E-04 3.80981E-04 4.87518E-04 6.26039E-04 8.00452E-04 1.02297E-03 1.30657E-03 1.66759E-03 2.12729E-03 2.71054E-03 3.44865E-03 4.37927E-03 5.54908E-03 7.01192E-03 8.83064E-03 1.10763E-02 1.38266E-02 1.71641E-02 2.11717E-02 2.59364E-02 3.15062E-02 3.79623E-02 4.53425E-02 5.36750E-02 6.29705E-02 7.32221E-02 8.44039E-02 9.64793E-02 1.09332E-01 1.23067E-01 1.37507E-01 1.52639E-01 1.68416E-01 1.84794E-01 2.01731E-01 2.19016E-01 2.36948E-01 2.55242E-01 2.73927E-01 2.92954E-01 3.12340E-01 3.32036E-01 3.52019E-01 3.72282E-01 3.92772E-01 4.13533E-01 4.34326E-01 4.55495E-01 4.76836E-01 4.98342E-01 5.20006E-01 5.41818E-01 5.63773E-01 5.85861E-01 6.08077E-01 6.30459E-01 6.52800E-01 6.75387E-01 6.98063E-01 7.20830E-01 7.43683E-01 7.66623E-01 7.89636E-01 8.12791E-01 8.35940E-01 8.59175E-01 8.82485E-01 9.05866E-01 9.29311E-01 9.52817E-01 9.76387E-01 1.00000E+00 
1.14018E+00 1.22539E+00 1.32482E+00 1.44156E+00 1.57954E+00 1.74381E+00 1.94091E+00 2.12132E+00 2.17945E+00 2.49622E+00 2.89383E+00 3.39925E+00 4.05063E+00 4.90286E+00 6.03623E+00 7.57063E+00 9.68869E+00 1.26749E+01 1.69835E+01 2.33578E+01 3.30501E+01 4.82334E+01 7.28041E+01 1.13998E+02 1.85779E+02 3.16228E+02 
908 909 
-6.18145E+01 -5.52827E+01 
-6.98864E+01 -5.57223E+01 
-4.69774E+01 -5.45733E+01 
-5.99059E+01 -5.45385E+01 
-7.34450E+01 -5.43890E+01 
-8.75961E+01 -5.41006E+01 
-1.02357E+02 -5.36443E+01 
-1.14192E+02 -5.31546E+01 
-1.17720E+02 -5.29860E+01 
-1.34940E+02 -5.20033E+01 
-1.52811E+02 -5.06791E+01 
-1.71285E+02 -4.89438E+01 
-1.90299E+02 -4.67166E+01 
-2.02087E+02 -4.34971E+01 
-2.22340E+02 -3.94915E+01 
-2.42801E+02 -3.46405E+01 
-2.63287E+02 -2.88023E+01 
-2.83598E+02 -2.18152E+01 
-3.03559E+02 -1.34934E+01 
-3.23204E+02 -3.60861E+00 
-3.43451E+02 8.19371E+00 
-3.68188E+02 2.27774E+01 
-4.07695E+02 4.27126E+01 
-4.72145E+02 7.31050E+01 
-5.44335E+02 1.16251E+02 
-5.88385E+02 1.66559E+02 
-5.68777E+01 -4.54663E+01 
-6.31726E+01 -4.59129E+01 
-4.51107E+01 -4.49704E+01 
-5.51505E+01 -4.49946E+01 
-6.56538E+01 -4.49188E+01 
-7.66191E+01 -4.47220E+01 
-8.80413E+01 -4.43790E+01 
-9.71863E+01 -4.39948E+01 
-9.99098E+01 -4.38604E+01 
-1.13187E+02 -4.30642E+01 
-1.26932E+02 -4.19723E+01 
-1.41098E+02 -4.05252E+01 
-1.55625E+02 -3.86544E+01 
-1.64379E+02 -3.59436E+01 
-1.79629E+02 -3.25717E+01 
-1.94927E+02 -2.84832E+01 
-2.10111E+02 -2.35602E+01 
-2.25000E+02 -1.76684E+01 
-2.39428E+02 -1.06541E+01 
-2.53387E+02 -2.32874E+00 
-2.67541E+02 7.60233E+00 
-2.84802E+02 1.98630E+01 
-3.12829E+02 3.66115E+01 
-3.58826E+02 6.21181E+01 
-4.08986E+02 9.82475E+01 
-4.36037E+02 1.40239E+02 
-5.08216E+01 -3.81613E+01 
-5.57628E+01 -3.85769E+01 
-4.15624E+01 -3.77520E+01 
-4.93826E+01 -3.77949E+01 
-5.75540E+01 -3.77499E+01 
-6.60728E+01 -3.75987E+01 
-7.49322E+01 -3.73197E+01 
-8.20137E+01 -3.69999E+01 
-8.41204E+01 -3.68871E+01 
-9.43754E+01 -3.62143E+01 
-1.04961E+02 -3.52848E+01 
-1.15833E+02 -3.40479E+01 
-1.26935E+02 -3.24459E+01 
-1.33418E+02 -3.01318E+01 
-1.44878E+02 -2.72633E+01 
-1.56279E+02 -2.37875E+01 
-1.67477E+02 -1.96061E+01 
-1.78310E+02 -1.46083E+01 
-1.88625E+02 -8.66707E+00 
-1.98388E+02 -1.62753E+00 
-2.08070E+02 6.75392E+00 
-2.19837E+02 1.70810E+01 
-2.39360E+02 3.11606E+01 
-2.71642E+02 5.25603E+01 
-3.05603E+02 8.28027E+01 
-3.20595E+02 1.17850E+02 
-4.47072E+01 -3.24388E+01 
-4.86104E+01 -3.28021E+01 
-3.74652E+01 -3.20474E+01 
-4.35747E+01 -3.20842E+01 
-4.99492E+01 -3.20435E+01 
-5.65836E+01 -3.19093E+01 
-6.34701E+01 -3.16628E+01 
-6.89638E+01 -3.13813E+01 
-7.05962E+01 -3.12822E+01 
-7.85280E+01 -3.06918E+01 
-8.66879E+01 -2.98784E+01 
-9.50354E+01 -2.87991E+01 
-1.03518E+02 -2.74051E+01 
-1.08298E+02 -2.54083E+01 
-1.16884E+02 -2.29471E+01 
-1.25342E+02 -1.99713E+01 
-1.33545E+02 -1.63994E+01 
-1.41350E+02 -1.21399E+01 
-1.48617E+02 -7.08848E+00 
-1.55294E+02 -1.11806E+00 
-1.61713E+02 5.97231E+00 
-1.69475E+02 1.46857E+01 
-1.82746E+02 2.65342E+01 
-2.04914E+02 4.44991E+01 
-2.27086E+02 6.98232E+01 
-2.33685E+02 9.90812E+01 
-3.90483E+01 -2.77274E+01 
-4.21484E+01 -2.80301E+01 
-3.34060E+01 -2.73246E+01 
-3.81910E+01 -2.73431E+01 
-4.31748E+01 -2.72931E+01 
-4.83515E+01 -2.71608E+01 
-5.37129E+01 -2.69301E+01 
-5.79803E+01 -2.66721E+01 
-5.92465E+01 -2.65819E+01 
-6.53863E+01 -2.60497E+01 
-7.16782E+01 -2.53239E+01 
-7.80847E+01 -2.43682E+01 
-8.45579E+01 -2.31416E+01 
-8.80589E+01 -2.14059E+01 
-9.44636E+01 -1.92811E+01 
-1.00699E+02 -1.67205E+01 
-1.06654E+02 -1.36569E+01 
-1.12201E+02 -1.00147E+01 
-1.17217E+02 -5.70856E+00 
-1.21638E+02 -6.34245E-01 
-1.25694E+02 5.37400E+00 
-1.30562E+02 1.27361E+01 
-1.39277E+02 2.27199E+01 
-1.54053E+02 3.78187E+01 
-1.67744E+02 5.90419E+01 
-1.68642E+02 8.34759E+01 
-3.40284E+01 -2.37022E+01 
-3.65008E+01 -2.39453E+01 
-2.96398E+01 -2.32822E+01 
-3.33940E+01 -2.32787E+01 
-3.72962E+01 -2.32149E+01 
-4.13404E+01 -2.30786E+01 
-4.55179E+01 -2.28561E+01 
-4.88343E+01 -2.26144E+01 
-4.98168E+01 -2.25309E+01 
-5.45695E+01 -2.20437E+01 
-5.94181E+01 -2.13885E+01 
-6.43286E+01 -2.05349E+01 
-6.92575E+01 -1.94484E+01 
-7.17957E+01 -1.79331E+01 
-7.65450E+01 -1.60916E+01 
-8.11031E+01 -1.38814E+01 
-8.53725E+01 -1.12470E+01 
-8.92425E+01 -8.12640E+00 
-9.26020E+01 -4.44964E+00 
-9.53866E+01 -1.31433E-01 
-9.77487E+01 4.96523E+00 
-1.00547E+02 1.11921E+01 
-1.05974E+02 1.96156E+01 
-1.15399E+02 3.23235E+01 
-1.23072E+02 5.01288E+01 
-1.20229E+02 7.05425E+01 
-2.96576E+01 -2.01914E+01 
-3.16350E+01 -2.03806E+01 
-2.62426E+01 -1.97595E+01 
-2.91910E+01 -1.97356E+01 
-3.22486E+01 -1.96583E+01 
-3.54092E+01 -1.95176E+01 
-3.86644E+01 -1.93011E+01 
-4.12411E+01 -1.90729E+01 
-4.20030E+01 -1.89950E+01 
-4.56787E+01 -1.85462E+01 
-4.94095E+01 -1.79519E+01 
-5.31646E+01 -1.71863E+01 
-5.69051E+01 -1.62208E+01 
-5.87188E+01 -1.48953E+01 
-6.22122E+01 -1.32959E+01 
-6.55061E+01 -1.13849E+01 
-6.85157E+01 -9.11647E+00 
-7.11449E+01 -6.43983E+00 
-7.32955E+01 -3.29781E+00 
-7.49037E+01 3.79357E-01 
-7.60678E+01 4.70528E+00 
-7.74090E+01 9.97605E+00 
-8.04917E+01 1.70917E+01 
-8.60889E+01 2.78034E+01 
-8.95652E+01 4.27581E+01 
-8.43914E+01 5.98197E+01 
-2.58706E+01 -1.71066E+01 
-2.74544E+01 -1.72500E+01 
-2.32069E+01 -1.66725E+01 
-2.55229E+01 -1.66318E+01 
-2.79186E+01 -1.65442E+01 
-3.03879E+01 -1.64008E+01 
-3.29227E+01 -1.61911E+01 
-3.49224E+01 -1.59758E+01 
-3.55125E+01 -1.59032E+01 
-3.83505E+01 -1.54894E+01 
-4.12143E+01 -1.49497E+01 
-4.40762E+01 -1.42625E+01 
-4.69015E+01 -1.34037E+01 
-4.81713E+01 -1.22436E+01 
-5.07136E+01 -1.08533E+01 
-5.30575E+01 -9.19972E+00 
-5.51297E+01 -7.24526E+00 
-5.68470E+01 -4.94837E+00 
-5.81234E+01 -2.26244E+00 
-5.88980E+01 8.69638E-01 
-5.92306E+01 4.54237E+00 
-5.95660E+01 9.00619E+00 
-6.10041E+01 1.50238E+01 
-6.39012E+01 2.40661E+01 
-6.45165E+01 3.66407E+01 
-5.80130E+01 5.09057E+01 
-2.25809E+01 -1.44001E+01 
-2.38501E+01 -1.45060E+01 
-2.04949E+01 -1.39736E+01 
-2.23135E+01 -1.39206E+01 
-2.41893E+01 -1.38262E+01 
-2.61165E+01 -1.36829E+01 
-2.80877E+01 -1.34815E+01 
-2.96368E+01 -1.32794E+01 
-3.00929E+01 -1.32119E+01 
-3.22787E+01 -1.28314E+01 
-3.44696E+01 -1.23419E+01 
-3.66410E+01 -1.17254E+01 
-3.87622E+01 -1.09619E+01 
-3.96252E+01 -9.94699E+00 
-4.14495E+01 -8.73812E+00 
-4.30828E+01 -7.30701E+00 
-4.44619E+01 -5.62279E+00 
-4.55150E+01 -3.65157E+00 
-4.61676E+01 -1.35541E+00 
-4.63628E+01 1.31245E+00 
-4.61337E+01 4.43089E+00 
-4.57942E+01 8.21279E+00 
-4.61024E+01 1.33068E+01 
-4.71307E+01 2.09504E+01 
-4.58567E+01 3.15350E+01 
-3.87226E+01 4.34656E+01 
-1.97071E+01 -1.20403E+01 
-2.07241E+01 -1.21163E+01 
-1.80650E+01 -1.16294E+01 
-1.94917E+01 -1.15682E+01 
-2.09586E+01 -1.14706E+01 
-2.24605E+01 -1.13300E+01 
-2.39903E+01 -1.11385E+01 
-2.51875E+01 -1.09499E+01 
-2.55390E+01 -1.08874E+01 
-2.72171E+01 -1.05388E+01 
-2.88861E+01 -1.00958E+01 
-3.05242E+01 -9.54352E+00 
-3.21046E+01 -8.86538E+00 
-3.26656E+01 -7.97805E+00 
-3.39503E+01 -6.92706E+00 
-3.50553E+01 -5.68853E+00 
-3.59263E+01 -4.23722E+00 
-3.65018E+01 -2.54555E+00 
-3.67172E+01 -5.82678E-01 
-3.65208E+01 1.68964E+00 
-3.59270E+01 4.33751E+00 
-3.51535E+01 7.54269E+00 
-3.47083E+01 1.18588E+01 
-3.44759E+01 1.83284E+01 
-3.20126E+01 2.72469E+01 
-2.47256E+01 3.72279E+01 
-1.71825E+01 -9.99956E+00 
-1.79968E+01 -1.00523E+01 
-1.58817E+01 -9.61020E+00 
-1.69994E+01 -9.54423E+00 
-1.81448E+01 -9.44620E+00 
-1.93128E+01 -9.31028E+00 
-2.04972E+01 -9.12982E+00 
-2.14196E+01 -8.95492E+00 
-2.16896E+01 -8.89736E+00 
-2.29727E+01 -8.57894E+00 
-2.42375E+01 -8.17900E+00 
-2.54647E+01 -7.68499E+00 
-2.66307E+01 -7.08332E+00 
-2.69697E+01 -6.30812E+00 
-2.78513E+01 -5.39450E+00 
-2.85667E+01 -4.32269E+00 
-2.90696E+01 -3.07211E+00 
-2.93072E+01 -1.62036E+00 
-2.92240E+01 5.75370E-02 
-2.87735E+01 1.99288E+00 
-2.79578E+01 4.24126E+00 
-2.69239E+01 6.95853E+00 
-2.59979E+01 1.06187E+01 
-2.49463E+01 1.61012E+01 
-2.17924E+01 2.36231E+01 
-1.46689E+01 3.19756E+01 
-1.49552E+01 -8.24965E+00 
-1.56068E+01 -8.28425E+00 
-1.39176E+01 -7.88544E+00 
-1.47919E+01 -7.81737E+00 
-1.56844E+01 -7.72097E+00 
-1.65907E+01 -7.59120E+00 
-1.75049E+01 -7.42235E+00 
-1.82130E+01 -7.26089E+00 
-1.84196E+01 -7.20809E+00 
-1.93959E+01 -6.91815E+00 
-2.03483E+01 -6.55773E+00 
-2.12597E+01 -6.11643E+00 
-2.21095E+01 -5.58307E+00 
-2.22874E+01 -4.90628E+00 
-2.28701E+01 -4.11208E+00 
-2.33014E+01 -3.18449E+00 
-2.35414E+01 -2.10678E+00 
-2.35453E+01 -8.60844E-01 
-2.32656E+01 5.73510E-01 
-2.26610E+01 2.22190E+00 
-2.17253E+01 4.13121E+00 
-2.05542E+01 6.43559E+00 
-1.93432E+01 9.54207E+00 
-1.77897E+01 1.41935E+01 
-1.42947E+01 2.05435E+01 
-7.53489E+00 2.75353E+01 
-1.29864E+01 -6.76092E+00 
-1.35073E+01 -6.78156E+00 
-1.21525E+01 -6.42376E+00 
-1.28351E+01 -6.35547E+00 
-1.35291E+01 -6.26211E+00 
-1.42304E+01 -6.13931E+00 
-1.49336E+01 -5.98218E+00 
-1.54749E+01 -5.83367E+00 
-1.56321E+01 -5.78537E+00 
-1.63708E+01 -5.52194E+00 
-1.70824E+01 -5.19759E+00 
-1.77519E+01 -4.80372E+00 
-1.83616E+01 -4.33121E+00 
-1.84243E+01 -3.74060E+00 
-1.87878E+01 -3.05008E+00 
-1.90145E+01 -2.24713E+00 
-1.90706E+01 -1.31819E+00 
-1.89181E+01 -2.48676E-01 
-1.85163E+01 9.77669E-01 
-1.78290E+01 2.38181E+00 
-1.68449E+01 4.00343E+00 
-1.56227E+01 5.95839E+00 
-1.42651E+01 8.59715E+00 
-1.24348E+01 1.25481E+01 
-8.83901E+00 1.79138E+01 
-2.56003E+00 2.37685E+01 
-1.12460E+01 -5.50308E+00 
-1.16621E+01 -5.51298E+00 
-1.05706E+01 -5.19360E+00 
-1.11025E+01 -5.12638E+00 
-1.16408E+01 -5.03690E+00 
-1.21817E+01 -4.92142E+00 
-1.27205E+01 -4.77576E+00 
-1.31322E+01 -4.63949E+00 
-1.32512E+01 -4.59540E+00 
-1.38063E+01 -4.35640E+00 
-1.43328E+01 -4.06474E+00 
-1.48179E+01 -3.71339E+00 
-1.52462E+01 -3.29490E+00 
-1.52287E+01 -2.77967E+00 
-1.54331E+01 -2.17905E+00 
-1.55151E+01 -1.48370E+00 
-1.54461E+01 -6.82695E-01 
-1.51937E+01 2.35658E-01 
-1.47235E+01 1.28442E+00 
-1.40037E+01 2.48074E+00 
-1.30204E+01 3.85830E+00 
-1.18056E+01 5.51752E+00 
-1.03972E+01 7.76091E+00 
-8.44737E+00 1.11207E+01 
-4.91117E+00 1.56592E+01 
8.27943E-01 2.05634E+01 
-9.71021E+00 -4.44649E+00 
-1.00423E+01 -4.44812E+00 
-9.15878E+00 -4.16442E+00 
-9.57230E+00 -4.09906E+00 
-9.98866E+00 -4.01392E+00 
-1.04044E+01 -3.90577E+00 
-1.08153E+01 -3.77109E+00 
-1.11266E+01 -3.64625E+00 
-1.12161E+01 -3.60604E+00 
-1.16296E+01 -3.38937E+00 
-1.20146E+01 -3.12722E+00 
-1.23598E+01 -2.81384E+00 
-1.26518E+01 -2.44321E+00 
-1.25801E+01 -1.99384E+00 
-1.26709E+01 -1.47112E+00 
-1.26530E+01 -8.68622E-01 
-1.25022E+01 -1.77601E-01 
-1.21910E+01 6.11277E-01 
-1.16903E+01 1.50846E+00 
-1.09725E+01 2.52797E+00 
-1.00223E+01 3.69850E+00 
-8.85324E+00 5.10733E+00 
-7.45900E+00 7.01627E+00 
-5.49667E+00 9.87676E+00 
-2.12277E+00 1.37193E+01 
3.05759E+00 1.78291E+01 
-8.35868E+00 -3.56326E+00 
-8.62352E+00 -3.55849E+00 
-7.90477E+00 -3.30773E+00 
-8.22548E+00 -3.24472E+00 
-8.54652E+00 -3.16409E+00 
-8.86475E+00 -3.06309E+00 
-9.17638E+00 -2.93872E+00 
-9.41006E+00 -2.82445E+00 
-9.47676E+00 -2.78781E+00 
-9.78166E+00 -2.59145E+00 
-1.00588E+01 -2.35585E+00 
-1.02983E+01 -2.07632E+00 
-1.04890E+01 -1.74804E+00 
-1.03822E+01 -1.35618E+00 
-1.03936E+01 -9.00926E-01 
-1.03090E+01 -3.78560E-01 
-1.01078E+01 2.17903E-01 
-9.76704E+00 8.95862E-01 
-9.26204E+00 1.66363E+00 
-8.56905E+00 2.53269E+00 
-7.67243E+00 3.52756E+00 
-6.57284E+00 4.72433E+00 
-5.23479E+00 6.35012E+00 
-3.33065E+00 8.78838E+00 
-1.80393E-01 1.20451E+01 
4.44918E+00 1.54906E+01 
-7.17339E+00 -2.82800E+00 
-7.38450E+00 -2.81828E+00 
-6.79667E+00 -2.59779E+00 
-7.04474E+00 -2.53738E+00 
-7.29136E+00 -2.46126E+00 
-7.53376E+00 -2.36709E+00 
-7.76853E+00 -2.25236E+00 
-7.94238E+00 -2.14780E+00 
-7.99158E+00 -2.11442E+00 
-8.21333E+00 -1.93648E+00 
-8.40862E+00 -1.72471E+00 
-8.56902E+00 -1.47534E+00 
-8.68479E+00 -1.18451E+00 
-8.55714E+00 -8.42870E-01 
-8.51446E+00 -4.46090E-01 
-8.38738E+00 7.10060E-03 
-8.15858E+00 5.22229E-01 
-7.80874E+00 1.10512E+00 
-7.31704E+00 1.76236E+00 
-6.66310E+00 2.50335E+00 
-5.83166E+00 3.34909E+00 
-4.81479E+00 4.36615E+00 
-3.55866E+00 5.75200E+00 
-1.75702E+00 7.83283E+00 
1.13746E+00 1.05960E+01 
5.24145E+00 1.34857E+01 
-6.13774E+00 -2.21816E+00 
-6.30592E+00 -2.20462E+00 
-5.82251E+00 -2.01188E+00 
-6.01377E+00 -1.95418E+00 
-6.20242E+00 -1.88246E+00 
-6.38595E+00 -1.79475E+00 
-6.56134E+00 -1.68895E+00 
-6.68920E+00 -1.59330E+00 
-6.72499E+00 -1.56288E+00 
-6.88338E+00 -1.40164E+00 
-7.01695E+00 -1.21126E+00 
-7.11847E+00 -9.88751E-01 
-7.17961E+00 -7.31058E-01 
-7.04123E+00 -4.33309E-01 
-6.96317E+00 -8.72426E-02 
-6.81124E+00 3.06175E-01 
-6.57086E+00 7.51280E-01 
-6.22582E+00 1.25262E+00 
-5.75863E+00 1.81539E+00 
-5.15189E+00 2.44726E+00 
-4.39110E+00 3.16635E+00 
-3.46284E+00 4.03098E+00 
-2.30269E+00 5.21327E+00 
-6.29024E-01 6.99114E+00 
1.99778E+00 9.33790E+00 
5.61175E+00 1.17625E+01 
-5.23618E+00 -1.71414E+00 
-5.37007E+00 -1.69766E+00 
-4.97027E+00 -1.53027E+00 
-5.11718E+00 -1.47531E+00 
-5.26072E+00 -1.40783E+00 
-5.39863E+00 -1.32620E+00 
-5.52826E+00 -1.22868E+00 
-5.62088E+00 -1.14118E+00 
-5.64643E+00 -1.11348E+00 
-5.75674E+00 -9.67348E-01 
-5.84406E+00 -7.96196E-01 
-5.90218E+00 -5.97639E-01 
-5.92402E+00 -3.69286E-01 
-5.78211E+00 -1.09928E-01 
-5.68232E+00 1.92098E-01 
-5.51808E+00 5.33802E-01 
-5.27717E+00 9.18550E-01 
-4.94602E+00 1.34986E+00 
-4.50998E+00 1.83179E+00 
-3.95424E+00 2.37064E+00 
-3.26530E+00 2.98203E+00 
-2.42646E+00 3.71726E+00 
-1.36823E+00 4.72665E+00 
1.65244E-01 6.24733E+00 
2.52614E+00 8.24244E+00 
5.69108E+00 1.02776E+01 
-4.45414E+00 -1.29912E+00 
-4.56063E+00 -1.28041E+00 
-4.22808E+00 -1.13613E+00 
-4.34040E+00 -1.08387E+00 
-4.44887E+00 -1.02046E+00 
-4.55152E+00 -9.44534E-01 
-4.64596E+00 -8.54670E-01 
-4.71167E+00 -7.74655E-01 
-4.72944E+00 -7.49421E-01 
-4.80346E+00 -6.17013E-01 
-4.85637E+00 -4.63156E-01 
-4.88287E+00 -2.85986E-01 
-4.87696E+00 -8.36466E-02 
-4.73651E+00 1.42098E-01 
-4.62480E+00 4.05816E-01 
-4.45703E+00 7.02709E-01 
-4.22298E+00 1.03536E+00 
-3.91130E+00 1.40645E+00 
-3.50977E+00 1.81913E+00 
-3.00583E+00 2.27857E+00 
-2.38709E+00 2.79831E+00 
-1.63514E+00 3.42356E+00 
-6.79186E-01 4.28587E+00 
7.10973E-01 5.58788E+00 
2.81658E+00 7.28557E+00 
5.57558E+00 8.99418E+00 
-3.77795E+00 -9.58773E-01 
-3.86256E+00 -9.38415E-01 
-3.58437E+00 -8.15114E-01 
-3.66972E+00 -7.65510E-01 
-3.75099E+00 -7.05988E-01 
-3.82640E+00 -6.35422E-01 
-3.89388E+00 -5.52660E-01 
-3.93912E+00 -4.79519E-01 
-3.95100E+00 -4.56544E-01 
-3.99778E+00 -3.36609E-01 
-4.02533E+00 -1.98342E-01 
-4.02914E+00 -4.02994E-02 
-4.00415E+00 1.38941E-01 
-3.86847E+00 3.35220E-01 
-3.75179E+00 5.65551E-01 
-3.58647E+00 8.23545E-01 
-3.36398E+00 1.11115E+00 
-3.07486E+00 1.43038E+00 
-2.70894E+00 1.78366E+00 
-2.25558E+00 2.17524E+00 
-1.70357E+00 2.61689E+00 
-1.03387E+00 3.14853E+00 
-1.76891E-01 3.88552E+00 
1.07290E+00 5.00123E+00 
2.93924E+00 6.44696E+00 
5.33514E+00 7.88160E+00 
-3.19508E+00 -6.81040E-01 
-3.26220E+00 -6.59497E-01 
-3.02818E+00 -5.55184E-01 
-3.09254E+00 -5.08177E-01 
-3.15273E+00 -4.52367E-01 
-3.20717E+00 -3.86843E-01 
-3.25403E+00 -3.10679E-01 
-3.28378E+00 -2.43866E-01 
-3.29122E+00 -2.22962E-01 
-3.31773E+00 -1.14389E-01 
-3.32681E+00 9.79903E-03 
-3.31466E+00 1.50706E-01 
-3.27701E+00 3.09403E-01 
-3.14824E+00 4.79827E-01 
-3.03140E+00 6.81004E-01 
-2.87245E+00 9.05170E-01 
-2.66428E+00 1.15376E+00 
-2.39905E+00 1.42827E+00 
-2.06828E+00 1.73053E+00 
-1.66303E+00 2.06404E+00 
-1.17319E+00 2.43906E+00 
-5.79843E-01 2.89093E+00 
1.83738E-01 3.52095E+00 
1.29998E+00 4.47766E+00 
2.94604E+00 5.70956E+00 
5.01999E+00 6.91405E+00 
-2.69402E+00 -4.55718E-01 
-2.74714E+00 -4.33380E-01 
-2.54927E+00 -3.46175E-01 
-2.59729E+00 -3.01702E-01 
-2.64116E+00 -2.49445E-01 
-2.67948E+00 -1.88672E-01 
-2.71066E+00 -1.18654E-01 
-2.72873E+00 -5.76791E-02 
-2.73287E+00 -3.86765E-02 
-2.74441E+00 5.95234E-02 
-2.74025E+00 1.70972E-01 
-2.71719E+00 2.96499E-01 
-2.67163E+00 4.36899E-01 
-2.55102E+00 5.84616E-01 
-2.43725E+00 7.60282E-01 
-2.28710E+00 9.54971E-01 
-2.09465E+00 1.16972E+00 
-1.85341E+00 1.40558E+00 
-1.55635E+00 1.66395E+00 
-1.19594E+00 1.94771E+00 
-7.63170E-01 2.26582E+00 
-2.39705E-01 2.64962E+00 
4.37358E-01 3.18816E+00 
1.42916E+00 4.00884E+00 
2.87514E+00 5.05891E+00 
4.66565E+00 6.06984E+00 
-2.26438E+00 -2.74221E-01 
-2.30629E+00 -2.51415E-01 
-2.13818E+00 -1.79546E-01 
-2.17350E+00 -1.37548E-01 
-2.20476E+00 -8.86952E-02 
-2.23073E+00 -3.24116E-02 
-2.25002E+00 3.18698E-02 
-2.25936E+00 8.74448E-02 
-2.26105E+00 1.04697E-01 
-2.26169E+00 1.93408E-01 
-2.24825E+00 2.93310E-01 
-2.21802E+00 4.05013E-01 
-2.16803E+00 5.29091E-01 
-2.05620E+00 6.56855E-01 
-1.94759E+00 8.10147E-01 
-1.80759E+00 9.79100E-01 
-1.63130E+00 1.16443E+00 
-1.41335E+00 1.36686E+00 
-1.14794E+00 1.58742E+00 
-8.28749E-01 1.82848E+00 
-4.47750E-01 2.09792E+00 
1.24834E-02 2.42353E+00 
6.10510E-01 2.88370E+00 
1.48814E+00 3.58776E+00 
2.75433E+00 4.48289E+00 
4.29676E+00 5.33080E+00 
-1.89687E+00 -1.29313E-01 
-1.92977E+00 -1.06318E-01 
-1.78636E+00 -4.81160E-02 
-1.81182E+00 -8.53807E-03 
-1.83336E+00 3.70449E-02 
-1.84989E+00 8.90776E-02 
-1.86022E+00 1.47993E-01 
-1.86310E+00 1.98564E-01 
-1.86299E+00 2.14203E-01 
-1.85581E+00 2.94218E-01 
-1.83605E+00 3.83636E-01 
-1.80145E+00 4.82895E-01 
-1.74952E+00 5.92395E-01 
-1.64666E+00 7.02617E-01 
-1.54444E+00 8.36246E-01 
-1.41519E+00 9.82686E-01 
-1.25485E+00 1.14240E+00 
-1.05900E+00 1.31585E+00 
-8.22850E-01 1.50379E+00 
-5.41101E-01 1.70817E+00 
-2.06649E-01 1.93593E+00 
1.96875E-01 2.21173E+00 
7.23477E-01 2.60463E+00 
1.49759E+00 3.20846E+00 
2.60359E+00 3.97130E+00 
3.92996E+00 4.68172E+00 
-1.58322E+00 -1.48917E-02 
-1.60889E+00 8.05295E-03 
-1.48613E+00 5.41589E-02 
-1.50394E+00 9.13666E-02 
-1.51798E+00 1.33802E-01 
-1.52734E+00 1.81801E-01 
-1.53097E+00 2.35688E-01 
-1.52912E+00 2.81615E-01 
-1.52772E+00 2.95763E-01 
-1.51505E+00 3.67797E-01 
-1.49119E+00 4.47684E-01 
-1.45425E+00 5.35725E-01 
-1.40215E+00 6.32187E-01 
-1.30815E+00 7.26986E-01 
-1.21298E+00 8.43298E-01 
-1.09455E+00 9.70004E-01 
-9.49524E-01 1.10737E+00 
-7.74267E-01 1.25567E+00 
-5.64846E-01 1.41543E+00 
-3.16820E-01 1.58826E+00 
-2.39077E-02 1.78028E+00 
3.29115E-01 2.01339E+00 
7.91718E-01 2.34842E+00 
1.47286E+00 2.86594E+00 
2.43707E+00 3.51558E+00 
3.57605E+00 4.10988E+00 
-1.31235E+00 7.54027E-02 
-1.33211E+00 9.80828E-02 
-1.22701E+00 1.33412E-01 
-1.23879E+00 1.68258E-01 
-1.24701E+00 2.07612E-01 
-1.25086E+00 2.51720E-01 
-1.24946E+00 3.00814E-01 
-1.24415E+00 3.42359E-01 
-1.24183E+00 3.55108E-01 
-1.22540E+00 4.19699E-01 
-1.19906E+00 4.90781E-01 
-1.16123E+00 5.68549E-01 
-1.11022E+00 6.53166E-01 
-1.02490E+00 7.34210E-01 
-9.37117E-01 8.35016E-01 
-8.29398E-01 9.44142E-01 
-6.99004E-01 1.06171E+00 
-5.42978E-01 1.18783E+00 
-3.58100E-01 1.32285E+00 
-1.40667E-01 1.46812E+00 
1.14853E-01 1.62902E+00 
4.22511E-01 1.82496E+00 
8.27324E-01 2.10941E+00 
1.42434E+00 2.55136E+00 
2.26195E+00 3.10255E+00 
3.23664E+00 3.59728E+00 
-1.08616E+00 1.43187E-01 
-1.10121E+00 1.65421E-01 
-1.01087E+00 1.91530E-01 
-1.01806E+00 2.24090E-01 
-1.02190E+00 2.60515E-01 
-1.02169E+00 3.00978E-01 
-1.01668E+00 3.45641E-01 
-1.00898E+00 3.83173E-01 
-1.00604E+00 3.94648E-01 
-9.87234E-01 4.52502E-01 
-9.59657E-01 5.15692E-01 
-9.22004E-01 5.84332E-01 
-8.72879E-01 6.58505E-01 
-7.95651E-01 7.27664E-01 
-7.15085E-01 8.14985E-01 
-6.17404E-01 9.08905E-01 
-5.00371E-01 1.00943E+00 
-3.61573E-01 1.11656E+00 
-1.98379E-01 1.23052E+00 
-7.69569E-03 1.35244E+00 
2.15360E-01 1.48705E+00 
4.83705E-01 1.65160E+00 
8.38213E-01 1.89313E+00 
1.36189E+00 2.27082E+00 
2.09042E+00 2.73886E+00 
2.92588E+00 3.15073E+00 
-8.94444E-01 1.93726E-01 
-9.05681E-01 2.15349E-01 
-8.27975E-01 2.33517E-01 
-8.31613E-01 2.63828E-01 
-8.32110E-01 2.97419E-01 
-8.28874E-01 3.34408E-01 
-8.21262E-01 3.74900E-01 
-8.11934E-01 4.08694E-01 
-8.08585E-01 4.18987E-01 
-7.88389E-01 4.70636E-01 
-7.60445E-01 5.26626E-01 
-7.23685E-01 5.87010E-01 
-6.76963E-01 6.51810E-01 
-6.07310E-01 7.10530E-01 
-5.33709E-01 7.85902E-01 
-4.45436E-01 8.66421E-01 
-3.40665E-01 9.52010E-01 
-2.17439E-01 1.04260E+00 
-7.36132E-02 1.13830E+00 
9.33938E-02 1.24006E+00 
2.87892E-01 1.35208E+00 
5.21716E-01 1.48963E+00 
8.31878E-01 1.69406E+00 
1.29084E+00 2.01607E+00 
1.92410E+00 2.41256E+00 
2.63984E+00 2.75420E+00 
-7.32352E-01 2.30096E-01 
-7.40476E-01 2.50959E-01 
-6.73667E-01 2.62373E-01 
-6.74553E-01 2.90466E-01 
-6.72515E-01 3.21313E-01 
-6.67049E-01 3.54988E-01 
-6.57614E-01 3.91552E-01 
-6.47227E-01 4.21859E-01 
-6.43636E-01 4.31056E-01 
-6.22764E-01 4.76985E-01 
-5.95073E-01 5.26401E-01 
-5.59682E-01 5.79309E-01 
-5.15657E-01 6.35690E-01 
-4.53026E-01 6.85248E-01 
-3.86026E-01 7.50014E-01 
-3.06461E-01 8.18709E-01 
-2.12851E-01 8.91195E-01 
-1.03615E-01 9.67347E-01 
2.29903E-02 1.04721E+00 
1.69116E-01 1.13158E+00 
3.38570E-01 1.22416E+00 
5.42167E-01 1.33848E+00 
8.13366E-01 1.51082E+00 
1.21540E+00 1.78451E+00 
1.76569E+00 2.11933E+00 
2.37867E+00 2.40145E+00 
-5.95635E-01 2.54881E-01 
-6.01206E-01 2.74848E-01 
-5.43858E-01 2.80599E-01 
-5.42616E-01 3.06506E-01 
-5.38665E-01 3.34695E-01 
-5.31582E-01 3.65205E-01 
-5.20914E-01 3.98067E-01 
-5.09897E-01 4.25121E-01 
-5.06182E-01 4.33300E-01 
-4.85161E-01 4.73953E-01 
-4.58149E-01 5.17360E-01 
-4.24429E-01 5.63495E-01 
-3.83239E-01 6.12305E-01 
-3.27066E-01 6.53831E-01 
-2.66235E-01 7.09172E-01 
-1.94658E-01 7.67420E-01 
-1.11142E-01 8.28402E-01 
-1.44150E-02 8.91955E-01 
9.69308E-02 9.58074E-01 
2.24690E-01 1.02743E+00 
3.72229E-01 1.10330E+00 
5.49415E-01 1.19764E+00 
7.86463E-01 1.34220E+00 
1.13857E+00 1.57391E+00 
1.61675E+00 1.85554E+00 
2.14163E+00 2.08718E+00 
-4.80444E-01 2.70254E-01 
-4.83906E-01 2.89201E-01 
-4.34825E-01 2.90284E-01 
-4.31939E-01 3.14032E-01 
-4.26558E-01 3.39641E-01 
-4.18327E-01 3.67126E-01 
-4.06870E-01 3.96493E-01 
-3.95541E-01 4.20505E-01 
-3.91792E-01 4.27737E-01 
-3.70997E-01 4.63513E-01 
-3.44954E-01 5.01419E-01 
-3.13079E-01 5.41403E-01 
-2.74754E-01 5.83390E-01 
-2.24493E-01 6.17876E-01 
-1.69378E-01 6.64818E-01 
-1.05089E-01 7.13820E-01 
-3.06715E-02 7.64683E-01 
5.48909E-02 8.17226E-01 
1.52731E-01 8.71408E-01 
2.64343E-01 9.27807E-01 
3.92709E-01 9.89303E-01 
5.46820E-01 1.06643E+00 
7.53943E-01 1.18690E+00 
1.06227E+00 1.38208E+00 
1.47776E+00 1.61774E+00 
1.92709E+00 1.80654E+00 
-3.83825E-01 2.77968E-01 
-3.85538E-01 2.95784E-01 
-3.43699E-01 2.93112E-01 
-3.39551E-01 3.14735E-01 
-3.33116E-01 3.37848E-01 
-3.24100E-01 3.62447E-01 
-3.12192E-01 3.88522E-01 
-3.00788E-01 4.09696E-01 
-2.97067E-01 4.16050E-01 
-2.76762E-01 4.47326E-01 
-2.51871E-01 4.80204E-01 
-2.21919E-01 5.14614E-01 
-1.86407E-01 5.50463E-01 
-1.41520E-01 5.78801E-01 
-9.16541E-02 6.18275E-01 
-3.39695E-02 6.59108E-01 
3.22915E-02 7.01095E-01 
1.07934E-01 7.44042E-01 
1.93863E-01 7.87893E-01 
2.91326E-01 8.33139E-01 
4.02967E-01 8.82319E-01 
5.36978E-01 9.44683E-01 
7.17960E-01 1.04433E+00 
9.88017E-01 1.20778E+00 
1.34919E+00 1.40379E+00 
1.73389E+00 1.55634E+00 
-3.02992E-01 2.79522E-01 
-3.03250E-01 2.96111E-01 
-2.67774E-01 2.90508E-01 
-2.62662E-01 3.10043E-01 
-2.55467E-01 3.30746E-01 
-2.45944E-01 3.52597E-01 
-2.33838E-01 3.75573E-01 
-2.22531E-01 3.94103E-01 
-2.18884E-01 3.99642E-01 
-1.99249E-01 4.26771E-01 
-1.75616E-01 4.55056E-01 
-1.47600E-01 4.84415E-01 
-1.14799E-01 5.14747E-01 
-7.47786E-02 5.37731E-01 
-2.97059E-02 5.70568E-01 
2.20149E-02 6.04196E-01 
8.09803E-02 6.38407E-01 
1.47822E-01 6.73011E-01 
2.23260E-01 7.07940E-01 
3.08334E-01 7.43620E-01 
4.05393E-01 7.82281E-01 
5.21904E-01 8.32016E-01 
6.80067E-01 9.13684E-01 
9.16705E-01 1.04960E+00 
1.23082E+00 1.21146E+00 
1.56026E+00 1.33341E+00 
-2.35562E-01 2.76145E-01 
-2.34603E-01 2.91428E-01 
-2.04724E-01 2.83630E-01 
-1.98888E-01 3.01125E-01 
-1.91162E-01 3.19508E-01 
-1.81347E-01 3.38750E-01 
-1.69234E-01 3.58819E-01 
-1.58149E-01 3.74891E-01 
-1.54608E-01 3.79676E-01 
-1.35762E-01 4.02991E-01 
-1.13437E-01 4.27090E-01 
-8.73244E-02 4.51883E-01 
-5.71035E-02 4.77264E-01 
-2.14713E-02 4.95605E-01 
1.92391E-02 5.22560E-01 
6.55881E-02 5.49851E-01 
1.18040E-01 5.77276E-01 
1.77083E-01 6.04654E-01 
2.43288E-01 6.31914E-01 
3.17521E-01 6.59428E-01 
4.01875E-01 6.89151E-01 
5.03158E-01 7.28132E-01 
6.41414E-01 7.94339E-01 
8.48889E-01 9.06428E-01 
1.12226E+00 1.03893E+00 
1.40450E+00 1.13516E+00 
-1.79390E-01 2.68859E-01 
-1.77415E-01 2.82773E-01 
-1.52468E-01 2.73428E-01 
-1.46097E-01 2.88939E-01 
-1.38023E-01 3.05097E-01 
-1.28083E-01 3.21870E-01 
-1.16108E-01 3.39219E-01 
-1.05334E-01 3.53011E-01 
-1.01921E-01 3.57100E-01 
-8.39385E-02 3.76914E-01 
-6.29374E-02 3.97204E-01 
-3.86710E-02 4.17877E-01 
-1.08845E-02 4.38825E-01 
2.07955E-02 4.53155E-01 
5.75390E-02 4.74911E-01 
9.90491E-02 4.96645E-01 
1.45681E-01 5.18170E-01 
1.97809E-01 5.39314E-01 
2.55878E-01 5.60015E-01 
3.20613E-01 5.80596E-01 
3.93884E-01 6.02767E-01 
4.81900E-01 6.32636E-01 
6.02773E-01 6.85587E-01 
7.84771E-01 7.77098E-01 
1.02284E+00 8.84438E-01 
1.26470E+00 9.59121E-01 
-1.32720E-01 2.58505E-01 
-1.29904E-01 2.71011E-01 
-1.09294E-01 2.60687E-01 
-1.02547E-01 2.74281E-01 
-9.42734E-02 2.88322E-01 
-8.43404E-02 3.02772E-01 
-7.26111E-02 3.17590E-01 
-6.22134E-02 3.29278E-01 
-5.89443E-02 3.32728E-01 
-4.18693E-02 3.49345E-01 
-2.21826E-02 3.66187E-01 
3.11653E-04 3.83160E-01 
2.58139E-02 4.00157E-01 
5.39423E-02 4.11047E-01 
8.70812E-02 4.28235E-01 
1.24234E-01 4.45129E-01 
1.65667E-01 4.61558E-01 
2.11660E-01 4.77368E-01 
2.62560E-01 4.92503E-01 
3.18972E-01 5.07251E-01 
3.82575E-01 5.23100E-01 
4.59032E-01 5.45310E-01 
5.64726E-01 5.86965E-01 
7.24471E-01 6.60792E-01 
9.31956E-01 7.46663E-01 
1.13928E+00 8.03417E-01 
-9.40247E-02 2.45790E-01 
-9.05189E-02 2.56874E-01 
-7.37201E-02 2.46057E-01 
-6.67292E-02 2.57819E-01 
-5.83774E-02 2.69861E-01 
-4.85579E-02 2.82143E-01 
-3.71600E-02 2.94623E-01 
-2.71859E-02 3.04383E-01 
-2.40703E-02 3.07250E-01 
-7.92677E-03 3.20965E-01 
1.04695E-02 3.34703E-01 
3.12726E-02 3.48375E-01 
5.46378E-02 3.61874E-01 
7.95783E-02 3.69837E-01 
1.09439E-01 3.83042E-01 
1.42664E-01 3.95754E-01 
1.79448E-01 4.07820E-01 
2.19995E-01 4.19107E-01 
2.64571E-01 4.29569E-01 
3.13685E-01 4.39463E-01 
3.68845E-01 4.50079E-01 
4.35228E-01 4.65915E-01 
5.27659E-01 4.98015E-01 
6.67956E-01 5.56732E-01 
8.48920E-01 6.24391E-01 
1.02671E+00 6.66345E-01 
-6.20097E-02 2.31316E-01 
-5.79550E-02 2.40991E-01 
-4.44937E-02 2.30093E-01 
-3.73738E-02 2.40124E-01 
-2.90477E-02 2.50299E-01 
-1.94295E-02 2.60577E-01 
-8.43031E-03 2.70916E-01 
1.08549E-03 2.78924E-01 
4.04050E-03 2.81264E-01 
1.92424E-02 2.92367E-01 
3.63809E-02 3.03337E-01 
5.55753E-02 3.14085E-01 
7.69442E-02 3.24514E-01 
9.90249E-02 3.30014E-01 
1.25902E-01 3.39779E-01 
1.55582E-01 3.48915E-01 
1.88203E-01 3.57286E-01 
2.23910E-01 3.64784E-01 
2.62903E-01 3.71373E-01 
3.05612E-01 3.77283E-01 
3.53398E-01 3.83627E-01 
4.10994E-01 3.94225E-01 
4.91831E-01 4.18314E-01 
6.15119E-01 4.64212E-01 
7.73079E-01 5.16530E-01 
9.25614E-01 5.46386E-01 
-3.55969E-02 2.15617E-01 
-3.11238E-02 2.23924E-01 
-2.05750E-02 2.13284E-01 
-1.34273E-02 2.21703E-01 
-5.21635E-03 2.30157E-01 
4.12677E-03 2.38605E-01 
1.46734E-02 2.47005E-01 
2.37053E-02 2.53439E-01 
2.64953E-02 2.55306E-01 
4.07548E-02 2.64084E-01 
5.66730E-02 2.72608E-01 
7.43407E-02 2.80796E-01 
9.38460E-02 2.88556E-01 
1.13363E-01 2.92011E-01 
1.37520E-01 2.98841E-01 
1.63998E-01 3.04955E-01 
1.92890E-01 3.10242E-01 
2.24292E-01 3.14610E-01 
2.58353E-01 3.18039E-01 
2.95440E-01 3.20736E-01 
3.36783E-01 3.23653E-01 
3.86715E-01 3.30008E-01 
4.57415E-01 3.47452E-01 
5.65825E-01 3.82567E-01 
7.03821E-01 4.22075E-01 
8.34755E-01 4.42154E-01 
-1.38946E-02 1.99176E-01 
-9.12562E-03 2.06185E-01 
-1.10646E-03 1.96074E-01 
5.97911E-03 2.03014E-01 
1.39975E-02 2.09904E-01 
2.30039E-02 2.16703E-01 
3.30552E-02 2.23370E-01 
4.15853E-02 2.28407E-01 
4.42078E-02 2.29856E-01 
5.75319E-02 2.36586E-01 
7.22712E-02 2.42975E-01 
8.84932E-02 2.48945E-01 
1.06260E-01 2.54415E-01 
1.23483E-01 2.56197E-01 
1.45159E-01 2.60555E-01 
1.68744E-01 2.64155E-01 
1.94293E-01 2.66904E-01 
2.21866E-01 2.68733E-01 
2.51571E-01 2.69633E-01 
2.83723E-01 2.69790E-01 
3.19440E-01 2.70016E-01 
3.62689E-01 2.72994E-01 
4.24526E-01 2.84991E-01 
5.19917E-01 3.11119E-01 
6.40586E-01 3.40028E-01 
7.53050E-01 3.52311E-01 
3.81499E-03 1.82451E-01 
8.76646E-03 1.88255E-01 
1.46026E-02 1.78880E-01 
2.15478E-02 1.84486E-01 
2.93084E-02 1.89976E-01 
3.79287E-02 1.95311E-01 
4.74534E-02 2.00450E-01 
5.54717E-02 2.04261E-01 
5.79263E-02 2.05345E-01 
7.03303E-02 2.10296E-01 
8.39373E-02 2.14843E-01 
9.87951E-02 2.18917E-01 
1.14945E-01 2.22447E-01 
1.30119E-01 2.22883E-01 
1.49536E-01 2.25191E-01 
1.70509E-01 2.26732E-01 
1.93065E-01 2.27432E-01 
2.17236E-01 2.27240E-01 
2.43100E-01 2.26160E-01 
2.70926E-01 2.24358E-01 
3.01736E-01 2.22522E-01 
3.39167E-01 2.22867E-01 
3.93262E-01 2.30458E-01 
4.77268E-01 2.49172E-01 
5.82904E-01 2.69402E-01 
6.79591E-01 2.75560E-01 
1.81277E-02 1.65849E-01 
2.31603E-02 1.70557E-01 
2.71262E-02 1.62062E-01 
3.38662E-02 1.66483E-01 
4.13175E-02 1.70737E-01 
4.95152E-02 1.74787E-01 
5.84940E-02 1.78592E-01 
6.59986E-02 1.81342E-01 
6.82872E-02 1.82111E-01 
7.97950E-02 1.85531E-01 
9.23216E-02 1.88506E-01 
1.05898E-01 1.90976E-01 
1.20549E-01 1.92881E-01 
1.33898E-01 1.92249E-01 
1.51261E-01 1.92882E-01 
1.69879E-01 1.92763E-01 
1.89759E-01 1.91837E-01 
2.10911E-01 1.90071E-01 
2.33389E-01 1.87477E-01 
2.57428E-01 1.84206E-01 
2.83962E-01 1.80835E-01 
3.16330E-01 1.79171E-01 
3.63665E-01 1.83242E-01 
4.37711E-01 1.95892E-01 
5.30301E-01 2.09079E-01 
6.13504E-01 2.10495E-01 
2.94509E-02 1.49838E-01 
3.44796E-02 1.53569E-01 
3.68702E-02 1.46036E-01 
4.33577E-02 1.49422E-01 
5.04660E-02 1.52602E-01 
5.82224E-02 1.55541E-01 
6.66533E-02 1.58200E-01 
7.36550E-02 1.60041E-01 
7.57828E-02 1.60541E-01 
8.64342E-02 1.62662E-01 
9.79456E-02 1.64315E-01 
1.10334E-01 1.65448E-01 
1.23611E-01 1.66011E-01 
1.35353E-01 1.64549E-01 
1.50865E-01 1.63837E-01 
1.67379E-01 1.62408E-01 
1.84885E-01 1.60223E-01 
2.03378E-01 1.57263E-01 
2.22895E-01 1.53551E-01 
2.43642E-01 1.49221E-01 
2.66478E-01 1.44755E-01 
2.94470E-01 1.41603E-01 
3.35940E-01 1.42911E-01 
4.01328E-01 1.50672E-01 
4.82657E-01 1.58221E-01 
5.54406E-01 1.56044E-01 
3.82259E-02 1.34687E-01 
4.31868E-02 1.37553E-01 
4.42684E-02 1.31011E-01 
5.04746E-02 1.33494E-01 
5.72236E-02 1.35741E-01 
6.45357E-02 1.37719E-01 
7.24303E-02 1.39392E-01 
7.89489E-02 1.40456E-01 
8.09236E-02 1.40726E-01 
9.07672E-02 1.41745E-01 
1.01334E-01 1.42284E-01 
1.12629E-01 1.42304E-01 
1.24651E-01 1.41764E-01 
1.34982E-01 1.39658E-01 
1.48828E-01 1.37876E-01 
1.63463E-01 1.35425E-01 
1.78865E-01 1.32280E-01 
1.95016E-01 1.28436E-01 
2.11941E-01 1.23922E-01 
2.29825E-01 1.18861E-01 
2.49456E-01 1.13645E-01 
2.73661E-01 1.09420E-01 
3.10031E-01 1.08579E-01 
3.67872E-01 1.12408E-01 
4.39454E-01 1.15463E-01 
5.01438E-01 1.10602E-01 
4.47795E-02 1.20686E-01 
4.96328E-02 1.22788E-01 
4.96569E-02 1.17211E-01 
5.55744E-02 1.18905E-01 
6.19679E-02 1.20339E-01 
6.88517E-02 1.21483E-01 
7.62387E-02 1.22307E-01 
8.23056E-02 1.22704E-01 
8.41379E-02 1.22779E-01 
9.32357E-02 1.22860E-01 
1.02938E-01 1.22464E-01 
1.13240E-01 1.21558E-01 
1.24131E-01 1.20115E-01 
1.33237E-01 1.17508E-01 
1.45597E-01 1.14886E-01 
1.58566E-01 1.11649E-01 
1.72112E-01 1.07789E-01 
1.86212E-01 1.03312E-01 
2.00881E-01 9.82511E-02 
2.16284E-01 9.27159E-02 
2.33153E-01 8.70244E-02 
2.54093E-01 8.20584E-02 
2.86047E-01 7.95677E-02 
3.37333E-01 8.02600E-02 
4.00503E-01 7.97623E-02 
4.54184E-01 7.29391E-02 
4.94436E-02 1.08006E-01 
5.41748E-02 1.09421E-01 
5.33768E-02 1.04738E-01 
5.90188E-02 1.05732E-01 
6.50793E-02 1.06449E-01 
7.15674E-02 1.06861E-01 
7.84896E-02 1.06943E-01 
8.41456E-02 1.06762E-01 
8.58488E-02 1.06668E-01 
9.42723E-02 1.05946E-01 
1.03196E-01 1.04757E-01 
1.12608E-01 1.03079E-01 
1.22490E-01 1.00894E-01 
1.30541E-01 9.78966E-02 
1.41584E-01 9.46180E-02 
1.53084E-01 9.07884E-02 
1.65003E-01 8.64098E-02 
1.77312E-01 8.14972E-02 
1.90020E-01 7.60895E-02 
2.03281E-01 7.02822E-02 
2.17771E-01 6.43271E-02 
2.35902E-01 5.88774E-02 
2.64039E-01 5.51367E-02 
3.09646E-01 5.33379E-02 
3.65567E-01 5.00474E-02 
4.12190E-01 4.18284E-02 
5.25649E-02 9.67068E-02 
5.71816E-02 9.74897E-02 
5.57793E-02 9.35891E-02 
6.11755E-02 9.39480E-02 
6.69402E-02 9.40166E-02 
7.30769E-02 9.37723E-02 
7.95865E-02 9.31938E-02 
8.48776E-02 9.25045E-02 
8.64661E-02 9.22619E-02 
9.42908E-02 9.08418E-02 
1.02524E-01 8.89741E-02 
1.11147E-01 8.66460E-02 
1.20133E-01 8.38499E-02 
1.27282E-01 8.05425E-02 
1.37162E-01 7.67578E-02 
1.47368E-01 7.24896E-02 
1.57861E-01 6.77493E-02 
1.68608E-01 6.25598E-02 
1.79615E-01 5.69621E-02 
1.91024E-01 5.10392E-02 
2.03467E-01 4.49838E-02 
2.19182E-01 3.92510E-02 
2.44025E-01 3.45781E-02 
2.84716E-01 3.08091E-02 
3.34394E-01 2.53362E-02 
3.75014E-01 1.61619E-02 
5.44995E-02 8.67225E-02 
5.90257E-02 8.69039E-02 
5.72157E-02 8.36501E-02 
6.24059E-02 8.34145E-02 
6.79190E-02 8.28822E-02 
7.37535E-02 8.20354E-02 
7.99050E-02 8.08586E-02 
8.48772E-02 7.97130E-02 
8.63652E-02 7.93385E-02 
9.36632E-02 7.73034E-02 
1.01286E-01 7.48491E-02 
1.09210E-01 7.19717E-02 
1.17404E-01 6.86729E-02 
1.23781E-01 6.51178E-02 
1.32631E-01 6.09511E-02 
1.41697E-01 5.63717E-02 
1.50936E-01 5.13988E-02 
1.60315E-01 4.60607E-02 
1.69840E-01 4.03993E-02 
1.79644E-01 3.44854E-02 
1.90318E-01 2.84583E-02 
2.03949E-01 2.26003E-02 
2.25943E-01 1.72500E-02 
2.62374E-01 1.19327E-02 
3.06666E-01 4.77033E-03 
3.42165E-01 -5.01299E-03 
5.55732E-02 7.78287E-02 
6.00424E-02 7.74290E-02 
5.80017E-02 7.46810E-02 
6.30296E-02 7.38825E-02 
6.83372E-02 7.27875E-02 
7.39180E-02 7.13840E-02 
7.97629E-02 6.96620E-02 
8.44585E-02 6.81066E-02 
8.58589E-02 6.76147E-02 
9.26943E-02 6.50386E-02 
9.97777E-02 6.20801E-02 
1.07080E-01 5.87435E-02 
1.14566E-01 5.50386E-02 
1.20278E-01 5.12914E-02 
1.28210E-01 4.68518E-02 
1.36261E-01 4.20722E-02 
1.44389E-01 3.69777E-02 
1.52563E-01 3.16005E-02 
1.60786E-01 2.59819E-02 
1.69186E-01 2.01801E-02 
1.78322E-01 1.42865E-02 
1.90144E-01 8.43187E-03 
2.09662E-01 2.61266E-03 
2.42387E-01 -3.90478E-03 
2.82011E-01 -1.23517E-02 
3.13117E-01 -2.24656E-02 
5.61238E-02 6.97756E-02 
6.05677E-02 6.88053E-02 
5.84440E-02 6.64219E-02 
6.33471E-02 6.50852E-02 
6.84872E-02 6.34607E-02 
7.38533E-02 6.15418E-02 
7.94319E-02 5.93244E-02 
8.38834E-02 5.74032E-02 
8.52059E-02 5.68077E-02 
9.16275E-02 5.37615E-02 
9.82238E-02 5.03776E-02 
1.04962E-01 4.66678E-02 
1.11807E-01 4.26485E-02 
1.16933E-01 3.87650E-02 
1.24033E-01 3.41533E-02 
1.31169E-01 2.92751E-02 
1.38300E-01 2.41598E-02 
1.45395E-01 1.88416E-02 
1.52461E-01 1.33598E-02 
1.59621E-01 7.75995E-03 
1.67404E-01 2.08960E-03 
1.77641E-01 -3.65301E-03 
1.94989E-01 -9.76483E-03 
2.24464E-01 -1.71875E-02 
2.60009E-01 -2.65772E-02 
2.87315E-01 -3.67915E-02 
5.64607E-02 6.23120E-02 
6.09049E-02 6.07910E-02 
5.88158E-02 5.86471E-02 
6.36223E-02 5.68048E-02 
6.86223E-02 5.46914E-02 
7.38008E-02 5.23056E-02 
7.91404E-02 4.96489E-02 
8.33696E-02 4.74104E-02 
8.46207E-02 4.67262E-02 
9.06611E-02 4.32858E-02 
9.68068E-02 3.95594E-02 
1.03023E-01 3.55646E-02 
1.09274E-01 3.13233E-02 
1.13870E-01 2.73636E-02 
1.20208E-01 2.26767E-02 
1.26508E-01 1.77959E-02 
1.32732E-01 1.27531E-02 
1.38854E-01 7.58293E-03 
1.44882E-01 2.32128E-03 
1.50937E-01 -2.99887E-03 
1.57523E-01 -8.36961E-03 
1.66365E-01 -1.39083E-02 
1.81804E-01 -2.01605E-02 
2.08418E-01 -2.82305E-02 
2.40387E-01 -3.82665E-02 
2.64394E-01 -4.83890E-02 
5.69467E-02 5.51242E-02 
6.13981E-02 5.30685E-02 
5.94148E-02 5.10589E-02 
6.41319E-02 4.87417E-02 
6.89968E-02 4.61787E-02 
7.39915E-02 4.33740E-02 
7.90955E-02 4.03341E-02 
8.31055E-02 3.78268E-02 
8.42862E-02 3.70690E-02 
8.99516E-02 3.33104E-02 
9.56558E-02 2.93237E-02 
1.01364E-01 2.51313E-02 
1.07040E-01 2.07587E-02 
1.11133E-01 1.67872E-02 
1.16746E-01 1.21176E-02 
1.22259E-01 7.32538E-03 
1.27637E-01 2.44312E-03 
1.32857E-01 -2.49582E-03 
1.37932E-01 -7.46004E-03 
1.42979E-01 -1.24293E-02 
1.48483E-01 -1.74317E-02 
1.56070E-01 -2.26860E-02 
1.69795E-01 -2.89486E-02 
1.93843E-01 -3.74482E-02 
2.22618E-01 -4.78810E-02 
2.43707E-01 -5.77510E-02 
5.77712E-02 4.80103E-02 
6.22213E-02 4.54600E-02 
6.03825E-02 4.35108E-02 
6.50012E-02 4.07699E-02 
6.97202E-02 3.78163E-02 
7.45188E-02 3.46590E-02 
7.93752E-02 3.13089E-02 
8.31572E-02 2.85932E-02 
8.42652E-02 2.77799E-02 
8.95464E-02 2.37930E-02 
9.48041E-02 1.96400E-02 
1.00005E-01 1.53461E-02 
1.05113E-01 1.09390E-02 
1.08717E-01 7.02739E-03 
1.13635E-01 2.46742E-03 
1.18400E-01 -2.14809E-03 
1.22982E-01 -6.78730E-03 
1.27362E-01 -1.14194E-02 
1.31558E-01 -1.60184E-02 
1.35686E-01 -2.05764E-02 
1.40209E-01 -2.51542E-02 
1.46666E-01 -3.00567E-02 
1.58851E-01 -3.62144E-02 
1.80593E-01 -4.49444E-02 
2.06510E-01 -5.55487E-02 
2.25019E-01 -6.50316E-02 
5.89772E-02 4.07053E-02 
6.33923E-02 3.77231E-02 
6.17111E-02 3.57976E-02 
6.62025E-02 3.27059E-02 
7.07474E-02 2.94414E-02 
7.53235E-02 2.60166E-02 
7.99078E-02 2.24459E-02 
8.34452E-02 1.95935E-02 
8.44759E-02 1.87461E-02 
8.93543E-02 1.46333E-02 
9.41523E-02 1.04171E-02 
9.88380E-02 6.12407E-03 
1.03380E-01 1.78255E-03 
1.06498E-01 -1.99235E-03 
1.10739E-01 -6.35269E-03 
1.14785E-01 -1.07072E-02 
1.18608E-01 -1.50262E-02 
1.22198E-01 -1.92822E-02 
1.25573E-01 -2.34554E-02 
1.28852E-01 -2.75500E-02 
1.32479E-01 -3.16551E-02 
1.37906E-01 -3.61482E-02 
1.48687E-01 -4.20990E-02 
1.68322E-01 -5.08804E-02 
1.91641E-01 -6.14555E-02 
2.07839E-01 -7.04369E-02 
6.05767E-02 3.30946E-02 
6.49063E-02 2.97696E-02 
6.33733E-02 2.78660E-02 
6.76983E-02 2.45164E-02 
7.20327E-02 2.10370E-02 
7.63533E-02 1.74430E-02 
8.06358E-02 1.37509E-02 
8.39074E-02 1.08385E-02 
8.48552E-02 9.97927E-03 
8.93059E-02 5.84635E-03 
9.36244E-02 1.67049E-03 
9.77814E-02 -2.52124E-03 
1.01749E-01 -6.70121E-03 
1.04377E-01 -1.02643E-02 
1.07956E-01 -1.43426E-02 
1.11304E-01 -1.83608E-02 
1.14401E-01 -2.22921E-02 
1.17242E-01 -2.61136E-02 
1.19849E-01 -2.98120E-02 
1.22341E-01 -3.34025E-02 
1.25144E-01 -3.69990E-02 
1.29630E-01 -4.10377E-02 
1.39120E-01 -4.66947E-02 
1.56813E-01 -5.53692E-02 
1.77751E-01 -6.57394E-02 
1.91866E-01 -7.41277E-02 
6.28283E-02 2.52572E-02 
6.70180E-02 2.16755E-02 
6.55778E-02 1.98051E-02 
6.96767E-02 1.62810E-02 
7.37374E-02 1.26734E-02 
7.77375E-02 8.99961E-03 
8.16547E-02 5.27792E-03 
8.46143E-02 2.37764E-03 
8.54663E-02 1.52772E-03 
8.94328E-02 -2.52482E-03 
9.32249E-02 -6.56159E-03 
9.68172E-02 -1.05570E-02 
1.00186E-01 -1.44857E-02 
1.02306E-01 -1.77657E-02 
1.05223E-01 -2.14887E-02 
1.07888E-01 -2.51057E-02 
1.10286E-01 -2.85940E-02 
1.12415E-01 -3.19354E-02 
1.14303E-01 -3.51232E-02 
1.16067E-01 -3.81830E-02 
1.18114E-01 -4.12490E-02 
1.21740E-01 -4.48030E-02 
1.30042E-01 -5.00969E-02 
1.45936E-01 -5.85296E-02 
1.64682E-01 -6.85479E-02 
1.76917E-01 -7.62771E-02 
6.53462E-02 1.71202E-02 
6.93229E-02 1.33957E-02 
6.79308E-02 1.16022E-02 
7.17461E-02 8.01446E-03 
7.54821E-02 4.38921E-03 
7.91175E-02 7.44679E-04 
8.26318E-02 -2.90060E-03 
8.52550E-02 -5.70952E-03 
8.60047E-02 -6.52747E-03 
8.94611E-02 -1.03955E-02 
9.27083E-02 -1.41959E-02 
9.57254E-02 -1.79056E-02 
9.84935E-02 -2.15022E-02 
1.00104E-01 -2.44364E-02 
1.02380E-01 -2.77439E-02 
1.04388E-01 -3.09090E-02 
1.06122E-01 -3.39132E-02 
1.07582E-01 -3.67435E-02 
1.08803E-01 -3.93995E-02 
1.09898E-01 -4.19159E-02 
1.11257E-01 -4.44430E-02 
1.14099E-01 -4.74954E-02 
1.21304E-01 -5.23718E-02 
1.35523E-01 -6.04480E-02 
1.52241E-01 -6.99909E-02 
1.62774E-01 -7.70155E-02 
6.79793E-02 8.91411E-03 
7.16475E-02 5.16772E-03 
7.02343E-02 3.50605E-03 
7.36999E-02 -3.37447E-05 
7.70573E-02 -3.56840E-03 
8.02881E-02 -7.08096E-03 
8.33721E-02 -1.05539E-02 
8.56449E-02 -1.32023E-02 
8.62893E-02 -1.39689E-02 
8.92264E-02 -1.75655E-02 
9.19275E-02 -2.10516E-02 
9.43758E-02 -2.44067E-02 
9.65573E-02 -2.76117E-02 
9.76730E-02 -3.01564E-02 
9.93373E-02 -3.30099E-02 
1.00729E-01 -3.56937E-02 
1.01844E-01 -3.81941E-02 
1.02690E-01 -4.05031E-02 
1.03304E-01 -4.26263E-02 
1.03798E-01 -4.46059E-02 
1.04543E-01 -4.66044E-02 
1.06681E-01 -4.91568E-02 
1.12884E-01 -5.35814E-02 
1.25551E-01 -6.12115E-02 
1.40403E-01 -7.01854E-02 
1.49411E-01 -7.64873E-02 
7.08630E-02 6.39367E-04 
7.41892E-02 -3.02479E-03 
7.27110E-02 -4.49875E-03 
7.57883E-02 -7.90123E-03 
7.87206E-02 -1.12589E-02 
8.14904E-02 -1.45544E-02 
8.40826E-02 -1.77711E-02 
8.59574E-02 -2.01956E-02 
8.64830E-02 -2.08927E-02 
8.88428E-02 -2.41346E-02 
9.09522E-02 -2.72302E-02 
9.27990E-02 -3.01627E-02 
9.43737E-02 -3.29170E-02 
9.49803E-02 -3.50271E-02 
9.60411E-02 -3.73892E-02 
9.68347E-02 -3.95646E-02 
9.73619E-02 -4.15441E-02 
9.76347E-02 -4.33247E-02 
9.76902E-02 -4.49170E-02 
9.76398E-02 -4.63695E-02 
9.78325E-02 -4.78524E-02 
9.93326E-02 -4.99103E-02 
1.04607E-01 -5.38574E-02 
1.15817E-01 -6.09678E-02 
1.28924E-01 -6.92965E-02 
1.36546E-01 -7.48655E-02 
7.35219E-02 -7.40152E-03 
7.64174E-02 -1.08719E-02 
7.48030E-02 -1.20987E-02 
7.74321E-02 -1.52680E-02 
7.98948E-02 -1.83590E-02 
8.21781E-02 -2.13561E-02 
8.42709E-02 -2.42451E-02 
8.57524E-02 -2.63974E-02 
8.61619E-02 -2.70119E-02 
8.79605E-02 -2.98427E-02 
8.94996E-02 -3.25005E-02 
9.07727E-02 -3.49729E-02 
9.17762E-02 -3.72494E-02 
9.19081E-02 -3.89100E-02 
9.24144E-02 -4.07740E-02 
9.26642E-02 -4.24428E-02 
9.26624E-02 -4.39115E-02 
9.24243E-02 -4.51816E-02 
9.19890E-02 -4.62681E-02 
9.14641E-02 -4.72242E-02 
9.11779E-02 -4.82242E-02 
9.21175E-02 -4.98118E-02 
9.65492E-02 -5.32763E-02 
1.06409E-01 -5.98201E-02 
1.17912E-01 -6.74585E-02 
1.24298E-01 -7.23111E-02 
7.59036E-02 -1.50612E-02 
7.83101E-02 -1.82423E-02 
7.64972E-02 -1.91641E-02 
7.86305E-02 -2.20168E-02 
8.05896E-02 -2.47658E-02 
8.23645E-02 -2.73982E-02 
8.39447E-02 -2.99019E-02 
8.50273E-02 -3.17433E-02 
8.53201E-02 -3.22650E-02 
8.65643E-02 -3.46433E-02 
8.75537E-02 -3.68341E-02 
8.82835E-02 -3.88275E-02 
8.87527E-02 -4.06162E-02 
8.84448E-02 -4.18265E-02 
8.84453E-02 -4.31995E-02 
8.82048E-02 -4.43760E-02 
8.77322E-02 -4.53554E-02 
8.70456E-02 -4.61432E-02 
8.61854E-02 -4.67583E-02 
8.52550E-02 -4.72567E-02 
8.45609E-02 -4.78137E-02 
8.50136E-02 -4.89631E-02 
8.86837E-02 -5.19517E-02 
9.72968E-02 -5.79004E-02 
1.07325E-01 -6.48236E-02 
1.12612E-01 -6.89888E-02 
7.78157E-02 -2.21427E-02 
7.97568E-02 -2.49764E-02 
7.77589E-02 -2.55695E-02 
7.94128E-02 -2.80619E-02 
8.08905E-02 -3.04340E-02 
8.21727E-02 -3.26701E-02 
8.32458E-02 -3.47571E-02 
8.39302E-02 -3.62641E-02 
8.41061E-02 -3.66864E-02 
8.47935E-02 -3.85821E-02 
8.52327E-02 -4.02806E-02 
8.54265E-02 -4.17776E-02 
8.53790E-02 -4.30705E-02 
8.46517E-02 -4.38318E-02 
8.41856E-02 -4.47258E-02 
8.35024E-02 -4.54311E-02 
8.26136E-02 -4.59501E-02 
8.15390E-02 -4.62916E-02 
8.03185E-02 -4.64770E-02 
7.90501E-02 -4.65639E-02 
7.80178E-02 -4.67246E-02 
7.80560E-02 -4.74758E-02 
8.10453E-02 -5.00067E-02 
8.85148E-02 -5.53509E-02 
9.71971E-02 -6.15554E-02 
1.01517E-01 -6.50752E-02 
7.91933E-02 -2.85271E-02 
8.05782E-02 -3.09321E-02 
7.83202E-02 -3.11474E-02 
7.94478E-02 -3.32173E-02 
8.03908E-02 -3.51498E-02 
8.11466E-02 -3.69377E-02 
8.17139E-02 -3.85754E-02 
8.20235E-02 -3.97368E-02 
8.20922E-02 -4.00584E-02 
8.22825E-02 -4.14762E-02 
8.22453E-02 -4.27005E-02 
8.19813E-02 -4.37278E-02 
8.14962E-02 -4.45577E-02 
8.04203E-02 -4.49059E-02 
7.95634E-02 -4.53617E-02 
7.85124E-02 -4.56396E-02 
7.72809E-02 -4.57454E-02 
7.58906E-02 -4.56903E-02 
7.43812E-02 -4.54980E-02 
7.28452E-02 -4.52264E-02 
7.15441E-02 -4.50429E-02 
7.12378E-02 -4.54405E-02 
7.36239E-02 -4.75400E-02 
8.00479E-02 -5.22833E-02 
8.75052E-02 -5.77792E-02 
9.09788E-02 -6.07019E-02 
7.97836E-02 -3.40185E-02 
8.06682E-02 -3.59785E-02 
7.82275E-02 -3.58394E-02 
7.89098E-02 -3.74973E-02 
7.94046E-02 -3.90099E-02 
7.97059E-02 -4.03681E-02 
7.98140E-02 -4.15672E-02 
7.97683E-02 -4.23850E-02 
7.97341E-02 -4.26060E-02 
7.94455E-02 -4.35472E-02 
7.89501E-02 -4.43017E-02 
7.82489E-02 -4.48676E-02 
7.73504E-02 -4.52478E-02 
7.59492E-02 -4.52005E-02 
7.47404E-02 -4.52456E-02 
7.33677E-02 -4.51311E-02 
7.18463E-02 -4.48649E-02 
7.01979E-02 -4.44601E-02 
6.84603E-02 -4.39410E-02 
6.67190E-02 -4.33643E-02 
6.52125E-02 -4.28896E-02 
6.46276E-02 -4.29812E-02 
6.64863E-02 -4.46827E-02 
7.19646E-02 -4.88436E-02 
7.83186E-02 -5.36578E-02 
8.10615E-02 -5.60393E-02 
7.97499E-02 -3.86219E-02 
8.01219E-02 -4.01101E-02 
7.74345E-02 -3.95868E-02 
7.76256E-02 -4.07923E-02 
7.76362E-02 -4.18493E-02 
7.74757E-02 -4.27583E-02 
7.71455E-02 -4.35172E-02 
7.67770E-02 -4.40017E-02 
7.66511E-02 -4.41265E-02 
7.59421E-02 -4.46180E-02 
7.50574E-02 -4.49402E-02 
7.40013E-02 -4.50942E-02 
7.27794E-02 -4.50825E-02 
7.11367E-02 -4.46990E-02 
6.96621E-02 -4.43953E-02 
6.80495E-02 -4.39502E-02 
6.63152E-02 -4.33735E-02 
6.44812E-02 -4.26797E-02 
6.25838E-02 -4.18935E-02 
6.07024E-02 -4.10700E-02 
5.90530E-02 -4.03597E-02 
5.82526E-02 -4.01949E-02 
5.96569E-02 -4.15369E-02 
6.42865E-02 -4.51440E-02 
6.96537E-02 -4.93133E-02 
7.17727E-02 -5.12124E-02 
7.88672E-02 -4.21957E-02 
7.87488E-02 -4.32065E-02 
7.58668E-02 -4.23300E-02 
7.56630E-02 -4.31258E-02 
7.53010E-02 -4.37832E-02 
7.47732E-02 -4.42946E-02 
7.40831E-02 -4.46591E-02 
7.34433E-02 -4.48421E-02 
7.32397E-02 -4.48796E-02 
7.21696E-02 -4.49609E-02 
7.09419E-02 -4.48845E-02 
6.95652E-02 -4.46550E-02 
6.80518E-02 -4.42804E-02 
6.61968E-02 -4.35906E-02 
6.44974E-02 -4.29764E-02 
6.26905E-02 -4.22436E-02 
6.07926E-02 -4.14033E-02 
5.88250E-02 -4.04705E-02 
5.68214E-02 -3.94694E-02 
5.48534E-02 -3.84518E-02 
5.31147E-02 -3.75575E-02 
5.21551E-02 -3.71841E-02 
5.31728E-02 -3.82071E-02 
5.70471E-02 -4.12963E-02 
6.15389E-02 -4.48655E-02 
6.31318E-02 -4.63419E-02 
7.72858E-02 -4.47922E-02 
7.67559E-02 -4.53659E-02 
7.37140E-02 -4.41674E-02 
7.31166E-02 -4.45526E-02 
7.23569E-02 -4.47952E-02 
7.14510E-02 -4.49021E-02 
7.04123E-02 -4.48795E-02 
6.95233E-02 -4.47761E-02 
6.92505E-02 -4.47324E-02 
6.78738E-02 -4.44425E-02 
6.63793E-02 -4.40235E-02 
6.47718E-02 -4.34785E-02 
6.30585E-02 -4.28124E-02 
6.10720E-02 -4.18841E-02 
5.92280E-02 -4.10269E-02 
5.73017E-02 -4.00720E-02 
5.53095E-02 -3.90313E-02 
5.32718E-02 -3.79199E-02 
5.12202E-02 -3.67613E-02 
4.92196E-02 -3.56042E-02 
4.74427E-02 -3.45771E-02 
4.63759E-02 -3.40420E-02 
4.70714E-02 -3.47884E-02 
5.02808E-02 -3.74020E-02 
5.40040E-02 -4.04221E-02 
5.51604E-02 -4.15352E-02 
7.49838E-02 -4.64090E-02 
7.40399E-02 -4.65424E-02 
7.08531E-02 -4.50444E-02 
6.99168E-02 -4.50537E-02 
6.88725E-02 -4.49552E-02 
6.77189E-02 -4.47460E-02 
6.64344E-02 -4.44103E-02 
6.53639E-02 -4.40719E-02 
6.50402E-02 -4.39612E-02 
6.34279E-02 -4.33585E-02 
6.17116E-02 -4.26387E-02 
5.99093E-02 -4.18146E-02 
5.80328E-02 -4.08952E-02 
5.59479E-02 -3.97653E-02 
5.39982E-02 -3.87065E-02 
5.19930E-02 -3.75729E-02 
4.99484E-02 -3.63769E-02 
4.78835E-02 -3.51332E-02 
4.58265E-02 -3.38639E-02 
4.38351E-02 -3.26134E-02 
4.20613E-02 -3.14980E-02 
4.09316E-02 -3.08433E-02 
4.13623E-02 -3.13537E-02 
4.39903E-02 -3.35359E-02 
4.70429E-02 -3.60594E-02 
4.78417E-02 -3.68650E-02 
7.20497E-02 -4.70825E-02 
7.07987E-02 -4.68504E-02 
6.75348E-02 -4.51150E-02 
6.63439E-02 -4.48111E-02 
6.50443E-02 -4.43998E-02 
6.36231E-02 -4.38709E-02 
6.21022E-02 -4.32382E-02 
6.08711E-02 -4.26863E-02 
6.05040E-02 -4.25160E-02 
5.87137E-02 -4.16513E-02 
5.68569E-02 -4.07000E-02 
5.49386E-02 -3.96662E-02 
5.29684E-02 -3.85575E-02 
5.08449E-02 -3.72849E-02 
4.88529E-02 -3.60858E-02 
4.68287E-02 -3.48331E-02 
4.47864E-02 -3.35381E-02 
4.27435E-02 -3.22149E-02 
4.07252E-02 -3.08839E-02 
3.87826E-02 -2.95854E-02 
3.70489E-02 -2.84239E-02 
3.58958E-02 -2.76896E-02 
3.61162E-02 -2.80055E-02 
3.82460E-02 -2.98058E-02 
4.07250E-02 -3.18910E-02 
4.12393E-02 -3.24440E-02 
6.85251E-02 -4.69050E-02 
6.70141E-02 -4.63452E-02 
6.37064E-02 -4.44108E-02 
6.22722E-02 -4.38084E-02 
6.07571E-02 -4.31194E-02 
5.91856E-02 -4.23605E-02 
5.75528E-02 -4.15277E-02 
5.62359E-02 -4.08240E-02 
5.58422E-02 -4.06086E-02 
5.39244E-02 -3.95305E-02 
5.19590E-02 -3.83834E-02 
4.99612E-02 -3.71791E-02 
4.79383E-02 -3.59243E-02 
4.58140E-02 -3.45505E-02 
4.38177E-02 -3.32527E-02 
4.18107E-02 -3.19217E-02 
3.98062E-02 -3.05683E-02 
3.78192E-02 -2.92052E-02 
3.58718E-02 -2.78508E-02 
3.40083E-02 -2.65409E-02 
3.23440E-02 -2.53679E-02 
3.11994E-02 -2.45874E-02 
3.12542E-02 -2.47439E-02 
3.29542E-02 -2.62053E-02 
3.49391E-02 -2.79022E-02 
3.52279E-02 -2.82487E-02 
6.45288E-02 -4.59568E-02 
6.28307E-02 -4.51313E-02 
5.95265E-02 -4.30505E-02 
5.79223E-02 -4.22109E-02 
5.62758E-02 -4.13146E-02 
5.45820E-02 -4.03578E-02 
5.28272E-02 -3.93300E-02 
5.14366E-02 -3.84927E-02 
5.10267E-02 -3.82425E-02 
4.90542E-02 -3.70178E-02 
4.70560E-02 -3.57444E-02 
4.50410E-02 -3.44302E-02 
4.30189E-02 -3.30834E-02 
4.09336E-02 -3.16529E-02 
3.89731E-02 -3.03008E-02 
3.70202E-02 -2.89337E-02 
3.50867E-02 -2.75614E-02 
3.31859E-02 -2.61957E-02 
3.13368E-02 -2.48526E-02 
2.95771E-02 -2.35636E-02 
2.80055E-02 -2.24092E-02 
2.68960E-02 -2.16121E-02 
2.68260E-02 -2.16434E-02 
2.81629E-02 -2.28109E-02 
2.97305E-02 -2.41716E-02 
2.98473E-02 -2.43551E-02 
6.01640E-02 -4.43435E-02 
5.83131E-02 -4.32889E-02 
5.50701E-02 -4.11227E-02 
5.33737E-02 -4.01138E-02 
5.16360E-02 -3.90517E-02 
4.98607E-02 -3.79388E-02 
4.80521E-02 -3.67786E-02 
4.66311E-02 -3.58491E-02 
4.62129E-02 -3.55728E-02 
4.42143E-02 -3.42360E-02 
4.22106E-02 -3.28705E-02 
4.02163E-02 -3.14887E-02 
3.82397E-02 -3.00982E-02 
3.62354E-02 -2.86573E-02 
3.43508E-02 -2.72955E-02 
3.24875E-02 -2.59332E-02 
3.06561E-02 -2.45796E-02 
2.88681E-02 -2.32451E-02 
2.71397E-02 -2.19437E-02 
2.55031E-02 -2.07027E-02 
2.40420E-02 -1.95918E-02 
2.29885E-02 -1.88030E-02 
2.28289E-02 -1.87395E-02 
2.38629E-02 -1.96561E-02 
2.50823E-02 -2.07299E-02 
2.50722E-02 -2.07886E-02 
5.55295E-02 -4.21714E-02 
5.36034E-02 -4.09582E-02 
5.04619E-02 -3.87556E-02 
4.86975E-02 -3.76075E-02 
4.68983E-02 -3.64133E-02 
4.50907E-02 -3.51933E-02 
4.32793E-02 -3.39513E-02 
4.18813E-02 -3.29806E-02 
4.14728E-02 -3.26948E-02 
3.95137E-02 -3.13105E-02 
3.75483E-02 -2.99002E-02 
3.56031E-02 -2.84860E-02 
3.36939E-02 -2.70816E-02 
3.17906E-02 -2.56589E-02 
3.00054E-02 -2.43182E-02 
2.82541E-02 -2.29907E-02 
2.65447E-02 -2.16835E-02 
2.48866E-02 -2.04054E-02 
2.32934E-02 -1.91685E-02 
2.17922E-02 -1.79962E-02 
2.04533E-02 -1.69480E-02 
1.94713E-02 -1.61873E-02 
1.92516E-02 -1.60555E-02 
2.00360E-02 -1.67610E-02 
2.09683E-02 -1.75932E-02 
2.08690E-02 -1.75603E-02 
5.07444E-02 -3.95662E-02 
4.87568E-02 -3.82165E-02 
4.57414E-02 -3.60145E-02 
4.39830E-02 -3.47958E-02 
4.21905E-02 -3.35334E-02 
4.04034E-02 -3.22592E-02 
3.86305E-02 -3.09803E-02 
3.72512E-02 -2.99738E-02 
3.68469E-02 -2.96769E-02 
3.49313E-02 -2.82600E-02 
3.30529E-02 -2.68560E-02 
3.12127E-02 -2.54664E-02 
2.94133E-02 -2.40944E-02 
2.76350E-02 -2.27210E-02 
2.59676E-02 -2.14275E-02 
2.43422E-02 -2.01569E-02 
2.27666E-02 -1.89165E-02 
2.12490E-02 -1.77138E-02 
1.98001E-02 -1.65588E-02 
1.84418E-02 -1.54706E-02 
1.72320E-02 -1.44992E-02 
1.63321E-02 -1.37820E-02 
1.60768E-02 -1.36048E-02 
1.66584E-02 -1.41354E-02 
1.73572E-02 -1.47674E-02 
1.71994E-02 -1.46707E-02 
4.58631E-02 -3.66043E-02 
4.38960E-02 -3.51946E-02 
4.10381E-02 -3.30345E-02 
3.92993E-02 -3.17671E-02 
3.75610E-02 -3.04862E-02 
3.58283E-02 -2.91957E-02 
3.41110E-02 -2.79043E-02 
3.27896E-02 -2.69019E-02 
3.24045E-02 -2.66083E-02 
3.05876E-02 -2.52153E-02 
2.88101E-02 -2.38403E-02 
2.70828E-02 -2.24929E-02 
2.54064E-02 -2.11750E-02 
2.37686E-02 -1.98741E-02 
2.22366E-02 -1.86525E-02 
2.07530E-02 -1.74619E-02 
1.93240E-02 -1.63083E-02 
1.79559E-02 -1.51978E-02 
1.66571E-02 -1.41384E-02 
1.54453E-02 -1.31457E-02 
1.43678E-02 -1.22611E-02 
1.35569E-02 -1.15989E-02 
1.32856E-02 -1.13952E-02 
1.37052E-02 -1.17836E-02 
1.42169E-02 -1.22523E-02 
1.40252E-02 -1.21148E-02 
4.09996E-02 -3.34101E-02 
3.90847E-02 -3.19776E-02 
3.64204E-02 -2.99041E-02 
3.47514E-02 -2.86392E-02 
3.30794E-02 -2.73598E-02 
3.14186E-02 -2.60779E-02 
2.97838E-02 -2.48059E-02 
2.85401E-02 -2.38316E-02 
2.81812E-02 -2.35495E-02 
2.64982E-02 -2.22202E-02 
2.48540E-02 -2.09116E-02 
2.32513E-02 -1.96263E-02 
2.17061E-02 -1.83789E-02 
2.02175E-02 -1.71675E-02 
1.88314E-02 -1.60356E-02 
1.74981E-02 -1.49409E-02 
1.62214E-02 -1.38875E-02 
1.50060E-02 -1.28800E-02 
1.38584E-02 -1.19247E-02 
1.27925E-02 -1.10341E-02 
1.18466E-02 -1.02422E-02 
1.11276E-02 -9.64261E-03 
1.08559E-02 -9.42799E-03 
1.11484E-02 -9.70285E-03 
1.15126E-02 -1.00409E-02 
1.13065E-02 -9.88112E-03 
3.62283E-02 -3.00763E-02 
3.44098E-02 -2.86687E-02 
3.19481E-02 -2.67032E-02 
3.03644E-02 -2.54636E-02 
2.87990E-02 -2.42289E-02 
2.72398E-02 -2.29893E-02 
2.57132E-02 -2.17675E-02 
2.45632E-02 -2.08419E-02 
2.42319E-02 -2.05746E-02 
2.26842E-02 -1.93204E-02 
2.11800E-02 -1.80931E-02 
1.97263E-02 -1.68997E-02 
1.83333E-02 -1.57495E-02 
1.70009E-02 -1.46420E-02 
1.57640E-02 -1.36106E-02 
1.45820E-02 -1.26204E-02 
1.34571E-02 -1.16742E-02 
1.23923E-02 -1.07749E-02 
1.13924E-02 -9.92729E-03 
1.04681E-02 -9.14139E-03 
9.64972E-03 -8.44420E-03 
9.02262E-03 -7.91140E-03 
8.76204E-03 -7.69799E-03 
8.95698E-03 -7.88429E-03 
9.20741E-03 -8.11977E-03 
9.00132E-03 -7.95235E-03 
3.16166E-02 -2.66904E-02 
2.99124E-02 -2.53334E-02 
2.76781E-02 -2.35094E-02 
2.61987E-02 -2.23196E-02 
2.47499E-02 -2.11469E-02 
2.33230E-02 -1.99846E-02 
2.19266E-02 -1.88399E-02 
2.08773E-02 -1.79757E-02 
2.05764E-02 -1.77272E-02 
1.91732E-02 -1.65644E-02 
1.78164E-02 -1.54335E-02 
1.65147E-02 -1.43425E-02 
1.52776E-02 -1.33007E-02 
1.41070E-02 -1.23094E-02 
1.30231E-02 -1.13887E-02 
1.19918E-02 -1.05093E-02 
1.10157E-02 -9.67388E-03 
1.00971E-02 -8.88491E-03 
9.23927E-03 -8.14586E-03 
8.45013E-03 -7.46417E-03 
7.75315E-03 -6.86107E-03 
7.21547E-03 -6.39665E-03 
6.97438E-03 -6.19365E-03 
7.09628E-03 -6.31256E-03 
7.26066E-03 -6.46940E-03 
7.06508E-03 -6.30521E-03 
2.72673E-02 -2.33655E-02 
2.56934E-02 -2.20820E-02 
2.36898E-02 -2.04147E-02 
2.23380E-02 -1.93026E-02 
2.10123E-02 -1.82058E-02 
1.97240E-02 -1.71342E-02 
1.84706E-02 -1.60857E-02 
1.75323E-02 -1.52975E-02 
1.72638E-02 -1.50715E-02 
1.60106E-02 -1.40128E-02 
1.48042E-02 -1.29883E-02 
1.36575E-02 -1.20098E-02 
1.25777E-02 -1.10847E-02 
1.15627E-02 -1.02108E-02 
1.06250E-02 -9.40120E-03 
9.73819E-03 -8.63282E-03 
8.90361E-03 -7.90742E-03 
8.12271E-03 -7.22665E-03 
7.39755E-03 -6.59277E-03 
6.73375E-03 -6.01117E-03 
6.14912E-03 -5.49815E-03 
5.69560E-03 -5.10065E-03 
5.47923E-03 -4.91440E-03 
5.54862E-03 -4.98406E-03 
5.65028E-03 -5.08276E-03 
5.47210E-03 -4.92944E-03 
2.31757E-02 -2.01303E-02 
2.17443E-02 -1.89389E-02 
1.99766E-02 -1.74428E-02 
1.87617E-02 -1.64238E-02 
1.75736E-02 -1.54220E-02 
1.64271E-02 -1.44506E-02 
1.53178E-02 -1.35063E-02 
1.44930E-02 -1.28012E-02 
1.42569E-02 -1.25991E-02 
1.31584E-02 -1.16553E-02 
1.21085E-02 -1.07489E-02 
1.11191E-02 -9.89110E-03 
1.01903E-02 -9.08286E-03 
9.32318E-03 -8.32507E-03 
8.52545E-03 -7.62610E-03 
7.77606E-03 -6.96746E-03 
7.07531E-03 -6.34984E-03 
6.42354E-03 -5.77389E-03 
5.82171E-03 -5.24081E-03 
5.27357E-03 -4.75431E-03 
4.79228E-03 -4.32654E-03 
4.41722E-03 -3.99344E-03 
4.22872E-03 -3.82817E-03 
4.26140E-03 -3.86282E-03 
4.31835E-03 -3.91944E-03 
4.16182E-03 -3.78208E-03 
1.94088E-02 -1.70652E-02 
1.81307E-02 -1.59827E-02 
1.65883E-02 -1.46575E-02 
1.55169E-02 -1.37437E-02 
1.44718E-02 -1.28481E-02 
1.34675E-02 -1.19836E-02 
1.25031E-02 -1.11497E-02 
1.17871E-02 -1.05282E-02 
1.15833E-02 -1.03510E-02 
1.06398E-02 -9.52832E-03 
9.74289E-03 -8.74276E-03 
8.90065E-03 -8.00220E-03 
8.11601E-03 -7.30986E-03 
7.38995E-03 -6.66679E-03 
6.72486E-03 -6.07632E-03 
6.10359E-03 -5.52321E-03 
5.52610E-03 -5.00778E-03 
4.99214E-03 -4.53011E-03 
4.50192E-03 -4.09067E-03 
4.05774E-03 -3.69178E-03 
3.66903E-03 -3.34227E-03 
3.36502E-03 -3.06903E-03 
3.20535E-03 -2.92684E-03 
3.21401E-03 -2.93811E-03 
3.24071E-03 -2.96584E-03 
3.10770E-03 -2.84720E-03 
1.59922E-02 -1.42160E-02 
1.48753E-02 -1.32558E-02 
1.35502E-02 -1.21022E-02 
1.26192E-02 -1.12966E-02 
1.17178E-02 -1.05131E-02 
1.08524E-02 -9.75763E-03 
1.00285E-02 -9.03550E-03 
9.41823E-03 -8.49869E-03 
9.24512E-03 -8.34613E-03 
8.44893E-03 -7.64273E-03 
7.69764E-03 -6.97624E-03 
6.99471E-03 -6.35033E-03 
6.34437E-03 -5.76936E-03 
5.74767E-03 -5.23448E-03 
5.20402E-03 -4.74606E-03 
4.69938E-03 -4.29153E-03 
4.23309E-03 -3.87059E-03 
3.80457E-03 -3.48295E-03 
3.41344E-03 -3.12850E-03 
3.06093E-03 -2.80853E-03 
2.75356E-03 -2.52923E-03 
2.51248E-03 -2.31021E-03 
2.38103E-03 -2.19157E-03 
2.37526E-03 -2.18843E-03 
2.38276E-03 -2.19747E-03 
2.27331E-03 -2.09851E-03 
1.29512E-02 -1.16259E-02 
1.19927E-02 -1.07912E-02 
1.08725E-02 -9.80456E-03 
1.00761E-02 -9.10673E-03 
9.31217E-03 -8.43449E-03 
8.58129E-03 -7.78873E-03 
7.89031E-03 -7.17584E-03 
7.38001E-03 -6.72160E-03 
7.23522E-03 -6.59247E-03 
6.57512E-03 -6.00247E-03 
5.95856E-03 -5.44931E-03 
5.38562E-03 -4.93345E-03 
4.85762E-03 -4.45652E-03 
4.37720E-03 -4.02119E-03 
3.94203E-03 -3.62603E-03 
3.54088E-03 -3.26090E-03 
3.17269E-03 -2.92507E-03 
2.83648E-03 -2.61786E-03 
2.53150E-03 -2.33873E-03 
2.25815E-03 -2.08820E-03 
2.02074E-03 -1.87039E-03 
1.83416E-03 -1.69921E-03 
1.72909E-03 -1.60327E-03 
1.71586E-03 -1.59236E-03 
1.71229E-03 -1.59036E-03 
1.62511E-03 -1.51061E-03 
1.02954E-02 -9.32230E-03 
9.48314E-03 -8.60703E-03 
8.55501E-03 -7.78118E-03 
7.88537E-03 -7.18794E-03 
7.25030E-03 -6.62312E-03 
6.64398E-03 -6.08168E-03 
6.07525E-03 -5.57191E-03 
5.65847E-03 -5.19711E-03 
5.54016E-03 -5.09052E-03 
5.00270E-03 -4.60517E-03 
4.50717E-03 -4.15611E-03 
4.05160E-03 -3.74186E-03 
3.63321E-03 -3.36020E-03 
3.25502E-03 -3.01418E-03 
2.91458E-03 -2.70204E-03 
2.60337E-03 -2.41609E-03 
2.31988E-03 -2.15511E-03 
2.06278E-03 -1.91803E-03 
1.83103E-03 -1.70400E-03 
1.62450E-03 -1.51304E-03 
1.44588E-03 -1.34774E-03 
1.30534E-03 -1.21766E-03 
1.22397E-03 -1.14259E-03 
1.20812E-03 -1.12860E-03 
1.19917E-03 -1.12103E-03 
1.13208E-03 -1.05902E-03 
8.02179E-03 -7.31881E-03 
7.34554E-03 -6.71752E-03 
6.59116E-03 -6.04035E-03 
6.03823E-03 -5.54582E-03 
5.51873E-03 -5.07947E-03 
5.02720E-03 -4.63650E-03 
4.56739E-03 -4.22059E-03 
4.23466E-03 -3.91870E-03 
4.14033E-03 -3.83294E-03 
3.71333E-03 -3.44389E-03 
3.32357E-03 -3.08756E-03 
2.96842E-03 -2.76176E-03 
2.64563E-03 -2.46475E-03 
2.35654E-03 -2.19798E-03 
2.09752E-03 -1.95846E-03 
1.86242E-03 -1.74060E-03 
1.64996E-03 -1.54337E-03 
1.45874E-03 -1.36558E-03 
1.28758E-03 -1.20624E-03 
1.13602E-03 -1.06498E-03 
1.00555E-03 -9.43288E-04 
9.02844E-04 -8.47471E-04 
8.41963E-04 -7.90799E-04 
8.26558E-04 -7.76783E-04 
8.16012E-04 -7.67308E-04 
7.66224E-04 -7.20889E-04 
6.11200E-03 -5.61267E-03 
5.56074E-03 -5.11847E-03 
4.95841E-03 -4.57366E-03 
4.51225E-03 -4.17139E-03 
4.09430E-03 -3.79316E-03 
3.70410E-03 -3.43873E-03 
3.34172E-03 -3.10839E-03 
3.08131E-03 -2.87027E-03 
3.00798E-03 -2.80308E-03 
2.67735E-03 -2.49953E-03 
2.37886E-03 -2.22454E-03 
2.10918E-03 -1.97527E-03 
1.86654E-03 -1.75031E-03 
1.65171E-03 -1.55056E-03 
1.46093E-03 -1.37280E-03 
1.28936E-03 -1.21262E-03 
1.13548E-03 -1.06872E-03 
9.98015E-04 -9.39968E-04 
8.75863E-04 -8.25424E-04 
7.68400E-04 -7.24555E-04 
6.76364E-04 -6.38103E-04 
6.03933E-04 -5.70050E-04 
5.60129E-04 -5.28952E-04 
5.46897E-04 -5.16690E-04 
5.37012E-04 -5.07573E-04 
5.01553E-04 -4.74259E-04 
4.55748E-03 -4.20745E-03 
4.11517E-03 -3.80814E-03 
3.64390E-03 -3.37920E-03 
3.28956E-03 -3.05751E-03 
2.96071E-03 -2.75790E-03 
2.65694E-03 -2.48014E-03 
2.37729E-03 -2.22355E-03 
2.17812E-03 -2.04024E-03 
2.12243E-03 -1.98890E-03 
1.87328E-03 -1.75871E-03 
1.65044E-03 -1.55211E-03 
1.45135E-03 -1.36691E-03 
1.27443E-03 -1.20180E-03 
1.11983E-03 -1.05714E-03 
9.83700E-04 -9.29488E-04 
8.62506E-04 -8.15610E-04 
7.54855E-04 -7.14286E-04 
6.59518E-04 -6.24426E-04 
5.75459E-04 -5.45108E-04 
5.02020E-04 -4.75747E-04 
4.39461E-04 -4.16625E-04 
3.90282E-04 -3.70134E-04 
3.60049E-04 -3.41576E-04 
3.49696E-04 -3.31860E-04 
3.41593E-04 -3.24269E-04 
3.17404E-04 -3.01395E-04 
3.31988E-03 -3.07743E-03 
2.97192E-03 -2.76148E-03 
2.60975E-03 -2.43019E-03 
2.33483E-03 -2.17919E-03 
2.08110E-03 -1.94673E-03 
1.84999E-03 -1.73429E-03 
1.63886E-03 -1.53954E-03 
1.49036E-03 -1.40217E-03 
1.44923E-03 -1.36407E-03 
1.26598E-03 -1.19390E-03 
1.10424E-03 -1.04318E-03 
9.62242E-04 -9.10428E-04 
8.37763E-04 -7.93669E-04 
7.30344E-04 -6.92632E-04 
6.36810E-04 -6.04461E-04 
5.54474E-04 -5.26686E-04 
4.82126E-04 -4.58228E-04 
4.18679E-04 -3.98109E-04 
3.63218E-04 -3.45501E-04 
3.15129E-04 -2.99848E-04 
2.74410E-04 -2.61169E-04 
2.42462E-04 -2.30813E-04 
2.22574E-04 -2.11920E-04 
2.15129E-04 -2.04868E-04 
2.09150E-04 -1.99206E-04 
1.93442E-04 -1.84271E-04 
2.36370E-03 -2.19702E-03 
2.09488E-03 -1.95184E-03 
1.82231E-03 -1.70156E-03 
1.61298E-03 -1.50961E-03 
1.42156E-03 -1.33348E-03 
1.24901E-03 -1.17422E-03 
1.09382E-03 -1.03053E-03 
9.85577E-04 -9.30025E-04 
9.55872E-04 -9.02400E-04 
8.25072E-04 -7.80514E-04 
7.11402E-04 -6.74224E-04 
6.13089E-04 -5.81983E-04 
5.28492E-04 -5.02350E-04 
4.56729E-04 -4.34604E-04 
3.95016E-04 -3.76204E-04 
3.41431E-04 -3.25386E-04 
2.94930E-04 -2.81209E-04 
2.54603E-04 -2.42844E-04 
2.19689E-04 -2.09594E-04 
1.89662E-04 -1.80976E-04 
1.64396E-04 -1.56883E-04 
1.44629E-04 -1.38028E-04 
1.32221E-04 -1.26190E-04 
1.27297E-04 -1.21492E-04 
1.23292E-04 -1.17670E-04 
1.13619E-04 -1.08437E-04 
1.64816E-03 -1.53375E-03 
1.44402E-03 -1.34693E-03 
1.24302E-03 -1.16194E-03 
1.08661E-03 -1.01806E-03 
9.45253E-04 -8.87613E-04 
8.19167E-04 -7.70937E-04 
7.07706E-04 -6.67503E-04 
6.30709E-04 -5.95860E-04 
6.09817E-04 -5.76395E-04 
5.18858E-04 -4.91486E-04 
4.41148E-04 -4.18701E-04 
3.75382E-04 -3.56897E-04 
3.19883E-04 -3.04563E-04 
2.73761E-04 -2.60943E-04 
2.34713E-04 -2.23918E-04 
2.01370E-04 -1.92229E-04 
1.72848E-04 -1.65070E-04 
1.48416E-04 -1.41773E-04 
1.27487E-04 -1.21795E-04 
1.09643E-04 -1.04749E-04 
9.47262E-05 -9.04929E-05 
8.30995E-05 -7.93772E-05 
7.57795E-05 -7.23750E-05 
7.27923E-05 -6.95111E-05 
7.03576E-05 -6.71750E-05 
6.47192E-05 -6.17809E-05 
1.12997E-03 -1.05095E-03 
9.77781E-04 -9.11414E-04 
8.32120E-04 -7.77235E-04 
7.17504E-04 -6.71615E-04 
6.15204E-04 -5.77087E-04 
5.24944E-04 -4.93479E-04 
4.46436E-04 -4.20594E-04 
3.92946E-04 -3.70820E-04 
3.78543E-04 -3.57403E-04 
3.16694E-04 -2.99687E-04 
2.65051E-04 -2.51352E-04 
2.22227E-04 -2.11137E-04 
1.86890E-04 -1.77838E-04 
1.58234E-04 -1.50753E-04 
1.34468E-04 -1.28226E-04 
1.14538E-04 -1.09288E-04 
9.77720E-05 -9.33251E-05 
8.36172E-05 -7.98266E-05 
7.16308E-05 -6.83833E-05 
6.14991E-05 -5.87037E-05 
5.30830E-05 -5.06596E-05 
4.65523E-05 -4.44155E-05 
4.24565E-05 -4.04959E-05 
4.07998E-05 -3.89039E-05 
3.94610E-05 -3.76157E-05 
3.63310E-05 -3.46214E-05 
7.66546E-04 -7.11229E-04 
6.55029E-04 -6.08930E-04 
5.51124E-04 -5.13288E-04 
4.68694E-04 -4.37319E-04 
3.96051E-04 -3.70224E-04 
3.32592E-04 -3.11501E-04 
2.78163E-04 -2.61057E-04 
2.41621E-04 -2.27130E-04 
2.31833E-04 -2.18034E-04 
1.90464E-04 -1.79546E-04 
1.56631E-04 -1.47986E-04 
1.29257E-04 -1.22374E-04 
1.07278E-04 -1.01743E-04 
8.98689E-05 -8.53499E-05 
7.57242E-05 -7.19884E-05 
6.41015E-05 -6.09789E-05 
5.45148E-05 -5.18783E-05 
4.65435E-05 -4.42982E-05 
3.98720E-05 -3.79464E-05 
3.42784E-05 -3.26169E-05 
2.96569E-05 -2.82118E-05 
2.60883E-05 -2.48091E-05 
2.38777E-05 -2.26989E-05 
2.30336E-05 -2.18888E-05 
2.23661E-05 -2.12473E-05 
2.06770E-05 -1.96362E-05 
5.18610E-04 -4.79098E-04 
4.38372E-04 -4.05585E-04 
3.65186E-04 -3.38389E-04 
3.06957E-04 -2.84824E-04 
2.56173E-04 -2.38040E-04 
2.12211E-04 -1.97496E-04 
1.74806E-04 -1.62974E-04 
1.50022E-04 -1.40080E-04 
1.43408E-04 -1.33967E-04 
1.15821E-04 -1.08450E-04 
9.37397E-05 -8.79891E-05 
7.62445E-05 -7.17338E-05 
6.24843E-05 -5.89069E-05 
5.18341E-05 -4.89469E-05 
4.33870E-05 -4.10206E-05 
3.66000E-05 -3.46336E-05 
3.10938E-05 -2.94389E-05 
2.65784E-05 -2.51705E-05 
2.28386E-05 -2.16301E-05 
1.97226E-05 -1.86777E-05 
1.71569E-05 -1.62455E-05 
1.51846E-05 -1.43752E-05 
1.39872E-05 -1.32389E-05 
1.35801E-05 -1.28510E-05 
1.32712E-05 -1.25562E-05 
1.23470E-05 -1.16797E-05 
3.53243E-04 -3.24304E-04 
2.96339E-04 -2.72341E-04 
2.45261E-04 -2.25657E-04 
2.04775E-04 -1.88574E-04 
1.69648E-04 -1.56381E-04 
1.39342E-04 -1.28597E-04 
1.13638E-04 -1.05037E-04 
9.67258E-05 -8.95380E-05 
9.22236E-05 -8.54102E-05 
7.35389E-05 -6.82765E-05 
5.88571E-05 -5.48019E-05 
4.73796E-05 -4.42411E-05 
3.84858E-05 -3.60290E-05 
3.17125E-05 -2.97523E-05 
2.64437E-05 -2.48512E-05 
2.22758E-05 -2.09610E-05 
1.89445E-05 -1.78427E-05 
1.62429E-05 -1.53077E-05 
1.40202E-05 -1.32182E-05 
1.21742E-05 -1.14807E-05 
1.06557E-05 -1.00502E-05 
9.49154E-06 -8.95321E-06 
8.79990E-06 -8.30156E-06 
8.59825E-06 -8.11202E-06 
8.45439E-06 -7.97701E-06 
7.91216E-06 -7.46616E-06 
---
