PdfType: replica
Format: lhagrid1
---
1.00000E-06 1.28121E-06 1.64152E-06 2.10317E-06 2.69463E-06 3.45242E-06 4.42329E-06 5.66715E-06 7.26076E-06 9.30241E-06 1.19180E-05 1.52689E-05 1.95617E-05 2.50609E-05 3.21053E-05 4.11287E-05 5.26863E-05 6.74889E-05 8.64459E-05 1.10720E-04 1.41800E-04 1.81585E-04 2.32503E-04 2.97652E-04 3.80981E-04 4.87518E-04 6.26039E-04 8.00452E-04 1.02297E-03 1.30657E-03 1.66759E-03 2.12729E-03 2.71054E-03 3.44865E-03 4.37927E-03 5.54908E-03 7.01192E-03 8.83064E-03 1.10763E-02 1.38266E-02 1.71641E-02 2.11717E-02 2.59364E-02 3.15062E-02 3.79623E-02 4.53425E-02 5.36750E-02 6.29705E-02 7.32221E-02 8.44039E-02 9.64793E-02 1.09332E-01 1.23067E-01 1.37507E-01 1.52639E-01 1.68416E-01 1.84794E-01 2.01731E-01 2.19016E-01 2.36948E-01 2.55242E-01 2.73927E-01 2.92954E-01 3.12340E-01 3.32036E-01 3.52019E-01 3.72282E-01 3.92772E-01 4.13533E-01 4.34326E-01 4.55495E-01 4.76836E-01 4.98342E-01 5.20006E-01 5.41818E-01 5.63773E-01 5.85861E-01 6.08077E-01 6.30459E-01 6.52800E-01 6.75387E-01 6.98063E-01 7.20830E-01 7.43683E-01 7.66623E-01 7.89636E-01 8.12791E-01 8.35940E-01 8.59175E-01 8.82485E-01 9.05866E-01 9.29311E-01 9.52817E-01 9.76387E-01 1.00000E+00 
1.14018E+00 1.22539E+00 1.32482E+00 1.44156E+00 1.57954E+00 1.74381E+00 1.94091E+00 2.12132E+00 2.17945E+00 2.49622E+00 2.89383E+00 3.39925E+00 4.05063E+00 4.90286E+00 6.03623E+00 7.57063E+00 9.68869E+00 1.26749E+01 1.69835E+01 2.33578E+01 3.30501E+01 4.82334E+01 7.28041E+01 1.13998E+02 1.85779E+02 3.16228E+02 
908 909 
-2.80397E+03 -2.04441E+02 
-2.81964E+03 -2.05113E+02 
-2.83201E+03 -2.07789E+02 
-2.83828E+03 -2.08744E+02 
-2.84456E+03 -2.09960E+02 
-2.85093E+03 -2.11510E+02 
-2.85750E+03 -2.13472E+02 
-2.86281E+03 -2.15327E+02 
-2.86441E+03 -2.15932E+02 
-2.87245E+03 -2.19245E+02 
-2.88134E+03 -2.23359E+02 
-2.89137E+03 -2.28395E+02 
-2.90292E+03 -2.34478E+02 
-2.91881E+03 -2.40964E+02 
-2.93538E+03 -2.49874E+02 
-2.95530E+03 -2.60231E+02 
-2.97939E+03 -2.72194E+02 
-3.00891E+03 -2.85951E+02 
-3.04621E+03 -3.01793E+02 
-3.09697E+03 -3.20369E+02 
-3.17812E+03 -3.43629E+02 
-3.34161E+03 -3.77805E+02 
-3.71331E+03 -4.38824E+02 
-4.42265E+03 -5.45151E+02 
-5.30409E+03 -6.79394E+02 
-5.98931E+03 -7.94033E+02 
-2.23190E+03 -1.55211E+02 
-2.24423E+03 -1.55769E+02 
-2.25417E+03 -1.58124E+02 
-2.25916E+03 -1.58968E+02 
-2.26419E+03 -1.60038E+02 
-2.26934E+03 -1.61393E+02 
-2.27469E+03 -1.63099E+02 
-2.27906E+03 -1.64704E+02 
-2.28038E+03 -1.65225E+02 
-2.28707E+03 -1.68072E+02 
-2.29454E+03 -1.71585E+02 
-2.30304E+03 -1.75859E+02 
-2.31290E+03 -1.80990E+02 
-2.32635E+03 -1.86292E+02 
-2.34064E+03 -1.93660E+02 
-2.35780E+03 -2.02187E+02 
-2.37851E+03 -2.11989E+02 
-2.40379E+03 -2.23204E+02 
-2.43555E+03 -2.36049E+02 
-2.47835E+03 -2.51020E+02 
-2.54578E+03 -2.69635E+02 
-2.67957E+03 -2.96795E+02 
-2.98094E+03 -3.45049E+02 
-3.55437E+03 -4.28928E+02 
-4.26755E+03 -5.34583E+02 
-4.82428E+03 -6.24369E+02 
-1.77481E+03 -1.17977E+02 
-1.78454E+03 -1.18414E+02 
-1.79259E+03 -1.20428E+02 
-1.79661E+03 -1.21145E+02 
-1.80067E+03 -1.22055E+02 
-1.80487E+03 -1.23210E+02 
-1.80927E+03 -1.24662E+02 
-1.81289E+03 -1.26024E+02 
-1.81400E+03 -1.26466E+02 
-1.81960E+03 -1.28875E+02 
-1.82592E+03 -1.31835E+02 
-1.83317E+03 -1.35420E+02 
-1.84161E+03 -1.39701E+02 
-1.85301E+03 -1.43980E+02 
-1.86534E+03 -1.50021E+02 
-1.88011E+03 -1.56982E+02 
-1.89789E+03 -1.64950E+02 
-1.91951E+03 -1.74022E+02 
-1.94651E+03 -1.84358E+02 
-1.98256E+03 -1.96334E+02 
-2.03855E+03 -2.11129E+02 
-2.14801E+03 -2.32584E+02 
-2.39229E+03 -2.70558E+02 
-2.85572E+03 -3.36436E+02 
-3.43254E+03 -4.19191E+02 
-3.88461E+03 -4.89081E+02 
-1.41021E+03 -8.96358E+01 
-1.41791E+03 -8.99559E+01 
-1.42449E+03 -9.16391E+01 
-1.42773E+03 -9.22257E+01 
-1.43105E+03 -9.29784E+01 
-1.43449E+03 -9.39387E+01 
-1.43814E+03 -9.51499E+01 
-1.44117E+03 -9.62878E+01 
-1.44209E+03 -9.66570E+01 
-1.44682E+03 -9.86660E+01 
-1.45219E+03 -1.01129E+02 
-1.45839E+03 -1.04103E+02 
-1.46563E+03 -1.07641E+02 
-1.47529E+03 -1.11050E+02 
-1.48591E+03 -1.15960E+02 
-1.49861E+03 -1.21597E+02 
-1.51385E+03 -1.28022E+02 
-1.53231E+03 -1.35304E+02 
-1.55521E+03 -1.43557E+02 
-1.58553E+03 -1.53062E+02 
-1.63199E+03 -1.64733E+02 
-1.72149E+03 -1.81567E+02 
-1.91943E+03 -2.11278E+02 
-2.29385E+03 -2.62740E+02 
-2.76019E+03 -3.27184E+02 
-3.12703E+03 -3.81192E+02 
-1.11980E+03 -6.79275E+01 
-1.12591E+03 -6.81420E+01 
-1.13131E+03 -6.95247E+01 
-1.13395E+03 -6.99883E+01 
-1.13667E+03 -7.05942E+01 
-1.13951E+03 -7.13764E+01 
-1.14255E+03 -7.23699E+01 
-1.14509E+03 -7.33062E+01 
-1.14587E+03 -7.36103E+01 
-1.14988E+03 -7.52656E+01 
-1.15445E+03 -7.72934E+01 
-1.15976E+03 -7.97357E+01 
-1.16598E+03 -8.26317E+01 
-1.17416E+03 -8.53143E+01 
-1.18329E+03 -8.92719E+01 
-1.19418E+03 -9.38005E+01 
-1.20720E+03 -9.89406E+01 
-1.22292E+03 -1.04739E+02 
-1.24231E+03 -1.11275E+02 
-1.26775E+03 -1.18758E+02 
-1.30625E+03 -1.27889E+02 
-1.37939E+03 -1.40997E+02 
-1.53973E+03 -1.64086E+02 
-1.84211E+03 -2.04030E+02 
-2.21897E+03 -2.53867E+02 
-2.51641E+03 -2.95245E+02 
-8.88740E+02 -5.12184E+01 
-8.93583E+02 -5.13434E+01 
-8.98030E+02 -5.24633E+01 
-9.00190E+02 -5.28174E+01 
-9.02424E+02 -5.32934E+01 
-9.04783E+02 -5.39188E+01 
-9.07325E+02 -5.47217E+01 
-9.09463E+02 -5.54825E+01 
-9.10122E+02 -5.57300E+01 
-9.13515E+02 -5.70792E+01 
-9.17416E+02 -5.87322E+01 
-9.21958E+02 -6.07201E+01 
-9.27294E+02 -6.30704E+01 
-9.34211E+02 -6.51525E+01 
-9.42034E+02 -6.83171E+01 
-9.51343E+02 -7.19260E+01 
-9.62446E+02 -7.60053E+01 
-9.75785E+02 -8.05842E+01 
-9.92159E+02 -8.57162E+01 
-1.01347E+03 -9.15552E+01 
-1.04532E+03 -9.86342E+01 
-1.10505E+03 -1.08751E+02 
-1.23485E+03 -1.26553E+02 
-1.47895E+03 -1.57320E+02 
-1.78332E+03 -1.95546E+02 
-2.02429E+03 -2.26923E+02 
-7.05037E+02 -3.83238E+01 
-7.08880E+02 -3.83769E+01 
-7.12549E+02 -3.92724E+01 
-7.14317E+02 -3.95331E+01 
-7.16159E+02 -3.98983E+01 
-7.18118E+02 -4.03900E+01 
-7.20245E+02 -4.10304E+01 
-7.22046E+02 -4.16416E+01 
-7.22602E+02 -4.18411E+01 
-7.25480E+02 -4.29300E+01 
-7.28805E+02 -4.42656E+01 
-7.32689E+02 -4.58698E+01 
-7.37258E+02 -4.77615E+01 
-7.43088E+02 -4.93536E+01 
-7.49772E+02 -5.18636E+01 
-7.57704E+02 -5.47161E+01 
-7.67136E+02 -5.79262E+01 
-7.78424E+02 -6.15103E+01 
-7.92208E+02 -6.55025E+01 
-8.10010E+02 -7.00132E+01 
-8.36327E+02 -7.54446E+01 
-8.85045E+02 -8.31746E+01 
-9.90063E+02 -9.67706E+01 
-1.18700E+03 -1.20255E+02 
-1.43267E+03 -1.49286E+02 
-1.62769E+03 -1.72786E+02 
-5.59064E+02 -2.83713E+01 
-5.62112E+02 -2.83696E+01 
-5.65143E+02 -2.90757E+01 
-5.66591E+02 -2.92598E+01 
-5.68109E+02 -2.95332E+01 
-5.69736E+02 -2.99135E+01 
-5.71517E+02 -3.04180E+01 
-5.73032E+02 -3.09040E+01 
-5.73503E+02 -3.10631E+01 
-5.75941E+02 -3.19340E+01 
-5.78771E+02 -3.30038E+01 
-5.82084E+02 -3.42875E+01 
-5.85987E+02 -3.57973E+01 
-5.90887E+02 -3.69936E+01 
-5.96576E+02 -3.89674E+01 
-6.03312E+02 -4.12023E+01 
-6.11297E+02 -4.37052E+01 
-6.20818E+02 -4.64833E+01 
-6.32387E+02 -4.95561E+01 
-6.47220E+02 -5.30008E+01 
-6.68920E+02 -5.71174E+01 
-7.08615E+02 -6.29521E+01 
-7.93516E+02 -7.32195E+01 
-9.52303E+02 -9.09489E+01 
-1.15044E+03 -1.12735E+02 
-1.30809E+03 -1.30067E+02 
-4.43116E+02 -2.07071E+01 
-4.45530E+02 -2.06655E+01 
-4.48035E+02 -2.12130E+01 
-4.49219E+02 -2.13357E+01 
-4.50470E+02 -2.15348E+01 
-4.51820E+02 -2.18240E+01 
-4.53309E+02 -2.22165E+01 
-4.54583E+02 -2.25989E+01 
-4.54979E+02 -2.27245E+01 
-4.57042E+02 -2.34145E+01 
-4.59445E+02 -2.42638E+01 
-4.62265E+02 -2.52821E+01 
-4.65590E+02 -2.64763E+01 
-4.69693E+02 -2.73558E+01 
-4.74518E+02 -2.88935E+01 
-4.80217E+02 -3.06274E+01 
-4.86953E+02 -3.25587E+01 
-4.94957E+02 -3.46878E+01 
-5.04636E+02 -3.70237E+01 
-5.16962E+02 -3.96185E+01 
-5.34818E+02 -4.26926E+01 
-5.67118E+02 -4.70317E+01 
-6.35694E+02 -5.46787E+01 
-7.63616E+02 -6.78844E+01 
-9.23265E+02 -8.39926E+01 
-1.05054E+03 -9.65272E+01 
-3.51042E+02 -1.48315E+01 
-3.52950E+02 -1.47625E+01 
-3.55023E+02 -1.51773E+01 
-3.55989E+02 -1.52521E+01 
-3.57018E+02 -1.53921E+01 
-3.58136E+02 -1.56077E+01 
-3.59379E+02 -1.59089E+01 
-3.60448E+02 -1.62064E+01 
-3.60782E+02 -1.63046E+01 
-3.62523E+02 -1.68457E+01 
-3.64559E+02 -1.75134E+01 
-3.66953E+02 -1.83132E+01 
-3.69776E+02 -1.92483E+01 
-3.73200E+02 -1.98766E+01 
-3.77277E+02 -2.10617E+01 
-3.82081E+02 -2.23917E+01 
-3.87743E+02 -2.38637E+01 
-3.94447E+02 -2.54736E+01 
-4.02519E+02 -2.72227E+01 
-4.12733E+02 -2.91444E+01 
-4.27393E+02 -3.13976E+01 
-4.53638E+02 -3.45641E+01 
-5.08969E+02 -4.01610E+01 
-6.11930E+02 -4.98319E+01 
-7.40435E+02 -6.15189E+01 
-8.43039E+02 -7.03506E+01 
-2.77945E+02 -1.03562E+01 
-2.79450E+02 -1.02698E+01 
-2.81166E+02 -1.05732E+01 
-2.81952E+02 -1.06114E+01 
-2.82796E+02 -1.07051E+01 
-2.83721E+02 -1.08621E+01 
-2.84755E+02 -1.10895E+01 
-2.85651E+02 -1.13178E+01 
-2.85931E+02 -1.13936E+01 
-2.87398E+02 -1.18130E+01 
-2.89118E+02 -1.23320E+01 
-2.91144E+02 -1.29530E+01 
-2.93534E+02 -1.36766E+01 
-2.96380E+02 -1.41075E+01 
-2.99812E+02 -1.50093E+01 
-3.03847E+02 -1.60157E+01 
-3.08590E+02 -1.71210E+01 
-3.14186E+02 -1.83180E+01 
-3.20896E+02 -1.96031E+01 
-3.29334E+02 -2.09955E+01 
-3.41342E+02 -2.26071E+01 
-3.62630E+02 -2.48613E+01 
-4.07222E+02 -2.88653E+01 
-4.90003E+02 -3.57928E+01 
-5.93317E+02 -4.40625E+01 
-6.75897E+02 -5.00624E+01 
-2.19927E+02 -6.97543E+00 
-2.21110E+02 -6.87933E+00 
-2.22532E+02 -7.08918E+00 
-2.23170E+02 -7.10014E+00 
-2.23860E+02 -7.15802E+00 
-2.24623E+02 -7.26860E+00 
-2.25482E+02 -7.43684E+00 
-2.26231E+02 -7.60918E+00 
-2.26466E+02 -7.66677E+00 
-2.27697E+02 -7.98721E+00 
-2.29147E+02 -8.38500E+00 
-2.30856E+02 -8.86056E+00 
-2.32873E+02 -9.41240E+00 
-2.35231E+02 -9.68973E+00 
-2.38108E+02 -1.03653E+01 
-2.41485E+02 -1.11140E+01 
-2.45443E+02 -1.19284E+01 
-2.50099E+02 -1.27995E+01 
-2.55656E+02 -1.37203E+01 
-2.62607E+02 -1.46999E+01 
-2.72417E+02 -1.58144E+01 
-2.89653E+02 -1.73648E+01 
-3.25540E+02 -2.01412E+01 
-3.92016E+02 -2.49563E+01 
-4.74963E+02 -3.06072E+01 
-5.41307E+02 -3.44644E+01 
-1.73892E+02 -4.44731E+00 
-1.74819E+02 -4.34723E+00 
-1.75998E+02 -4.47847E+00 
-1.76514E+02 -4.46954E+00 
-1.77076E+02 -4.50016E+00 
-1.77704E+02 -4.57435E+00 
-1.78416E+02 -4.69538E+00 
-1.79040E+02 -4.82271E+00 
-1.79236E+02 -4.86563E+00 
-1.80269E+02 -5.10598E+00 
-1.81486E+02 -5.40562E+00 
-1.82925E+02 -5.76346E+00 
-1.84621E+02 -6.17678E+00 
-1.86565E+02 -6.33610E+00 
-1.88969E+02 -6.83214E+00 
-1.91784E+02 -7.37699E+00 
-1.95076E+02 -7.96232E+00 
-1.98935E+02 -8.57815E+00 
-2.03522E+02 -9.21543E+00 
-2.09228E+02 -9.87612E+00 
-2.17222E+02 -1.06092E+01 
-2.31149E+02 -1.16222E+01 
-2.59986E+02 -1.34614E+01 
-3.13292E+02 -1.66653E+01 
-3.79786E+02 -2.03296E+01 
-4.32980E+02 -2.25869E+01 
-1.37380E+02 -2.57977E+00 
-1.38103E+02 -2.47986E+00 
-1.39082E+02 -2.54513E+00 
-1.39497E+02 -2.52217E+00 
-1.39954E+02 -2.53235E+00 
-1.40468E+02 -2.57830E+00 
-1.41058E+02 -2.66195E+00 
-1.41576E+02 -2.75331E+00 
-1.41740E+02 -2.78445E+00 
-1.42602E+02 -2.96039E+00 
-1.43622E+02 -3.18101E+00 
-1.44828E+02 -3.44422E+00 
-1.46250E+02 -3.74652E+00 
-1.47846E+02 -3.81653E+00 
-1.49848E+02 -4.17122E+00 
-1.52186E+02 -4.55612E+00 
-1.54913E+02 -4.96257E+00 
-1.58099E+02 -5.38027E+00 
-1.61873E+02 -5.79911E+00 
-1.66541E+02 -6.21612E+00 
-1.73035E+02 -6.66023E+00 
-1.84263E+02 -7.26773E+00 
-2.07395E+02 -8.39980E+00 
-2.50075E+02 -1.03883E+01 
-3.03288E+02 -1.25644E+01 
-3.45844E+02 -1.36465E+01 
-1.08434E+02 -1.22056E+00 
-1.08996E+02 -1.12371E+00 
-1.09809E+02 -1.13387E+00 
-1.10141E+02 -1.10150E+00 
-1.10511E+02 -1.09667E+00 
-1.10932E+02 -1.12095E+00 
-1.11417E+02 -1.17527E+00 
-1.11847E+02 -1.23807E+00 
-1.11983E+02 -1.25984E+00 
-1.12702E+02 -1.38436E+00 
-1.13554E+02 -1.54183E+00 
-1.14562E+02 -1.72954E+00 
-1.15749E+02 -1.94362E+00 
-1.17053E+02 -1.94737E+00 
-1.18713E+02 -2.19171E+00 
-1.20648E+02 -2.45226E+00 
-1.22898E+02 -2.72041E+00 
-1.25519E+02 -2.98601E+00 
-1.28611E+02 -3.23860E+00 
-1.32417E+02 -3.47197E+00 
-1.37676E+02 -3.70032E+00 
-1.46705E+02 -4.00660E+00 
-1.65225E+02 -4.61255E+00 
-1.99336E+02 -5.69685E+00 
-2.41841E+02 -6.77517E+00 
-2.75802E+02 -7.01209E+00 
-8.54999E+01 -2.49523E-01 
-8.59341E+01 -1.57688E-01 
-8.66086E+01 -1.22234E-01 
-8.68729E+01 -8.40149E-02 
-8.71710E+01 -6.84953E-02 
-8.75139E+01 -7.64184E-02 
-8.79132E+01 -1.07964E-01 
-8.82686E+01 -1.48342E-01 
-8.83812E+01 -1.62717E-01 
-8.89779E+01 -2.46551E-01 
-8.96870E+01 -3.54014E-01 
-9.05264E+01 -4.82066E-01 
-9.15147E+01 -6.26729E-01 
-9.25747E+01 -5.82638E-01 
-9.39452E+01 -7.41742E-01 
-9.55396E+01 -9.06696E-01 
-9.73892E+01 -1.06921E+00 
-9.95368E+01 -1.21961E+00 
-1.02060E+02 -1.34757E+00 
-1.05151E+02 -1.44490E+00 
-1.09395E+02 -1.51525E+00 
-1.16637E+02 -1.60208E+00 
-1.31432E+02 -1.82362E+00 
-1.58641E+02 -2.24701E+00 
-1.92519E+02 -2.53147E+00 
-2.19549E+02 -2.17777E+00 
-6.73405E+01 4.27539E-01 
-6.76739E+01 5.13119E-01 
-6.82333E+01 5.85824E-01 
-6.84423E+01 6.27136E-01 
-6.86814E+01 6.49937E-01 
-6.89597E+01 6.54090E-01 
-6.92867E+01 6.39943E-01 
-6.95795E+01 6.16960E-01 
-6.96725E+01 6.08347E-01 
-7.01663E+01 5.56310E-01 
-7.07543E+01 4.87990E-01 
-7.14506E+01 4.06526E-01 
-7.22696E+01 3.15824E-01 
-7.31263E+01 3.93128E-01 
-7.42534E+01 2.99019E-01 
-7.55619E+01 2.06562E-01 
-7.70757E+01 1.23525E-01 
-7.88277E+01 5.89133E-02 
-8.08781E+01 2.25821E-02 
-8.33774E+01 2.37767E-02 
-8.67897E+01 6.62109E-02 
-9.25799E+01 1.35141E-01 
-1.04371E+02 1.87850E-01 
-1.26027E+02 2.36514E-01 
-1.52964E+02 5.10984E-01 
-1.74413E+02 1.26079E+00 
-5.29724E+01 8.83993E-01 
-5.32265E+01 9.62605E-01 
-5.36895E+01 1.06512E+00 
-5.38535E+01 1.10743E+00 
-5.40442E+01 1.13483E+00 
-5.42691E+01 1.14761E+00 
-5.45358E+01 1.14648E+00 
-5.47761E+01 1.13675E+00 
-5.48525E+01 1.13256E+00 
-5.52596E+01 1.10500E+00 
-5.57452E+01 1.06686E+00 
-5.63204E+01 1.02125E+00 
-5.69961E+01 9.71851E-01 
-5.76840E+01 1.07085E+00 
-5.86067E+01 1.02551E+00 
-5.96758E+01 9.87090E-01 
-6.09092E+01 9.62713E-01 
-6.23320E+01 9.60601E-01 
-6.39903E+01 9.89924E-01 
-6.60023E+01 1.06031E+00 
-6.87345E+01 1.18044E+00 
-7.33484E+01 1.35594E+00 
-8.27196E+01 1.59792E+00 
-9.99128E+01 1.97316E+00 
-1.21276E+02 2.62650E+00 
-1.38239E+02 3.62539E+00 
-4.16134E+01 1.17652E+00 
-4.18053E+01 1.24784E+00 
-4.21872E+01 1.37352E+00 
-4.23147E+01 1.41524E+00 
-4.24658E+01 1.44514E+00 
-4.26465E+01 1.46379E+00 
-4.28631E+01 1.47211E+00 
-4.30593E+01 1.47226E+00 
-4.31219E+01 1.47138E+00 
-4.34560E+01 1.46229E+00 
-4.38552E+01 1.44699E+00 
-4.43281E+01 1.42844E+00 
-4.48829E+01 1.41005E+00 
-4.54311E+01 1.52177E+00 
-4.61831E+01 1.51229E+00 
-4.70523E+01 1.51325E+00 
-4.80524E+01 1.53109E+00 
-4.92020E+01 1.57318E+00 
-5.05366E+01 1.64789E+00 
-5.21483E+01 1.76476E+00 
-5.43259E+01 1.93560E+00 
-5.79885E+01 2.18006E+00 
-6.54139E+01 2.54639E+00 
-7.90263E+01 3.13714E+00 
-9.59171E+01 4.03276E+00 
-1.09283E+02 5.17112E+00 
-3.26415E+01 1.34857E+00 
-3.27848E+01 1.41256E+00 
-3.30982E+01 1.55546E+00 
-3.31962E+01 1.59545E+00 
-3.33149E+01 1.62621E+00 
-3.34592E+01 1.64853E+00 
-3.36340E+01 1.66343E+00 
-3.37935E+01 1.67069E+00 
-3.38445E+01 1.67222E+00 
-3.41173E+01 1.67669E+00 
-3.44438E+01 1.67826E+00 
-3.48306E+01 1.67964E+00 
-3.52838E+01 1.68395E+00 
-3.57168E+01 1.80149E+00 
-3.63265E+01 1.81767E+00 
-3.70297E+01 1.84649E+00 
-3.78363E+01 1.89366E+00 
-3.87602E+01 1.96572E+00 
-3.98283E+01 2.07016E+00 
-4.11122E+01 2.21613E+00 
-4.28389E+01 2.41722E+00 
-4.57341E+01 2.70222E+00 
-5.15976E+01 3.14385E+00 
-6.23412E+01 3.86627E+00 
-7.56517E+01 4.90183E+00 
-8.61384E+01 6.09927E+00 
-2.55614E+01 1.43322E+00 
-2.56670E+01 1.49004E+00 
-2.59221E+01 1.64484E+00 
-2.59964E+01 1.68228E+00 
-2.60887E+01 1.71269E+00 
-2.62031E+01 1.73694E+00 
-2.63434E+01 1.75611E+00 
-2.64722E+01 1.76826E+00 
-2.65135E+01 1.77148E+00 
-2.67349E+01 1.78555E+00 
-2.70005E+01 1.79914E+00 
-2.73149E+01 1.81472E+00 
-2.76829E+01 1.83509E+00 
-2.80215E+01 1.95327E+00 
-2.85131E+01 1.98713E+00 
-2.90788E+01 2.03483E+00 
-2.97256E+01 2.10137E+00 
-3.04637E+01 2.19244E+00 
-3.13134E+01 2.31468E+00 
-3.23298E+01 2.47663E+00 
-3.36911E+01 2.69266E+00 
-3.59687E+01 2.99710E+00 
-4.05810E+01 3.47750E+00 
-4.90304E+01 4.26917E+00 
-5.94797E+01 5.36917E+00 
-6.76687E+01 6.56808E+00 
-1.99802E+01 1.45541E+00 
-2.00566E+01 1.50538E+00 
-2.02622E+01 1.66737E+00 
-2.03174E+01 1.70171E+00 
-2.03884E+01 1.73086E+00 
-2.04782E+01 1.75570E+00 
-2.05899E+01 1.77732E+00 
-2.06932E+01 1.79259E+00 
-2.07265E+01 1.79692E+00 
-2.09050E+01 1.81741E+00 
-2.11196E+01 1.83918E+00 
-2.13736E+01 1.86442E+00 
-2.16705E+01 1.89559E+00 
-2.19321E+01 2.01060E+00 
-2.23261E+01 2.05600E+00 
-2.27783E+01 2.11567E+00 
-2.32937E+01 2.19395E+00 
-2.38795E+01 2.29574E+00 
-2.45507E+01 2.42683E+00 
-2.53498E+01 2.59503E+00 
-2.64161E+01 2.81480E+00 
-2.81980E+01 3.12325E+00 
-3.18102E+01 3.61573E+00 
-3.84288E+01 4.43097E+00 
-4.65969E+01 5.54085E+00 
-5.29572E+01 6.70116E+00 
-1.55853E+01 1.43387E+00 
-1.56393E+01 1.47740E+00 
-1.58024E+01 1.64241E+00 
-1.58426E+01 1.67333E+00 
-1.58963E+01 1.70057E+00 
-1.59661E+01 1.72501E+00 
-1.60542E+01 1.74766E+00 
-1.61365E+01 1.76467E+00 
-1.61630E+01 1.76965E+00 
-1.63059E+01 1.79409E+00 
-1.64780E+01 1.82100E+00 
-1.66817E+01 1.85235E+00 
-1.69195E+01 1.89026E+00 
-1.71186E+01 1.99941E+00 
-1.74323E+01 2.05166E+00 
-1.77914E+01 2.11807E+00 
-1.81992E+01 2.20236E+00 
-1.86606E+01 2.30870E+00 
-1.91868E+01 2.44205E+00 
-1.98101E+01 2.60945E+00 
-2.06390E+01 2.82495E+00 
-2.20245E+01 3.12651E+00 
-2.48393E+01 3.61199E+00 
-3.00001E+01 4.41818E+00 
-3.63538E+01 5.49956E+00 
-4.12633E+01 6.59462E+00 
-1.21285E+01 1.38250E+00 
-1.21655E+01 1.42008E+00 
-1.22923E+01 1.58446E+00 
-1.23205E+01 1.61182E+00 
-1.23604E+01 1.63675E+00 
-1.24139E+01 1.66006E+00 
-1.24827E+01 1.68269E+00 
-1.25475E+01 1.70038E+00 
-1.25685E+01 1.70566E+00 
-1.26819E+01 1.73213E+00 
-1.28188E+01 1.76187E+00 
-1.29809E+01 1.79659E+00 
-1.31698E+01 1.83813E+00 
-1.33186E+01 1.93964E+00 
-1.35666E+01 1.99525E+00 
-1.38496E+01 2.06453E+00 
-1.41696E+01 2.15061E+00 
-1.45301E+01 2.25699E+00 
-1.49388E+01 2.38789E+00 
-1.54206E+01 2.54955E+00 
-1.60593E+01 2.75528E+00 
-1.71288E+01 3.04246E+00 
-1.93096E+01 3.50780E+00 
-2.33126E+01 4.28237E+00 
-2.82273E+01 5.30933E+00 
-3.19898E+01 6.32265E+00 
-9.41302E+00 1.31161E+00 
-9.43709E+00 1.34378E+00 
-9.53279E+00 1.50436E+00 
-9.55168E+00 1.52818E+00 
-9.58062E+00 1.55055E+00 
-9.62098E+00 1.57224E+00 
-9.67404E+00 1.59409E+00 
-9.72458E+00 1.61168E+00 
-9.74101E+00 1.61701E+00 
-9.83012E+00 1.64408E+00 
-9.93802E+00 1.67491E+00 
-1.00658E+01 1.71097E+00 
-1.02146E+01 1.75384E+00 
-1.03231E+01 1.84663E+00 
-1.05175E+01 1.90305E+00 
-1.07386E+01 1.97239E+00 
-1.09876E+01 2.05724E+00 
-1.12664E+01 2.16050E+00 
-1.15806E+01 2.28569E+00 
-1.19490E+01 2.43829E+00 
-1.24362E+01 2.63066E+00 
-1.32547E+01 2.89865E+00 
-1.49330E+01 3.33520E+00 
-1.80192E+01 4.06328E+00 
-2.17962E+01 5.01935E+00 
-2.46555E+01 5.94199E+00 
-7.28271E+00 1.22873E+00 
-7.29723E+00 1.25604E+00 
-7.36624E+00 1.41014E+00 
-7.37798E+00 1.43054E+00 
-7.39828E+00 1.45029E+00 
-7.42812E+00 1.47007E+00 
-7.46844E+00 1.49062E+00 
-7.50736E+00 1.50757E+00 
-7.52008E+00 1.51276E+00 
-7.58933E+00 1.53940E+00 
-7.67348E+00 1.57006E+00 
-7.77324E+00 1.60600E+00 
-7.88917E+00 1.64855E+00 
-7.96577E+00 1.73211E+00 
-8.11684E+00 1.78755E+00 
-8.28793E+00 1.85497E+00 
-8.47951E+00 1.93650E+00 
-8.69270E+00 2.03449E+00 
-8.93135E+00 2.15185E+00 
-9.20934E+00 2.29332E+00 
-9.57635E+00 2.47019E+00 
-1.01965E+01 2.71617E+00 
-1.14779E+01 3.11874E+00 
-1.38406E+01 3.79128E+00 
-1.67210E+01 4.66707E+00 
-1.88723E+01 5.49566E+00 
-5.59117E+00 1.13794E+00 
-5.59864E+00 1.16090E+00 
-5.64452E+00 1.30612E+00 
-5.65080E+00 1.32328E+00 
-5.66429E+00 1.34041E+00 
-5.68570E+00 1.35811E+00 
-5.71565E+00 1.37705E+00 
-5.74507E+00 1.39298E+00 
-5.75473E+00 1.39791E+00 
-5.80765E+00 1.42342E+00 
-5.87225E+00 1.45303E+00 
-5.94891E+00 1.48780E+00 
-6.03785E+00 1.52887E+00 
-6.08917E+00 1.60298E+00 
-6.20482E+00 1.65618E+00 
-6.33513E+00 1.72031E+00 
-6.48009E+00 1.79707E+00 
-6.64015E+00 1.88832E+00 
-6.81781E+00 1.99643E+00 
-7.02327E+00 2.12543E+00 
-7.29423E+00 2.28550E+00 
-7.75623E+00 2.50777E+00 
-8.72122E+00 2.87313E+00 
-1.05070E+01 3.48448E+00 
-1.26745E+01 4.27453E+00 
-1.42660E+01 5.00824E+00 
-4.29166E+00 1.04607E+00 
-4.29421E+00 1.06530E+00 
-4.32074E+00 1.19998E+00 
-4.32309E+00 1.21423E+00 
-4.33149E+00 1.22893E+00 
-4.34643E+00 1.24460E+00 
-4.36832E+00 1.26180E+00 
-4.39027E+00 1.27654E+00 
-4.39754E+00 1.28113E+00 
-4.43756E+00 1.30511E+00 
-4.48668E+00 1.33314E+00 
-4.54505E+00 1.36613E+00 
-4.61267E+00 1.40500E+00 
-4.64479E+00 1.47006E+00 
-4.73260E+00 1.52028E+00 
-4.83091E+00 1.58034E+00 
-4.93939E+00 1.65157E+00 
-5.05802E+00 1.73543E+00 
-5.18834E+00 1.83380E+00 
-5.33778E+00 1.95008E+00 
-5.53484E+00 2.09337E+00 
-5.87532E+00 2.29205E+00 
-6.59695E+00 2.62001E+00 
-7.93905E+00 3.16965E+00 
-9.55928E+00 3.87501E+00 
-1.07245E+01 4.51875E+00 
-3.27719E+00 9.54525E-01 
-3.27637E+00 9.70570E-01 
-3.28656E+00 1.09333E+00 
-3.28613E+00 1.10502E+00 
-3.29075E+00 1.11751E+00 
-3.30073E+00 1.13124E+00 
-3.31633E+00 1.14671E+00 
-3.33238E+00 1.16019E+00 
-3.33775E+00 1.16442E+00 
-3.36752E+00 1.18665E+00 
-3.40430E+00 1.21282E+00 
-3.44807E+00 1.24366E+00 
-3.49868E+00 1.27993E+00 
-3.51622E+00 1.33641E+00 
-3.58190E+00 1.38321E+00 
-3.65482E+00 1.43874E+00 
-3.73443E+00 1.50403E+00 
-3.82042E+00 1.58017E+00 
-3.91363E+00 1.66862E+00 
-4.01935E+00 1.77223E+00 
-4.15898E+00 1.89906E+00 
-4.40499E+00 2.07468E+00 
-4.93708E+00 2.36582E+00 
-5.93336E+00 2.85455E+00 
-7.12836E+00 3.47759E+00 
-7.96516E+00 4.03658E+00 
-2.48694E+00 8.65300E-01 
-2.48393E+00 8.78670E-01 
-2.48049E+00 9.88542E-01 
-2.47821E+00 9.98040E-01 
-2.48012E+00 1.00859E+00 
-2.48638E+00 1.02057E+00 
-2.49715E+00 1.03440E+00 
-2.50863E+00 1.04665E+00 
-2.51251E+00 1.05051E+00 
-2.53424E+00 1.07095E+00 
-2.56128E+00 1.09515E+00 
-2.59351E+00 1.12369E+00 
-2.63068E+00 1.15718E+00 
-2.63738E+00 1.20570E+00 
-2.68559E+00 1.24887E+00 
-2.73850E+00 1.29969E+00 
-2.79546E+00 1.35890E+00 
-2.85593E+00 1.42730E+00 
-2.92026E+00 1.50599E+00 
-2.99218E+00 1.59733E+00 
-3.08754E+00 1.70838E+00 
-3.26069E+00 1.86199E+00 
-3.64603E+00 2.11780E+00 
-4.37429E+00 2.54801E+00 
-5.24078E+00 3.09290E+00 
-5.82662E+00 3.57349E+00 
-1.87287E+00 7.79765E-01 
-1.86858E+00 7.90941E-01 
-1.85393E+00 8.87338E-01 
-1.85055E+00 8.95030E-01 
-1.85060E+00 9.03945E-01 
-1.85418E+00 9.14414E-01 
-1.86132E+00 9.26781E-01 
-1.86930E+00 9.37879E-01 
-1.87203E+00 9.41404E-01 
-1.88753E+00 9.60121E-01 
-1.90700E+00 9.82357E-01 
-1.93020E+00 1.00859E+00 
-1.95685E+00 1.03929E+00 
-1.95570E+00 1.08057E+00 
-1.99022E+00 1.12007E+00 
-2.02749E+00 1.16617E+00 
-2.06679E+00 1.21936E+00 
-2.10748E+00 1.28020E+00 
-2.14958E+00 1.34950E+00 
-2.19561E+00 1.42919E+00 
-2.25720E+00 1.52539E+00 
-2.37460E+00 1.65838E+00 
-2.64712E+00 1.88095E+00 
-3.16897E+00 2.25607E+00 
-3.78344E+00 2.72813E+00 
-4.17925E+00 3.13725E+00 
-1.39645E+00 6.98735E-01 
-1.39154E+00 7.08158E-01 
-1.36790E+00 7.90840E-01 
-1.36400E+00 7.97111E-01 
-1.36288E+00 8.04717E-01 
-1.36458E+00 8.13934E-01 
-1.36907E+00 8.25047E-01 
-1.37443E+00 8.35130E-01 
-1.37630E+00 8.38346E-01 
-1.38705E+00 8.55475E-01 
-1.40067E+00 8.75861E-01 
-1.41689E+00 8.99869E-01 
-1.43537E+00 9.27850E-01 
-1.42874E+00 9.62648E-01 
-1.45259E+00 9.98530E-01 
-1.47771E+00 1.03999E+00 
-1.50335E+00 1.08735E+00 
-1.52884E+00 1.14095E+00 
-1.55396E+00 1.20135E+00 
-1.58038E+00 1.27012E+00 
-1.61647E+00 1.35255E+00 
-1.69161E+00 1.46645E+00 
-1.87797E+00 1.65821E+00 
-2.24183E+00 1.98221E+00 
-2.66428E+00 2.38731E+00 
-2.91757E+00 2.73201E+00 
-1.02892E+00 6.22996E-01 
-1.02387E+00 6.31067E-01 
-9.93270E-01 7.00166E-01 
-9.89289E-01 7.05393E-01 
-9.87546E-01 7.12013E-01 
-9.88015E-01 7.20253E-01 
-9.90636E-01 7.30342E-01 
-9.94082E-01 7.39565E-01 
-9.95314E-01 7.42513E-01 
-1.00250E+00 7.58232E-01 
-1.01169E+00 7.76921E-01 
-1.02258E+00 7.98845E-01 
-1.03480E+00 8.24250E-01 
-1.02453E+00 8.53331E-01 
-1.04016E+00 8.85712E-01 
-1.05592E+00 9.22720E-01 
-1.07112E+00 9.64514E-01 
-1.08506E+00 1.01127E+00 
-1.09742E+00 1.06336E+00 
-1.10922E+00 1.12204E+00 
-1.12637E+00 1.19185E+00 
-1.16993E+00 1.28834E+00 
-1.29127E+00 1.45195E+00 
-1.53552E+00 1.72928E+00 
-1.81337E+00 2.07372E+00 
-1.96146E+00 2.36113E+00 
-7.46647E-01 5.52951E-01 
-7.41803E-01 5.60025E-01 
-7.06105E-01 6.15994E-01 
-7.02366E-01 6.20527E-01 
-7.00396E-01 6.26466E-01 
-7.00136E-01 6.33991E-01 
-7.01494E-01 6.43285E-01 
-7.03579E-01 6.51802E-01 
-7.04348E-01 6.54524E-01 
-7.08916E-01 6.69020E-01 
-7.14782E-01 6.86177E-01 
-7.21636E-01 7.06176E-01 
-7.29105E-01 7.29168E-01 
-7.16625E-01 7.53268E-01 
-7.25929E-01 7.82293E-01 
-7.34559E-01 8.15057E-01 
-7.41843E-01 8.51595E-01 
-7.47134E-01 8.91956E-01 
-7.50033E-01 9.36361E-01 
-7.51124E-01 9.85805E-01 
-7.54465E-01 1.04417E+00 
-7.74790E-01 1.12495E+00 
-8.47641E-01 1.26314E+00 
-1.00229E+00 1.49833E+00 
-1.17256E+00 1.78844E+00 
-1.24430E+00 2.02543E+00 
-5.31147E-01 4.88847E-01 
-5.26722E-01 4.95228E-01 
-4.87622E-01 5.38819E-01 
-4.84342E-01 5.42969E-01 
-4.82431E-01 5.48497E-01 
-4.81805E-01 5.55545E-01 
-4.82354E-01 5.64248E-01 
-4.83497E-01 5.72200E-01 
-4.83937E-01 5.74735E-01 
-4.86601E-01 5.88177E-01 
-4.90001E-01 6.03958E-01 
-4.93824E-01 6.22181E-01 
-4.97708E-01 6.42920E-01 
-4.84076E-01 6.62728E-01 
-4.88560E-01 6.88549E-01 
-4.91787E-01 7.17291E-01 
-4.93148E-01 7.48899E-01 
-4.92049E-01 7.83324E-01 
-4.88075E-01 8.20677E-01 
-4.81503E-01 8.61741E-01 
-4.75017E-01 9.09829E-01 
-4.78579E-01 9.76575E-01 
-5.15814E-01 1.09205E+00 
-6.04250E-01 1.28963E+00 
-6.95653E-01 1.53159E+00 
-7.13243E-01 1.72467E+00 
-3.67597E-01 4.30727E-01 
-3.63713E-01 4.36665E-01 
-3.22739E-01 4.68866E-01 
-3.20044E-01 4.72891E-01 
-3.18374E-01 4.78234E-01 
-3.17631E-01 4.84997E-01 
-3.17689E-01 4.93276E-01 
-3.18190E-01 5.00775E-01 
-3.18399E-01 5.03153E-01 
-3.19686E-01 5.15675E-01 
-3.21257E-01 5.30203E-01 
-3.22807E-01 5.46774E-01 
-3.23990E-01 5.65395E-01 
-3.09970E-01 5.81525E-01 
-3.10785E-01 6.04281E-01 
-3.09952E-01 6.29218E-01 
-3.06929E-01 6.56214E-01 
-3.01191E-01 6.85156E-01 
-2.92339E-01 7.16072E-01 
-2.80446E-01 7.49582E-01 
-2.67189E-01 7.88503E-01 
-2.58960E-01 8.42810E-01 
-2.70491E-01 9.38172E-01 
-3.10734E-01 1.10244E+00 
-3.45338E-01 1.30211E+00 
-3.25600E-01 1.45730E+00 
-2.44595E-01 3.78607E-01 
-2.41300E-01 3.84292E-01 
-1.99812E-01 4.06303E-01 
-1.97747E-01 4.10401E-01 
-1.96413E-01 4.15726E-01 
-1.95698E-01 4.22344E-01 
-1.95470E-01 4.30314E-01 
-1.95532E-01 4.37435E-01 
-1.95576E-01 4.39677E-01 
-1.95856E-01 4.51368E-01 
-1.96058E-01 4.64724E-01 
-1.95892E-01 4.79730E-01 
-1.95037E-01 4.96337E-01 
-1.81152E-01 5.09328E-01 
-1.79184E-01 5.29147E-01 
-1.75324E-01 5.50488E-01 
-1.69107E-01 5.73185E-01 
-1.60082E-01 5.97085E-01 
-1.47886E-01 6.22165E-01 
-1.32466E-01 6.48918E-01 
-1.14769E-01 6.79733E-01 
-9.85504E-02 7.23118E-01 
-9.19890E-02 8.00828E-01 
-9.78937E-02 9.35907E-01 
-9.25812E-02 1.09877E+00 
-4.82011E-02 1.22159E+00 
-1.53071E-01 3.32375E-01 
-1.50349E-01 3.37939E-01 
-1.09531E-01 3.51105E-01 
-1.08075E-01 3.55407E-01 
-1.07092E-01 3.60816E-01 
-1.06467E-01 3.67368E-01 
-1.06064E-01 3.75086E-01 
-1.05807E-01 3.81864E-01 
-1.05729E-01 3.83979E-01 
-1.05243E-01 3.94876E-01 
-1.04392E-01 4.07097E-01 
-1.02905E-01 4.20584E-01 
-1.00494E-01 4.35248E-01 
-8.70824E-02 4.45557E-01 
-8.30034E-02 4.62555E-01 
-7.69090E-02 4.80498E-01 
-6.84106E-02 4.99198E-01 
-5.71342E-02 5.18486E-01 
-4.27656E-02 5.38307E-01 
-2.51776E-02 5.59060E-01 
-4.79895E-03 5.82769E-01 
1.65387E-02 6.16653E-01 
3.54134E-02 6.79012E-01 
5.33109E-02 7.88716E-01 
8.57734E-02 9.19848E-01 
1.45378E-01 1.01528E+00 
-8.58723E-02 2.91821E-01 
-8.36577E-02 2.97335E-01 
-4.45066E-02 3.03090E-01 
-4.35817E-02 3.07654E-01 
-4.29059E-02 3.13183E-01 
-4.23618E-02 3.19684E-01 
-4.18161E-02 3.27151E-01 
-4.12987E-02 3.33579E-01 
-4.11197E-02 3.35564E-01 
-4.00106E-02 3.45653E-01 
-3.83105E-02 3.56732E-01 
-3.57778E-02 3.68711E-01 
-3.21568E-02 3.81475E-01 
-1.94103E-02 3.89482E-01 
-1.37321E-02 4.03765E-01 
-6.00972E-03 4.18503E-01 
4.07080E-03 4.33503E-01 
1.68085E-02 4.48593E-01 
3.24632E-02 4.63710E-01 
5.11986E-02 4.79182E-01 
7.29490E-02 4.96723E-01 
9.72625E-02 5.22421E-01 
1.24110E-01 5.71551E-01 
1.57883E-01 6.59387E-01 
2.07955E-01 7.63394E-01 
2.75911E-01 8.35902E-01 
-3.73466E-02 2.56645E-01 
-3.55396E-02 2.62121E-01 
1.14427E-03 2.61920E-01 
1.66059E-03 2.66735E-01 
2.12190E-03 2.72354E-01 
2.64384E-03 2.78759E-01 
3.35469E-03 2.85922E-01 
4.12286E-03 2.91956E-01 
4.39458E-03 2.93798E-01 
6.05829E-03 3.03023E-01 
8.48162E-03 3.12919E-01 
1.18761E-02 3.23375E-01 
1.64597E-02 3.34261E-01 
2.84539E-02 3.40276E-01 
3.53386E-02 3.51951E-01 
4.42218E-02 3.63677E-01 
5.53470E-02 3.75271E-01 
6.89430E-02 3.86572E-01 
8.52149E-02 3.97519E-01 
1.04339E-01 4.08391E-01 
1.26497E-01 4.20638E-01 
1.52211E-01 4.39362E-01 
1.83814E-01 4.77200E-01 
2.27572E-01 5.46355E-01 
2.88226E-01 6.27384E-01 
3.59622E-01 6.80918E-01 
-3.01180E-03 2.26442E-01 
-1.48705E-03 2.31842E-01 
3.21301E-02 2.27099E-01 
3.23894E-02 2.32089E-01 
3.27604E-02 2.37710E-01 
3.33536E-02 2.43924E-01 
3.42888E-02 2.50685E-01 
3.53280E-02 2.56253E-01 
3.56939E-02 2.57931E-01 
3.78901E-02 2.66206E-01 
4.09640E-02 2.74855E-01 
4.50944E-02 2.83758E-01 
5.04606E-02 2.92783E-01 
6.16875E-02 2.97053E-01 
6.94708E-02 3.06239E-01 
7.91493E-02 3.15156E-01 
9.09023E-02 3.23641E-01 
1.04895E-01 3.31555E-01 
1.21281E-01 3.38848E-01 
1.40234E-01 3.45765E-01 
1.62104E-01 3.53530E-01 
1.88079E-01 3.66386E-01 
2.22092E-01 3.94683E-01 
2.71529E-01 4.48014E-01 
3.37682E-01 5.09754E-01 
4.09107E-01 5.47765E-01 
2.06791E-02 2.00731E-01 
2.20598E-02 2.05972E-01 
5.22115E-02 1.97998E-01 
5.23801E-02 2.03037E-01 
5.28002E-02 2.08527E-01 
5.35743E-02 2.14419E-01 
5.48108E-02 2.20651E-01 
5.61561E-02 2.25663E-01 
5.66222E-02 2.27153E-01 
5.93528E-02 2.34376E-01 
6.30328E-02 2.41709E-01 
6.78072E-02 2.49032E-01 
7.38165E-02 2.56217E-01 
8.43056E-02 2.58947E-01 
9.27374E-02 2.65778E-01 
1.02918E-01 2.72105E-01 
1.14970E-01 2.77787E-01 
1.29004E-01 2.82714E-01 
1.45127E-01 2.86854E-01 
1.63503E-01 2.90424E-01 
1.84590E-01 2.94457E-01 
2.10023E-01 3.02449E-01 
2.44768E-01 3.22774E-01 
2.96792E-01 3.62826E-01 
3.64847E-01 4.08527E-01 
4.34022E-01 4.34003E-01 
3.65571E-02 1.78923E-01 
3.79335E-02 1.83891E-01 
6.44064E-02 1.73847E-01 
6.46506E-02 1.78770E-01 
6.52594E-02 1.83969E-01 
6.63243E-02 1.89384E-01 
6.79399E-02 1.94948E-01 
6.96284E-02 1.99309E-01 
7.02017E-02 2.00587E-01 
7.34740E-02 2.06658E-01 
7.77252E-02 2.12613E-01 
8.30664E-02 2.18341E-01 
8.96009E-02 2.23726E-01 
9.94023E-02 2.25085E-01 
1.08271E-01 2.29719E-01 
1.18712E-01 2.33688E-01 
1.30800E-01 2.36881E-01 
1.44596E-01 2.39216E-01 
1.60172E-01 2.40681E-01 
1.77680E-01 2.41474E-01 
1.97642E-01 2.42461E-01 
2.21981E-01 2.46487E-01 
2.56290E-01 2.60223E-01 
3.08731E-01 2.89223E-01 
3.76214E-01 3.21704E-01 
4.41693E-01 3.37190E-01 
4.67823E-02 1.60498E-01 
4.82845E-02 1.65062E-01 
7.10541E-02 1.53932E-01 
7.15254E-02 1.58560E-01 
7.24466E-02 1.63299E-01 
7.38963E-02 1.68086E-01 
7.59536E-02 1.72852E-01 
7.80114E-02 1.76478E-01 
7.86956E-02 1.77523E-01 
8.25049E-02 1.82368E-01 
8.72842E-02 1.86915E-01 
9.31128E-02 1.91068E-01 
1.00059E-01 1.94726E-01 
1.09231E-01 1.94870E-01 
1.18349E-01 1.97503E-01 
1.28844E-01 1.99377E-01 
1.40751E-01 2.00414E-01 
1.54095E-01 2.00558E-01 
1.68915E-01 1.99818E-01 
1.85353E-01 1.98376E-01 
2.03971E-01 1.96950E-01 
2.26862E-01 1.97826E-01 
2.59948E-01 2.06217E-01 
3.11333E-01 2.26150E-01 
3.76612E-01 2.47897E-01 
4.37577E-01 2.55584E-01 
5.31402E-02 1.44742E-01 
5.48796E-02 1.48767E-01 
7.40511E-02 1.37329E-01 
7.48758E-02 1.41484E-01 
7.62084E-02 1.45603E-01 
7.81133E-02 1.49622E-01 
8.06529E-02 1.53477E-01 
8.30908E-02 1.56304E-01 
8.38857E-02 1.57100E-01 
8.82102E-02 1.60670E-01 
9.34628E-02 1.63808E-01 
9.96933E-02 1.66433E-01 
1.06940E-01 1.68466E-01 
1.15529E-01 1.67537E-01 
1.24727E-01 1.68379E-01 
1.35098E-01 1.68429E-01 
1.46645E-01 1.67636E-01 
1.59364E-01 1.65971E-01 
1.73274E-01 1.63462E-01 
1.88504E-01 1.60273E-01 
2.05640E-01 1.56994E-01 
2.26862E-01 1.55421E-01 
2.58219E-01 1.59525E-01 
3.07582E-01 1.72071E-01 
3.69625E-01 1.85164E-01 
4.25672E-01 1.86852E-01 
5.69434E-02 1.31080E-01 
5.90058E-02 1.34445E-01 
7.48036E-02 1.23278E-01 
7.60740E-02 1.26803E-01 
7.78837E-02 1.30166E-01 
8.02820E-02 1.33310E-01 
8.33147E-02 1.36177E-01 
8.61225E-02 1.38168E-01 
8.70223E-02 1.38708E-01 
9.18157E-02 1.40998E-01 
9.74681E-02 1.42766E-01 
1.04003E-01 1.43949E-01 
1.11433E-01 1.44493E-01 
1.19476E-01 1.42633E-01 
1.28598E-01 1.41920E-01 
1.38689E-01 1.40429E-01 
1.49728E-01 1.38135E-01 
1.61690E-01 1.35032E-01 
1.74578E-01 1.31161E-01 
1.88516E-01 1.26671E-01 
2.04099E-01 1.22036E-01 
2.23539E-01 1.18630E-01 
2.52865E-01 1.19364E-01 
2.99609E-01 1.25976E-01 
3.57828E-01 1.32192E-01 
4.08854E-01 1.29381E-01 
5.91924E-02 1.18967E-01 
6.16337E-02 1.21575E-01 
7.43626E-02 1.11076E-01 
7.61331E-02 1.13845E-01 
7.84492E-02 1.16355E-01 
8.13455E-02 1.18554E-01 
8.48517E-02 1.20395E-01 
8.79984E-02 1.21545E-01 
8.89915E-02 1.21832E-01 
9.41847E-02 1.22879E-01 
1.00146E-01 1.23356E-01 
1.06879E-01 1.23222E-01 
1.14372E-01 1.22441E-01 
1.21889E-01 1.19794E-01 
1.30795E-01 1.17774E-01 
1.40471E-01 1.15029E-01 
1.50880E-01 1.11552E-01 
1.61985E-01 1.07360E-01 
1.73778E-01 1.02499E-01 
1.86381E-01 9.71040E-02 
2.00390E-01 9.15446E-02 
2.18009E-01 8.68315E-02 
2.45152E-01 8.49801E-02 
2.88947E-01 8.68917E-02 
3.43056E-01 8.77295E-02 
3.89157E-01 8.16444E-02 
6.06242E-02 1.07943E-01 
6.34684E-02 1.09726E-01 
7.34802E-02 1.00132E-01 
7.57662E-02 1.02062E-01 
7.85820E-02 1.03661E-01 
8.19481E-02 1.04891E-01 
8.58795E-02 1.05712E-01 
8.93152E-02 1.06046E-01 
9.03850E-02 1.06092E-01 
9.58887E-02 1.05972E-01 
1.02056E-01 1.05274E-01 
1.08871E-01 1.03973E-01 
1.16308E-01 1.02054E-01 
1.23307E-01 9.87662E-02 
1.31869E-01 9.56932E-02 
1.41016E-01 9.19721E-02 
1.50700E-01 8.76154E-02 
1.60875E-01 8.26512E-02 
1.71533E-01 7.71339E-02 
1.82790E-01 7.11781E-02 
1.95242E-01 6.50629E-02 
2.11055E-01 5.94847E-02 
2.35966E-01 5.57070E-02 
2.76665E-01 5.39626E-02 
3.26591E-01 5.06719E-02 
3.67988E-01 4.23048E-02 
6.17485E-02 9.76299E-02 
6.49893E-02 9.85534E-02 
7.26515E-02 8.99760E-02 
7.54325E-02 9.10249E-02 
7.87086E-02 9.17008E-02 
8.24876E-02 9.19744E-02 
8.67717E-02 9.18199E-02 
9.04309E-02 9.13926E-02 
9.15569E-02 9.12156E-02 
9.72664E-02 9.00411E-02 
1.03526E-01 8.83101E-02 
1.10307E-01 8.60156E-02 
1.17571E-01 8.31585E-02 
1.24046E-01 7.93767E-02 
1.32155E-01 7.54985E-02 
1.40678E-01 7.10671E-02 
1.49563E-01 6.61079E-02 
1.58763E-01 6.06582E-02 
1.68266E-01 5.47741E-02 
1.78194E-01 4.85515E-02 
1.89132E-01 4.21872E-02 
2.03192E-01 3.61100E-02 
2.25890E-01 3.09558E-02 
2.63469E-01 2.64303E-02 
3.09271E-01 2.00474E-02 
3.46250E-01 1.01917E-02 
6.28550E-02 8.76810E-02 
6.64614E-02 8.77527E-02 
7.21356E-02 8.02194E-02 
7.53637E-02 8.03939E-02 
7.90369E-02 8.01784E-02 
8.31521E-02 7.95540E-02 
8.77009E-02 7.85062E-02 
9.15093E-02 7.73984E-02 
9.26691E-02 7.70250E-02 
9.84734E-02 7.49366E-02 
1.04711E-01 7.23385E-02 
1.11344E-01 6.92377E-02 
1.18328E-01 6.56483E-02 
1.24267E-01 6.15201E-02 
1.31829E-01 5.70741E-02 
1.39655E-01 5.21783E-02 
1.47690E-01 4.68669E-02 
1.55888E-01 4.11824E-02 
1.64242E-01 3.51793E-02 
1.72874E-01 2.89342E-02 
1.82360E-01 2.25715E-02 
1.94745E-01 1.62927E-02 
2.15295E-01 1.02161E-02 
2.49806E-01 3.63930E-03 
2.91623E-01 -4.98067E-03 
3.24504E-01 -1.56965E-02 
6.41172E-02 7.78978E-02 
6.80338E-02 7.71554E-02 
7.20574E-02 7.06292E-02 
7.56597E-02 6.99730E-02 
7.96464E-02 6.89325E-02 
8.40052E-02 6.74987E-02 
8.87195E-02 6.56672E-02 
9.25972E-02 6.39770E-02 
9.37671E-02 6.34381E-02 
9.95528E-02 6.05945E-02 
1.05657E-01 5.73059E-02 
1.12035E-01 5.35904E-02 
1.18640E-01 4.94716E-02 
1.24028E-01 4.51392E-02 
1.30969E-01 4.03449E-02 
1.38042E-01 3.52060E-02 
1.45195E-01 2.97616E-02 
1.52386E-01 2.40563E-02 
1.59612E-01 1.81404E-02 
1.66998E-01 1.20710E-02 
1.75108E-01 5.90916E-03 
1.85908E-01 -3.34191E-04 
2.04399E-01 -6.96217E-03 
2.35940E-01 -1.49850E-02 
2.73956E-01 -2.51403E-02 
3.03062E-01 -3.62237E-02 
6.55966E-02 6.82136E-02 
6.97536E-02 6.67317E-02 
7.24401E-02 6.11350E-02 
7.63284E-02 5.97296E-02 
8.05335E-02 5.79634E-02 
8.50362E-02 5.58364E-02 
8.98133E-02 5.33527E-02 
9.36807E-02 5.11913E-02 
9.48375E-02 5.05207E-02 
1.00497E-01 4.70914E-02 
1.06365E-01 4.32929E-02 
1.12396E-01 3.91508E-02 
1.18542E-01 3.46956E-02 
1.23365E-01 3.02915E-02 
1.29634E-01 2.53449E-02 
1.35923E-01 2.01550E-02 
1.42186E-01 1.47629E-02 
1.48385E-01 9.21192E-03 
1.54526E-01 3.54635E-03 
1.60735E-01 -2.19498E-03 
1.67561E-01 -8.00608E-03 
1.76886E-01 -1.40326E-02 
1.93438E-01 -2.09135E-02 
2.22154E-01 -2.98815E-02 
2.56598E-01 -4.09985E-02 
2.82269E-01 -5.20723E-02 
6.74205E-02 5.85300E-02 
7.17343E-02 5.63879E-02 
7.33346E-02 5.16244E-02 
7.74087E-02 4.95601E-02 
8.17283E-02 4.71731E-02 
8.62691E-02 4.44709E-02 
9.10040E-02 4.14648E-02 
9.47816E-02 3.89397E-02 
9.59025E-02 3.81698E-02 
1.01330E-01 3.43146E-02 
1.06866E-01 3.01721E-02 
1.12464E-01 2.57733E-02 
1.18079E-01 2.11524E-02 
1.22319E-01 1.67943E-02 
1.27873E-01 1.18620E-02 
1.33357E-01 6.78119E-03 
1.38728E-01 1.59214E-03 
1.43957E-01 -3.66477E-03 
1.49056E-01 -8.95282E-03 
1.54153E-01 -1.42508E-02 
1.59781E-01 -1.95998E-02 
1.67732E-01 -2.52738E-02 
1.82457E-01 -3.21767E-02 
2.08485E-01 -4.16959E-02 
2.39568E-01 -5.33270E-02 
2.62100E-01 -6.41109E-02 
6.95233E-02 4.89132E-02 
7.39072E-02 4.62151E-02 
7.46428E-02 4.21808E-02 
7.87997E-02 3.95713E-02 
8.31298E-02 3.66874E-02 
8.76061E-02 3.35427E-02 
9.21994E-02 3.01538E-02 
9.58140E-02 2.73765E-02 
9.68784E-02 2.65404E-02 
1.01982E-01 2.24185E-02 
1.07104E-01 1.80926E-02 
1.12202E-01 1.35960E-02 
1.17233E-01 8.96415E-03 
1.20882E-01 4.75631E-03 
1.25703E-01 -2.03093E-05 
1.30381E-01 -4.86104E-03 
1.34882E-01 -9.72808E-03 
1.39183E-01 -1.45857E-02 
1.43302E-01 -1.94054E-02 
1.47370E-01 -2.41821E-02 
1.51900E-01 -2.89962E-02 
1.58594E-01 -3.42235E-02 
1.71623E-01 -4.09690E-02 
1.95135E-01 -5.07168E-02 
2.23099E-01 -6.25009E-02 
2.42799E-01 -7.27914E-02 
7.17371E-02 3.93178E-02 
7.60988E-02 3.61804E-02 
7.61511E-02 3.27867E-02 
8.02907E-02 2.97583E-02 
8.45351E-02 2.65104E-02 
8.88560E-02 2.30609E-02 
9.32237E-02 1.94297E-02 
9.66157E-02 1.65097E-02 
9.76072E-02 1.56395E-02 
1.02315E-01 1.14024E-02 
1.06965E-01 7.04104E-03 
1.11517E-01 2.58897E-03 
1.15933E-01 -1.91917E-03 
1.18993E-01 -5.88652E-03 
1.23080E-01 -1.03918E-02 
1.26968E-01 -1.48884E-02 
1.30630E-01 -1.93423E-02 
1.34053E-01 -2.37235E-02 
1.37259E-01 -2.80115E-02 
1.40380E-01 -3.22160E-02 
1.43910E-01 -3.64496E-02 
1.49456E-01 -4.11667E-02 
1.60914E-01 -4.76186E-02 
1.82069E-01 -5.73389E-02 
2.07136E-01 -6.89922E-02 
2.24275E-01 -7.86440E-02 
7.39281E-02 2.98135E-02 
7.81803E-02 2.63642E-02 
7.77022E-02 2.35357E-02 
8.17367E-02 2.02207E-02 
8.58147E-02 1.67428E-02 
8.99071E-02 1.31222E-02 
9.39839E-02 9.38084E-03 
9.71081E-02 6.41822E-03 
9.80144E-02 5.54265E-03 
1.02274E-01 1.32438E-03 
1.06410E-01 -2.94511E-03 
1.10387E-01 -7.23323E-03 
1.14173E-01 -1.15075E-02 
1.16653E-01 -1.51622E-02 
1.20016E-01 -1.93071E-02 
1.23141E-01 -2.33825E-02 
1.26008E-01 -2.73592E-02 
1.28609E-01 -3.12131E-02 
1.30973E-01 -3.49321E-02 
1.33233E-01 -3.85385E-02 
1.35860E-01 -4.21706E-02 
1.40365E-01 -4.63409E-02 
1.50376E-01 -5.24006E-02 
1.69330E-01 -6.18936E-02 
1.91715E-01 -7.31979E-02 
2.06549E-01 -8.21153E-02 
7.63485E-02 2.05718E-02 
8.04175E-02 1.69177E-02 
7.95064E-02 1.45752E-02 
8.33410E-02 1.10836E-02 
8.71575E-02 7.48660E-03 
9.09289E-02 3.80628E-03 
9.46281E-02 6.54771E-05 
9.74239E-02 -2.85540E-03 
9.82285E-02 -3.71199E-03 
1.01971E-01 -7.79835E-03 
1.05538E-01 -1.18690E-02 
1.08902E-01 -1.58944E-02 
1.12036E-01 -1.98456E-02 
1.13937E-01 -2.31302E-02 
1.16590E-01 -2.68481E-02 
1.18981E-01 -3.04479E-02 
1.21096E-01 -3.39059E-02 
1.22934E-01 -3.72043E-02 
1.24530E-01 -4.03385E-02 
1.26013E-01 -4.33418E-02 
1.27832E-01 -4.63721E-02 
1.31403E-01 -4.99823E-02 
1.40089E-01 -5.55835E-02 
1.57004E-01 -6.47001E-02 
1.76919E-01 -7.54955E-02 
1.89687E-01 -8.36250E-02 
7.85464E-02 1.15802E-02 
8.23585E-02 7.84001E-03 
8.11085E-02 5.93278E-03 
8.46735E-02 2.38606E-03 
8.81690E-02 -1.21111E-03 
9.15703E-02 -4.83650E-03 
9.48533E-02 -8.46783E-03 
9.72976E-02 -1.12673E-02 
9.79949E-02 -1.20825E-02 
1.01199E-01 -1.59358E-02 
1.04190E-01 -1.97166E-02 
1.06943E-01 -2.33991E-02 
1.09439E-01 -2.69587E-02 
1.10787E-01 -2.98320E-02 
1.12766E-01 -3.30784E-02 
1.14470E-01 -3.61700E-02 
1.15891E-01 -3.90888E-02 
1.17035E-01 -4.18227E-02 
1.17939E-01 -4.43743E-02 
1.18731E-01 -4.67858E-02 
1.19836E-01 -4.92294E-02 
1.22575E-01 -5.22828E-02 
1.30053E-01 -5.73836E-02 
1.45081E-01 -6.60125E-02 
1.62726E-01 -7.61820E-02 
1.73644E-01 -8.34997E-02 
8.04333E-02 3.05507E-03 
8.39009E-02 -6.57114E-04 
8.23679E-02 -2.17164E-03 
8.55946E-02 -5.66158E-03 
8.87167E-02 -9.15306E-03 
9.17131E-02 -1.26259E-02 
9.45610E-02 -1.60595E-02 
9.66487E-02 -1.86760E-02 
9.72384E-02 -1.94329E-02 
9.99107E-02 -2.29793E-02 
1.02339E-01 -2.64075E-02 
1.04507E-01 -2.96955E-02 
1.06400E-01 -3.28231E-02 
1.07236E-01 -3.52661E-02 
1.08593E-01 -3.80221E-02 
1.09670E-01 -4.05975E-02 
1.10466E-01 -4.29793E-02 
1.10992E-01 -4.51614E-02 
1.11287E-01 -4.71525E-02 
1.11478E-01 -4.90018E-02 
1.11965E-01 -5.08911E-02 
1.13974E-01 -5.34095E-02 
1.20365E-01 -5.79928E-02 
1.33667E-01 -6.60599E-02 
1.49246E-01 -7.55290E-02 
1.58531E-01 -8.20416E-02 
8.22642E-02 -5.10119E-03 
8.53759E-02 -8.69977E-03 
8.36245E-02 -9.85599E-03 
8.64801E-02 -1.32073E-02 
8.91877E-02 -1.65146E-02 
9.17284E-02 -1.97581E-02 
9.40858E-02 -2.29193E-02 
9.57744E-02 -2.52972E-02 
9.62449E-02 -2.59801E-02 
9.83371E-02 -2.91490E-02 
1.00171E-01 -3.21630E-02 
1.01735E-01 -3.50045E-02 
1.03020E-01 -3.76583E-02 
1.03348E-01 -3.96471E-02 
1.04107E-01 -4.18933E-02 
1.04595E-01 -4.39437E-02 
1.04813E-01 -4.57906E-02 
1.04779E-01 -4.74330E-02 
1.04532E-01 -4.88845E-02 
1.04195E-01 -5.01999E-02 
1.04141E-01 -5.15657E-02 
1.05505E-01 -5.35714E-02 
1.10906E-01 -5.76282E-02 
1.22609E-01 -6.50787E-02 
1.36285E-01 -7.37935E-02 
1.44105E-01 -7.95135E-02 
8.36408E-02 -1.26621E-02 
8.63249E-02 -1.60542E-02 
8.43707E-02 -1.68738E-02 
8.68022E-02 -2.00006E-02 
8.90607E-02 -2.30458E-02 
9.11325E-02 -2.59921E-02 
9.30063E-02 -2.88242E-02 
9.43133E-02 -3.09278E-02 
9.46710E-02 -3.15272E-02 
9.62170E-02 -3.42803E-02 
9.74954E-02 -3.68511E-02 
9.85011E-02 -3.92272E-02 
9.92317E-02 -4.13986E-02 
9.91057E-02 -4.29383E-02 
9.93305E-02 -4.46848E-02 
9.92963E-02 -4.62290E-02 
9.90106E-02 -4.75674E-02 
9.84914E-02 -4.87035E-02 
9.77818E-02 -4.96555E-02 
9.69975E-02 -5.04817E-02 
9.64874E-02 -5.13699E-02 
9.72963E-02 -5.29007E-02 
1.01814E-01 -5.64420E-02 
1.12060E-01 -6.32505E-02 
1.24009E-01 -7.11908E-02 
1.30541E-01 -7.61550E-02 
8.46434E-02 -1.96091E-02 
8.68585E-02 -2.27185E-02 
8.47073E-02 -2.32114E-02 
8.66733E-02 -2.60397E-02 
8.84565E-02 -2.87580E-02 
9.00468E-02 -3.13524E-02 
9.14337E-02 -3.38102E-02 
9.23611E-02 -3.56102E-02 
9.26076E-02 -3.61189E-02 
9.36260E-02 -3.84288E-02 
9.43817E-02 -4.05415E-02 
9.48715E-02 -4.24476E-02 
9.50960E-02 -4.41408E-02 
9.45623E-02 -4.52448E-02 
9.43111E-02 -4.65111E-02 
9.38177E-02 -4.75750E-02 
9.30935E-02 -4.84375E-02 
9.21593E-02 -4.91061E-02 
9.10588E-02 -4.96023E-02 
8.99021E-02 -4.99868E-02 
8.90126E-02 -5.04456E-02 
8.93478E-02 -5.15427E-02 
9.30785E-02 -5.45878E-02 
1.01998E-01 -6.07456E-02 
1.12382E-01 -6.79088E-02 
1.17782E-01 -7.21618E-02 
8.51873E-02 -2.58635E-02 
8.69777E-02 -2.86527E-02 
8.46984E-02 -2.88516E-02 
8.62235E-02 -3.13478E-02 
8.75616E-02 -3.37142E-02 
8.86929E-02 -3.59344E-02 
8.96040E-02 -3.79949E-02 
9.01563E-02 -3.94743E-02 
9.02926E-02 -3.98874E-02 
9.07851E-02 -4.17324E-02 
9.10217E-02 -4.33698E-02 
9.10069E-02 -4.47964E-02 
9.07467E-02 -4.60109E-02 
8.98296E-02 -4.66882E-02 
8.91445E-02 -4.74927E-02 
8.82424E-02 -4.81034E-02 
8.71367E-02 -4.85246E-02 
8.58495E-02 -4.87667E-02 
8.44238E-02 -4.88534E-02 
8.29629E-02 -4.88460E-02 
8.17646E-02 -4.89260E-02 
8.17018E-02 -4.96339E-02 
8.47374E-02 -5.22106E-02 
9.24559E-02 -5.77253E-02 
1.01429E-01 -6.41267E-02 
1.05842E-01 -6.77211E-02 
8.53038E-02 -3.14165E-02 
8.65793E-02 -3.38114E-02 
8.41246E-02 -3.37030E-02 
8.51601E-02 -3.58070E-02 
8.59974E-02 -3.77609E-02 
8.66351E-02 -3.95580E-02 
8.70733E-02 -4.11930E-02 
8.72764E-02 -4.23445E-02 
8.73130E-02 -4.26620E-02 
8.73443E-02 -4.40530E-02 
8.71402E-02 -4.52394E-02 
8.67031E-02 -4.62189E-02 
8.60407E-02 -4.69928E-02 
8.48128E-02 -4.72835E-02 
8.37708E-02 -4.76704E-02 
8.25346E-02 -4.78746E-02 
8.11201E-02 -4.79034E-02 
7.95509E-02 -4.77698E-02 
7.78691E-02 -4.74995E-02 
7.61717E-02 -4.71535E-02 
7.47318E-02 -4.69066E-02 
7.43412E-02 -4.72717E-02 
7.67660E-02 -4.94121E-02 
8.33987E-02 -5.43001E-02 
9.11013E-02 -5.99643E-02 
9.46558E-02 -6.29551E-02 
8.48007E-02 -3.61563E-02 
8.56239E-02 -3.81480E-02 
8.30937E-02 -3.77817E-02 
8.37217E-02 -3.95057E-02 
8.41463E-02 -4.10689E-02 
8.43627E-02 -4.24628E-02 
8.43729E-02 -4.36835E-02 
8.42437E-02 -4.45089E-02 
8.41840E-02 -4.47308E-02 
8.37678E-02 -4.56681E-02 
8.31363E-02 -4.64067E-02 
8.22925E-02 -4.69461E-02 
8.12468E-02 -4.72908E-02 
7.97258E-02 -4.72103E-02 
7.83604E-02 -4.72050E-02 
7.68313E-02 -4.70352E-02 
7.51555E-02 -4.67105E-02 
7.33563E-02 -4.62454E-02 
7.14737E-02 -4.56660E-02 
6.95969E-02 -4.50317E-02 
6.79740E-02 -4.45083E-02 
6.73191E-02 -4.45770E-02 
6.92125E-02 -4.63177E-02 
7.48712E-02 -5.06068E-02 
8.14379E-02 -5.55707E-02 
8.42539E-02 -5.80171E-02 
8.39020E-02 -4.01599E-02 
8.42540E-02 -4.17191E-02 
8.15827E-02 -4.10729E-02 
8.17459E-02 -4.23694E-02 
8.17113E-02 -4.34996E-02 
8.14906E-02 -4.44653E-02 
8.10869E-02 -4.52655E-02 
8.06536E-02 -4.57721E-02 
8.05077E-02 -4.59020E-02 
7.96968E-02 -4.64087E-02 
7.87018E-02 -4.67332E-02 
7.75287E-02 -4.68785E-02 
7.61852E-02 -4.68487E-02 
7.44494E-02 -4.64521E-02 
7.28418E-02 -4.61129E-02 
7.10960E-02 -4.56271E-02 
6.92300E-02 -4.50062E-02 
6.72672E-02 -4.42658E-02 
6.52459E-02 -4.34325E-02 
6.32484E-02 -4.25636E-02 
6.14994E-02 -4.18150E-02 
6.06396E-02 -4.16342E-02 
6.20760E-02 -4.30147E-02 
6.68654E-02 -4.67392E-02 
7.24214E-02 -5.10459E-02 
7.46070E-02 -5.30075E-02 
8.23892E-02 -4.33182E-02 
8.22829E-02 -4.44324E-02 
7.95170E-02 -4.35366E-02 
7.93047E-02 -4.44407E-02 
7.89165E-02 -4.51874E-02 
7.83466E-02 -4.57701E-02 
7.76001E-02 -4.61890E-02 
7.69085E-02 -4.64036E-02 
7.66884E-02 -4.64488E-02 
7.55337E-02 -4.65575E-02 
7.42123E-02 -4.64947E-02 
7.27349E-02 -4.62671E-02 
7.11160E-02 -4.58843E-02 
6.91849E-02 -4.51942E-02 
6.73677E-02 -4.45528E-02 
6.54426E-02 -4.37875E-02 
6.34279E-02 -4.29110E-02 
6.13460E-02 -4.19395E-02 
5.92322E-02 -4.08986E-02 
5.71609E-02 -3.98423E-02 
5.53335E-02 -3.89153E-02 
5.43207E-02 -3.85290E-02 
5.53673E-02 -3.95890E-02 
5.93853E-02 -4.27880E-02 
6.40470E-02 -4.64857E-02 
6.56994E-02 -4.80212E-02 
8.04159E-02 -4.56995E-02 
7.99194E-02 -4.63986E-02 
7.70790E-02 -4.52746E-02 
7.64785E-02 -4.57737E-02 
7.56973E-02 -4.61097E-02 
7.47538E-02 -4.62912E-02 
7.36642E-02 -4.63262E-02 
7.27278E-02 -4.62567E-02 
7.24400E-02 -4.62212E-02 
7.09860E-02 -4.59617E-02 
6.94058E-02 -4.55595E-02 
6.77063E-02 -4.50195E-02 
6.58963E-02 -4.43485E-02 
6.38433E-02 -4.34252E-02 
6.18898E-02 -4.25429E-02 
5.98537E-02 -4.15578E-02 
5.77529E-02 -4.04830E-02 
5.56089E-02 -3.93348E-02 
5.34545E-02 -3.81382E-02 
5.13573E-02 -3.69437E-02 
4.94970E-02 -3.58847E-02 
4.83794E-02 -3.53362E-02 
4.90994E-02 -3.61166E-02 
5.24386E-02 -3.88335E-02 
5.63152E-02 -4.19743E-02 
5.75229E-02 -4.31412E-02 
7.79338E-02 -4.72915E-02 
7.70282E-02 -4.75582E-02 
7.41078E-02 -4.62121E-02 
7.31619E-02 -4.63287E-02 
7.20919E-02 -4.63174E-02 
7.08981E-02 -4.61772E-02 
6.95600E-02 -4.58933E-02 
6.84405E-02 -4.55844E-02 
6.81013E-02 -4.54807E-02 
6.64097E-02 -4.49024E-02 
6.46061E-02 -4.41936E-02 
6.27107E-02 -4.33690E-02 
6.07374E-02 -4.24397E-02 
5.85863E-02 -4.13120E-02 
5.65279E-02 -4.02234E-02 
5.44141E-02 -3.90553E-02 
5.22625E-02 -3.78213E-02 
5.00930E-02 -3.65372E-02 
4.79351E-02 -3.52265E-02 
4.58487E-02 -3.39353E-02 
4.39923E-02 -3.27847E-02 
4.28107E-02 -3.21130E-02 
4.32599E-02 -3.26524E-02 
4.60043E-02 -3.49308E-02 
4.91946E-02 -3.75667E-02 
5.00350E-02 -3.84189E-02 
7.49939E-02 -4.81032E-02 
7.37742E-02 -4.79985E-02 
7.08207E-02 -4.64731E-02 
6.96038E-02 -4.62589E-02 
6.82627E-02 -4.59177E-02 
6.67856E-02 -4.54405E-02 
6.51974E-02 -4.48434E-02 
6.39078E-02 -4.43093E-02 
6.35227E-02 -4.41427E-02 
6.16426E-02 -4.32878E-02 
5.96899E-02 -4.23341E-02 
5.76712E-02 -4.12876E-02 
5.55977E-02 -4.01577E-02 
5.34022E-02 -3.88780E-02 
5.12972E-02 -3.76393E-02 
4.91611E-02 -3.63432E-02 
4.70089E-02 -3.50021E-02 
4.48590E-02 -3.36310E-02 
4.27377E-02 -3.22514E-02 
4.06982E-02 -3.09056E-02 
3.88798E-02 -2.97026E-02 
3.76713E-02 -2.89451E-02 
3.79028E-02 -2.92835E-02 
4.01356E-02 -3.11720E-02 
4.27365E-02 -3.33602E-02 
4.32817E-02 -3.39508E-02 
7.15928E-02 -4.81918E-02 
7.00928E-02 -4.77401E-02 
6.71177E-02 -4.60534E-02 
6.56298E-02 -4.55116E-02 
6.40479E-02 -4.48653E-02 
6.23998E-02 -4.41335E-02 
6.06817E-02 -4.33139E-02 
5.92933E-02 -4.26115E-02 
5.88778E-02 -4.23950E-02 
5.68526E-02 -4.13047E-02 
5.47755E-02 -4.01347E-02 
5.26636E-02 -3.88992E-02 
5.05256E-02 -3.76063E-02 
4.83181E-02 -3.62106E-02 
4.62003E-02 -3.48593E-02 
4.40742E-02 -3.34721E-02 
4.19535E-02 -3.20610E-02 
3.98541E-02 -3.06394E-02 
3.77990E-02 -2.92267E-02 
3.58345E-02 -2.78606E-02 
3.40815E-02 -2.66379E-02 
3.28766E-02 -2.58266E-02 
3.29342E-02 -2.59977E-02 
3.47232E-02 -2.75378E-02 
3.68136E-02 -2.93268E-02 
3.71220E-02 -2.97006E-02 
6.78005E-02 -4.75926E-02 
6.60836E-02 -4.68448E-02 
6.31144E-02 -4.50296E-02 
6.14226E-02 -4.42137E-02 
5.96795E-02 -4.33262E-02 
5.78815E-02 -4.23648E-02 
5.60155E-02 -4.13203E-02 
5.45355E-02 -4.04628E-02 
5.40991E-02 -4.02057E-02 
5.19984E-02 -3.89423E-02 
4.98702E-02 -3.76221E-02 
4.77247E-02 -3.62546E-02 
4.55728E-02 -3.48495E-02 
4.33904E-02 -3.33790E-02 
4.12978E-02 -3.19571E-02 
3.92167E-02 -3.05191E-02 
3.71592E-02 -2.90758E-02 
3.51394E-02 -2.76396E-02 
3.31769E-02 -2.62276E-02 
3.13113E-02 -2.48728E-02 
2.96464E-02 -2.36600E-02 
2.84713E-02 -2.28240E-02 
2.83955E-02 -2.28611E-02 
2.98071E-02 -2.40967E-02 
3.14635E-02 -2.55373E-02 
3.15885E-02 -2.57374E-02 
6.36723E-02 -4.63653E-02 
6.17647E-02 -4.53492E-02 
5.88429E-02 -4.34490E-02 
5.70225E-02 -4.24225E-02 
5.51546E-02 -4.13305E-02 
5.32441E-02 -4.01770E-02 
5.12971E-02 -3.89672E-02 
4.97674E-02 -3.79941E-02 
4.93173E-02 -3.77041E-02 
4.71666E-02 -3.62988E-02 
4.50119E-02 -3.48595E-02 
4.28693E-02 -3.34004E-02 
4.07478E-02 -3.19303E-02 
3.86318E-02 -3.04303E-02 
3.66049E-02 -2.89823E-02 
3.46047E-02 -2.75345E-02 
3.26419E-02 -2.60969E-02 
3.07287E-02 -2.46802E-02 
2.88818E-02 -2.32996E-02 
2.71349E-02 -2.19838E-02 
2.55767E-02 -2.08065E-02 
2.44529E-02 -1.99710E-02 
2.42792E-02 -1.99046E-02 
2.53733E-02 -2.08778E-02 
2.66650E-02 -2.20183E-02 
2.66525E-02 -2.20834E-02 
5.92636E-02 -4.45732E-02 
5.72406E-02 -4.33546E-02 
5.43934E-02 -4.14042E-02 
5.24666E-02 -4.01942E-02 
5.05019E-02 -3.89290E-02 
4.85283E-02 -3.76314E-02 
4.65518E-02 -3.63065E-02 
4.50275E-02 -3.52690E-02 
4.45824E-02 -3.49634E-02 
4.24494E-02 -3.34816E-02 
4.03132E-02 -3.19709E-02 
3.82021E-02 -3.04553E-02 
3.61332E-02 -2.89503E-02 
3.41043E-02 -2.74495E-02 
3.21677E-02 -2.60071E-02 
3.02719E-02 -2.45806E-02 
2.84251E-02 -2.31776E-02 
2.66369E-02 -2.18072E-02 
2.49216E-02 -2.04823E-02 
2.33074E-02 -1.92276E-02 
2.18689E-02 -1.81063E-02 
2.08131E-02 -1.72924E-02 
2.05720E-02 -1.71496E-02 
2.14024E-02 -1.78999E-02 
2.23909E-02 -1.87855E-02 
2.22799E-02 -1.87493E-02 
5.46588E-02 -4.23052E-02 
5.25315E-02 -4.09029E-02 
4.97732E-02 -3.89274E-02 
4.78186E-02 -3.76053E-02 
4.58293E-02 -3.62331E-02 
4.38486E-02 -3.48462E-02 
4.18868E-02 -3.34532E-02 
4.03634E-02 -3.23567E-02 
3.99173E-02 -3.20333E-02 
3.78067E-02 -3.04906E-02 
3.57414E-02 -2.89625E-02 
3.37223E-02 -2.74514E-02 
3.17523E-02 -2.59608E-02 
2.98369E-02 -2.44924E-02 
2.80112E-02 -2.30841E-02 
2.62361E-02 -2.17033E-02 
2.45194E-02 -2.03576E-02 
2.28693E-02 -1.90548E-02 
2.12968E-02 -1.78054E-02 
1.98249E-02 -1.66295E-02 
1.85151E-02 -1.55806E-02 
1.75399E-02 -1.48055E-02 
1.72570E-02 -1.46102E-02 
1.78715E-02 -1.51740E-02 
1.86115E-02 -1.58464E-02 
1.84345E-02 -1.57382E-02 
4.98823E-02 -3.96059E-02 
4.77383E-02 -3.81001E-02 
4.50949E-02 -3.61332E-02 
4.31289E-02 -3.47232E-02 
4.11683E-02 -3.32984E-02 
3.92192E-02 -3.18641E-02 
3.72924E-02 -3.04302E-02 
3.58135E-02 -2.93185E-02 
3.53832E-02 -2.89932E-02 
3.33561E-02 -2.74511E-02 
3.13789E-02 -2.59316E-02 
2.94627E-02 -2.44454E-02 
2.76081E-02 -2.29944E-02 
2.58253E-02 -2.15850E-02 
2.41322E-02 -2.02394E-02 
2.24973E-02 -1.89310E-02 
2.09268E-02 -1.76662E-02 
1.94269E-02 -1.64509E-02 
1.80060E-02 -1.52937E-02 
1.66827E-02 -1.42109E-02 
1.55072E-02 -1.32469E-02 
1.46214E-02 -1.25243E-02 
1.43182E-02 -1.22969E-02 
1.47588E-02 -1.27077E-02 
1.52981E-02 -1.32047E-02 
1.50819E-02 -1.30493E-02 
4.50321E-02 -3.65799E-02 
4.29081E-02 -3.50117E-02 
4.04147E-02 -3.30951E-02 
3.84961E-02 -3.16558E-02 
3.65812E-02 -3.02031E-02 
3.46861E-02 -2.87511E-02 
3.28270E-02 -2.73136E-02 
3.14170E-02 -2.62149E-02 
3.10108E-02 -2.58971E-02 
2.91099E-02 -2.44025E-02 
2.72596E-02 -2.29352E-02 
2.54625E-02 -2.14983E-02 
2.37354E-02 -2.01073E-02 
2.20982E-02 -1.87782E-02 
2.05521E-02 -1.75172E-02 
1.90699E-02 -1.63013E-02 
1.76550E-02 -1.51345E-02 
1.63117E-02 -1.40212E-02 
1.50466E-02 -1.29680E-02 
1.38740E-02 -1.19880E-02 
1.28346E-02 -1.11174E-02 
1.20434E-02 -1.04572E-02 
1.17371E-02 -1.02151E-02 
1.20404E-02 -1.05027E-02 
1.24208E-02 -1.08582E-02 
1.21866E-02 -1.06762E-02 
4.01733E-02 -3.33074E-02 
3.81224E-02 -3.17324E-02 
3.57881E-02 -2.98860E-02 
3.39396E-02 -2.84472E-02 
3.21201E-02 -2.70186E-02 
3.03167E-02 -2.55901E-02 
2.85584E-02 -2.41869E-02 
2.72384E-02 -2.31271E-02 
2.68589E-02 -2.28214E-02 
2.50905E-02 -2.13908E-02 
2.33793E-02 -1.99962E-02 
2.17323E-02 -1.86449E-02 
2.01600E-02 -1.73471E-02 
1.86802E-02 -1.61175E-02 
1.72886E-02 -1.49565E-02 
1.59637E-02 -1.38457E-02 
1.47073E-02 -1.27877E-02 
1.35218E-02 -1.17852E-02 
1.24118E-02 -1.08429E-02 
1.13882E-02 -9.97106E-03 
1.04831E-02 -9.19867E-03 
9.78841E-03 -8.60731E-03 
9.49258E-03 -8.36434E-03 
9.69002E-03 -8.55536E-03 
9.94700E-03 -8.79927E-03 
9.71145E-03 -8.60709E-03 
3.53735E-02 -2.98729E-02 
3.34223E-02 -2.83251E-02 
3.12764E-02 -2.65852E-02 
2.95254E-02 -2.51796E-02 
2.78189E-02 -2.38002E-02 
2.61473E-02 -2.24395E-02 
2.45197E-02 -2.11056E-02 
2.33018E-02 -2.01023E-02 
2.29532E-02 -1.98144E-02 
2.13330E-02 -1.84709E-02 
1.97741E-02 -1.71702E-02 
1.82854E-02 -1.59208E-02 
1.68767E-02 -1.47327E-02 
1.55650E-02 -1.36204E-02 
1.43360E-02 -1.25743E-02 
1.31718E-02 -1.15792E-02 
1.20741E-02 -1.06374E-02 
1.10449E-02 -9.75105E-03 
1.00869E-02 -8.92343E-03 
9.20810E-03 -8.16209E-03 
8.43326E-03 -7.48961E-03 
7.83443E-03 -6.97074E-03 
7.55909E-03 -6.73792E-03 
7.67718E-03 -6.85520E-03 
7.84079E-03 -7.01325E-03 
7.61623E-03 -6.82372E-03 
3.07461E-02 -2.63961E-02 
2.89199E-02 -2.49078E-02 
2.69714E-02 -2.32936E-02 
2.53510E-02 -2.19595E-02 
2.37717E-02 -2.06511E-02 
2.22455E-02 -1.93794E-02 
2.07691E-02 -1.81420E-02 
1.96691E-02 -1.72159E-02 
1.93552E-02 -1.69509E-02 
1.78950E-02 -1.57143E-02 
1.64972E-02 -1.45239E-02 
1.51754E-02 -1.33927E-02 
1.39366E-02 -1.23279E-02 
1.27906E-02 -1.13384E-02 
1.17208E-02 -1.04115E-02 
1.07138E-02 -9.53580E-03 
9.77031E-03 -8.71268E-03 
8.89118E-03 -7.94333E-03 
8.07786E-03 -7.22960E-03 
7.33576E-03 -6.57678E-03 
6.68351E-03 -6.00207E-03 
6.17658E-03 -5.55588E-03 
5.92846E-03 -5.34115E-03 
5.98973E-03 -5.40467E-03 
6.08550E-03 -5.49932E-03 
5.88037E-03 -5.32171E-03 
2.62977E-02 -2.29164E-02 
2.46174E-02 -2.15154E-02 
2.28781E-02 -2.00469E-02 
2.14063E-02 -1.88085E-02 
1.99770E-02 -1.75992E-02 
1.86063E-02 -1.64336E-02 
1.72885E-02 -1.53074E-02 
1.63136E-02 -1.44707E-02 
1.60355E-02 -1.42315E-02 
1.47461E-02 -1.31191E-02 
1.35214E-02 -1.20572E-02 
1.23736E-02 -1.10578E-02 
1.13021E-02 -1.01211E-02 
1.03176E-02 -9.25699E-03 
9.40356E-03 -8.45228E-03 
8.54941E-03 -7.69793E-03 
7.75468E-03 -6.99403E-03 
7.01892E-03 -6.34064E-03 
6.34245E-03 -5.73846E-03 
5.72861E-03 -5.19089E-03 
5.19095E-03 -4.71058E-03 
4.77118E-03 -4.33581E-03 
4.55464E-03 -4.14475E-03 
4.57670E-03 -4.17043E-03 
4.62458E-03 -4.21958E-03 
4.44436E-03 -4.06031E-03 
2.21157E-02 -1.95326E-02 
2.06014E-02 -1.82450E-02 
1.90666E-02 -1.69274E-02 
1.77578E-02 -1.58055E-02 
1.64912E-02 -1.47144E-02 
1.52823E-02 -1.36681E-02 
1.41295E-02 -1.26659E-02 
1.32785E-02 -1.19232E-02 
1.30371E-02 -1.17121E-02 
1.19241E-02 -1.07361E-02 
1.08733E-02 -9.81059E-03 
9.89275E-03 -8.94349E-03 
8.98474E-03 -8.13765E-03 
8.15777E-03 -7.40119E-03 
7.39441E-03 -6.71945E-03 
6.68551E-03 -6.08457E-03 
6.03024E-03 -5.49624E-03 
5.42755E-03 -4.95387E-03 
4.87692E-03 -4.45731E-03 
4.38014E-03 -4.00850E-03 
3.94667E-03 -3.61639E-03 
3.60704E-03 -3.30925E-03 
3.42388E-03 -3.14497E-03 
3.42101E-03 -3.14600E-03 
3.43724E-03 -3.16451E-03 
3.28457E-03 -3.02730E-03 
1.82481E-02 -1.63120E-02 
1.69157E-02 -1.51602E-02 
1.55842E-02 -1.40001E-02 
1.44410E-02 -1.30043E-02 
1.33433E-02 -1.20439E-02 
1.22978E-02 -1.11251E-02 
1.13097E-02 -1.02532E-02 
1.05826E-02 -9.60925E-03 
1.03771E-02 -9.42687E-03 
9.43602E-03 -8.58978E-03 
8.55475E-03 -7.80263E-03 
7.73606E-03 -7.06864E-03 
6.98365E-03 -6.39185E-03 
6.30421E-03 -5.77879E-03 
5.68136E-03 -5.21532E-03 
5.10697E-03 -4.69439E-03 
4.57958E-03 -4.21499E-03 
4.09778E-03 -3.77614E-03 
3.66048E-03 -3.37711E-03 
3.26830E-03 -3.01868E-03 
2.92753E-03 -2.70689E-03 
2.65984E-03 -2.46197E-03 
2.50989E-03 -2.32555E-03 
2.49299E-03 -2.31220E-03 
2.49002E-03 -2.31169E-03 
2.36536E-03 -2.19804E-03 
1.47450E-02 -1.33230E-02 
1.35974E-02 -1.23168E-02 
1.24629E-02 -1.13155E-02 
1.14835E-02 -1.04505E-02 
1.05522E-02 -9.62455E-03 
9.66903E-03 -8.83802E-03 
8.84082E-03 -8.09757E-03 
8.23366E-03 -7.55285E-03 
8.06207E-03 -7.39860E-03 
7.28354E-03 -6.69724E-03 
6.56234E-03 -6.04511E-03 
5.89751E-03 -5.44179E-03 
5.28949E-03 -4.88826E-03 
4.74507E-03 -4.39121E-03 
4.24975E-03 -3.93786E-03 
3.79651E-03 -3.52208E-03 
3.38346E-03 -3.14239E-03 
3.00886E-03 -2.79743E-03 
2.67123E-03 -2.48601E-03 
2.37036E-03 -2.20811E-03 
2.11013E-03 -1.96751E-03 
1.90536E-03 -1.77817E-03 
1.78684E-03 -1.66901E-03 
1.76385E-03 -1.64892E-03 
1.75086E-03 -1.63812E-03 
1.65292E-03 -1.54772E-03 
1.16405E-02 -1.06185E-02 
1.06683E-02 -9.75543E-03 
9.72360E-03 -8.91217E-03 
8.90223E-03 -8.17798E-03 
8.13067E-03 -7.48561E-03 
7.40125E-03 -6.82845E-03 
6.72314E-03 -6.21524E-03 
6.23027E-03 -5.76807E-03 
6.09101E-03 -5.64149E-03 
5.46182E-03 -5.06831E-03 
4.88695E-03 -4.54276E-03 
4.36313E-03 -4.06226E-03 
3.88635E-03 -3.62353E-03 
3.46242E-03 -3.23237E-03 
3.07988E-03 -2.87857E-03 
2.73312E-03 -2.55718E-03 
2.41983E-03 -2.26625E-03 
2.13792E-03 -2.00405E-03 
1.88570E-03 -1.76912E-03 
1.66245E-03 -1.56093E-03 
1.47035E-03 -1.38162E-03 
1.31907E-03 -1.24038E-03 
1.22901E-03 -1.15652E-03 
1.20534E-03 -1.13504E-03 
1.18872E-03 -1.12014E-03 
1.11498E-03 -1.05133E-03 
8.95373E-03 -8.23538E-03 
8.14820E-03 -7.51271E-03 
7.37881E-03 -6.81925E-03 
6.70587E-03 -6.21146E-03 
6.08028E-03 -5.64438E-03 
5.49478E-03 -5.11160E-03 
4.95274E-03 -4.61657E-03 
4.56403E-03 -4.26046E-03 
4.45442E-03 -4.15986E-03 
3.96144E-03 -3.70639E-03 
3.51614E-03 -3.29537E-03 
3.11462E-03 -2.92352E-03 
2.75346E-03 -2.58802E-03 
2.43546E-03 -2.29185E-03 
2.15059E-03 -2.02591E-03 
1.89457E-03 -1.78642E-03 
1.66542E-03 -1.57168E-03 
1.46108E-03 -1.37989E-03 
1.27978E-03 -1.20952E-03 
1.12052E-03 -1.05970E-03 
9.84276E-04 -9.31426E-04 
8.76996E-04 -8.30395E-04 
8.11578E-04 -7.68887E-04 
7.90566E-04 -7.49385E-04 
7.74406E-04 -7.34451E-04 
7.21475E-04 -6.84594E-04 
6.68376E-03 -6.19070E-03 
6.03359E-03 -5.60221E-03 
5.42014E-03 -5.04460E-03 
4.88458E-03 -4.55665E-03 
4.38906E-03 -4.10354E-03 
3.93210E-03 -3.68418E-03 
3.51279E-03 -3.29801E-03 
3.21469E-03 -3.02262E-03 
3.13126E-03 -2.94541E-03 
2.75806E-03 -2.59927E-03 
2.42530E-03 -2.28959E-03 
2.12846E-03 -2.01241E-03 
1.86477E-03 -1.76542E-03 
1.63551E-03 -1.55013E-03 
1.43261E-03 -1.35914E-03 
1.25229E-03 -1.18908E-03 
1.09244E-03 -1.03805E-03 
9.51212E-04 -9.04434E-04 
8.27048E-04 -7.86820E-04 
7.18875E-04 -6.84256E-04 
6.26935E-04 -5.97022E-04 
5.54628E-04 -5.28393E-04 
5.09631E-04 -4.85720E-04 
4.92952E-04 -4.70003E-04 
4.79508E-04 -4.57350E-04 
4.43641E-04 -4.23284E-04 
4.83807E-03 -4.50618E-03 
4.32467E-03 -4.03800E-03 
3.84748E-03 -3.60121E-03 
3.43103E-03 -3.21900E-03 
3.05007E-03 -2.86815E-03 
2.70326E-03 -2.54764E-03 
2.38855E-03 -2.25579E-03 
2.16734E-03 -2.05004E-03 
2.10595E-03 -1.99284E-03 
1.83389E-03 -1.73882E-03 
1.59439E-03 -1.51442E-03 
1.38381E-03 -1.31645E-03 
1.19969E-03 -1.14279E-03 
1.04207E-03 -9.93751E-04 
9.04353E-04 -8.63220E-04 
7.83569E-04 -7.48499E-04 
6.77827E-04 -6.47894E-04 
5.85469E-04 -5.59899E-04 
5.05100E-04 -4.83243E-04 
4.35725E-04 -4.17015E-04 
3.77196E-04 -3.61105E-04 
3.31275E-04 -3.17224E-04 
3.02228E-04 -2.89473E-04 
2.90284E-04 -2.78086E-04 
2.80414E-04 -2.68677E-04 
2.57674E-04 -2.46923E-04 
3.38394E-03 -3.16425E-03 
2.98909E-03 -2.80202E-03 
2.62626E-03 -2.46802E-03 
2.31247E-03 -2.17837E-03 
2.02790E-03 -1.91479E-03 
1.77319E-03 -1.67814E-03 
1.54468E-03 -1.46510E-03 
1.38657E-03 -1.31728E-03 
1.34318E-03 -1.27666E-03 
1.15233E-03 -1.09755E-03 
9.87329E-04 -9.42170E-04 
8.45475E-04 -8.08137E-04 
7.23836E-04 -6.92815E-04 
6.21414E-04 -5.95447E-04 
5.33474E-04 -5.11639E-04 
4.57574E-04 -4.39149E-04 
3.92138E-04 -3.76539E-04 
3.35779E-04 -3.22539E-04 
2.87339E-04 -2.76076E-04 
2.45977E-04 -2.36371E-04 
2.11385E-04 -2.03146E-04 
1.84354E-04 -1.77173E-04 
1.67060E-04 -1.60549E-04 
1.59418E-04 -1.53196E-04 
1.53036E-04 -1.47051E-04 
1.39782E-04 -1.34299E-04 
2.28590E-03 -2.14171E-03 
1.98991E-03 -1.86896E-03 
1.72140E-03 -1.62075E-03 
1.49157E-03 -1.40770E-03 
1.28585E-03 -1.21640E-03 
1.10436E-03 -1.04715E-03 
9.44887E-04 -8.97978E-04 
8.35995E-04 -7.95853E-04 
8.06482E-04 -7.68132E-04 
6.78659E-04 -6.47837E-04 
5.70708E-04 -5.45901E-04 
4.79947E-04 -4.59902E-04 
4.04282E-04 -3.87965E-04 
3.42100E-04 -3.28672E-04 
2.89863E-04 -2.78726E-04 
2.45746E-04 -2.36445E-04 
2.08468E-04 -2.00650E-04 
1.76928E-04 -1.70320E-04 
1.50230E-04 -1.44619E-04 
1.27724E-04 -1.22937E-04 
1.09093E-04 -1.04980E-04 
9.46229E-05 -9.10272E-05 
8.53250E-05 -8.20525E-05 
8.10638E-05 -7.79223E-05 
7.75159E-05 -7.44779E-05 
7.05629E-05 -6.77640E-05 
1.49570E-03 -1.40071E-03 
1.27939E-03 -1.20081E-03 
1.08617E-03 -1.02173E-03 
9.22622E-04 -8.69762E-04 
7.78637E-04 -7.35595E-04 
6.53659E-04 -6.18863E-04 
5.46406E-04 -5.18449E-04 
4.74337E-04 -4.50821E-04 
4.55106E-04 -4.32755E-04 
3.73230E-04 -3.55709E-04 
3.05982E-04 -2.92237E-04 
2.51330E-04 -2.40490E-04 
2.07230E-04 -1.98593E-04 
1.72162E-04 -1.65177E-04 
1.43608E-04 -1.37891E-04 
1.20206E-04 -1.15470E-04 
1.00949E-04 -9.69828E-05 
8.50258E-05 -8.16717E-05 
7.18060E-05 -6.89466E-05 
6.08325E-05 -5.83773E-05 
5.18548E-05 -4.97276E-05 
4.49447E-05 -4.30674E-05 
4.05445E-05 -3.88182E-05 
3.85740E-05 -3.68988E-05 
3.69729E-05 -3.53346E-05 
3.37668E-05 -3.22403E-05 
9.56200E-04 -8.92420E-04 
8.02257E-04 -7.50017E-04 
6.66821E-04 -6.24425E-04 
5.53841E-04 -5.19406E-04 
4.56177E-04 -4.28442E-04 
3.72886E-04 -3.50739E-04 
3.03028E-04 -2.85486E-04 
2.57119E-04 -2.42542E-04 
2.45024E-04 -2.31221E-04 
1.94551E-04 -1.83930E-04 
1.54610E-04 -1.46438E-04 
1.23273E-04 -1.16948E-04 
9.89871E-05 -9.40288E-05 
8.04874E-05 -7.65267E-05 
6.60602E-05 -6.28419E-05 
5.46752E-05 -5.20166E-05 
4.56312E-05 -4.34004E-05 
3.83773E-05 -3.64799E-05 
3.24949E-05 -3.08631E-05 
2.76925E-05 -2.62764E-05 
2.38078E-05 -2.25664E-05 
2.08542E-05 -1.97451E-05 
1.90423E-05 -1.80098E-05 
1.83613E-05 -1.73473E-05 
1.78551E-05 -1.68520E-05 
1.65578E-05 -1.56129E-05 
6.06732E-04 -5.62494E-04 
4.99812E-04 -4.63713E-04 
4.07339E-04 -3.78120E-04 
3.31463E-04 -3.07764E-04 
2.67069E-04 -2.48003E-04 
2.13065E-04 -1.97871E-04 
1.68640E-04 -1.56647E-04 
1.40075E-04 -1.30144E-04 
1.32622E-04 -1.23230E-04 
1.02200E-04 -9.50197E-05 
7.88731E-05 -7.33885E-05 
6.12535E-05 -5.70380E-05 
4.81991E-05 -4.49141E-05 
3.86536E-05 -3.60388E-05 
3.14885E-05 -2.93659E-05 
2.60398E-05 -2.42837E-05 
2.18758E-05 -2.03970E-05 
1.86333E-05 -1.73688E-05 
1.60541E-05 -1.49601E-05 
1.39665E-05 -1.30107E-05 
1.22812E-05 -1.14379E-05 
1.10137E-05 -1.02556E-05 
1.02988E-05 -9.58920E-06 
1.01673E-05 -9.46684E-06 
1.01169E-05 -9.42102E-06 
9.59237E-06 -8.93441E-06 
3.89652E-04 -3.57737E-04 
3.17147E-04 -2.91014E-04 
2.55423E-04 -2.34163E-04 
2.05680E-04 -1.88316E-04 
1.64097E-04 -1.50023E-04 
1.29632E-04 -1.18341E-04 
1.01529E-04 -9.25714E-05 
8.37236E-05 -7.62854E-05 
7.90923E-05 -7.20543E-05 
6.04519E-05 -5.50625E-05 
4.64498E-05 -4.23324E-05 
3.60727E-05 -3.29110E-05 
2.84815E-05 -2.60218E-05 
2.30117E-05 -2.10568E-05 
1.89854E-05 -1.74002E-05 
1.59731E-05 -1.46631E-05 
1.36753E-05 -1.25731E-05 
1.18800E-05 -1.09387E-05 
1.04401E-05 -9.62658E-06 
9.25729E-06 -8.54761E-06 
8.28691E-06 -7.66171E-06 
7.55422E-06 -6.99323E-06 
7.16891E-06 -6.64482E-06 
7.17084E-06 -6.65476E-06 
7.21813E-06 -6.70675E-06 
6.91277E-06 -6.43066E-06 
2.57794E-04 -2.33835E-04 
2.09429E-04 -1.89646E-04 
1.68845E-04 -1.52589E-04 
1.36753E-04 -1.23318E-04 
1.10056E-04 -9.90459E-05 
8.78751E-05 -7.89569E-05 
6.97032E-05 -6.25793E-05 
5.81249E-05 -5.21916E-05 
5.51004E-05 -4.94831E-05 
4.28377E-05 -3.85338E-05 
3.36292E-05 -3.03476E-05 
2.66930E-05 -2.41845E-05 
2.15133E-05 -1.95736E-05 
1.76919E-05 -1.61608E-05 
1.48219E-05 -1.35888E-05 
1.26206E-05 -1.16083E-05 
1.09030E-05 -1.00570E-05 
9.52921E-06 -8.81126E-06 
8.40240E-06 -7.78572E-06 
7.46063E-06 -6.92581E-06 
6.67797E-06 -6.20945E-06 
6.08047E-06 -5.66236E-06 
5.75902E-06 -5.37051E-06 
5.74569E-06 -5.36517E-06 
5.76572E-06 -5.39066E-06 
5.50242E-06 -5.15074E-06 
---
