PdfType: replica
Format: lhagrid1
---
1.00000E-06 1.28121E-06 1.64152E-06 2.10317E-06 2.69463E-06 3.45242E-06 4.42329E-06 5.66715E-06 7.26076E-06 9.30241E-06 1.19180E-05 1.52689E-05 1.95617E-05 2.50609E-05 3.21053E-05 4.11287E-05 5.26863E-05 6.74889E-05 8.64459E-05 1.10720E-04 1.41800E-04 1.81585E-04 2.32503E-04 2.97652E-04 3.80981E-04 4.87518E-04 6.26039E-04 8.00452E-04 1.02297E-03 1.30657E-03 1.66759E-03 2.12729E-03 2.71054E-03 3.44865E-03 4.37927E-03 5.54908E-03 7.01192E-03 8.83064E-03 1.10763E-02 1.38266E-02 1.71641E-02 2.11717E-02 2.59364E-02 3.15062E-02 3.79623E-02 4.53425E-02 5.36750E-02 6.29705E-02 7.32221E-02 8.44039E-02 9.64793E-02 1.09332E-01 1.23067E-01 1.37507E-01 1.52639E-01 1.68416E-01 1.84794E-01 2.01731E-01 2.19016E-01 2.36948E-01 2.55242E-01 2.73927E-01 2.92954E-01 3.12340E-01 3.32036E-01 3.52019E-01 3.72282E-01 3.92772E-01 4.13533E-01 4.34326E-01 4.55495E-01 4.76836E-01 4.98342E-01 5.20006E-01 5.41818E-01 5.63773E-01 5.85861E-01 6.08077E-01 6.30459E-01 6.52800E-01 6.75387E-01 6.98063E-01 7.20830E-01 7.43683E-01 7.66623E-01 7.89636E-01 8.12791E-01 8.35940E-01 8.59175E-01 8.82485E-01 9.05866E-01 9.29311E-01 9.52817E-01 9.76387E-01 1.00000E+00 
1.14018E+00 1.22539E+00 1.32482E+00 1.44156E+00 1.57954E+00 1.74381E+00 1.94091E+00 2.12132E+00 2.17945E+00 2.49622E+00 2.89383E+00 3.39925E+00 4.05063E+00 4.90286E+00 6.03623E+00 7.57063E+00 9.68869E+00 1.26749E+01 1.69835E+01 2.33578E+01 3.30501E+01 4.82334E+01 7.28041E+01 1.13998E+02 1.85779E+02 3.16228E+02 
908 909 
-2.34439E+02 -9.18513E+01 
-2.38378E+02 -9.36674E+01 
-2.42267E+02 -9.67300E+01 
-2.46154E+02 -9.90428E+01 
-2.50224E+02 -1.01541E+02 
-2.54517E+02 -1.04274E+02 
-2.59088E+02 -1.07302E+02 
-2.62860E+02 -1.09886E+02 
-2.64008E+02 -1.10687E+02 
-2.69811E+02 -1.14819E+02 
-2.76275E+02 -1.19542E+02 
-2.83578E+02 -1.24958E+02 
-2.91939E+02 -1.31169E+02 
-3.04148E+02 -1.38244E+02 
-3.17374E+02 -1.46718E+02 
-3.32818E+02 -1.56318E+02 
-3.50920E+02 -1.67171E+02 
-3.72222E+02 -1.79421E+02 
-3.97445E+02 -1.93255E+02 
-4.27747E+02 -2.09024E+02 
-4.65701E+02 -2.27673E+02 
-5.18511E+02 -2.52200E+02 
-6.04616E+02 -2.90530E+02 
-7.48857E+02 -3.52865E+02 
-9.40883E+02 -4.32631E+02 
-1.13192E+03 -5.06402E+02 
-1.97409E+02 -7.54607E+01 
-2.00659E+02 -7.70776E+01 
-2.03971E+02 -7.98292E+01 
-2.07246E+02 -8.18693E+01 
-2.10686E+02 -8.40701E+01 
-2.14328E+02 -8.64750E+01 
-2.18222E+02 -8.91331E+01 
-2.21449E+02 -9.13975E+01 
-2.22434E+02 -9.20981E+01 
-2.27427E+02 -9.57056E+01 
-2.33015E+02 -9.98140E+01 
-2.39357E+02 -1.04503E+02 
-2.46642E+02 -1.09856E+02 
-2.57173E+02 -1.15796E+02 
-2.68654E+02 -1.22959E+02 
-2.82050E+02 -1.31038E+02 
-2.97733E+02 -1.40130E+02 
-3.16157E+02 -1.50343E+02 
-3.37923E+02 -1.61820E+02 
-3.64004E+02 -1.74836E+02 
-3.96564E+02 -1.90155E+02 
-4.41707E+02 -2.10232E+02 
-5.15085E+02 -2.41563E+02 
-6.37767E+02 -2.92443E+02 
-8.00815E+02 -3.57273E+02 
-9.62575E+02 -4.16689E+02 
-1.65237E+02 -6.27905E+01 
-1.67961E+02 -6.41954E+01 
-1.70849E+02 -6.66054E+01 
-1.73647E+02 -6.83720E+01 
-1.76593E+02 -7.02773E+01 
-1.79721E+02 -7.23585E+01 
-1.83078E+02 -7.46570E+01 
-1.85870E+02 -7.66127E+01 
-1.86723E+02 -7.72173E+01 
-1.91062E+02 -8.03258E+01 
-1.95934E+02 -8.38556E+01 
-2.01480E+02 -8.78705E+01 
-2.07862E+02 -9.24343E+01 
-2.16969E+02 -9.73697E+01 
-2.26954E+02 -1.03371E+02 
-2.38589E+02 -1.10114E+02 
-2.52185E+02 -1.17670E+02 
-2.68122E+02 -1.26119E+02 
-2.86898E+02 -1.35570E+02 
-3.09327E+02 -1.46235E+02 
-3.37229E+02 -1.58732E+02 
-3.75765E+02 -1.75065E+02 
-4.38199E+02 -2.00542E+02 
-5.42370E+02 -2.41875E+02 
-6.80568E+02 -2.94299E+02 
-8.17277E+02 -3.41856E+02 
-1.37886E+02 -5.26699E+01 
-1.40198E+02 -5.38647E+01 
-1.42749E+02 -5.59379E+01 
-1.45165E+02 -5.74427E+01 
-1.47712E+02 -5.90669E+01 
-1.50424E+02 -6.08423E+01 
-1.53343E+02 -6.28033E+01 
-1.55776E+02 -6.44714E+01 
-1.56520E+02 -6.49868E+01 
-1.60313E+02 -6.76346E+01 
-1.64584E+02 -7.06351E+01 
-1.69452E+02 -7.40383E+01 
-1.75059E+02 -7.78933E+01 
-1.82939E+02 -8.19535E+01 
-1.91627E+02 -8.69412E+01 
-2.01731E+02 -9.25241E+01 
-2.13511E+02 -9.87559E+01 
-2.27282E+02 -1.05695E+02 
-2.43459E+02 -1.13419E+02 
-2.62719E+02 -1.22095E+02 
-2.86591E+02 -1.32218E+02 
-3.19432E+02 -1.45416E+02 
-3.72469E+02 -1.66008E+02 
-4.60782E+02 -1.99394E+02 
-5.77717E+02 -2.41528E+02 
-6.93029E+02 -2.79317E+02 
-1.14964E+02 -4.43411E+01 
-1.16943E+02 -4.53392E+01 
-1.19208E+02 -4.71013E+01 
-1.21307E+02 -4.83651E+01 
-1.23522E+02 -4.97318E+01 
-1.25885E+02 -5.12281E+01 
-1.28434E+02 -5.28827E+01 
-1.30562E+02 -5.42906E+01 
-1.31215E+02 -5.47256E+01 
-1.34541E+02 -5.69591E+01 
-1.38291E+02 -5.94865E+01 
-1.42571E+02 -6.23464E+01 
-1.47499E+02 -6.55759E+01 
-1.54311E+02 -6.88854E+01 
-1.61864E+02 -7.29993E+01 
-1.70626E+02 -7.75885E+01 
-1.80816E+02 -8.26912E+01 
-1.92695E+02 -8.83484E+01 
-2.06605E+02 -9.46170E+01 
-2.23110E+02 -1.01623E+02 
-2.43491E+02 -1.09763E+02 
-2.71424E+02 -1.20352E+02 
-3.16401E+02 -1.36881E+02 
-3.91148E+02 -1.63668E+02 
-4.89919E+02 -1.97292E+02 
-5.86982E+02 -2.27071E+02 
-9.59097E+01 -3.73348E+01 
-9.76101E+01 -3.81561E+01 
-9.96221E+01 -3.96423E+01 
-1.01449E+02 -4.06913E+01 
-1.03381E+02 -4.18289E+01 
-1.05444E+02 -4.30776E+01 
-1.07672E+02 -4.44607E+01 
-1.09537E+02 -4.56387E+01 
-1.10108E+02 -4.60027E+01 
-1.13026E+02 -4.78715E+01 
-1.16320E+02 -4.99838E+01 
-1.20079E+02 -5.23690E+01 
-1.24405E+02 -5.50547E+01 
-1.30283E+02 -5.77285E+01 
-1.36834E+02 -6.10978E+01 
-1.44417E+02 -6.48438E+01 
-1.53211E+02 -6.89929E+01 
-1.63433E+02 -7.35725E+01 
-1.75364E+02 -7.86225E+01 
-1.89473E+02 -8.42380E+01 
-2.06831E+02 -9.07315E+01 
-2.30538E+02 -9.91601E+01 
-2.68607E+02 -1.12327E+02 
-3.31761E+02 -1.33654E+02 
-4.15032E+02 -1.60269E+02 
-4.96552E+02 -1.83510E+02 
-8.01248E+01 -3.13651E+01 
-8.15877E+01 -3.20325E+01 
-8.33690E+01 -3.32796E+01 
-8.49600E+01 -3.41416E+01 
-8.66435E+01 -3.50800E+01 
-8.84436E+01 -3.61133E+01 
-9.03910E+01 -3.72607E+01 
-9.20222E+01 -3.82390E+01 
-9.25228E+01 -3.85415E+01 
-9.50791E+01 -4.00941E+01 
-9.79667E+01 -4.18473E+01 
-1.01262E+02 -4.38232E+01 
-1.05051E+02 -4.60413E+01 
-1.10108E+02 -4.81823E+01 
-1.15776E+02 -5.09231E+01 
-1.22320E+02 -5.39598E+01 
-1.29889E+02 -5.73098E+01 
-1.38659E+02 -6.09902E+01 
-1.48865E+02 -6.50275E+01 
-1.60891E+02 -6.94921E+01 
-1.75636E+02 -7.46287E+01 
-1.95706E+02 -8.12793E+01 
-2.27861E+02 -9.16769E+01 
-2.81117E+02 -1.08508E+02 
-3.51177E+02 -1.29375E+02 
-4.19481E+02 -1.47311E+02 
-6.70493E+01 -2.62522E+01 
-6.83066E+01 -2.67887E+01 
-6.98771E+01 -2.78314E+01 
-7.12600E+01 -2.85335E+01 
-7.27243E+01 -2.93014E+01 
-7.42920E+01 -3.01503E+01 
-7.59902E+01 -3.10956E+01 
-7.74144E+01 -3.19028E+01 
-7.78517E+01 -3.21525E+01 
-8.00859E+01 -3.34340E+01 
-8.26108E+01 -3.48800E+01 
-8.54910E+01 -3.65060E+01 
-8.87998E+01 -3.83260E+01 
-9.31376E+01 -4.00242E+01 
-9.80257E+01 -4.22381E+01 
-1.03656E+02 -4.46825E+01 
-1.10150E+02 -4.73673E+01 
-1.17653E+02 -5.03022E+01 
-1.26355E+02 -5.35033E+01 
-1.36576E+02 -5.70214E+01 
-1.49065E+02 -6.10462E+01 
-1.66013E+02 -6.62418E+01 
-1.93110E+02 -7.43705E+01 
-2.37923E+02 -8.75187E+01 
-2.96737E+02 -1.03700E+02 
-3.53821E+02 -1.17355E+02 
-5.61956E+01 -2.18739E+01 
-5.72737E+01 -2.23007E+01 
-5.86526E+01 -2.31699E+01 
-5.98511E+01 -2.37369E+01 
-6.11212E+01 -2.43606E+01 
-6.24826E+01 -2.50532E+01 
-6.39594E+01 -2.58269E+01 
-6.51992E+01 -2.64887E+01 
-6.55801E+01 -2.66935E+01 
-6.75271E+01 -2.77448E+01 
-6.97282E+01 -2.89296E+01 
-7.22379E+01 -3.02590E+01 
-7.51176E+01 -3.17420E+01 
-7.88255E+01 -3.30747E+01 
-8.30275E+01 -3.48500E+01 
-8.78555E+01 -3.68024E+01 
-9.34094E+01 -3.89369E+01 
-9.98073E+01 -4.12572E+01 
-1.07205E+02 -4.37717E+01 
-1.15865E+02 -4.65161E+01 
-1.26411E+02 -4.96351E+01 
-1.40682E+02 -5.36470E+01 
-1.63461E+02 -5.99275E+01 
-2.01083E+02 -7.00762E+01 
-2.50335E+02 -8.24590E+01 
-2.97913E+02 -9.26836E+01 
-4.71584E+01 -1.81372E+01 
-4.80798E+01 -1.84732E+01 
-4.92860E+01 -1.91950E+01 
-5.03212E+01 -1.96490E+01 
-5.14192E+01 -2.01517E+01 
-5.25978E+01 -2.07128E+01 
-5.38780E+01 -2.13419E+01 
-5.49539E+01 -2.18810E+01 
-5.52847E+01 -2.20479E+01 
-5.69761E+01 -2.29044E+01 
-5.88886E+01 -2.38686E+01 
-6.10681E+01 -2.49478E+01 
-6.35659E+01 -2.61472E+01 
-6.67243E+01 -2.71800E+01 
-7.03244E+01 -2.85920E+01 
-7.44509E+01 -3.01383E+01 
-7.91852E+01 -3.18197E+01 
-8.46232E+01 -3.36360E+01 
-9.08914E+01 -3.55901E+01 
-9.82049E+01 -3.77055E+01 
-1.07083E+02 -4.00909E+01 
-1.19065E+02 -4.31458E+01 
-1.38164E+02 -4.79302E+01 
-1.69668E+02 -5.56509E+01 
-2.10806E+02 -6.49752E+01 
-2.50346E+02 -7.24712E+01 
-3.96081E+01 -1.49635E+01 
-4.03929E+01 -1.52251E+01 
-4.14451E+01 -1.58213E+01 
-4.23360E+01 -1.61813E+01 
-4.32820E+01 -1.65831E+01 
-4.42989E+01 -1.70343E+01 
-4.54052E+01 -1.75420E+01 
-4.63360E+01 -1.79779E+01 
-4.66223E+01 -1.81128E+01 
-4.80869E+01 -1.88056E+01 
-4.97433E+01 -1.95843E+01 
-5.16299E+01 -2.04532E+01 
-5.37890E+01 -2.14151E+01 
-5.64698E+01 -2.22033E+01 
-5.95438E+01 -2.33158E+01 
-6.30590E+01 -2.45283E+01 
-6.70812E+01 -2.58388E+01 
-7.16880E+01 -2.72441E+01 
-7.69817E+01 -2.87431E+01 
-8.31381E+01 -3.03502E+01 
-9.05876E+01 -3.21453E+01 
-1.00618E+02 -3.44314E+01 
-1.16585E+02 -3.80127E+01 
-1.42895E+02 -4.37814E+01 
-1.77160E+02 -5.06604E+01 
-2.09919E+02 -5.60037E+01 
-3.32806E+01 -1.22822E+01 
-3.39467E+01 -1.24831E+01 
-3.48627E+01 -1.29719E+01 
-3.56265E+01 -1.32542E+01 
-3.64389E+01 -1.35722E+01 
-3.73135E+01 -1.39316E+01 
-3.82665E+01 -1.43379E+01 
-3.90693E+01 -1.46872E+01 
-3.93163E+01 -1.47955E+01 
-4.05806E+01 -1.53509E+01 
-4.20106E+01 -1.59740E+01 
-4.36382E+01 -1.66672E+01 
-4.54981E+01 -1.74309E+01 
-4.77655E+01 -1.80208E+01 
-5.03814E+01 -1.88877E+01 
-5.33657E+01 -1.98271E+01 
-5.67716E+01 -2.08355E+01 
-6.06612E+01 -2.19074E+01 
-6.51168E+01 -2.30391E+01 
-7.02818E+01 -2.42381E+01 
-7.65122E+01 -2.55614E+01 
-8.48817E+01 -2.72343E+01 
-9.81910E+01 -2.98550E+01 
-1.20100E+02 -3.40661E+01 
-1.48553E+02 -3.90055E+01 
-1.75605E+02 -4.26663E+01 
-2.79650E+01 -1.00282E+01 
-2.85283E+01 -1.01798E+01 
-2.93246E+01 -1.05765E+01 
-2.99773E+01 -1.07948E+01 
-3.06725E+01 -1.10434E+01 
-3.14224E+01 -1.13266E+01 
-3.22408E+01 -1.16482E+01 
-3.29311E+01 -1.19254E+01 
-3.31437E+01 -1.20113E+01 
-3.42318E+01 -1.24519E+01 
-3.54624E+01 -1.29452E+01 
-3.68620E+01 -1.34919E+01 
-3.84588E+01 -1.40912E+01 
-4.03694E+01 -1.45212E+01 
-4.25879E+01 -1.51877E+01 
-4.51130E+01 -1.59052E+01 
-4.79871E+01 -1.66687E+01 
-5.12600E+01 -1.74720E+01 
-5.49974E+01 -1.83091E+01 
-5.93156E+01 -1.91827E+01 
-6.45085E+01 -2.01318E+01 
-7.14687E+01 -2.13196E+01 
-8.25274E+01 -2.31797E+01 
-1.00715E+02 -2.61580E+01 
-1.24267E+02 -2.95727E+01 
-1.46528E+02 -3.19328E+01 
-2.34919E+01 -8.14187E+00 
-2.39667E+01 -8.25376E+00 
-2.46583E+01 -8.57104E+00 
-2.52140E+01 -8.73684E+00 
-2.58071E+01 -8.92827E+00 
-2.64481E+01 -9.14837E+00 
-2.71490E+01 -9.39966E+00 
-2.77408E+01 -9.61672E+00 
-2.79231E+01 -9.68403E+00 
-2.88567E+01 -1.00291E+01 
-2.99124E+01 -1.04145E+01 
-3.11119E+01 -1.08398E+01 
-3.24781E+01 -1.13031E+01 
-3.40821E+01 -1.16054E+01 
-3.59571E+01 -1.21093E+01 
-3.80862E+01 -1.26474E+01 
-4.05033E+01 -1.32140E+01 
-4.32475E+01 -1.38021E+01 
-4.63713E+01 -1.44049E+01 
-4.99687E+01 -1.50211E+01 
-5.42812E+01 -1.56761E+01 
-6.00490E+01 -1.64836E+01 
-6.92067E+01 -1.77471E+01 
-8.42543E+01 -1.97589E+01 
-1.03684E+02 -2.19874E+01 
-1.21933E+02 -2.33551E+01 
-1.97241E+01 -6.56932E+00 
-2.01229E+01 -6.64925E+00 
-2.07232E+01 -6.89801E+00 
-2.11947E+01 -7.02100E+00 
-2.16991E+01 -7.16549E+00 
-2.22453E+01 -7.33351E+00 
-2.28437E+01 -7.52661E+00 
-2.33496E+01 -7.69387E+00 
-2.35055E+01 -7.74575E+00 
-2.43040E+01 -8.01164E+00 
-2.52068E+01 -8.30782E+00 
-2.62314E+01 -8.63297E+00 
-2.73962E+01 -8.98476E+00 
-2.87373E+01 -9.18590E+00 
-3.03164E+01 -9.55873E+00 
-3.21053E+01 -9.95278E+00 
-3.41306E+01 -1.03621E+01 
-3.64232E+01 -1.07794E+01 
-3.90245E+01 -1.11973E+01 
-4.20100E+01 -1.16120E+01 
-4.55779E+01 -1.20382E+01 
-5.03397E+01 -1.25510E+01 
-5.78958E+01 -1.33515E+01 
-7.03017E+01 -1.46140E+01 
-8.62705E+01 -1.59312E+01 
-1.01172E+02 -1.65538E+01 
-1.65491E+01 -5.26249E+00 
-1.68828E+01 -5.31692E+00 
-1.74037E+01 -5.50654E+00 
-1.78023E+01 -5.59483E+00 
-1.82298E+01 -5.70099E+00 
-1.86939E+01 -5.82627E+00 
-1.92032E+01 -5.97146E+00 
-1.96343E+01 -6.09766E+00 
-1.97672E+01 -6.13685E+00 
-2.04480E+01 -6.33751E+00 
-2.12174E+01 -6.56033E+00 
-2.20895E+01 -6.80350E+00 
-2.30789E+01 -7.06436E+00 
-2.41956E+01 -7.18631E+00 
-2.55205E+01 -7.45439E+00 
-2.70179E+01 -7.73382E+00 
-2.87086E+01 -8.01860E+00 
-3.06166E+01 -8.30158E+00 
-3.27742E+01 -8.57515E+00 
-3.52421E+01 -8.83399E+00 
-3.81819E+01 -9.08443E+00 
-4.20975E+01 -9.37190E+00 
-4.83080E+01 -9.81788E+00 
-5.84969E+01 -1.05071E+01 
-7.15695E+01 -1.11346E+01 
-8.36839E+01 -1.12092E+01 
-1.38737E+01 -4.17948E+00 
-1.41521E+01 -4.21372E+00 
-1.46036E+01 -4.35237E+00 
-1.49394E+01 -4.41275E+00 
-1.53005E+01 -4.48785E+00 
-1.56935E+01 -4.57829E+00 
-1.61256E+01 -4.68431E+00 
-1.64918E+01 -4.77691E+00 
-1.66047E+01 -4.80569E+00 
-1.71832E+01 -4.95302E+00 
-1.78365E+01 -5.11602E+00 
-1.85760E+01 -5.29261E+00 
-1.94131E+01 -5.48001E+00 
-2.03386E+01 -5.54089E+00 
-2.14460E+01 -5.72601E+00 
-2.26945E+01 -5.91511E+00 
-2.41002E+01 -6.10237E+00 
-2.56816E+01 -6.28093E+00 
-2.74638E+01 -6.44333E+00 
-2.94951E+01 -6.58319E+00 
-3.19069E+01 -6.70086E+00 
-3.51127E+01 -6.81885E+00 
-4.01960E+01 -6.99782E+00 
-4.85294E+01 -7.25588E+00 
-5.91850E+01 -7.37122E+00 
-6.89867E+01 -7.05386E+00 
-1.16202E+01 -3.28416E+00 
-1.18514E+01 -3.30260E+00 
-1.22425E+01 -3.39747E+00 
-1.25242E+01 -3.43565E+00 
-1.28281E+01 -3.48581E+00 
-1.31597E+01 -3.54810E+00 
-1.35251E+01 -3.62236E+00 
-1.38349E+01 -3.68771E+00 
-1.39305E+01 -3.70805E+00 
-1.44202E+01 -3.81218E+00 
-1.49729E+01 -3.92686E+00 
-1.55973E+01 -4.04991E+00 
-1.63026E+01 -4.17858E+00 
-1.70657E+01 -4.19328E+00 
-1.79874E+01 -4.31345E+00 
-1.90240E+01 -4.43222E+00 
-2.01878E+01 -4.54409E+00 
-2.14928E+01 -4.64263E+00 
-2.29584E+01 -4.72073E+00 
-2.46226E+01 -4.77147E+00 
-2.65919E+01 -4.79085E+00 
-2.92044E+01 -4.78411E+00 
-3.33459E+01 -4.76621E+00 
-4.01310E+01 -4.70678E+00 
-4.87756E+01 -4.45147E+00 
-5.66646E+01 -3.86436E+00 
-9.72300E+00 -2.54583E+00 
-9.91423E+00 -2.55208E+00 
-1.02526E+01 -2.60957E+00 
-1.04879E+01 -2.63032E+00 
-1.07425E+01 -2.66069E+00 
-1.10212E+01 -2.70051E+00 
-1.13289E+01 -2.74933E+00 
-1.15901E+01 -2.79280E+00 
-1.16706E+01 -2.80638E+00 
-1.20835E+01 -2.87591E+00 
-1.25489E+01 -2.95202E+00 
-1.30739E+01 -3.03255E+00 
-1.36653E+01 -3.11488E+00 
-1.42911E+01 -3.09554E+00 
-1.50548E+01 -3.16556E+00 
-1.59116E+01 -3.23038E+00 
-1.68707E+01 -3.28491E+00 
-1.79425E+01 -3.32324E+00 
-1.91418E+01 -3.33871E+00 
-2.04985E+01 -3.32424E+00 
-2.20982E+01 -3.27280E+00 
-2.42162E+01 -3.17694E+00 
-2.75736E+01 -3.01796E+00 
-3.30705E+01 -2.73147E+00 
-4.00471E+01 -2.21720E+00 
-4.63596E+01 -1.45525E+00 
-8.12675E+00 -1.93863E+00 
-8.28416E+00 -1.93568E+00 
-8.57630E+00 -1.96146E+00 
-8.77182E+00 -1.96879E+00 
-8.98425E+00 -1.98372E+00 
-9.21743E+00 -2.00586E+00 
-9.47535E+00 -2.03457E+00 
-9.69451E+00 -2.06076E+00 
-9.76213E+00 -2.06899E+00 
-1.01085E+01 -2.11120E+00 
-1.04986E+01 -2.15698E+00 
-1.09378E+01 -2.20426E+00 
-1.14313E+01 -2.25059E+00 
-1.19411E+01 -2.20705E+00 
-1.25709E+01 -2.23902E+00 
-1.32756E+01 -2.26323E+00 
-1.40621E+01 -2.27503E+00 
-1.49379E+01 -2.26908E+00 
-1.59141E+01 -2.23928E+00 
-1.70139E+01 -2.17862E+00 
-1.83061E+01 -2.07807E+00 
-2.00134E+01 -1.92113E+00 
-2.27201E+01 -1.66511E+00 
-2.71488E+01 -1.22286E+00 
-3.27465E+01 -5.37014E-01 
-3.77645E+01 3.26993E-01 
-6.78443E+00 -1.44085E+00 
-6.91330E+00 -1.43113E+00 
-7.16487E+00 -1.43032E+00 
-7.32641E+00 -1.42757E+00 
-7.50267E+00 -1.43070E+00 
-7.69675E+00 -1.43920E+00 
-7.91187E+00 -1.45233E+00 
-8.09482E+00 -1.46509E+00 
-8.15127E+00 -1.46917E+00 
-8.44039E+00 -1.49020E+00 
-8.76563E+00 -1.51257E+00 
-9.13102E+00 -1.53433E+00 
-9.54047E+00 -1.55324E+00 
-9.95287E+00 -1.49342E+00 
-1.04695E+01 -1.49714E+00 
-1.10460E+01 -1.49150E+00 
-1.16873E+01 -1.47231E+00 
-1.23990E+01 -1.43481E+00 
-1.31889E+01 -1.37350E+00 
-1.40751E+01 -1.28162E+00 
-1.51123E+01 -1.14894E+00 
-1.64798E+01 -9.52775E-01 
-1.86483E+01 -6.34090E-01 
-2.21941E+01 -9.17739E-02 
-2.66561E+01 6.98054E-01 
-3.06153E+01 1.60915E+00 
-5.65634E+00 -1.03443E+00 
-5.76118E+00 -1.01993E+00 
-5.97702E+00 -9.97135E-01 
-6.10961E+00 -9.87062E-01 
-6.25495E+00 -9.81452E-01 
-6.41553E+00 -9.79701E-01 
-6.59389E+00 -9.81045E-01 
-6.74572E+00 -9.83631E-01 
-6.79258E+00 -9.84565E-01 
-7.03247E+00 -9.89556E-01 
-7.30199E+00 -9.94265E-01 
-7.60415E+00 -9.96910E-01 
-7.94180E+00 -9.95477E-01 
-8.27263E+00 -9.25647E-01 
-8.69398E+00 -9.09019E-01 
-9.16286E+00 -8.82137E-01 
-9.68270E+00 -8.41306E-01 
-1.02573E+01 -7.82319E-01 
-1.08924E+01 -7.00273E-01 
-1.16016E+01 -5.88824E-01 
-1.24282E+01 -4.37132E-01 
-1.35157E+01 -2.18581E-01 
-1.52407E+01 1.36230E-01 
-1.80597E+01 7.35667E-01 
-2.15898E+01 1.57787E+00 
-2.46867E+01 2.49533E+00 
-4.70871E+00 -7.04294E-01 
-4.79337E+00 -6.86616E-01 
-4.97768E+00 -6.45988E-01 
-5.08566E+00 -6.30879E-01 
-5.20463E+00 -6.19055E-01 
-5.33657E+00 -6.09884E-01 
-5.48346E+00 -6.02607E-01 
-5.60861E+00 -5.97721E-01 
-5.64725E+00 -5.96343E-01 
-5.84496E+00 -5.89565E-01 
-6.06681E+00 -5.81370E-01 
-6.31499E+00 -5.70155E-01 
-6.59154E+00 -5.54130E-01 
-6.85437E+00 -4.79198E-01 
-7.19582E+00 -4.48491E-01 
-7.57469E+00 -4.07189E-01 
-7.99325E+00 -3.52060E-01 
-8.45396E+00 -2.79443E-01 
-8.96081E+00 -1.85023E-01 
-9.52401E+00 -6.29348E-02 
-1.01775E+01 9.78038E-02 
-1.10352E+01 3.25982E-01 
-1.23963E+01 6.96747E-01 
-1.46192E+01 1.32066E+00 
-1.73879E+01 2.17654E+00 
-1.97859E+01 3.07096E+00 
-3.91300E+00 -4.37876E-01 
-3.98078E+00 -4.18317E-01 
-4.13716E+00 -3.63610E-01 
-4.22429E+00 -3.45329E-01 
-4.32085E+00 -3.29373E-01 
-4.42839E+00 -3.15115E-01 
-4.54841E+00 -3.01830E-01 
-4.65077E+00 -2.91701E-01 
-4.68238E+00 -2.88698E-01 
-4.84409E+00 -2.73651E-01 
-5.02532E+00 -2.56431E-01 
-5.22763E+00 -2.35611E-01 
-5.45240E+00 -2.09616E-01 
-5.65884E+00 -1.33349E-01 
-5.93360E+00 -9.34900E-02 
-6.23753E+00 -4.30925E-02 
-6.57201E+00 2.06348E-02 
-6.93852E+00 1.00838E-01 
-7.33968E+00 2.01268E-01 
-7.78299E+00 3.27267E-01 
-8.29478E+00 4.89620E-01 
-8.96480E+00 7.17954E-01 
-1.00286E+01 1.08963E+00 
-1.17648E+01 1.71366E+00 
-1.39142E+01 2.55485E+00 
-1.57486E+01 3.40572E+00 
-3.24510E+00 -2.24708E-01 
-3.29880E+00 -2.04289E-01 
-3.43038E+00 -1.38908E-01 
-3.49991E+00 -1.18958E-01 
-3.57750E+00 -1.00558E-01 
-3.66431E+00 -8.31135E-02 
-3.76148E+00 -6.59502E-02 
-3.84447E+00 -5.23910E-02 
-3.87010E+00 -4.83199E-02 
-4.00122E+00 -2.78355E-02 
-4.14800E+00 -4.70620E-03 
-4.31151E+00 2.23235E-02 
-4.49266E+00 5.46289E-02 
-4.65261E+00 1.29417E-01 
-4.87195E+00 1.74622E-01 
-5.11379E+00 2.30023E-01 
-5.37882E+00 2.98000E-01 
-5.66779E+00 3.81223E-01 
-5.98226E+00 4.82913E-01 
-6.32764E+00 6.07868E-01 
-6.72408E+00 7.66436E-01 
-7.24156E+00 9.88079E-01 
-8.06370E+00 1.34971E+00 
-9.40443E+00 1.95617E+00 
-1.10526E+01 2.76248E+00 
-1.24352E+01 3.55629E+00 
-2.68466E+00 -5.60393E-02 
-2.72668E+00 -3.55571E-02 
-2.83619E+00 3.74122E-02 
-2.89093E+00 5.78440E-02 
-2.95252E+00 7.73389E-02 
-3.02181E+00 9.64488E-02 
-3.09965E+00 1.15787E-01 
-3.16624E+00 1.31330E-01 
-3.18682E+00 1.36024E-01 
-3.29208E+00 1.59699E-01 
-3.40981E+00 1.86280E-01 
-3.54070E+00 2.16862E-01 
-3.68530E+00 2.52639E-01 
-3.80717E+00 3.23919E-01 
-3.98072E+00 3.71583E-01 
-4.17137E+00 4.28905E-01 
-4.37934E+00 4.97886E-01 
-4.60481E+00 5.80759E-01 
-4.84859E+00 6.80254E-01 
-5.11440E+00 8.00628E-01 
-5.41746E+00 9.51624E-01 
-5.81167E+00 1.16180E+00 
-6.43839E+00 1.50571E+00 
-7.45946E+00 2.08218E+00 
-8.70436E+00 2.83988E+00 
-9.72703E+00 3.56848E+00 
-2.20791E+00 7.72357E-02 
-2.24013E+00 9.71635E-02 
-2.32966E+00 1.74982E-01 
-2.37188E+00 1.94967E-01 
-2.41986E+00 2.14503E-01 
-2.47423E+00 2.34089E-01 
-2.53558E+00 2.54274E-01 
-2.58818E+00 2.70680E-01 
-2.60445E+00 2.75654E-01 
-2.68768E+00 3.00788E-01 
-2.78073E+00 3.28938E-01 
-2.88398E+00 3.61054E-01 
-2.99774E+00 3.98159E-01 
-3.08823E+00 4.64460E-01 
-3.22363E+00 5.12440E-01 
-3.37175E+00 5.69401E-01 
-3.53245E+00 6.36992E-01 
-3.70552E+00 7.17046E-01 
-3.89117E+00 8.11836E-01 
-4.09185E+00 9.25087E-01 
-4.31877E+00 1.06582E+00 
-4.61260E+00 1.26115E+00 
-5.08008E+00 1.58183E+00 
-5.84077E+00 2.11938E+00 
-6.75873E+00 2.81889E+00 
-7.49296E+00 3.47715E+00 
-1.81497E+00 1.77227E-01 
-1.83929E+00 1.96161E-01 
-1.91127E+00 2.76222E-01 
-1.94329E+00 2.95085E-01 
-1.98014E+00 3.13870E-01 
-2.02227E+00 3.33024E-01 
-2.07008E+00 3.53033E-01 
-2.11121E+00 3.69433E-01 
-2.12394E+00 3.74421E-01 
-2.18913E+00 3.99677E-01 
-2.26200E+00 4.27955E-01 
-2.34274E+00 4.60072E-01 
-2.43144E+00 4.96901E-01 
-2.49710E+00 5.57435E-01 
-2.60191E+00 6.04193E-01 
-2.71600E+00 6.59185E-01 
-2.83898E+00 7.23752E-01 
-2.97040E+00 7.99371E-01 
-3.11005E+00 8.87912E-01 
-3.25941E+00 9.92601E-01 
-3.42656E+00 1.12168E+00 
-3.64176E+00 1.30052E+00 
-3.98435E+00 1.59521E+00 
-4.54088E+00 2.08942E+00 
-5.20386E+00 2.72687E+00 
-5.71599E+00 3.31494E+00 
-1.48561E+00 2.51461E-01 
-1.50348E+00 2.69094E-01 
-1.55977E+00 3.49152E-01 
-1.58341E+00 3.66423E-01 
-1.61109E+00 3.83901E-01 
-1.64309E+00 4.01982E-01 
-1.67970E+00 4.21094E-01 
-1.71133E+00 4.36879E-01 
-1.72114E+00 4.41695E-01 
-1.77142E+00 4.66140E-01 
-1.82765E+00 4.93543E-01 
-1.88988E+00 5.24604E-01 
-1.95807E+00 5.60060E-01 
-2.00394E+00 6.14379E-01 
-2.08393E+00 6.58876E-01 
-2.17049E+00 7.10821E-01 
-2.26308E+00 7.71276E-01 
-2.36104E+00 8.41406E-01 
-2.46391E+00 9.22718E-01 
-2.57242E+00 1.01798E+00 
-2.69221E+00 1.13463E+00 
-2.84518E+00 1.29607E+00 
-3.08884E+00 1.56320E+00 
-3.48371E+00 2.01156E+00 
-3.94596E+00 2.58517E+00 
-4.28574E+00 3.10435E+00 
-1.20969E+00 3.04285E-01 
-1.22235E+00 3.20419E-01 
-1.26464E+00 3.98489E-01 
-1.28148E+00 4.13876E-01 
-1.30167E+00 4.29689E-01 
-1.32540E+00 4.46276E-01 
-1.35283E+00 4.64011E-01 
-1.37669E+00 4.78772E-01 
-1.38410E+00 4.83291E-01 
-1.42219E+00 5.06299E-01 
-1.46484E+00 5.32159E-01 
-1.51200E+00 5.61462E-01 
-1.56352E+00 5.94821E-01 
-1.59382E+00 6.42803E-01 
-1.65386E+00 6.84374E-01 
-1.71833E+00 7.32593E-01 
-1.78658E+00 7.88275E-01 
-1.85788E+00 8.52312E-01 
-1.93157E+00 9.25890E-01 
-2.00785E+00 1.01135E+00 
-2.09043E+00 1.11535E+00 
-2.19463E+00 1.25920E+00 
-2.36062E+00 1.49835E+00 
-2.62863E+00 1.90023E+00 
-2.93440E+00 2.41042E+00 
-3.14203E+00 2.86361E+00 
-9.78696E-01 3.39379E-01 
-9.87201E-01 3.53915E-01 
-1.01702E+00 4.28273E-01 
-1.02842E+00 4.41637E-01 
-1.04259E+00 4.55595E-01 
-1.05965E+00 4.70451E-01 
-1.07968E+00 4.86531E-01 
-1.09725E+00 5.00029E-01 
-1.10273E+00 5.04176E-01 
-1.13096E+00 5.25375E-01 
-1.16266E+00 5.49291E-01 
-1.19767E+00 5.76417E-01 
-1.23580E+00 6.07254E-01 
-1.25404E+00 6.49020E-01 
-1.29815E+00 6.87286E-01 
-1.34502E+00 7.31403E-01 
-1.39397E+00 7.81974E-01 
-1.44420E+00 8.39649E-01 
-1.49494E+00 9.05339E-01 
-1.54603E+00 9.80999E-01 
-1.59969E+00 1.07253E+00 
-1.66606E+00 1.19913E+00 
-1.77172E+00 1.41073E+00 
-1.94122E+00 1.76689E+00 
-2.12642E+00 2.21566E+00 
-2.23422E+00 2.60683E+00 
-7.85222E-01 3.59893E-01 
-7.90452E-01 3.72807E-01 
-8.09221E-01 4.41985E-01 
-8.16356E-01 4.53316E-01 
-8.25776E-01 4.65370E-01 
-8.37539E-01 4.78411E-01 
-8.51671E-01 4.92721E-01 
-8.64228E-01 5.04849E-01 
-8.68165E-01 5.08592E-01 
-8.88540E-01 5.27807E-01 
-9.11490E-01 5.49587E-01 
-9.36831E-01 5.74332E-01 
-9.64301E-01 6.02441E-01 
-9.73353E-01 6.38283E-01 
-1.00485E+00 6.73070E-01 
-1.03782E+00 7.12928E-01 
-1.07156E+00 7.58274E-01 
-1.10527E+00 8.09555E-01 
-1.13814E+00 8.67445E-01 
-1.16973E+00 9.33555E-01 
-1.20114E+00 1.01306E+00 
-1.23851E+00 1.12311E+00 
-1.29783E+00 1.30816E+00 
-1.39172E+00 1.62029E+00 
-1.48522E+00 2.01069E+00 
-1.51888E+00 2.34440E+00 
-6.23710E-01 3.68441E-01 
-6.26420E-01 3.79781E-01 
-6.35489E-01 4.42593E-01 
-6.39378E-01 4.51992E-01 
-6.45148E-01 4.62214E-01 
-6.52812E-01 4.73486E-01 
-6.62355E-01 4.86048E-01 
-6.70999E-01 4.96809E-01 
-6.73729E-01 5.00147E-01 
-6.87948E-01 5.17361E-01 
-7.04040E-01 5.36975E-01 
-7.21785E-01 5.59303E-01 
-7.40894E-01 5.84647E-01 
-7.43130E-01 6.14992E-01 
-7.64746E-01 6.46281E-01 
-7.86857E-01 6.81889E-01 
-8.08765E-01 7.22075E-01 
-8.29689E-01 7.67115E-01 
-8.48823E-01 8.17483E-01 
-8.65553E-01 8.74492E-01 
-8.80153E-01 9.42645E-01 
-8.95668E-01 1.03710E+00 
-9.20030E-01 1.19709E+00 
-9.56913E-01 1.46768E+00 
-9.82051E-01 1.80360E+00 
-9.62085E-01 2.08493E+00 
-4.89144E-01 3.67347E-01 
-4.89970E-01 3.77215E-01 
-4.90636E-01 4.32760E-01 
-4.92149E-01 4.40416E-01 
-4.95207E-01 4.48969E-01 
-4.99789E-01 4.58613E-01 
-5.05849E-01 4.69549E-01 
-5.11505E-01 4.79026E-01 
-5.13310E-01 4.81979E-01 
-5.22798E-01 4.97289E-01 
-5.33599E-01 5.14819E-01 
-5.45471E-01 5.34804E-01 
-5.58106E-01 5.57459E-01 
-5.55439E-01 5.82809E-01 
-5.69400E-01 6.10683E-01 
-5.83113E-01 6.42157E-01 
-5.95914E-01 6.77360E-01 
-6.07064E-01 7.16428E-01 
-6.15787E-01 7.59671E-01 
-6.21372E-01 8.08147E-01 
-6.23490E-01 8.65743E-01 
-6.22875E-01 9.45745E-01 
-6.21378E-01 1.08245E+00 
-6.16153E-01 1.31443E+00 
-5.91511E-01 1.60025E+00 
-5.34045E-01 1.83442E+00 
-3.77374E-01 3.58624E-01 
-3.76849E-01 3.67166E-01 
-3.70373E-01 4.14841E-01 
-3.70245E-01 4.21007E-01 
-3.71380E-01 4.28123E-01 
-3.73732E-01 4.36349E-01 
-3.77232E-01 4.45849E-01 
-3.80667E-01 4.54175E-01 
-3.81782E-01 4.56782E-01 
-3.87714E-01 4.70354E-01 
-3.94508E-01 4.85954E-01 
-4.01907E-01 5.03742E-01 
-4.09600E-01 5.23852E-01 
-4.03551E-01 5.44748E-01 
-4.11643E-01 5.69351E-01 
-4.18937E-01 5.96876E-01 
-4.24817E-01 6.27345E-01 
-4.28604E-01 6.60785E-01 
-4.29571E-01 6.97377E-01 
-4.26969E-01 7.37962E-01 
-4.20046E-01 7.85874E-01 
-4.07837E-01 8.52658E-01 
-3.87718E-01 9.68007E-01 
-3.52230E-01 1.16462E+00 
-2.92493E-01 1.40496E+00 
-2.10068E-01 1.59721E+00 
-2.84793E-01 3.44038E-01 
-2.83357E-01 3.51429E-01 
-2.70963E-01 3.90919E-01 
-2.69801E-01 3.95888E-01 
-2.69662E-01 4.01834E-01 
-2.70480E-01 4.08889E-01 
-2.72169E-01 4.17178E-01 
-2.74002E-01 4.24514E-01 
-2.74615E-01 4.26819E-01 
-2.77934E-01 4.38856E-01 
-2.81747E-01 4.52710E-01 
-2.85792E-01 4.68476E-01 
-2.89758E-01 4.86216E-01 
-2.81510E-01 5.03198E-01 
-2.85144E-01 5.24702E-01 
-2.87583E-01 5.48494E-01 
-2.88271E-01 5.74513E-01 
-2.86598E-01 6.02706E-01 
-2.81903E-01 6.33152E-01 
-2.73438E-01 6.66517E-01 
-2.60171E-01 7.05641E-01 
-2.39922E-01 7.60471E-01 
-2.06867E-01 8.56473E-01 
-1.50413E-01 1.02104E+00 
-6.70277E-02 1.22057E+00 
3.07489E-02 1.37594E+00 
-2.08524E-01 3.25153E-01 
-2.06534E-01 3.31582E-01 
-1.89422E-01 3.62874E-01 
-1.87714E-01 3.66951E-01 
-1.86818E-01 3.72011E-01 
-1.86657E-01 3.78152E-01 
-1.87127E-01 3.85464E-01 
-1.87846E-01 3.91976E-01 
-1.88104E-01 3.94026E-01 
-1.89551E-01 4.04734E-01 
-1.91187E-01 4.17033E-01 
-1.92750E-01 4.30956E-01 
-1.93941E-01 4.46505E-01 
-1.84398E-01 4.60093E-01 
-1.84679E-01 4.78681E-01 
-1.83494E-01 4.98971E-01 
-1.80350E-01 5.20845E-01 
-1.74715E-01 5.44191E-01 
-1.66002E-01 5.69018E-01 
-1.53493E-01 5.95850E-01 
-1.35985E-01 6.27090E-01 
-1.10464E-01 6.71240E-01 
-6.89068E-02 7.49922E-01 
1.26284E-03 8.85818E-01 
9.94425E-02 1.04913E+00 
2.05296E-01 1.17246E+00 
-1.46106E-01 3.03351E-01 
-1.43843E-01 3.09011E-01 
-1.23181E-01 3.32371E-01 
-1.21299E-01 3.35854E-01 
-1.20042E-01 3.40297E-01 
-1.19318E-01 3.45767E-01 
-1.19017E-01 3.52319E-01 
-1.18991E-01 3.58158E-01 
-1.19006E-01 3.59995E-01 
-1.19139E-01 3.69561E-01 
-1.19205E-01 3.80475E-01 
-1.18949E-01 3.92718E-01 
-1.18091E-01 4.06242E-01 
-1.07918E-01 4.16914E-01 
-1.05700E-01 4.32764E-01 
-1.01846E-01 4.49785E-01 
-9.59301E-02 4.67821E-01 
-8.74980E-02 4.86725E-01 
-7.60438E-02 5.06461E-01 
-6.08981E-02 5.27440E-01 
-4.07685E-02 5.51688E-01 
-1.21026E-02 5.86403E-01 
3.45456E-02 6.49757E-01 
1.12861E-01 7.60276E-01 
2.19102E-01 8.91820E-01 
3.27644E-01 9.87636E-01 
-9.54680E-02 2.79852E-01 
-9.31373E-02 2.84920E-01 
-7.00476E-02 3.00873E-01 
-6.82557E-02 3.04025E-01 
-6.69146E-02 3.08086E-01 
-6.59248E-02 3.13090E-01 
-6.51685E-02 3.19061E-01 
-6.46577E-02 3.24351E-01 
-6.45094E-02 3.26008E-01 
-6.37297E-02 3.34581E-01 
-6.26663E-02 3.44244E-01 
-6.10801E-02 3.54938E-01 
-5.87120E-02 3.66577E-01 
-4.83816E-02 3.74760E-01 
-4.43159E-02 3.88038E-01 
-3.85254E-02 4.02016E-01 
-3.06534E-02 4.16519E-01 
-2.03242E-02 4.31383E-01 
-7.11182E-03 4.46549E-01 
9.59268E-03 4.62340E-01 
3.11116E-02 4.80458E-01 
6.13114E-02 5.06941E-01 
1.10467E-01 5.56885E-01 
1.92720E-01 6.45196E-01 
3.01998E-01 7.49192E-01 
4.09338E-01 8.21680E-01 
-5.48477E-02 2.55713E-01 
-5.25879E-02 2.60340E-01 
-2.81286E-02 2.69631E-01 
-2.65879E-02 2.72662E-01 
-2.53341E-02 2.76520E-01 
-2.42624E-02 2.81211E-01 
-2.32520E-02 2.86729E-01 
-2.24271E-02 2.91553E-01 
-2.21678E-02 2.93053E-01 
-2.07436E-02 3.00732E-01 
-1.88551E-02 3.09237E-01 
-1.62832E-02 3.18478E-01 
-1.27967E-02 3.28343E-01 
-2.62425E-03 3.34405E-01 
2.79776E-03 3.45265E-01 
9.96499E-03 3.56419E-01 
1.91663E-02 3.67688E-01 
3.07024E-02 3.78908E-01 
4.49218E-02 3.90011E-01 
6.23679E-02 4.01260E-01 
8.43516E-02 4.14073E-01 
1.14886E-01 4.33464E-01 
1.64629E-01 4.71820E-01 
2.47705E-01 5.40919E-01 
3.56362E-01 6.21302E-01 
4.59796E-01 6.74278E-01 
-2.27200E-02 2.31819E-01 
-2.06058E-02 2.36117E-01 
4.25418E-03 2.39658E-01 
5.47478E-03 2.42711E-01 
6.56391E-03 2.46478E-01 
7.62854E-03 2.50944E-01 
8.78791E-03 2.56076E-01 
9.83231E-03 2.60477E-01 
1.01723E-02 2.61831E-01 
1.20787E-02 2.68665E-01 
1.45961E-02 2.76062E-01 
1.79190E-02 2.83911E-01 
2.22464E-02 2.92084E-01 
3.20661E-02 2.96334E-01 
3.84739E-02 3.04923E-01 
4.65911E-02 3.13467E-01 
5.66420E-02 3.21797E-01 
6.88572E-02 3.29762E-01 
8.35136E-02 3.37296E-01 
1.01089E-01 3.44619E-01 
1.22855E-01 3.52908E-01 
1.52851E-01 3.66280E-01 
2.01791E-01 3.94747E-01 
2.83447E-01 4.47417E-01 
3.88908E-01 5.07804E-01 
4.86650E-01 5.44692E-01 
2.24627E-03 2.08877E-01 
4.19645E-03 2.12913E-01 
2.86027E-02 2.11725E-01 
2.95132E-02 2.14865E-01 
3.04386E-02 2.18585E-01 
3.14837E-02 2.22848E-01 
3.27626E-02 2.27605E-01 
3.39893E-02 2.31585E-01 
3.43965E-02 2.32792E-01 
3.67018E-02 2.38784E-01 
3.97310E-02 2.45085E-01 
4.36499E-02 2.51575E-01 
4.86227E-02 2.58124E-01 
5.79842E-02 2.60818E-01 
6.50958E-02 2.67280E-01 
7.38347E-02 2.73428E-01 
8.43658E-02 2.79112E-01 
9.68567E-02 2.84202E-01 
1.11520E-01 2.88647E-01 
1.28771E-01 2.92634E-01 
1.49827E-01 2.97132E-01 
1.78667E-01 3.05477E-01 
2.25830E-01 3.25622E-01 
3.04511E-01 3.64419E-01 
4.05049E-01 4.08089E-01 
4.96025E-01 4.31926E-01 
2.12643E-02 1.87373E-01 
2.30786E-02 1.91163E-01 
4.63124E-02 1.86302E-01 
4.69848E-02 1.89519E-01 
4.78060E-02 1.93167E-01 
4.88755E-02 1.97192E-01 
5.02980E-02 2.01531E-01 
5.17095E-02 2.05058E-01 
5.21817E-02 2.06112E-01 
5.48563E-02 2.11228E-01 
5.83329E-02 2.16420E-01 
6.27462E-02 2.21568E-01 
6.82244E-02 2.26548E-01 
7.70827E-02 2.27896E-01 
8.46781E-02 2.32377E-01 
9.37821E-02 2.36346E-01 
1.04506E-01 2.39675E-01 
1.16962E-01 2.42263E-01 
1.31308E-01 2.44076E-01 
1.47903E-01 2.45279E-01 
1.67901E-01 2.46664E-01 
1.95164E-01 2.50885E-01 
2.39896E-01 2.64124E-01 
3.14576E-01 2.91342E-01 
4.09104E-01 3.21206E-01 
4.92760E-01 3.34632E-01 
3.53338E-02 1.67710E-01 
3.70753E-02 1.71227E-01 
5.85798E-02 1.63737E-01 
5.91287E-02 1.66961E-01 
5.99439E-02 1.70457E-01 
6.11156E-02 1.74163E-01 
6.27359E-02 1.78009E-01 
6.43562E-02 1.81032E-01 
6.48973E-02 1.81918E-01 
6.79388E-02 1.86111E-01 
7.18248E-02 1.90176E-01 
7.66582E-02 1.94003E-01 
8.25319E-02 1.97482E-01 
9.08819E-02 1.97664E-01 
9.87805E-02 2.00332E-01 
1.08041E-01 2.02354E-01 
1.18730E-01 2.03632E-01 
1.30912E-01 2.04093E-01 
1.44700E-01 2.03724E-01 
1.60405E-01 2.02671E-01 
1.79115E-01 2.01575E-01 
2.04541E-01 2.02504E-01 
2.46449E-01 2.10132E-01 
3.16525E-01 2.27861E-01 
4.04477E-01 2.46539E-01 
4.80684E-01 2.51860E-01 
4.54974E-02 1.49923E-01 
4.72500E-02 1.53105E-01 
6.66245E-02 1.43929E-01 
6.71849E-02 1.47041E-01 
6.81087E-02 1.50268E-01 
6.94739E-02 1.53545E-01 
7.13575E-02 1.56801E-01 
7.32182E-02 1.59260E-01 
7.38341E-02 1.59964E-01 
7.72501E-02 1.63180E-01 
8.15185E-02 1.66102E-01 
8.67110E-02 1.68634E-01 
9.28873E-02 1.70685E-01 
1.00741E-01 1.69852E-01 
1.08790E-01 1.70881E-01 
1.18035E-01 1.71190E-01 
1.28503E-01 1.70712E-01 
1.40225E-01 1.69403E-01 
1.53275E-01 1.67267E-01 
1.67926E-01 1.64436E-01 
1.85199E-01 1.61419E-01 
2.08633E-01 1.59782E-01 
2.47498E-01 1.62916E-01 
3.12651E-01 1.72951E-01 
3.93793E-01 1.82665E-01 
4.62659E-01 1.81800E-01 
5.26089E-02 1.34009E-01 
5.44636E-02 1.36770E-01 
7.14697E-02 1.26728E-01 
7.21779E-02 1.29581E-01 
7.33226E-02 1.32406E-01 
7.49675E-02 1.35137E-01 
7.71730E-02 1.37709E-01 
7.92998E-02 1.39548E-01 
7.99949E-02 1.40055E-01 
8.37855E-02 1.42256E-01 
8.84041E-02 1.44037E-01 
9.38932E-02 1.45322E-01 
1.00283E-01 1.46042E-01 
1.07657E-01 1.44335E-01 
1.15719E-01 1.43916E-01 
1.24801E-01 1.42759E-01 
1.34899E-01 1.40821E-01 
1.46015E-01 1.38086E-01 
1.58197E-01 1.34574E-01 
1.71684E-01 1.30403E-01 
1.87440E-01 1.25968E-01 
2.08818E-01 1.22403E-01 
2.44562E-01 1.22023E-01 
3.04701E-01 1.25930E-01 
3.79061E-01 1.28600E-01 
4.40890E-01 1.23155E-01 
5.74464E-02 1.19812E-01 
5.94885E-02 1.22058E-01 
7.40345E-02 1.11815E-01 
7.50108E-02 1.14260E-01 
7.64710E-02 1.16551E-01 
7.84629E-02 1.18630E-01 
8.10300E-02 1.20439E-01 
8.34347E-02 1.21617E-01 
8.42093E-02 1.21922E-01 
8.83582E-02 1.23094E-01 
9.32820E-02 1.23765E-01 
9.89973E-02 1.23877E-01 
1.05509E-01 1.23385E-01 
1.12419E-01 1.20938E-01 
1.20370E-01 1.19277E-01 
1.29159E-01 1.16902E-01 
1.38763E-01 1.13795E-01 
1.49162E-01 1.09960E-01 
1.60384E-01 1.05431E-01 
1.72646E-01 1.00312E-01 
1.86853E-01 9.48964E-02 
2.06175E-01 8.99515E-02 
2.38820E-01 8.68981E-02 
2.94008E-01 8.60178E-02 
3.61794E-01 8.32632E-02 
4.17008E-01 7.45575E-02 
6.06915E-02 1.07099E-01 
6.29893E-02 1.08744E-01 
7.51079E-02 9.88000E-02 
7.64439E-02 1.00702E-01 
7.82846E-02 1.02349E-01 
8.06624E-02 1.03693E-01 
8.36039E-02 1.04687E-01 
8.62796E-02 1.05189E-01 
8.71290E-02 1.05289E-01 
9.15978E-02 1.05453E-01 
9.67651E-02 1.05073E-01 
1.02626E-01 1.04114E-01 
1.09164E-01 1.02552E-01 
1.15618E-01 9.94937E-02 
1.23342E-01 9.68063E-02 
1.31728E-01 9.34611E-02 
1.40736E-01 8.94626E-02 
1.50334E-01 8.48305E-02 
1.60538E-01 7.96077E-02 
1.71546E-01 7.38837E-02 
1.84213E-01 6.78619E-02 
2.01525E-01 6.20012E-02 
2.31162E-01 5.69820E-02 
2.81573E-01 5.24453E-02 
3.43104E-01 4.56175E-02 
3.92190E-01 3.47137E-02 
6.29092E-02 9.55924E-02 
6.55070E-02 9.65646E-02 
7.53259E-02 8.72633E-02 
7.70765E-02 8.85144E-02 
7.93281E-02 8.94390E-02 
8.20980E-02 8.99996E-02 
8.53973E-02 9.01624E-02 
8.83166E-02 8.99964E-02 
8.92305E-02 8.98978E-02 
9.39585E-02 8.91059E-02 
9.92912E-02 8.77657E-02 
1.05206E-01 8.58623E-02 
1.11672E-01 8.33890E-02 
1.17667E-01 7.98505E-02 
1.25059E-01 7.63533E-02 
1.32945E-01 7.22795E-02 
1.41276E-01 6.76495E-02 
1.50013E-01 6.24952E-02 
1.59166E-01 5.68637E-02 
1.68920E-01 5.08286E-02 
1.80082E-01 4.45152E-02 
1.95462E-01 3.81229E-02 
2.22224E-01 3.17274E-02 
2.68092E-01 2.44779E-02 
3.23751E-01 1.46904E-02 
3.67219E-01 2.43331E-03 
6.45063E-02 8.49473E-02 
6.74239E-02 8.52086E-02 
7.51377E-02 7.67689E-02 
7.73236E-02 7.73053E-02 
7.99840E-02 7.74720E-02 
8.31230E-02 7.72434E-02 
8.67384E-02 7.65982E-02 
8.98575E-02 7.58029E-02 
9.08215E-02 7.55206E-02 
9.57309E-02 7.38617E-02 
1.01139E-01 7.16815E-02 
1.07013E-01 6.89816E-02 
1.13308E-01 6.57712E-02 
1.18833E-01 6.18838E-02 
1.25800E-01 5.77912E-02 
1.33105E-01 5.32182E-02 
1.40697E-01 4.81960E-02 
1.48533E-01 4.27641E-02 
1.56624E-01 3.69703E-02 
1.65144E-01 3.08715E-02 
1.74857E-01 2.45247E-02 
1.88402E-01 1.79136E-02 
2.12449E-01 1.06265E-02 
2.54040E-01 1.44494E-03 
3.04235E-01 -1.03921E-02 
3.42588E-01 -2.33407E-02 
6.58011E-02 7.49048E-02 
6.90284E-02 7.44452E-02 
7.48710E-02 6.69742E-02 
7.74754E-02 6.67726E-02 
8.05098E-02 6.61857E-02 
8.39666E-02 6.51994E-02 
8.78328E-02 6.38047E-02 
9.10933E-02 6.24424E-02 
9.20893E-02 6.19974E-02 
9.70882E-02 5.95878E-02 
1.02476E-01 5.67082E-02 
1.08208E-01 5.33735E-02 
1.14238E-01 4.96055E-02 
1.19277E-01 4.54986E-02 
1.25737E-01 4.10158E-02 
1.32397E-01 3.61552E-02 
1.39204E-01 3.09550E-02 
1.46119E-01 2.54581E-02 
1.53153E-01 1.97100E-02 
1.60476E-01 1.37503E-02 
1.68810E-01 7.57691E-03 
1.80629E-01 9.96765E-04 
2.02130E-01 -6.78854E-03 
2.39720E-01 -1.72617E-02 
2.84857E-01 -3.04110E-02 
3.18574E-01 -4.35394E-02 
6.70036E-02 6.53027E-02 
7.05074E-02 6.41520E-02 
7.47417E-02 5.76703E-02 
7.77175E-02 5.67542E-02 
8.10646E-02 5.54609E-02 
8.47664E-02 5.37870E-02 
8.88014E-02 5.17337E-02 
9.21355E-02 4.98883E-02 
9.31431E-02 4.93072E-02 
9.81332E-02 4.62851E-02 
1.03401E-01 4.28613E-02 
1.08900E-01 3.90607E-02 
1.14579E-01 3.49135E-02 
1.19117E-01 3.07113E-02 
1.25006E-01 2.60276E-02 
1.30975E-01 2.10684E-02 
1.36975E-01 1.58752E-02 
1.42971E-01 1.04910E-02 
1.48977E-01 4.95619E-03 
1.55159E-01 -7.06465E-04 
1.62201E-01 -6.54908E-03 
1.72421E-01 -1.29071E-02 
1.91565E-01 -2.08772E-02 
2.25453E-01 -3.21205E-02 
2.65954E-01 -4.59905E-02 
2.95512E-01 -5.89153E-02 
6.83708E-02 5.59350E-02 
7.20932E-02 5.41362E-02 
7.49563E-02 4.86064E-02 
7.82290E-02 4.70218E-02 
8.18051E-02 4.50881E-02 
8.56610E-02 4.28111E-02 
8.97694E-02 4.02007E-02 
9.31021E-02 3.79612E-02 
9.40994E-02 3.72714E-02 
9.89770E-02 3.37764E-02 
1.04026E-01 2.99592E-02 
1.09199E-01 2.58516E-02 
1.14446E-01 2.14889E-02 
1.18460E-01 1.73041E-02 
1.23724E-01 1.25851E-02 
1.28966E-01 7.68870E-03 
1.34143E-01 2.65651E-03 
1.39227E-01 -2.47092E-03 
1.44236E-01 -7.66007E-03 
1.49333E-01 -1.29043E-02 
1.55166E-01 -1.82984E-02 
1.63900E-01 -2.42911E-02 
1.80853E-01 -3.22055E-02 
2.11302E-01 -4.38138E-02 
2.47531E-01 -5.79494E-02 
2.73333E-01 -7.03909E-02 
6.99460E-02 4.67682E-02 
7.38157E-02 4.43974E-02 
7.55438E-02 3.97426E-02 
7.90222E-02 3.75719E-02 
8.27305E-02 3.50954E-02 
8.66409E-02 3.23263E-02 
9.07229E-02 2.92812E-02 
9.39782E-02 2.67484E-02 
9.49433E-02 2.59804E-02 
9.96087E-02 2.21617E-02 
1.04348E-01 1.81053E-02 
1.09116E-01 1.38464E-02 
1.13865E-01 9.42257E-03 
1.17340E-01 5.35860E-03 
1.21945E-01 7.49103E-04 
1.26446E-01 -3.94851E-03 
1.30808E-01 -8.69499E-03 
1.35008E-01 -1.34542E-02 
1.39071E-01 -1.82005E-02 
1.43156E-01 -2.29422E-02 
1.47877E-01 -2.78091E-02 
1.55254E-01 -3.33370E-02 
1.70201E-01 -4.10120E-02 
1.97491E-01 -5.26610E-02 
2.29830E-01 -6.67047E-02 
2.52281E-01 -7.84675E-02 
7.16388E-02 3.76773E-02 
7.55710E-02 3.48318E-02 
7.63738E-02 3.09689E-02 
7.99600E-02 2.83186E-02 
8.37028E-02 2.54164E-02 
8.75723E-02 2.22811E-02 
9.15365E-02 1.89336E-02 
9.46478E-02 1.62130E-02 
9.55621E-02 1.53979E-02 
9.99320E-02 1.14045E-02 
1.04290E-01 7.25692E-03 
1.08593E-01 2.99133E-03 
1.12799E-01 -1.35522E-03 
1.15729E-01 -5.20654E-03 
1.19658E-01 -9.58455E-03 
1.23420E-01 -1.39726E-02 
1.26985E-01 -1.83355E-02 
1.30340E-01 -2.26427E-02 
1.33514E-01 -2.68766E-02 
1.36663E-01 -3.10593E-02 
1.40368E-01 -3.53487E-02 
1.46508E-01 -4.03445E-02 
1.59615E-01 -4.76423E-02 
1.83998E-01 -5.90790E-02 
2.12781E-01 -7.27556E-02 
2.32234E-01 -8.37051E-02 
7.33702E-02 2.86677E-02 
7.72777E-02 2.54638E-02 
7.73447E-02 2.23074E-02 
8.09444E-02 1.93006E-02 
8.46321E-02 1.61009E-02 
8.83765E-02 1.27301E-02 
9.21452E-02 9.21170E-03 
9.50568E-02 6.40432E-03 
9.59050E-02 5.57144E-03 
9.99118E-02 1.54075E-03 
1.03831E-01 -2.56553E-03 
1.07625E-01 -6.71233E-03 
1.11258E-01 -1.08647E-02 
1.13643E-01 -1.44277E-02 
1.16894E-01 -1.84776E-02 
1.19931E-01 -2.24716E-02 
1.22730E-01 -2.63798E-02 
1.25287E-01 -3.01778E-02 
1.27635E-01 -3.38562E-02 
1.29928E-01 -3.74491E-02 
1.32712E-01 -4.11361E-02 
1.37734E-01 -4.55612E-02 
1.49160E-01 -5.23840E-02 
1.70871E-01 -6.34157E-02 
1.96411E-01 -7.65194E-02 
2.13188E-01 -8.65729E-02 
7.54210E-02 1.98627E-02 
7.92227E-02 1.64049E-02 
7.86930E-02 1.38558E-02 
8.21971E-02 1.06035E-02 
8.57198E-02 7.22007E-03 
8.92315E-02 3.72948E-03 
9.27028E-02 1.56434E-04 
9.53425E-02 -2.64848E-03 
9.61046E-02 -3.47329E-03 
9.96626E-02 -7.42053E-03 
1.03074E-01 -1.13706E-02 
1.06306E-01 -1.52917E-02 
1.09331E-01 -1.91527E-02 
1.11164E-01 -2.23655E-02 
1.13739E-01 -2.60125E-02 
1.16068E-01 -2.95510E-02 
1.18137E-01 -3.29564E-02 
1.19947E-01 -3.62112E-02 
1.21536E-01 -3.93136E-02 
1.23053E-01 -4.23079E-02 
1.25013E-01 -4.53894E-02 
1.29030E-01 -4.92294E-02 
1.38930E-01 -5.55141E-02 
1.58198E-01 -6.60018E-02 
1.80790E-01 -7.83882E-02 
1.95187E-01 -8.75065E-02 
7.73540E-02 1.12298E-02 
8.09664E-02 7.63843E-03 
7.99718E-02 5.62317E-03 
8.32948E-02 2.25220E-03 
8.65765E-02 -1.18936E-03 
8.97900E-02 -4.67748E-03 
9.29092E-02 -8.18801E-03 
9.52417E-02 -1.09042E-02 
9.59086E-02 -1.16965E-02 
9.89817E-02 -1.54497E-02 
1.01861E-01 -1.91433E-02 
1.04520E-01 -2.27496E-02 
1.06939E-01 -2.62424E-02 
1.08239E-01 -2.90588E-02 
1.10162E-01 -3.22511E-02 
1.11822E-01 -3.52948E-02 
1.13211E-01 -3.81712E-02 
1.14336E-01 -4.08691E-02 
1.15239E-01 -4.33939E-02 
1.16064E-01 -4.57979E-02 
1.17292E-01 -4.82873E-02 
1.20416E-01 -5.15456E-02 
1.28933E-01 -5.72546E-02 
1.45968E-01 -6.70980E-02 
1.65881E-01 -7.86665E-02 
1.78166E-01 -8.68399E-02 
7.90810E-02 2.97147E-03 
8.24045E-02 -6.32960E-04 
8.10358E-02 -2.18163E-03 
8.40908E-02 -5.54909E-03 
8.70615E-02 -8.93246E-03 
8.99251E-02 -1.23099E-02 
9.26568E-02 -1.56592E-02 
9.46649E-02 -1.82171E-02 
9.52330E-02 -1.89578E-02 
9.78113E-02 -2.24326E-02 
1.00160E-01 -2.57973E-02 
1.02260E-01 -2.90283E-02 
1.04096E-01 -3.21044E-02 
1.04897E-01 -3.45008E-02 
1.06212E-01 -3.72130E-02 
1.07256E-01 -3.97482E-02 
1.08028E-01 -4.20934E-02 
1.08540E-01 -4.42434E-02 
1.08837E-01 -4.62098E-02 
1.09058E-01 -4.80513E-02 
1.09651E-01 -4.99801E-02 
1.11992E-01 -5.26796E-02 
1.19274E-01 -5.78013E-02 
1.34286E-01 -6.69396E-02 
1.51788E-01 -7.76337E-02 
1.62218E-01 -8.48840E-02 
8.08376E-02 -5.00204E-03 
8.38474E-02 -8.52565E-03 
8.21978E-02 -9.66395E-03 
8.49342E-02 -1.29342E-02 
8.75364E-02 -1.61694E-02 
8.99840E-02 -1.93484E-02 
9.22594E-02 -2.24515E-02 
9.38914E-02 -2.47881E-02 
9.43463E-02 -2.54594E-02 
9.63703E-02 -2.85762E-02 
9.81452E-02 -3.15419E-02 
9.96582E-02 -3.43385E-02 
1.00900E-01 -3.69498E-02 
1.01202E-01 -3.88986E-02 
1.01928E-01 -4.11065E-02 
1.02388E-01 -4.31206E-02 
1.02588E-01 -4.49334E-02 
1.02542E-01 -4.65453E-02 
1.02297E-01 -4.79727E-02 
1.01986E-01 -4.92790E-02 
1.02025E-01 -5.06779E-02 
1.03674E-01 -5.28423E-02 
1.09836E-01 -5.73726E-02 
1.22993E-01 -6.57619E-02 
1.38292E-01 -7.55429E-02 
1.47069E-01 -8.18950E-02 
8.22153E-02 -1.24573E-02 
8.48273E-02 -1.57979E-02 
8.29367E-02 -1.65672E-02 
8.52856E-02 -1.96421E-02 
8.74698E-02 -2.26396E-02 
8.94746E-02 -2.55417E-02 
9.12880E-02 -2.83320E-02 
9.25521E-02 -3.04045E-02 
9.28979E-02 -3.09951E-02 
9.43908E-02 -3.37067E-02 
9.56219E-02 -3.62372E-02 
9.65856E-02 -3.85739E-02 
9.72792E-02 -4.07067E-02 
9.71328E-02 -4.22098E-02 
9.73283E-02 -4.39198E-02 
9.72702E-02 -4.54286E-02 
9.69667E-02 -4.67335E-02 
9.64372E-02 -4.78394E-02 
9.57286E-02 -4.87670E-02 
9.49676E-02 -4.95826E-02 
9.45383E-02 -5.04981E-02 
9.55925E-02 -5.21673E-02 
1.00760E-01 -5.61232E-02 
1.12240E-01 -6.37510E-02 
1.25560E-01 -7.26151E-02 
1.32891E-01 -7.81190E-02 
8.32712E-02 -1.93585E-02 
8.54332E-02 -2.24309E-02 
8.33259E-02 -2.28573E-02 
8.52323E-02 -2.56514E-02 
8.69599E-02 -2.83361E-02 
8.84982E-02 -3.08971E-02 
8.98365E-02 -3.33211E-02 
9.07283E-02 -3.50946E-02 
9.09647E-02 -3.55956E-02 
9.19375E-02 -3.78680E-02 
9.26511E-02 -3.99427E-02 
9.31025E-02 -4.18104E-02 
9.32926E-02 -4.34652E-02 
9.27410E-02 -4.45339E-02 
9.24620E-02 -4.57632E-02 
9.19459E-02 -4.67912E-02 
9.12047E-02 -4.76199E-02 
9.02607E-02 -4.82580E-02 
8.91609E-02 -4.87296E-02 
8.80248E-02 -4.91024E-02 
8.72059E-02 -4.95837E-02 
8.77524E-02 -5.08012E-02 
9.20374E-02 -5.42080E-02 
1.02003E-01 -6.10775E-02 
1.13542E-01 -6.90375E-02 
1.19609E-01 -7.37495E-02 
8.39007E-02 -2.56091E-02 
8.56467E-02 -2.83671E-02 
8.34044E-02 -2.84956E-02 
8.48810E-02 -3.09652E-02 
8.61717E-02 -3.33031E-02 
8.72571E-02 -3.54928E-02 
8.81240E-02 -3.75210E-02 
8.86434E-02 -3.89742E-02 
8.87702E-02 -3.93795E-02 
8.92195E-02 -4.11863E-02 
8.94156E-02 -4.27843E-02 
8.93635E-02 -4.41709E-02 
8.90697E-02 -4.53453E-02 
8.81363E-02 -4.59877E-02 
8.74241E-02 -4.67540E-02 
8.65000E-02 -4.73281E-02 
8.53781E-02 -4.77152E-02 
8.40820E-02 -4.79269E-02 
8.26574E-02 -4.79895E-02 
8.12156E-02 -4.79702E-02 
8.00799E-02 -4.80690E-02 
8.01999E-02 -4.88820E-02 
8.37083E-02 -5.17734E-02 
9.23120E-02 -5.79036E-02 
1.02257E-01 -6.49895E-02 
1.07226E-01 -6.89734E-02 
8.41154E-02 -3.11813E-02 
8.53493E-02 -3.35448E-02 
8.29352E-02 -3.33717E-02 
8.39254E-02 -3.54492E-02 
8.47175E-02 -3.73735E-02 
8.53104E-02 -3.91379E-02 
8.57044E-02 -4.07377E-02 
8.58741E-02 -4.18605E-02 
8.59011E-02 -4.21694E-02 
8.58880E-02 -4.35184E-02 
8.56422E-02 -4.46618E-02 
8.51669E-02 -4.55981E-02 
8.44702E-02 -4.63293E-02 
8.32270E-02 -4.65851E-02 
8.21581E-02 -4.69325E-02 
8.09008E-02 -4.70996E-02 
7.94714E-02 -4.70946E-02 
7.78948E-02 -4.69318E-02 
7.62153E-02 -4.66387E-02 
7.45368E-02 -4.62817E-02 
7.31535E-02 -4.60516E-02 
7.29219E-02 -4.65089E-02 
7.57499E-02 -4.89224E-02 
8.31302E-02 -5.43405E-02 
9.16479E-02 -6.05900E-02 
9.56667E-02 -6.39105E-02 
8.37089E-02 -3.59473E-02 
8.44877E-02 -3.79024E-02 
8.20067E-02 -3.74832E-02 
8.25862E-02 -3.91752E-02 
8.29622E-02 -4.07028E-02 
8.31304E-02 -4.20581E-02 
8.30935E-02 -4.32379E-02 
8.29290E-02 -4.40305E-02 
8.28592E-02 -4.42426E-02 
8.23965E-02 -4.51331E-02 
8.17220E-02 -4.58247E-02 
8.08394E-02 -4.63179E-02 
7.97598E-02 -4.66180E-02 
7.82252E-02 -4.65033E-02 
7.68346E-02 -4.64583E-02 
7.52865E-02 -4.62522E-02 
7.35983E-02 -4.58954E-02 
7.17945E-02 -4.54034E-02 
6.99167E-02 -4.48040E-02 
6.80598E-02 -4.41610E-02 
6.64897E-02 -4.36538E-02 
6.59742E-02 -4.38042E-02 
6.82119E-02 -4.57819E-02 
7.45009E-02 -5.05259E-02 
8.17504E-02 -5.59883E-02 
8.49538E-02 -5.87136E-02 
8.28893E-02 -3.99691E-02 
8.31919E-02 -4.14839E-02 
8.05830E-02 -4.08011E-02 
8.06926E-02 -4.20572E-02 
8.06049E-02 -4.31440E-02 
8.03321E-02 -4.40641E-02 
7.98780E-02 -4.48171E-02 
7.94075E-02 -4.52868E-02 
7.92510E-02 -4.54058E-02 
7.83919E-02 -4.58612E-02 
7.73532E-02 -4.61355E-02 
7.61414E-02 -4.62325E-02 
7.47649E-02 -4.61572E-02 
7.30177E-02 -4.57281E-02 
7.13872E-02 -4.53503E-02 
6.96256E-02 -4.48304E-02 
6.77508E-02 -4.41803E-02 
6.57871E-02 -4.34167E-02 
6.37741E-02 -4.25672E-02 
6.17988E-02 -4.16930E-02 
6.01004E-02 -4.09615E-02 
5.93642E-02 -4.08543E-02 
6.10949E-02 -4.24405E-02 
6.64150E-02 -4.65541E-02 
7.25420E-02 -5.12841E-02 
7.50513E-02 -5.34816E-02 
8.14319E-02 -4.31275E-02 
8.12708E-02 -4.41889E-02 
7.85818E-02 -4.32749E-02 
7.83095E-02 -4.41292E-02 
7.78626E-02 -4.48242E-02 
7.72361E-02 -4.53540E-02 
7.64363E-02 -4.57200E-02 
7.57059E-02 -4.58942E-02 
7.54750E-02 -4.59277E-02 
7.42717E-02 -4.59818E-02 
7.29074E-02 -4.58671E-02 
7.13935E-02 -4.55912E-02 
6.97447E-02 -4.51643E-02 
6.78062E-02 -4.44449E-02 
6.59705E-02 -4.37680E-02 
6.40343E-02 -4.29726E-02 
6.20160E-02 -4.20717E-02 
5.99382E-02 -4.10820E-02 
5.78374E-02 -4.00302E-02 
5.57916E-02 -3.89732E-02 
5.40140E-02 -3.80653E-02 
5.31122E-02 -3.77465E-02 
5.44111E-02 -3.89854E-02 
5.88753E-02 -4.25164E-02 
6.40138E-02 -4.65724E-02 
6.59374E-02 -4.83077E-02 
7.94838E-02 -4.54836E-02 
7.89277E-02 -4.61223E-02 
7.61791E-02 -4.49995E-02 
7.55137E-02 -4.54405E-02 
7.46705E-02 -4.57180E-02 
7.36688E-02 -4.58417E-02 
7.25254E-02 -4.58202E-02 
7.15508E-02 -4.57085E-02 
7.12524E-02 -4.56610E-02 
6.97517E-02 -4.53464E-02 
6.81316E-02 -4.48930E-02 
6.63993E-02 -4.43067E-02 
6.45640E-02 -4.35947E-02 
6.25083E-02 -4.26467E-02 
6.05419E-02 -4.17338E-02 
5.85005E-02 -4.07240E-02 
5.64021E-02 -3.96307E-02 
5.42681E-02 -3.84706E-02 
5.21320E-02 -3.72692E-02 
5.00642E-02 -3.60796E-02 
4.82540E-02 -3.50426E-02 
4.72373E-02 -3.45573E-02 
4.81744E-02 -3.54938E-02 
5.18886E-02 -3.84934E-02 
5.61630E-02 -4.19369E-02 
5.75986E-02 -4.32737E-02 
7.69961E-02 -4.70222E-02 
7.60293E-02 -4.72233E-02 
7.32152E-02 -4.58980E-02 
7.22018E-02 -4.59504E-02 
7.10685E-02 -4.58763E-02 
6.98163E-02 -4.56753E-02 
6.84256E-02 -4.53337E-02 
6.72698E-02 -4.49827E-02 
6.69207E-02 -4.48672E-02 
6.51866E-02 -4.42356E-02 
6.33485E-02 -4.34791E-02 
6.14267E-02 -4.26129E-02 
5.94349E-02 -4.16482E-02 
5.72875E-02 -4.05022E-02 
5.52234E-02 -3.93896E-02 
5.31117E-02 -3.82039E-02 
5.09694E-02 -3.69588E-02 
4.88165E-02 -3.56702E-02 
4.66829E-02 -3.43617E-02 
4.46303E-02 -3.30814E-02 
4.28252E-02 -3.19565E-02 
4.17365E-02 -3.13448E-02 
4.23731E-02 -3.20212E-02 
4.54326E-02 -3.45400E-02 
4.89546E-02 -3.74314E-02 
4.99874E-02 -3.84286E-02 
7.40227E-02 -4.77537E-02 
7.27427E-02 -4.75815E-02 
6.99086E-02 -4.60955E-02 
6.86245E-02 -4.58142E-02 
6.72220E-02 -4.54090E-02 
6.56904E-02 -4.48720E-02 
6.40546E-02 -4.42194E-02 
6.27331E-02 -4.36459E-02 
6.23395E-02 -4.34684E-02 
6.04238E-02 -4.25651E-02 
5.84439E-02 -4.15697E-02 
5.64066E-02 -4.04883E-02 
5.43228E-02 -3.93305E-02 
5.21382E-02 -3.80400E-02 
5.00355E-02 -3.67853E-02 
4.79091E-02 -3.54797E-02 
4.57737E-02 -3.41354E-02 
4.36471E-02 -3.27674E-02 
4.15559E-02 -3.13973E-02 
3.95547E-02 -3.00686E-02 
3.77889E-02 -2.88953E-02 
3.66668E-02 -2.81959E-02 
3.70612E-02 -2.86551E-02 
3.95593E-02 -3.07484E-02 
4.24374E-02 -3.31523E-02 
4.31459E-02 -3.38678E-02 
7.05646E-02 -4.77379E-02 
6.90090E-02 -4.72205E-02 
6.61650E-02 -4.55909E-02 
6.46144E-02 -4.49832E-02 
6.29768E-02 -4.42757E-02 
6.12802E-02 -4.34878E-02 
5.95211E-02 -4.26175E-02 
5.81065E-02 -4.18802E-02 
5.76843E-02 -4.16543E-02 
5.56328E-02 -4.05233E-02 
5.35383E-02 -3.93202E-02 
5.14175E-02 -3.80588E-02 
4.92788E-02 -3.67472E-02 
4.70902E-02 -3.53496E-02 
4.49836E-02 -3.39913E-02 
4.28755E-02 -3.26036E-02 
4.07791E-02 -3.11979E-02 
3.87099E-02 -2.97874E-02 
3.66908E-02 -2.83916E-02 
3.47688E-02 -2.70488E-02 
3.30698E-02 -2.58598E-02 
3.19459E-02 -2.51051E-02 
3.21455E-02 -2.53834E-02 
3.41578E-02 -2.70979E-02 
3.64796E-02 -2.90689E-02 
3.69273E-02 -2.95508E-02 
6.66995E-02 -4.70171E-02 
6.49349E-02 -4.62094E-02 
6.21068E-02 -4.44674E-02 
6.03601E-02 -4.35906E-02 
5.85696E-02 -4.26481E-02 
5.67323E-02 -4.16377E-02 
5.48355E-02 -4.05509E-02 
5.33372E-02 -3.96653E-02 
5.28964E-02 -3.94007E-02 
5.07801E-02 -3.81066E-02 
4.86451E-02 -3.67634E-02 
4.65013E-02 -3.53804E-02 
4.43589E-02 -3.39671E-02 
4.22037E-02 -3.25039E-02 
4.01313E-02 -3.10848E-02 
3.80763E-02 -2.96554E-02 
3.60506E-02 -2.82262E-02 
3.40673E-02 -2.68091E-02 
3.21459E-02 -2.54209E-02 
3.03266E-02 -2.40951E-02 
2.87169E-02 -2.29196E-02 
2.76181E-02 -2.21390E-02 
2.76666E-02 -2.22718E-02 
2.92664E-02 -2.36562E-02 
3.11165E-02 -2.52507E-02 
3.13610E-02 -2.55450E-02 
6.24915E-02 -4.56596E-02 
6.05476E-02 -4.45931E-02 
5.77746E-02 -4.27804E-02 
5.59097E-02 -4.17014E-02 
5.40057E-02 -4.05636E-02 
5.20677E-02 -3.93714E-02 
5.01014E-02 -3.81298E-02 
4.85625E-02 -3.71370E-02 
4.81106E-02 -3.68421E-02 
4.59567E-02 -3.54179E-02 
4.38073E-02 -3.39675E-02 
4.16775E-02 -3.25044E-02 
3.95758E-02 -3.10370E-02 
3.74948E-02 -2.95535E-02 
3.54965E-02 -2.81178E-02 
3.35299E-02 -2.66876E-02 
3.16054E-02 -2.52721E-02 
2.97341E-02 -2.38817E-02 
2.79326E-02 -2.25310E-02 
2.62349E-02 -2.12492E-02 
2.47323E-02 -2.01121E-02 
2.36804E-02 -1.93310E-02 
2.36160E-02 -1.93503E-02 
2.48692E-02 -2.04508E-02 
2.63233E-02 -2.17219E-02 
2.64137E-02 -2.18693E-02 
5.80053E-02 -4.37381E-02 
5.59596E-02 -4.24816E-02 
5.32669E-02 -4.06308E-02 
5.13089E-02 -3.93799E-02 
4.93216E-02 -3.80811E-02 
4.73337E-02 -3.67569E-02 
4.53506E-02 -3.54125E-02 
4.38263E-02 -3.43644E-02 
4.33819E-02 -3.40564E-02 
4.12581E-02 -3.25684E-02 
3.91391E-02 -3.10589E-02 
3.70520E-02 -2.95513E-02 
3.50130E-02 -2.80600E-02 
3.30265E-02 -2.65847E-02 
3.11260E-02 -2.51638E-02 
2.92706E-02 -2.37629E-02 
2.74674E-02 -2.23892E-02 
2.57256E-02 -2.10513E-02 
2.40589E-02 -1.97616E-02 
2.24956E-02 -1.85448E-02 
2.11125E-02 -1.74659E-02 
2.01242E-02 -1.67049E-02 
1.99793E-02 -1.66392E-02 
2.09445E-02 -1.74986E-02 
2.20697E-02 -1.84954E-02 
2.20476E-02 -1.85316E-02 
5.33345E-02 -4.13512E-02 
5.12006E-02 -3.99262E-02 
4.86004E-02 -3.80603E-02 
4.66287E-02 -3.67105E-02 
4.46310E-02 -3.53183E-02 
4.26496E-02 -3.39182E-02 
4.06940E-02 -3.25185E-02 
3.91805E-02 -3.14216E-02 
3.87382E-02 -3.10988E-02 
3.66497E-02 -2.95632E-02 
3.46125E-02 -2.80484E-02 
3.26271E-02 -2.65561E-02 
3.06955E-02 -2.50893E-02 
2.88286E-02 -2.36544E-02 
2.70458E-02 -2.22757E-02 
2.53163E-02 -2.09277E-02 
2.36475E-02 -1.96174E-02 
2.20468E-02 -1.83521E-02 
2.05247E-02 -1.71417E-02 
1.91043E-02 -1.60065E-02 
1.78488E-02 -1.50009E-02 
1.69365E-02 -1.42769E-02 
1.67383E-02 -1.41509E-02 
1.74672E-02 -1.48086E-02 
1.83224E-02 -1.55759E-02 
1.82223E-02 -1.55315E-02 
4.85132E-02 -3.85535E-02 
4.63782E-02 -3.70408E-02 
4.38943E-02 -3.51911E-02 
4.19263E-02 -3.37682E-02 
3.99713E-02 -3.23373E-02 
3.80348E-02 -3.09035E-02 
3.61272E-02 -2.94761E-02 
3.46673E-02 -2.83737E-02 
3.42431E-02 -2.80517E-02 
3.22494E-02 -2.65291E-02 
3.03105E-02 -2.50343E-02 
2.84367E-02 -2.35771E-02 
2.66278E-02 -2.21588E-02 
2.48982E-02 -2.07897E-02 
2.32527E-02 -1.94803E-02 
2.16672E-02 -1.82103E-02 
2.01470E-02 -1.69853E-02 
1.86979E-02 -1.58110E-02 
1.73278E-02 -1.46951E-02 
1.60552E-02 -1.36542E-02 
1.49318E-02 -1.27335E-02 
1.41040E-02 -1.20594E-02 
1.38753E-02 -1.18943E-02 
1.44130E-02 -1.23859E-02 
1.50497E-02 -1.29641E-02 
1.48999E-02 -1.28649E-02 
4.36459E-02 -3.54574E-02 
4.15464E-02 -3.38984E-02 
3.92110E-02 -3.21037E-02 
3.73045E-02 -3.06658E-02 
3.54089E-02 -2.92211E-02 
3.35392E-02 -2.77831E-02 
3.17108E-02 -2.63647E-02 
3.03278E-02 -2.52841E-02 
2.99299E-02 -2.49720E-02 
2.80712E-02 -2.35074E-02 
2.62672E-02 -2.20743E-02 
2.45195E-02 -2.06752E-02 
2.28438E-02 -1.93245E-02 
2.12627E-02 -1.80406E-02 
1.97673E-02 -1.68207E-02 
1.83361E-02 -1.56469E-02 
1.69723E-02 -1.45226E-02 
1.56796E-02 -1.34520E-02 
1.44641E-02 -1.24409E-02 
1.33401E-02 -1.15026E-02 
1.23495E-02 -1.06741E-02 
1.16110E-02 -1.00592E-02 
1.13698E-02 -9.87252E-03 
1.17558E-02 -1.02299E-02 
1.22184E-02 -1.06550E-02 
1.20412E-02 -1.05222E-02 
3.88035E-02 -3.21498E-02 
3.67905E-02 -3.05987E-02 
3.46107E-02 -2.88764E-02 
3.27872E-02 -2.74527E-02 
3.09985E-02 -2.60446E-02 
2.92312E-02 -2.46419E-02 
2.75132E-02 -2.32687E-02 
2.62264E-02 -2.22343E-02 
2.58570E-02 -2.19364E-02 
2.41381E-02 -2.05447E-02 
2.24789E-02 -1.91921E-02 
2.08857E-02 -1.78849E-02 
1.93678E-02 -1.66324E-02 
1.79450E-02 -1.54511E-02 
1.66050E-02 -1.43339E-02 
1.53312E-02 -1.32671E-02 
1.41248E-02 -1.22525E-02 
1.29880E-02 -1.12926E-02 
1.19250E-02 -1.03916E-02 
1.09468E-02 -9.56001E-03 
1.00863E-02 -8.82721E-03 
9.43861E-03 -8.27732E-03 
9.19908E-03 -8.08329E-03 
9.46661E-03 -8.33435E-03 
9.79305E-03 -8.63784E-03 
9.60601E-03 -8.48830E-03 
3.40564E-02 -2.87195E-02 
3.21545E-02 -2.72083E-02 
3.01564E-02 -2.55915E-02 
2.84413E-02 -2.42129E-02 
2.67749E-02 -2.28646E-02 
2.51473E-02 -2.15390E-02 
2.35667E-02 -2.02434E-02 
2.23865E-02 -1.92713E-02 
2.20491E-02 -1.89928E-02 
2.04830E-02 -1.76948E-02 
1.89797E-02 -1.64414E-02 
1.75468E-02 -1.52402E-02 
1.61932E-02 -1.41000E-02 
1.49372E-02 -1.30366E-02 
1.37585E-02 -1.20351E-02 
1.26434E-02 -1.10837E-02 
1.15931E-02 -1.01843E-02 
1.06091E-02 -9.33890E-03 
9.69416E-03 -8.55036E-03 
8.85629E-03 -7.82631E-03 
8.12103E-03 -7.18990E-03 
7.56309E-03 -6.70800E-03 
7.33583E-03 -6.51778E-03 
7.51306E-03 -6.68649E-03 
7.73504E-03 -6.89533E-03 
7.55116E-03 -6.74221E-03 
2.95178E-02 -2.52870E-02 
2.77489E-02 -2.38454E-02 
2.59392E-02 -2.23502E-02 
2.43624E-02 -2.10521E-02 
2.28298E-02 -1.97830E-02 
2.13526E-02 -1.85530E-02 
1.99269E-02 -1.73594E-02 
1.88667E-02 -1.64679E-02 
1.85645E-02 -1.62132E-02 
1.71603E-02 -1.50258E-02 
1.58187E-02 -1.38853E-02 
1.45520E-02 -1.28034E-02 
1.33665E-02 -1.17867E-02 
1.22729E-02 -1.08448E-02 
1.12504E-02 -9.96109E-03 
1.02887E-02 -9.12710E-03 
9.38836E-03 -8.34378E-03 
8.54980E-03 -7.61210E-03 
7.77450E-03 -6.93380E-03 
7.06799E-03 -6.31427E-03 
6.44967E-03 -5.77127E-03 
5.97734E-03 -5.35707E-03 
5.76960E-03 -5.17878E-03 
5.88041E-03 -5.28601E-03 
6.02493E-03 -5.42369E-03 
5.85330E-03 -5.27661E-03 
2.51926E-02 -2.18909E-02 
2.35746E-02 -2.05433E-02 
2.19624E-02 -1.91868E-02 
2.05387E-02 -1.79904E-02 
1.91594E-02 -1.68254E-02 
1.78396E-02 -1.57052E-02 
1.65734E-02 -1.46253E-02 
1.56382E-02 -1.38246E-02 
1.53716E-02 -1.35959E-02 
1.41371E-02 -1.25334E-02 
1.29663E-02 -1.15210E-02 
1.18703E-02 -1.05695E-02 
1.08482E-02 -9.67867E-03 
9.91105E-03 -8.85884E-03 
9.03959E-03 -8.09415E-03 
8.22556E-03 -7.37770E-03 
7.46830E-03 -6.70936E-03 
6.76730E-03 -6.08909E-03 
6.12287E-03 -5.51757E-03 
5.53859E-03 -4.99837E-03 
5.02875E-03 -4.54470E-03 
4.63717E-03 -4.19658E-03 
4.45369E-03 -4.03589E-03 
4.51672E-03 -4.09824E-03 
4.60480E-03 -4.18338E-03 
4.45140E-03 -4.04899E-03 
2.11629E-02 -1.86252E-02 
1.97118E-02 -1.73942E-02 
1.82908E-02 -1.61792E-02 
1.70310E-02 -1.51019E-02 
1.58143E-02 -1.40566E-02 
1.46554E-02 -1.30564E-02 
1.35520E-02 -1.21001E-02 
1.27387E-02 -1.13926E-02 
1.25082E-02 -1.11916E-02 
1.14459E-02 -1.02633E-02 
1.04441E-02 -9.38409E-03 
9.51003E-03 -8.56115E-03 
8.64549E-03 -7.79684E-03 
7.85930E-03 -7.09948E-03 
7.13223E-03 -6.45278E-03 
6.45695E-03 -5.85053E-03 
5.83257E-03 -5.29231E-03 
5.25803E-03 -4.77750E-03 
4.73293E-03 -4.30604E-03 
4.25932E-03 -3.88008E-03 
3.84739E-03 -3.50914E-03 
3.52962E-03 -3.22315E-03 
3.37269E-03 -3.08339E-03 
3.40313E-03 -3.11465E-03 
3.45197E-03 -3.16275E-03 
3.32003E-03 -3.04511E-03 
1.74691E-02 -1.55506E-02 
1.61971E-02 -1.44546E-02 
1.49645E-02 -1.33856E-02 
1.38680E-02 -1.24337E-02 
1.28171E-02 -1.15175E-02 
1.18177E-02 -1.06424E-02 
1.08744E-02 -9.81332E-03 
1.01810E-02 -9.20167E-03 
9.98504E-03 -9.02852E-03 
9.08838E-03 -8.23428E-03 
8.24913E-03 -7.48793E-03 
7.46969E-03 -6.79225E-03 
6.75334E-03 -6.15086E-03 
6.10693E-03 -5.57035E-03 
5.51305E-03 -5.03565E-03 
4.96500E-03 -4.54102E-03 
4.46132E-03 -4.08543E-03 
4.00069E-03 -3.66796E-03 
3.58219E-03 -3.28800E-03 
3.20674E-03 -2.94662E-03 
2.88136E-03 -2.65044E-03 
2.62950E-03 -2.42124E-03 
2.49951E-03 -2.30381E-03 
2.50906E-03 -2.31480E-03 
2.53195E-03 -2.33807E-03 
2.42254E-03 -2.23908E-03 
1.41517E-02 -1.27259E-02 
1.30583E-02 -1.17711E-02 
1.20068E-02 -1.08477E-02 
1.10692E-02 -1.00232E-02 
1.01790E-02 -9.23706E-03 
9.33565E-03 -8.48940E-03 
8.54541E-03 -7.78621E-03 
7.96636E-03 -7.26919E-03 
7.80275E-03 -7.12284E-03 
7.06051E-03 -6.45748E-03 
6.37288E-03 -5.83886E-03 
5.73872E-03 -5.26637E-03 
5.15832E-03 -4.74079E-03 
4.63856E-03 -4.26881E-03 
4.16438E-03 -3.83720E-03 
3.72985E-03 -3.44080E-03 
3.33319E-03 -3.07822E-03 
2.97280E-03 -2.74822E-03 
2.64739E-03 -2.44979E-03 
2.35710E-03 -2.18321E-03 
2.10649E-03 -1.95285E-03 
1.91203E-03 -1.77412E-03 
1.80785E-03 -1.67884E-03 
1.80523E-03 -1.67774E-03 
1.81214E-03 -1.68548E-03 
1.72466E-03 -1.60534E-03 
1.12335E-02 -1.01924E-02 
1.03076E-02 -9.37438E-03 
9.42910E-03 -8.59465E-03 
8.64270E-03 -7.89517E-03 
7.90451E-03 -7.23610E-03 
7.20695E-03 -6.61092E-03 
6.55856E-03 -6.02774E-03 
6.08719E-03 -5.60243E-03 
5.95398E-03 -5.48202E-03 
5.35188E-03 -4.93662E-03 
4.80130E-03 -4.43618E-03 
4.29897E-03 -3.97812E-03 
3.84095E-03 -3.55918E-03 
3.43318E-03 -3.18523E-03 
3.06394E-03 -2.84584E-03 
2.72844E-03 -2.53682E-03 
2.42451E-03 -2.25637E-03 
2.15026E-03 -2.00291E-03 
1.90421E-03 -1.77520E-03 
1.68599E-03 -1.57301E-03 
1.49840E-03 -1.39904E-03 
1.35261E-03 -1.26383E-03 
1.27198E-03 -1.18932E-03 
1.26338E-03 -1.18205E-03 
1.26148E-03 -1.18103E-03 
1.19413E-03 -1.11868E-03 
8.72268E-03 -7.97588E-03 
7.95365E-03 -7.28970E-03 
7.23426E-03 -6.64521E-03 
6.58799E-03 -6.06475E-03 
5.98712E-03 -5.52318E-03 
5.42450E-03 -5.01421E-03 
4.90323E-03 -4.54101E-03 
4.52902E-03 -4.20030E-03 
4.42343E-03 -4.10397E-03 
3.94795E-03 -3.66935E-03 
3.51758E-03 -3.27467E-03 
3.12850E-03 -2.91672E-03 
2.77747E-03 -2.59281E-03 
2.46759E-03 -2.30616E-03 
2.18869E-03 -2.04758E-03 
1.93710E-03 -1.81386E-03 
1.71101E-03 -1.60348E-03 
1.50857E-03 -1.41483E-03 
1.32824E-03 -1.24657E-03 
1.16932E-03 -1.09814E-03 
1.03335E-03 -9.71050E-04 
9.27613E-04 -8.72193E-04 
8.67558E-04 -8.16175E-04 
8.57090E-04 -8.06746E-04 
8.51246E-04 -8.01649E-04 
8.01460E-04 -7.55143E-04 
6.60801E-03 -6.08212E-03 
5.98393E-03 -5.52058E-03 
5.40532E-03 -4.99802E-03 
4.88753E-03 -4.52914E-03 
4.40782E-03 -4.09324E-03 
3.96468E-03 -3.68916E-03 
3.55720E-03 -3.31635E-03 
3.26681E-03 -3.04987E-03 
3.18541E-03 -2.97505E-03 
2.82050E-03 -2.63892E-03 
2.49389E-03 -2.33710E-03 
2.20123E-03 -2.06579E-03 
1.93993E-03 -1.82284E-03 
1.71171E-03 -1.61011E-03 
1.50841E-03 -1.42021E-03 
1.32674E-03 -1.25017E-03 
1.16474E-03 -1.09831E-03 
1.02077E-03 -9.63158E-04 
8.93471E-04 -8.43523E-04 
7.82027E-04 -7.38692E-04 
6.87162E-04 -6.49397E-04 
6.13401E-04 -5.79949E-04 
5.70571E-04 -5.39678E-04 
5.60715E-04 -5.30560E-04 
5.53974E-04 -5.24375E-04 
5.18807E-04 -4.91268E-04 
4.88709E-03 -4.52203E-03 
4.38973E-03 -4.07137E-03 
3.93399E-03 -3.65701E-03 
3.52684E-03 -3.28579E-03 
3.15329E-03 -2.94407E-03 
2.81199E-03 -2.63081E-03 
2.50103E-03 -2.34446E-03 
2.28148E-03 -2.14171E-03 
2.22040E-03 -2.08521E-03 
1.94866E-03 -1.83335E-03 
1.70785E-03 -1.60941E-03 
1.49456E-03 -1.41043E-03 
1.30654E-03 -1.23450E-03 
1.14435E-03 -1.08237E-03 
1.00134E-03 -9.47927E-04 
8.74844E-04 -8.28785E-04 
7.63149E-04 -7.23414E-04 
6.64763E-04 -6.30477E-04 
5.78450E-04 -5.48859E-04 
5.03415E-04 -4.77847E-04 
4.39892E-04 -4.17694E-04 
3.90553E-04 -3.70959E-04 
3.61398E-04 -3.43361E-04 
3.53386E-04 -3.35831E-04 
3.47419E-04 -3.30237E-04 
3.23745E-04 -3.07804E-04 
3.52189E-03 -3.27164E-03 
3.13412E-03 -2.91829E-03 
2.78161E-03 -2.59604E-03 
2.46969E-03 -2.31010E-03 
2.18531E-03 -2.04854E-03 
1.92920E-03 -1.81227E-03 
1.69780E-03 -1.59811E-03 
1.53652E-03 -1.44844E-03 
1.49208E-03 -1.40713E-03 
1.29530E-03 -1.22386E-03 
1.12332E-03 -1.06317E-03 
9.73714E-04 -9.22930E-04 
8.43706E-04 -8.00686E-04 
7.32885E-04 -6.96220E-04 
6.36431E-04 -6.05092E-04 
5.52101E-04 -5.25262E-04 
4.78456E-04 -4.55434E-04 
4.14231E-04 -3.94459E-04 
3.58376E-04 -3.41378E-04 
3.10189E-04 -2.95551E-04 
2.69641E-04 -2.56967E-04 
2.38214E-04 -2.27053E-04 
2.19405E-04 -2.09152E-04 
2.13604E-04 -2.03642E-04 
2.09102E-04 -1.99366E-04 
1.94019E-04 -1.84999E-04 
2.47491E-03 -2.30460E-03 
2.17869E-03 -2.03350E-03 
1.91187E-03 -1.78858E-03 
1.67806E-03 -1.57335E-03 
1.46698E-03 -1.37845E-03 
1.27898E-03 -1.20437E-03 
1.11186E-03 -1.04917E-03 
9.96437E-04 -9.41705E-04 
9.64930E-04 -9.12327E-04 
8.27121E-04 -7.83585E-04 
7.08638E-04 -6.72540E-04 
6.07167E-04 -5.77134E-04 
5.20699E-04 -4.95579E-04 
4.48209E-04 -4.27026E-04 
3.86026E-04 -3.68077E-04 
3.32421E-04 -3.17156E-04 
2.86206E-04 -2.73181E-04 
2.46357E-04 -2.35214E-04 
2.12036E-04 -2.02482E-04 
1.82665E-04 -1.74452E-04 
1.58106E-04 -1.51003E-04 
1.39130E-04 -1.32880E-04 
1.27693E-04 -1.21951E-04 
1.23923E-04 -1.18344E-04 
1.20948E-04 -1.15494E-04 
1.11893E-04 -1.06837E-04 
1.70055E-03 -1.58462E-03 
1.47858E-03 -1.38087E-03 
1.28097E-03 -1.19897E-03 
1.10941E-03 -1.04063E-03 
9.56447E-04 -8.99063E-04 
8.21749E-04 -7.74087E-04 
7.04141E-04 -6.64693E-04 
6.23747E-04 -5.89734E-04 
6.02058E-04 -5.69487E-04 
5.08309E-04 -4.81817E-04 
4.29146E-04 -4.07558E-04 
3.62872E-04 -3.45194E-04 
3.07534E-04 -2.92953E-04 
2.62073E-04 -2.49916E-04 
2.23770E-04 -2.13562E-04 
1.91314E-04 -1.82690E-04 
1.63739E-04 -1.56414E-04 
1.40255E-04 -1.34005E-04 
1.20242E-04 -1.14889E-04 
1.03259E-04 -9.86566E-05 
8.91475E-05 -8.51640E-05 
7.82896E-05 -7.47786E-05 
7.17444E-05 -6.85131E-05 
6.95516E-05 -6.64045E-05 
6.78258E-05 -6.47416E-05 
6.27047E-05 -5.98386E-05 
1.14868E-03 -1.06906E-03 
9.85647E-04 -9.19188E-04 
8.42120E-04 -7.86910E-04 
7.18887E-04 -6.73059E-04 
6.10457E-04 -5.72650E-04 
5.16081E-04 -4.85074E-04 
4.35038E-04 -4.09733E-04 
3.80435E-04 -3.58871E-04 
3.65822E-04 -3.45246E-04 
3.03536E-04 -2.87085E-04 
2.52172E-04 -2.38996E-04 
2.10063E-04 -1.99450E-04 
1.75705E-04 -1.67078E-04 
1.48154E-04 -1.41044E-04 
1.25455E-04 -1.19538E-04 
1.06570E-04 -1.01602E-04 
9.07903E-05 -8.65841E-05 
7.75405E-05 -7.39559E-05 
6.63708E-05 -6.32989E-05 
5.69676E-05 -5.43215E-05 
4.91986E-05 -4.69016E-05 
4.32490E-05 -4.12175E-05 
3.96941E-05 -3.78176E-05 
3.85566E-05 -3.67219E-05 
3.76848E-05 -3.58797E-05 
3.49260E-05 -3.32418E-05 
7.69095E-04 -7.13445E-04 
6.51472E-04 -6.05340E-04 
5.49198E-04 -5.11130E-04 
4.62385E-04 -4.30997E-04 
3.86999E-04 -3.61294E-04 
3.22062E-04 -3.01170E-04 
2.67068E-04 -2.50200E-04 
2.30556E-04 -2.16316E-04 
2.20835E-04 -2.07289E-04 
1.80050E-04 -1.69380E-04 
1.47092E-04 -1.38679E-04 
1.20716E-04 -1.14043E-04 
9.97657E-05 -9.44155E-05 
8.33377E-05 -7.89778E-05 
7.00741E-05 -6.64754E-05 
5.92467E-05 -5.62412E-05 
5.03657E-05 -4.78286E-05 
4.30118E-05 -4.08505E-05 
3.68748E-05 -3.50203E-05 
3.17416E-05 -3.01401E-05 
2.75173E-05 -2.61224E-05 
2.42976E-05 -2.30591E-05 
2.24090E-05 -2.12605E-05 
2.18780E-05 -2.07508E-05 
2.14968E-05 -2.03837E-05 
2.00333E-05 -1.89907E-05 
5.15368E-04 -4.75538E-04 
4.32026E-04 -3.99098E-04 
3.60349E-04 -3.33242E-04 
3.00224E-04 -2.77916E-04 
2.48553E-04 -2.30331E-04 
2.04418E-04 -1.89668E-04 
1.67294E-04 -1.55463E-04 
1.42939E-04 -1.33017E-04 
1.36473E-04 -1.27055E-04 
1.09667E-04 -1.02335E-04 
8.84161E-05 -8.27106E-05 
7.17180E-05 -6.72537E-05 
5.86801E-05 -5.51468E-05 
4.86581E-05 -4.58097E-05 
4.07352E-05 -3.84034E-05 
3.43928E-05 -3.24565E-05 
2.92584E-05 -2.76293E-05 
2.50518E-05 -2.36659E-05 
2.15679E-05 -2.03783E-05 
1.86650E-05 -1.76361E-05 
1.62795E-05 -1.53814E-05 
1.44676E-05 -1.36683E-05 
1.34301E-05 -1.26871E-05 
1.31959E-05 -1.24650E-05 
1.30490E-05 -1.23256E-05 
1.22395E-05 -1.15604E-05 
3.49194E-04 -3.19879E-04 
2.90918E-04 -2.66658E-04 
2.41321E-04 -2.21313E-04 
2.00228E-04 -1.83719E-04 
1.65057E-04 -1.51550E-04 
1.35047E-04 -1.24116E-04 
1.09816E-04 -1.01074E-04 
9.33240E-05 -8.60243E-05 
8.89476E-05 -8.20300E-05 
7.08455E-05 -6.55111E-05 
5.66990E-05 -5.25960E-05 
4.56733E-05 -4.25046E-05 
3.71465E-05 -3.46711E-05 
3.06680E-05 -2.86954E-05 
2.56179E-05 -2.40181E-05 
2.16219E-05 -2.03030E-05 
1.84243E-05 -1.73202E-05 
1.58261E-05 -1.48898E-05 
1.36836E-05 -1.28813E-05 
1.19013E-05 -1.12078E-05 
1.04363E-05 -9.83101E-06 
9.32540E-06 -8.78659E-06 
8.70207E-06 -8.20102E-06 
8.59223E-06 -8.09925E-06 
8.53675E-06 -8.04872E-06 
8.04459E-06 -7.58644E-06 
---
