PdfType: replica
Format: lhagrid1
---
1.00000E-06 1.28121E-06 1.64152E-06 2.10317E-06 2.69463E-06 3.45242E-06 4.42329E-06 5.66715E-06 7.26076E-06 9.30241E-06 1.19180E-05 1.52689E-05 1.95617E-05 2.50609E-05 3.21053E-05 4.11287E-05 5.26863E-05 6.74889E-05 8.64459E-05 1.10720E-04 1.41800E-04 1.81585E-04 2.32503E-04 2.97652E-04 3.80981E-04 4.87518E-04 6.26039E-04 8.00452E-04 1.02297E-03 1.30657E-03 1.66759E-03 2.12729E-03 2.71054E-03 3.44865E-03 4.37927E-03 5.54908E-03 7.01192E-03 8.83064E-03 1.10763E-02 1.38266E-02 1.71641E-02 2.11717E-02 2.59364E-02 3.15062E-02 3.79623E-02 4.53425E-02 5.36750E-02 6.29705E-02 7.32221E-02 8.44039E-02 9.64793E-02 1.09332E-01 1.23067E-01 1.37507E-01 1.52639E-01 1.68416E-01 1.84794E-01 2.01731E-01 2.19016E-01 2.36948E-01 2.55242E-01 2.73927E-01 2.92954E-01 3.12340E-01 3.32036E-01 3.52019E-01 3.72282E-01 3.92772E-01 4.13533E-01 4.34326E-01 4.55495E-01 4.76836E-01 4.98342E-01 5.20006E-01 5.41818E-01 5.63773E-01 5.85861E-01 6.08077E-01 6.30459E-01 6.52800E-01 6.75387E-01 6.98063E-01 7.20830E-01 7.43683E-01 7.66623E-01 7.89636E-01 8.12791E-01 8.35940E-01 8.59175E-01 8.82485E-01 9.05866E-01 9.29311E-01 9.52817E-01 9.76387E-01 1.00000E+00 
1.14018E+00 1.22539E+00 1.32482E+00 1.44156E+00 1.57954E+00 1.74381E+00 1.94091E+00 2.12132E+00 2.17945E+00 2.49622E+00 2.89383E+00 3.39925E+00 4.05063E+00 4.90286E+00 6.03623E+00 7.57063E+00 9.68869E+00 1.26749E+01 1.69835E+01 2.33578E+01 3.30501E+01 4.82334E+01 7.28041E+01 1.13998E+02 1.85779E+02 3.16228E+02 
908 909 
-2.22213E+02 -8.54486E+01 
-2.31939E+02 -8.60218E+01 
-2.09964E+02 -8.46944E+01 
-2.24090E+02 -8.47095E+01 
-2.38816E+02 -8.46076E+01 
-2.54144E+02 -8.43635E+01 
-2.70072E+02 -8.39472E+01 
-2.82804E+02 -8.34845E+01 
-2.86593E+02 -8.33230E+01 
-3.05051E+02 -8.23687E+01 
-3.24148E+02 -8.10622E+01 
-3.43837E+02 -7.93318E+01 
-3.64053E+02 -7.70946E+01 
-3.77010E+02 -7.37697E+01 
-3.98397E+02 -6.97560E+01 
-4.20010E+02 -6.48859E+01 
-4.41676E+02 -5.90161E+01 
-4.63220E+02 -5.19858E+01 
-4.84534E+02 -4.36154E+01 
-5.05856E+02 -3.37028E+01 
-5.28770E+02 -2.19824E+01 
-5.59240E+02 -7.86915E+00 
-6.12511E+02 1.05641E+01 
-7.03466E+02 3.78869E+01 
-8.07469E+02 7.75112E+01 
-8.73748E+02 1.25794E+02 
-1.87898E+02 -6.90169E+01 
-1.95510E+02 -6.95676E+01 
-1.78196E+02 -6.84247E+01 
-1.89180E+02 -6.84876E+01 
-2.00622E+02 -6.84467E+01 
-2.12518E+02 -6.82799E+01 
-2.24866E+02 -6.79610E+01 
-2.34723E+02 -6.75904E+01 
-2.37654E+02 -6.74590E+01 
-2.51915E+02 -6.66709E+01 
-2.66636E+02 -6.55751E+01 
-2.81771E+02 -6.41101E+01 
-2.97257E+02 -6.22058E+01 
-3.06934E+02 -5.93760E+01 
-3.23096E+02 -5.59669E+01 
-3.39321E+02 -5.18281E+01 
-3.55456E+02 -4.68399E+01 
-3.71338E+02 -4.08683E+01 
-3.86859E+02 -3.37640E+01 
-4.02174E+02 -2.53575E+01 
-4.18488E+02 -1.54193E+01 
-4.40400E+02 -3.42845E+00 
-4.79604E+02 1.23107E+01 
-5.47129E+02 3.57009E+01 
-6.23119E+02 6.94444E+01 
-6.68201E+02 1.10185E+02 
-1.57645E+02 -5.65342E+01 
-1.63639E+02 -5.70260E+01 
-1.50025E+02 -5.59974E+01 
-1.58595E+02 -5.60642E+01 
-1.67512E+02 -5.60385E+01 
-1.76773E+02 -5.59009E+01 
-1.86370E+02 -5.56287E+01 
-1.94019E+02 -5.53087E+01 
-1.96291E+02 -5.51949E+01 
-2.07332E+02 -5.45103E+01 
-2.18697E+02 -5.35565E+01 
-2.30343E+02 -5.22814E+01 
-2.42212E+02 -5.06256E+01 
-2.49424E+02 -4.81835E+01 
-2.61616E+02 -4.52543E+01 
-2.73761E+02 -4.17036E+01 
-2.85724E+02 -3.74316E+01 
-2.97357E+02 -3.23273E+01 
-3.08550E+02 -2.62667E+01 
-3.19405E+02 -1.91083E+01 
-3.30828E+02 -1.06553E+01 
-3.46359E+02 -4.48159E-01 
-3.74935E+02 1.29970E+01 
-4.24661E+02 3.30094E+01 
-4.79544E+02 6.17305E+01 
-5.09119E+02 9.61047E+01 
-1.31669E+02 -4.67409E+01 
-1.36416E+02 -4.71553E+01 
-1.25722E+02 -4.62042E+01 
-1.32430E+02 -4.62500E+01 
-1.39401E+02 -4.62132E+01 
-1.46628E+02 -4.60770E+01 
-1.54104E+02 -4.58216E+01 
-1.60051E+02 -4.55276E+01 
-1.61816E+02 -4.54238E+01 
-1.70376E+02 -4.48046E+01 
-1.79159E+02 -4.39502E+01 
-1.88125E+02 -4.28164E+01 
-1.97219E+02 -4.13533E+01 
-2.02573E+02 -3.92240E+01 
-2.11745E+02 -3.66849E+01 
-2.20799E+02 -3.36168E+01 
-2.29614E+02 -2.99371E+01 
-2.38058E+02 -2.55537E+01 
-2.46027E+02 -2.03642E+01 
-2.53578E+02 -1.42507E+01 
-2.61395E+02 -7.04481E+00 
-2.72190E+02 1.65776E+00 
-2.92776E+02 1.31536E+01 
-3.29045E+02 3.02826E+01 
-3.68118E+02 5.47356E+01 
-3.86472E+02 8.37443E+01 
-1.09753E+02 -3.88165E+01 
-1.13531E+02 -3.91495E+01 
-1.05130E+02 -3.82599E+01 
-1.10393E+02 -3.82744E+01 
-1.15853E+02 -3.82154E+01 
-1.21504E+02 -3.80682E+01 
-1.27337E+02 -3.78156E+01 
-1.31967E+02 -3.75354E+01 
-1.33339E+02 -3.74378E+01 
-1.39981E+02 -3.68637E+01 
-1.46770E+02 -3.60846E+01 
-1.53669E+02 -3.50630E+01 
-1.60629E+02 -3.37570E+01 
-1.64577E+02 -3.18888E+01 
-1.71449E+02 -2.96750E+01 
-1.78160E+02 -2.70117E+01 
-1.84601E+02 -2.38303E+01 
-1.90655E+02 -2.00549E+01 
-1.96227E+02 -1.56009E+01 
-2.01342E+02 -1.03704E+01 
-2.06513E+02 -4.21907E+00 
-2.13816E+02 3.20901E+00 
-2.28422E+02 1.30478E+01 
-2.54566E+02 2.77218E+01 
-2.81872E+02 4.85551E+01 
-2.92211E+02 7.30430E+01 
-9.14537E+01 -3.22498E+01 
-9.44691E+01 -3.25067E+01 
-8.78617E+01 -3.16739E+01 
-9.19984E+01 -3.16564E+01 
-9.62812E+01 -3.15736E+01 
-1.00704E+02 -3.14127E+01 
-1.05257E+02 -3.11591E+01 
-1.08863E+02 -3.08883E+01 
-1.09930E+02 -3.07954E+01 
-1.15082E+02 -3.02575E+01 
-1.20326E+02 -2.95411E+01 
-1.25627E+02 -2.86148E+01 
-1.30940E+02 -2.74435E+01 
-1.33824E+02 -2.57994E+01 
-1.38943E+02 -2.38634E+01 
-1.43876E+02 -2.15458E+01 
-1.48528E+02 -1.87899E+01 
-1.52796E+02 -1.55333E+01 
-1.56592E+02 -1.17063E+01 
-1.59921E+02 -7.22744E+00 
-1.63167E+02 -1.97283E+00 
-1.67911E+02 4.37154E+00 
-1.78067E+02 1.27994E+01 
-1.96630E+02 2.53831E+01 
-2.15236E+02 4.31467E+01 
-2.19947E+02 6.38238E+01 
-7.62507E+01 -2.67280E+01 
-7.86625E+01 -2.69188E+01 
-7.34549E+01 -2.61432E+01 
-7.67080E+01 -2.60980E+01 
-8.00685E+01 -2.59951E+01 
-8.35301E+01 -2.58233E+01 
-8.70842E+01 -2.55698E+01 
-8.98903E+01 -2.53084E+01 
-9.07190E+01 -2.52199E+01 
-9.47108E+01 -2.47155E+01 
-9.87535E+01 -2.40560E+01 
-1.02816E+02 -2.32150E+01 
-1.06858E+02 -2.21632E+01 
-1.08935E+02 -2.07155E+01 
-1.12718E+02 -1.90206E+01 
-1.16304E+02 -1.70021E+01 
-1.19612E+02 -1.46133E+01 
-1.22549E+02 -1.18029E+01 
-1.25038E+02 -8.51374E+00 
-1.27069E+02 -4.67800E+00 
-1.28928E+02 -1.88978E-01 
-1.31815E+02 5.23121E+00 
-1.38681E+02 1.24554E+01 
-1.51598E+02 2.32568E+01 
-1.63823E+02 3.84145E+01 
-1.64666E+02 5.58769E+01 
-6.36366E+01 -2.20551E+01 
-6.55670E+01 -2.21915E+01 
-6.14505E+01 -2.14744E+01 
-6.40082E+01 -2.14082E+01 
-6.66438E+01 -2.12910E+01 
-6.93511E+01 -2.11130E+01 
-7.21218E+01 -2.08632E+01 
-7.43023E+01 -2.06127E+01 
-7.49449E+01 -2.05290E+01 
-7.80312E+01 -2.00579E+01 
-8.11391E+01 -1.94522E+01 
-8.42402E+01 -1.86900E+01 
-8.72992E+01 -1.77467E+01 
-8.87672E+01 -1.64732E+01 
-9.15333E+01 -1.49896E+01 
-9.41025E+01 -1.32319E+01 
-9.64028E+01 -1.11617E+01 
-9.83557E+01 -8.73704E+00 
-9.98896E+01 -5.91094E+00 
-1.00989E+02 -2.62701E+00 
-1.01861E+02 1.20692E+00 
-1.03419E+02 5.83742E+00 
-1.07870E+02 1.20326E+01 
-1.16610E+02 2.13113E+01 
-1.24198E+02 3.42535E+01 
-1.22463E+02 4.90021E+01 
-5.31588E+01 -1.80991E+01 
-5.47035E+01 -1.81925E+01 
-5.14378E+01 -1.75349E+01 
-5.34467E+01 -1.74544E+01 
-5.55113E+01 -1.73287E+01 
-5.76254E+01 -1.71495E+01 
-5.97813E+01 -1.69073E+01 
-6.14717E+01 -1.66698E+01 
-6.19687E+01 -1.65913E+01 
-6.43476E+01 -1.61541E+01 
-6.67276E+01 -1.56003E+01 
-6.90832E+01 -1.49116E+01 
-7.13832E+01 -1.40676E+01 
-7.23922E+01 -1.29492E+01 
-7.43870E+01 -1.16517E+01 
-7.61909E+01 -1.01223E+01 
-7.77417E+01 -8.32949E+00 
-7.89714E+01 -6.23885E+00 
-7.98164E+01 -3.81208E+00 
-8.02562E+01 -1.00219E+00 
-8.04425E+01 2.27065E+00 
-8.10625E+01 6.22564E+00 
-8.37600E+01 1.15397E+01 
-8.94317E+01 1.95147E+01 
-9.36911E+01 3.05704E+01 
-9.03154E+01 4.30266E+01 
-4.44352E+01 -1.47618E+01 
-4.56701E+01 -1.48220E+01 
-4.30685E+01 -1.42238E+01 
-4.46440E+01 -1.41348E+01 
-4.62583E+01 -1.40059E+01 
-4.79056E+01 -1.38298E+01 
-4.95788E+01 -1.35984E+01 
-5.08853E+01 -1.33756E+01 
-5.12684E+01 -1.33025E+01 
-5.30950E+01 -1.28995E+01 
-5.49086E+01 -1.23957E+01 
-5.66866E+01 -1.17756E+01 
-5.84016E+01 -1.10225E+01 
-5.90672E+01 -1.00423E+01 
-6.04794E+01 -8.90885E+00 
-6.17111E+01 -7.57936E+00 
-6.27086E+01 -6.02802E+00 
-6.34131E+01 -4.22680E+00 
-6.37689E+01 -2.14442E+00 
-6.37530E+01 2.58253E-01 
-6.34746E+01 3.05051E+00 
-6.34487E+01 6.42741E+00 
-6.48880E+01 1.09861E+01 
-6.83290E+01 1.78431E+01 
-7.02351E+01 2.72901E+01 
-6.58922E+01 3.78091E+01 
-3.71524E+01 -1.19620E+01 
-3.81382E+01 -1.19972E+01 
-3.60562E+01 -1.14571E+01 
-3.72893E+01 -1.13642E+01 
-3.85486E+01 -1.12361E+01 
-3.98288E+01 -1.10663E+01 
-4.11232E+01 -1.08480E+01 
-4.21291E+01 -1.06408E+01 
-4.24233E+01 -1.05733E+01 
-4.38191E+01 -1.02042E+01 
-4.51928E+01 -9.74775E+00 
-4.65244E+01 -9.19135E+00 
-4.77898E+01 -8.52118E+00 
-4.82010E+01 -7.66378E+00 
-4.91759E+01 -6.67483E+00 
-4.99830E+01 -5.52021E+00 
-5.05762E+01 -4.17893E+00 
-5.09052E+01 -2.62822E+00 
-5.09212E+01 -8.42606E-01 
-5.06004E+01 1.21049E+00 
-5.00203E+01 3.59134E+00 
-4.95639E+01 6.47357E+00 
-5.01157E+01 1.03841E+01 
-5.19549E+01 1.62810E+01 
-5.22318E+01 2.43549E+01 
-4.73982E+01 3.32365E+01 
-3.10573E+01 -9.62769E+00 
-3.18430E+01 -9.64448E+00 
-3.01686E+01 -9.16020E+00 
-3.11314E+01 -9.06689E+00 
-3.21112E+01 -8.94230E+00 
-3.31029E+01 -8.78105E+00 
-3.41005E+01 -8.57714E+00 
-3.48716E+01 -8.38593E+00 
-3.50963E+01 -8.32398E+00 
-3.61569E+01 -7.98754E+00 
-3.71898E+01 -7.57570E+00 
-3.81774E+01 -7.07791E+00 
-3.90988E+01 -6.48291E+00 
-3.93237E+01 -5.73431E+00 
-3.99727E+01 -4.87225E+00 
-4.04680E+01 -3.87031E+00 
-4.07702E+01 -2.71147E+00 
-4.08359E+01 -1.37730E+00 
-4.06231E+01 1.52878E-01 
-4.01084E+01 1.90620E+00 
-3.93452E+01 3.93513E+00 
-3.86158E+01 6.39422E+00 
-3.85559E+01 9.74841E+00 
-3.92637E+01 1.48202E+01 
-3.84455E+01 2.17212E+01 
-3.34522E+01 2.92187E+01 
-2.59468E+01 -7.69390E+00 
-2.65720E+01 -7.69722E+00 
-2.52182E+01 -7.26583E+00 
-2.59681E+01 -7.17442E+00 
-2.67280E+01 -7.05527E+00 
-2.74935E+01 -6.90374E+00 
-2.82591E+01 -6.71473E+00 
-2.88470E+01 -6.53925E+00 
-2.90176E+01 -6.48268E+00 
-2.98181E+01 -6.17732E+00 
-3.05878E+01 -5.80683E+00 
-3.13115E+01 -5.36254E+00 
-3.19709E+01 -4.83528E+00 
-3.20618E+01 -4.18271E+00 
-3.24703E+01 -3.43179E+00 
-3.27396E+01 -2.56288E+00 
-3.28359E+01 -1.56220E+00 
-3.27224E+01 -4.14942E-01 
-3.23626E+01 8.95663E-01 
-3.17343E+01 2.39219E+00 
-3.08734E+01 4.12035E+00 
-2.99850E+01 6.21768E+00 
-2.95170E+01 9.09433E+00 
-2.94436E+01 1.34564E+01 
-2.79211E+01 1.93552E+01 
-2.29921E+01 2.56829E+01 
-2.16572E+01 -6.10144E+00 
-2.21537E+01 -6.09503E+00 
-2.10532E+01 -5.71320E+00 
-2.16356E+01 -5.62518E+00 
-2.22230E+01 -5.51250E+00 
-2.28115E+01 -5.37122E+00 
-2.33960E+01 -5.19700E+00 
-2.38416E+01 -5.03664E+00 
-2.39702E+01 -4.98517E+00 
-2.45694E+01 -4.70886E+00 
-2.51367E+01 -4.37634E+00 
-2.56588E+01 -3.98052E+00 
-2.61200E+01 -3.51396E+00 
-2.61163E+01 -2.94589E+00 
-2.63495E+01 -2.29210E+00 
-2.64577E+01 -1.53885E+00 
-2.64121E+01 -6.75082E-01 
-2.61814E+01 3.11075E-01 
-2.57343E+01 1.43314E+00 
-2.50501E+01 2.70991E+00 
-2.41516E+01 4.18125E+00 
-2.31855E+01 5.96944E+00 
-2.24587E+01 8.43620E+00 
-2.18630E+01 1.21879E+01 
-1.99190E+01 1.72299E+01 
-1.52000E+01 2.25693E+01 
-1.80551E+01 -4.79713E+00 
-1.84488E+01 -4.78376E+00 
-1.75491E+01 -4.44798E+00 
-1.79999E+01 -4.36418E+00 
-1.84523E+01 -4.25847E+00 
-1.89026E+01 -4.12746E+00 
-1.93463E+01 -3.96750E+00 
-1.96815E+01 -3.82140E+00 
-1.97777E+01 -3.77469E+00 
-2.02217E+01 -3.52523E+00 
-2.06340E+01 -3.22729E+00 
-2.10031E+01 -2.87511E+00 
-2.13153E+01 -2.46273E+00 
-2.12470E+01 -1.96881E+00 
-2.13543E+01 -1.39971E+00 
-2.13502E+01 -7.46880E-01 
-2.12102E+01 -1.47302E-03 
-2.09077E+01 8.45960E-01 
-2.04161E+01 1.80629E+00 
-1.97163E+01 2.89514E+00 
-1.88216E+01 4.14730E+00 
-1.78346E+01 5.67145E+00 
-1.69570E+01 7.78644E+00 
-1.60288E+01 1.10130E+01 
-1.38656E+01 1.53228E+01 
-9.44556E+00 1.98270E+01 
-1.50310E+01 -3.73404E+00 
-1.53427E+01 -3.71574E+00 
-1.46028E+01 -3.42245E+00 
-1.49507E+01 -3.34330E+00 
-1.52976E+01 -3.24463E+00 
-1.56403E+01 -3.12360E+00 
-1.59747E+01 -2.97712E+00 
-1.62247E+01 -2.84429E+00 
-1.62959E+01 -2.80198E+00 
-1.66208E+01 -2.57709E+00 
-1.69150E+01 -2.31045E+00 
-1.71686E+01 -1.99742E+00 
-1.73698E+01 -1.63321E+00 
-1.72592E+01 -1.20423E+00 
-1.72779E+01 -7.08898E-01 
-1.71978E+01 -1.43150E-01 
-1.69984E+01 5.00016E-01 
-1.66570E+01 1.22808E+00 
-1.61509E+01 2.04973E+00 
-1.54630E+01 2.97798E+00 
-1.45997E+01 4.04320E+00 
-1.36304E+01 5.34189E+00 
-1.26791E+01 7.15500E+00 
-1.15561E+01 9.92980E+00 
-9.31534E+00 1.36136E+01 
-5.24296E+00 1.74124E+01 
-1.24941E+01 -2.87144E+00 
-1.27404E+01 -2.84970E+00 
-1.21284E+01 -2.59540E+00 
-1.23957E+01 -2.52101E+00 
-1.26605E+01 -2.42924E+00 
-1.29196E+01 -2.31768E+00 
-1.31695E+01 -2.18380E+00 
-1.33539E+01 -2.06319E+00 
-1.34060E+01 -2.02491E+00 
-1.36399E+01 -1.82238E+00 
-1.38446E+01 -1.58395E+00 
-1.40117E+01 -1.30591E+00 
-1.41310E+01 -9.84454E-01 
-1.39946E+01 -6.12272E-01 
-1.39526E+01 -1.81120E-01 
-1.38235E+01 3.09145E-01 
-1.35899E+01 8.64034E-01 
-1.32328E+01 1.48942E+00 
-1.27329E+01 2.19221E+00 
-1.20749E+01 2.98325E+00 
-1.12604E+01 3.88905E+00 
-1.03339E+01 4.99526E+00 
-9.36284E+00 6.54934E+00 
-8.14337E+00 8.93548E+00 
-5.92219E+00 1.20842E+01 
-2.21774E+00 1.52872E+01 
-1.03680E+01 -2.17452E+00 
-1.05624E+01 -2.15042E+00 
-1.00531E+01 -1.93174E+00 
-1.02577E+01 -1.86203E+00 
-1.04585E+01 -1.77685E+00 
-1.06530E+01 -1.67420E+00 
-1.08378E+01 -1.55195E+00 
-1.09719E+01 -1.44254E+00 
-1.10093E+01 -1.40794E+00 
-1.11740E+01 -1.22568E+00 
-1.13115E+01 -1.01261E+00 
-1.14143E+01 -7.65783E-01 
-1.14741E+01 -4.82204E-01 
-1.13238E+01 -1.59643E-01 
-1.12417E+01 2.15673E-01 
-1.10832E+01 6.40521E-01 
-1.08337E+01 1.11919E+00 
-1.04770E+01 1.65625E+00 
-9.99687E+00 2.25718E+00 
-9.37976E+00 2.93098E+00 
-8.62401E+00 3.70085E+00 
-7.75583E+00 4.64275E+00 
-6.80166E+00 5.97454E+00 
-5.55469E+00 8.02630E+00 
-3.41713E+00 1.07175E+01 
-8.14225E-02 1.34173E+01 
-8.58849E+00 -1.61389E+00 
-8.74160E+00 -1.58825E+00 
-8.31546E+00 -1.40194E+00 
-8.47117E+00 -1.33674E+00 
-8.62249E+00 -1.25778E+00 
-8.76700E+00 -1.16340E+00 
-8.90185E+00 -1.05187E+00 
-8.99748E+00 -9.52687E-01 
-9.02372E+00 -9.21425E-01 
-9.13612E+00 -7.57498E-01 
-9.22339E+00 -5.67187E-01 
-9.27915E+00 -3.48169E-01 
-9.29619E+00 -9.81181E-02 
-9.14063E+00 1.81114E-01 
-9.03370E+00 5.07849E-01 
-8.85995E+00 8.75992E-01 
-8.60705E+00 1.28885E+00 
-8.26157E+00 1.74992E+00 
-7.80970E+00 2.26353E+00 
-7.23956E+00 2.83716E+00 
-6.54729E+00 3.49111E+00 
-5.74576E+00 4.29272E+00 
-4.83254E+00 5.43373E+00 
-3.60518E+00 7.19773E+00 
-1.59122E+00 9.49760E+00 
1.38782E+00 1.17724E+01 
-7.10118E+00 -1.16503E+00 
-7.22155E+00 -1.13845E+00 
-6.86297E+00 -9.81433E-01 
-6.98077E+00 -9.20506E-01 
-7.09377E+00 -8.47367E-01 
-7.19984E+00 -7.60647E-01 
-7.29645E+00 -6.58944E-01 
-7.36289E+00 -5.69069E-01 
-7.38071E+00 -5.40839E-01 
-7.45385E+00 -3.93469E-01 
-7.50398E+00 -2.23563E-01 
-7.52565E+00 -2.93133E-02 
-7.51278E+00 1.91069E-01 
-7.35795E+00 4.32486E-01 
-7.23716E+00 7.16931E-01 
-7.05811E+00 1.03590E+00 
-6.81049E+00 1.39189E+00 
-6.48306E+00 1.78757E+00 
-6.06421E+00 2.22630E+00 
-5.54355E+00 2.71433E+00 
-4.91584E+00 3.26941E+00 
-4.18436E+00 3.95122E+00 
-3.32687E+00 4.92844E+00 
-2.15006E+00 6.44473E+00 
-2.82368E-01 8.40987E+00 
2.36020E+00 1.03257E+01 
-5.85978E+00 -8.07568E-01 
-5.95420E+00 -7.80495E-01 
-5.65093E+00 -6.49839E-01 
-5.73936E+00 -5.92938E-01 
-5.82281E+00 -5.25217E-01 
-5.89939E+00 -4.45569E-01 
-5.96688E+00 -3.52868E-01 
-6.01127E+00 -2.71467E-01 
-6.02276E+00 -2.45986E-01 
-6.06668E+00 -1.13563E-01 
-6.08967E+00 3.80512E-02 
-6.08713E+00 2.10244E-01 
-6.05391E+00 4.04375E-01 
-5.90390E+00 6.12798E-01 
-5.77708E+00 8.60401E-01 
-5.59962E+00 1.13669E+00 
-5.36289E+00 1.44352E+00 
-5.05754E+00 1.78288E+00 
-4.67383E+00 2.15737E+00 
-4.20272E+00 2.57221E+00 
-3.63819E+00 3.04294E+00 
-2.97676E+00 3.62241E+00 
-2.18310E+00 4.45896E+00 
-1.07602E+00 5.76191E+00 
6.35049E-01 7.44055E+00 
2.96598E+00 9.05298E+00 
-4.82519E+00 -5.24718E-01 
-4.89906E+00 -4.97491E-01 
-4.64140E+00 -3.90430E-01 
-4.70712E+00 -3.37300E-01 
-4.76784E+00 -2.74617E-01 
-4.82188E+00 -2.01490E-01 
-4.86731E+00 -1.17029E-01 
-4.89518E+00 -4.33381E-02 
-4.90194E+00 -2.03508E-02 
-4.92433E+00 9.85794E-02 
-4.92781E+00 2.33795E-01 
-4.90849E+00 3.86346E-01 
-4.86204E+00 5.57247E-01 
-4.71951E+00 7.36895E-01 
-4.59213E+00 9.52373E-01 
-4.42084E+00 1.19159E+00 
-4.19845E+00 1.45589E+00 
-3.91718E+00 1.74672E+00 
-3.56890E+00 2.06608E+00 
-3.14578E+00 2.41832E+00 
-2.64143E+00 2.81706E+00 
-2.04776E+00 3.30907E+00 
-1.32135E+00 4.02475E+00 
-2.94651E-01 5.14389E+00 
1.25797E+00 6.57719E+00 
3.30436E+00 7.93323E+00 
-3.96418E+00 -3.02641E-01 
-4.02178E+00 -2.75520E-01 
-3.80202E+00 -1.89439E-01 
-3.85024E+00 -1.39839E-01 
-3.89353E+00 -8.18339E-02 
-3.93043E+00 -1.47223E-02 
-3.95925E+00 6.21933E-02 
-3.97481E+00 1.28867E-01 
-3.97810E+00 1.49592E-01 
-3.98483E+00 2.56337E-01 
-3.97456E+00 3.76847E-01 
-3.94403E+00 5.11901E-01 
-3.88961E+00 6.62242E-01 
-3.75615E+00 8.16802E-01 
-3.63191E+00 1.00424E+00 
-3.46969E+00 1.21122E+00 
-3.26351E+00 1.43869E+00 
-3.00691E+00 1.68767E+00 
-2.69312E+00 1.95969E+00 
-2.31541E+00 2.25836E+00 
-1.86727E+00 2.59563E+00 
-1.33765E+00 3.01288E+00 
-6.78632E-01 3.62463E+00 
2.63057E-01 4.58530E+00 
1.66113E+00 5.80839E+00 
3.45059E+00 6.94765E+00 
-3.24869E+00 -1.29961E-01 
-3.29341E+00 -1.03147E-01 
-3.10540E+00 -3.55828E-02 
-3.14014E+00 1.07118E-02 
-3.17011E+00 6.43665E-02 
-3.19403E+00 1.25927E-01 
-3.21044E+00 1.95927E-01 
-3.21695E+00 2.56210E-01 
-3.21771E+00 2.74883E-01 
-3.21324E+00 3.70618E-01 
-3.19358E+00 4.77934E-01 
-3.15596E+00 5.97396E-01 
-3.09738E+00 7.29531E-01 
-2.97384E+00 8.62231E-01 
-2.85517E+00 1.02516E+00 
-2.70369E+00 1.20409E+00 
-2.51447E+00 1.39964E+00 
-2.28217E+00 1.61251E+00 
-2.00115E+00 1.84383E+00 
-1.66564E+00 2.09664E+00 
-1.26926E+00 2.38140E+00 
-7.99130E-01 2.73470E+00 
-2.05467E-01 3.25705E+00 
6.50765E-01 4.08100E+00 
1.90188E+00 5.12384E+00 
3.46144E+00 6.07974E+00 
-2.65500E+00 2.67451E-03 
-2.68952E+00 2.90212E-02 
-2.52833E+00 8.03818E-02 
-2.55273E+00 1.23575E-01 
-2.57257E+00 1.73178E-01 
-2.58673E+00 2.29607E-01 
-2.59394E+00 2.93264E-01 
-2.59389E+00 3.47721E-01 
-2.59283E+00 3.64530E-01 
-2.58056E+00 4.50312E-01 
-2.55473E+00 5.45784E-01 
-2.51307E+00 6.51344E-01 
-2.45306E+00 7.67351E-01 
-2.33974E+00 8.81013E-01 
-2.22809E+00 1.02250E+00 
-2.08817E+00 1.17698E+00 
-1.91589E+00 1.34484E+00 
-1.70687E+00 1.52652E+00 
-1.45644E+00 1.72284E+00 
-1.15963E+00 1.93636E+00 
-8.10357E-01 2.17625E+00 
-3.94759E-01 2.47482E+00 
1.36971E-01 2.92023E+00 
9.10103E-01 3.62613E+00 
2.02405E+00 4.51433E+00 
3.37940E+00 5.31508E+00 
-2.16316E+00 1.02955E-01 
-2.18961E+00 1.28706E-01 
-2.05124E+00 1.66027E-01 
-2.06774E+00 2.06300E-01 
-2.07990E+00 2.52122E-01 
-2.08677E+00 3.03800E-01 
-2.08726E+00 3.61629E-01 
-2.08252E+00 4.10771E-01 
-2.08020E+00 4.25884E-01 
-2.06265E+00 5.02659E-01 
-2.03307E+00 5.87492E-01 
-1.98956E+00 6.80649E-01 
-1.93004E+00 7.82359E-01 
-1.82686E+00 8.79454E-01 
-1.72302E+00 1.00214E+00 
-1.59484E+00 1.13530E+00 
-1.43899E+00 1.27911E+00 
-1.25184E+00 1.43383E+00 
-1.02955E+00 1.60004E+00 
-7.67885E-01 1.77988E+00 
-4.61075E-01 1.98141E+00 
-9.49417E-02 2.23312E+00 
3.79091E-01 2.61225E+00 
1.07329E+00 3.21618E+00 
2.06100E+00 3.97159E+00 
3.23606E+00 4.64100E+00 
-1.75066E+00 1.78180E-01 
-1.77063E+00 2.03214E-01 
-1.65213E+00 2.28342E-01 
-1.66250E+00 2.65813E-01 
-1.66880E+00 3.08040E-01 
-1.67020E+00 3.55244E-01 
-1.66579E+00 4.07632E-01 
-1.65775E+00 4.51845E-01 
-1.65456E+00 4.65392E-01 
-1.63360E+00 5.33886E-01 
-1.60201E+00 6.09012E-01 
-1.55822E+00 6.90933E-01 
-1.50053E+00 7.79775E-01 
-1.40730E+00 8.62256E-01 
-1.31168E+00 9.68209E-01 
-1.19521E+00 1.08246E+00 
-1.05515E+00 1.20507E+00 
-8.88556E-01 1.33611E+00 
-6.92271E-01 1.47602E+00 
-4.62694E-01 1.62657E+00 
-1.94447E-01 1.79481E+00 
1.26541E-01 2.00582E+00 
5.46737E-01 2.32701E+00 
1.16613E+00 2.84151E+00 
2.03726E+00 3.48121E+00 
3.05167E+00 4.03784E+00 
-1.41598E+00 2.31287E-01 
-1.43089E+00 2.55520E-01 
-1.32927E+00 2.70528E-01 
-1.33507E+00 3.05381E-01 
-1.33706E+00 3.44286E-01 
-1.33454E+00 3.87394E-01 
-1.32672E+00 4.34847E-01 
-1.31652E+00 4.74623E-01 
-1.31278E+00 4.86766E-01 
-1.28986E+00 5.47874E-01 
-1.25756E+00 6.14407E-01 
-1.21459E+00 6.86449E-01 
-1.15954E+00 7.64054E-01 
-1.07559E+00 8.34049E-01 
-9.88032E-01 9.25533E-01 
-8.82579E-01 1.02353E+00 
-7.57004E-01 1.12798E+00 
-6.08916E-01 1.23888E+00 
-4.35717E-01 1.35649E+00 
-2.34346E-01 1.48233E+00 
1.70465E-04 1.62259E+00 
2.81495E-01 1.79930E+00 
6.53504E-01 2.07138E+00 
1.20509E+00 2.50984E+00 
1.97277E+00 3.05174E+00 
2.84903E+00 3.51448E+00 
-1.14020E+00 2.67896E-01 
-1.15108E+00 2.91242E-01 
-1.06416E+00 2.97851E-01 
-1.06648E+00 3.30203E-01 
-1.06527E+00 3.65974E-01 
-1.05992E+00 4.05261E-01 
-1.04977E+00 4.48154E-01 
-1.03819E+00 4.83862E-01 
-1.03413E+00 4.94723E-01 
-1.01026E+00 5.49119E-01 
-9.78145E-01 6.07904E-01 
-9.36705E-01 6.71105E-01 
-8.84801E-01 7.38716E-01 
-8.09539E-01 7.97871E-01 
-7.29763E-01 8.76610E-01 
-6.34664E-01 9.60360E-01 
-5.22429E-01 1.04899E+00 
-3.91122E-01 1.14242E+00 
-2.38620E-01 1.24082E+00 
-6.23195E-02 1.34545E+00 
1.42344E-01 1.46175E+00 
3.88432E-01 1.60907E+00 
7.16940E-01 1.83879E+00 
1.20668E+00 2.21144E+00 
1.88166E+00 2.66922E+00 
2.63755E+00 3.05245E+00 
-9.13461E-01 2.91477E-01 
-9.21122E-01 3.13856E-01 
-8.47039E-01 3.13641E-01 
-8.46736E-01 3.43592E-01 
-8.43163E-01 3.76395E-01 
-8.35809E-01 4.12107E-01 
-8.24129E-01 4.50775E-01 
-8.11756E-01 4.82745E-01 
-8.07543E-01 4.92432E-01 
-7.83453E-01 5.40720E-01 
-7.52120E-01 5.92509E-01 
-7.12667E-01 6.47783E-01 
-6.64161E-01 7.06493E-01 
-5.96924E-01 7.56241E-01 
-5.24525E-01 8.23737E-01 
-4.39022E-01 8.94989E-01 
-3.38953E-01 9.69823E-01 
-2.22756E-01 1.04810E+00 
-8.87029E-02 1.12991E+00 
6.54152E-02 1.21634E+00 
2.43768E-01 1.31214E+00 
4.58692E-01 1.43428E+00 
7.48187E-01 1.62745E+00 
1.18197E+00 1.94312E+00 
1.77437E+00 2.32855E+00 
2.42566E+00 2.64445E+00 
-7.27454E-01 3.04858E-01 
-7.32531E-01 3.26191E-01 
-6.69726E-01 3.20584E-01 
-6.67438E-01 3.48219E-01 
-6.62142E-01 3.78200E-01 
-6.53409E-01 4.10554E-01 
-6.40786E-01 4.45298E-01 
-6.28046E-01 4.73825E-01 
-6.23793E-01 4.82436E-01 
-5.99989E-01 5.25152E-01 
-5.69841E-01 5.70611E-01 
-5.32632E-01 6.18765E-01 
-4.87606E-01 6.69535E-01 
-4.27714E-01 7.11126E-01 
-3.62201E-01 7.68684E-01 
-2.85501E-01 8.28957E-01 
-1.96442E-01 8.91741E-01 
-9.37738E-02 9.56863E-01 
2.39065E-02 1.02437E+00 
1.58471E-01 1.09517E+00 
3.13712E-01 1.17343E+00 
5.01175E-01 1.27400E+00 
7.55863E-01 1.43564E+00 
1.13933E+00 1.70199E+00 
1.65851E+00 2.02517E+00 
2.21915E+00 2.28409E+00 
-5.75025E-01 3.10329E-01 
-5.78010E-01 3.30539E-01 
-5.25151E-01 3.20824E-01 
-5.21366E-01 3.46209E-01 
-5.14827E-01 3.73494E-01 
-5.05178E-01 4.02681E-01 
-4.92044E-01 4.33765E-01 
-4.79239E-01 4.59107E-01 
-4.75028E-01 4.66728E-01 
-4.51854E-01 5.04342E-01 
-4.23135E-01 5.44054E-01 
-3.88291E-01 5.85790E-01 
-3.46707E-01 6.29453E-01 
-2.93498E-01 6.63966E-01 
-2.34351E-01 7.12714E-01 
-1.65673E-01 7.63318E-01 
-8.65346E-02 8.15557E-01 
4.05981E-03 8.69245E-01 
1.07241E-01 9.24387E-01 
2.24594E-01 9.81768E-01 
3.59557E-01 1.04502E+00 
5.22860E-01 1.12709E+00 
7.46580E-01 1.26152E+00 
1.08499E+00 1.48512E+00 
1.53937E+00 1.75468E+00 
2.02151E+00 1.96536E+00 
-4.50687E-01 3.09708E-01 
-4.51969E-01 3.28723E-01 
-4.07877E-01 3.16051E-01 
-4.02968E-01 3.39249E-01 
-3.95550E-01 3.63953E-01 
-3.85329E-01 3.90150E-01 
-3.71994E-01 4.17817E-01 
-3.59336E-01 4.40213E-01 
-3.55223E-01 4.46922E-01 
-3.32900E-01 4.79864E-01 
-3.05740E-01 5.14357E-01 
-2.73274E-01 5.50311E-01 
-2.35008E-01 5.87614E-01 
-1.87828E-01 6.16001E-01 
-1.34503E-01 6.56947E-01 
-7.30783E-02 6.99048E-01 
-2.81961E-03 7.42080E-01 
7.70566E-02 7.85850E-01 
1.67458E-01 8.30342E-01 
2.69726E-01 8.76232E-01 
3.86970E-01 9.26684E-01 
5.29108E-01 9.92962E-01 
7.25421E-01 1.10395E+00 
1.02371E+00 1.29059E+00 
1.42106E+00 1.51411E+00 
1.83545E+00 1.68409E+00 
-3.49542E-01 3.04472E-01 
-3.49428E-01 3.22223E-01 
-3.13058E-01 3.07606E-01 
-3.07309E-01 3.28671E-01 
-2.99285E-01 3.50901E-01 
-2.88743E-01 3.74268E-01 
-2.75430E-01 3.98740E-01 
-2.63061E-01 4.18406E-01 
-2.59083E-01 4.24273E-01 
-2.37740E-01 4.52930E-01 
-2.12187E-01 4.82676E-01 
-1.82046E-01 5.13412E-01 
-1.46923E-01 5.45017E-01 
-1.05151E-01 5.68107E-01 
-5.71184E-02 6.02144E-01 
-2.21965E-03 6.36771E-01 
6.01177E-02 6.71767E-01 
1.30505E-01 7.06947E-01 
2.09665E-01 7.42283E-01 
2.98736E-01 7.78357E-01 
4.00521E-01 8.17926E-01 
5.24154E-01 8.70745E-01 
6.96281E-01 9.61597E-01 
9.58978E-01 1.11633E+00 
1.30625E+00 1.30035E+00 
1.66227E+00 1.43608E+00 
-2.67518E-01 2.95779E-01 
-2.66251E-01 3.12205E-01 
-2.36670E-01 2.96518E-01 
-2.30296E-01 3.15503E-01 
-2.21869E-01 3.35358E-01 
-2.11191E-01 3.56048E-01 
-1.98054E-01 3.77529E-01 
-1.86067E-01 3.94663E-01 
-1.82244E-01 3.99753E-01 
-1.61947E-01 4.24477E-01 
-1.37994E-01 4.49904E-01 
-1.10081E-01 4.75931E-01 
-7.78953E-02 5.02433E-01 
-4.09490E-02 5.20952E-01 
2.29573E-03 5.48878E-01 
5.13434E-02 5.76946E-01 
1.06634E-01 6.04949E-01 
1.68639E-01 6.32711E-01 
2.37930E-01 6.60203E-01 
3.15471E-01 6.87929E-01 
4.03793E-01 7.18283E-01 
5.11275E-01 7.59679E-01 
6.62118E-01 8.33277E-01 
8.93346E-01 9.60533E-01 
1.19677E+00 1.11076E+00 
1.50258E+00 1.21777E+00 
-2.01109E-01 2.84533E-01 
-1.98884E-01 2.99582E-01 
-1.75251E-01 2.83561E-01 
-1.68420E-01 3.00521E-01 
-1.59744E-01 3.18097E-01 
-1.49062E-01 3.36248E-01 
-1.36206E-01 3.54929E-01 
-1.24658E-01 3.69712E-01 
-1.21004E-01 3.74084E-01 
-1.01776E-01 3.95195E-01 
-7.93802E-02 4.16691E-01 
-5.35752E-02 4.38464E-01 
-2.41146E-02 4.60394E-01 
8.53864E-03 4.74974E-01 
4.74595E-02 4.97502E-01 
9.12662E-02 5.19825E-01 
1.40291E-01 5.41755E-01 
1.94891E-01 5.63132E-01 
2.55516E-01 5.83929E-01 
3.22983E-01 6.04585E-01 
3.99575E-01 6.27174E-01 
4.92963E-01 6.58917E-01 
6.25089E-01 7.17769E-01 
8.28532E-01 8.21404E-01 
1.09359E+00 9.42784E-01 
1.35622E+00 1.02579E+00 
-1.47486E-01 2.71438E-01 
-1.44465E-01 2.85072E-01 
-1.26014E-01 2.69326E-01 
-1.18856E-01 2.84317E-01 
-1.10049E-01 2.99712E-01 
-9.94611E-02 3.15466E-01 
-8.69580E-02 3.31529E-01 
-7.58812E-02 3.44134E-01 
-7.24005E-02 3.47844E-01 
-5.42376E-02 3.65642E-01 
-3.33362E-02 3.83565E-01 
-9.50737E-03 4.01508E-01 
1.74403E-02 4.19351E-01 
4.62872E-02 4.30550E-01 
8.13095E-02 4.48329E-01 
1.20427E-01 4.65647E-01 
1.63885E-01 4.82333E-01 
2.11949E-01 4.98248E-01 
2.64968E-01 5.13371E-01 
3.23638E-01 5.28087E-01 
3.90018E-01 5.44184E-01 
4.71122E-01 5.67824E-01 
5.86820E-01 6.14143E-01 
7.65786E-01 6.97560E-01 
9.97338E-01 7.94416E-01 
1.22288E+00 8.57491E-01 
-1.04262E-01 2.57038E-01 
-1.00581E-01 2.69235E-01 
-8.66114E-02 2.54247E-01 
-7.92332E-02 2.67338E-01 
-7.03871E-02 2.80655E-01 
-5.99677E-02 2.94151E-01 
-4.78664E-02 3.07776E-01 
-3.72786E-02 3.18370E-01 
-3.39725E-02 3.21471E-01 
-1.68530E-02 3.36243E-01 
2.62621E-03 3.50930E-01 
2.46112E-02 3.65433E-01 
4.92477E-02 3.79641E-01 
7.47271E-02 3.87949E-01 
1.06234E-01 4.01577E-01 
1.41155E-01 4.14560E-01 
1.79665E-01 4.26751E-01 
2.21956E-01 4.38030E-01 
2.68298E-01 4.48387E-01 
3.19284E-01 4.58159E-01 
3.76775E-01 4.68883E-01 
4.47176E-01 4.85780E-01 
5.48471E-01 5.21510E-01 
7.05910E-01 5.87705E-01 
9.08235E-01 6.63819E-01 
1.10196E+00 7.10454E-01 
-6.94630E-02 2.41757E-01 
-6.52439E-02 2.52518E-01 
-5.51131E-02 2.38651E-01 
-4.76041E-02 2.49922E-01 
-3.87950E-02 2.61272E-01 
-2.86014E-02 2.72656E-01 
-1.69367E-02 2.84023E-01 
-6.84613E-03 2.92770E-01 
-3.71349E-03 2.95315E-01 
1.23921E-02 3.07335E-01 
3.05234E-02 3.19109E-01 
5.07913E-02 3.30543E-01 
7.33036E-02 3.41535E-01 
9.58076E-02 3.47388E-01 
1.24140E-01 3.57415E-01 
1.55301E-01 3.66678E-01 
1.89410E-01 3.75050E-01 
2.26599E-01 3.82437E-01 
2.67076E-01 3.88835E-01 
3.11349E-01 3.94544E-01 
3.61101E-01 4.00876E-01 
4.22180E-01 4.12220E-01 
5.10859E-01 4.39070E-01 
6.49387E-01 4.90683E-01 
8.26247E-01 5.49360E-01 
9.92678E-01 5.82554E-01 
-4.14735E-02 2.25942E-01 
-3.68265E-02 2.35288E-01 
-2.99470E-02 2.22797E-01 
-2.23859E-02 2.32342E-01 
-1.36785E-02 2.41850E-01 
-3.75803E-03 2.51275E-01 
7.44406E-03 2.60567E-01 
1.70344E-02 2.67630E-01 
1.99957E-02 2.69671E-01 
3.51197E-02 2.79209E-01 
5.19752E-02 2.88379E-01 
7.06438E-02 2.97095E-01 
9.12025E-02 3.05266E-01 
1.11080E-01 3.09051E-01 
1.36542E-01 3.15987E-01 
1.64330E-01 3.22090E-01 
1.94520E-01 3.27259E-01 
2.27197E-01 3.31419E-01 
2.62520E-01 3.34577E-01 
3.00926E-01 3.36998E-01 
3.43941E-01 3.39794E-01 
3.96906E-01 3.46626E-01 
4.74544E-01 3.66097E-01 
5.96481E-01 4.05452E-01 
7.51173E-01 4.49579E-01 
8.94223E-01 4.71896E-01 
-1.89826E-02 2.09886E-01 
-1.40104E-02 2.17864E-01 
-9.84675E-03 2.06905E-01 
-2.30394E-03 2.14833E-01 
6.24477E-03 2.22632E-01 
1.58520E-02 2.30258E-01 
2.65711E-02 2.37662E-01 
3.56611E-02 2.43206E-01 
3.84540E-02 2.44792E-01 
5.26289E-02 2.52111E-01 
6.82766E-02 2.58975E-01 
8.54546E-02 2.65308E-01 
1.04214E-01 2.71029E-01 
1.21773E-01 2.73089E-01 
1.44637E-01 2.77402E-01 
1.69396E-01 2.80859E-01 
1.96092E-01 2.83378E-01 
2.24777E-01 2.84904E-01 
2.55568E-01 2.85455E-01 
2.88847E-01 2.85265E-01 
3.26000E-01 2.85270E-01 
3.71904E-01 2.88490E-01 
4.39890E-01 3.01891E-01 
5.47285E-01 3.31023E-01 
6.82697E-01 3.63109E-01 
8.05731E-01 3.76728E-01 
-9.50955E-04 1.93866E-01 
4.25115E-03 2.00545E-01 
6.18506E-03 1.91185E-01 
1.36464E-02 1.97618E-01 
2.19869E-02 2.03852E-01 
3.12474E-02 2.09843E-01 
4.14684E-02 2.15547E-01 
5.00607E-02 2.19733E-01 
5.26886E-02 2.20916E-01 
6.59479E-02 2.26272E-01 
8.04531E-02 2.31115E-01 
9.62414E-02 2.35379E-01 
1.13343E-01 2.38997E-01 
1.28860E-01 2.39634E-01 
1.49369E-01 2.41754E-01 
1.71408E-01 2.43026E-01 
1.94990E-01 2.43388E-01 
2.20143E-01 2.42805E-01 
2.46953E-01 2.41302E-01 
2.75755E-01 2.39086E-01 
3.07811E-01 2.36938E-01 
3.47580E-01 2.37318E-01 
4.07136E-01 2.45784E-01 
5.01804E-01 2.66469E-01 
6.20468E-01 2.88682E-01 
7.26384E-01 2.95440E-01 
1.34572E-02 1.78123E-01 
1.88030E-02 1.83586E-01 
1.89440E-02 1.75815E-01 
2.62692E-02 1.80882E-01 
3.43601E-02 1.85697E-01 
4.32474E-02 1.90219E-01 
5.29612E-02 1.94406E-01 
6.10616E-02 1.97389E-01 
6.35284E-02 1.98216E-01 
7.59071E-02 2.01851E-01 
8.93326E-02 2.04939E-01 
1.03826E-01 2.07426E-01 
1.19400E-01 2.09257E-01 
1.33117E-01 2.08730E-01 
1.51493E-01 2.09040E-01 
1.71087E-01 2.08535E-01 
1.91894E-01 2.07173E-01 
2.13920E-01 2.04933E-01 
2.37232E-01 2.01849E-01 
2.62123E-01 1.98102E-01 
2.89750E-01 1.94337E-01 
3.24187E-01 1.92529E-01 
3.76384E-01 1.97027E-01 
4.59914E-01 2.10786E-01 
5.64025E-01 2.24972E-01 
6.55299E-01 2.26394E-01 
2.48210E-02 1.62975E-01 
3.02366E-02 1.67320E-01 
2.89848E-02 1.61056E-01 
3.61313E-02 1.64893E-01 
4.39432E-02 1.68439E-01 
5.24427E-02 1.71656E-01 
6.16507E-02 1.74508E-01 
6.92729E-02 1.76440E-01 
7.15848E-02 1.76957E-01 
8.31262E-02 1.79102E-01 
9.55415E-02 1.80688E-01 
1.08838E-01 1.81669E-01 
1.23015E-01 1.82004E-01 
1.35158E-01 1.80538E-01 
1.51614E-01 1.79382E-01 
1.69025E-01 1.77464E-01 
1.87373E-01 1.74756E-01 
2.06651E-01 1.71252E-01 
2.26907E-01 1.66991E-01 
2.48405E-01 1.62131E-01 
2.72204E-01 1.57200E-01 
3.02037E-01 1.53753E-01 
3.47849E-01 1.55115E-01 
4.21687E-01 1.63274E-01 
5.13224E-01 1.71025E-01 
5.92041E-01 1.68386E-01 
3.36991E-02 1.48573E-01 
3.91278E-02 1.51893E-01 
3.68354E-02 1.47007E-01 
4.37742E-02 1.49738E-01 
5.12899E-02 1.52150E-01 
5.93974E-02 1.54210E-01 
6.81096E-02 1.55887E-01 
7.52718E-02 1.56901E-01 
7.74359E-02 1.57148E-01 
8.81866E-02 1.58006E-01 
9.96600E-02 1.58307E-01 
1.11852E-01 1.58017E-01 
1.24752E-01 1.57106E-01 
1.35520E-01 1.54882E-01 
1.50245E-01 1.52552E-01 
1.65704E-01 1.49523E-01 
1.81870E-01 1.45783E-01 
1.98725E-01 1.41338E-01 
2.16306E-01 1.36229E-01 
2.34851E-01 1.30595E-01 
2.55333E-01 1.24858E-01 
2.81178E-01 1.20215E-01 
3.21431E-01 1.19120E-01 
3.86810E-01 1.22770E-01 
4.67444E-01 1.25389E-01 
5.35622E-01 1.19705E-01 
4.04926E-02 1.35115E-01 
4.58969E-02 1.37495E-01 
4.28806E-02 1.33811E-01 
4.95993E-02 1.35548E-01 
5.68170E-02 1.36949E-01 
6.45420E-02 1.37985E-01 
7.27804E-02 1.38629E-01 
7.95087E-02 1.38842E-01 
8.15344E-02 1.38856E-01 
9.15491E-02 1.38605E-01 
1.02154E-01 1.37812E-01 
1.13337E-01 1.36456E-01 
1.25077E-01 1.34516E-01 
1.34650E-01 1.31681E-01 
1.47824E-01 1.28426E-01 
1.61545E-01 1.24544E-01 
1.75781E-01 1.20035E-01 
1.90508E-01 1.14915E-01 
2.05754E-01 1.09228E-01 
2.21737E-01 1.03092E-01 
2.39354E-01 9.68393E-02 
2.61754E-01 9.13604E-02 
2.97181E-01 8.83718E-02 
3.55196E-01 8.84267E-02 
4.26396E-01 8.69977E-02 
4.85502E-01 7.90886E-02 
4.55770E-02 1.22702E-01 
5.09400E-02 1.24215E-01 
4.74797E-02 1.21528E-01 
5.39819E-02 1.22366E-01 
6.09141E-02 1.22858E-01 
6.82785E-02 1.22982E-01 
7.60751E-02 1.22716E-01 
8.24019E-02 1.22229E-01 
8.42998E-02 1.22040E-01 
9.36389E-02 1.20832E-01 
1.03452E-01 1.19110E-01 
1.13718E-01 1.16861E-01 
1.24412E-01 1.14076E-01 
1.32950E-01 1.10750E-01 
1.44737E-01 1.06777E-01 
1.56915E-01 1.02254E-01 
1.69447E-01 9.71931E-02 
1.82306E-01 9.16155E-02 
1.95516E-01 8.55672E-02 
2.09275E-01 7.91487E-02 
2.24417E-01 7.26113E-02 
2.43842E-01 6.65826E-02 
2.75082E-01 6.21597E-02 
3.26694E-01 5.93736E-02 
3.89735E-01 5.47833E-02 
4.41103E-01 4.53013E-02 
4.93208E-02 1.11348E-01 
5.46432E-02 1.12049E-01 
5.09809E-02 1.10136E-01 
5.72828E-02 1.10152E-01 
6.39521E-02 1.09821E-01 
7.09858E-02 1.09125E-01 
7.83785E-02 1.08050E-01 
8.43389E-02 1.06949E-01 
8.61205E-02 1.06582E-01 
9.48447E-02 1.04547E-01 
1.03939E-01 1.02035E-01 
1.13376E-01 9.90411E-02 
1.23127E-01 9.55675E-02 
1.30769E-01 9.18467E-02 
1.41316E-01 8.73308E-02 
1.52123E-01 8.23463E-02 
1.63149E-01 7.69116E-02 
1.74367E-01 7.10548E-02 
1.85796E-01 6.48213E-02 
1.97624E-01 5.82946E-02 
2.10623E-01 5.16559E-02 
2.27475E-01 4.53071E-02 
2.55081E-01 3.98231E-02 
3.01123E-01 3.48144E-02 
3.57106E-01 2.77856E-02 
4.01864E-01 1.72474E-02 
5.20871E-02 1.00964E-01 
5.73803E-02 1.00890E-01 
5.37183E-02 9.95257E-02 
5.98420E-02 9.87802E-02 
6.62750E-02 9.76951E-02 
7.30096E-02 9.62585E-02 
8.00352E-02 9.44608E-02 
8.56621E-02 9.28179E-02 
8.73377E-02 9.22956E-02 
9.55018E-02 8.95454E-02 
1.03941E-01 8.63639E-02 
1.12627E-01 8.27556E-02 
1.21523E-01 7.87299E-02 
1.28382E-01 7.46987E-02 
1.37816E-01 6.97902E-02 
1.47396E-01 6.44955E-02 
1.57084E-01 5.88390E-02 
1.66851E-01 5.28525E-02 
1.76716E-01 4.65799E-02 
1.86855E-01 4.00881E-02 
1.97989E-01 3.34968E-02 
2.12606E-01 2.70139E-02 
2.37049E-01 2.07744E-02 
2.78235E-01 1.40523E-02 
3.28095E-01 5.17672E-03 
3.67184E-01 -6.00573E-03 
5.41955E-02 9.13077E-02 
5.94752E-02 9.04968E-02 
5.59800E-02 8.94755E-02 
6.19473E-02 8.80280E-02 
6.81685E-02 8.62561E-02 
7.46313E-02 8.41538E-02 
8.13212E-02 8.17178E-02 
8.66420E-02 7.96035E-02 
8.82201E-02 7.89476E-02 
9.58691E-02 7.55896E-02 
1.03707E-01 7.18539E-02 
1.11701E-01 6.77525E-02 
1.19815E-01 6.33017E-02 
1.25979E-01 5.90408E-02 
1.34402E-01 5.38753E-02 
1.42876E-01 4.84058E-02 
1.51362E-01 4.26610E-02 
1.59835E-01 3.66749E-02 
1.68313E-01 3.04884E-02 
1.76963E-01 2.41527E-02 
1.86462E-01 1.77329E-02 
1.99124E-01 1.12700E-02 
2.20796E-01 4.52956E-03 
2.57728E-01 -3.48101E-03 
3.02249E-01 -1.37131E-02 
3.36451E-01 -2.52062E-02 
5.59611E-02 8.21414E-02 
6.12356E-02 8.06297E-02 
5.80306E-02 7.97692E-02 
6.38539E-02 7.76782E-02 
6.98772E-02 7.52870E-02 
7.60843E-02 7.25952E-02 
8.24570E-02 6.96050E-02 
8.74884E-02 6.70897E-02 
8.89744E-02 6.63215E-02 
9.61369E-02 6.24621E-02 
1.03408E-01 5.82854E-02 
1.10753E-01 5.38092E-02 
1.18136E-01 4.90553E-02 
1.23667E-01 4.46474E-02 
1.31160E-01 3.93508E-02 
1.38620E-01 3.38312E-02 
1.46013E-01 2.81198E-02 
1.53315E-01 2.22508E-02 
1.60547E-01 1.62612E-02 
1.67869E-01 1.01872E-02 
1.75920E-01 4.04506E-03 
1.86855E-01 -2.26677E-03 
2.06080E-01 -9.29245E-03 
2.39256E-01 -1.82307E-02 
2.79085E-01 -2.94057E-02 
3.09039E-01 -4.09346E-02 
5.76450E-02 7.32597E-02 
6.29133E-02 7.11008E-02 
6.00784E-02 7.02584E-02 
6.57600E-02 6.75952E-02 
7.15881E-02 6.46635E-02 
7.75436E-02 6.14680E-02 
8.36055E-02 5.80159E-02 
8.83544E-02 5.51750E-02 
8.97507E-02 5.43172E-02 
9.64412E-02 5.00677E-02 
1.03166E-01 4.55659E-02 
1.09891E-01 4.08341E-02 
1.16579E-01 3.58978E-02 
1.21519E-01 3.14287E-02 
1.28143E-01 2.61198E-02 
1.34665E-01 2.06653E-02 
1.41054E-01 1.50975E-02 
1.47290E-01 9.44954E-03 
1.53397E-01 3.75324E-03 
1.59528E-01 -1.96969E-03 
1.66287E-01 -7.74558E-03 
1.75691E-01 -1.37973E-02 
1.92749E-01 -2.09240E-02 
2.22600E-01 -3.04781E-02 
2.58294E-01 -4.22419E-02 
2.84546E-01 -5.35821E-02 
5.95723E-02 6.44067E-02 
6.48137E-02 6.16513E-02 
6.23781E-02 6.07201E-02 
6.78995E-02 5.75530E-02 
7.35137E-02 5.41569E-02 
7.91994E-02 5.05413E-02 
8.49341E-02 4.67174E-02 
8.93895E-02 4.36247E-02 
9.06933E-02 4.26995E-02 
9.69013E-02 3.81685E-02 
1.03075E-01 3.34538E-02 
1.09181E-01 2.85810E-02 
1.15185E-01 2.35775E-02 
1.19548E-01 1.91344E-02 
1.25339E-01 1.39237E-02 
1.30971E-01 8.64108E-03 
1.36415E-01 3.31796E-03 
1.41658E-01 -2.01492E-03 
1.46724E-01 -7.33153E-03 
1.51765E-01 -1.26242E-02 
1.57352E-01 -1.79571E-02 
1.65373E-01 -2.36560E-02 
1.80477E-01 -3.07293E-02 
2.07330E-01 -4.06395E-02 
2.39319E-01 -5.26990E-02 
2.62290E-01 -6.36675E-02 
6.18527E-02 5.54726E-02 
6.70320E-02 5.21985E-02 
6.49869E-02 5.11177E-02 
7.03162E-02 4.75358E-02 
7.56849E-02 4.37702E-02 
8.10705E-02 3.98344E-02 
8.64500E-02 3.57430E-02 
9.05927E-02 3.24812E-02 
9.17989E-02 3.15131E-02 
9.75036E-02 2.68185E-02 
1.03112E-01 2.20099E-02 
1.08594E-01 1.71140E-02 
1.13917E-01 1.21588E-02 
1.17710E-01 7.83153E-03 
1.22698E-01 2.82310E-03 
1.27482E-01 -2.19030E-03 
1.32037E-01 -7.17916E-03 
1.36353E-01 -1.21163E-02 
1.40460E-01 -1.69821E-02 
1.44505E-01 -2.17820E-02 
1.49030E-01 -2.66130E-02 
1.55806E-01 -3.18858E-02 
1.69148E-01 -3.87743E-02 
1.93303E-01 -4.88116E-02 
2.21973E-01 -6.09117E-02 
2.42043E-01 -7.13629E-02 
6.44525E-02 4.62736E-02 
6.95116E-02 4.25805E-02 
6.78246E-02 4.13333E-02 
7.29139E-02 3.74445E-02 
7.79928E-02 3.34217E-02 
8.30383E-02 2.92808E-02 
8.80276E-02 2.50385E-02 
9.18346E-02 2.16984E-02 
9.29371E-02 2.07137E-02 
9.81141E-02 1.59806E-02 
1.03142E-01 1.12002E-02 
1.07991E-01 6.39933E-03 
1.12636E-01 1.60507E-03 
1.15859E-01 -2.51716E-03 
1.20071E-01 -7.22743E-03 
1.24042E-01 -1.18837E-02 
1.27754E-01 -1.64595E-02 
1.31201E-01 -2.09319E-02 
1.34417E-01 -2.52879E-02 
1.37545E-01 -2.95451E-02 
1.41101E-01 -3.38282E-02 
1.46745E-01 -3.86162E-02 
1.58484E-01 -4.52091E-02 
1.80177E-01 -5.51752E-02 
2.05835E-01 -6.70971E-02 
2.23313E-01 -7.69136E-02 
6.73023E-02 3.67965E-02 
7.21725E-02 3.28062E-02 
7.07930E-02 3.14140E-02 
7.55914E-02 2.73406E-02 
8.03354E-02 2.31828E-02 
8.50020E-02 1.89577E-02 
8.95680E-02 1.46832E-02 
9.30172E-02 1.13542E-02 
9.40103E-02 1.03788E-02 
9.86361E-02 5.72708E-03 
1.03066E-01 1.08961E-03 
1.07275E-01 -3.50797E-03 
1.11241E-01 -8.04016E-03 
1.13894E-01 -1.18765E-02 
1.17353E-01 -1.62066E-02 
1.20544E-01 -2.04327E-02 
1.23456E-01 -2.45320E-02 
1.26088E-01 -2.84864E-02 
1.28477E-01 -3.22895E-02 
1.30763E-01 -3.59700E-02 
1.33436E-01 -3.96756E-02 
1.38051E-01 -4.39377E-02 
1.48323E-01 -5.01456E-02 
1.67754E-01 -5.98726E-02 
1.90663E-01 -7.14333E-02 
2.05815E-01 -8.05281E-02 
7.06280E-02 2.72250E-02 
7.52456E-02 2.30452E-02 
7.40818E-02 2.15433E-02 
7.85240E-02 1.73860E-02 
8.28659E-02 1.31944E-02 
8.70864E-02 8.98696E-03 
9.11653E-02 4.78216E-03 
9.42117E-02 1.54261E-03 
9.50830E-02 5.99117E-04 
9.91052E-02 -3.86487E-03 
1.02897E-01 -8.25758E-03 
1.06437E-01 -1.25560E-02 
1.09709E-01 -1.67378E-02 
1.11780E-01 -2.02169E-02 
1.14500E-01 -2.40996E-02 
1.16940E-01 -2.78379E-02 
1.19091E-01 -3.14135E-02 
1.20959E-01 -3.48133E-02 
1.22582E-01 -3.80375E-02 
1.24098E-01 -4.11244E-02 
1.25971E-01 -4.42397E-02 
1.29652E-01 -4.79528E-02 
1.38583E-01 -5.37096E-02 
1.55934E-01 -6.30619E-02 
1.76329E-01 -7.41162E-02 
1.89397E-01 -8.24333E-02 
7.39655E-02 1.75467E-02 
7.82545E-02 1.33077E-02 
7.72341E-02 1.17588E-02 
8.12653E-02 7.64080E-03 
8.51591E-02 3.53564E-03 
8.88967E-02 -5.38427E-04 
9.24603E-02 -4.56355E-03 
9.50876E-02 -7.63305E-03 
9.58332E-02 -8.52183E-03 
9.92388E-02 -1.26949E-02 
1.02388E-01 -1.67490E-02 
1.05264E-01 -2.06642E-02 
1.07855E-01 -2.44219E-02 
1.09356E-01 -2.74864E-02 
1.11372E-01 -3.08717E-02 
1.13102E-01 -3.40826E-02 
1.14543E-01 -3.71051E-02 
1.15705E-01 -3.99313E-02 
1.16629E-01 -4.25672E-02 
1.17449E-01 -4.50594E-02 
1.18601E-01 -4.75869E-02 
1.21441E-01 -5.07437E-02 
1.29145E-01 -5.60019E-02 
1.44577E-01 -6.48702E-02 
1.62665E-01 -7.53028E-02 
1.73860E-01 -8.28102E-02 
7.71350E-02 8.06175E-03 
8.10029E-02 3.89099E-03 
8.00328E-02 2.36714E-03 
8.35962E-02 -1.59745E-03 
8.70001E-02 -5.50796E-03 
9.02288E-02 -9.34841E-03 
9.32654E-02 -1.31027E-02 
9.54727E-02 -1.59381E-02 
9.60935E-02 -1.67545E-02 
9.88921E-02 -2.05589E-02 
1.01416E-01 -2.42069E-02 
1.03654E-01 -2.76819E-02 
1.05597E-01 -3.09686E-02 
1.06555E-01 -3.35846E-02 
1.07916E-01 -3.64478E-02 
1.08992E-01 -3.91160E-02 
1.09785E-01 -4.15796E-02 
1.10310E-01 -4.38356E-02 
1.10609E-01 -4.58956E-02 
1.10812E-01 -4.78124E-02 
1.11331E-01 -4.97742E-02 
1.13425E-01 -5.23868E-02 
1.20019E-01 -5.71222E-02 
1.33692E-01 -6.54278E-02 
1.49679E-01 -7.51591E-02 
1.59211E-01 -8.18540E-02 
8.03162E-02 -1.23654E-03 
8.37439E-02 -5.23720E-03 
8.27705E-02 -6.67026E-03 
8.58417E-02 -1.03968E-02 
8.87222E-02 -1.40323E-02 
9.13977E-02 -1.75608E-02 
9.38573E-02 -2.09679E-02 
9.56055E-02 -2.35121E-02 
9.60906E-02 -2.42398E-02 
9.82368E-02 -2.76021E-02 
1.00103E-01 -3.07787E-02 
1.01683E-01 -3.37569E-02 
1.02972E-01 -3.65256E-02 
1.03385E-01 -3.86576E-02 
1.04112E-01 -4.09744E-02 
1.04567E-01 -4.30855E-02 
1.04756E-01 -4.49860E-02 
1.04696E-01 -4.66771E-02 
1.04431E-01 -4.81748E-02 
1.04085E-01 -4.95370E-02 
1.04044E-01 -5.09565E-02 
1.05470E-01 -5.30403E-02 
1.11047E-01 -5.72369E-02 
1.23085E-01 -6.49177E-02 
1.37129E-01 -7.38858E-02 
1.45163E-01 -7.97725E-02 
8.30164E-02 -1.00259E-02 
8.59273E-02 -1.37515E-02 
8.48658E-02 -1.50254E-02 
8.74007E-02 -1.84271E-02 
8.97307E-02 -2.17082E-02 
9.18466E-02 -2.48553E-02 
9.37416E-02 -2.78568E-02 
9.50518E-02 -3.00722E-02 
9.54084E-02 -3.07016E-02 
9.69401E-02 -3.35809E-02 
9.81911E-02 -3.62544E-02 
9.91603E-02 -3.87138E-02 
9.98488E-02 -4.09528E-02 
9.97650E-02 -4.25979E-02 
9.99225E-02 -4.43761E-02 
9.98250E-02 -4.59460E-02 
9.94812E-02 -4.73064E-02 
9.89109E-02 -4.84626E-02 
9.81585E-02 -4.94345E-02 
9.73430E-02 -5.02830E-02 
9.68225E-02 -5.12024E-02 
9.76694E-02 -5.27907E-02 
1.02333E-01 -5.64542E-02 
1.12876E-01 -6.34779E-02 
1.25150E-01 -7.16544E-02 
1.31860E-01 -7.67637E-02 
8.52395E-02 -1.81930E-02 
8.75910E-02 -2.15585E-02 
8.63697E-02 -2.26085E-02 
8.83367E-02 -2.56132E-02 
9.00992E-02 -2.84770E-02 
9.16510E-02 -3.11896E-02 
9.29853E-02 -3.37417E-02 
9.38643E-02 -3.56004E-02 
9.40956E-02 -3.61241E-02 
9.50371E-02 -3.84943E-02 
9.57104E-02 -4.06506E-02 
9.61153E-02 -4.25871E-02 
9.62549E-02 -4.43004E-02 
9.57209E-02 -4.54688E-02 
9.53699E-02 -4.67282E-02 
9.47840E-02 -4.77831E-02 
9.39751E-02 -4.86359E-02 
9.29652E-02 -4.92954E-02 
9.17988E-02 -4.97846E-02 
9.05888E-02 -5.01664E-02 
8.96671E-02 -5.06331E-02 
9.00166E-02 -5.17657E-02 
9.38637E-02 -5.49122E-02 
1.03038E-01 -6.12640E-02 
1.13703E-01 -6.86402E-02 
1.19244E-01 -7.30131E-02 
8.68403E-02 -2.55809E-02 
8.86795E-02 -2.85440E-02 
8.73123E-02 -2.93433E-02 
8.87486E-02 -3.19229E-02 
8.99855E-02 -3.43499E-02 
9.10062E-02 -3.66110E-02 
9.18000E-02 -3.86956E-02 
9.22588E-02 -4.01840E-02 
9.23674E-02 -4.05983E-02 
9.27279E-02 -4.24417E-02 
9.28335E-02 -4.40673E-02 
9.26911E-02 -4.54747E-02 
9.23084E-02 -4.66649E-02 
9.13514E-02 -4.73657E-02 
9.05388E-02 -4.81280E-02 
8.95190E-02 -4.86977E-02 
8.83058E-02 -4.90799E-02 
8.69219E-02 -4.92861E-02 
8.54106E-02 -4.93410E-02 
8.38776E-02 -4.93079E-02 
8.26282E-02 -4.93739E-02 
8.25584E-02 -5.00964E-02 
8.56816E-02 -5.27527E-02 
9.36145E-02 -5.84362E-02 
1.02824E-01 -6.50229E-02 
1.07344E-01 -6.87116E-02 
8.78144E-02 -3.21249E-02 
8.90565E-02 -3.46127E-02 
8.74547E-02 -3.51029E-02 
8.83239E-02 -3.72052E-02 
8.89906E-02 -3.91422E-02 
8.94563E-02 -4.09099E-02 
8.97232E-02 -4.25058E-02 
8.97958E-02 -4.36218E-02 
8.97946E-02 -4.39282E-02 
8.96495E-02 -4.52629E-02 
8.92758E-02 -4.63889E-02 
8.86773E-02 -4.73059E-02 
8.78627E-02 -4.80167E-02 
8.65616E-02 -4.82937E-02 
8.53709E-02 -4.86083E-02 
8.39981E-02 -4.87442E-02 
8.24590E-02 -4.87094E-02 
8.07771E-02 -4.85174E-02 
7.89950E-02 -4.81944E-02 
7.72113E-02 -4.78034E-02 
7.57057E-02 -4.75242E-02 
7.52907E-02 -4.78855E-02 
7.77771E-02 -5.00841E-02 
8.45847E-02 -5.51140E-02 
9.24800E-02 -6.09340E-02 
9.61115E-02 -6.39945E-02 
8.79441E-02 -3.76727E-02 
8.86633E-02 -3.96818E-02 
8.69053E-02 -3.98824E-02 
8.73076E-02 -4.15323E-02 
8.75088E-02 -4.30131E-02 
8.75060E-02 -4.43185E-02 
8.73032E-02 -4.54465E-02 
8.70144E-02 -4.61988E-02 
8.69091E-02 -4.63991E-02 
8.62818E-02 -4.72339E-02 
8.54510E-02 -4.78712E-02 
8.44201E-02 -4.83118E-02 
8.32000E-02 -4.85615E-02 
8.15790E-02 -4.84353E-02 
8.00505E-02 -4.83337E-02 
7.83722E-02 -4.80743E-02 
7.65605E-02 -4.76668E-02 
7.46385E-02 -4.71260E-02 
7.26462E-02 -4.64783E-02 
7.06742E-02 -4.57844E-02 
6.89759E-02 -4.52147E-02 
6.82836E-02 -4.52646E-02 
7.02163E-02 -4.70443E-02 
7.60136E-02 -5.14485E-02 
8.27331E-02 -5.65389E-02 
8.56003E-02 -5.90331E-02 
8.74598E-02 -4.22866E-02 
8.76486E-02 -4.37963E-02 
8.56539E-02 -4.36640E-02 
8.55445E-02 -4.48254E-02 
8.52456E-02 -4.58185E-02 
8.47709E-02 -4.66472E-02 
8.41245E-02 -4.73119E-02 
8.35121E-02 -4.77157E-02 
8.33152E-02 -4.78159E-02 
8.22708E-02 -4.81845E-02 
8.10580E-02 -4.83770E-02 
7.96827E-02 -4.83968E-02 
7.81524E-02 -4.82487E-02 
7.62987E-02 -4.77821E-02 
7.45216E-02 -4.73304E-02 
7.26212E-02 -4.67407E-02 
7.06148E-02 -4.60243E-02 
6.85253E-02 -4.51969E-02 
6.63907E-02 -4.42851E-02 
6.42943E-02 -4.33472E-02 
6.24654E-02 -4.25432E-02 
6.15598E-02 -4.23327E-02 
6.30173E-02 -4.37358E-02 
6.79129E-02 -4.75503E-02 
7.35864E-02 -5.19560E-02 
7.58023E-02 -5.39470E-02 
8.61482E-02 -4.58521E-02 
8.58332E-02 -4.68610E-02 
8.36452E-02 -4.64157E-02 
8.31323E-02 -4.71400E-02 
8.24568E-02 -4.77105E-02 
8.16133E-02 -4.81214E-02 
8.06079E-02 -4.83743E-02 
7.97263E-02 -4.84651E-02 
7.94525E-02 -4.84749E-02 
7.80527E-02 -4.84205E-02 
7.65043E-02 -4.82040E-02 
7.48177E-02 -4.78326E-02 
7.30068E-02 -4.73160E-02 
7.09472E-02 -4.65384E-02 
6.89604E-02 -4.57749E-02 
6.68813E-02 -4.48976E-02 
6.47273E-02 -4.39189E-02 
6.25201E-02 -4.28547E-02 
6.02944E-02 -4.17305E-02 
5.81254E-02 -4.06008E-02 
5.62178E-02 -3.96138E-02 
5.51552E-02 -3.91911E-02 
5.62091E-02 -4.02606E-02 
6.03056E-02 -4.35270E-02 
6.50545E-02 -4.72991E-02 
6.67216E-02 -4.88496E-02 
8.41926E-02 -4.84534E-02 
8.34577E-02 -4.90054E-02 
8.11007E-02 -4.82654E-02 
8.01838E-02 -4.85526E-02 
7.91021E-02 -4.86839E-02 
7.78754E-02 -4.86694E-02 
7.65205E-02 -4.85181E-02 
7.53913E-02 -4.83115E-02 
7.50491E-02 -4.82372E-02 
7.33487E-02 -4.78002E-02 
7.15425E-02 -4.72330E-02 
6.96364E-02 -4.65405E-02 
6.76382E-02 -4.57290E-02 
6.54541E-02 -4.47086E-02 
6.33376E-02 -4.37019E-02 
6.11542E-02 -4.26033E-02 
5.89206E-02 -4.14255E-02 
5.66576E-02 -4.01844E-02 
5.43974E-02 -3.89045E-02 
5.22077E-02 -3.76369E-02 
5.02710E-02 -3.65173E-02 
4.91032E-02 -3.59294E-02 
4.98207E-02 -3.67096E-02 
5.32156E-02 -3.94746E-02 
5.71545E-02 -4.26690E-02 
5.83658E-02 -4.38402E-02 
8.15720E-02 -5.00983E-02 
8.04098E-02 -5.01871E-02 
7.78836E-02 -4.91587E-02 
7.66193E-02 -4.90450E-02 
7.52510E-02 -4.88155E-02 
7.37789E-02 -4.84692E-02 
7.21810E-02 -4.79908E-02 
7.08735E-02 -4.75399E-02 
7.04815E-02 -4.73962E-02 
6.85512E-02 -4.66355E-02 
6.65298E-02 -4.57585E-02 
6.44366E-02 -4.47799E-02 
6.22843E-02 -4.37100E-02 
6.00054E-02 -4.24817E-02 
5.77951E-02 -4.12717E-02 
5.55448E-02 -3.99936E-02 
5.32708E-02 -3.86605E-02 
5.09922E-02 -3.72876E-02 
4.87377E-02 -3.58976E-02 
4.65672E-02 -3.45371E-02 
4.46412E-02 -3.33288E-02 
4.34120E-02 -3.26178E-02 
4.38525E-02 -3.31506E-02 
4.66346E-02 -3.54615E-02 
4.98674E-02 -3.81339E-02 
5.07044E-02 -3.89833E-02 
7.83731E-02 -5.08236E-02 
7.68934E-02 -5.05248E-02 
7.42574E-02 -4.92576E-02 
7.27325E-02 -4.88079E-02 
7.11038E-02 -4.82448E-02 
6.93589E-02 -4.75590E-02 
6.75228E-02 -4.67671E-02 
6.60553E-02 -4.60920E-02 
6.56204E-02 -4.58858E-02 
6.35166E-02 -4.48522E-02 
6.13615E-02 -4.37354E-02 
5.91602E-02 -4.25407E-02 
5.69225E-02 -4.12765E-02 
5.46078E-02 -3.98987E-02 
5.23661E-02 -3.85466E-02 
5.01077E-02 -3.71486E-02 
4.78467E-02 -3.57161E-02 
4.56003E-02 -3.42636E-02 
4.33941E-02 -3.28121E-02 
4.12809E-02 -3.14035E-02 
3.94015E-02 -3.01483E-02 
3.81504E-02 -2.93543E-02 
3.83701E-02 -2.96824E-02 
4.06271E-02 -3.15913E-02 
4.32557E-02 -3.38029E-02 
4.37937E-02 -3.43867E-02 
7.46223E-02 -5.07153E-02 
7.28693E-02 -5.00642E-02 
7.01450E-02 -4.85824E-02 
6.83667E-02 -4.78088E-02 
6.65161E-02 -4.69462E-02 
6.46210E-02 -4.60142E-02 
6.26765E-02 -4.50096E-02 
6.11259E-02 -4.41739E-02 
6.06651E-02 -4.39200E-02 
5.84366E-02 -4.26612E-02 
5.61766E-02 -4.13386E-02 
5.39011E-02 -3.99655E-02 
5.16171E-02 -3.85491E-02 
4.93027E-02 -3.70624E-02 
4.70657E-02 -3.56091E-02 
4.48338E-02 -3.41311E-02 
4.26197E-02 -3.26392E-02 
4.04381E-02 -3.11463E-02 
3.83113E-02 -2.96710E-02 
3.62850E-02 -2.82508E-02 
3.44809E-02 -2.69833E-02 
3.32397E-02 -2.61398E-02 
3.32848E-02 -2.62993E-02 
3.50881E-02 -2.78509E-02 
3.71955E-02 -2.96536E-02 
3.74955E-02 -3.00191E-02 
7.04236E-02 -4.98392E-02 
6.84701E-02 -4.88971E-02 
6.56968E-02 -4.72422E-02 
6.37403E-02 -4.62074E-02 
6.17546E-02 -4.51181E-02 
5.97348E-02 -4.39708E-02 
5.76662E-02 -4.27553E-02 
5.60421E-02 -4.17757E-02 
5.55657E-02 -4.14845E-02 
5.32866E-02 -4.00686E-02 
5.09991E-02 -3.86116E-02 
4.87121E-02 -3.71217E-02 
4.64350E-02 -3.56077E-02 
4.41605E-02 -3.40565E-02 
4.19677E-02 -3.25466E-02 
3.97984E-02 -3.10308E-02 
3.76638E-02 -2.95192E-02 
3.55768E-02 -2.80233E-02 
3.35563E-02 -2.65594E-02 
3.16411E-02 -2.51601E-02 
2.99355E-02 -2.39107E-02 
2.87313E-02 -2.30482E-02 
2.86439E-02 -2.30742E-02 
3.00633E-02 -2.43154E-02 
3.17297E-02 -2.57630E-02 
3.18469E-02 -2.59551E-02 
6.58616E-02 -4.82844E-02 
6.37395E-02 -4.70861E-02 
6.09703E-02 -4.53106E-02 
5.89168E-02 -4.40857E-02 
5.68361E-02 -4.28115E-02 
5.47322E-02 -4.14914E-02 
5.26101E-02 -4.01299E-02 
5.09567E-02 -3.90491E-02 
5.04723E-02 -3.87292E-02 
4.81697E-02 -3.71907E-02 
4.58808E-02 -3.56330E-02 
4.36201E-02 -3.40693E-02 
4.13954E-02 -3.25071E-02 
3.92038E-02 -3.09391E-02 
3.70960E-02 -2.94184E-02 
3.50254E-02 -2.79072E-02 
3.30018E-02 -2.64145E-02 
3.10362E-02 -2.49503E-02 
2.91446E-02 -2.35290E-02 
2.73602E-02 -2.21788E-02 
2.57714E-02 -2.09734E-02 
2.46257E-02 -2.01176E-02 
2.44427E-02 -2.00418E-02 
2.55409E-02 -2.10170E-02 
2.68381E-02 -2.21607E-02 
2.68197E-02 -2.22192E-02 
6.10165E-02 -4.61398E-02 
5.88067E-02 -4.47581E-02 
5.60790E-02 -4.29050E-02 
5.39524E-02 -4.15208E-02 
5.18064E-02 -4.00965E-02 
4.96698E-02 -3.86551E-02 
4.75473E-02 -3.72008E-02 
4.59212E-02 -3.60725E-02 
4.54480E-02 -3.57419E-02 
4.31909E-02 -3.41488E-02 
4.09458E-02 -3.25400E-02 
3.87400E-02 -3.09386E-02 
3.65894E-02 -2.93592E-02 
3.45015E-02 -2.78040E-02 
3.25026E-02 -2.63047E-02 
3.05535E-02 -2.48291E-02 
2.86614E-02 -2.33843E-02 
2.68349E-02 -2.19784E-02 
2.50875E-02 -2.06237E-02 
2.34467E-02 -1.93444E-02 
2.19871E-02 -1.82033E-02 
2.09164E-02 -1.73753E-02 
2.06688E-02 -1.72256E-02 
2.15014E-02 -1.79762E-02 
2.24934E-02 -1.88631E-02 
2.23790E-02 -1.88226E-02 
5.59943E-02 -4.35177E-02 
5.37094E-02 -4.19746E-02 
5.10458E-02 -4.00759E-02 
4.89266E-02 -3.86072E-02 
4.67890E-02 -3.71022E-02 
4.46763E-02 -3.55964E-02 
4.25976E-02 -3.40976E-02 
4.09929E-02 -3.29273E-02 
4.05245E-02 -3.25836E-02 
3.83164E-02 -3.09517E-02 
3.61672E-02 -2.93465E-02 
3.40764E-02 -2.77691E-02 
3.20454E-02 -2.62219E-02 
3.00870E-02 -2.47130E-02 
2.82165E-02 -2.32629E-02 
2.64037E-02 -2.18469E-02 
2.46557E-02 -2.04718E-02 
2.29798E-02 -1.91449E-02 
2.13864E-02 -1.78757E-02 
1.98978E-02 -1.66841E-02 
1.85752E-02 -1.56230E-02 
1.75913E-02 -1.48396E-02 
1.73050E-02 -1.46402E-02 
1.79213E-02 -1.52040E-02 
1.86641E-02 -1.58772E-02 
1.84864E-02 -1.57673E-02 
5.08348E-02 -4.04807E-02 
4.85643E-02 -3.88595E-02 
4.59981E-02 -3.69554E-02 
4.39013E-02 -3.54267E-02 
4.18247E-02 -3.38961E-02 
3.97733E-02 -3.23681E-02 
3.77570E-02 -3.08516E-02 
3.62169E-02 -2.96834E-02 
3.57699E-02 -2.93426E-02 
3.36709E-02 -2.77335E-02 
3.16329E-02 -2.61571E-02 
2.96658E-02 -2.46231E-02 
2.77690E-02 -2.31321E-02 
2.59579E-02 -2.16957E-02 
2.42353E-02 -2.03221E-02 
2.25765E-02 -1.89911E-02 
2.09870E-02 -1.77081E-02 
1.94721E-02 -1.64787E-02 
1.80399E-02 -1.53107E-02 
1.67080E-02 -1.42199E-02 
1.55267E-02 -1.32503E-02 
1.46375E-02 -1.25243E-02 
1.43338E-02 -1.22957E-02 
1.47768E-02 -1.27071E-02 
1.53194E-02 -1.32055E-02 
1.51048E-02 -1.30509E-02 
4.56491E-02 -3.71493E-02 
4.34289E-02 -3.54917E-02 
4.10010E-02 -3.36289E-02 
3.89837E-02 -3.20986E-02 
3.69824E-02 -3.05659E-02 
3.50125E-02 -2.90441E-02 
3.30892E-02 -2.75466E-02 
3.16363E-02 -2.64075E-02 
3.12186E-02 -2.60789E-02 
2.92686E-02 -2.45379E-02 
2.73782E-02 -2.30323E-02 
2.55486E-02 -2.15644E-02 
2.37958E-02 -2.01487E-02 
2.21430E-02 -1.88044E-02 
2.05805E-02 -1.75277E-02 
1.90860E-02 -1.63000E-02 
1.76622E-02 -1.51247E-02 
1.63128E-02 -1.40057E-02 
1.50439E-02 -1.29489E-02 
1.38692E-02 -1.19672E-02 
1.28293E-02 -1.10963E-02 
1.20388E-02 -1.04368E-02 
1.17346E-02 -1.01960E-02 
1.20414E-02 -1.04855E-02 
1.24260E-02 -1.08435E-02 
1.21956E-02 -1.06645E-02 
4.05108E-02 -3.36149E-02 
3.83920E-02 -3.19757E-02 
3.61156E-02 -3.01777E-02 
3.41971E-02 -2.86735E-02 
3.23180E-02 -2.71890E-02 
3.04642E-02 -2.57130E-02 
2.86641E-02 -2.42701E-02 
2.73170E-02 -2.31844E-02 
2.69305E-02 -2.28720E-02 
2.51327E-02 -2.14132E-02 
2.33988E-02 -1.99967E-02 
2.17349E-02 -1.86291E-02 
2.01505E-02 -1.73195E-02 
1.86657E-02 -1.60849E-02 
1.72682E-02 -1.49182E-02 
1.59401E-02 -1.38046E-02 
1.46827E-02 -1.27457E-02 
1.34978E-02 -1.17440E-02 
1.23896E-02 -1.08038E-02 
1.13686E-02 -9.93496E-03 
1.04668E-02 -9.16608E-03 
9.77572E-03 -8.57840E-03 
9.48390E-03 -8.33888E-03 
9.68604E-03 -8.53311E-03 
9.94840E-03 -8.78076E-03 
9.71813E-03 -8.59325E-03 
3.54920E-02 -2.99695E-02 
3.34977E-02 -2.83803E-02 
3.14049E-02 -2.66860E-02 
2.96088E-02 -2.52379E-02 
2.78656E-02 -2.38236E-02 
2.61645E-02 -2.24348E-02 
2.45138E-02 -2.10788E-02 
2.32820E-02 -2.00622E-02 
2.29300E-02 -1.97709E-02 
2.12965E-02 -1.84146E-02 
1.97292E-02 -1.71057E-02 
1.82359E-02 -1.58520E-02 
1.68258E-02 -1.46625E-02 
1.55170E-02 -1.35531E-02 
1.42900E-02 -1.25091E-02 
1.31292E-02 -1.15177E-02 
1.20360E-02 -1.05807E-02 
1.10119E-02 -9.69989E-03 
1.00595E-02 -8.87821E-03 
9.18629E-03 -8.12295E-03 
8.41697E-03 -7.45642E-03 
7.82347E-03 -6.94311E-03 
7.55342E-03 -6.71518E-03 
7.67729E-03 -6.83695E-03 
7.84731E-03 -6.99998E-03 
7.62886E-03 -6.81615E-03 
3.07087E-02 -2.63380E-02 
2.88601E-02 -2.48279E-02 
2.69610E-02 -2.32575E-02 
2.53161E-02 -2.19001E-02 
2.37184E-02 -2.05743E-02 
2.21793E-02 -1.92904E-02 
2.06946E-02 -1.80451E-02 
1.95910E-02 -1.71155E-02 
1.92764E-02 -1.68500E-02 
1.78151E-02 -1.56125E-02 
1.64194E-02 -1.44243E-02 
1.51020E-02 -1.32977E-02 
1.38692E-02 -1.22391E-02 
1.27315E-02 -1.12581E-02 
1.16688E-02 -1.03386E-02 
1.06694E-02 -9.47104E-03 
9.73378E-03 -8.65624E-03 
8.86234E-03 -7.89517E-03 
8.05642E-03 -7.18948E-03 
7.32126E-03 -6.54429E-03 
6.67541E-03 -5.97663E-03 
6.17442E-03 -5.53679E-03 
5.93216E-03 -5.32773E-03 
5.99996E-03 -5.39671E-03 
6.10286E-03 -5.49729E-03 
5.90401E-03 -5.32577E-03 
2.61631E-02 -2.27581E-02 
2.44769E-02 -2.13511E-02 
2.27837E-02 -1.99248E-02 
2.13033E-02 -1.86785E-02 
1.98697E-02 -1.74655E-02 
1.84983E-02 -1.62997E-02 
1.71831E-02 -1.51764E-02 
1.62118E-02 -1.43436E-02 
1.59349E-02 -1.41057E-02 
1.46531E-02 -1.30011E-02 
1.34375E-02 -1.19487E-02 
1.22998E-02 -1.09597E-02 
1.12388E-02 -1.00341E-02 
1.02655E-02 -9.18174E-03 
9.36135E-03 -8.38754E-03 
8.51678E-03 -7.64352E-03 
7.73113E-03 -6.94951E-03 
7.00380E-03 -6.30542E-03 
6.33500E-03 -5.71182E-03 
5.72804E-03 -5.17205E-03 
5.19649E-03 -4.69871E-03 
4.78231E-03 -4.33015E-03 
4.57153E-03 -4.14486E-03 
4.60048E-03 -4.17658E-03 
4.65579E-03 -4.23221E-03 
4.48142E-03 -4.07881E-03 
2.19385E-02 -1.93263E-02 
2.04301E-02 -1.80447E-02 
1.89378E-02 -1.67671E-02 
1.76315E-02 -1.56483E-02 
1.63702E-02 -1.45631E-02 
1.51689E-02 -1.35251E-02 
1.40254E-02 -1.25327E-02 
1.31826E-02 -1.17986E-02 
1.29436E-02 -1.15901E-02 
1.18429E-02 -1.06270E-02 
1.08048E-02 -9.71495E-03 
9.83704E-03 -8.86140E-03 
8.94133E-03 -8.06874E-03 
8.12628E-03 -7.34509E-03 
7.37327E-03 -6.67470E-03 
6.67391E-03 -6.05044E-03 
6.02727E-03 -5.47184E-03 
5.43222E-03 -4.93825E-03 
4.88824E-03 -4.44949E-03 
4.39714E-03 -4.00750E-03 
3.96853E-03 -3.62130E-03 
3.63338E-03 -3.31942E-03 
3.45531E-03 -3.16042E-03 
3.45922E-03 -3.16760E-03 
3.48273E-03 -3.19269E-03 
3.33499E-03 -3.06060E-03 
1.80749E-02 -1.61040E-02 
1.67557E-02 -1.49658E-02 
1.54622E-02 -1.38426E-02 
1.43282E-02 -1.28568E-02 
1.32414E-02 -1.19081E-02 
1.22077E-02 -1.10021E-02 
1.12323E-02 -1.01437E-02 
1.05152E-02 -9.51044E-03 
1.03126E-02 -9.33119E-03 
9.38531E-03 -8.50899E-03 
8.51746E-03 -7.73642E-03 
7.71149E-03 -7.01637E-03 
6.97079E-03 -6.35255E-03 
6.30198E-03 -5.75139E-03 
5.68814E-03 -5.19825E-03 
5.12167E-03 -4.68658E-03 
4.60107E-03 -4.21534E-03 
4.12495E-03 -3.78353E-03 
3.69227E-03 -3.39045E-03 
3.30377E-03 -3.03699E-03 
2.96597E-03 -2.72933E-03 
2.70112E-03 -2.48815E-03 
2.55513E-03 -2.35604E-03 
2.54447E-03 -2.34852E-03 
2.54820E-03 -2.35422E-03 
2.42718E-03 -2.24455E-03 
1.46123E-02 -1.31508E-02 
1.34810E-02 -1.21617E-02 
1.23792E-02 -1.11929E-02 
1.14118E-02 -1.03411E-02 
1.04932E-02 -9.52906E-03 
9.62292E-03 -8.75672E-03 
8.80747E-03 -8.03035E-03 
8.20995E-03 -7.49630E-03 
8.04111E-03 -7.34513E-03 
7.27521E-03 -6.65789E-03 
6.56567E-03 -6.01896E-03 
5.91136E-03 -5.42773E-03 
5.31254E-03 -4.88501E-03 
4.77597E-03 -4.39737E-03 
4.28695E-03 -3.95189E-03 
3.83885E-03 -3.54280E-03 
3.42980E-03 -3.16865E-03 
3.05815E-03 -2.82812E-03 
2.72250E-03 -2.52013E-03 
2.42283E-03 -2.24479E-03 
2.16330E-03 -2.00613E-03 
1.95944E-03 -1.81865E-03 
1.84348E-03 -1.71249E-03 
1.82584E-03 -1.69752E-03 
1.81859E-03 -1.69217E-03 
1.72283E-03 -1.60438E-03 
1.15731E-02 -1.05084E-02 
1.06171E-02 -9.66283E-03 
9.69852E-03 -8.84646E-03 
8.88891E-03 -8.12562E-03 
8.12890E-03 -7.44641E-03 
7.41068E-03 -6.80211E-03 
6.74312E-03 -6.20111E-03 
6.25783E-03 -5.76284E-03 
6.12069E-03 -5.63876E-03 
5.50085E-03 -5.07678E-03 
4.93409E-03 -4.56118E-03 
4.41706E-03 -4.08931E-03 
3.94570E-03 -3.65782E-03 
3.52583E-03 -3.27247E-03 
3.14603E-03 -2.92312E-03 
2.80095E-03 -2.60506E-03 
2.48836E-03 -2.31645E-03 
2.20630E-03 -2.05562E-03 
1.95319E-03 -1.82127E-03 
1.72853E-03 -1.61302E-03 
1.53480E-03 -1.43331E-03 
1.38246E-03 -1.29198E-03 
1.29345E-03 -1.20965E-03 
1.27398E-03 -1.19227E-03 
1.26191E-03 -1.18180E-03 
1.18886E-03 -1.11416E-03 
8.96396E-03 -8.20204E-03 
8.17174E-03 -7.49449E-03 
7.42148E-03 -6.82151E-03 
6.75766E-03 -6.22475E-03 
6.14046E-03 -5.66797E-03 
5.56257E-03 -5.14473E-03 
5.02720E-03 -4.65830E-03 
4.64291E-03 -4.30810E-03 
4.53447E-03 -4.20911E-03 
4.04627E-03 -3.76248E-03 
3.60446E-03 -3.35697E-03 
3.20513E-03 -2.98929E-03 
2.84493E-03 -2.65667E-03 
2.52683E-03 -2.36220E-03 
2.24081E-03 -2.09685E-03 
1.98283E-03 -1.85705E-03 
1.75103E-03 -1.64124E-03 
1.54347E-03 -1.44772E-03 
1.35854E-03 -1.27512E-03 
1.19544E-03 -1.12273E-03 
1.05547E-03 -9.91870E-04 
9.45360E-04 -8.88916E-04 
8.79534E-04 -8.27497E-04 
8.61451E-04 -8.10945E-04 
8.48523E-04 -7.99232E-04 
7.94947E-04 -7.49198E-04 
6.77197E-03 -6.23678E-03 
6.13060E-03 -5.65919E-03 
5.52906E-03 -5.11528E-03 
4.99850E-03 -4.63445E-03 
4.50699E-03 -4.18746E-03 
4.05301E-03 -3.77316E-03 
3.63565E-03 -3.39099E-03 
3.33828E-03 -3.11790E-03 
3.25494E-03 -3.04123E-03 
2.88139E-03 -2.69688E-03 
2.54716E-03 -2.38778E-03 
2.24778E-03 -2.11004E-03 
1.98058E-03 -1.86142E-03 
1.74713E-03 -1.64369E-03 
1.53940E-03 -1.44952E-03 
1.35378E-03 -1.27571E-03 
1.18829E-03 -1.12050E-03 
1.04121E-03 -9.82382E-04 
9.11132E-04 -8.60102E-04 
7.97149E-04 -7.52868E-04 
6.99826E-04 -6.61257E-04 
6.23296E-04 -5.89208E-04 
5.76654E-04 -5.45358E-04 
5.61654E-04 -5.31407E-04 
5.50152E-04 -5.20759E-04 
5.12554E-04 -4.85395E-04 
4.99317E-03 -4.62257E-03 
4.48334E-03 -4.16025E-03 
4.01124E-03 -3.73056E-03 
3.59514E-03 -3.35090E-03 
3.21345E-03 -3.00147E-03 
2.86481E-03 -2.68125E-03 
2.54728E-03 -2.38864E-03 
2.32320E-03 -2.18154E-03 
2.26086E-03 -2.12384E-03 
1.98366E-03 -1.86672E-03 
1.73813E-03 -1.63824E-03 
1.52078E-03 -1.43534E-03 
1.32928E-03 -1.25604E-03 
1.16407E-03 -1.10099E-03 
1.01854E-03 -9.64115E-04 
8.89845E-04 -8.42848E-04 
7.76212E-04 -7.35614E-04 
6.76106E-04 -6.41033E-04 
5.88248E-04 -5.57948E-04 
5.11786E-04 -4.85591E-04 
4.46842E-04 -4.24106E-04 
3.95828E-04 -3.75802E-04 
3.64248E-04 -3.45926E-04 
3.52885E-04 -3.35240E-04 
3.43823E-04 -3.26739E-04 
3.18622E-04 -3.02900E-04 
3.58663E-03 -3.33316E-03 
3.19026E-03 -2.97172E-03 
2.82657E-03 -2.63895E-03 
2.50872E-03 -2.34737E-03 
2.21903E-03 -2.08076E-03 
1.95827E-03 -1.84004E-03 
1.72281E-03 -1.62198E-03 
1.55880E-03 -1.46968E-03 
1.51362E-03 -1.42766E-03 
1.31369E-03 -1.24134E-03 
1.13908E-03 -1.07809E-03 
9.87307E-04 -9.35739E-04 
8.55509E-04 -8.11748E-04 
7.43164E-04 -7.05795E-04 
6.45477E-04 -6.13467E-04 
5.60079E-04 -5.32604E-04 
4.85493E-04 -4.61873E-04 
4.20422E-04 -4.00095E-04 
3.63788E-04 -3.46282E-04 
3.14854E-04 -2.99760E-04 
2.73522E-04 -2.60452E-04 
2.41111E-04 -2.29625E-04 
2.20808E-04 -2.10323E-04 
2.12900E-04 -2.02827E-04 
2.06443E-04 -1.96717E-04 
1.90390E-04 -1.81468E-04 
2.51196E-03 -2.33977E-03 
2.21010E-03 -2.06335E-03 
1.93604E-03 -1.81158E-03 
1.69855E-03 -1.59285E-03 
1.48427E-03 -1.39490E-03 
1.29355E-03 -1.21821E-03 
1.12417E-03 -1.06082E-03 
1.00729E-03 -9.51941E-04 
9.75402E-04 -9.22192E-04 
8.36019E-04 -7.91917E-04 
7.16314E-04 -6.79675E-04 
6.13894E-04 -5.83333E-04 
5.26698E-04 -5.01062E-04 
4.53600E-04 -4.31911E-04 
3.90945E-04 -3.72502E-04 
3.36927E-04 -3.21183E-04 
2.90331E-04 -2.76848E-04 
2.50112E-04 -2.38539E-04 
2.15419E-04 -2.05467E-04 
1.85656E-04 -1.77084E-04 
1.60648E-04 -1.53230E-04 
1.41078E-04 -1.34563E-04 
1.28723E-04 -1.22780E-04 
1.23659E-04 -1.17954E-04 
1.19459E-04 -1.13959E-04 
1.09741E-04 -1.04706E-04 
1.72040E-03 -1.60332E-03 
1.49497E-03 -1.39631E-03 
1.29296E-03 -1.21025E-03 
1.11932E-03 -1.04993E-03 
9.64637E-04 -9.06713E-04 
8.28553E-04 -7.80406E-04 
7.09879E-04 -6.69985E-04 
6.28848E-04 -5.94409E-04 
6.07005E-04 -5.74012E-04 
5.12669E-04 -4.85770E-04 
4.33121E-04 -4.11132E-04 
3.66605E-04 -3.48527E-04 
3.11118E-04 -2.96136E-04 
2.65528E-04 -2.52973E-04 
2.27131E-04 -2.16531E-04 
1.94570E-04 -1.85563E-04 
1.66862E-04 -1.59169E-04 
1.43210E-04 -1.36613E-04 
1.22986E-04 -1.17312E-04 
1.05748E-04 -1.00855E-04 
9.13252E-05 -8.70854E-05 
8.00581E-05 -7.63288E-05 
7.29210E-05 -6.95145E-05 
6.99241E-05 -6.66517E-05 
6.74075E-05 -6.42521E-05 
6.17676E-05 -5.88813E-05 
1.15875E-03 -1.07836E-03 
9.93770E-04 -9.26664E-04 
8.47775E-04 -7.92061E-04 
7.23539E-04 -6.77264E-04 
6.14343E-04 -5.76131E-04 
5.19418E-04 -4.88039E-04 
4.38026E-04 -4.12372E-04 
3.83271E-04 -3.61369E-04 
3.68632E-04 -3.47719E-04 
3.06299E-04 -2.89520E-04 
2.54987E-04 -2.41487E-04 
2.12975E-04 -2.02038E-04 
1.78720E-04 -1.69770E-04 
1.51232E-04 -1.43803E-04 
1.28574E-04 -1.22342E-04 
1.09677E-04 -1.04403E-04 
9.38273E-05 -8.93288E-05 
8.04494E-05 -7.65898E-05 
6.90962E-05 -6.57706E-05 
5.94588E-05 -5.65837E-05 
5.14074E-05 -4.89084E-05 
4.51181E-05 -4.29135E-05 
4.11369E-05 -3.91177E-05 
3.94695E-05 -3.75256E-05 
3.80438E-05 -3.61669E-05 
3.48223E-05 -3.31050E-05 
7.74124E-04 -7.17901E-04 
6.55540E-04 -6.08908E-04 
5.52021E-04 -5.13545E-04 
4.64853E-04 -4.33094E-04 
3.89253E-04 -3.63206E-04 
3.24226E-04 -3.03016E-04 
2.69249E-04 -2.52084E-04 
2.32813E-04 -2.18289E-04 
2.23123E-04 -2.09296E-04 
1.82525E-04 -1.71585E-04 
1.49780E-04 -1.41106E-04 
1.23609E-04 -1.16681E-04 
1.02830E-04 -9.72292E-05 
8.65020E-05 -8.18976E-05 
7.32871E-05 -6.94508E-05 
6.24418E-05 -5.92077E-05 
5.34770E-05 -5.07229E-05 
4.59768E-05 -4.36128E-05 
3.96383E-05 -3.75977E-05 
3.42574E-05 -3.24884E-05 
2.97488E-05 -2.82065E-05 
2.62161E-05 -2.48513E-05 
2.39864E-05 -2.27327E-05 
2.30735E-05 -2.18635E-05 
2.22676E-05 -2.10970E-05 
2.03729E-05 -1.93005E-05 
5.18066E-04 -4.77764E-04 
4.34349E-04 -4.00999E-04 
3.62137E-04 -3.34671E-04 
3.01990E-04 -2.79350E-04 
2.50359E-04 -2.31833E-04 
2.06314E-04 -1.91286E-04 
1.69323E-04 -1.57238E-04 
1.45098E-04 -1.34937E-04 
1.38672E-04 -1.29021E-04 
1.12074E-04 -1.04527E-04 
9.10273E-05 -8.51213E-05 
7.45069E-05 -6.98537E-05 
6.16001E-05 -5.78873E-05 
5.16406E-05 -4.86213E-05 
4.37310E-05 -4.12364E-05 
3.73435E-05 -3.52531E-05 
3.21063E-05 -3.03326E-05 
2.77440E-05 -2.62242E-05 
2.40592E-05 -2.27474E-05 
2.09192E-05 -1.97810E-05 
1.82717E-05 -1.72777E-05 
1.61859E-05 -1.53046E-05 
1.48739E-05 -1.40625E-05 
1.43539E-05 -1.35691E-05 
1.38760E-05 -1.31151E-05 
1.26937E-05 -1.19950E-05 
3.50943E-04 -3.21218E-04 
2.92606E-04 -2.67972E-04 
2.42838E-04 -2.22506E-04 
2.01851E-04 -1.85043E-04 
1.66786E-04 -1.53007E-04 
1.36874E-04 -1.25699E-04 
1.11739E-04 -1.02781E-04 
9.53199E-05 -8.78248E-05 
9.09648E-05 -8.38574E-05 
7.29642E-05 -6.74639E-05 
5.89108E-05 -5.46614E-05 
4.79542E-05 -4.46546E-05 
3.94652E-05 -3.68711E-05 
3.29816E-05 -3.09002E-05 
2.78979E-05 -2.61976E-05 
2.38336E-05 -2.24216E-05 
2.05338E-05 -1.93439E-05 
1.78021E-05 -1.67873E-05 
1.54989E-05 -1.46257E-05 
1.35347E-05 -1.27781E-05 
1.18740E-05 -1.12137E-05 
1.05636E-05 -9.97788E-06 
9.74607E-06 -9.20637E-06 
9.43925E-06 -8.91636E-06 
9.15343E-06 -8.64530E-06 
8.39521E-06 -7.92720E-06 
---
