PdfType: replica
Format: lhagrid1
---
1.00000E-06 1.28121E-06 1.64152E-06 2.10317E-06 2.69463E-06 3.45242E-06 4.42329E-06 5.66715E-06 7.26076E-06 9.30241E-06 1.19180E-05 1.52689E-05 1.95617E-05 2.50609E-05 3.21053E-05 4.11287E-05 5.26863E-05 6.74889E-05 8.64459E-05 1.10720E-04 1.41800E-04 1.81585E-04 2.32503E-04 2.97652E-04 3.80981E-04 4.87518E-04 6.26039E-04 8.00452E-04 1.02297E-03 1.30657E-03 1.66759E-03 2.12729E-03 2.71054E-03 3.44865E-03 4.37927E-03 5.54908E-03 7.01192E-03 8.83064E-03 1.10763E-02 1.38266E-02 1.71641E-02 2.11717E-02 2.59364E-02 3.15062E-02 3.79623E-02 4.53425E-02 5.36750E-02 6.29705E-02 7.32221E-02 8.44039E-02 9.64793E-02 1.09332E-01 1.23067E-01 1.37507E-01 1.52639E-01 1.68416E-01 1.84794E-01 2.01731E-01 2.19016E-01 2.36948E-01 2.55242E-01 2.73927E-01 2.92954E-01 3.12340E-01 3.32036E-01 3.52019E-01 3.72282E-01 3.92772E-01 4.13533E-01 4.34326E-01 4.55495E-01 4.76836E-01 4.98342E-01 5.20006E-01 5.41818E-01 5.63773E-01 5.85861E-01 6.08077E-01 6.30459E-01 6.52800E-01 6.75387E-01 6.98063E-01 7.20830E-01 7.43683E-01 7.66623E-01 7.89636E-01 8.12791E-01 8.35940E-01 8.59175E-01 8.82485E-01 9.05866E-01 9.29311E-01 9.52817E-01 9.76387E-01 1.00000E+00 
1.14018E+00 1.22539E+00 1.32482E+00 1.44156E+00 1.57954E+00 1.74381E+00 1.94091E+00 2.12132E+00 2.17945E+00 2.49622E+00 2.89383E+00 3.39925E+00 4.05063E+00 4.90286E+00 6.03623E+00 7.57063E+00 9.68869E+00 1.26749E+01 1.69835E+01 2.33578E+01 3.30501E+01 4.82334E+01 7.28041E+01 1.13998E+02 1.85779E+02 3.16228E+02 
908 909 
-7.00001E+01 -3.36909E+01 
-7.16638E+01 -3.46238E+01 
-7.31565E+01 -3.65188E+01 
-7.51797E+01 -3.79271E+01 
-7.73620E+01 -3.94699E+01 
-7.97352E+01 -4.11866E+01 
-8.23429E+01 -4.31232E+01 
-8.45575E+01 -4.48050E+01 
-8.52426E+01 -4.53313E+01 
-8.87815E+01 -4.80825E+01 
-9.28627E+01 -5.12946E+01 
-9.76317E+01 -5.50518E+01 
-1.03266E+02 -5.94426E+01 
-1.11911E+02 -6.46342E+01 
-1.21712E+02 -7.09081E+01 
-1.33338E+02 -7.80884E+01 
-1.47148E+02 -8.62833E+01 
-1.63575E+02 -9.56116E+01 
-1.83171E+02 -1.06222E+02 
-2.06755E+02 -1.18366E+02 
-2.35992E+02 -1.32695E+02 
-2.75388E+02 -1.51252E+02 
-3.36753E+02 -1.79551E+02 
-4.37482E+02 -2.25075E+02 
-5.74464E+02 -2.84068E+02 
-7.17828E+02 -3.40383E+02 
-6.02023E+01 -2.73503E+01 
-6.15496E+01 -2.82289E+01 
-6.28170E+01 -3.00102E+01 
-6.45133E+01 -3.12864E+01 
-6.63489E+01 -3.26801E+01 
-6.83533E+01 -3.42252E+01 
-7.05664E+01 -3.59611E+01 
-7.24547E+01 -3.74626E+01 
-7.30404E+01 -3.79312E+01 
-7.60765E+01 -4.03730E+01 
-7.95963E+01 -4.32071E+01 
-8.37277E+01 -4.65016E+01 
-8.86252E+01 -5.03271E+01 
-9.60763E+01 -5.47221E+01 
-1.04552E+02 -6.00608E+01 
-1.14598E+02 -6.61396E+01 
-1.26518E+02 -7.30418E+01 
-1.40675E+02 -8.08577E+01 
-1.57529E+02 -8.97003E+01 
-1.77769E+02 -9.97686E+01 
-2.02801E+02 -1.11590E+02 
-2.36460E+02 -1.26847E+02 
-2.88817E+02 -1.50087E+02 
-3.74655E+02 -1.87427E+02 
-4.91116E+02 -2.35595E+02 
-6.12506E+02 -2.81144E+02 
-5.08384E+01 -2.29696E+01 
-5.19658E+01 -2.37630E+01 
-5.31197E+01 -2.53589E+01 
-5.45743E+01 -2.64877E+01 
-5.61517E+01 -2.77179E+01 
-5.78791E+01 -2.90790E+01 
-5.97928E+01 -3.06042E+01 
-6.14308E+01 -3.19201E+01 
-6.19398E+01 -3.23302E+01 
-6.45839E+01 -3.44615E+01 
-6.76591E+01 -3.69246E+01 
-7.12770E+01 -3.97741E+01 
-7.55712E+01 -4.30657E+01 
-8.20217E+01 -4.67415E+01 
-8.93789E+01 -5.12396E+01 
-9.80851E+01 -5.63385E+01 
-1.08394E+02 -6.21012E+01 
-1.20610E+02 -6.85953E+01 
-1.35116E+02 -7.59063E+01 
-1.52488E+02 -8.41894E+01 
-1.73912E+02 -9.38718E+01 
-2.02646E+02 -1.06336E+02 
-2.47262E+02 -1.25324E+02 
-3.20301E+02 -1.55811E+02 
-4.19160E+02 -1.94951E+02 
-5.21776E+02 -2.31571E+02 
-4.25528E+01 -1.97057E+01 
-4.35221E+01 -2.03981E+01 
-4.46077E+01 -2.17852E+01 
-4.58771E+01 -2.27623E+01 
-4.72550E+01 -2.38267E+01 
-4.87661E+01 -2.50035E+01 
-5.04434E+01 -2.63210E+01 
-5.18816E+01 -2.74561E+01 
-5.23290E+01 -2.78095E+01 
-5.46555E+01 -2.96435E+01 
-5.73649E+01 -3.17565E+01 
-6.05544E+01 -3.41919E+01 
-6.43389E+01 -3.69933E+01 
-6.99339E+01 -4.00340E+01 
-7.63314E+01 -4.37897E+01 
-8.38842E+01 -4.80300E+01 
-9.28047E+01 -5.28020E+01 
-1.03345E+02 -5.81553E+01 
-1.15825E+02 -6.41536E+01 
-1.30724E+02 -7.09170E+01 
-1.49042E+02 -7.87898E+01 
-1.73541E+02 -8.89045E+01 
-2.11509E+02 -1.04324E+02 
-2.73572E+02 -1.29078E+02 
-3.57365E+02 -1.60694E+02 
-4.43965E+02 -1.89933E+02 
-3.55442E+01 -1.70614E+01 
-3.63930E+01 -1.76496E+01 
-3.74201E+01 -1.88331E+01 
-3.85401E+01 -1.96640E+01 
-3.97557E+01 -2.05697E+01 
-4.10895E+01 -2.15718E+01 
-4.25712E+01 -2.26940E+01 
-4.38426E+01 -2.36606E+01 
-4.42382E+01 -2.39614E+01 
-4.62963E+01 -2.55210E+01 
-4.86934E+01 -2.73142E+01 
-5.15134E+01 -2.93751E+01 
-5.48551E+01 -3.17370E+01 
-5.97074E+01 -3.42276E+01 
-6.52701E+01 -3.73379E+01 
-7.18193E+01 -4.08366E+01 
-7.95320E+01 -4.47581E+01 
-8.86174E+01 -4.91382E+01 
-9.93399E+01 -5.40230E+01 
-1.12099E+02 -5.95046E+01 
-1.27735E+02 -6.58589E+01 
-1.48590E+02 -7.40078E+01 
-1.80854E+02 -8.64458E+01 
-2.33515E+02 -1.06413E+02 
-3.04428E+02 -1.31777E+02 
-3.77378E+02 -1.54937E+02 
-2.97600E+01 -1.47755E+01 
-3.05101E+01 -1.52645E+01 
-3.14740E+01 -1.62642E+01 
-3.24671E+01 -1.69604E+01 
-3.35442E+01 -1.77207E+01 
-3.47259E+01 -1.85636E+01 
-3.60387E+01 -1.95087E+01 
-3.71652E+01 -2.03232E+01 
-3.75158E+01 -2.05767E+01 
-3.93392E+01 -2.18904E+01 
-4.14616E+01 -2.33986E+01 
-4.39553E+01 -2.51279E+01 
-4.69046E+01 -2.71033E+01 
-5.11057E+01 -2.91247E+01 
-5.59359E+01 -3.16812E+01 
-6.16059E+01 -3.45469E+01 
-6.82625E+01 -3.77463E+01 
-7.60788E+01 -4.13043E+01 
-8.52730E+01 -4.52532E+01 
-9.61769E+01 -4.96627E+01 
-1.09496E+02 -5.47520E+01 
-1.27215E+02 -6.12665E+01 
-1.54584E+02 -7.12239E+01 
-1.99197E+02 -8.72093E+01 
-2.59107E+02 -1.07398E+02 
-3.20437E+02 -1.25577E+02 
-2.50353E+01 -1.27287E+01 
-2.56998E+01 -1.31282E+01 
-2.65922E+01 -1.39690E+01 
-2.74733E+01 -1.45451E+01 
-2.84279E+01 -1.51764E+01 
-2.94747E+01 -1.58782E+01 
-3.06374E+01 -1.66669E+01 
-3.16349E+01 -1.73474E+01 
-3.19453E+01 -1.75592E+01 
-3.35590E+01 -1.86570E+01 
-3.54355E+01 -1.99160E+01 
-3.76367E+01 -2.13564E+01 
-4.02342E+01 -2.29968E+01 
-4.38618E+01 -2.46228E+01 
-4.80464E+01 -2.67092E+01 
-5.29437E+01 -2.90400E+01 
-5.86751E+01 -3.16318E+01 
-6.53831E+01 -3.45009E+01 
-7.32475E+01 -3.76694E+01 
-8.25430E+01 -4.11886E+01 
-9.38615E+01 -4.52312E+01 
-1.08882E+02 -5.03952E+01 
-1.32054E+02 -5.82995E+01 
-1.69780E+02 -7.09888E+01 
-2.20300E+02 -8.69135E+01 
-2.71748E+02 -1.01031E+02 
-2.11759E+01 -1.08767E+01 
-2.17633E+01 -1.11982E+01 
-2.25782E+01 -1.19047E+01 
-2.33581E+01 -1.23764E+01 
-2.42021E+01 -1.28956E+01 
-2.51271E+01 -1.34750E+01 
-2.61542E+01 -1.41280E+01 
-2.70352E+01 -1.46924E+01 
-2.73093E+01 -1.48682E+01 
-2.87336E+01 -1.57792E+01 
-3.03880E+01 -1.68231E+01 
-3.23254E+01 -1.80148E+01 
-3.46064E+01 -1.93677E+01 
-3.77287E+01 -2.06638E+01 
-4.13438E+01 -2.23545E+01 
-4.55617E+01 -2.42367E+01 
-5.04826E+01 -2.63209E+01 
-5.62236E+01 -2.86171E+01 
-6.29319E+01 -3.11389E+01 
-7.08346E+01 -3.39237E+01 
-8.04275E+01 -3.71057E+01 
-9.31290E+01 -4.11602E+01 
-1.12705E+02 -4.73746E+01 
-1.44544E+02 -5.73495E+01 
-1.87056E+02 -6.97798E+01 
-2.30111E+02 -8.06080E+01 
-1.80014E+01 -9.20807E+00 
-1.85183E+01 -9.46334E+00 
-1.92534E+01 -1.00575E+01 
-1.99409E+01 -1.04399E+01 
-2.06842E+01 -1.08631E+01 
-2.14986E+01 -1.13378E+01 
-2.24027E+01 -1.18747E+01 
-2.31781E+01 -1.23397E+01 
-2.34192E+01 -1.24845E+01 
-2.46720E+01 -1.32356E+01 
-2.61256E+01 -1.40954E+01 
-2.78251E+01 -1.50749E+01 
-2.98212E+01 -1.61831E+01 
-3.24993E+01 -1.72058E+01 
-3.56125E+01 -1.85658E+01 
-3.92342E+01 -2.00742E+01 
-4.34466E+01 -2.17371E+01 
-4.83453E+01 -2.35593E+01 
-5.40506E+01 -2.55487E+01 
-6.07498E+01 -2.77311E+01 
-6.88574E+01 -3.02096E+01 
-7.95698E+01 -3.33580E+01 
-9.60681E+01 -3.81894E+01 
-1.22878E+02 -4.59420E+01 
-1.58568E+02 -5.55258E+01 
-1.94507E+02 -6.37055E+01 
-1.53626E+01 -7.72159E+00 
-1.58149E+01 -7.92148E+00 
-1.64717E+01 -8.42158E+00 
-1.70748E+01 -8.72845E+00 
-1.77266E+01 -9.07053E+00 
-1.84405E+01 -9.45645E+00 
-1.92331E+01 -9.89478E+00 
-1.99129E+01 -1.02752E+01 
-2.01243E+01 -1.03938E+01 
-2.12221E+01 -1.10088E+01 
-2.24946E+01 -1.17122E+01 
-2.39799E+01 -1.25116E+01 
-2.57206E+01 -1.34128E+01 
-2.80094E+01 -1.42102E+01 
-3.06817E+01 -1.52954E+01 
-3.37816E+01 -1.64941E+01 
-3.73762E+01 -1.78090E+01 
-4.15434E+01 -1.92414E+01 
-4.63810E+01 -2.07946E+01 
-5.20430E+01 -2.24857E+01 
-5.88750E+01 -2.43925E+01 
-6.78846E+01 -2.68053E+01 
-8.17533E+01 -3.05119E+01 
-1.04273E+02 -3.64563E+01 
-1.34161E+02 -4.37360E+01 
-1.64077E+02 -4.97989E+01 
-1.31442E+01 -6.41492E+00 
-1.35376E+01 -6.56904E+00 
-1.41200E+01 -6.98995E+00 
-1.46466E+01 -7.23353E+00 
-1.52155E+01 -7.50744E+00 
-1.58386E+01 -7.81858E+00 
-1.65307E+01 -8.17367E+00 
-1.71243E+01 -8.48259E+00 
-1.73089E+01 -8.57900E+00 
-1.82673E+01 -9.07888E+00 
-1.93773E+01 -9.64994E+00 
-2.06708E+01 -1.02971E+01 
-2.21833E+01 -1.10239E+01 
-2.41324E+01 -1.16369E+01 
-2.64187E+01 -1.24946E+01 
-2.90635E+01 -1.34379E+01 
-3.21213E+01 -1.44668E+01 
-3.56550E+01 -1.55803E+01 
-3.97442E+01 -1.67781E+01 
-4.45147E+01 -1.80708E+01 
-5.02544E+01 -1.95158E+01 
-5.78096E+01 -2.13352E+01 
-6.94357E+01 -2.41328E+01 
-8.83012E+01 -2.86156E+01 
-1.13262E+02 -3.40434E+01 
-1.38092E+02 -3.84272E+01 
-1.12600E+01 -5.28105E+00 
-1.16001E+01 -5.39764E+00 
-1.21141E+01 -5.75127E+00 
-1.25716E+01 -5.94212E+00 
-1.30659E+01 -6.15904E+00 
-1.36076E+01 -6.40746E+00 
-1.42095E+01 -6.69252E+00 
-1.47260E+01 -6.94119E+00 
-1.48866E+01 -7.01886E+00 
-1.57204E+01 -7.42159E+00 
-1.66852E+01 -7.88106E+00 
-1.78077E+01 -8.40019E+00 
-1.91174E+01 -8.98052E+00 
-2.07713E+01 -9.44320E+00 
-2.27209E+01 -1.01137E+01 
-2.49700E+01 -1.08473E+01 
-2.75628E+01 -1.16426E+01 
-3.05499E+01 -1.24964E+01 
-3.39954E+01 -1.34063E+01 
-3.80021E+01 -1.43777E+01 
-4.28088E+01 -1.54520E+01 
-4.91249E+01 -1.67960E+01 
-5.88424E+01 -1.88641E+01 
-7.46013E+01 -2.21739E+01 
-9.53857E+01 -2.61244E+01 
-1.15930E+02 -2.91882E+01 
-9.64711E+00 -4.30829E+00 
-9.93958E+00 -4.39427E+00 
-1.03916E+01 -4.69019E+00 
-1.07873E+01 -4.83730E+00 
-1.12150E+01 -5.00676E+00 
-1.16841E+01 -5.20274E+00 
-1.22057E+01 -5.42904E+00 
-1.26535E+01 -5.62708E+00 
-1.27928E+01 -5.68898E+00 
-1.35156E+01 -6.01000E+00 
-1.43514E+01 -6.37567E+00 
-1.53224E+01 -6.78740E+00 
-1.64525E+01 -7.24538E+00 
-1.78508E+01 -7.58622E+00 
-1.95078E+01 -8.10326E+00 
-2.14143E+01 -8.66577E+00 
-2.36056E+01 -9.27090E+00 
-2.61225E+01 -9.91452E+00 
-2.90162E+01 -1.05926E+01 
-3.23702E+01 -1.13068E+01 
-3.63824E+01 -1.20857E+01 
-4.16456E+01 -1.30516E+01 
-4.97423E+01 -1.45390E+01 
-6.28658E+01 -1.69148E+01 
-8.01187E+01 -1.96968E+01 
-9.70590E+01 -2.17333E+01 
-8.25936E+00 -3.48161E+00 
-8.50954E+00 -3.54275E+00 
-8.90646E+00 -3.78874E+00 
-9.24717E+00 -3.89973E+00 
-9.61570E+00 -4.02979E+00 
-1.00204E+01 -4.18204E+00 
-1.04710E+01 -4.35919E+00 
-1.08579E+01 -4.51477E+00 
-1.09783E+01 -4.56344E+00 
-1.16030E+01 -4.81593E+00 
-1.23246E+01 -5.10305E+00 
-1.31616E+01 -5.42507E+00 
-1.41335E+01 -5.78124E+00 
-1.53114E+01 -6.02400E+00 
-1.67151E+01 -6.41601E+00 
-1.83256E+01 -6.83955E+00 
-2.01716E+01 -7.29103E+00 
-2.22851E+01 -7.76562E+00 
-2.47072E+01 -8.25831E+00 
-2.75053E+01 -8.76812E+00 
-3.08428E+01 -9.31359E+00 
-3.52135E+01 -9.98156E+00 
-4.19374E+01 -1.10105E+01 
-5.28305E+01 -1.26494E+01 
-6.71038E+01 -1.45160E+01 
-8.10226E+01 -1.57625E+01 
-7.06207E+00 -2.78434E+00 
-7.27503E+00 -2.82542E+00 
-7.62324E+00 -3.02791E+00 
-7.91536E+00 -3.10922E+00 
-8.23176E+00 -3.20671E+00 
-8.57972E+00 -3.32260E+00 
-8.96758E+00 -3.45874E+00 
-9.30092E+00 -3.57885E+00 
-9.40462E+00 -3.61648E+00 
-9.94273E+00 -3.81170E+00 
-1.05638E+01 -4.03329E+00 
-1.12829E+01 -4.28073E+00 
-1.21159E+01 -4.55264E+00 
-1.31044E+01 -4.71708E+00 
-1.42892E+01 -5.00784E+00 
-1.56452E+01 -5.31931E+00 
-1.71948E+01 -5.64747E+00 
-1.89634E+01 -5.98716E+00 
-2.09836E+01 -6.33287E+00 
-2.33096E+01 -6.68172E+00 
-2.60756E+01 -7.04453E+00 
-2.96921E+01 -7.48009E+00 
-3.52561E+01 -8.15092E+00 
-4.42660E+01 -9.21425E+00 
-5.60319E+01 -1.03720E+01 
-6.74239E+01 -1.10197E+01 
-6.02830E+00 -2.19965E+00 
-6.20871E+00 -2.22466E+00 
-6.51412E+00 -2.38909E+00 
-6.76354E+00 -2.44613E+00 
-7.03416E+00 -2.51680E+00 
-7.33231E+00 -2.60260E+00 
-7.66512E+00 -2.70467E+00 
-7.95135E+00 -2.79527E+00 
-8.04040E+00 -2.82371E+00 
-8.50245E+00 -2.97131E+00 
-9.03522E+00 -3.13854E+00 
-9.65088E+00 -3.32435E+00 
-1.03622E+01 -3.52697E+00 
-1.11883E+01 -3.62950E+00 
-1.21850E+01 -3.83889E+00 
-1.33225E+01 -4.06069E+00 
-1.46185E+01 -4.29071E+00 
-1.60931E+01 -4.52373E+00 
-1.77717E+01 -4.75405E+00 
-1.96979E+01 -4.97752E+00 
-2.19814E+01 -5.19912E+00 
-2.49621E+01 -5.45566E+00 
-2.95488E+01 -5.85017E+00 
-3.69730E+01 -6.46953E+00 
-4.66343E+01 -7.08579E+00 
-5.59191E+01 -7.28800E+00 
-5.13625E+00 -1.71162E+00 
-5.28834E+00 -1.72385E+00 
-5.55622E+00 -1.85490E+00 
-5.76828E+00 -1.89225E+00 
-5.99888E+00 -1.94098E+00 
-6.25347E+00 -2.00201E+00 
-6.53809E+00 -2.07593E+00 
-6.78305E+00 -2.14212E+00 
-6.85928E+00 -2.16295E+00 
-7.25466E+00 -2.27120E+00 
-7.71005E+00 -2.39364E+00 
-8.23522E+00 -2.52890E+00 
-8.84030E+00 -2.67501E+00 
-9.52779E+00 -2.72922E+00 
-1.03629E+01 -2.87382E+00 
-1.13135E+01 -3.02457E+00 
-1.23933E+01 -3.17729E+00 
-1.36179E+01 -3.32689E+00 
-1.50071E+01 -3.46772E+00 
-1.65956E+01 -3.59486E+00 
-1.84729E+01 -3.70889E+00 
-2.09193E+01 -3.82965E+00 
-2.46847E+01 -4.01417E+00 
-3.07773E+01 -4.29622E+00 
-3.86771E+01 -4.50594E+00 
-4.62099E+01 -4.38446E+00 
-4.36757E+00 -1.30578E+00 
-4.49514E+00 -1.30798E+00 
-4.73011E+00 -1.40974E+00 
-4.90961E+00 -1.43126E+00 
-5.10534E+00 -1.46218E+00 
-5.32193E+00 -1.50297E+00 
-5.56447E+00 -1.55381E+00 
-5.77337E+00 -1.59997E+00 
-5.83838E+00 -1.61455E+00 
-6.17547E+00 -1.69055E+00 
-6.56323E+00 -1.77641E+00 
-7.00944E+00 -1.87058E+00 
-7.52203E+00 -1.97105E+00 
-8.09137E+00 -1.98819E+00 
-8.78826E+00 -2.08178E+00 
-9.57934E+00 -2.17688E+00 
-1.04753E+01 -2.26948E+00 
-1.14880E+01 -2.35474E+00 
-1.26327E+01 -2.42722E+00 
-1.39368E+01 -2.48159E+00 
-1.54731E+01 -2.51522E+00 
-1.74718E+01 -2.53502E+00 
-2.05491E+01 -2.56300E+00 
-2.55267E+01 -2.59367E+00 
-3.19565E+01 -2.50490E+00 
-3.80372E+01 -2.15584E+00 
-3.70638E+00 -9.69438E-01 
-3.81280E+00 -9.63887E-01 
-4.01891E+00 -1.03996E+00 
-4.17012E+00 -1.04892E+00 
-4.33553E+00 -1.06553E+00 
-4.51906E+00 -1.08995E+00 
-4.72493E+00 -1.12206E+00 
-4.90238E+00 -1.15192E+00 
-4.95760E+00 -1.16144E+00 
-5.24383E+00 -1.21128E+00 
-5.57261E+00 -1.26758E+00 
-5.95005E+00 -1.32875E+00 
-6.38232E+00 -1.39281E+00 
-6.85131E+00 -1.38213E+00 
-7.43025E+00 -1.43611E+00 
-8.08567E+00 -1.48828E+00 
-8.82568E+00 -1.53486E+00 
-9.65924E+00 -1.57135E+00 
-1.05980E+01 -1.59262E+00 
-1.16634E+01 -1.59321E+00 
-1.29144E+01 -1.56823E+00 
-1.45391E+01 -1.51493E+00 
-1.70417E+01 -1.42914E+00 
-2.10884E+01 -1.27720E+00 
-2.62952E+01 -9.75815E-01 
-3.11764E+01 -4.74320E-01 
-3.13875E+00 -6.91653E-01 
-3.22699E+00 -6.80247E-01 
-3.40773E+00 -7.33872E-01 
-3.53445E+00 -7.33003E-01 
-3.67357E+00 -7.38297E-01 
-3.82838E+00 -7.49648E-01 
-4.00236E+00 -7.66729E-01 
-4.15241E+00 -7.83534E-01 
-4.19911E+00 -7.88986E-01 
-4.44105E+00 -8.17887E-01 
-4.71849E+00 -8.50639E-01 
-5.03620E+00 -8.85682E-01 
-5.39889E+00 -9.21155E-01 
-5.78288E+00 -8.90219E-01 
-6.26150E+00 -9.13992E-01 
-6.80185E+00 -9.33657E-01 
-7.41001E+00 -9.45715E-01 
-8.09263E+00 -9.46055E-01 
-8.85846E+00 -9.29938E-01 
-9.72427E+00 -8.91954E-01 
-1.07373E+01 -8.25684E-01 
-1.20507E+01 -7.21375E-01 
-1.40747E+01 -5.55803E-01 
-1.73468E+01 -2.75854E-01 
-2.15395E+01 1.70489E-01 
-2.54333E+01 7.66327E-01 
-2.65229E+00 -4.63135E-01 
-2.72497E+00 -4.47447E-01 
-2.88337E+00 -4.81500E-01 
-2.98892E+00 -4.73129E-01 
-3.10529E+00 -4.69630E-01 
-3.23520E+00 -4.70729E-01 
-3.38148E+00 -4.75972E-01 
-3.50772E+00 -4.82475E-01 
-3.54701E+00 -4.84723E-01 
-3.75043E+00 -4.97154E-01 
-3.98330E+00 -5.11478E-01 
-4.24926E+00 -5.26221E-01 
-4.55185E+00 -5.39673E-01 
-4.86406E+00 -4.94645E-01 
-5.25760E+00 -4.95898E-01 
-5.70066E+00 -4.91539E-01 
-6.19771E+00 -4.78387E-01 
-6.75358E+00 -4.52735E-01 
-7.37472E+00 -4.10265E-01 
-8.07407E+00 -3.45761E-01 
-8.88937E+00 -2.51848E-01 
-9.94442E+00 -1.13871E-01 
-1.15715E+01 1.04752E-01 
-1.42011E+01 4.69752E-01 
-1.75557E+01 1.00828E+00 
-2.06399E+01 1.65416E+00 
-2.23612E+00 -2.76088E-01 
-2.29549E+00 -2.57415E-01 
-2.43418E+00 -2.74486E-01 
-2.52149E+00 -2.60562E-01 
-2.61822E+00 -2.50415E-01 
-2.72658E+00 -2.43667E-01 
-2.84884E+00 -2.39794E-01 
-2.95442E+00 -2.38355E-01 
-2.98727E+00 -2.38133E-01 
-3.15728E+00 -2.37901E-01 
-3.35154E+00 -2.38137E-01 
-3.57278E+00 -2.37486E-01 
-3.82362E+00 -2.34410E-01 
-4.07544E+00 -1.80252E-01 
-4.39708E+00 -1.65230E-01 
-4.75817E+00 -1.43702E-01 
-5.16191E+00 -1.12815E-01 
-5.61172E+00 -6.92652E-02 
-6.11226E+00 -9.17000E-03 
-6.67337E+00 7.24032E-02 
-7.32497E+00 1.83335E-01 
-8.16658E+00 3.41522E-01 
-9.46543E+00 5.92396E-01 
-1.15642E+01 1.00901E+00 
-1.42289E+01 1.59906E+00 
-1.66518E+01 2.26178E+00 
-1.88056E+00 -1.23956E-01 
-1.92861E+00 -1.03363E-01 
-2.04986E+00 -1.05786E-01 
-2.12150E+00 -8.79431E-02 
-2.20130E+00 -7.29625E-02 
-2.29104E+00 -6.04097E-02 
-2.39251E+00 -4.97385E-02 
-2.48019E+00 -4.23629E-02 
-2.50747E+00 -4.02971E-02 
-2.64856E+00 -3.06252E-02 
-2.80946E+00 -2.04259E-02 
-2.99219E+00 -8.48088E-03 
-3.19864E+00 6.57357E-03 
-3.39984E+00 6.59089E-02 
-3.66093E+00 9.21840E-02 
-3.95322E+00 1.25402E-01 
-4.27891E+00 1.68091E-01 
-4.64033E+00 2.23162E-01 
-5.04074E+00 2.94069E-01 
-5.48751E+00 3.85400E-01 
-6.00416E+00 5.05205E-01 
-6.67012E+00 6.73314E-01 
-7.69875E+00 9.40479E-01 
-9.36053E+00 1.38305E+00 
-1.14596E+01 1.99378E+00 
-1.33450E+01 2.64898E+00 
-1.57715E+00 -1.24510E-03 
-1.61561E+00 2.04015E-02 
-1.72138E+00 3.05110E-02 
-1.77958E+00 5.09077E-02 
-1.84482E+00 6.91950E-02 
-1.91851E+00 8.58240E-02 
-2.00202E+00 1.01331E-01 
-2.07424E+00 1.12946E-01 
-2.09671E+00 1.16330E-01 
-2.21284E+00 1.32731E-01 
-2.34502E+00 1.50316E-01 
-2.49470E+00 1.70164E-01 
-2.66321E+00 1.93466E-01 
-2.82218E+00 2.54878E-01 
-3.03250E+00 2.88417E-01 
-3.26727E+00 3.28999E-01 
-3.52795E+00 3.78841E-01 
-3.81602E+00 4.40482E-01 
-4.13366E+00 5.16964E-01 
-4.48629E+00 6.12495E-01 
-4.89222E+00 7.35041E-01 
-5.41428E+00 9.05353E-01 
-6.22140E+00 1.17678E+00 
-7.52507E+00 1.62593E+00 
-9.16249E+00 2.23440E+00 
-1.06131E+01 2.86476E+00 
-1.31852E+00 9.66583E-02 
-1.34887E+00 1.18657E-01 
-1.44087E+00 1.39373E-01 
-1.48758E+00 1.61190E-01 
-1.54033E+00 1.81505E-01 
-1.60020E+00 2.00756E-01 
-1.66825E+00 2.19449E-01 
-1.72715E+00 2.33883E-01 
-1.74548E+00 2.38144E-01 
-1.84013E+00 2.59018E-01 
-1.94768E+00 2.81472E-01 
-2.06913E+00 3.06449E-01 
-2.20537E+00 3.34984E-01 
-2.32927E+00 3.96083E-01 
-2.49721E+00 4.33763E-01 
-2.68414E+00 4.78349E-01 
-2.89092E+00 5.31763E-01 
-3.11841E+00 5.96199E-01 
-3.36797E+00 6.74308E-01 
-3.64349E+00 7.69906E-01 
-3.95902E+00 8.90689E-01 
-4.36378E+00 1.05756E+00 
-4.99019E+00 1.32437E+00 
-6.00174E+00 1.76582E+00 
-7.26416E+00 2.35542E+00 
-8.36493E+00 2.94914E+00 
-1.09825E+00 1.73639E-01 
-1.12178E+00 1.95428E-01 
-1.20148E+00 2.24985E-01 
-1.23841E+00 2.47289E-01 
-1.28047E+00 2.68567E-01 
-1.32849E+00 2.89229E-01 
-1.38325E+00 3.09734E-01 
-1.43072E+00 3.25808E-01 
-1.44549E+00 3.30582E-01 
-1.52175E+00 3.54076E-01 
-1.60827E+00 3.79352E-01 
-1.70571E+00 4.07226E-01 
-1.81466E+00 4.38593E-01 
-1.90960E+00 4.97590E-01 
-2.04236E+00 5.37014E-01 
-2.18969E+00 5.83042E-01 
-2.35202E+00 6.37328E-01 
-2.52975E+00 7.01747E-01 
-2.72362E+00 7.78587E-01 
-2.93632E+00 8.71268E-01 
-3.17847E+00 9.87087E-01 
-3.48815E+00 1.14651E+00 
-3.96792E+00 1.40238E+00 
-4.74244E+00 1.82588E+00 
-5.70192E+00 2.38504E+00 
-6.52303E+00 2.93464E+00 
-9.08155E-01 2.33774E-01 
-9.25882E-01 2.54895E-01 
-9.94388E-01 2.91762E-01 
-1.02288E+00 3.13781E-01 
-1.05570E+00 3.35141E-01 
-1.09344E+00 3.56215E-01 
-1.13668E+00 3.77408E-01 
-1.17424E+00 3.94165E-01 
-1.18593E+00 3.99159E-01 
-1.24630E+00 4.23781E-01 
-1.31470E+00 4.50249E-01 
-1.39157E+00 4.79266E-01 
-1.47724E+00 5.11601E-01 
-1.54811E+00 5.67139E-01 
-1.65141E+00 6.06500E-01 
-1.76570E+00 6.52055E-01 
-1.89109E+00 7.05204E-01 
-2.02762E+00 7.67532E-01 
-2.17558E+00 8.40987E-01 
-2.33671E+00 9.28596E-01 
-2.51885E+00 1.03716E+00 
-2.75089E+00 1.18628E+00 
-3.11074E+00 1.42662E+00 
-3.69138E+00 1.82474E+00 
-4.40431E+00 2.34520E+00 
-5.00036E+00 2.84573E+00 
-7.49273E-01 2.78018E-01 
-7.62243E-01 2.98133E-01 
-8.20825E-01 3.40668E-01 
-8.42307E-01 3.61787E-01 
-8.67406E-01 3.82517E-01 
-8.96556E-01 4.03183E-01 
-9.30152E-01 4.24140E-01 
-9.59425E-01 4.40796E-01 
-9.68549E-01 4.45769E-01 
-1.01568E+00 4.70314E-01 
-1.06907E+00 4.96674E-01 
-1.12897E+00 5.25458E-01 
-1.19554E+00 5.57328E-01 
-1.24716E+00 6.08576E-01 
-1.32673E+00 6.46572E-01 
-1.41448E+00 6.90298E-01 
-1.51031E+00 7.40932E-01 
-1.61401E+00 7.99797E-01 
-1.72555E+00 8.68538E-01 
-1.84595E+00 9.49812E-01 
-1.98086E+00 1.04987E+00 
-2.15188E+00 1.18719E+00 
-2.41733E+00 1.40949E+00 
-2.84534E+00 1.77815E+00 
-3.36514E+00 2.25596E+00 
-3.78709E+00 2.70653E+00 
-6.14288E-01 3.09792E-01 
-6.23306E-01 3.28634E-01 
-6.72896E-01 3.75421E-01 
-6.88475E-01 3.95157E-01 
-7.07051E-01 4.14695E-01 
-7.28927E-01 4.34317E-01 
-7.54370E-01 4.54329E-01 
-7.76652E-01 4.70288E-01 
-7.83610E-01 4.75059E-01 
-8.19611E-01 4.98626E-01 
-8.60434E-01 5.23924E-01 
-9.06204E-01 5.51480E-01 
-9.56974E-01 5.81866E-01 
-9.93079E-01 6.28284E-01 
-1.05334E+00 6.64029E-01 
-1.11957E+00 7.05015E-01 
-1.19150E+00 7.52217E-01 
-1.26879E+00 8.06727E-01 
-1.35113E+00 8.69915E-01 
-1.43905E+00 9.44085E-01 
-1.53645E+00 1.03492E+00 
-1.65903E+00 1.15957E+00 
-1.84943E+00 1.36232E+00 
-2.15605E+00 1.69905E+00 
-2.52312E+00 2.13207E+00 
-2.80927E+00 2.53290E+00 
-4.99696E-01 3.31081E-01 
-5.05450E-01 3.48450E-01 
-5.46848E-01 3.98155E-01 
-5.57487E-01 4.16139E-01 
-5.70590E-01 4.34055E-01 
-5.86357E-01 4.52147E-01 
-6.04960E-01 4.70679E-01 
-6.21391E-01 4.85501E-01 
-6.26541E-01 4.89937E-01 
-6.53271E-01 5.11868E-01 
-6.83680E-01 5.35421E-01 
-7.17804E-01 5.61055E-01 
-7.55618E-01 5.89263E-01 
-7.79367E-01 6.30581E-01 
-8.24057E-01 6.63517E-01 
-8.72977E-01 7.01199E-01 
-9.25771E-01 7.44425E-01 
-9.81973E-01 7.94077E-01 
-1.04114E+00 8.51279E-01 
-1.10338E+00 9.18006E-01 
-1.17125E+00 9.99366E-01 
-1.25576E+00 1.11106E+00 
-1.38702E+00 1.29370E+00 
-1.59794E+00 1.59753E+00 
-1.84536E+00 1.98540E+00 
-2.02676E+00 2.33804E+00 
-4.02488E-01 3.43568E-01 
-4.05561E-01 3.59319E-01 
-4.39454E-01 4.10683E-01 
-4.45996E-01 4.26646E-01 
-4.54546E-01 4.42630E-01 
-4.65231E-01 4.58844E-01 
-4.78157E-01 4.75520E-01 
-4.89747E-01 4.88897E-01 
-4.93403E-01 4.92906E-01 
-5.12499E-01 5.12759E-01 
-5.34377E-01 5.34120E-01 
-5.59015E-01 5.57389E-01 
-5.86333E-01 5.82996E-01 
-6.00379E-01 6.19165E-01 
-6.32637E-01 6.48992E-01 
-6.67783E-01 6.83082E-01 
-7.05395E-01 7.22074E-01 
-7.44944E-01 7.66664E-01 
-7.85892E-01 8.17756E-01 
-8.28049E-01 8.77020E-01 
-8.72912E-01 9.48997E-01 
-9.27815E-01 1.04792E+00 
-1.01295E+00 1.21056E+00 
-1.14921E+00 1.48164E+00 
-1.30392E+00 1.82531E+00 
-1.40561E+00 2.13225E+00 
-3.19966E-01 3.48678E-01 
-3.20853E-01 3.62713E-01 
-3.47827E-01 4.14548E-01 
-3.51003E-01 4.28311E-01 
-3.55807E-01 4.42157E-01 
-3.62317E-01 4.56269E-01 
-3.70590E-01 4.70850E-01 
-3.78225E-01 4.82592E-01 
-3.80663E-01 4.86119E-01 
-3.93555E-01 5.03632E-01 
-4.08537E-01 5.22549E-01 
-4.25547E-01 5.43221E-01 
-4.44470E-01 5.66019E-01 
-4.51023E-01 5.97154E-01 
-4.73464E-01 6.23770E-01 
-4.97759E-01 6.54185E-01 
-5.23451E-01 6.88896E-01 
-5.49980E-01 7.28435E-01 
-5.76749E-01 7.73508E-01 
-6.03366E-01 8.25511E-01 
-6.30518E-01 8.88434E-01 
-6.62649E-01 9.75035E-01 
-7.12207E-01 1.11828E+00 
-7.90863E-01 1.35756E+00 
-8.74619E-01 1.65884E+00 
-9.16573E-01 1.92313E+00 
-2.50097E-01 3.47597E-01 
-2.49226E-01 3.59866E-01 
-2.69806E-01 4.11050E-01 
-2.70270E-01 4.22527E-01 
-2.72054E-01 4.34134E-01 
-2.75201E-01 4.46036E-01 
-2.79740E-01 4.58414E-01 
-2.84212E-01 4.68443E-01 
-2.85678E-01 4.71466E-01 
-2.93634E-01 4.86541E-01 
-3.03155E-01 5.02936E-01 
-3.14153E-01 5.20956E-01 
-3.26491E-01 5.40918E-01 
-3.27404E-01 5.67279E-01 
-3.42221E-01 5.90739E-01 
-3.58104E-01 6.17561E-01 
-3.74581E-01 6.48111E-01 
-3.91087E-01 6.82780E-01 
-4.06999E-01 7.22099E-01 
-4.21787E-01 7.67213E-01 
-4.35534E-01 8.21599E-01 
-4.50459E-01 8.96580E-01 
-4.73051E-01 1.02142E+00 
-5.08017E-01 1.23048E+00 
-5.38476E-01 1.49194E+00 
-5.36720E-01 1.71706E+00 
-1.90986E-01 3.41363E-01 
-1.88728E-01 3.51858E-01 
-2.03384E-01 4.01345E-01 
-2.01716E-01 4.10531E-01 
-2.01127E-01 4.19894E-01 
-2.01638E-01 4.29585E-01 
-2.03258E-01 4.39768E-01 
-2.05265E-01 4.48098E-01 
-2.05975E-01 4.50622E-01 
-2.10101E-01 4.63298E-01 
-2.15401E-01 4.77231E-01 
-2.21769E-01 4.92684E-01 
-2.29049E-01 5.09919E-01 
-2.25853E-01 5.31864E-01 
-2.34851E-01 5.52337E-01 
-2.44320E-01 5.75757E-01 
-2.53789E-01 6.02379E-01 
-2.62701E-01 6.32465E-01 
-2.70434E-01 6.66398E-01 
-2.76374E-01 7.05100E-01 
-2.80163E-01 7.51569E-01 
-2.82337E-01 8.15767E-01 
-2.84875E-01 9.23439E-01 
-2.87341E-01 1.10428E+00 
-2.78621E-01 1.32888E+00 
-2.45792E-01 1.51850E+00 
-1.41035E-01 3.30862E-01 
-1.37715E-01 3.39622E-01 
-1.46880E-01 3.86446E-01 
-1.43602E-01 3.93421E-01 
-1.41222E-01 4.00626E-01 
-1.39747E-01 4.08201E-01 
-1.39170E-01 4.16297E-01 
-1.39327E-01 4.23023E-01 
-1.39470E-01 4.25078E-01 
-1.40725E-01 4.35507E-01 
-1.42867E-01 4.47149E-01 
-1.45773E-01 4.60224E-01 
-1.49276E-01 4.74945E-01 
-1.43223E-01 4.92902E-01 
-1.47875E-01 5.10631E-01 
-1.52551E-01 5.30915E-01 
-1.56792E-01 5.53911E-01 
-1.60062E-01 5.79772E-01 
-1.61757E-01 6.08751E-01 
-1.61222E-01 6.41575E-01 
-1.57787E-01 6.80807E-01 
-1.50747E-01 7.35137E-01 
-1.38739E-01 8.27020E-01 
-1.17637E-01 9.81877E-01 
-8.09413E-02 1.17285E+00 
-2.69110E-02 1.33069E+00 
-9.88245E-02 3.16864E-01 
-9.47313E-02 3.23966E-01 
-9.88113E-02 3.67258E-01 
-9.43959E-02 3.72175E-01 
-9.07471E-02 3.77387E-01 
-8.78622E-02 3.83024E-01 
-8.57250E-02 3.89226E-01 
-8.45644E-02 3.94504E-01 
-8.43029E-02 3.96138E-01 
-8.35096E-02 4.04557E-01 
-8.33888E-02 4.14158E-01 
-8.38057E-02 4.25118E-01 
-8.45829E-02 4.37599E-01 
-7.66775E-02 4.52031E-01 
-7.81641E-02 4.67298E-01 
-7.93389E-02 4.84748E-01 
-7.97632E-02 5.04452E-01 
-7.89324E-02 5.26470E-01 
-7.62727E-02 5.50947E-01 
-7.11189E-02 5.78442E-01 
-6.25953E-02 6.11127E-01 
-4.91080E-02 6.56524E-01 
-2.68866E-02 7.34053E-01 
1.07504E-02 8.65277E-01 
6.66570E-02 1.02590E+00 
1.34293E-01 1.15558E+00 
-6.32179E-02 3.00059E-01 
-5.86145E-02 3.05627E-01 
-5.80091E-02 3.44626E-01 
-5.28863E-02 3.47711E-01 
-4.84395E-02 3.51169E-01 
-4.46579E-02 3.55119E-01 
-4.15163E-02 3.59689E-01 
-3.94983E-02 3.63729E-01 
-3.89720E-02 3.65003E-01 
-3.68244E-02 3.71710E-01 
-3.51865E-02 3.79575E-01 
-3.39116E-02 3.88727E-01 
-3.28130E-02 3.99279E-01 
-2.38514E-02 4.10666E-01 
-2.31054E-02 4.23769E-01 
-2.17956E-02 4.38699E-01 
-1.95095E-02 4.55453E-01 
-1.57797E-02 4.74015E-01 
-1.00739E-02 4.94441E-01 
-1.74095E-03 5.17152E-01 
1.02189E-02 5.43971E-01 
2.80086E-02 5.81364E-01 
5.70647E-02 6.45992E-01 
1.05739E-01 7.55970E-01 
1.74055E-01 8.89512E-01 
2.49521E-01 9.94504E-01 
-3.32438E-02 2.81076E-01 
-2.83721E-02 2.85278E-01 
-2.34854E-02 3.19350E-01 
-1.80461E-02 3.20893E-01 
-1.32216E-02 3.22896E-01 
-8.99266E-03 3.25467E-01 
-5.32379E-03 3.28715E-01 
-2.83605E-03 3.31759E-01 
-2.16140E-03 3.32744E-01 
7.67335E-04 3.38074E-01 
3.31849E-03 3.44531E-01 
5.65027E-03 3.52200E-01 
7.95661E-03 3.61138E-01 
1.73625E-02 3.69952E-01 
1.96235E-02 3.81179E-01 
2.26385E-02 3.93891E-01 
2.67892E-02 4.08022E-01 
3.25004E-02 4.23497E-01 
4.02563E-02 4.40302E-01 
5.06749E-02 4.58743E-01 
6.48170E-02 4.80346E-01 
8.52753E-02 5.10629E-01 
1.18574E-01 5.63773E-01 
1.74057E-01 6.54847E-01 
2.49598E-01 7.64474E-01 
3.28594E-01 8.48043E-01 
-8.10019E-03 2.60506E-01 
-3.18317E-03 2.63550E-01 
5.56510E-03 2.92203E-01 
1.09694E-02 2.92546E-01 
1.58029E-02 2.93439E-01 
2.00950E-02 2.94975E-01 
2.38930E-02 2.97241E-01 
2.65336E-02 2.99546E-01 
2.72626E-02 3.00316E-01 
3.05159E-02 3.04614E-01 
3.35095E-02 3.09992E-01 
3.64116E-02 3.16488E-01 
3.94212E-02 3.24112E-01 
4.88200E-02 3.30794E-01 
5.20626E-02 3.40407E-01 
5.62039E-02 3.51171E-01 
6.15905E-02 3.62975E-01 
6.86012E-02 3.75696E-01 
7.76665E-02 3.89272E-01 
8.93584E-02 4.03920E-01 
1.04750E-01 4.20910E-01 
1.26657E-01 4.44922E-01 
1.62246E-01 4.87934E-01 
2.21350E-01 5.62344E-01 
3.00242E-01 6.51051E-01 
3.79645E-01 7.16209E-01 
1.28643E-02 2.38922E-01 
1.76235E-02 2.41047E-01 
2.97891E-02 2.63952E-01 
3.48507E-02 2.63472E-01 
3.93802E-02 2.63626E-01 
4.34196E-02 2.64486E-01 
4.70293E-02 2.66114E-01 
4.95765E-02 2.67932E-01 
5.02878E-02 2.68559E-01 
5.35216E-02 2.72151E-01 
5.66113E-02 2.76753E-01 
5.97327E-02 2.82356E-01 
6.30862E-02 2.88925E-01 
7.21654E-02 2.93872E-01 
7.60125E-02 3.02088E-01 
8.08686E-02 3.11132E-01 
8.70414E-02 3.20859E-01 
9.48608E-02 3.31118E-01 
1.04701E-01 3.41814E-01 
1.17078E-01 3.53097E-01 
1.33044E-01 3.66024E-01 
1.55509E-01 3.84541E-01 
1.91952E-01 4.18684E-01 
2.52327E-01 4.78532E-01 
3.31752E-01 5.49098E-01 
4.09375E-01 5.98585E-01 
3.01753E-02 2.16882E-01 
3.45981E-02 2.18348E-01 
4.97060E-02 2.35351E-01 
5.41682E-02 2.34437E-01 
5.81429E-02 2.34223E-01 
6.16866E-02 2.34755E-01 
6.48734E-02 2.36067E-01 
6.71517E-02 2.37630E-01 
6.77947E-02 2.38178E-01 
7.07729E-02 2.41350E-01 
7.37279E-02 2.45429E-01 
7.68394E-02 2.50365E-01 
8.03044E-02 2.56081E-01 
8.88705E-02 2.59631E-01 
9.30751E-02 2.66614E-01 
9.83710E-02 2.74117E-01 
1.05024E-01 2.81971E-01 
1.13314E-01 2.90013E-01 
1.23555E-01 2.98130E-01 
1.36205E-01 3.06428E-01 
1.52268E-01 3.15787E-01 
1.74660E-01 3.29516E-01 
2.10933E-01 3.55950E-01 
2.70901E-01 4.03166E-01 
3.48881E-01 4.58126E-01 
4.23259E-01 4.94399E-01 
4.42476E-02 1.94938E-01 
4.81874E-02 1.96007E-01 
6.57278E-02 2.07142E-01 
6.93937E-02 2.06169E-01 
7.26327E-02 2.05930E-01 
7.55158E-02 2.06446E-01 
7.81301E-02 2.07720E-01 
8.00332E-02 2.09218E-01 
8.05784E-02 2.09739E-01 
8.31668E-02 2.12715E-01 
8.58618E-02 2.16460E-01 
8.88410E-02 2.20887E-01 
9.22931E-02 2.25888E-01 
1.00251E-01 2.28310E-01 
1.04671E-01 2.34171E-01 
1.10240E-01 2.40258E-01 
1.17180E-01 2.46397E-01 
1.25717E-01 2.52422E-01 
1.36108E-01 2.58220E-01 
1.48749E-01 2.63868E-01 
1.64584E-01 2.70104E-01 
1.86472E-01 2.79684E-01 
2.21870E-01 2.99463E-01 
2.80281E-01 3.35795E-01 
3.55492E-01 3.77429E-01 
4.25718E-01 4.02668E-01 
5.54285E-02 1.73584E-01 
5.87786E-02 1.74501E-01 
7.82084E-02 1.79985E-01 
8.09503E-02 1.79284E-01 
8.33478E-02 1.79314E-01 
8.54855E-02 1.80064E-01 
8.74617E-02 1.81510E-01 
8.89495E-02 1.83078E-01 
8.93866E-02 1.83607E-01 
9.15442E-02 1.86532E-01 
9.39454E-02 1.90053E-01 
9.67603E-02 1.94056E-01 
1.00162E-01 1.98411E-01 
1.07496E-01 1.99906E-01 
1.12069E-01 2.04700E-01 
1.17823E-01 2.09450E-01 
1.24936E-01 2.13988E-01 
1.33582E-01 2.18158E-01 
1.43961E-01 2.21857E-01 
1.56406E-01 2.25153E-01 
1.71795E-01 2.28662E-01 
1.92891E-01 2.34667E-01 
2.26949E-01 2.48729E-01 
2.83057E-01 2.75729E-01 
3.54667E-01 3.06048E-01 
4.20234E-01 3.22157E-01 
6.39509E-02 1.53391E-01 
6.66574E-02 1.54362E-01 
8.73927E-02 1.54624E-01 
8.91651E-02 1.54453E-01 
9.07002E-02 1.54963E-01 
9.20932E-02 1.56115E-01 
9.34494E-02 1.57857E-01 
9.45452E-02 1.59567E-01 
9.48823E-02 1.60121E-01 
9.66509E-02 1.63053E-01 
9.88026E-02 1.66381E-01 
1.01492E-01 1.69974E-01 
1.04873E-01 1.73692E-01 
1.11625E-01 1.74398E-01 
1.16343E-01 1.78143E-01 
1.22249E-01 1.81606E-01 
1.29475E-01 1.84635E-01 
1.38145E-01 1.87095E-01 
1.48404E-01 1.88905E-01 
1.60530E-01 1.90128E-01 
1.75330E-01 1.91286E-01 
1.95454E-01 1.94250E-01 
2.27891E-01 2.03460E-01 
2.81258E-01 2.22542E-01 
3.48820E-01 2.43363E-01 
4.09532E-01 2.52038E-01 
7.01058E-02 1.34670E-01 
7.21682E-02 1.35841E-01 
9.36045E-02 1.31461E-01 
9.44403E-02 1.31985E-01 
9.51693E-02 1.33092E-01 
9.58925E-02 1.34718E-01 
9.67170E-02 1.36790E-01 
9.74948E-02 1.38645E-01 
9.77538E-02 1.39222E-01 
9.92389E-02 1.42136E-01 
1.01241E-01 1.45227E-01 
1.03894E-01 1.48360E-01 
1.07323E-01 1.51395E-01 
1.13571E-01 1.51394E-01 
1.18458E-01 1.54075E-01 
1.24512E-01 1.56275E-01 
1.31819E-01 1.57866E-01 
1.40456E-01 1.58744E-01 
1.50521E-01 1.58852E-01 
1.62236E-01 1.58260E-01 
1.76347E-01 1.57411E-01 
1.95381E-01 1.57812E-01 
2.26030E-01 1.62923E-01 
2.76419E-01 1.75302E-01 
3.39718E-01 1.88175E-01 
3.95552E-01 1.90859E-01 
7.41309E-02 1.17753E-01 
7.56078E-02 1.19197E-01 
9.71227E-02 1.10914E-01 
9.71365E-02 1.12187E-01 
9.71915E-02 1.13901E-01 
9.73884E-02 1.15975E-01 
9.78299E-02 1.18320E-01 
9.84043E-02 1.20259E-01 
9.86182E-02 1.20839E-01 
9.99709E-02 1.23636E-01 
1.01960E-01 1.26388E-01 
1.04691E-01 1.28965E-01 
1.08259E-01 1.31240E-01 
1.14097E-01 1.30577E-01 
1.19185E-01 1.32170E-01 
1.25389E-01 1.33129E-01 
1.32753E-01 1.33360E-01 
1.41310E-01 1.32789E-01 
1.51114E-01 1.31389E-01 
1.62346E-01 1.29240E-01 
1.75691E-01 1.26715E-01 
1.93558E-01 1.25002E-01 
2.22333E-01 1.26701E-01 
2.69649E-01 1.33463E-01 
3.28645E-01 1.39764E-01 
3.79704E-01 1.37721E-01 
7.62993E-02 1.02822E-01 
7.73044E-02 1.04531E-01 
9.82768E-02 9.31987E-02 
9.76551E-02 9.51625E-02 
9.72301E-02 9.73909E-02 
9.70960E-02 9.97939E-02 
9.73446E-02 1.02277E-01 
9.78554E-02 1.04191E-01 
9.80634E-02 1.04742E-01 
9.94578E-02 1.07268E-01 
1.01582E-01 1.09539E-01 
1.04512E-01 1.11442E-01 
1.08305E-01 1.12871E-01 
1.13825E-01 1.11569E-01 
1.19139E-01 1.12058E-01 
1.25486E-01 1.11815E-01 
1.32873E-01 1.10776E-01 
1.41296E-01 1.08906E-01 
1.50774E-01 1.06205E-01 
1.61451E-01 1.02761E-01 
1.73962E-01 9.88856E-02 
1.90606E-01 9.54816E-02 
2.17469E-01 9.43943E-02 
2.61704E-01 9.65068E-02 
3.16458E-01 9.74448E-02 
3.62916E-01 9.17717E-02 
7.69278E-02 8.99234E-02 
7.76190E-02 9.18127E-02 
9.74524E-02 7.83541E-02 
9.64356E-02 8.08467E-02 
9.57668E-02 8.34091E-02 
9.55273E-02 8.59499E-02 
9.57922E-02 8.83778E-02 
9.63864E-02 9.01218E-02 
9.66289E-02 9.06029E-02 
9.82380E-02 9.26760E-02 
1.00637E-01 9.43131E-02 
1.03867E-01 9.54242E-02 
1.07953E-01 9.59319E-02 
1.13231E-01 9.40104E-02 
1.18770E-01 9.34077E-02 
1.25232E-01 9.20264E-02 
1.32589E-01 8.98390E-02 
1.40809E-01 8.68409E-02 
1.49883E-01 8.30610E-02 
1.59929E-01 7.85921E-02 
1.71543E-01 7.36866E-02 
1.86920E-01 6.89912E-02 
2.11860E-01 6.56884E-02 
2.53052E-01 6.40188E-02 
3.03682E-01 6.06644E-02 
3.45748E-01 5.23133E-02 
7.63613E-02 7.89586E-02 
7.69252E-02 8.08786E-02 
9.50730E-02 6.62323E-02 
9.39328E-02 6.90100E-02 
9.32749E-02 7.16608E-02 
9.31618E-02 7.41011E-02 
9.36475E-02 7.62508E-02 
9.44624E-02 7.76673E-02 
9.47757E-02 7.80354E-02 
9.67492E-02 7.94732E-02 
9.95321E-02 8.03346E-02 
1.03133E-01 8.05595E-02 
1.07542E-01 8.01024E-02 
1.12625E-01 7.75936E-02 
1.18356E-01 7.59476E-02 
1.24874E-01 7.35305E-02 
1.32126E-01 7.03463E-02 
1.40056E-01 6.64194E-02 
1.48638E-01 6.17995E-02 
1.57971E-01 5.65809E-02 
1.68623E-01 5.09587E-02 
1.82694E-01 4.53479E-02 
2.05712E-01 4.03518E-02 
2.43920E-01 3.56808E-02 
2.90561E-01 2.89829E-02 
3.28457E-01 1.87759E-02 
7.49199E-02 6.96530E-02 
7.55581E-02 7.14157E-02 
9.15512E-02 5.64944E-02 
9.05707E-02 5.92660E-02 
9.01762E-02 6.17306E-02 
9.04081E-02 6.38195E-02 
9.12962E-02 6.54709E-02 
9.24459E-02 6.64140E-02 
9.28591E-02 6.66310E-02 
9.53079E-02 6.72803E-02 
9.85418E-02 6.72639E-02 
1.02538E-01 6.65535E-02 
1.07259E-01 6.51356E-02 
1.12165E-01 6.20951E-02 
1.18020E-01 5.95012E-02 
1.24507E-01 5.61909E-02 
1.31553E-01 5.21953E-02 
1.39091E-01 4.75610E-02 
1.47083E-01 4.23524E-02 
1.55620E-01 3.66597E-02 
1.65247E-01 3.06214E-02 
1.77981E-01 2.44441E-02 
1.99083E-01 1.82303E-02 
2.34369E-01 1.12618E-02 
2.77161E-01 2.06271E-03 
3.11109E-01 -9.29675E-03 
7.29669E-02 6.16821E-02 
7.38682E-02 6.30807E-02 
8.73446E-02 4.87037E-02 
8.67832E-02 5.11629E-02 
8.68716E-02 5.31686E-02 
8.76263E-02 5.46721E-02 
8.90523E-02 5.56340E-02 
9.06130E-02 5.59871E-02 
9.11436E-02 5.60242E-02 
9.41239E-02 5.57815E-02 
9.78220E-02 5.48394E-02 
1.02190E-01 5.32001E-02 
1.07166E-01 5.08793E-02 
1.11878E-01 4.73903E-02 
1.17757E-01 4.39885E-02 
1.24099E-01 3.99640E-02 
1.30825E-01 3.53683E-02 
1.37858E-01 3.02631E-02 
1.45162E-01 2.47199E-02 
1.52824E-01 1.88195E-02 
1.61371E-01 1.26446E-02 
1.72744E-01 6.21667E-03 
1.91942E-01 -7.88088E-04 
2.24368E-01 -9.42328E-03 
2.63445E-01 -2.03815E-02 
2.93664E-01 -3.23008E-02 
7.08697E-02 5.46938E-02 
7.21915E-02 5.55406E-02 
8.29435E-02 4.23797E-02 
8.30095E-02 4.42503E-02 
8.37429E-02 4.55667E-02 
8.51366E-02 4.63031E-02 
8.71730E-02 4.64435E-02 
8.91723E-02 4.61388E-02 
8.98242E-02 4.59816E-02 
9.33286E-02 4.48130E-02 
9.74467E-02 4.29652E-02 
1.02111E-01 4.04670E-02 
1.07245E-01 3.73577E-02 
1.11722E-01 3.35304E-02 
1.17500E-01 2.95007E-02 
1.23573E-01 2.49692E-02 
1.29858E-01 2.00001E-02 
1.36282E-01 1.46627E-02 
1.42811E-01 9.02888E-03 
1.49536E-01 3.16503E-03 
1.56973E-01 -2.89974E-03 
1.66985E-01 -9.30480E-03 
1.84315E-01 -1.67264E-02 
2.13962E-01 -2.64680E-02 
2.49484E-01 -3.85383E-02 
2.76217E-01 -5.05344E-02 
6.90416E-02 4.82537E-02 
7.08875E-02 4.83883E-02 
7.88224E-02 3.69370E-02 
7.96507E-02 3.79924E-02 
8.11184E-02 3.84439E-02 
8.31975E-02 3.82888E-02 
8.58510E-02 3.75337E-02 
8.82699E-02 3.65472E-02 
8.90336E-02 3.61941E-02 
9.29977E-02 3.41227E-02 
9.74423E-02 3.14402E-02 
1.02288E-01 2.81956E-02 
1.07452E-01 2.44461E-02 
1.11629E-01 2.04053E-02 
1.17168E-01 1.59438E-02 
1.22840E-01 1.11177E-02 
1.28565E-01 5.99649E-03 
1.34278E-01 6.50464E-04 
1.39955E-01 -4.85432E-03 
1.45694E-01 -1.04697E-02 
1.52001E-01 -1.62172E-02 
1.60660E-01 -2.23742E-02 
1.76155E-01 -2.99032E-02 
2.03094E-01 -4.02835E-02 
2.35195E-01 -5.29338E-02 
2.58661E-01 -6.46307E-02 
6.77510E-02 4.20353E-02 
7.01664E-02 4.13618E-02 
7.53602E-02 3.19167E-02 
7.70021E-02 3.20170E-02 
7.92128E-02 3.15164E-02 
8.19479E-02 3.04325E-02 
8.51562E-02 2.87914E-02 
8.79273E-02 2.71600E-02 
8.87806E-02 2.66263E-02 
9.30840E-02 2.37505E-02 
9.77183E-02 2.03687E-02 
1.02600E-01 1.65434E-02 
1.07645E-01 1.23412E-02 
1.11451E-01 8.22672E-03 
1.16612E-01 3.54537E-03 
1.21761E-01 -1.36025E-03 
1.26826E-01 -6.42180E-03 
1.31755E-01 -1.15741E-02 
1.36534E-01 -1.67615E-02 
1.41270E-01 -2.19559E-02 
1.46461E-01 -2.72249E-02 
1.53810E-01 -3.29592E-02 
1.67539E-01 -4.03419E-02 
1.91876E-01 -5.09622E-02 
2.20734E-01 -6.37478E-02 
2.41186E-01 -7.48643E-02 
6.70761E-02 3.56693E-02 
7.00425E-02 3.41596E-02 
7.26881E-02 2.68526E-02 
7.51186E-02 2.59492E-02 
7.80135E-02 2.44959E-02 
8.13175E-02 2.25268E-02 
8.49710E-02 2.00818E-02 
8.79978E-02 1.78921E-02 
8.89110E-02 1.72064E-02 
9.34057E-02 1.36807E-02 
9.80761E-02 9.77815E-03 
1.02841E-01 5.56699E-03 
1.07623E-01 1.11645E-03 
1.10987E-01 -2.92996E-03 
1.15650E-01 -7.62396E-03 
1.20173E-01 -1.24092E-02 
1.24501E-01 -1.72236E-02 
1.28595E-01 -2.20114E-02 
1.32454E-01 -2.67300E-02 
1.36197E-01 -3.13723E-02 
1.40307E-01 -3.60456E-02 
1.46405E-01 -4.12302E-02 
1.58446E-01 -4.82698E-02 
1.80290E-01 -5.88064E-02 
2.06077E-01 -7.13725E-02 
2.23761E-01 -8.17092E-02 
6.70719E-02 2.89430E-02 
7.05122E-02 2.66459E-02 
7.09169E-02 2.14460E-02 
7.40390E-02 1.95865E-02 
7.74996E-02 1.72658E-02 
8.12378E-02 1.45282E-02 
8.51905E-02 1.14220E-02 
8.83553E-02 8.79839E-03 
8.92935E-02 7.99897E-03 
9.38136E-02 4.01471E-03 
9.83587E-02 -2.07396E-04 
1.02856E-01 -4.59974E-03 
1.07239E-01 -9.09645E-03 
1.10102E-01 -1.29432E-02 
1.14163E-01 -1.74622E-02 
1.17985E-01 -2.19545E-02 
1.21527E-01 -2.63680E-02 
1.24764E-01 -3.06590E-02 
1.27711E-01 -3.47994E-02 
1.30494E-01 -3.88020E-02 
1.33583E-01 -4.28073E-02 
1.38510E-01 -4.73620E-02 
1.48960E-01 -5.39162E-02 
1.68435E-01 -6.41172E-02 
1.91338E-01 -7.61928E-02 
2.06502E-01 -8.56239E-02 
6.80470E-02 2.18440E-02 
7.18398E-02 1.88572E-02 
7.03632E-02 1.55770E-02 
7.40027E-02 1.28763E-02 
7.78394E-02 9.82767E-03 
8.18134E-02 6.48150E-03 
8.58649E-02 2.88955E-03 
8.90160E-02 -2.49103E-05 
8.99358E-02 -8.95394E-04 
9.42829E-02 -5.13242E-03 
9.85224E-02 -9.46867E-03 
1.02594E-01 -1.38430E-02 
1.06445E-01 -1.81979E-02 
1.08747E-01 -2.17293E-02 
1.12124E-01 -2.59133E-02 
1.15191E-01 -2.99737E-02 
1.17923E-01 -3.38705E-02 
1.20309E-01 -3.75729E-02 
1.22378E-01 -4.10675E-02 
1.24259E-01 -4.43847E-02 
1.26406E-01 -4.76910E-02 
1.30258E-01 -5.15782E-02 
1.39231E-01 -5.75553E-02 
1.56485E-01 -6.72373E-02 
1.76707E-01 -7.86307E-02 
1.89603E-01 -8.70941E-02 
6.95780E-02 1.42815E-02 
7.35629E-02 1.07634E-02 
7.06159E-02 9.15127E-03 
7.45751E-02 5.79649E-03 
7.85937E-02 2.22009E-03 
8.26169E-02 -1.52754E-03 
8.65920E-02 -5.39647E-03 
8.96031E-02 -8.44213E-03 
9.04694E-02 -9.33764E-03 
9.44882E-02 -1.36141E-02 
9.82887E-02 -1.78644E-02 
1.01826E-01 -2.20375E-02 
1.05061E-01 -2.60873E-02 
1.06779E-01 -2.92105E-02 
1.09432E-01 -3.29352E-02 
1.11732E-01 -3.64632E-02 
1.13666E-01 -3.97670E-02 
1.15239E-01 -4.28286E-02 
1.16488E-01 -4.56481E-02 
1.17545E-01 -4.82704E-02 
1.18846E-01 -5.08808E-02 
1.21733E-01 -5.40969E-02 
1.29351E-01 -5.94456E-02 
1.44537E-01 -6.84806E-02 
1.62284E-01 -7.90622E-02 
1.73157E-01 -8.65424E-02 
7.14938E-02 6.47452E-03 
7.54683E-02 2.62236E-03 
7.14598E-02 2.35743E-03 
7.55079E-02 -1.41938E-03 
7.94978E-02 -5.29388E-03 
8.33838E-02 -9.22106E-03 
8.71215E-02 -1.31571E-02 
8.98853E-02 -1.61819E-02 
9.06694E-02 -1.70599E-02 
9.42396E-02 -2.11853E-02 
9.75074E-02 -2.51810E-02 
1.00442E-01 -2.90076E-02 
1.03020E-01 -3.26313E-02 
1.04161E-01 -3.52878E-02 
1.06092E-01 -3.84744E-02 
1.07650E-01 -4.14150E-02 
1.08835E-01 -4.40940E-02 
1.09660E-01 -4.65052E-02 
1.10173E-01 -4.86598E-02 
1.10507E-01 -5.06142E-02 
1.11073E-01 -5.25653E-02 
1.13116E-01 -5.51395E-02 
1.19519E-01 -5.98482E-02 
1.32814E-01 -6.81622E-02 
1.48314E-01 -7.78629E-02 
1.57414E-01 -8.43892E-02 
7.38778E-02 -1.55514E-03 
7.77078E-02 -5.55472E-03 
7.30143E-02 -4.78218E-03 
7.69588E-02 -8.76389E-03 
8.07322E-02 -1.27285E-02 
8.42975E-02 -1.66364E-02 
8.76237E-02 -2.04517E-02 
9.00159E-02 -2.33191E-02 
9.06837E-02 -2.41413E-02 
9.36602E-02 -2.79453E-02 
9.62808E-02 -3.15380E-02 
9.85295E-02 -3.48928E-02 
1.00396E-01 -3.79887E-02 
1.00947E-01 -4.01286E-02 
1.02152E-01 -4.27178E-02 
1.02989E-01 -4.50349E-02 
1.03467E-01 -4.70746E-02 
1.03608E-01 -4.88405E-02 
1.03463E-01 -5.03529E-02 
1.03164E-01 -5.16759E-02 
1.03096E-01 -5.30116E-02 
1.04403E-01 -5.49815E-02 
1.09710E-01 -5.90538E-02 
1.21262E-01 -6.66016E-02 
1.34705E-01 -7.53820E-02 
1.42237E-01 -8.09936E-02 
7.61881E-02 -9.45807E-03 
7.96847E-02 -1.34027E-02 
7.46228E-02 -1.19009E-02 
7.82552E-02 -1.58559E-02 
8.16370E-02 -1.96980E-02 
8.47442E-02 -2.33969E-02 
8.75583E-02 -2.69264E-02 
8.95244E-02 -2.95263E-02 
9.00633E-02 -3.02633E-02 
9.24013E-02 -3.36222E-02 
9.43537E-02 -3.67138E-02 
9.59185E-02 -3.95241E-02 
9.70988E-02 -4.20441E-02 
9.71070E-02 -4.36603E-02 
9.76437E-02 -4.56434E-02 
9.78308E-02 -4.73471E-02 
9.76852E-02 -4.87747E-02 
9.72355E-02 -4.99372E-02 
9.65355E-02 -5.08616E-02 
9.57111E-02 -5.16166E-02 
9.51197E-02 -5.24043E-02 
9.58090E-02 -5.38295E-02 
1.00153E-01 -5.72971E-02 
1.10134E-01 -6.40736E-02 
1.21732E-01 -7.19384E-02 
1.27909E-01 -7.67040E-02 
7.83105E-02 -1.70371E-02 
8.13320E-02 -2.07500E-02 
7.61479E-02 -1.87770E-02 
7.92980E-02 -2.25010E-02 
8.21508E-02 -2.60404E-02 
8.46937E-02 -2.93753E-02 
8.69159E-02 -3.24888E-02 
8.84102E-02 -3.47367E-02 
8.88096E-02 -3.53665E-02 
9.04794E-02 -3.81932E-02 
9.17637E-02 -4.07242E-02 
9.26680E-02 -4.29549E-02 
9.32031E-02 -4.48848E-02 
9.27221E-02 -4.59906E-02 
9.26567E-02 -4.73849E-02 
9.22719E-02 -4.85073E-02 
9.15902E-02 -4.93677E-02 
9.06437E-02 -4.99828E-02 
8.94868E-02 -5.03838E-02 
8.82389E-02 -5.06413E-02 
8.72289E-02 -5.09530E-02 
8.74081E-02 -5.18982E-02 
9.09129E-02 -5.48035E-02 
9.94845E-02 -6.08243E-02 
1.09433E-01 -6.78001E-02 
1.14446E-01 -7.17953E-02 
7.99937E-02 -2.40436E-02 
8.25032E-02 -2.74022E-02 
7.74366E-02 -2.51860E-02 
8.00298E-02 -2.85382E-02 
8.23041E-02 -3.16606E-02 
8.42436E-02 -3.45364E-02 
8.58400E-02 -3.71537E-02 
8.68420E-02 -3.89978E-02 
8.70971E-02 -3.95069E-02 
8.80809E-02 -4.17464E-02 
8.86933E-02 -4.36793E-02 
8.89511E-02 -4.53110E-02 
8.88731E-02 -4.66499E-02 
8.79425E-02 -4.72636E-02 
8.73374E-02 -4.80990E-02 
8.64550E-02 -4.86836E-02 
8.53204E-02 -4.90315E-02 
8.39666E-02 -4.91628E-02 
8.24459E-02 -4.91104E-02 
8.08692E-02 -4.89443E-02 
7.95361E-02 -4.88541E-02 
7.93050E-02 -4.93869E-02 
8.20878E-02 -5.17807E-02 
8.94052E-02 -5.70798E-02 
9.78925E-02 -6.32119E-02 
1.01913E-01 -6.65175E-02 
8.11297E-02 -3.03182E-02 
8.29921E-02 -3.31911E-02 
7.81207E-02 -3.08697E-02 
8.00473E-02 -3.37150E-02 
8.16421E-02 -3.62995E-02 
8.29110E-02 -3.86207E-02 
8.38628E-02 -4.06791E-02 
8.43889E-02 -4.20934E-02 
8.45084E-02 -4.24777E-02 
8.48690E-02 -4.41279E-02 
8.48951E-02 -4.54841E-02 
8.46031E-02 -4.65552E-02 
8.40144E-02 -4.73535E-02 
8.27257E-02 -4.75313E-02 
8.16834E-02 -4.78715E-02 
8.04053E-02 -4.79872E-02 
7.89178E-02 -4.78953E-02 
7.72538E-02 -4.76178E-02 
7.54634E-02 -4.71882E-02 
7.36487E-02 -4.66744E-02 
7.20806E-02 -4.62555E-02 
7.15291E-02 -4.64423E-02 
7.36958E-02 -4.83779E-02 
7.99012E-02 -5.29975E-02 
8.70965E-02 -5.83392E-02 
9.02766E-02 -6.10341E-02 
8.14353E-02 -3.56350E-02 
8.26865E-02 -3.79777E-02 
7.81688E-02 -3.56945E-02 
7.94780E-02 -3.79996E-02 
8.04620E-02 -4.00365E-02 
8.11255E-02 -4.18038E-02 
8.14811E-02 -4.33059E-02 
8.15564E-02 -4.42916E-02 
8.15470E-02 -4.45515E-02 
8.13170E-02 -4.56204E-02 
8.07939E-02 -4.64169E-02 
7.99946E-02 -4.69525E-02 
7.89426E-02 -4.72432E-02 
7.73356E-02 -4.70196E-02 
7.59188E-02 -4.69144E-02 
7.43141E-02 -4.66184E-02 
7.25472E-02 -4.61498E-02 
7.06492E-02 -4.55305E-02 
6.86656E-02 -4.47929E-02 
6.66883E-02 -4.40009E-02 
6.49599E-02 -4.33209E-02 
6.41664E-02 -4.32244E-02 
6.58135E-02 -4.47566E-02 
7.10418E-02 -4.87480E-02 
7.71048E-02 -5.33618E-02 
7.95800E-02 -5.55241E-02 
8.10700E-02 -3.99939E-02 
8.16932E-02 -4.17674E-02 
7.74841E-02 -3.95502E-02 
7.81220E-02 -4.12541E-02 
7.84587E-02 -4.26961E-02 
7.85163E-02 -4.38870E-02 
7.83094E-02 -4.48354E-02 
7.79798E-02 -4.54102E-02 
7.78570E-02 -4.55530E-02 
7.71171E-02 -4.60834E-02 
7.61381E-02 -4.63770E-02 
7.49384E-02 -4.64482E-02 
7.35374E-02 -4.63117E-02 
7.17104E-02 -4.57619E-02 
7.00267E-02 -4.52946E-02 
6.81959E-02 -4.46687E-02 
6.62425E-02 -4.39024E-02 
6.41956E-02 -4.30172E-02 
6.20967E-02 -4.20438E-02 
6.00286E-02 -4.10420E-02 
5.82074E-02 -4.01651E-02 
5.72413E-02 -3.98440E-02 
5.84556E-02 -4.10266E-02 
6.28303E-02 -4.44443E-02 
6.79055E-02 -4.83952E-02 
6.97944E-02 -5.00981E-02 
7.98120E-02 -4.32557E-02 
7.98378E-02 -4.44560E-02 
7.59671E-02 -4.23487E-02 
7.60409E-02 -4.34936E-02 
7.58583E-02 -4.44035E-02 
7.54244E-02 -4.50815E-02 
7.47556E-02 -4.55374E-02 
7.40905E-02 -4.57468E-02 
7.38735E-02 -4.57856E-02 
7.27081E-02 -4.58377E-02 
7.13431E-02 -4.56833E-02 
6.97997E-02 -4.53390E-02 
6.81014E-02 -4.48235E-02 
6.60928E-02 -4.39887E-02 
6.41992E-02 -4.32143E-02 
6.22007E-02 -4.23157E-02 
6.01199E-02 -4.13106E-02 
5.79826E-02 -4.02189E-02 
5.58257E-02 -3.90690E-02 
5.37217E-02 -3.79147E-02 
5.18613E-02 -3.68956E-02 
5.07796E-02 -3.64016E-02 
5.16368E-02 -3.72847E-02 
5.52696E-02 -4.01840E-02 
5.94878E-02 -4.35373E-02 
6.08933E-02 -4.48485E-02 
7.78335E-02 -4.54953E-02 
7.73589E-02 -4.61748E-02 
7.38042E-02 -4.41813E-02 
7.33382E-02 -4.47804E-02 
7.26357E-02 -4.51595E-02 
7.17247E-02 -4.53361E-02 
7.06306E-02 -4.53270E-02 
6.96710E-02 -4.52021E-02 
6.93737E-02 -4.51475E-02 
6.78620E-02 -4.47824E-02 
6.62097E-02 -4.42570E-02 
6.44318E-02 -4.35843E-02 
6.25440E-02 -4.27781E-02 
6.04398E-02 -4.17333E-02 
5.84273E-02 -4.07320E-02 
5.63435E-02 -3.96362E-02 
5.42089E-02 -3.84624E-02 
5.20463E-02 -3.72290E-02 
4.98884E-02 -3.59617E-02 
4.77993E-02 -3.47095E-02 
4.59465E-02 -3.35982E-02 
4.47987E-02 -3.29781E-02 
4.53661E-02 -3.36093E-02 
4.83590E-02 -3.60457E-02 
5.18389E-02 -3.88663E-02 
5.28505E-02 -3.98479E-02 
7.51375E-02 -4.67360E-02 
7.41807E-02 -4.69080E-02 
7.08835E-02 -4.50019E-02 
6.99616E-02 -4.51117E-02 
6.88811E-02 -4.50565E-02 
6.76507E-02 -4.48431E-02 
6.62588E-02 -4.44650E-02 
6.50901E-02 -4.40730E-02 
6.47356E-02 -4.39438E-02 
6.29695E-02 -4.32395E-02 
6.10926E-02 -4.24022E-02 
5.91303E-02 -4.14523E-02 
5.71006E-02 -4.04054E-02 
5.49350E-02 -3.91911E-02 
5.28487E-02 -3.80120E-02 
5.07232E-02 -3.67676E-02 
4.85769E-02 -3.54729E-02 
4.64295E-02 -3.41444E-02 
4.43091E-02 -3.28048E-02 
4.22710E-02 -3.14975E-02 
4.04607E-02 -3.03345E-02 
3.92860E-02 -2.96276E-02 
3.96204E-02 -3.00488E-02 
4.20631E-02 -3.20746E-02 
4.49086E-02 -3.44232E-02 
4.56022E-02 -3.51304E-02 
7.18445E-02 -4.70493E-02 
7.05346E-02 -4.68078E-02 
6.74779E-02 -4.49845E-02 
6.62159E-02 -4.46942E-02 
6.48150E-02 -4.42579E-02 
6.32710E-02 -4.36738E-02 
6.16137E-02 -4.29633E-02 
6.02720E-02 -4.23403E-02 
5.98721E-02 -4.21478E-02 
5.79264E-02 -4.11723E-02 
5.59192E-02 -4.01060E-02 
5.38606E-02 -3.89587E-02 
5.17641E-02 -3.77427E-02 
4.95947E-02 -3.64172E-02 
4.74990E-02 -3.51249E-02 
4.53902E-02 -3.37921E-02 
4.32831E-02 -3.24313E-02 
4.11945E-02 -3.10570E-02 
3.91485E-02 -2.96892E-02 
3.71930E-02 -2.83663E-02 
3.54542E-02 -2.71875E-02 
3.42850E-02 -2.64285E-02 
3.44379E-02 -2.66799E-02 
3.64152E-02 -2.83484E-02 
3.87245E-02 -3.02869E-02 
3.91675E-02 -3.07711E-02 
6.80155E-02 -4.65502E-02 
6.64184E-02 -4.59504E-02 
6.35563E-02 -4.41822E-02 
6.19935E-02 -4.35310E-02 
6.03370E-02 -4.27709E-02 
5.86177E-02 -4.19252E-02 
5.68363E-02 -4.09960E-02 
5.54074E-02 -4.02145E-02 
5.49817E-02 -3.99761E-02 
5.29184E-02 -3.87900E-02 
5.08211E-02 -3.75396E-02 
4.87079E-02 -3.62406E-02 
4.65880E-02 -3.49023E-02 
4.44481E-02 -3.35046E-02 
4.23796E-02 -3.21410E-02 
4.03204E-02 -3.07588E-02 
3.82827E-02 -2.93690E-02 
3.62804E-02 -2.79838E-02 
3.43337E-02 -2.66203E-02 
3.24832E-02 -2.53119E-02 
3.08373E-02 -2.41454E-02 
2.96988E-02 -2.33622E-02 
2.97106E-02 -2.34763E-02 
3.12903E-02 -2.48315E-02 
3.31416E-02 -2.64105E-02 
3.33870E-02 -2.67134E-02 
6.37921E-02 -4.53461E-02 
6.19961E-02 -4.44645E-02 
5.92997E-02 -4.27365E-02 
5.75336E-02 -4.18080E-02 
5.57257E-02 -4.08137E-02 
5.38756E-02 -3.97547E-02 
5.19739E-02 -3.86252E-02 
5.04780E-02 -3.77117E-02 
5.00388E-02 -3.74399E-02 
4.79376E-02 -3.61175E-02 
4.58294E-02 -3.47574E-02 
4.37245E-02 -3.33693E-02 
4.16327E-02 -3.19627E-02 
3.95565E-02 -3.05327E-02 
3.75512E-02 -2.91394E-02 
3.55725E-02 -2.77459E-02 
3.36309E-02 -2.63614E-02 
3.17378E-02 -2.49962E-02 
2.99096E-02 -2.36650E-02 
2.81807E-02 -2.23962E-02 
2.66431E-02 -2.12652E-02 
2.55550E-02 -2.04813E-02 
2.54617E-02 -2.04883E-02 
2.67074E-02 -2.15740E-02 
2.81738E-02 -2.28438E-02 
2.82688E-02 -2.30039E-02 
5.92883E-02 -4.35579E-02 
5.73387E-02 -4.24422E-02 
5.47993E-02 -4.07536E-02 
5.29260E-02 -3.96334E-02 
5.10220E-02 -3.84610E-02 
4.90937E-02 -3.72423E-02 
4.71478E-02 -3.59836E-02 
4.56324E-02 -3.49846E-02 
4.51887E-02 -3.46892E-02 
4.30813E-02 -3.32695E-02 
4.09904E-02 -3.18355E-02 
3.89299E-02 -3.04001E-02 
3.69073E-02 -2.89708E-02 
3.49293E-02 -2.75487E-02 
3.30215E-02 -2.61659E-02 
3.11525E-02 -2.47965E-02 
2.93308E-02 -2.34485E-02 
2.75658E-02 -2.21306E-02 
2.58712E-02 -2.08550E-02 
2.42757E-02 -1.96463E-02 
2.28572E-02 -1.85692E-02 
2.18343E-02 -1.78039E-02 
2.16660E-02 -1.77301E-02 
2.26338E-02 -1.85864E-02 
2.37798E-02 -1.95932E-02 
2.37634E-02 -1.96435E-02 
5.46045E-02 -4.12979E-02 
5.25854E-02 -4.00250E-02 
5.01883E-02 -3.83721E-02 
4.82455E-02 -3.71034E-02 
4.62850E-02 -3.57970E-02 
4.43345E-02 -3.44749E-02 
4.23995E-02 -3.31427E-02 
4.09194E-02 -3.21108E-02 
4.04891E-02 -3.18088E-02 
3.84402E-02 -3.03564E-02 
3.64077E-02 -2.88944E-02 
3.44163E-02 -2.74442E-02 
3.24800E-02 -2.60184E-02 
3.06140E-02 -2.46267E-02 
2.88214E-02 -2.32802E-02 
2.70779E-02 -2.19592E-02 
2.53893E-02 -2.06694E-02 
2.37628E-02 -1.94178E-02 
2.22097E-02 -1.82146E-02 
2.07539E-02 -1.70807E-02 
1.94606E-02 -1.60710E-02 
1.85130E-02 -1.53392E-02 
1.82948E-02 -1.52070E-02 
1.90334E-02 -1.58704E-02 
1.99150E-02 -1.66557E-02 
1.98196E-02 -1.66245E-02 
4.98528E-02 -3.86886E-02 
4.77814E-02 -3.72847E-02 
4.55084E-02 -3.56609E-02 
4.35777E-02 -3.43207E-02 
4.16342E-02 -3.29500E-02 
3.97172E-02 -3.15811E-02 
3.78353E-02 -3.02217E-02 
3.63861E-02 -2.91632E-02 
3.59637E-02 -2.88529E-02 
3.39758E-02 -2.73820E-02 
3.20463E-02 -2.59400E-02 
3.01744E-02 -2.45273E-02 
2.83609E-02 -2.31460E-02 
2.66245E-02 -2.18099E-02 
2.49597E-02 -2.05205E-02 
2.33499E-02 -1.92647E-02 
2.18006E-02 -1.80482E-02 
2.03178E-02 -1.68765E-02 
1.89100E-02 -1.57580E-02 
1.75963E-02 -1.47093E-02 
1.64307E-02 -1.37768E-02 
1.55652E-02 -1.30899E-02 
1.53175E-02 -1.29187E-02 
1.58694E-02 -1.34216E-02 
1.65351E-02 -1.40226E-02 
1.63871E-02 -1.39339E-02 
4.50750E-02 -3.57966E-02 
4.30328E-02 -3.43385E-02 
4.08834E-02 -3.27515E-02 
3.89832E-02 -3.13668E-02 
3.71061E-02 -2.99839E-02 
3.52569E-02 -2.86073E-02 
3.34444E-02 -2.72451E-02 
3.20635E-02 -2.61986E-02 
3.16632E-02 -2.58938E-02 
2.97871E-02 -2.44574E-02 
2.79705E-02 -2.30545E-02 
2.62215E-02 -2.16931E-02 
2.45389E-02 -2.03734E-02 
2.29426E-02 -1.91110E-02 
2.14182E-02 -1.78987E-02 
1.99529E-02 -1.67264E-02 
1.85508E-02 -1.55983E-02 
1.72162E-02 -1.45190E-02 
1.59556E-02 -1.34946E-02 
1.47843E-02 -1.25390E-02 
1.37463E-02 -1.16904E-02 
1.29669E-02 -1.10569E-02 
1.27062E-02 -1.08625E-02 
1.31080E-02 -1.12342E-02 
1.35997E-02 -1.16840E-02 
1.34206E-02 -1.15575E-02 
4.03667E-02 -3.27301E-02 
3.83839E-02 -3.12536E-02 
3.63721E-02 -2.97234E-02 
3.45538E-02 -2.83473E-02 
3.27554E-02 -2.69734E-02 
3.09904E-02 -2.56134E-02 
2.92720E-02 -2.42789E-02 
2.79769E-02 -2.32664E-02 
2.76050E-02 -2.29747E-02 
2.58719E-02 -2.16090E-02 
2.41958E-02 -2.02784E-02 
2.25773E-02 -1.89841E-02 
2.10295E-02 -1.77385E-02 
1.95780E-02 -1.65628E-02 
1.82005E-02 -1.54414E-02 
1.68844E-02 -1.43647E-02 
1.56318E-02 -1.33350E-02 
1.44456E-02 -1.23555E-02 
1.33305E-02 -1.14309E-02 
1.22987E-02 -1.05725E-02 
1.13858E-02 -9.81155E-03 
1.06937E-02 -9.23699E-03 
1.04332E-02 -9.03278E-03 
1.07163E-02 -9.29875E-03 
1.10698E-02 -9.62656E-03 
1.08763E-02 -9.47850E-03 
3.57817E-02 -2.95624E-02 
3.39000E-02 -2.81131E-02 
3.20215E-02 -2.66446E-02 
3.03005E-02 -2.53006E-02 
2.86199E-02 -2.39780E-02 
2.69666E-02 -2.26667E-02 
2.53653E-02 -2.13883E-02 
2.41696E-02 -2.04285E-02 
2.38268E-02 -2.01526E-02 
2.22350E-02 -1.88662E-02 
2.07028E-02 -1.76199E-02 
1.92351E-02 -1.64186E-02 
1.78394E-02 -1.52701E-02 
1.65372E-02 -1.41926E-02 
1.53069E-02 -1.31701E-02 
1.41385E-02 -1.21948E-02 
1.30328E-02 -1.12681E-02 
1.19911E-02 -1.03916E-02 
1.10167E-02 -9.56901E-03 
1.01191E-02 -8.80884E-03 
9.32636E-03 -8.13639E-03 
8.72046E-03 -7.62390E-03 
8.47007E-03 -7.42031E-03 
8.66104E-03 -7.60290E-03 
8.90675E-03 -7.83396E-03 
8.71194E-03 -7.67728E-03 
3.13673E-02 -2.63614E-02 
2.96027E-02 -2.49630E-02 
2.78750E-02 -2.35794E-02 
2.62694E-02 -2.22912E-02 
2.47151E-02 -2.10364E-02 
2.32021E-02 -1.98071E-02 
2.17373E-02 -1.86097E-02 
2.06462E-02 -1.77135E-02 
2.03347E-02 -1.74570E-02 
1.88905E-02 -1.62637E-02 
1.75071E-02 -1.51139E-02 
1.61906E-02 -1.40139E-02 
1.49485E-02 -1.29713E-02 
1.37998E-02 -1.20026E-02 
1.27186E-02 -1.10872E-02 
1.16961E-02 -1.02181E-02 
1.07331E-02 -9.39675E-03 
9.83064E-03 -8.62448E-03 
8.99094E-03 -7.90374E-03 
8.22077E-03 -7.24095E-03 
7.54218E-03 -6.65606E-03 
7.01989E-03 -6.20682E-03 
6.78703E-03 -6.01200E-03 
6.90813E-03 -6.13030E-03 
7.07137E-03 -6.28621E-03 
6.88480E-03 -6.13085E-03 
2.72061E-02 -2.32191E-02 
2.55728E-02 -2.18932E-02 
2.39985E-02 -2.06053E-02 
2.25301E-02 -1.94003E-02 
2.11071E-02 -1.82260E-02 
1.97391E-02 -1.70909E-02 
1.84219E-02 -1.59919E-02 
1.74440E-02 -1.51726E-02 
1.71655E-02 -1.49387E-02 
1.58728E-02 -1.38496E-02 
1.46393E-02 -1.28048E-02 
1.34757E-02 -1.18148E-02 
1.23873E-02 -1.08850E-02 
1.13856E-02 -1.00257E-02 
1.04464E-02 -9.21709E-03 
9.56278E-03 -8.45385E-03 
8.73515E-03 -7.73671E-03 
7.96376E-03 -7.06641E-03 
7.24975E-03 -6.44436E-03 
6.59787E-03 -5.87515E-03 
6.02497E-03 -5.37419E-03 
5.58147E-03 -4.98695E-03 
5.37098E-03 -4.80677E-03 
5.44107E-03 -4.87734E-03 
5.54338E-03 -4.97688E-03 
5.37165E-03 -4.83010E-03 
2.32805E-02 -2.01507E-02 
2.17896E-02 -1.89149E-02 
2.03762E-02 -1.77363E-02 
1.90537E-02 -1.66296E-02 
1.77753E-02 -1.55542E-02 
1.65545E-02 -1.45222E-02 
1.53851E-02 -1.35289E-02 
1.45224E-02 -1.27931E-02 
1.42766E-02 -1.25830E-02 
1.31390E-02 -1.16078E-02 
1.20607E-02 -1.06790E-02 
1.10517E-02 -9.80637E-03 
1.01106E-02 -8.98940E-03 
9.24891E-03 -8.23866E-03 
8.44534E-03 -7.53625E-03 
7.69421E-03 -6.87775E-03 
6.99482E-03 -6.26295E-03 
6.34662E-03 -5.69174E-03 
5.74983E-03 -5.16466E-03 
5.20757E-03 -4.68480E-03 
4.73234E-03 -4.26373E-03 
4.36267E-03 -3.93651E-03 
4.17766E-03 -3.77509E-03 
4.21148E-03 -3.81111E-03 
4.26965E-03 -3.86918E-03 
4.11708E-03 -3.73604E-03 
1.96454E-02 -1.72231E-02 
1.83076E-02 -1.60940E-02 
1.70499E-02 -1.50274E-02 
1.58794E-02 -1.40310E-02 
1.47508E-02 -1.30656E-02 
1.36771E-02 -1.21430E-02 
1.26559E-02 -1.12615E-02 
1.19036E-02 -1.06097E-02 
1.16904E-02 -1.04246E-02 
1.07081E-02 -9.56954E-03 
9.78177E-03 -8.75958E-03 
8.91779E-03 -8.00123E-03 
8.11770E-03 -7.29652E-03 
7.39033E-03 -6.65390E-03 
6.71588E-03 -6.05619E-03 
6.08875E-03 -5.49897E-03 
5.50811E-03 -4.98183E-03 
4.97298E-03 -4.50421E-03 
4.48299E-03 -4.06602E-03 
4.03994E-03 -3.66915E-03 
3.65288E-03 -3.32205E-03 
3.35061E-03 -3.05116E-03 
3.19234E-03 -2.91081E-03 
3.20192E-03 -2.92327E-03 
3.22970E-03 -2.95233E-03 
3.09849E-03 -2.83586E-03 
1.63204E-02 -1.44745E-02 
1.51441E-02 -1.34662E-02 
1.40414E-02 -1.25169E-02 
1.30199E-02 -1.16343E-02 
1.20418E-02 -1.07853E-02 
1.11122E-02 -9.97485E-03 
1.02351E-02 -9.20698E-03 
9.59034E-03 -8.64046E-03 
9.40816E-03 -8.48007E-03 
8.57426E-03 -7.74413E-03 
7.79330E-03 -7.05207E-03 
7.06736E-03 -6.40638E-03 
6.39949E-03 -5.81044E-03 
5.79651E-03 -5.27090E-03 
5.24110E-03 -4.77251E-03 
4.72776E-03 -4.31079E-03 
4.25515E-03 -3.88482E-03 
3.82211E-03 -3.49377E-03 
3.42781E-03 -3.13713E-03 
3.07311E-03 -2.81584E-03 
2.76428E-03 -2.53584E-03 
2.52235E-03 -2.31658E-03 
2.39066E-03 -2.19816E-03 
2.38527E-03 -2.19570E-03 
2.39334E-03 -2.20560E-03 
2.28405E-03 -2.10719E-03 
1.33291E-02 -1.19452E-02 
1.23128E-02 -1.10623E-02 
1.13610E-02 -1.02320E-02 
1.04831E-02 -9.46344E-03 
9.64979E-03 -8.73072E-03 
8.86041E-03 -8.03374E-03 
8.12055E-03 -7.37783E-03 
7.57819E-03 -6.89528E-03 
7.42489E-03 -6.75861E-03 
6.72909E-03 -6.13694E-03 
6.08382E-03 -5.55825E-03 
5.48790E-03 -5.02192E-03 
4.94164E-03 -4.52873E-03 
4.45181E-03 -4.08537E-03 
4.00382E-03 -3.67879E-03 
3.59249E-03 -3.30469E-03 
3.21621E-03 -2.96183E-03 
2.87355E-03 -2.64911E-03 
2.56339E-03 -2.36564E-03 
2.28586E-03 -2.11170E-03 
2.04512E-03 -1.89123E-03 
1.85608E-03 -1.71816E-03 
1.74966E-03 -1.62130E-03 
1.73624E-03 -1.61050E-03 
1.73264E-03 -1.60877E-03 
1.64450E-03 -1.52844E-03 
1.06840E-02 -9.66410E-03 
9.81713E-03 -8.90188E-03 
9.01206E-03 -8.19157E-03 
8.27030E-03 -7.53468E-03 
7.57384E-03 -6.91536E-03 
6.91545E-03 -6.32745E-03 
6.30302E-03 -5.77846E-03 
5.85739E-03 -5.37762E-03 
5.73138E-03 -5.26405E-03 
5.16136E-03 -4.74915E-03 
4.63934E-03 -4.27592E-03 
4.16219E-03 -3.84191E-03 
3.72621E-03 -3.44412E-03 
3.33724E-03 -3.08839E-03 
2.98419E-03 -2.76467E-03 
2.66264E-03 -2.46926E-03 
2.37061E-03 -2.20054E-03 
2.10640E-03 -1.95708E-03 
1.86869E-03 -1.73777E-03 
1.65715E-03 -1.54242E-03 
1.47438E-03 -1.37353E-03 
1.33063E-03 -1.24072E-03 
1.24730E-03 -1.16407E-03 
1.23077E-03 -1.14968E-03 
1.22127E-03 -1.14185E-03 
1.15259E-03 -1.07860E-03 
8.38859E-03 -7.64998E-03 
7.66215E-03 -7.00466E-03 
6.99412E-03 -6.40940E-03 
6.37886E-03 -5.85903E-03 
5.80645E-03 -5.34498E-03 
5.27002E-03 -4.86127E-03 
4.77244E-03 -4.41086E-03 
4.41480E-03 -4.08606E-03 
4.31379E-03 -3.99414E-03 
3.85848E-03 -3.57890E-03 
3.44556E-03 -3.20099E-03 
3.07138E-03 -2.85738E-03 
2.73293E-03 -2.54566E-03 
2.43328E-03 -2.26909E-03 
2.16297E-03 -2.01895E-03 
1.91843E-03 -1.79225E-03 
1.69802E-03 -1.58762E-03 
1.50004E-03 -1.40360E-03 
1.32312E-03 -1.23899E-03 
1.16661E-03 -1.09326E-03 
1.03198E-03 -9.67841E-04 
9.25986E-04 -8.69114E-04 
8.62959E-04 -8.10610E-04 
8.46547E-04 -7.95847E-04 
8.35086E-04 -7.85725E-04 
7.83492E-04 -7.37790E-04 
6.43286E-03 -5.90788E-03 
5.83715E-03 -5.37401E-03 
5.29222E-03 -4.88423E-03 
4.79385E-03 -4.43458E-03 
4.33168E-03 -4.01595E-03 
3.90421E-03 -3.62721E-03 
3.51062E-03 -3.26792E-03 
3.22967E-03 -3.01063E-03 
3.15084E-03 -2.93829E-03 
2.79697E-03 -2.61285E-03 
2.47952E-03 -2.31989E-03 
2.19427E-03 -2.05577E-03 
1.93879E-03 -1.81851E-03 
1.71477E-03 -1.61003E-03 
1.51482E-03 -1.42347E-03 
1.33551E-03 -1.25590E-03 
1.17503E-03 -1.10574E-03 
1.03189E-03 -9.71648E-04 
9.04816E-04 -8.52530E-04 
7.93091E-04 -7.47737E-04 
6.97415E-04 -6.57968E-04 
6.22051E-04 -5.87273E-04 
5.76223E-04 -5.44404E-04 
5.61831E-04 -5.31211E-04 
5.50835E-04 -5.21222E-04 
5.13632E-04 -4.86402E-04 
4.81861E-03 -4.45110E-03 
4.33826E-03 -4.01739E-03 
3.90265E-03 -3.62303E-03 
3.50590E-03 -3.26243E-03 
3.14148E-03 -2.92995E-03 
2.80807E-03 -2.62459E-03 
2.50387E-03 -2.34493E-03 
2.28872E-03 -2.14649E-03 
2.22880E-03 -2.09113E-03 
1.96186E-03 -1.84392E-03 
1.72467E-03 -1.62348E-03 
1.51393E-03 -1.42697E-03 
1.32749E-03 -1.25258E-03 
1.16579E-03 -1.10105E-03 
1.02300E-03 -9.66884E-04 
8.96156E-04 -8.47513E-04 
7.83638E-04 -7.41501E-04 
6.84054E-04 -6.47597E-04 
5.96261E-04 -5.64766E-04 
5.19534E-04 -4.92350E-04 
4.54124E-04 -4.30606E-04 
4.02590E-04 -3.81978E-04 
3.70628E-04 -3.51890E-04 
3.59101E-04 -3.41196E-04 
3.49832E-04 -3.32645E-04 
3.24115E-04 -3.08434E-04 
3.51709E-03 -3.26342E-03 
3.13776E-03 -2.91879E-03 
2.79548E-03 -2.60708E-03 
2.48737E-03 -2.32537E-03 
2.20619E-03 -2.06729E-03 
1.95272E-03 -1.83381E-03 
1.72340E-03 -1.62178E-03 
1.56335E-03 -1.47334E-03 
1.51921E-03 -1.43232E-03 
1.32348E-03 -1.25004E-03 
1.15196E-03 -1.08973E-03 
1.00229E-03 -9.49368E-04 
8.71683E-04 -8.26503E-04 
7.59526E-04 -7.20792E-04 
6.61865E-04 -6.28493E-04 
5.76002E-04 -5.47223E-04 
5.00561E-04 -4.75742E-04 
4.34343E-04 -4.12959E-04 
3.76369E-04 -3.57974E-04 
3.26002E-04 -3.10199E-04 
2.83247E-04 -2.69647E-04 
2.49557E-04 -2.37709E-04 
2.28282E-04 -2.17586E-04 
2.19727E-04 -2.09587E-04 
2.12608E-04 -2.02962E-04 
1.95630E-04 -1.86911E-04 
2.50123E-03 -2.32779E-03 
2.20746E-03 -2.05960E-03 
1.94400E-03 -1.81851E-03 
1.70965E-03 -1.60323E-03 
1.49803E-03 -1.40810E-03 
1.30952E-03 -1.23370E-03 
1.14187E-03 -1.07804E-03 
1.02603E-03 -9.70155E-04 
9.94391E-04 -9.40641E-04 
8.55889E-04 -8.11148E-04 
7.36580E-04 -6.99195E-04 
6.34125E-04 -6.02726E-04 
5.46430E-04 -5.19892E-04 
4.72147E-04 -4.49591E-04 
4.08532E-04 -3.89208E-04 
3.53271E-04 -3.36679E-04 
3.05209E-04 -2.90948E-04 
2.63370E-04 -2.51121E-04 
2.26975E-04 -2.16474E-04 
1.95509E-04 -1.86522E-04 
1.68880E-04 -1.61184E-04 
1.47871E-04 -1.41208E-04 
1.34367E-04 -1.28398E-04 
1.28412E-04 -1.22805E-04 
1.23321E-04 -1.18042E-04 
1.12596E-04 -1.07879E-04 
1.73621E-03 -1.61796E-03 
1.51290E-03 -1.41334E-03 
1.31418E-03 -1.23086E-03 
1.13959E-03 -1.06992E-03 
9.84087E-04 -9.26098E-04 
8.47362E-04 -7.99246E-04 
7.28164E-04 -6.88307E-04 
6.46793E-04 -6.12353E-04 
6.24856E-04 -5.91846E-04 
5.30068E-04 -5.03054E-04 
4.50039E-04 -4.27821E-04 
3.82951E-04 -3.64539E-04 
3.26736E-04 -3.11337E-04 
2.79856E-04 -2.66883E-04 
2.40577E-04 -2.29519E-04 
2.06923E-04 -1.97456E-04 
1.77939E-04 -1.69819E-04 
1.52877E-04 -1.45914E-04 
1.31169E-04 -1.25211E-04 
1.12441E-04 -1.07357E-04 
9.65940E-05 -9.22588E-05 
8.40420E-05 -8.03111E-05 
7.58089E-05 -7.24932E-05 
7.18456E-05 -6.87627E-05 
6.83602E-05 -6.54936E-05 
6.18042E-05 -5.92785E-05 
1.18155E-03 -1.10046E-03 
1.01511E-03 -9.47604E-04 
8.67901E-04 -8.12119E-04 
7.40539E-04 -6.94493E-04 
6.28832E-04 -5.91021E-04 
5.32017E-04 -5.01102E-04 
4.49302E-04 -4.24093E-04 
3.93829E-04 -3.72319E-04 
3.79026E-04 -3.58485E-04 
3.16127E-04 -2.99605E-04 
2.64485E-04 -2.51114E-04 
2.22260E-04 -2.11333E-04 
1.87774E-04 -1.78735E-04 
1.59506E-04 -1.51957E-04 
1.36528E-04 -1.30119E-04 
1.17082E-04 -1.11607E-04 
1.00467E-04 -9.57733E-05 
8.61457E-05 -8.21212E-05 
7.37287E-05 -7.02864E-05 
6.29745E-05 -6.00414E-05 
5.38211E-05 -5.13276E-05 
4.65004E-05 -4.43651E-05 
4.15656E-05 -3.96817E-05 
3.89503E-05 -3.72158E-05 
3.65720E-05 -3.49791E-05 
3.25832E-05 -3.12000E-05 
7.94342E-04 -7.37915E-04 
6.72529E-04 -6.25967E-04 
5.65472E-04 -5.27350E-04 
4.74403E-04 -4.43219E-04 
3.95813E-04 -3.70451E-04 
3.28681E-04 -3.08172E-04 
2.72407E-04 -2.55890E-04 
2.35420E-04 -2.21472E-04 
2.25634E-04 -2.12357E-04 
1.84884E-04 -1.74367E-04 
1.52359E-04 -1.43977E-04 
1.26587E-04 -1.19830E-04 
1.06210E-04 -1.00681E-04 
8.97205E-05 -8.51447E-05 
7.67683E-05 -7.29017E-05 
6.59143E-05 -6.26181E-05 
5.66717E-05 -5.38477E-05 
4.86640E-05 -4.62418E-05 
4.16486E-05 -3.95758E-05 
3.54919E-05 -3.37257E-05 
3.01762E-05 -2.86760E-05 
2.58500E-05 -2.45681E-05 
2.28243E-05 -2.16974E-05 
2.10401E-05 -2.00082E-05 
1.93574E-05 -1.84166E-05 
1.68457E-05 -1.60358E-05 
5.32654E-04 -4.92532E-04 
4.45189E-04 -4.12229E-04 
3.68724E-04 -3.41855E-04 
3.04848E-04 -2.82946E-04 
2.50507E-04 -2.32764E-04 
2.04723E-04 -1.90450E-04 
1.66851E-04 -1.55439E-04 
1.42419E-04 -1.32849E-04 
1.35999E-04 -1.26911E-04 
1.09732E-04 -1.02619E-04 
8.93711E-05 -8.37763E-05 
7.36828E-05 -6.92335E-05 
6.15892E-05 -5.79946E-05 
5.19011E-05 -4.89561E-05 
4.45777E-05 -4.21082E-05 
3.84874E-05 -3.63933E-05 
3.32691E-05 -3.14804E-05 
2.86866E-05 -2.71542E-05 
2.46007E-05 -2.32889E-05 
2.09456E-05 -1.98263E-05 
1.77307E-05 -1.67780E-05 
1.50619E-05 -1.42456E-05 
1.31273E-05 -1.24074E-05 
1.18824E-05 -1.12207E-05 
1.06760E-05 -1.00699E-05 
9.02810E-06 -8.50359E-06 
3.60113E-04 -3.30812E-04 
2.98254E-04 -2.74188E-04 
2.44568E-04 -2.24930E-04 
2.00532E-04 -1.84490E-04 
1.63413E-04 -1.50397E-04 
1.32365E-04 -1.21892E-04 
1.06860E-04 -9.85074E-05 
9.05674E-05 -8.35901E-05 
8.63018E-05 -7.96861E-05 
6.89612E-05 -6.38317E-05 
5.57925E-05 -5.18060E-05 
4.57823E-05 -4.26571E-05 
3.81647E-05 -3.56776E-05 
3.21062E-05 -3.00949E-05 
2.76222E-05 -2.59564E-05 
2.39128E-05 -2.25140E-05 
2.07403E-05 -1.95535E-05 
1.79446E-05 -1.69317E-05 
1.54341E-05 -1.45677E-05 
1.31700E-05 -1.24293E-05 
1.11626E-05 -1.05292E-05 
9.48398E-06 -8.93739E-06 
8.25700E-06 -7.77026E-06 
7.45580E-06 -7.00283E-06 
6.67399E-06 -6.25280E-06 
5.61751E-06 -5.24654E-06 
---
