PdfType: replica
Format: lhagrid1
---
1.00000E-06 1.28121E-06 1.64152E-06 2.10317E-06 2.69463E-06 3.45242E-06 4.42329E-06 5.66715E-06 7.26076E-06 9.30241E-06 1.19180E-05 1.52689E-05 1.95617E-05 2.50609E-05 3.21053E-05 4.11287E-05 5.26863E-05 6.74889E-05 8.64459E-05 1.10720E-04 1.41800E-04 1.81585E-04 2.32503E-04 2.97652E-04 3.80981E-04 4.87518E-04 6.26039E-04 8.00452E-04 1.02297E-03 1.30657E-03 1.66759E-03 2.12729E-03 2.71054E-03 3.44865E-03 4.37927E-03 5.54908E-03 7.01192E-03 8.83064E-03 1.10763E-02 1.38266E-02 1.71641E-02 2.11717E-02 2.59364E-02 3.15062E-02 3.79623E-02 4.53425E-02 5.36750E-02 6.29705E-02 7.32221E-02 8.44039E-02 9.64793E-02 1.09332E-01 1.23067E-01 1.37507E-01 1.52639E-01 1.68416E-01 1.84794E-01 2.01731E-01 2.19016E-01 2.36948E-01 2.55242E-01 2.73927E-01 2.92954E-01 3.12340E-01 3.32036E-01 3.52019E-01 3.72282E-01 3.92772E-01 4.13533E-01 4.34326E-01 4.55495E-01 4.76836E-01 4.98342E-01 5.20006E-01 5.41818E-01 5.63773E-01 5.85861E-01 6.08077E-01 6.30459E-01 6.52800E-01 6.75387E-01 6.98063E-01 7.20830E-01 7.43683E-01 7.66623E-01 7.89636E-01 8.12791E-01 8.35940E-01 8.59175E-01 8.82485E-01 9.05866E-01 9.29311E-01 9.52817E-01 9.76387E-01 1.00000E+00 
1.14018E+00 1.22539E+00 1.32482E+00 1.44156E+00 1.57954E+00 1.74381E+00 1.94091E+00 2.12132E+00 2.17945E+00 2.49622E+00 2.89383E+00 3.39925E+00 4.05063E+00 4.90286E+00 6.03623E+00 7.57063E+00 9.68869E+00 1.26749E+01 1.69835E+01 2.33578E+01 3.30501E+01 4.82334E+01 7.28041E+01 1.13998E+02 1.85779E+02 3.16228E+02 
908 909 
-3.77804E+01 -2.00228E+01 
-3.88296E+01 -2.07820E+01 
-4.02497E+01 -2.32314E+01 
-4.16923E+01 -2.45017E+01 
-4.32831E+01 -2.59165E+01 
-4.50553E+01 -2.75207E+01 
-4.70549E+01 -2.93660E+01 
-4.87963E+01 -3.09957E+01 
-4.93430E+01 -3.15100E+01 
-5.22242E+01 -3.42292E+01 
-5.56573E+01 -3.74545E+01 
-5.97975E+01 -4.12769E+01 
-6.48339E+01 -4.57910E+01 
-7.30536E+01 -5.12599E+01 
-8.22732E+01 -5.77205E+01 
-9.33537E+01 -6.51589E+01 
-1.06669E+02 -7.36935E+01 
-1.22669E+02 -8.34538E+01 
-1.41915E+02 -9.46025E+01 
-1.65232E+02 -1.07421E+02 
-1.94248E+02 -1.22646E+02 
-2.33327E+02 -1.42607E+02 
-2.94001E+02 -1.73608E+02 
-3.93686E+02 -2.24188E+02 
-5.30360E+02 -2.90004E+02 
-6.75242E+02 -3.52585E+02 
-3.27634E+01 -1.62814E+01 
-3.36021E+01 -1.70191E+01 
-3.48526E+01 -1.93098E+01 
-3.60701E+01 -2.04770E+01 
-3.74181E+01 -2.17722E+01 
-3.89276E+01 -2.32342E+01 
-4.06410E+01 -2.49073E+01 
-4.21417E+01 -2.63773E+01 
-4.26142E+01 -2.68400E+01 
-4.51144E+01 -2.92752E+01 
-4.81099E+01 -3.21435E+01 
-5.17373E+01 -3.55182E+01 
-5.61613E+01 -3.94747E+01 
-6.32981E+01 -4.41272E+01 
-7.13196E+01 -4.96531E+01 
-8.09474E+01 -5.59823E+01 
-9.24976E+01 -6.32062E+01 
-1.06347E+02 -7.14238E+01 
-1.22968E+02 -8.07606E+01 
-1.43054E+02 -9.14413E+01 
-1.67988E+02 -1.04074E+02 
-2.01510E+02 -1.20611E+02 
-2.53519E+02 -1.46336E+02 
-3.38896E+02 -1.88331E+02 
-4.55639E+02 -2.42731E+02 
-5.78779E+02 -2.93905E+02 
-2.75462E+01 -1.40291E+01 
-2.82536E+01 -1.47077E+01 
-2.94333E+01 -1.67689E+01 
-3.04944E+01 -1.78112E+01 
-3.16710E+01 -1.89659E+01 
-3.29921E+01 -2.02666E+01 
-3.44966E+01 -2.17508E+01 
-3.58182E+01 -2.30510E+01 
-3.62351E+01 -2.34593E+01 
-3.84447E+01 -2.56027E+01 
-4.10982E+01 -2.81142E+01 
-4.43149E+01 -3.10527E+01 
-4.82377E+01 -3.44774E+01 
-5.44622E+01 -3.83889E+01 
-6.14686E+01 -4.30702E+01 
-6.98584E+01 -4.84079E+01 
-7.98975E+01 -5.44714E+01 
-9.19011E+01 -6.13355E+01 
-1.06265E+02 -6.90960E+01 
-1.23570E+02 -7.79315E+01 
-1.44989E+02 -8.83435E+01 
-1.73723E+02 -1.01967E+02 
-2.18256E+02 -1.23225E+02 
-2.91285E+02 -1.57973E+02 
-3.90868E+02 -2.02773E+02 
-4.95378E+02 -2.44423E+02 
-2.28402E+01 -1.25045E+01 
-2.34630E+01 -1.31035E+01 
-2.46074E+01 -1.49120E+01 
-2.55538E+01 -1.58207E+01 
-2.66026E+01 -1.68279E+01 
-2.77808E+01 -1.79623E+01 
-2.91239E+01 -1.92557E+01 
-3.03047E+01 -2.03869E+01 
-3.06773E+01 -2.07418E+01 
-3.26529E+01 -2.26012E+01 
-3.50250E+01 -2.47719E+01 
-3.78977E+01 -2.73006E+01 
-4.13940E+01 -3.02333E+01 
-4.68326E+01 -3.34870E+01 
-5.29626E+01 -3.74189E+01 
-6.02809E+01 -4.18839E+01 
-6.90102E+01 -4.69343E+01 
-7.94138E+01 -5.26255E+01 
-9.18210E+01 -5.90296E+01 
-1.06719E+02 -6.62878E+01 
-1.25101E+02 -7.48132E+01 
-1.49702E+02 -8.59714E+01 
-1.87790E+02 -1.03454E+02 
-2.50184E+02 -1.32083E+02 
-3.35023E+02 -1.68816E+02 
-4.23589E+02 -2.02531E+02 
-1.89059E+01 -1.12813E+01 
-1.94686E+01 -1.17937E+01 
-2.05803E+01 -1.33549E+01 
-2.14352E+01 -1.41322E+01 
-2.23809E+01 -1.49955E+01 
-2.34422E+01 -1.59694E+01 
-2.46515E+01 -1.70806E+01 
-2.57142E+01 -1.80522E+01 
-2.60494E+01 -1.83569E+01 
-2.78254E+01 -1.99511E+01 
-2.99545E+01 -2.18075E+01 
-3.25266E+01 -2.39624E+01 
-3.56475E+01 -2.64511E+01 
-4.03978E+01 -2.91319E+01 
-4.57599E+01 -3.24090E+01 
-5.21399E+01 -3.61169E+01 
-5.97238E+01 -4.02938E+01 
-6.87304E+01 -4.49800E+01 
-7.94334E+01 -5.02286E+01 
-9.22396E+01 -5.61506E+01 
-1.07990E+02 -6.30847E+01 
-1.29021E+02 -7.21677E+01 
-1.61554E+02 -8.64690E+01 
-2.14799E+02 -1.09943E+02 
-2.86984E+02 -1.39910E+02 
-3.61919E+02 -1.67036E+02 
-1.57501E+01 -1.01567E+01 
-1.62639E+01 -1.05846E+01 
-1.73321E+01 -1.19187E+01 
-1.81077E+01 -1.25733E+01 
-1.89636E+01 -1.33032E+01 
-1.99227E+01 -1.41291E+01 
-2.10141E+01 -1.50732E+01 
-2.19721E+01 -1.58992E+01 
-2.22740E+01 -1.61582E+01 
-2.38721E+01 -1.75125E+01 
-2.57832E+01 -1.90863E+01 
-2.80851E+01 -2.09077E+01 
-3.08679E+01 -2.30032E+01 
-3.50092E+01 -2.51925E+01 
-3.96924E+01 -2.79051E+01 
-4.52448E+01 -3.09635E+01 
-5.18214E+01 -3.43951E+01 
-5.96036E+01 -3.82281E+01 
-6.88179E+01 -4.25008E+01 
-7.98037E+01 -4.72996E+01 
-9.32721E+01 -5.29010E+01 
-1.11219E+02 -6.02470E+01 
-1.38965E+02 -7.18786E+01 
-1.84343E+02 -9.10218E+01 
-2.45672E+02 -1.15330E+02 
-3.08962E+02 -1.37009E+02 
-1.32642E+01 -9.05856E+00 
-1.37334E+01 -9.40924E+00 
-1.47450E+01 -1.05418E+01 
-1.54475E+01 -1.10862E+01 
-1.62212E+01 -1.16966E+01 
-1.70865E+01 -1.23902E+01 
-1.80699E+01 -1.31852E+01 
-1.89320E+01 -1.38816E+01 
-1.92034E+01 -1.41000E+01 
-2.06384E+01 -1.52417E+01 
-2.23500E+01 -1.65663E+01 
-2.44049E+01 -1.80950E+01 
-2.68797E+01 -1.98473E+01 
-3.04798E+01 -2.16196E+01 
-3.45599E+01 -2.38505E+01 
-3.93803E+01 -2.63571E+01 
-4.50694E+01 -2.91582E+01 
-5.17771E+01 -3.22727E+01 
-5.96904E+01 -3.57273E+01 
-6.90917E+01 -3.95883E+01 
-8.05820E+01 -4.40805E+01 
-9.58645E+01 -4.99805E+01 
-1.19488E+02 -5.93813E+01 
-1.58102E+02 -7.48995E+01 
-2.10126E+02 -9.44941E+01 
-2.63478E+02 -1.11689E+02 
-1.13062E+01 -7.98043E+00 
-1.17323E+01 -8.26329E+00 
-1.26767E+01 -9.22025E+00 
-1.33101E+01 -9.66826E+00 
-1.40063E+01 -1.01740E+01 
-1.47839E+01 -1.07518E+01 
-1.56665E+01 -1.14164E+01 
-1.64393E+01 -1.19995E+01 
-1.66825E+01 -1.21824E+01 
-1.79663E+01 -1.31385E+01 
-1.94936E+01 -1.42461E+01 
-2.13216E+01 -1.55209E+01 
-2.35148E+01 -1.69766E+01 
-2.66337E+01 -1.83985E+01 
-3.01779E+01 -2.02216E+01 
-3.43507E+01 -2.22629E+01 
-3.92582E+01 -2.45343E+01 
-4.50238E+01 -2.70475E+01 
-5.18012E+01 -2.98205E+01 
-5.98251E+01 -3.29034E+01 
-6.96028E+01 -3.64775E+01 
-8.25868E+01 -4.11799E+01 
-1.02661E+02 -4.87252E+01 
-1.35464E+02 -6.12222E+01 
-1.79516E+02 -7.69076E+01 
-2.24397E+02 -9.04279E+01 
-9.74295E+00 -6.94142E+00 
-1.01266E+01 -7.16641E+00 
-1.09978E+01 -7.97135E+00 
-1.15653E+01 -8.33647E+00 
-1.21882E+01 -8.75209E+00 
-1.28832E+01 -9.22997E+00 
-1.36715E+01 -9.78190E+00 
-1.43611E+01 -1.02671E+01 
-1.45780E+01 -1.04194E+01 
-1.57215E+01 -1.12150E+01 
-1.70788E+01 -1.21354E+01 
-1.86983E+01 -1.31916E+01 
-2.06344E+01 -1.43932E+01 
-2.33266E+01 -1.55225E+01 
-2.63954E+01 -1.70027E+01 
-2.99964E+01 -1.86538E+01 
-3.42169E+01 -2.04828E+01 
-3.91580E+01 -2.24958E+01 
-4.49460E+01 -2.47038E+01 
-5.17750E+01 -2.71444E+01 
-6.00729E+01 -2.99629E+01 
-7.10771E+01 -3.36785E+01 
-8.80998E+01 -3.96876E+01 
-1.15913E+02 -4.96781E+01 
-1.53142E+02 -6.21362E+01 
-1.90811E+02 -7.26617E+01 
-8.46720E+00 -5.96499E+00 
-8.80937E+00 -6.14150E+00 
-9.60550E+00 -6.81485E+00 
-1.01105E+01 -7.10959E+00 
-1.06643E+01 -7.44847E+00 
-1.12822E+01 -7.84096E+00 
-1.19826E+01 -8.29635E+00 
-1.25950E+01 -8.69747E+00 
-1.27875E+01 -8.82343E+00 
-1.38015E+01 -9.48141E+00 
-1.50025E+01 -1.02413E+01 
-1.64314E+01 -1.11106E+01 
-1.81337E+01 -1.20954E+01 
-2.04491E+01 -1.29821E+01 
-2.30973E+01 -1.41754E+01 
-2.61948E+01 -1.55010E+01 
-2.98134E+01 -1.69622E+01 
-3.40352E+01 -1.85610E+01 
-3.89634E+01 -2.03034E+01 
-4.47586E+01 -2.22165E+01 
-5.17808E+01 -2.44160E+01 
-6.10829E+01 -2.73227E+01 
-7.54851E+01 -3.20664E+01 
-9.90183E+01 -3.99874E+01 
-1.30414E+02 -4.97939E+01 
-1.61956E+02 -5.78917E+01 
-7.39994E+00 -5.06924E+00 
-7.70237E+00 -5.20564E+00 
-8.42462E+00 -5.76469E+00 
-8.87106E+00 -6.00018E+00 
-9.36055E+00 -6.27417E+00 
-9.90676E+00 -6.59414E+00 
-1.05261E+01 -6.96724E+00 
-1.10673E+01 -7.29660E+00 
-1.12374E+01 -7.40007E+00 
-1.21326E+01 -7.94043E+00 
-1.31909E+01 -8.56329E+00 
-1.44465E+01 -9.27354E+00 
-1.59374E+01 -1.00745E+01 
-1.79212E+01 -1.07608E+01 
-2.01989E+01 -1.17151E+01 
-2.28549E+01 -1.27706E+01 
-2.59476E+01 -1.39275E+01 
-2.95437E+01 -1.51850E+01 
-3.37272E+01 -1.65453E+01 
-3.86304E+01 -1.80275E+01 
-4.45559E+01 -1.97228E+01 
-5.23980E+01 -2.19698E+01 
-6.45537E+01 -2.56763E+01 
-8.44211E+01 -3.18969E+01 
-1.10837E+02 -3.95362E+01 
-1.37180E+02 -4.56775E+01 
-6.48665E+00 -4.26415E+00 
-6.75172E+00 -4.36764E+00 
-7.40349E+00 -4.82693E+00 
-7.79565E+00 -5.01287E+00 
-8.22587E+00 -5.23225E+00 
-8.70631E+00 -5.49088E+00 
-9.25131E+00 -5.79412E+00 
-9.72766E+00 -6.06242E+00 
-9.87730E+00 -6.14675E+00 
-1.06644E+01 -6.58697E+00 
-1.15931E+01 -7.09335E+00 
-1.26922E+01 -7.66866E+00 
-1.39929E+01 -8.31429E+00 
-1.56863E+01 -8.83612E+00 
-1.76389E+01 -9.59228E+00 
-1.99089E+01 -1.04244E+01 
-2.25438E+01 -1.13307E+01 
-2.55974E+01 -1.23084E+01 
-2.91378E+01 -1.33566E+01 
-3.32735E+01 -1.44887E+01 
-3.82586E+01 -1.57756E+01 
-4.48511E+01 -1.74877E+01 
-5.50846E+01 -2.03485E+01 
-7.18170E+01 -2.51793E+01 
-9.39884E+01 -3.10566E+01 
-1.15931E+02 -3.56312E+01 
-5.69145E+00 -3.55223E+00 
-5.92198E+00 -3.62890E+00 
-6.50786E+00 -4.00078E+00 
-6.85033E+00 -4.14548E+00 
-7.22649E+00 -4.31910E+00 
-7.64712E+00 -4.52600E+00 
-8.12468E+00 -4.77010E+00 
-8.54217E+00 -4.98661E+00 
-8.67330E+00 -5.05469E+00 
-9.36258E+00 -5.40995E+00 
-1.01745E+01 -5.81765E+00 
-1.11329E+01 -6.27901E+00 
-1.22634E+01 -6.79397E+00 
-1.37036E+01 -7.18157E+00 
-1.53718E+01 -7.77417E+00 
-1.73057E+01 -8.42251E+00 
-1.95434E+01 -9.12343E+00 
-2.21282E+01 -9.87276E+00 
-2.51148E+01 -1.06678E+01 
-2.85923E+01 -1.15170E+01 
-3.27731E+01 -1.24751E+01 
-3.82988E+01 -1.37562E+01 
-4.68907E+01 -1.59314E+01 
-6.09471E+01 -1.96323E+01 
-7.95082E+01 -2.40856E+01 
-9.77332E+01 -2.74146E+01 
-4.99122E+00 -2.93042E+00 
-5.19032E+00 -2.98537E+00 
-5.71538E+00 -3.28049E+00 
-6.01281E+00 -3.39103E+00 
-6.34012E+00 -3.52643E+00 
-6.70678E+00 -3.68987E+00 
-7.12357E+00 -3.88405E+00 
-7.48807E+00 -4.05679E+00 
-7.60254E+00 -4.11113E+00 
-8.20392E+00 -4.39456E+00 
-8.91113E+00 -4.71901E+00 
-9.74374E+00 -5.08454E+00 
-1.07226E+01 -5.49014E+00 
-1.19426E+01 -5.76895E+00 
-1.33632E+01 -6.22723E+00 
-1.50053E+01 -6.72515E+00 
-1.68995E+01 -7.25868E+00 
-1.90804E+01 -7.82281E+00 
-2.15916E+01 -8.41359E+00 
-2.45060E+01 -9.03582E+00 
-2.80009E+01 -9.73124E+00 
-3.26181E+01 -1.06673E+01 
-3.98114E+01 -1.22902E+01 
-5.15881E+01 -1.50781E+01 
-6.70841E+01 -1.83877E+01 
-8.21753E+01 -2.07345E+01 
-4.37094E+00 -2.39218E+00 
-4.54177E+00 -2.42964E+00 
-5.01113E+00 -2.65734E+00 
-5.26809E+00 -2.73976E+00 
-5.55160E+00 -2.84339E+00 
-5.86990E+00 -2.97043E+00 
-6.23224E+00 -3.12266E+00 
-6.54928E+00 -3.25852E+00 
-6.64884E+00 -3.30130E+00 
-7.17158E+00 -3.52428E+00 
-7.78525E+00 -3.77884E+00 
-8.50584E+00 -4.06422E+00 
-9.35018E+00 -4.37878E+00 
-1.03795E+01 -4.57019E+00 
-1.15851E+01 -4.91878E+00 
-1.29748E+01 -5.29433E+00 
-1.45729E+01 -5.69230E+00 
-1.64067E+01 -6.10724E+00 
-1.85111E+01 -6.53445E+00 
-2.09451E+01 -6.97606E+00 
-2.38567E+01 -7.46323E+00 
-2.77021E+01 -8.12543E+00 
-3.37064E+01 -9.30656E+00 
-4.35451E+01 -1.13614E+01 
-5.64446E+01 -1.37590E+01 
-6.89005E+01 -1.53385E+01 
-3.82040E+00 -1.92923E+00 
-3.96605E+00 -1.95272E+00 
-4.38458E+00 -2.12135E+00 
-4.60544E+00 -2.18076E+00 
-4.84991E+00 -2.25812E+00 
-5.12511E+00 -2.35486E+00 
-5.43890E+00 -2.47199E+00 
-5.71362E+00 -2.57697E+00 
-5.79988E+00 -2.61005E+00 
-6.25254E+00 -2.78244E+00 
-6.78302E+00 -2.97867E+00 
-7.40424E+00 -3.19745E+00 
-8.12969E+00 -3.43676E+00 
-8.99442E+00 -3.55871E+00 
-1.00139E+01 -3.81832E+00 
-1.11858E+01 -4.09500E+00 
-1.25293E+01 -4.38399E+00 
-1.40659E+01 -4.67972E+00 
-1.58230E+01 -4.97709E+00 
-1.78485E+01 -5.27627E+00 
-2.02653E+01 -5.60000E+00 
-2.34568E+01 -6.04678E+00 
-2.84527E+01 -6.87736E+00 
-3.66474E+01 -8.34816E+00 
-4.73525E+01 -1.00244E+01 
-5.75976E+01 -1.10112E+01 
-3.33201E+00 -1.53285E+00 
-3.45544E+00 -1.54530E+00 
-3.82762E+00 -1.66241E+00 
-4.01648E+00 -1.70317E+00 
-4.22633E+00 -1.75897E+00 
-4.46326E+00 -1.83064E+00 
-4.73394E+00 -1.91860E+00 
-4.97104E+00 -1.99789E+00 
-5.04549E+00 -2.02291E+00 
-5.43593E+00 -2.15326E+00 
-5.89264E+00 -2.30117E+00 
-6.42601E+00 -2.46503E+00 
-7.04671E+00 -2.64263E+00 
-7.76973E+00 -2.71011E+00 
-8.62869E+00 -2.89812E+00 
-9.61334E+00 -3.09559E+00 
-1.07386E+01 -3.29775E+00 
-1.20213E+01 -3.49910E+00 
-1.34828E+01 -3.69445E+00 
-1.51618E+01 -3.88260E+00 
-1.71600E+01 -4.07958E+00 
-1.97990E+01 -4.35883E+00 
-2.39417E+01 -4.91387E+00 
-3.07454E+01 -5.92326E+00 
-3.95998E+01 -7.03446E+00 
-4.79952E+01 -7.56960E+00 
-2.89955E+00 -1.19463E+00 
-3.00347E+00 -1.19850E+00 
-3.33340E+00 -1.27098E+00 
-3.49401E+00 -1.29679E+00 
-3.67328E+00 -1.33507E+00 
-3.87638E+00 -1.38616E+00 
-4.10888E+00 -1.45010E+00 
-4.31266E+00 -1.50819E+00 
-4.37665E+00 -1.52656E+00 
-4.71198E+00 -1.62229E+00 
-5.10349E+00 -1.73053E+00 
-5.55942E+00 -1.84953E+00 
-6.08815E+00 -1.97702E+00 
-6.68956E+00 -2.00252E+00 
-7.41041E+00 -2.13346E+00 
-8.23447E+00 -2.26808E+00 
-9.17327E+00 -2.40176E+00 
-1.02396E+01 -2.52926E+00 
-1.14503E+01 -2.64546E+00 
-1.28362E+01 -2.74823E+00 
-1.44815E+01 -2.84834E+00 
-1.66549E+01 -2.99908E+00 
-2.00776E+01 -3.33997E+00 
-2.57068E+01 -3.98857E+00 
-3.30046E+01 -4.66217E+00 
-3.98563E+01 -4.85909E+00 
-2.51748E+00 -9.06954E-01 
-2.60438E+00 -9.04262E-01 
-2.89575E+00 -9.38455E-01 
-3.03155E+00 -9.52455E-01 
-3.18391E+00 -9.76662E-01 
-3.35717E+00 -1.01108E+00 
-3.55594E+00 -1.05543E+00 
-3.73029E+00 -1.09623E+00 
-3.78502E+00 -1.10917E+00 
-4.07169E+00 -1.17667E+00 
-4.40574E+00 -1.25271E+00 
-4.79363E+00 -1.33547E+00 
-5.24186E+00 -1.42273E+00 
-5.73923E+00 -1.41661E+00 
-6.34165E+00 -1.50255E+00 
-7.02840E+00 -1.58789E+00 
-7.80830E+00 -1.66827E+00 
-8.69102E+00 -1.73876E+00 
-9.68945E+00 -1.79450E+00 
-1.08283E+01 -1.83275E+00 
-1.21767E+01 -1.86019E+00 
-1.39588E+01 -1.91403E+00 
-1.67754E+01 -2.09078E+00 
-2.14156E+01 -2.46074E+00 
-2.74074E+01 -2.80019E+00 
-3.29745E+01 -2.74943E+00 
-2.18068E+00 -6.63095E-01 
-2.25281E+00 -6.55533E-01 
-2.50893E+00 -6.57279E-01 
-2.62301E+00 -6.62134E-01 
-2.75176E+00 -6.75222E-01 
-2.89879E+00 -6.96302E-01 
-3.06786E+00 -7.24910E-01 
-3.21626E+00 -7.51778E-01 
-3.26285E+00 -7.60351E-01 
-3.50667E+00 -8.05159E-01 
-3.79023E+00 -8.55383E-01 
-4.11853E+00 -9.09254E-01 
-4.49656E+00 -9.64671E-01 
-4.90520E+00 -9.35450E-01 
-5.40638E+00 -9.86398E-01 
-5.97612E+00 -1.03365E+00 
-6.62102E+00 -1.07316E+00 
-7.34830E+00 -1.10041E+00 
-8.16771E+00 -1.11085E+00 
-9.09881E+00 -1.10143E+00 
-1.01985E+01 -1.07565E+00 
-1.16527E+01 -1.05803E+00 
-1.39607E+01 -1.11116E+00 
-1.77702E+01 -1.26921E+00 
-2.26690E+01 -1.35804E+00 
-2.71703E+01 -1.13137E+00 
-1.88430E+00 -4.57249E-01 
-1.94369E+00 -4.46209E-01 
-2.16754E+00 -4.20891E-01 
-2.26269E+00 -4.18847E-01 
-2.37080E+00 -4.23332E-01 
-2.49482E+00 -4.33947E-01 
-2.63780E+00 -4.50108E-01 
-2.76340E+00 -4.65939E-01 
-2.80283E+00 -4.71049E-01 
-3.00904E+00 -4.97893E-01 
-3.24838E+00 -5.27764E-01 
-3.52468E+00 -5.58982E-01 
-3.84170E+00 -5.89596E-01 
-4.17496E+00 -5.44240E-01 
-4.58987E+00 -5.68409E-01 
-5.06022E+00 -5.86727E-01 
-5.59082E+00 -5.95504E-01 
-6.18694E+00 -5.90661E-01 
-6.85585E+00 -5.68036E-01 
-7.61295E+00 -5.24421E-01 
-8.50472E+00 -4.60961E-01 
-9.68521E+00 -3.92204E-01 
-1.15675E+01 -3.54316E-01 
-1.46811E+01 -3.54352E-01 
-1.86677E+01 -2.59554E-01 
-2.22875E+01 8.66426E-02 
-1.62386E+00 -2.84476E-01 
-1.67229E+00 -2.71097E-01 
-1.86660E+00 -2.23669E-01 
-1.94532E+00 -2.16611E-01 
-2.03543E+00 -2.14626E-01 
-2.13935E+00 -2.17221E-01 
-2.25948E+00 -2.23754E-01 
-2.36511E+00 -2.31019E-01 
-2.39826E+00 -2.33441E-01 
-2.57157E+00 -2.46347E-01 
-2.77233E+00 -2.60482E-01 
-3.00344E+00 -2.74283E-01 
-3.26766E+00 -2.85975E-01 
-3.53714E+00 -2.30106E-01 
-3.87882E+00 -2.34196E-01 
-4.26503E+00 -2.31020E-01 
-4.69921E+00 -2.17265E-01 
-5.18507E+00 -1.89297E-01 
-5.72792E+00 -1.43364E-01 
-6.33979E+00 -7.62623E-02 
-7.05851E+00 1.26184E-02 
-8.01116E+00 1.16407E-01 
-9.53815E+00 2.19259E-01 
-1.20706E+01 3.33975E-01 
-1.52983E+01 5.59025E-01 
-1.81914E+01 9.80885E-01 
-1.39521E+00 -1.40536E-01 
-1.43428E+00 -1.25740E-01 
-1.60151E+00 -6.07533E-02 
-1.66602E+00 -5.02464E-02 
-1.74052E+00 -4.35842E-02 
-1.82691E+00 -4.02272E-02 
-1.92711E+00 -3.95205E-02 
-2.01531E+00 -4.03094E-02 
-2.04299E+00 -4.06963E-02 
-2.18763E+00 -4.30566E-02 
-2.35488E+00 -4.53198E-02 
-2.54687E+00 -4.60620E-02 
-2.76561E+00 -4.36834E-02 
-2.98136E+00 1.82223E-02 
-3.26112E+00 2.87990E-02 
-3.57640E+00 4.74823E-02 
-3.92954E+00 7.72056E-02 
-4.32305E+00 1.21164E-01 
-4.76073E+00 1.82689E-01 
-5.25184E+00 2.64877E-01 
-5.82707E+00 3.69598E-01 
-6.59076E+00 4.95798E-01 
-7.82230E+00 6.42968E-01 
-9.87075E+00 8.37987E-01 
-1.24691E+01 1.15114E+00 
-1.47653E+01 1.61497E+00 
-1.19457E+00 -2.17940E-02 
-1.22568E+00 -6.31505E-03 
-1.36811E+00 7.20648E-02 
-1.42040E+00 8.47350E-02 
-1.48139E+00 9.45857E-02 
-1.55259E+00 1.02165E-01 
-1.63547E+00 1.08112E-01 
-1.70852E+00 1.12051E-01 
-1.73146E+00 1.13153E-01 
-1.85124E+00 1.18516E-01 
-1.98951E+00 1.24925E-01 
-2.14782E+00 1.33664E-01 
-2.32758E+00 1.46156E-01 
-2.49831E+00 2.10597E-01 
-2.72593E+00 2.31515E-01 
-2.98165E+00 2.60940E-01 
-3.26697E+00 3.01436E-01 
-3.58347E+00 3.55773E-01 
-3.93373E+00 4.26866E-01 
-4.32487E+00 5.17634E-01 
-4.78159E+00 6.30811E-01 
-5.38920E+00 7.69654E-01 
-6.37588E+00 9.44947E-01 
-8.02263E+00 1.19308E+00 
-1.01007E+01 1.56139E+00 
-1.19086E+01 2.04171E+00 
-1.01857E+00 7.48976E-02 
-1.04297E+00 9.04842E-02 
-1.16270E+00 1.78463E-01 
-1.20453E+00 1.92258E-01 
-1.25391E+00 2.04077E-01 
-1.31199E+00 2.14454E-01 
-1.37990E+00 2.23991E-01 
-1.43986E+00 2.31217E-01 
-1.45869E+00 2.33359E-01 
-1.55703E+00 2.44129E-01 
-1.67039E+00 2.56604E-01 
-1.79986E+00 2.71925E-01 
-1.94641E+00 2.91352E-01 
-2.07964E+00 3.55650E-01 
-2.26356E+00 3.83498E-01 
-2.46950E+00 4.19922E-01 
-2.69830E+00 4.67129E-01 
-2.95085E+00 5.27489E-01 
-3.22882E+00 6.03516E-01 
-3.53755E+00 6.97904E-01 
-3.89684E+00 8.13941E-01 
-4.37607E+00 9.57979E-01 
-5.16057E+00 1.14884E+00 
-6.47511E+00 1.42886E+00 
-8.12462E+00 1.82688E+00 
-9.53483E+00 2.30481E+00 
-8.64235E-01 1.52290E-01 
-8.83001E-01 1.67547E-01 
-9.81981E-01 2.61688E-01 
-1.01493E+00 2.75786E-01 
-1.05438E+00 2.88596E-01 
-1.10121E+00 3.00618E-01 
-1.15625E+00 3.12407E-01 
-1.20498E+00 3.21754E-01 
-1.22029E+00 3.24574E-01 
-1.30025E+00 3.38887E-01 
-1.39233E+00 3.55338E-01 
-1.49727E+00 3.74939E-01 
-1.61567E+00 3.98791E-01 
-1.71788E+00 4.60962E-01 
-1.86537E+00 4.93087E-01 
-2.02990E+00 5.33610E-01 
-2.21183E+00 5.84403E-01 
-2.41155E+00 6.47462E-01 
-2.63000E+00 7.24922E-01 
-2.87115E+00 8.19224E-01 
-3.15074E+00 9.33969E-01 
-3.52484E+00 1.07763E+00 
-4.14310E+00 1.27449E+00 
-5.18393E+00 1.57002E+00 
-6.48192E+00 1.97841E+00 
-7.56964E+00 2.44032E+00 
-7.26986E-01 2.13631E-01 
-7.41009E-01 2.28224E-01 
-8.20790E-01 3.25467E-01 
-8.46142E-01 3.39229E-01 
-8.77054E-01 3.52264E-01 
-9.14166E-01 3.65028E-01 
-9.58082E-01 3.78024E-01 
-9.97083E-01 3.88583E-01 
-1.00935E+00 3.91798E-01 
-1.07345E+00 4.08208E-01 
-1.14723E+00 4.27027E-01 
-1.23115E+00 4.49140E-01 
-1.32555E+00 4.75505E-01 
-1.40194E+00 5.34076E-01 
-1.51879E+00 5.68477E-01 
-1.64857E+00 6.10908E-01 
-1.79131E+00 6.62930E-01 
-1.94698E+00 7.26187E-01 
-2.11601E+00 8.02458E-01 
-2.30126E+00 8.93915E-01 
-2.51509E+00 1.00429E+00 
-2.80237E+00 1.14341E+00 
-3.28264E+00 1.33902E+00 
-4.09576E+00 1.63765E+00 
-5.10267E+00 2.04183E+00 
-5.92671E+00 2.47781E+00 
-6.08765E-01 2.59219E-01 
-6.18954E-01 2.72935E-01 
-6.81578E-01 3.70470E-01 
-7.00700E-01 3.83442E-01 
-7.24555E-01 3.96121E-01 
-7.53604E-01 4.08921E-01 
-7.88273E-01 4.22292E-01 
-8.19197E-01 4.33337E-01 
-8.28941E-01 4.36720E-01 
-8.79888E-01 4.54066E-01 
-9.38532E-01 4.73965E-01 
-1.00513E+00 4.97187E-01 
-1.07984E+00 5.24560E-01 
-1.13561E+00 5.78651E-01 
-1.22761E+00 6.13771E-01 
-1.32930E+00 6.56434E-01 
-1.44044E+00 7.07913E-01 
-1.56073E+00 7.69543E-01 
-1.69024E+00 8.42780E-01 
-1.83093E+00 9.29529E-01 
-1.99249E+00 1.03351E+00 
-2.21065E+00 1.16530E+00 
-2.58048E+00 1.35441E+00 
-3.21085E+00 1.64686E+00 
-3.98530E+00 2.03640E+00 
-4.60164E+00 2.44066E+00 
-5.05299E-01 2.92085E-01 
-5.12370E-01 3.04784E-01 
-5.59482E-01 4.00217E-01 
-5.73466E-01 4.12086E-01 
-5.91454E-01 4.24007E-01 
-6.13771E-01 4.36347E-01 
-6.40704E-01 4.49505E-01 
-6.64868E-01 4.60519E-01 
-6.72498E-01 4.63910E-01 
-7.12456E-01 4.81372E-01 
-7.58484E-01 5.01441E-01 
-8.10691E-01 5.24784E-01 
-8.69093E-01 5.52107E-01 
-9.08283E-01 6.01175E-01 
-9.79928E-01 6.35919E-01 
-1.05864E+00 6.77627E-01 
-1.14401E+00 7.27319E-01 
-1.23555E+00 7.86048E-01 
-1.33306E+00 8.54979E-01 
-1.43786E+00 9.35757E-01 
-1.55740E+00 1.03199E+00 
-1.71991E+00 1.15454E+00 
-2.00025E+00 1.33349E+00 
-2.48214E+00 1.61318E+00 
-3.06868E+00 1.98083E+00 
-3.51963E+00 2.34974E+00 
-4.14886E-01 3.13977E-01 
-4.19459E-01 3.25590E-01 
-4.52636E-01 4.16863E-01 
-4.62446E-01 4.27449E-01 
-4.75627E-01 4.38353E-01 
-4.92395E-01 4.49902E-01 
-5.12934E-01 4.62446E-01 
-5.31507E-01 4.73074E-01 
-5.37388E-01 4.76363E-01 
-5.68263E-01 4.93368E-01 
-6.03882E-01 5.12972E-01 
-6.44245E-01 5.35744E-01 
-6.89266E-01 5.62281E-01 
-7.15289E-01 6.06087E-01 
-7.70356E-01 6.39680E-01 
-8.30395E-01 6.79603E-01 
-8.94881E-01 7.26646E-01 
-9.63215E-01 7.81613E-01 
-1.03500E+00 8.45412E-01 
-1.11107E+00 9.19441E-01 
-1.19709E+00 1.00713E+00 
-1.31510E+00 1.11928E+00 
-1.52339E+00 1.28561E+00 
-1.88532E+00 1.54800E+00 
-2.32089E+00 1.88898E+00 
-2.64116E+00 2.22087E+00 
-3.36045E-01 3.26486E-01 
-3.38654E-01 3.36999E-01 
-3.59418E-01 4.22393E-01 
-3.65904E-01 4.31625E-01 
-3.75213E-01 4.41382E-01 
-3.87481E-01 4.51950E-01 
-4.02812E-01 4.63637E-01 
-4.16822E-01 4.73656E-01 
-4.21276E-01 4.76772E-01 
-4.44735E-01 4.92954E-01 
-4.71861E-01 5.11681E-01 
-5.02575E-01 5.33430E-01 
-5.36718E-01 5.58695E-01 
-5.52445E-01 5.97237E-01 
-5.94101E-01 6.29152E-01 
-6.39060E-01 6.66732E-01 
-6.86732E-01 7.10560E-01 
-7.36455E-01 7.61223E-01 
-7.87723E-01 8.19404E-01 
-8.40975E-01 8.86274E-01 
-9.00466E-01 9.65037E-01 
-9.83172E-01 1.06618E+00 
-1.13385E+00 1.21839E+00 
-1.39948E+00 1.46056E+00 
-1.71460E+00 1.77205E+00 
-1.93255E+00 2.06669E+00 
-2.67396E-01 3.31063E-01 
-2.68496E-01 3.40508E-01 
-2.78312E-01 4.18632E-01 
-2.82214E-01 4.26530E-01 
-2.88470E-01 4.35110E-01 
-2.97152E-01 4.44624E-01 
-3.08308E-01 4.55339E-01 
-3.18648E-01 4.64634E-01 
-3.21953E-01 4.67538E-01 
-3.39430E-01 4.82694E-01 
-3.59703E-01 5.00303E-01 
-3.82631E-01 5.20758E-01 
-4.08005E-01 5.44455E-01 
-4.15820E-01 5.77900E-01 
-4.46681E-01 6.07796E-01 
-4.79528E-01 6.42672E-01 
-5.13737E-01 6.82936E-01 
-5.48625E-01 7.28986E-01 
-5.83623E-01 7.81310E-01 
-6.18895E-01 8.40876E-01 
-6.57555E-01 9.10638E-01 
-7.12466E-01 1.00058E+00 
-8.17367E-01 1.13788E+00 
-1.00617E+00 1.35815E+00 
-1.22582E+00 1.63876E+00 
-1.36440E+00 1.89696E+00 
-2.07972E-01 3.29016E-01 
-2.07953E-01 3.37464E-01 
-2.08274E-01 4.07278E-01 
-2.10242E-01 4.13940E-01 
-2.14163E-01 4.21403E-01 
-2.20063E-01 4.29886E-01 
-2.27947E-01 4.39617E-01 
-2.35393E-01 4.48156E-01 
-2.37789E-01 4.50838E-01 
-2.50526E-01 4.64888E-01 
-2.65349E-01 4.81270E-01 
-2.82078E-01 5.00299E-01 
-3.00468E-01 5.22278E-01 
-3.02352E-01 5.50926E-01 
-3.24602E-01 5.78599E-01 
-3.47802E-01 6.10568E-01 
-3.71330E-01 6.47089E-01 
-3.94511E-01 6.88402E-01 
-4.16751E-01 7.34831E-01 
-4.38023E-01 7.87164E-01 
-4.60540E-01 8.48098E-01 
-4.93843E-01 9.26994E-01 
-5.62789E-01 1.04920E+00 
-6.90940E-01 1.24688E+00 
-8.35799E-01 1.49644E+00 
-9.13738E-01 1.71985E+00 
-1.56805E-01 3.21580E-01 
-1.55996E-01 3.29131E-01 
-1.48242E-01 3.89936E-01 
-1.48834E-01 3.95518E-01 
-1.51035E-01 4.01987E-01 
-1.54842E-01 4.09529E-01 
-1.60223E-01 4.18340E-01 
-1.65433E-01 4.26154E-01 
-1.67123E-01 4.28618E-01 
-1.76163E-01 4.41572E-01 
-1.86711E-01 4.56711E-01 
-1.98560E-01 4.74273E-01 
-2.11441E-01 4.94479E-01 
-2.09010E-01 5.18712E-01 
-2.24429E-01 5.44054E-01 
-2.39998E-01 5.73020E-01 
-2.55116E-01 6.05737E-01 
-2.69136E-01 6.42316E-01 
-2.81475E-01 6.82949E-01 
-2.91974E-01 7.28269E-01 
-3.02146E-01 7.80716E-01 
-3.18871E-01 8.48954E-01 
-3.59885E-01 9.56308E-01 
-4.40638E-01 1.13148E+00 
-5.27564E-01 1.35067E+00 
-5.59929E-01 1.54148E+00 
-1.13061E-01 3.09892E-01 
-1.11735E-01 3.16666E-01 
-9.72984E-02 3.68099E-01 
-9.69820E-02 3.72797E-01 
-9.79837E-02 3.78438E-01 
-1.00272E-01 3.85180E-01 
-1.03793E-01 3.93181E-01 
-1.07313E-01 4.00337E-01 
-1.08466E-01 4.02600E-01 
-1.14671E-01 4.14523E-01 
-1.21911E-01 4.28459E-01 
-1.29958E-01 4.44574E-01 
-1.38533E-01 4.63013E-01 
-1.33081E-01 4.83257E-01 
-1.43113E-01 5.06223E-01 
-1.52686E-01 5.32162E-01 
-1.61234E-01 5.61099E-01 
-1.68158E-01 5.93042E-01 
-1.72906E-01 6.28077E-01 
-1.75239E-01 6.66711E-01 
-1.76129E-01 7.11135E-01 
-1.80340E-01 7.69277E-01 
-1.99955E-01 8.62342E-01 
-2.44134E-01 1.01564E+00 
-2.86820E-01 1.20580E+00 
-2.85659E-01 1.36657E+00 
-7.59496E-02 2.94994E-01 
-7.43273E-02 3.01117E-01 
-5.45533E-02 3.43128E-01 
-5.37120E-02 3.47157E-01 
-5.39361E-02 3.52158E-01 
-5.51744E-02 3.58258E-01 
-5.73536E-02 3.65582E-01 
-5.96246E-02 3.72166E-01 
-6.03762E-02 3.74251E-01 
-6.44366E-02 3.85231E-01 
-6.91380E-02 3.98027E-01 
-7.42436E-02 4.12740E-01 
-7.94715E-02 4.29447E-01 
-7.20132E-02 4.46135E-01 
-7.78097E-02 4.66716E-01 
-8.26933E-02 4.89650E-01 
-8.61462E-02 5.14883E-01 
-8.76271E-02 5.42344E-01 
-8.66315E-02 5.72041E-01 
-8.28802E-02 6.04380E-01 
-7.69322E-02 6.41318E-01 
-7.18830E-02 6.90035E-01 
-7.53612E-02 7.69591E-01 
-9.17111E-02 9.02051E-01 
-1.01157E-01 1.06492E+00 
-7.59900E-02 1.19838E+00 
-4.48190E-02 2.77848E-01 
-4.30713E-02 2.83448E-01 
-1.92585E-02 3.16290E-01 
-1.81920E-02 3.19865E-01 
-1.79693E-02 3.24413E-01 
-1.85230E-02 3.30031E-01 
-1.97653E-02 3.36811E-01 
-2.11297E-02 3.42907E-01 
-2.15856E-02 3.44835E-01 
-2.40400E-02 3.54961E-01 
-2.68059E-02 3.66683E-01 
-2.96437E-02 3.80046E-01 
-3.22765E-02 3.95061E-01 
-2.35904E-02 4.08618E-01 
-2.60659E-02 4.26827E-01 
-2.73033E-02 4.46810E-01 
-2.68408E-02 4.68453E-01 
-2.42025E-02 4.91633E-01 
-1.89419E-02 5.16304E-01 
-1.07668E-02 5.42790E-01 
7.21193E-05 5.72834E-01 
1.17822E-02 6.12878E-01 
2.02083E-02 6.79867E-01 
2.46312E-02 7.92810E-01 
3.96064E-02 9.30437E-01 
8.12901E-02 1.03941E+00 
-1.90522E-02 2.59320E-01 
-1.73026E-02 2.64512E-01 
9.31711E-03 2.88705E-01 
1.03901E-02 2.92023E-01 
1.08183E-02 2.96286E-01 
1.06812E-02 3.01563E-01 
1.00778E-02 3.07911E-01 
9.36599E-03 3.13589E-01 
9.12760E-03 3.15378E-01 
7.87708E-03 3.24720E-01 
6.59314E-03 3.35418E-01 
5.51120E-03 3.47466E-01 
4.89566E-03 3.60828E-01 
1.42319E-02 3.71645E-01 
1.43589E-02 3.87508E-01 
1.59425E-02 4.04614E-01 
1.93835E-02 4.22809E-01 
2.50882E-02 4.41940E-01 
3.34398E-02 4.61927E-01 
4.47231E-02 4.83036E-01 
5.89149E-02 5.06811E-01 
7.52294E-02 5.38979E-01 
9.21875E-02 5.94443E-01 
1.11745E-01 6.89377E-01 
1.44144E-01 8.03983E-01 
1.96534E-01 8.91297E-01 
1.92800E-03 2.40172E-01 
3.60202E-03 2.45050E-01 
3.18829E-02 2.61339E-01 
3.28220E-02 2.64560E-01 
3.32979E-02 2.68671E-01 
3.33996E-02 2.73710E-01 
3.32334E-02 2.79705E-01 
3.29993E-02 2.85009E-01 
3.29238E-02 2.86670E-01 
3.25933E-02 2.95265E-01 
3.24637E-02 3.04963E-01 
3.27597E-02 3.15715E-01 
3.37268E-02 3.27445E-01 
4.33011E-02 3.35874E-01 
4.54691E-02 3.49425E-01 
4.92226E-02 3.63744E-01 
5.48991E-02 3.78656E-01 
6.28350E-02 3.93994E-01 
7.33480E-02 4.09665E-01 
8.67029E-02 4.25892E-01 
1.03041E-01 4.44039E-01 
1.22346E-01 4.69152E-01 
1.45173E-01 5.14190E-01 
1.75400E-01 5.92729E-01 
2.19729E-01 6.86611E-01 
2.78377E-01 7.55006E-01 
1.86765E-02 2.21049E-01 
2.02409E-02 2.25677E-01 
4.91452E-02 2.34981E-01 
4.98825E-02 2.38217E-01 
5.03248E-02 2.42259E-01 
5.05672E-02 2.47117E-01 
5.07199E-02 2.52792E-01 
5.08554E-02 2.57735E-01 
5.09081E-02 2.59270E-01 
5.13112E-02 2.67120E-01 
5.21099E-02 2.75811E-01 
5.35123E-02 2.85263E-01 
5.57396E-02 2.95373E-01 
6.52730E-02 3.01719E-01 
6.90416E-02 3.13002E-01 
7.44493E-02 3.24641E-01 
8.17708E-02 3.36456E-01 
9.12742E-02 3.48280E-01 
1.03213E-01 3.60022E-01 
1.17826E-01 3.71875E-01 
1.35370E-01 3.85043E-01 
1.56410E-01 4.03924E-01 
1.83023E-01 4.39656E-01 
2.20422E-01 5.03463E-01 
2.72416E-01 5.78921E-01 
3.33975E-01 6.31016E-01 
3.17441E-02 2.02456E-01 
3.32041E-02 2.06861E-01 
6.18225E-02 2.10217E-01 
6.23545E-02 2.13521E-01 
6.27473E-02 2.17521E-01 
6.30992E-02 2.22205E-01 
6.35201E-02 2.27549E-01 
6.39702E-02 2.32114E-01 
6.41320E-02 2.33516E-01 
6.51575E-02 2.40586E-01 
6.67355E-02 2.48238E-01 
6.90525E-02 2.56370E-01 
7.23011E-02 2.64862E-01 
8.16163E-02 2.69385E-01 
8.66356E-02 2.78461E-01 
9.32848E-02 2.87548E-01 
1.01778E-01 2.96473E-01 
1.12319E-01 3.05083E-01 
1.25102E-01 3.13298E-01 
1.40335E-01 3.21294E-01 
1.58358E-01 3.30125E-01 
1.80168E-01 3.43586E-01 
2.08959E-01 3.71124E-01 
2.50818E-01 4.21855E-01 
3.07214E-01 4.81138E-01 
3.69222E-01 5.19385E-01 
4.16803E-02 1.84756E-01 
4.30739E-02 1.88929E-01 
7.06439E-02 1.87426E-01 
7.10189E-02 1.90793E-01 
7.13981E-02 1.94726E-01 
7.18786E-02 1.99194E-01 
7.25669E-02 2.04154E-01 
7.33142E-02 2.08295E-01 
7.35772E-02 2.09551E-01 
7.51661E-02 2.15782E-01 
7.74272E-02 2.22346E-01 
8.05211E-02 2.29131E-01 
8.46085E-02 2.36011E-01 
9.36018E-02 2.38933E-01 
9.95861E-02 2.45885E-01 
1.07139E-01 2.52572E-01 
1.16418E-01 2.58839E-01 
1.27570E-01 2.64556E-01 
1.40734E-01 2.69660E-01 
1.56089E-01 2.74316E-01 
1.74033E-01 2.79443E-01 
1.95882E-01 2.88275E-01 
2.25622E-01 3.08702E-01 
2.69872E-01 3.47974E-01 
3.28213E-01 3.93234E-01 
3.88906E-01 4.19894E-01 
4.90468E-02 1.68132E-01 
5.04360E-02 1.72027E-01 
7.63490E-02 1.66744E-01 
7.66527E-02 1.70115E-01 
7.70887E-02 1.73909E-01 
7.77501E-02 1.78081E-01 
7.87357E-02 1.82574E-01 
7.97861E-02 1.86229E-01 
8.01487E-02 1.87322E-01 
8.22730E-02 1.92640E-01 
8.51516E-02 1.98064E-01 
8.89166E-02 2.03479E-01 
9.36958E-02 2.08764E-01 
1.02311E-01 2.10277E-01 
1.09019E-01 2.15213E-01 
1.17192E-01 2.19678E-01 
1.26939E-01 2.23543E-01 
1.38352E-01 2.26702E-01 
1.51527E-01 2.29116E-01 
1.66617E-01 2.30941E-01 
1.84058E-01 2.32974E-01 
2.05395E-01 2.37925E-01 
2.35165E-01 2.52269E-01 
2.80247E-01 2.81618E-01 
3.38718E-01 3.14864E-01 
3.96877E-01 3.31977E-01 
5.43608E-02 1.52711E-01 
5.58196E-02 1.56261E-01 
7.96348E-02 1.48233E-01 
7.99723E-02 1.51509E-01 
8.05521E-02 1.55062E-01 
8.14594E-02 1.58836E-01 
8.27824E-02 1.62767E-01 
8.41482E-02 1.65872E-01 
8.46106E-02 1.66784E-01 
8.72500E-02 1.71124E-01 
9.06885E-02 1.75372E-01 
9.50291E-02 1.79421E-01 
1.00366E-01 1.83162E-01 
1.08576E-01 1.83442E-01 
1.15791E-01 1.86513E-01 
1.24338E-01 1.88974E-01 
1.34279E-01 1.90725E-01 
1.45667E-01 1.91688E-01 
1.58558E-01 1.91846E-01 
1.73083E-01 1.91350E-01 
1.89709E-01 1.90880E-01 
2.10137E-01 1.92672E-01 
2.39259E-01 2.01923E-01 
2.84021E-01 2.22833E-01 
3.41314E-01 2.45976E-01 
3.96154E-01 2.55403E-01 
5.81668E-02 1.38360E-01 
5.97696E-02 1.41481E-01 
8.11896E-02 1.31629E-01 
8.16680E-02 1.34689E-01 
8.24777E-02 1.37884E-01 
8.36937E-02 1.41152E-01 
8.53908E-02 1.44428E-01 
8.70810E-02 1.46923E-01 
8.76427E-02 1.47641E-01 
9.07732E-02 1.50951E-01 
9.47129E-02 1.54008E-01 
9.95355E-02 1.56719E-01 
1.05304E-01 1.58991E-01 
1.13091E-01 1.58203E-01 
1.20619E-01 1.59583E-01 
1.29321E-01 1.60277E-01 
1.39226E-01 1.60211E-01 
1.50349E-01 1.59336E-01 
1.62719E-01 1.57656E-01 
1.76451E-01 1.55315E-01 
1.92031E-01 1.52884E-01 
2.11266E-01 1.52166E-01 
2.39254E-01 1.57219E-01 
2.82862E-01 1.71029E-01 
3.38057E-01 1.85763E-01 
3.89097E-01 1.89111E-01 
6.09239E-02 1.24962E-01 
6.27335E-02 1.27574E-01 
8.16007E-02 1.16694E-01 
8.23135E-02 1.19415E-01 
8.34238E-02 1.22140E-01 
8.49939E-02 1.24808E-01 
8.70841E-02 1.27354E-01 
8.90945E-02 1.29200E-01 
8.97512E-02 1.29715E-01 
9.33325E-02 1.31976E-01 
9.77012E-02 1.33865E-01 
1.02904E-01 1.35303E-01 
1.08975E-01 1.36218E-01 
1.16324E-01 1.34523E-01 
1.23982E-01 1.34421E-01 
1.32647E-01 1.33606E-01 
1.42315E-01 1.32033E-01 
1.52978E-01 1.29679E-01 
1.64643E-01 1.26566E-01 
1.77414E-01 1.22829E-01 
1.91790E-01 1.18937E-01 
2.09644E-01 1.16302E-01 
2.36162E-01 1.17973E-01 
2.78028E-01 1.25916E-01 
3.30507E-01 1.33783E-01 
3.77508E-01 1.32449E-01 
6.30219E-02 1.12351E-01 
6.50810E-02 1.14389E-01 
8.13546E-02 1.03139E-01 
8.23708E-02 1.05413E-01 
8.38269E-02 1.07576E-01 
8.57717E-02 1.09573E-01 
8.82502E-02 1.11346E-01 
9.05597E-02 1.12529E-01 
9.13023E-02 1.12839E-01 
9.52745E-02 1.14072E-01 
9.99854E-02 1.14852E-01 
1.05457E-01 1.15118E-01 
1.11701E-01 1.14820E-01 
1.18594E-01 1.12379E-01 
1.26215E-01 1.11022E-01 
1.34671E-01 1.08969E-01 
1.43936E-01 1.06200E-01 
1.53982E-01 1.02713E-01 
1.64803E-01 9.85440E-02 
1.76498E-01 9.38175E-02 
1.89573E-01 8.89088E-02 
2.05933E-01 8.48777E-02 
2.30765E-01 8.38971E-02 
2.70494E-01 8.70822E-02 
3.19869E-01 8.94478E-02 
3.62769E-01 8.46248E-02 
6.47583E-02 1.00391E-01 
6.70849E-02 1.01811E-01 
8.08181E-02 9.07060E-02 
8.21757E-02 9.24494E-02 
8.39931E-02 9.39903E-02 
8.63052E-02 9.52795E-02 
8.91419E-02 9.62692E-02 
9.17123E-02 9.68004E-02 
9.25273E-02 9.69138E-02 
9.68118E-02 9.71740E-02 
1.01766E-01 9.69370E-02 
1.07391E-01 9.61627E-02 
1.13677E-01 9.48192E-02 
1.20093E-01 9.17920E-02 
1.27530E-01 8.94149E-02 
1.35631E-01 8.63925E-02 
1.44357E-01 8.27235E-02 
1.53668E-01 7.84246E-02 
1.63550E-01 7.35410E-02 
1.74098E-01 6.81832E-02 
1.85827E-01 6.26402E-02 
2.00643E-01 5.76623E-02 
2.23665E-01 5.46670E-02 
2.61011E-01 5.40750E-02 
3.07069E-01 5.21310E-02 
3.45932E-01 4.48146E-02 
6.63151E-02 8.89893E-02 
6.89029E-02 8.97732E-02 
8.02190E-02 7.91938E-02 
8.19258E-02 8.03534E-02 
8.40917E-02 8.12418E-02 
8.67384E-02 8.18189E-02 
8.98817E-02 8.20476E-02 
9.26610E-02 8.19639E-02 
9.35313E-02 8.18941E-02 
9.80367E-02 8.12671E-02 
1.03128E-01 8.01322E-02 
1.08790E-01 7.84673E-02 
1.14996E-01 7.62587E-02 
1.20915E-01 7.27975E-02 
1.28038E-01 6.96338E-02 
1.35667E-01 6.58968E-02 
1.43750E-01 6.16018E-02 
1.52242E-01 5.67780E-02 
1.61126E-01 5.14762E-02 
1.70500E-01 4.57914E-02 
1.80876E-01 3.99334E-02 
1.94147E-01 3.43836E-02 
2.15307E-01 2.99187E-02 
2.50135E-01 2.64026E-02 
2.92790E-01 2.11727E-02 
3.27764E-01 1.21796E-02 
6.77274E-02 7.80619E-02 
7.05548E-02 7.82219E-02 
7.96282E-02 6.84385E-02 
8.16709E-02 6.89957E-02 
8.41543E-02 6.92359E-02 
8.70878E-02 6.91291E-02 
9.04749E-02 6.86492E-02 
9.34055E-02 6.80079E-02 
9.43128E-02 6.77745E-02 
9.89453E-02 6.63702E-02 
1.04071E-01 6.44740E-02 
1.09661E-01 6.20798E-02 
1.15680E-01 5.91895E-02 
1.21085E-01 5.54373E-02 
1.27792E-01 5.17068E-02 
1.34857E-01 4.74888E-02 
1.42225E-01 4.28105E-02 
1.49849E-01 3.77099E-02 
1.57713E-01 3.22390E-02 
1.65915E-01 2.64768E-02 
1.74969E-01 2.05616E-02 
1.86730E-01 1.47442E-02 
2.06029E-01 9.26675E-03 
2.38285E-01 3.55732E-03 
2.77543E-01 -4.09197E-03 
3.08833E-01 -1.41048E-02 
6.89819E-02 6.76333E-02 
7.20136E-02 6.71967E-02 
7.90535E-02 5.83731E-02 
8.14007E-02 5.83329E-02 
8.41563E-02 5.79516E-02 
8.73186E-02 5.72096E-02 
9.08806E-02 5.60915E-02 
9.39029E-02 5.49615E-02 
9.48291E-02 5.45869E-02 
9.94979E-02 5.25257E-02 
1.04563E-01 5.00094E-02 
1.09988E-01 4.70456E-02 
1.15728E-01 4.36489E-02 
1.20609E-01 3.97334E-02 
1.26821E-01 3.56345E-02 
1.33260E-01 3.11403E-02 
1.39869E-01 2.62863E-02 
1.46604E-01 2.11150E-02 
1.53452E-01 1.56771E-02 
1.60515E-01 1.00346E-02 
1.68300E-01 4.26287E-03 
1.78613E-01 -1.58215E-03 
1.96091E-01 -7.69626E-03 
2.25781E-01 -1.49830E-02 
2.61709E-01 -2.43293E-02 
2.89548E-01 -3.48431E-02 
7.00279E-02 5.78009E-02 
7.32276E-02 5.68127E-02 
7.84793E-02 4.90198E-02 
8.10912E-02 4.84104E-02 
8.40680E-02 4.74548E-02 
8.73990E-02 4.61430E-02 
9.10682E-02 4.44698E-02 
9.41261E-02 4.29268E-02 
9.50545E-02 4.24349E-02 
9.96784E-02 3.98408E-02 
1.04603E-01 3.68438E-02 
1.09785E-01 3.34620E-02 
1.15176E-01 2.97199E-02 
1.19535E-01 2.57506E-02 
1.25202E-01 2.14558E-02 
1.30980E-01 1.68584E-02 
1.36818E-01 1.19986E-02 
1.42673E-01 6.92064E-03 
1.48537E-01 1.67136E-03 
1.54518E-01 -3.70426E-03 
1.61115E-01 -9.18524E-03 
1.70069E-01 -1.48765E-02 
1.85802E-01 -2.13240E-02 
2.12996E-01 -2.96735E-02 
2.45728E-01 -4.01207E-02 
2.70386E-01 -5.07366E-02 
7.09589E-02 4.85343E-02 
7.42854E-02 4.70313E-02 
7.79779E-02 4.02690E-02 
8.08055E-02 3.91206E-02 
8.39464E-02 3.76374E-02 
8.73825E-02 3.58186E-02 
9.10911E-02 3.36680E-02 
9.41309E-02 3.17814E-02 
9.50455E-02 3.11939E-02 
9.95494E-02 2.81785E-02 
1.04261E-01 2.48234E-02 
1.09133E-01 2.11549E-02 
1.14117E-01 1.72044E-02 
1.17955E-01 1.32717E-02 
1.23039E-01 8.92299E-03 
1.28136E-01 4.36237E-03 
1.33200E-01 -3.68301E-04 
1.38193E-01 -5.22580E-03 
1.43114E-01 -1.01689E-02 
1.48073E-01 -1.51692E-02 
1.53557E-01 -2.02526E-02 
1.61241E-01 -2.56562E-02 
1.75311E-01 -3.22032E-02 
2.00087E-01 -4.12098E-02 
2.29763E-01 -5.22923E-02 
2.51484E-01 -6.27138E-02 
7.17634E-02 3.98876E-02 
7.51806E-02 3.79169E-02 
7.75564E-02 3.21295E-02 
8.05488E-02 3.04881E-02 
8.37969E-02 2.85374E-02 
8.72769E-02 2.62849E-02 
9.09618E-02 2.37417E-02 
9.39344E-02 2.15840E-02 
9.48212E-02 2.09232E-02 
9.91398E-02 1.75976E-02 
1.03578E-01 1.40023E-02 
1.08090E-01 1.01693E-02 
1.12628E-01 6.13387E-03 
1.15952E-01 2.31471E-03 
1.20436E-01 -1.96742E-03 
1.24853E-01 -6.37679E-03 
1.29161E-01 -1.08722E-02 
1.33329E-01 -1.54134E-02 
1.37363E-01 -1.99660E-02 
1.41375E-01 -2.45171E-02 
1.45841E-01 -2.91324E-02 
1.52355E-01 -3.41541E-02 
1.64868E-01 -4.06170E-02 
1.87349E-01 -4.99472E-02 
2.14153E-01 -6.12875E-02 
2.33204E-01 -7.12969E-02 
7.23920E-02 3.17250E-02 
7.58607E-02 2.93389E-02 
7.71436E-02 2.44525E-02 
8.02505E-02 2.23756E-02 
8.35528E-02 2.00271E-02 
8.70230E-02 1.74208E-02 
9.06313E-02 1.45736E-02 
9.34974E-02 1.22183E-02 
9.43452E-02 1.15062E-02 
9.84287E-02 7.97859E-03 
1.02551E-01 4.25436E-03 
1.06667E-01 3.68377E-04 
1.10733E-01 -3.64238E-03 
1.13558E-01 -7.28048E-03 
1.17439E-01 -1.13947E-02 
1.21186E-01 -1.55591E-02 
1.24764E-01 -1.97350E-02 
1.28149E-01 -2.38866E-02 
1.31354E-01 -2.79872E-02 
1.34493E-01 -3.20379E-02 
1.38027E-01 -3.61377E-02 
1.43470E-01 -4.07107E-02 
1.54527E-01 -4.69479E-02 
1.74833E-01 -5.63353E-02 
1.98941E-01 -6.76355E-02 
2.15561E-01 -7.70742E-02 
7.28900E-02 2.39416E-02 
7.63695E-02 2.12056E-02 
7.67678E-02 1.71352E-02 
7.99399E-02 1.46941E-02 
8.32477E-02 1.20271E-02 
8.66607E-02 9.15281E-03 
9.01467E-02 6.09220E-03 
9.28728E-02 3.61132E-03 
9.36720E-02 2.86926E-03 
9.74783E-02 -7.57843E-04 
1.01249E-01 -4.50881E-03 
1.04941E-01 -8.34770E-03 
1.08517E-01 -1.22378E-02 
1.10853E-01 -1.56364E-02 
1.14133E-01 -1.94984E-02 
1.17226E-01 -2.33423E-02 
1.20103E-01 -2.71332E-02 
1.22750E-01 -3.08410E-02 
1.25183E-01 -3.44468E-02 
1.27522E-01 -3.79650E-02 
1.30207E-01 -4.15213E-02 
1.34671E-01 -4.56017E-02 
1.44375E-01 -5.15057E-02 
1.62630E-01 -6.07395E-02 
1.84218E-01 -7.17673E-02 
1.98633E-01 -8.05254E-02 
7.36979E-02 1.64743E-02 
7.71438E-02 1.34490E-02 
7.68148E-02 1.00914E-02 
7.99774E-02 7.35565E-03 
8.32106E-02 4.44677E-03 
8.64842E-02 1.38689E-03 
8.97675E-02 -1.80008E-03 
9.22948E-02 -4.33698E-03 
9.30292E-02 -5.08846E-03 
9.64863E-02 -8.71693E-03 
9.98443E-02 -1.23977E-02 
1.03067E-01 -1.60961E-02 
1.06119E-01 -1.97780E-02 
1.07962E-01 -2.28823E-02 
1.10637E-01 -2.64198E-02 
1.13087E-01 -2.98807E-02 
1.15291E-01 -3.32355E-02 
1.17240E-01 -3.64602E-02 
1.18958E-01 -3.95439E-02 
1.20565E-01 -4.25126E-02 
1.22480E-01 -4.55131E-02 
1.26054E-01 -4.90759E-02 
1.34506E-01 -5.45691E-02 
1.50842E-01 -6.34873E-02 
1.70089E-01 -7.40672E-02 
1.82511E-01 -8.20759E-02 
7.45427E-02 9.12972E-03 
7.78960E-02 5.90121E-03 
7.69823E-02 3.18482E-03 
8.00707E-02 2.48949E-04 
8.31697E-02 -2.80405E-03 
8.62503E-02 -5.95024E-03 
8.92836E-02 -9.16476E-03 
9.15798E-02 -1.16825E-02 
9.22407E-02 -1.24218E-02 
9.53125E-02 -1.59513E-02 
9.82306E-02 -1.94673E-02 
1.00964E-01 -2.29381E-02 
1.03486E-01 -2.63330E-02 
1.04846E-01 -2.90946E-02 
1.06929E-01 -3.22481E-02 
1.08761E-01 -3.52775E-02 
1.10326E-01 -3.81589E-02 
1.11625E-01 -4.08748E-02 
1.12685E-01 -4.34220E-02 
1.13626E-01 -4.58363E-02 
1.14849E-01 -4.82811E-02 
1.17617E-01 -5.13155E-02 
1.24913E-01 -5.63423E-02 
1.39455E-01 -6.48185E-02 
1.56530E-01 -7.48169E-02 
1.67153E-01 -8.20361E-02 
7.54739E-02 1.93872E-03 
7.86422E-02 -1.38902E-03 
7.72401E-02 -3.52486E-03 
8.01712E-02 -6.55348E-03 
8.30657E-02 -9.64468E-03 
8.58972E-02 -1.27752E-02 
8.86375E-02 -1.59209E-02 
9.06775E-02 -1.83494E-02 
9.12588E-02 -1.90567E-02 
9.39215E-02 -2.23980E-02 
9.63858E-02 -2.56688E-02 
9.86267E-02 -2.88406E-02 
1.00623E-01 -3.18873E-02 
1.01519E-01 -3.42712E-02 
1.03034E-01 -3.69996E-02 
1.04281E-01 -3.95674E-02 
1.05252E-01 -4.19565E-02 
1.05954E-01 -4.41558E-02 
1.06420E-01 -4.61693E-02 
1.06766E-01 -4.80414E-02 
1.07375E-01 -4.99466E-02 
1.09425E-01 -5.24595E-02 
1.15666E-01 -5.69881E-02 
1.28549E-01 -6.49319E-02 
1.43629E-01 -7.42569E-02 
1.52648E-01 -8.06782E-02 
7.67684E-02 -5.27267E-03 
7.97172E-02 -8.60625E-03 
7.79140E-02 -1.02058E-02 
8.06279E-02 -1.32330E-02 
8.32489E-02 -1.62686E-02 
8.57525E-02 -1.92892E-02 
8.81168E-02 -2.22718E-02 
8.98370E-02 -2.45395E-02 
9.03207E-02 -2.51943E-02 
9.24965E-02 -2.82536E-02 
9.44441E-02 -3.11931E-02 
9.61447E-02 -3.39896E-02 
9.75829E-02 -3.66220E-02 
9.79993E-02 -3.85849E-02 
9.89447E-02 -4.08453E-02 
9.96198E-02 -4.29203E-02 
1.00023E-01 -4.47978E-02 
1.00166E-01 -4.64728E-02 
1.00086E-01 -4.79557E-02 
9.98954E-02 -4.92975E-02 
9.99549E-02 -5.06793E-02 
1.01356E-01 -5.26798E-02 
1.06625E-01 -5.66878E-02 
1.17953E-01 -6.40287E-02 
1.31177E-01 -7.26098E-02 
1.38746E-01 -7.82327E-02 
7.80463E-02 -1.23189E-02 
8.06721E-02 -1.55423E-02 
7.85022E-02 -1.66308E-02 
8.09103E-02 -1.95456E-02 
8.31866E-02 -2.24211E-02 
8.53122E-02 -2.52362E-02 
8.72703E-02 -2.79710E-02 
8.86597E-02 -3.00198E-02 
8.90439E-02 -3.06063E-02 
9.07294E-02 -3.33145E-02 
9.21642E-02 -3.58640E-02 
9.33370E-02 -3.82373E-02 
9.42404E-02 -4.04195E-02 
9.42078E-02 -4.19454E-02 
9.46226E-02 -4.37240E-02 
9.47724E-02 -4.53028E-02 
9.46613E-02 -4.66752E-02 
9.43047E-02 -4.78421E-02 
9.37426E-02 -4.88189E-02 
9.30857E-02 -4.96618E-02 
9.26702E-02 -5.05549E-02 
9.35039E-02 -5.20702E-02 
9.78929E-02 -5.55571E-02 
1.07790E-01 -6.22555E-02 
1.19316E-01 -7.00575E-02 
1.25600E-01 -7.49094E-02 
7.93039E-02 -1.91329E-02 
8.15280E-02 -2.21384E-02 
7.90097E-02 -2.27267E-02 
8.10324E-02 -2.54237E-02 
8.29007E-02 -2.80430E-02 
8.45993E-02 -3.05667E-02 
8.61131E-02 -3.29777E-02 
8.71484E-02 -3.47556E-02 
8.74277E-02 -3.52598E-02 
8.86085E-02 -3.75590E-02 
8.95328E-02 -3.96748E-02 
9.01928E-02 -4.15938E-02 
9.05853E-02 -4.33056E-02 
9.01325E-02 -4.43900E-02 
9.00560E-02 -4.56861E-02 
8.97266E-02 -4.67772E-02 
8.91538E-02 -4.76621E-02 
8.83566E-02 -4.83465E-02 
8.73769E-02 -4.88505E-02 
8.63214E-02 -4.92335E-02 
8.55025E-02 -4.96792E-02 
8.58448E-02 -5.07442E-02 
8.94425E-02 -5.37214E-02 
9.80250E-02 -5.97571E-02 
1.07999E-01 -6.67661E-02 
1.13148E-01 -7.08859E-02 
8.03455E-02 -2.55416E-02 
8.21711E-02 -2.82569E-02 
7.93806E-02 -2.83793E-02 
8.10038E-02 -3.07915E-02 
8.24577E-02 -3.30974E-02 
8.37188E-02 -3.52770E-02 
8.47701E-02 -3.73129E-02 
8.54353E-02 -3.87822E-02 
8.56049E-02 -3.91936E-02 
8.62581E-02 -4.10361E-02 
8.66541E-02 -4.26778E-02 
8.67941E-02 -4.41121E-02 
8.66814E-02 -4.53349E-02 
8.58226E-02 -4.59742E-02 
8.52857E-02 -4.67927E-02 
8.45189E-02 -4.74119E-02 
8.35348E-02 -4.78347E-02 
8.23547E-02 -4.80708E-02 
8.10208E-02 -4.81433E-02 
7.96337E-02 -4.81130E-02 
7.84819E-02 -4.81595E-02 
7.84077E-02 -4.88168E-02 
8.13017E-02 -5.13078E-02 
8.86860E-02 -5.66805E-02 
9.72538E-02 -6.29045E-02 
1.01410E-01 -6.63437E-02 
8.10697E-02 -3.14131E-02 
8.23808E-02 -3.37352E-02 
7.92882E-02 -3.33850E-02 
8.04360E-02 -3.54249E-02 
8.13958E-02 -3.73313E-02 
8.21622E-02 -3.90938E-02 
8.27320E-02 -4.07043E-02 
8.30368E-02 -4.18418E-02 
8.31030E-02 -4.21558E-02 
8.32730E-02 -4.35329E-02 
8.32019E-02 -4.47076E-02 
8.28902E-02 -4.56753E-02 
8.23438E-02 -4.64351E-02 
8.11456E-02 -4.66625E-02 
8.02196E-02 -4.70401E-02 
7.90868E-02 -4.72288E-02 
7.77629E-02 -4.72352E-02 
7.62715E-02 -4.70725E-02 
7.46545E-02 -4.67661E-02 
7.30069E-02 -4.63771E-02 
7.15930E-02 -4.60787E-02 
7.11755E-02 -4.63763E-02 
7.34498E-02 -4.84127E-02 
7.97462E-02 -5.31351E-02 
8.70427E-02 -5.85955E-02 
9.03380E-02 -6.14115E-02 
8.11671E-02 -3.65097E-02 
8.20019E-02 -3.84073E-02 
7.87213E-02 -3.76467E-02 
7.94513E-02 -3.93051E-02 
7.99833E-02 -4.08140E-02 
8.03093E-02 -4.21624E-02 
8.04289E-02 -4.33437E-02 
8.03825E-02 -4.41415E-02 
8.03466E-02 -4.43556E-02 
8.00398E-02 -4.52569E-02 
7.95105E-02 -4.59596E-02 
7.87604E-02 -4.64617E-02 
7.77992E-02 -4.67664E-02 
7.62822E-02 -4.65975E-02 
7.50034E-02 -4.65591E-02 
7.35497E-02 -4.63509E-02 
7.19385E-02 -4.59824E-02 
7.01938E-02 -4.54687E-02 
6.83555E-02 -4.48361E-02 
6.65114E-02 -4.41441E-02 
6.49008E-02 -4.35565E-02 
6.42089E-02 -4.35457E-02 
6.59457E-02 -4.51669E-02 
7.12650E-02 -4.92667E-02 
7.74250E-02 -5.40012E-02 
7.99833E-02 -5.62586E-02 
8.07477E-02 -4.07973E-02 
8.10783E-02 -4.22288E-02 
7.75722E-02 -4.10564E-02 
7.78204E-02 -4.22743E-02 
7.78728E-02 -4.33342E-02 
7.77381E-02 -4.42357E-02 
7.74178E-02 -4.49757E-02 
7.70462E-02 -4.54377E-02 
7.69178E-02 -4.55546E-02 
7.61860E-02 -4.60004E-02 
7.52626E-02 -4.62640E-02 
7.41535E-02 -4.63472E-02 
7.28662E-02 -4.62538E-02 
7.11141E-02 -4.57488E-02 
6.95690E-02 -4.53572E-02 
6.78772E-02 -4.48156E-02 
6.60574E-02 -4.41359E-02 
6.41338E-02 -4.33345E-02 
6.21450E-02 -4.24383E-02 
6.01715E-02 -4.15047E-02 
5.84293E-02 -4.06870E-02 
5.75295E-02 -4.04214E-02 
5.88076E-02 -4.16715E-02 
6.32570E-02 -4.51864E-02 
6.84087E-02 -4.92423E-02 
7.03442E-02 -5.10077E-02 
7.95330E-02 -4.40848E-02 
7.93723E-02 -4.50356E-02 
7.57160E-02 -4.35096E-02 
7.55667E-02 -4.43189E-02 
7.52414E-02 -4.49771E-02 
7.47329E-02 -4.54762E-02 
7.40455E-02 -4.58152E-02 
7.33970E-02 -4.59697E-02 
7.31891E-02 -4.59976E-02 
7.20890E-02 -4.60245E-02 
7.08167E-02 -4.58811E-02 
6.93829E-02 -4.55736E-02 
6.78023E-02 -4.51114E-02 
6.58459E-02 -4.43020E-02 
6.40775E-02 -4.35973E-02 
6.21957E-02 -4.27679E-02 
6.02193E-02 -4.18268E-02 
5.81717E-02 -4.07912E-02 
5.60883E-02 -3.96871E-02 
5.40417E-02 -3.85680E-02 
5.22240E-02 -3.75752E-02 
5.11755E-02 -3.71063E-02 
5.20682E-02 -3.80315E-02 
5.57502E-02 -4.10059E-02 
6.00149E-02 -4.44379E-02 
6.14318E-02 -4.57779E-02 
7.76384E-02 -4.63955E-02 
7.70610E-02 -4.69020E-02 
7.33056E-02 -4.50752E-02 
7.27535E-02 -4.54672E-02 
7.20210E-02 -4.57021E-02 
7.11248E-02 -4.57873E-02 
7.00800E-02 -4.57300E-02 
6.91762E-02 -4.55913E-02 
6.88975E-02 -4.55360E-02 
6.74845E-02 -4.51835E-02 
6.59411E-02 -4.46909E-02 
6.42748E-02 -4.40631E-02 
6.24952E-02 -4.33071E-02 
6.04179E-02 -4.22647E-02 
5.85096E-02 -4.13183E-02 
5.65157E-02 -4.02705E-02 
5.44550E-02 -3.91352E-02 
5.23498E-02 -3.79294E-02 
5.02327E-02 -3.66783E-02 
4.81691E-02 -3.54316E-02 
4.63290E-02 -3.43181E-02 
4.51867E-02 -3.36964E-02 
4.57629E-02 -3.43441E-02 
4.87758E-02 -3.68282E-02 
5.22692E-02 -3.96962E-02 
5.32619E-02 -4.06761E-02 
7.50189E-02 -4.77049E-02 
7.40213E-02 -4.77619E-02 
7.01960E-02 -4.56754E-02 
6.92934E-02 -4.56818E-02 
6.82653E-02 -4.55662E-02 
6.71117E-02 -4.53265E-02 
6.58130E-02 -4.49479E-02 
6.47230E-02 -4.45688E-02 
6.43923E-02 -4.44450E-02 
6.27398E-02 -4.37739E-02 
6.09737E-02 -4.29769E-02 
5.91146E-02 -4.20688E-02 
5.71768E-02 -4.10610E-02 
5.50145E-02 -3.98261E-02 
5.30090E-02 -3.86833E-02 
5.09472E-02 -3.74645E-02 
4.88474E-02 -3.61839E-02 
4.67300E-02 -3.48579E-02 
4.46243E-02 -3.35097E-02 
4.25875E-02 -3.21844E-02 
4.07679E-02 -3.09972E-02 
3.95780E-02 -3.02677E-02 
3.98988E-02 -3.06828E-02 
4.23326E-02 -3.27279E-02 
4.51601E-02 -3.50921E-02 
4.58113E-02 -3.57725E-02 
7.17582E-02 -4.80457E-02 
7.04498E-02 -4.77306E-02 
6.66304E-02 -4.54606E-02 
6.54620E-02 -4.51445E-02 
6.41694E-02 -4.47074E-02 
6.27413E-02 -4.41405E-02 
6.12019E-02 -4.34590E-02 
5.99493E-02 -4.28633E-02 
5.95749E-02 -4.26792E-02 
5.77448E-02 -4.17445E-02 
5.58413E-02 -4.07168E-02 
5.38721E-02 -3.96025E-02 
5.18492E-02 -3.84113E-02 
4.96646E-02 -3.70465E-02 
4.76282E-02 -3.57725E-02 
4.55611E-02 -3.44458E-02 
4.34791E-02 -3.30795E-02 
4.14006E-02 -3.16887E-02 
3.93514E-02 -3.02948E-02 
3.73818E-02 -2.89381E-02 
3.56204E-02 -2.77210E-02 
3.44232E-02 -2.69256E-02 
3.45458E-02 -2.71532E-02 
3.64893E-02 -2.88149E-02 
3.87536E-02 -3.07403E-02 
3.91384E-02 -3.11796E-02 
6.78945E-02 -4.75070E-02 
6.63256E-02 -4.68613E-02 
6.25522E-02 -4.44576E-02 
6.11324E-02 -4.38351E-02 
5.96180E-02 -4.31141E-02 
5.80357E-02 -4.23131E-02 
5.63824E-02 -4.14297E-02 
5.50447E-02 -4.06821E-02 
5.46443E-02 -4.04532E-02 
5.26912E-02 -3.93077E-02 
5.06867E-02 -3.80895E-02 
4.86482E-02 -3.68125E-02 
4.65850E-02 -3.54852E-02 
4.44180E-02 -3.40352E-02 
4.23917E-02 -3.26751E-02 
4.03580E-02 -3.12846E-02 
3.83310E-02 -2.98757E-02 
3.63267E-02 -2.84620E-02 
3.43673E-02 -2.70623E-02 
3.24956E-02 -2.57121E-02 
3.08218E-02 -2.45009E-02 
2.96498E-02 -2.36743E-02 
2.96206E-02 -2.37521E-02 
3.11465E-02 -2.50784E-02 
3.29313E-02 -2.66204E-02 
3.31104E-02 -2.68671E-02 
6.35579E-02 -4.61818E-02 
6.18057E-02 -4.52717E-02 
5.81271E-02 -4.27938E-02 
5.65323E-02 -4.19294E-02 
5.48840E-02 -4.09988E-02 
5.31793E-02 -3.99994E-02 
5.14072E-02 -3.89229E-02 
4.99998E-02 -3.80447E-02 
4.95846E-02 -3.77821E-02 
4.75850E-02 -3.64969E-02 
4.55584E-02 -3.51618E-02 
4.35157E-02 -3.37864E-02 
4.14682E-02 -3.23806E-02 
3.93603E-02 -3.08924E-02 
3.73861E-02 -2.94932E-02 
3.54240E-02 -2.80831E-02 
3.34862E-02 -2.66729E-02 
3.15867E-02 -2.52747E-02 
2.97440E-02 -2.39048E-02 
2.79942E-02 -2.25937E-02 
2.64306E-02 -2.14185E-02 
2.53099E-02 -2.05906E-02 
2.51708E-02 -2.05546E-02 
2.63487E-02 -2.15945E-02 
2.77342E-02 -2.28095E-02 
2.77611E-02 -2.29085E-02 
5.88629E-02 -4.41880E-02 
5.69658E-02 -4.30546E-02 
5.34385E-02 -4.05668E-02 
5.17497E-02 -3.95321E-02 
5.00115E-02 -3.84367E-02 
4.82294E-02 -3.72849E-02 
4.64098E-02 -3.60816E-02 
4.49787E-02 -3.51173E-02 
4.45574E-02 -3.48306E-02 
4.25437E-02 -3.34442E-02 
4.05258E-02 -3.20300E-02 
3.85195E-02 -3.06018E-02 
3.65342E-02 -2.91683E-02 
3.45272E-02 -2.76892E-02 
3.26459E-02 -2.62971E-02 
3.07909E-02 -2.49095E-02 
2.89732E-02 -2.35361E-02 
2.72042E-02 -2.21873E-02 
2.54996E-02 -2.08772E-02 
2.38898E-02 -1.96318E-02 
2.24526E-02 -1.85167E-02 
2.14030E-02 -1.77120E-02 
2.11893E-02 -1.75934E-02 
2.20812E-02 -1.83928E-02 
2.31383E-02 -1.93331E-02 
2.30576E-02 -1.93231E-02 
5.39197E-02 -4.16452E-02 
5.19588E-02 -4.03629E-02 
4.86186E-02 -3.79144E-02 
4.68642E-02 -3.67430E-02 
4.50698E-02 -3.55205E-02 
4.32628E-02 -3.42686E-02 
4.14496E-02 -3.29927E-02 
4.00494E-02 -3.19951E-02 
3.96403E-02 -3.17016E-02 
3.76796E-02 -3.02810E-02 
3.57159E-02 -2.88375E-02 
3.37759E-02 -2.73937E-02 
3.18760E-02 -2.59643E-02 
2.99900E-02 -2.45235E-02 
2.82251E-02 -2.31701E-02 
2.64992E-02 -2.18351E-02 
2.48204E-02 -2.05260E-02 
2.31978E-02 -1.92514E-02 
2.16443E-02 -1.80230E-02 
2.01848E-02 -1.68626E-02 
1.88838E-02 -1.58255E-02 
1.79191E-02 -1.50628E-02 
1.76598E-02 -1.48885E-02 
1.83201E-02 -1.54891E-02 
1.91108E-02 -1.62020E-02 
1.89589E-02 -1.61157E-02 
4.88575E-02 -3.86911E-02 
4.68505E-02 -3.72862E-02 
4.37163E-02 -3.49116E-02 
4.19723E-02 -3.36749E-02 
4.01920E-02 -3.23922E-02 
3.84150E-02 -3.10958E-02 
3.66514E-02 -2.97944E-02 
3.52804E-02 -2.87714E-02 
3.48789E-02 -2.84699E-02 
3.29782E-02 -2.70333E-02 
3.11176E-02 -2.56127E-02 
2.92991E-02 -2.42109E-02 
2.75263E-02 -2.28318E-02 
2.57837E-02 -2.14599E-02 
2.41530E-02 -2.01713E-02 
2.25691E-02 -1.89107E-02 
2.10397E-02 -1.76854E-02 
1.95723E-02 -1.65027E-02 
1.81768E-02 -1.53717E-02 
1.68727E-02 -1.43101E-02 
1.57125E-02 -1.33633E-02 
1.48415E-02 -1.26565E-02 
1.45599E-02 -1.24488E-02 
1.50356E-02 -1.28880E-02 
1.56135E-02 -1.34159E-02 
1.54194E-02 -1.32803E-02 
4.37404E-02 -3.54136E-02 
4.17705E-02 -3.39651E-02 
3.88656E-02 -3.17007E-02 
3.71491E-02 -3.04238E-02 
3.54321E-02 -2.91325E-02 
3.37208E-02 -2.78319E-02 
3.20259E-02 -2.65315E-02 
3.07236E-02 -2.55240E-02 
3.03445E-02 -2.52293E-02 
2.85584E-02 -2.38334E-02 
2.68156E-02 -2.24596E-02 
2.51269E-02 -2.11181E-02 
2.34937E-02 -1.98112E-02 
2.19083E-02 -1.85303E-02 
2.04278E-02 -1.73300E-02 
1.89997E-02 -1.61654E-02 
1.76301E-02 -1.50423E-02 
1.63244E-02 -1.39662E-02 
1.50901E-02 -1.29442E-02 
1.39425E-02 -1.19904E-02 
1.29237E-02 -1.11417E-02 
1.21509E-02 -1.05005E-02 
1.18655E-02 -1.02776E-02 
1.21968E-02 -1.05883E-02 
1.26076E-02 -1.09686E-02 
1.23939E-02 -1.08053E-02 
3.86888E-02 -3.19459E-02 
3.67892E-02 -3.04929E-02 
3.41399E-02 -2.83766E-02 
3.25022E-02 -2.71124E-02 
3.08627E-02 -2.58349E-02 
2.92363E-02 -2.45567E-02 
2.76380E-02 -2.32908E-02 
2.64244E-02 -2.23232E-02 
2.60746E-02 -2.20434E-02 
2.44367E-02 -2.07275E-02 
2.28424E-02 -1.94371E-02 
2.12947E-02 -1.81756E-02 
1.98083E-02 -1.69567E-02 
1.83866E-02 -1.57820E-02 
1.70646E-02 -1.46862E-02 
1.57985E-02 -1.36316E-02 
1.45918E-02 -1.26218E-02 
1.34484E-02 -1.16608E-02 
1.23735E-02 -1.07539E-02 
1.13791E-02 -9.91210E-03 
1.04983E-02 -9.16491E-03 
9.82437E-03 -8.59486E-03 
9.54886E-03 -8.37105E-03 
9.76983E-03 -8.58186E-03 
1.00519E-02 -8.84667E-03 
9.83574E-03 -8.67261E-03 
3.37823E-02 -2.83882E-02 
3.19968E-02 -2.69788E-02 
2.96030E-02 -2.50249E-02 
2.80610E-02 -2.37978E-02 
2.65392E-02 -2.25776E-02 
2.50274E-02 -2.13561E-02 
2.35509E-02 -2.01554E-02 
2.24411E-02 -1.92482E-02 
2.21219E-02 -1.89866E-02 
2.06340E-02 -1.77622E-02 
1.91941E-02 -1.65698E-02 
1.78088E-02 -1.54159E-02 
1.64874E-02 -1.43094E-02 
1.52335E-02 -1.32529E-02 
1.40709E-02 -1.22704E-02 
1.29652E-02 -1.13321E-02 
1.19182E-02 -1.04402E-02 
1.09321E-02 -9.59690E-03 
1.00105E-02 -8.80616E-03 
9.16221E-03 -8.07619E-03 
8.41278E-03 -7.43011E-03 
7.83537E-03 -6.93328E-03 
7.57952E-03 -6.71922E-03 
7.71820E-03 -6.85435E-03 
7.90348E-03 -7.03099E-03 
7.69708E-03 -6.85877E-03 
2.90918E-02 -2.48335E-02 
2.74379E-02 -2.34935E-02 
2.53133E-02 -2.17263E-02 
2.38869E-02 -2.05617E-02 
2.24932E-02 -1.94169E-02 
2.11250E-02 -1.82860E-02 
1.97908E-02 -1.71768E-02 
1.87914E-02 -1.63420E-02 
1.85052E-02 -1.61025E-02 
1.71746E-02 -1.49847E-02 
1.58947E-02 -1.39036E-02 
1.46729E-02 -1.28663E-02 
1.35175E-02 -1.18810E-02 
1.24335E-02 -1.09519E-02 
1.14310E-02 -1.00903E-02 
1.04824E-02 -9.27187E-03 
9.58935E-03 -8.49873E-03 
8.75328E-03 -7.77264E-03 
7.97650E-03 -7.09606E-03 
7.26516E-03 -6.47490E-03 
6.63856E-03 -5.92683E-03 
6.15297E-03 -5.50263E-03 
5.92325E-03 -5.30591E-03 
6.00246E-03 -5.38544E-03 
6.11687E-03 -5.49654E-03 
5.92843E-03 -5.33512E-03 
2.47217E-02 -2.13994E-02 
2.32142E-02 -2.01509E-02 
2.13515E-02 -1.85760E-02 
2.00626E-02 -1.75013E-02 
1.88031E-02 -1.64452E-02 
1.75837E-02 -1.54176E-02 
1.64025E-02 -1.44170E-02 
1.55216E-02 -1.36678E-02 
1.52701E-02 -1.34534E-02 
1.41000E-02 -1.24530E-02 
1.29803E-02 -1.14908E-02 
1.19218E-02 -1.05773E-02 
1.09304E-02 -9.71845E-03 
1.00072E-02 -8.91504E-03 
9.15554E-03 -8.17193E-03 
8.35467E-03 -7.47087E-03 
7.60531E-03 -6.81292E-03 
6.90806E-03 -6.19900E-03 
6.26405E-03 -5.63051E-03 
5.67735E-03 -5.11145E-03 
5.16218E-03 -4.65497E-03 
4.76107E-03 -4.29984E-03 
4.56080E-03 -4.12508E-03 
4.59910E-03 -4.16570E-03 
4.66379E-03 -4.23014E-03 
4.49801E-03 -4.08520E-03 
2.06671E-02 -1.81151E-02 
1.93159E-02 -1.69751E-02 
1.77102E-02 -1.55977E-02 
1.65671E-02 -1.46271E-02 
1.54542E-02 -1.36776E-02 
1.43851E-02 -1.27613E-02 
1.33562E-02 -1.18755E-02 
1.25945E-02 -1.12173E-02 
1.23771E-02 -1.10290E-02 
1.13692E-02 -1.01539E-02 
1.04123E-02 -9.31921E-03 
9.51595E-03 -8.53445E-03 
8.67963E-03 -7.79959E-03 
7.90649E-03 -7.11762E-03 
7.19642E-03 -6.48971E-03 
6.53349E-03 -5.90178E-03 
5.91734E-03 -5.35389E-03 
5.34763E-03 -4.84603E-03 
4.82454E-03 -4.37866E-03 
4.35052E-03 -3.95429E-03 
3.93572E-03 -3.58240E-03 
3.61152E-03 -3.29188E-03 
3.44208E-03 -3.14168E-03 
3.45342E-03 -3.15613E-03 
3.48429E-03 -3.18832E-03 
3.34348E-03 -3.06314E-03 
1.69931E-02 -1.50616E-02 
1.58062E-02 -1.40441E-02 
1.44379E-02 -1.28553E-02 
1.34448E-02 -1.19991E-02 
1.24815E-02 -1.11648E-02 
1.15609E-02 -1.03643E-02 
1.06821E-02 -9.59695E-03 
1.00331E-02 -9.02833E-03 
9.84896E-03 -8.86670E-03 
8.99991E-03 -8.11959E-03 
8.19871E-03 -7.41169E-03 
7.45161E-03 -6.74920E-03 
6.76018E-03 -6.13407E-03 
6.12694E-03 -5.56876E-03 
5.54805E-03 -5.05076E-03 
5.01085E-03 -4.56880E-03 
4.51472E-03 -4.12261E-03 
4.05883E-03 -3.71169E-03 
3.64275E-03 -3.33588E-03 
3.26775E-03 -2.99656E-03 
2.94080E-03 -2.70032E-03 
2.68451E-03 -2.46815E-03 
2.54525E-03 -2.34303E-03 
2.54034E-03 -2.34131E-03 
2.54973E-03 -2.35265E-03 
2.43399E-03 -2.24831E-03 
1.37217E-02 -1.22822E-02 
1.27027E-02 -1.13969E-02 
1.15551E-02 -1.03886E-02 
1.07068E-02 -9.64753E-03 
9.89066E-03 -8.93169E-03 
9.11231E-03 -8.24633E-03 
8.37641E-03 -7.59592E-03 
7.83463E-03 -7.11556E-03 
7.68147E-03 -6.97952E-03 
6.98032E-03 -6.35536E-03 
6.32398E-03 -5.76887E-03 
5.71472E-03 -5.22258E-03 
5.15514E-03 -4.71931E-03 
4.64725E-03 -4.26110E-03 
4.18565E-03 -3.84371E-03 
3.76015E-03 -3.45804E-03 
3.36967E-03 -3.10331E-03 
3.01314E-03 -2.77876E-03 
2.68974E-03 -2.48380E-03 
2.39989E-03 -2.21900E-03 
2.14816E-03 -1.98874E-03 
1.95041E-03 -1.80786E-03 
1.83928E-03 -1.70686E-03 
1.82587E-03 -1.69632E-03 
1.82277E-03 -1.69525E-03 
1.73071E-03 -1.61126E-03 
1.08708E-02 -9.81421E-03 
1.00129E-02 -9.06034E-03 
9.06610E-03 -8.22030E-03 
8.35407E-03 -7.59128E-03 
7.67613E-03 -6.99013E-03 
7.03237E-03 -6.41721E-03 
6.42852E-03 -5.87795E-03 
5.98573E-03 -5.48128E-03 
5.86060E-03 -5.36899E-03 
5.29299E-03 -4.85861E-03 
4.76733E-03 -4.38434E-03 
4.28307E-03 -3.94598E-03 
3.84048E-03 -3.54414E-03 
3.44229E-03 -3.18158E-03 
3.08271E-03 -2.85345E-03 
2.75369E-03 -2.55252E-03 
2.45386E-03 -2.27771E-03 
2.18194E-03 -2.02801E-03 
1.93687E-03 -1.80256E-03 
1.71850E-03 -1.60135E-03 
1.52964E-03 -1.42712E-03 
1.38106E-03 -1.29003E-03 
1.29508E-03 -1.21111E-03 
1.27844E-03 -1.19686E-03 
1.26914E-03 -1.18938E-03 
1.19834E-03 -1.12411E-03 
8.44060E-03 -7.67640E-03 
7.72871E-03 -7.04468E-03 
6.96294E-03 -6.35961E-03 
6.37664E-03 -5.83667E-03 
5.82515E-03 -5.34312E-03 
5.30314E-03 -4.87432E-03 
4.81771E-03 -4.43697E-03 
4.46483E-03 -4.11812E-03 
4.36513E-03 -4.02789E-03 
3.91475E-03 -3.61945E-03 
3.50328E-03 -3.24512E-03 
3.12855E-03 -2.90315E-03 
2.78757E-03 -2.59107E-03 
2.48295E-03 -2.31150E-03 
2.20976E-03 -2.06024E-03 
1.96199E-03 -1.83185E-03 
1.73800E-03 -1.62496E-03 
1.53630E-03 -1.43833E-03 
1.35572E-03 -1.27094E-03 
1.19578E-03 -1.12246E-03 
1.05810E-03 -9.94470E-04 
9.49679E-04 -8.93665E-04 
8.85298E-04 -8.34067E-04 
8.68763E-04 -8.19410E-04 
8.57367E-04 -8.09512E-04 
8.04803E-04 -7.60609E-04 
6.41722E-03 -5.87193E-03 
5.83750E-03 -5.35326E-03 
5.22960E-03 -4.80560E-03 
4.75624E-03 -4.37998E-03 
4.31540E-03 -3.98240E-03 
3.90227E-03 -3.60859E-03 
3.51951E-03 -3.26120E-03 
3.24493E-03 -3.01134E-03 
3.16749E-03 -2.94075E-03 
2.81913E-03 -2.62263E-03 
2.50436E-03 -2.33431E-03 
2.22052E-03 -2.07353E-03 
1.96508E-03 -1.83819E-03 
1.73902E-03 -1.62936E-03 
1.53746E-03 -1.44276E-03 
1.35605E-03 -1.27445E-03 
1.19342E-03 -1.12326E-03 
1.04814E-03 -9.87957E-04 
9.19042E-04 -8.67506E-04 
8.05463E-04 -7.61368E-04 
7.08183E-04 -6.70341E-04 
6.31565E-04 -5.98625E-04 
5.84992E-04 -5.55204E-04 
5.70406E-04 -5.42031E-04 
5.59353E-04 -5.32136E-04 
5.21763E-04 -4.96884E-04 
4.77062E-03 -4.38637E-03 
4.30872E-03 -3.97032E-03 
3.83407E-03 -3.54021E-03 
3.46087E-03 -3.20246E-03 
3.11463E-03 -2.88819E-03 
2.79466E-03 -2.59692E-03 
2.50052E-03 -2.32840E-03 
2.29115E-03 -2.13678E-03 
2.23251E-03 -2.08304E-03 
1.96999E-03 -1.84198E-03 
1.73551E-03 -1.62606E-03 
1.52603E-03 -1.43260E-03 
1.33960E-03 -1.25994E-03 
1.17652E-03 -1.10851E-03 
1.03253E-03 -9.74524E-04 
9.04202E-04 -8.54844E-04 
7.90084E-04 -7.48203E-04 
6.88955E-04 -6.53518E-04 
5.99786E-04 -5.69879E-04 
5.21902E-04 -4.96698E-04 
4.55571E-04 -4.34281E-04 
4.03348E-04 -3.85119E-04 
3.70898E-04 -3.54688E-04 
3.59035E-04 -3.43852E-04 
3.49552E-04 -3.35227E-04 
3.23763E-04 -3.10867E-04 
3.47723E-03 -3.20827E-03 
3.11505E-03 -2.88026E-03 
2.75096E-03 -2.54882E-03 
2.46139E-03 -2.28540E-03 
2.19528E-03 -2.04267E-03 
1.95198E-03 -1.82016E-03 
1.73035E-03 -1.61695E-03 
1.57404E-03 -1.47330E-03 
1.53059E-03 -1.43331E-03 
1.33753E-03 -1.25536E-03 
1.16682E-03 -1.09758E-03 
1.01606E-03 -9.57826E-04 
8.83591E-04 -8.34699E-04 
7.69240E-04 -7.28147E-04 
6.69244E-04 -6.34760E-04 
5.81052E-04 -5.52215E-04 
5.03426E-04 -4.79405E-04 
4.35284E-04 -4.15358E-04 
3.75725E-04 -3.59266E-04 
3.24122E-04 -3.10572E-04 
2.80460E-04 -2.69301E-04 
2.46119E-04 -2.36821E-04 
2.24305E-04 -2.16274E-04 
2.15200E-04 -2.07900E-04 
2.07675E-04 -2.00992E-04 
1.90712E-04 -1.84865E-04 
2.48718E-03 -2.29959E-03 
2.20854E-03 -2.04619E-03 
1.93315E-03 -1.79465E-03 
1.71333E-03 -1.59392E-03 
1.51236E-03 -1.40993E-03 
1.33096E-03 -1.24351E-03 
1.16693E-03 -1.09266E-03 
1.05259E-03 -9.87304E-04 
1.02108E-03 -9.58241E-04 
8.81681E-04 -8.29441E-04 
7.59980E-04 -7.16708E-04 
6.54271E-04 -6.18534E-04 
5.62625E-04 -5.33191E-04 
4.84440E-04 -4.60201E-04 
4.16889E-04 -3.96995E-04 
3.57994E-04 -3.41762E-04 
3.06745E-04 -2.93590E-04 
2.62252E-04 -2.51674E-04 
2.23768E-04 -2.15335E-04 
1.90756E-04 -1.84092E-04 
1.63054E-04 -1.57820E-04 
1.41307E-04 -1.37179E-04 
1.27151E-04 -1.23803E-04 
1.20436E-04 -1.17603E-04 
1.14766E-04 -1.12368E-04 
1.04123E-04 -1.02188E-04 
1.75356E-03 -1.62246E-03 
1.54269E-03 -1.43015E-03 
1.33764E-03 -1.24245E-03 
1.17340E-03 -1.09208E-03 
1.02429E-03 -9.55273E-04 
8.90739E-04 -8.32510E-04 
7.71542E-04 -7.22724E-04 
6.88948E-04 -6.46522E-04 
6.66366E-04 -6.25667E-04 
5.67447E-04 -5.34196E-04 
4.82168E-04 -4.55156E-04 
4.08978E-04 -3.87152E-04 
3.46554E-04 -3.29007E-04 
2.94066E-04 -2.79995E-04 
2.49261E-04 -2.38057E-04 
2.10714E-04 -2.01892E-04 
1.77616E-04 -1.70764E-04 
1.49260E-04 -1.44030E-04 
1.25056E-04 -1.21149E-04 
1.04560E-04 -1.01722E-04 
8.75575E-05 -8.55636E-05 
7.42517E-05 -7.29048E-05 
6.53183E-05 -6.44484E-05 
6.04499E-05 -5.99406E-05 
5.62868E-05 -5.60806E-05 
4.99481E-05 -4.99823E-05 
1.22678E-03 -1.13450E-03 
1.06948E-03 -9.90824E-04 
9.18987E-04 -8.52937E-04 
7.97930E-04 -7.41965E-04 
6.88816E-04 -6.41750E-04 
5.91618E-04 -5.52340E-04 
5.05817E-04 -4.73293E-04 
4.46626E-04 -4.18675E-04 
4.30569E-04 -4.03849E-04 
3.60718E-04 -3.39277E-04 
3.01081E-04 -2.84027E-04 
2.50641E-04 -2.37191E-04 
2.08131E-04 -1.97619E-04 
1.72907E-04 -1.64748E-04 
1.43230E-04 -1.36987E-04 
1.18068E-04 -1.13394E-04 
9.67803E-05 -9.33828E-05 
7.88293E-05 -7.64632E-05 
6.37715E-05 -6.22297E-05 
5.12569E-05 -5.03634E-05 
4.10547E-05 -4.06602E-05 
3.31188E-05 -3.31013E-05 
2.75563E-05 -2.78308E-05 
2.39920E-05 -2.45173E-05 
2.09341E-05 -2.16683E-05 
1.73931E-05 -1.82420E-05 
8.58161E-04 -7.92473E-04 
7.42510E-04 -6.86831E-04 
6.33271E-04 -5.86784E-04 
5.45148E-04 -5.06007E-04 
4.66105E-04 -4.33434E-04 
3.95845E-04 -3.68831E-04 
3.34157E-04 -3.12038E-04 
2.91782E-04 -2.72968E-04 
2.80304E-04 -2.62377E-04 
2.30639E-04 -2.16499E-04 
1.88615E-04 -1.77597E-04 
1.53271E-04 -1.44791E-04 
1.23723E-04 -1.17289E-04 
9.95388E-05 -9.47203E-05 
7.94211E-05 -7.58999E-05 
6.25813E-05 -6.01066E-05 
4.85637E-05 -4.69276E-05 
3.69767E-05 -3.60059E-05 
2.74840E-05 -2.70337E-05 
1.98077E-05 -1.97562E-05 
1.37223E-05 -1.39690E-05 
9.04486E-06 -9.51306E-06 
5.56182E-06 -6.20943E-06 
2.87499E-06 -3.69404E-06 
5.88752E-07 -1.54852E-06 
-1.20293E-06 1.94108E-07 
6.03700E-04 -5.56316E-04 
5.19694E-04 -4.79694E-04 
4.41162E-04 -4.07908E-04 
3.77677E-04 -3.49807E-04 
3.20841E-04 -2.97709E-04 
2.70195E-04 -2.51216E-04 
2.25717E-04 -2.10329E-04 
1.95166E-04 -1.82195E-04 
1.86863E-04 -1.74542E-04 
1.51085E-04 -1.41518E-04 
1.20795E-04 -1.13475E-04 
9.53923E-05 -8.98783E-05 
7.42663E-05 -7.01860E-05 
5.70579E-05 -5.40926E-05 
4.28325E-05 -4.07486E-05 
3.10540E-05 -2.96703E-05 
2.14187E-05 -2.05876E-05 
1.36309E-05 -1.32312E-05 
7.43684E-06 -7.36854E-06 
2.61191E-06 -2.79225E-06 
-1.05579E-06 6.93998E-07 
-3.81295E-06 3.31871E-06 
-6.02947E-06 5.42486E-06 
-8.09351E-06 7.37662E-06 
-9.81481E-06 9.00724E-06 
-1.05543E-05 9.72741E-06 
4.27319E-04 -3.92657E-04 
3.66972E-04 -3.37783E-04 
3.10859E-04 -2.86666E-04 
2.65447E-04 -2.45234E-04 
2.24722E-04 -2.08021E-04 
1.88259E-04 -1.74644E-04 
1.56024E-04 -1.45084E-04 
1.33842E-04 -1.24699E-04 
1.27791E-04 -1.19129E-04 
1.01737E-04 -9.51044E-05 
7.96916E-05 -7.46940E-05 
6.12020E-05 -5.74954E-05 
4.58120E-05 -4.31104E-05 
3.33364E-05 -3.13994E-05 
2.31074E-05 -2.17626E-05 
1.47370E-05 -1.38543E-05 
7.98311E-06 -7.45915E-06 
2.63568E-06 -2.38814E-06 
-1.49442E-06 1.53202E-06 
-4.58686E-06 4.46846E-06 
-6.82601E-06 6.59481E-06 
-8.45695E-06 8.14415E-06 
-9.86714E-06 9.48682E-06 
-1.13903E-05 1.09415E-05 
-1.26262E-05 1.21230E-05 
-1.28069E-05 1.22942E-05 
3.03701E-04 -2.77931E-04 
2.60561E-04 -2.38886E-04 
2.20507E-04 -2.02576E-04 
1.88130E-04 -1.73174E-04 
1.58903E-04 -1.46586E-04 
1.32524E-04 -1.22538E-04 
1.09054E-04 -1.01095E-04 
9.28841E-05 -8.62844E-05 
8.84664E-05 -8.22302E-05 
6.94721E-05 -6.47579E-05 
5.35929E-05 -5.00844E-05 
4.03907E-05 -3.78144E-05 
2.95320E-05 -2.76626E-05 
2.08498E-05 -1.95035E-05 
1.38389E-05 -1.28867E-05 
8.18210E-06 -7.53030E-06 
3.68622E-06 -3.26360E-06 
1.80753E-07 6.72041E-08 
-2.48168E-06 2.59740E-06 
-4.43387E-06 4.45085E-06 
-5.81077E-06 5.75554E-06 
-6.79197E-06 6.68429E-06 
-7.65950E-06 7.51040E-06 
-8.64263E-06 8.45499E-06 
-9.42113E-06 9.20310E-06 
-9.42951E-06 9.20300E-06 
---
