PdfType: replica
Format: lhagrid1
---
1.00000E-06 1.28121E-06 1.64152E-06 2.10317E-06 2.69463E-06 3.45242E-06 4.42329E-06 5.66715E-06 7.26076E-06 9.30241E-06 1.19180E-05 1.52689E-05 1.95617E-05 2.50609E-05 3.21053E-05 4.11287E-05 5.26863E-05 6.74889E-05 8.64459E-05 1.10720E-04 1.41800E-04 1.81585E-04 2.32503E-04 2.97652E-04 3.80981E-04 4.87518E-04 6.26039E-04 8.00452E-04 1.02297E-03 1.30657E-03 1.66759E-03 2.12729E-03 2.71054E-03 3.44865E-03 4.37927E-03 5.54908E-03 7.01192E-03 8.83064E-03 1.10763E-02 1.38266E-02 1.71641E-02 2.11717E-02 2.59364E-02 3.15062E-02 3.79623E-02 4.53425E-02 5.36750E-02 6.29705E-02 7.32221E-02 8.44039E-02 9.64793E-02 1.09332E-01 1.23067E-01 1.37507E-01 1.52639E-01 1.68416E-01 1.84794E-01 2.01731E-01 2.19016E-01 2.36948E-01 2.55242E-01 2.73927E-01 2.92954E-01 3.12340E-01 3.32036E-01 3.52019E-01 3.72282E-01 3.92772E-01 4.13533E-01 4.34326E-01 4.55495E-01 4.76836E-01 4.98342E-01 5.20006E-01 5.41818E-01 5.63773E-01 5.85861E-01 6.08077E-01 6.30459E-01 6.52800E-01 6.75387E-01 6.98063E-01 7.20830E-01 7.43683E-01 7.66623E-01 7.89636E-01 8.12791E-01 8.35940E-01 8.59175E-01 8.82485E-01 9.05866E-01 9.29311E-01 9.52817E-01 9.76387E-01 1.00000E+00 
1.14018E+00 1.22539E+00 1.32482E+00 1.44156E+00 1.57954E+00 1.74381E+00 1.94091E+00 2.12132E+00 2.17945E+00 2.49622E+00 2.89383E+00 3.39925E+00 4.05063E+00 4.90286E+00 6.03623E+00 7.57063E+00 9.68869E+00 1.26749E+01 1.69835E+01 2.33578E+01 3.30501E+01 4.82334E+01 7.28041E+01 1.13998E+02 1.85779E+02 3.16228E+02 
908 909 
-7.36345E+03 1.15417E+02 
-7.43017E+03 1.16029E+02 
-7.49900E+03 1.13977E+02 
-7.57192E+03 1.10441E+02 
-7.64678E+03 1.06658E+02 
-7.72379E+03 1.02634E+02 
-7.80321E+03 9.83801E+01 
-7.86650E+03 9.49451E+01 
-7.88533E+03 9.39192E+01 
-7.97728E+03 8.89149E+01 
-8.07321E+03 8.37661E+01 
-8.17363E+03 7.85518E+01 
-8.27908E+03 7.33764E+01 
-8.37853E+03 7.19406E+01 
-8.50045E+03 6.77417E+01 
-8.63070E+03 6.41546E+01 
-8.76990E+03 6.15022E+01 
-8.91849E+03 6.02975E+01 
-9.07626E+03 6.15467E+01 
-9.24053E+03 6.77820E+01 
-9.39993E+03 8.66695E+01 
-9.51558E+03 1.41970E+02 
-9.49432E+03 2.91207E+02 
-9.25800E+03 5.92612E+02 
-8.97160E+03 9.68549E+02 
-8.91680E+03 1.25113E+03 
-5.75210E+03 1.21097E+02 
-5.80418E+03 1.21712E+02 
-5.85829E+03 1.20096E+02 
-5.91594E+03 1.17395E+02 
-5.97517E+03 1.14516E+02 
-6.03614E+03 1.11468E+02 
-6.09905E+03 1.08267E+02 
-6.14922E+03 1.05701E+02 
-6.16415E+03 1.04939E+02 
-6.23707E+03 1.01246E+02 
-6.31319E+03 9.75024E+01 
-6.39289E+03 9.37847E+01 
-6.47659E+03 9.01900E+01 
-6.55507E+03 8.97363E+01 
-6.65173E+03 8.72393E+01 
-6.75491E+03 8.53766E+01 
-6.86506E+03 8.44273E+01 
-6.98245E+03 8.48275E+01 
-7.10677E+03 8.74199E+01 
-7.23555E+03 9.43058E+01 
-7.35875E+03 1.11825E+02 
-7.44239E+03 1.59617E+02 
-7.40499E+03 2.85279E+02 
-7.17686E+03 5.37200E+02 
-6.89897E+03 8.51564E+02 
-6.81676E+03 1.08947E+03 
-4.48720E+03 1.18602E+02 
-4.52789E+03 1.19255E+02 
-4.57049E+03 1.18056E+02 
-4.61612E+03 1.16064E+02 
-4.66301E+03 1.13947E+02 
-4.71132E+03 1.11716E+02 
-4.76120E+03 1.09391E+02 
-4.80098E+03 1.07543E+02 
-4.81283E+03 1.06997E+02 
-4.87069E+03 1.04377E+02 
-4.93111E+03 1.01774E+02 
-4.99437E+03 9.92577E+01 
-5.06081E+03 9.69186E+01 
-5.12271E+03 9.72053E+01 
-5.19930E+03 9.60043E+01 
-5.28097E+03 9.54310E+01 
-5.36803E+03 9.57252E+01 
-5.46065E+03 9.72556E+01 
-5.55845E+03 1.00726E+02 
-5.65920E+03 1.07877E+02 
-5.75406E+03 1.23945E+02 
-5.81352E+03 1.65146E+02 
-5.76669E+03 2.70820E+02 
-5.55190E+03 4.81122E+02 
-5.28924E+03 7.43630E+02 
-5.19153E+03 9.43529E+02 
-3.49604E+03 1.11647E+02 
-3.52783E+03 1.12348E+02 
-3.56141E+03 1.11520E+02 
-3.59754E+03 1.10113E+02 
-3.63469E+03 1.08621E+02 
-3.67299E+03 1.07058E+02 
-3.71254E+03 1.05443E+02 
-3.74410E+03 1.04173E+02 
-3.75350E+03 1.03801E+02 
-3.79942E+03 1.02040E+02 
-3.84737E+03 1.00340E+02 
-3.89758E+03 9.87664E+01 
-3.95029E+03 9.74004E+01 
-3.99907E+03 9.82181E+01 
-4.05969E+03 9.79744E+01 
-4.12425E+03 9.83320E+01 
-4.19297E+03 9.94955E+01 
-4.26591E+03 1.01776E+02 
-4.34269E+03 1.05758E+02 
-4.42130E+03 1.12883E+02 
-4.49403E+03 1.27469E+02 
-4.53533E+03 1.62892E+02 
-4.48383E+03 2.51633E+02 
-4.28534E+03 4.26969E+02 
-4.04183E+03 6.45856E+02 
-3.93708E+03 8.13484E+02 
-2.72061E+03 1.02568E+02 
-2.74546E+03 1.03306E+02 
-2.77193E+03 1.02786E+02 
-2.80055E+03 1.01848E+02 
-2.82999E+03 1.00855E+02 
-2.86034E+03 9.98212E+01 
-2.89171E+03 9.87664E+01 
-2.91674E+03 9.79512E+01 
-2.92420E+03 9.77151E+01 
-2.96063E+03 9.66219E+01 
-2.99866E+03 9.56182E+01 
-3.03848E+03 9.47637E+01 
-3.08027E+03 9.41305E+01 
-3.11866E+03 9.53032E+01 
-3.16657E+03 9.57394E+01 
-3.21752E+03 9.67378E+01 
-3.27165E+03 9.84720E+01 
-3.32898E+03 1.01203E+02 
-3.38911E+03 1.05417E+02 
-3.45025E+03 1.12302E+02 
-3.50571E+03 1.25419E+02 
-3.53348E+03 1.55786E+02 
-3.48064E+03 2.30193E+02 
-3.29981E+03 3.76179E+02 
-3.07741E+03 5.58417E+02 
-2.97150E+03 6.98689E+02 
-2.11474E+03 9.27481E+01 
-2.13415E+03 9.35049E+01 
-2.15504E+03 9.32282E+01 
-2.17769E+03 9.26535E+01 
-2.20101E+03 9.20463E+01 
-2.22506E+03 9.14208E+01 
-2.24992E+03 9.07955E+01 
-2.26976E+03 9.03268E+01 
-2.27567E+03 9.01942E+01 
-2.30455E+03 8.96061E+01 
-2.33470E+03 8.91242E+01 
-2.36625E+03 8.88017E+01 
-2.39933E+03 8.87025E+01 
-2.42948E+03 9.00881E+01 
-2.46727E+03 9.09825E+01 
-2.50740E+03 9.23929E+01 
-2.54995E+03 9.44659E+01 
-2.59489E+03 9.74194E+01 
-2.64184E+03 1.01656E+02 
-2.68921E+03 1.08156E+02 
-2.73124E+03 1.19849E+02 
-2.74902E+03 1.45803E+02 
-2.69707E+03 2.08088E+02 
-2.53421E+03 3.29458E+02 
-2.33348E+03 4.80937E+02 
-2.23039E+03 5.98058E+02 
-1.64192E+03 8.29701E+01 
-1.65707E+03 8.37237E+01 
-1.67353E+03 8.36306E+01 
-1.69145E+03 8.33288E+01 
-1.70990E+03 8.30106E+01 
-1.72894E+03 8.26899E+01 
-1.74863E+03 8.23843E+01 
-1.76434E+03 8.21719E+01 
-1.76902E+03 8.21157E+01 
-1.79189E+03 8.18982E+01 
-1.81575E+03 8.17947E+01 
-1.84071E+03 8.18525E+01 
-1.86686E+03 8.21273E+01 
-1.89048E+03 8.36157E+01 
-1.92023E+03 8.47961E+01 
-1.95176E+03 8.64432E+01 
-1.98511E+03 8.86802E+01 
-2.02023E+03 9.16884E+01 
-2.05676E+03 9.58006E+01 
-2.09332E+03 1.01823E+02 
-2.12492E+03 1.12163E+02 
-2.13541E+03 1.34276E+02 
-2.08582E+03 1.86320E+02 
-1.94051E+03 2.87066E+02 
-1.76108E+03 4.12757E+02 
-1.66335E+03 5.10324E+02 
-1.27330E+03 7.36462E+01 
-1.28510E+03 7.43772E+01 
-1.29806E+03 7.44167E+01 
-1.31222E+03 7.43130E+01 
-1.32681E+03 7.42045E+01 
-1.34187E+03 7.41043E+01 
-1.35743E+03 7.40290E+01 
-1.36986E+03 7.40004E+01 
-1.37356E+03 7.39987E+01 
-1.39164E+03 7.40439E+01 
-1.41050E+03 7.42048E+01 
-1.43021E+03 7.45229E+01 
-1.45083E+03 7.50467E+01 
-1.46929E+03 7.65565E+01 
-1.49265E+03 7.78930E+01 
-1.51735E+03 7.96466E+01 
-1.54341E+03 8.19204E+01 
-1.57076E+03 8.48644E+01 
-1.59908E+03 8.87530E+01 
-1.62714E+03 9.42482E+01 
-1.65069E+03 1.03326E+02 
-1.65593E+03 1.22107E+02 
-1.60960E+03 1.65510E+02 
-1.48095E+03 2.48994E+02 
-1.32185E+03 3.53092E+02 
-1.23102E+03 4.34172E+02 
-9.86164E+02 6.49763E+01 
-9.95341E+02 6.56693E+01 
-1.00554E+03 6.58006E+01 
-1.01672E+03 6.58354E+01 
-1.02823E+03 6.58735E+01 
-1.04012E+03 6.59274E+01 
-1.05241E+03 6.60121E+01 
-1.06222E+03 6.61102E+01 
-1.06514E+03 6.61458E+01 
-1.07941E+03 6.63696E+01 
-1.09428E+03 6.67066E+01 
-1.10981E+03 6.71931E+01 
-1.12605E+03 6.78705E+01 
-1.14042E+03 6.93441E+01 
-1.15870E+03 7.07420E+01 
-1.17799E+03 7.25088E+01 
-1.19829E+03 7.47304E+01 
-1.21951E+03 7.75307E+01 
-1.24135E+03 8.11351E+01 
-1.26277E+03 8.60860E+01 
-1.28013E+03 9.40025E+01 
-1.28168E+03 1.09903E+02 
-1.23909E+03 1.46027E+02 
-1.12594E+03 2.15078E+02 
-9.85824E+02 3.01120E+02 
-9.02690E+02 3.68328E+02 
-7.62711E+02 5.70417E+01 
-7.69831E+02 5.76862E+01 
-7.77845E+02 5.78781E+01 
-7.86648E+02 5.80054E+01 
-7.95722E+02 5.81416E+01 
-8.05090E+02 5.82983E+01 
-8.14776E+02 5.84891E+01 
-8.22507E+02 5.86704E+01 
-8.24808E+02 5.87303E+01 
-8.36044E+02 5.90688E+01 
-8.47750E+02 5.95152E+01 
-8.59959E+02 6.01010E+01 
-8.72704E+02 6.08615E+01 
-8.83854E+02 6.22607E+01 
-8.98119E+02 6.36530E+01 
-9.13129E+02 6.53689E+01 
-9.28870E+02 6.74794E+01 
-9.45263E+02 7.00867E+01 
-9.62034E+02 7.33751E+01 
-9.78277E+02 7.77883E+01 
-9.90894E+02 8.46507E+01 
-9.89910E+02 9.80702E+01 
-9.51268E+02 1.28071E+02 
-8.52314E+02 1.85071E+02 
-7.29645E+02 2.56035E+02 
-6.54478E+02 3.11596E+02 
-5.88974E+02 4.98597E+01 
-5.94484E+02 5.04498E+01 
-6.00772E+02 5.06793E+01 
-6.07694E+02 5.08644E+01 
-6.14830E+02 5.10623E+01 
-6.22198E+02 5.12833E+01 
-6.29817E+02 5.15399E+01 
-6.35895E+02 5.17719E+01 
-6.37704E+02 5.18465E+01 
-6.46533E+02 5.22522E+01 
-6.55722E+02 5.27589E+01 
-6.65294E+02 5.33937E+01 
-6.75270E+02 5.41864E+01 
-6.83887E+02 5.54880E+01 
-6.94975E+02 5.68295E+01 
-7.06608E+02 5.84527E+01 
-7.18764E+02 6.04162E+01 
-7.31364E+02 6.28036E+01 
-7.44165E+02 6.57654E+01 
-7.56388E+02 6.96635E+01 
-7.65400E+02 7.55796E+01 
-7.62752E+02 8.68697E+01 
-7.28052E+02 1.11729E+02 
-6.41949E+02 1.58680E+02 
-5.35109E+02 2.17073E+02 
-4.67827E+02 2.62877E+02 
-4.54022E+02 4.34136E+01 
-4.58272E+02 4.39469E+01 
-4.63199E+02 4.41976E+01 
-4.68630E+02 4.44153E+01 
-4.74231E+02 4.46481E+01 
-4.80014E+02 4.49055E+01 
-4.85992E+02 4.51984E+01 
-4.90760E+02 4.54574E+01 
-4.92179E+02 4.55395E+01 
-4.99099E+02 4.59781E+01 
-5.06293E+02 4.65099E+01 
-5.13775E+02 4.71578E+01 
-5.21558E+02 4.79471E+01 
-5.28186E+02 4.91389E+01 
-5.36771E+02 5.04009E+01 
-5.45746E+02 5.19065E+01 
-5.55087E+02 5.37039E+01 
-5.64718E+02 5.58610E+01 
-5.74424E+02 5.85003E+01 
-5.83538E+02 6.19165E+01 
-5.89828E+02 6.69907E+01 
-5.86154E+02 7.64599E+01 
-5.55266E+02 9.70091E+01 
-4.80677E+02 1.35594E+02 
-3.88051E+02 1.83524E+02 
-3.28338E+02 2.21173E+02 
-3.49311E+02 3.76688E+01 
-3.52579E+02 3.81458E+01 
-3.56433E+02 3.84064E+01 
-3.60685E+02 3.86386E+01 
-3.65070E+02 3.88873E+01 
-3.69598E+02 3.91609E+01 
-3.74278E+02 3.94692E+01 
-3.78008E+02 3.97384E+01 
-3.79118E+02 3.98231E+01 
-3.84527E+02 4.02703E+01 
-3.90142E+02 4.08025E+01 
-3.95972E+02 4.14389E+01 
-4.02022E+02 4.22008E+01 
-4.07095E+02 4.32786E+01 
-4.13710E+02 4.44445E+01 
-4.20600E+02 4.58199E+01 
-4.27738E+02 4.74439E+01 
-4.35052E+02 4.93717E+01 
-4.42355E+02 5.17027E+01 
-4.49078E+02 5.46758E+01 
-4.53332E+02 5.90076E+01 
-4.49094E+02 6.69249E+01 
-4.21802E+02 8.38687E+01 
-3.57446E+02 1.15500E+02 
-2.77476E+02 1.54736E+02 
-2.24866E+02 1.85584E+02 
-2.68166E+02 3.25816E+01 
-2.70669E+02 3.30046E+01 
-2.73679E+02 3.32674E+01 
-2.77000E+02 3.35016E+01 
-2.80425E+02 3.37530E+01 
-2.83961E+02 3.40289E+01 
-2.87614E+02 3.43378E+01 
-2.90525E+02 3.46057E+01 
-2.91390E+02 3.46895E+01 
-2.95605E+02 3.51287E+01 
-2.99973E+02 3.56446E+01 
-3.04499E+02 3.62534E+01 
-3.09184E+02 3.69724E+01 
-3.13043E+02 3.79374E+01 
-3.18115E+02 3.89995E+01 
-3.23374E+02 4.02406E+01 
-3.28793E+02 4.16925E+01 
-3.34307E+02 4.33997E+01 
-3.39753E+02 4.54424E+01 
-3.44645E+02 4.80141E+01 
-3.47392E+02 5.16958E+01 
-3.42920E+02 5.82950E+01 
-3.18961E+02 7.22287E+01 
-2.63635E+02 9.80898E+01 
-1.94852E+02 1.30116E+02 
-1.48796E+02 1.55309E+02 
-2.05370E+02 2.81027E+01 
-2.07279E+02 2.84753E+01 
-2.09626E+02 2.87352E+01 
-2.12212E+02 2.89631E+01 
-2.14880E+02 2.92082E+01 
-2.17634E+02 2.94770E+01 
-2.20477E+02 2.97769E+01 
-2.22741E+02 3.00355E+01 
-2.23414E+02 3.01162E+01 
-2.26687E+02 3.05365E+01 
-2.30072E+02 3.10254E+01 
-2.33572E+02 3.15963E+01 
-2.37182E+02 3.22636E+01 
-2.40100E+02 3.31205E+01 
-2.43965E+02 3.40771E+01 
-2.47953E+02 3.51858E+01 
-2.52037E+02 3.64723E+01 
-2.56158E+02 3.79724E+01 
-2.60175E+02 3.97505E+01 
-2.63676E+02 4.19627E+01 
-2.65320E+02 4.50788E+01 
-2.60844E+02 5.05619E+01 
-2.39929E+02 6.19877E+01 
-1.92526E+02 8.30698E+01 
-1.33571E+02 1.09130E+02 
-9.34806E+01 1.29630E+02 
-1.56848E+02 2.41806E+01 
-1.58298E+02 2.45071E+01 
-1.60124E+02 2.47608E+01 
-1.62133E+02 2.49770E+01 
-1.64205E+02 2.52101E+01 
-1.66343E+02 2.54657E+01 
-1.68549E+02 2.57503E+01 
-1.70303E+02 2.59947E+01 
-1.70824E+02 2.60708E+01 
-1.73356E+02 2.64654E+01 
-1.75969E+02 2.69208E+01 
-1.78662E+02 2.74483E+01 
-1.81431E+02 2.80593E+01 
-1.83619E+02 2.88152E+01 
-1.86545E+02 2.96686E+01 
-1.89546E+02 3.06507E+01 
-1.92596E+02 3.17820E+01 
-1.95644E+02 3.30912E+01 
-1.98568E+02 3.46297E+01 
-2.01020E+02 3.65230E+01 
-2.01871E+02 3.91498E+01 
-1.97546E+02 4.36910E+01 
-1.79380E+02 5.30318E+01 
-1.38892E+02 7.01638E+01 
-8.85237E+01 9.12966E+01 
-5.38036E+01 1.07915E+02 
-1.19423E+02 2.07632E+01 
-1.20517E+02 2.10479E+01 
-1.21936E+02 2.12934E+01 
-1.23490E+02 2.14947E+01 
-1.25094E+02 2.17123E+01 
-1.26748E+02 2.19511E+01 
-1.28453E+02 2.22166E+01 
-1.29808E+02 2.24440E+01 
-1.30209E+02 2.25146E+01 
-1.32160E+02 2.28796E+01 
-1.34167E+02 2.32984E+01 
-1.36229E+02 2.37798E+01 
-1.38339E+02 2.43334E+01 
-1.39965E+02 2.49963E+01 
-1.42162E+02 2.57516E+01 
-1.44400E+02 2.66153E+01 
-1.46655E+02 2.76036E+01 
-1.48881E+02 2.87393E+01 
-1.50974E+02 3.00633E+01 
-1.52640E+02 3.16760E+01 
-1.52933E+02 3.38818E+01 
-1.48857E+02 3.76304E+01 
-1.33150E+02 4.52418E+01 
-9.86687E+01 5.91157E+01 
-5.57688E+01 7.61893E+01 
-2.58394E+01 8.96049E+01 
-9.06112E+01 1.77988E+01 
-9.14327E+01 1.80461E+01 
-9.25316E+01 1.82820E+01 
-9.37306E+01 1.84669E+01 
-9.49673E+01 1.86673E+01 
-9.62419E+01 1.88873E+01 
-9.75542E+01 1.91317E+01 
-9.85952E+01 1.93406E+01 
-9.89037E+01 1.94054E+01 
-1.00399E+02 1.97392E+01 
-1.01932E+02 2.01201E+01 
-1.03500E+02 2.05553E+01 
-1.05098E+02 2.10524E+01 
-1.06292E+02 2.16308E+01 
-1.07927E+02 2.22947E+01 
-1.09578E+02 2.30494E+01 
-1.11223E+02 2.39078E+01 
-1.12823E+02 2.48876E+01 
-1.14289E+02 2.60214E+01 
-1.15373E+02 2.73891E+01 
-1.15283E+02 2.92343E+01 
-1.11515E+02 3.23180E+01 
-9.79898E+01 3.84981E+01 
-6.87064E+01 4.96910E+01 
-3.22729E+01 6.34288E+01 
-6.58405E+00 7.42100E+01 
-6.84789E+01 1.52377E+01 
-6.90910E+01 1.54519E+01 
-6.99397E+01 1.56773E+01 
-7.08607E+01 1.58452E+01 
-7.18103E+01 1.60277E+01 
-7.27882E+01 1.62283E+01 
-7.37935E+01 1.64509E+01 
-7.45894E+01 1.66409E+01 
-7.48249E+01 1.66997E+01 
-7.59642E+01 1.70021E+01 
-7.71283E+01 1.73455E+01 
-7.83128E+01 1.77356E+01 
-7.95121E+01 1.81785E+01 
-8.03775E+01 1.86811E+01 
-8.15795E+01 1.92612E+01 
-8.27810E+01 1.99170E+01 
-8.39622E+01 2.06586E+01 
-8.50889E+01 2.14998E+01 
-8.60855E+01 2.24661E+01 
-8.67439E+01 2.36211E+01 
-8.64023E+01 2.51589E+01 
-8.29692E+01 2.76864E+01 
-7.13680E+01 3.26852E+01 
-4.65646E+01 4.16773E+01 
-1.57089E+01 5.26810E+01 
6.25204E+00 6.13024E+01 
-5.15184E+01 1.30326E+01 
-5.19705E+01 1.32177E+01 
-5.26234E+01 1.34321E+01 
-5.33276E+01 1.35832E+01 
-5.40533E+01 1.37479E+01 
-5.47996E+01 1.39292E+01 
-5.55655E+01 1.41303E+01 
-5.61704E+01 1.43016E+01 
-5.63491E+01 1.43546E+01 
-5.72115E+01 1.46264E+01 
-5.80884E+01 1.49336E+01 
-5.89754E+01 1.52809E+01 
-5.98667E+01 1.56730E+01 
-6.04827E+01 1.61080E+01 
-6.13540E+01 1.66121E+01 
-6.22135E+01 1.71791E+01 
-6.30439E+01 1.78166E+01 
-6.38155E+01 1.85355E+01 
-6.44644E+01 1.93556E+01 
-6.48163E+01 2.03270E+01 
-6.43192E+01 2.16037E+01 
-6.12295E+01 2.36676E+01 
-5.13136E+01 2.76937E+01 
-3.03586E+01 3.48841E+01 
-4.29676E+00 4.36537E+01 
1.44063E+01 5.05103E+01 
-3.85547E+01 1.11395E+01 
-3.88852E+01 1.12991E+01 
-3.93849E+01 1.15022E+01 
-3.99205E+01 1.16372E+01 
-4.04720E+01 1.17847E+01 
-4.10383E+01 1.19474E+01 
-4.16179E+01 1.21278E+01 
-4.20744E+01 1.22812E+01 
-4.22091E+01 1.23286E+01 
-4.28566E+01 1.25712E+01 
-4.35111E+01 1.28444E+01 
-4.41683E+01 1.31516E+01 
-4.48226E+01 1.34966E+01 
-4.52508E+01 1.38718E+01 
-4.58709E+01 1.43078E+01 
-4.64721E+01 1.47957E+01 
-4.70393E+01 1.53414E+01 
-4.75471E+01 1.59531E+01 
-4.79416E+01 1.66462E+01 
-4.80772E+01 1.74600E+01 
-4.74941E+01 1.85158E+01 
-4.47415E+01 2.01943E+01 
-3.62944E+01 2.34220E+01 
-1.86350E+01 2.91416E+01 
3.31999E+00 3.60913E+01 
1.91910E+01 4.15111E+01 
-2.86756E+01 9.51816E+00 
-2.89142E+01 9.65568E+00 
-2.92942E+01 9.84718E+00 
-2.96991E+01 9.96703E+00 
-3.01154E+01 1.00985E+01 
-3.05421E+01 1.02435E+01 
-3.09774E+01 1.04044E+01 
-3.13190E+01 1.05410E+01 
-3.14195E+01 1.05831E+01 
-3.19010E+01 1.07985E+01 
-3.23841E+01 1.10399E+01 
-3.28646E+01 1.13103E+01 
-3.33376E+01 1.16123E+01 
-3.36255E+01 1.19349E+01 
-3.40562E+01 1.23103E+01 
-3.44640E+01 1.27283E+01 
-3.48357E+01 1.31934E+01 
-3.51498E+01 1.37118E+01 
-3.53611E+01 1.42953E+01 
-3.53480E+01 1.49744E+01 
-3.47284E+01 1.58442E+01 
-3.22970E+01 1.72032E+01 
-2.51242E+01 1.97774E+01 
-1.02783E+01 2.43005E+01 
8.16953E+00 2.97729E+01 
2.15908E+01 3.40278E+01 
-2.11716E+01 8.13216E+00 
-2.13411E+01 8.25054E+00 
-2.16274E+01 8.43032E+00 
-2.19314E+01 8.53626E+00 
-2.22434E+01 8.65278E+00 
-2.25621E+01 8.78152E+00 
-2.28861E+01 8.92419E+00 
-2.31390E+01 9.04521E+00 
-2.32132E+01 9.08248E+00 
-2.35670E+01 9.27262E+00 
-2.39186E+01 9.48501E+00 
-2.42642E+01 9.72174E+00 
-2.45992E+01 9.98483E+00 
-2.47834E+01 1.02615E+01 
-2.50725E+01 1.05834E+01 
-2.53368E+01 1.09401E+01 
-2.55651E+01 1.13350E+01 
-2.57391E+01 1.17726E+01 
-2.58208E+01 1.22619E+01 
-2.57094E+01 1.28263E+01 
-2.50877E+01 1.35400E+01 
-2.29560E+01 1.46353E+01 
-1.68836E+01 1.66764E+01 
-4.43322E+00 2.02293E+01 
1.10282E+01 2.45072E+01 
2.23398E+01 2.78216E+01 
-1.54927E+01 6.94895E+00 
-1.56105E+01 7.05086E+00 
-1.58237E+01 7.21884E+00 
-1.60499E+01 7.31214E+00 
-1.62816E+01 7.41502E+00 
-1.65174E+01 7.52881E+00 
-1.67557E+01 7.65483E+00 
-1.69406E+01 7.76157E+00 
-1.69947E+01 7.79440E+00 
-1.72507E+01 7.96156E+00 
-1.75020E+01 8.14756E+00 
-1.77451E+01 8.35394E+00 
-1.79759E+01 8.58216E+00 
-1.80844E+01 8.81870E+00 
-1.82688E+01 9.09368E+00 
-1.84280E+01 9.39700E+00 
-1.85526E+01 9.73098E+00 
-1.86270E+01 1.00990E+01 
-1.86197E+01 1.05077E+01 
-1.84469E+01 1.09751E+01 
-1.78460E+01 1.15581E+01 
-1.59892E+01 1.24363E+01 
-1.08637E+01 1.40441E+01 
-4.47298E-01 1.68136E+01 
1.24784E+01 2.01297E+01 
2.19806E+01 2.26885E+01 
-1.12127E+01 5.93980E+00 
-1.12923E+01 6.02762E+00 
-1.14484E+01 6.18374E+00 
-1.16151E+01 6.26570E+00 
-1.17852E+01 6.35629E+00 
-1.19575E+01 6.45653E+00 
-1.21303E+01 6.56746E+00 
-1.22634E+01 6.66125E+00 
-1.23020E+01 6.69006E+00 
-1.24837E+01 6.83645E+00 
-1.26590E+01 6.99869E+00 
-1.28249E+01 7.17789E+00 
-1.29778E+01 7.37508E+00 
-1.30318E+01 7.57681E+00 
-1.31397E+01 7.81089E+00 
-1.32232E+01 8.06785E+00 
-1.32741E+01 8.34931E+00 
-1.32795E+01 8.65763E+00 
-1.32132E+01 8.99772E+00 
-1.30059E+01 9.38315E+00 
-1.24403E+01 9.85737E+00 
-1.08325E+01 1.05574E+01 
-6.51858E+00 1.18145E+01 
2.17523E+00 1.39541E+01 
1.29535E+01 1.64996E+01 
2.09100E+01 1.84545E+01 
-8.00255E+00 5.07959E+00 
-8.05412E+00 5.15538E+00 
-8.16559E+00 5.29965E+00 
-8.28697E+00 5.37154E+00 
-8.41019E+00 5.45113E+00 
-8.53403E+00 5.53923E+00 
-8.65710E+00 5.63658E+00 
-8.75080E+00 5.71874E+00 
-8.77782E+00 5.74394E+00 
-8.90332E+00 5.87171E+00 
-9.02158E+00 6.01274E+00 
-9.12986E+00 6.16778E+00 
-9.22512E+00 6.33753E+00 
-9.24065E+00 6.50911E+00 
-9.29364E+00 6.70771E+00 
-9.32351E+00 6.92465E+00 
-9.32343E+00 7.16100E+00 
-9.28264E+00 7.41836E+00 
-9.17943E+00 7.70026E+00 
-8.95653E+00 8.01676E+00 
-8.43474E+00 8.40059E+00 
-7.04989E+00 8.95517E+00 
-3.42921E+00 9.92947E+00 
3.80932E+00 1.15651E+01 
1.27739E+01 1.34965E+01 
1.94149E+01 1.49716E+01 
-5.57618E+00 4.33602E+00 
-5.60722E+00 4.40146E+00 
-5.68340E+00 4.53373E+00 
-5.76999E+00 4.59662E+00 
-5.85722E+00 4.66633E+00 
-5.94398E+00 4.74345E+00 
-6.02898E+00 4.82853E+00 
-6.09265E+00 4.90015E+00 
-6.11081E+00 4.92209E+00 
-6.19370E+00 5.03304E+00 
-6.26893E+00 5.15496E+00 
-6.33414E+00 5.28835E+00 
-6.38674E+00 5.43363E+00 
-6.37554E+00 5.57880E+00 
-6.38939E+00 5.74633E+00 
-6.38187E+00 5.92837E+00 
-6.34728E+00 6.12557E+00 
-6.27675E+00 6.33896E+00 
-6.15239E+00 6.57095E+00 
-5.92716E+00 6.82887E+00 
-5.45398E+00 7.13685E+00 
-4.26977E+00 7.57134E+00 
-1.24772E+00 8.31569E+00 
4.74703E+00 9.54488E+00 
1.21621E+01 1.09832E+01 
1.76716E+01 1.20745E+01 
-3.81060E+00 3.71302E+00 
-3.82728E+00 3.76986E+00 
-3.87647E+00 3.89040E+00 
-3.93735E+00 3.94556E+00 
-3.99801E+00 4.00672E+00 
-4.05742E+00 4.07429E+00 
-4.11444E+00 4.14867E+00 
-4.15612E+00 4.21112E+00 
-4.16781E+00 4.23021E+00 
-4.21969E+00 4.32652E+00 
-4.26387E+00 4.43187E+00 
-4.29833E+00 4.54655E+00 
-4.32086E+00 4.67078E+00 
-4.29232E+00 4.79358E+00 
-4.27991E+00 4.93481E+00 
-4.24806E+00 5.08746E+00 
-4.19201E+00 5.25185E+00 
-4.10446E+00 5.42858E+00 
-3.97068E+00 5.61925E+00 
-3.75203E+00 5.82906E+00 
-3.32764E+00 6.07553E+00 
-2.31702E+00 6.41437E+00 
2.05620E-01 6.97846E+00 
5.17264E+00 7.89202E+00 
1.13081E+01 8.94940E+00 
1.58776E+01 9.74543E+00 
-2.51218E+00 3.18185E+00 
-2.51882E+00 3.23144E+00 
-2.54703E+00 3.34039E+00 
-2.58874E+00 3.38883E+00 
-2.62958E+00 3.44250E+00 
-2.66864E+00 3.50167E+00 
-2.70491E+00 3.56662E+00 
-2.73036E+00 3.62097E+00 
-2.73729E+00 3.63755E+00 
-2.76648E+00 3.72097E+00 
-2.78818E+00 3.81176E+00 
-2.80067E+00 3.91008E+00 
-2.80209E+00 4.01598E+00 
-2.76272E+00 4.11951E+00 
-2.73308E+00 4.23819E+00 
-2.68596E+00 4.36574E+00 
-2.61746E+00 4.50224E+00 
-2.52154E+00 4.64796E+00 
-2.38617E+00 4.80390E+00 
-2.17966E+00 4.97361E+00 
-1.80291E+00 5.16951E+00 
-9.43949E-01 5.43113E+00 
1.15614E+00 5.85227E+00 
5.26126E+00 6.51815E+00 
1.03243E+01 7.27840E+00 
1.41020E+01 7.84516E+00 
-1.56627E+00 2.72877E+00 
-1.56608E+00 2.77226E+00 
-1.57806E+00 2.86982E+00 
-1.60558E+00 2.91246E+00 
-1.63178E+00 2.95959E+00 
-1.65586E+00 3.01141E+00 
-1.67692E+00 3.06807E+00 
-1.69056E+00 3.11531E+00 
-1.69403E+00 3.12969E+00 
-1.70688E+00 3.20180E+00 
-1.71261E+00 3.27986E+00 
-1.70976E+00 3.36390E+00 
-1.69680E+00 3.45390E+00 
-1.65132E+00 3.54085E+00 
-1.61106E+00 3.64025E+00 
-1.55525E+00 3.74640E+00 
-1.48069E+00 3.85924E+00 
-1.38247E+00 3.97879E+00 
-1.25073E+00 4.10560E+00 
-1.05959E+00 4.24198E+00 
-7.27969E-01 4.39640E+00 
-6.65183E-04 4.59599E+00 
1.74298E+00 4.90452E+00 
5.12708E+00 5.37774E+00 
9.29369E+00 5.90843E+00 
1.24069E+01 6.29897E+00 
-8.85142E-01 2.34209E+00 
-8.80457E-01 2.38046E+00 
-8.79973E-01 2.46688E+00 
-8.97099E-01 2.50451E+00 
-9.12603E-01 2.54597E+00 
-9.25776E-01 2.59136E+00 
-9.35858E-01 2.64076E+00 
-9.41028E-01 2.68176E+00 
-9.42042E-01 2.69422E+00 
-9.43357E-01 2.75643E+00 
-9.38012E-01 2.82338E+00 
-9.24808E-01 2.89502E+00 
-9.02469E-01 2.97125E+00 
-8.54217E-01 3.04394E+00 
-8.08097E-01 3.12686E+00 
-7.48272E-01 3.21481E+00 
-6.72128E-01 3.30760E+00 
-5.75668E-01 3.40511E+00 
-4.50887E-01 3.50753E+00 
-2.76672E-01 3.61625E+00 
1.31370E-02 3.73674E+00 
6.26810E-01 3.88672E+00 
2.07066E+00 4.10726E+00 
4.85308E+00 4.43211E+00 
8.27239E+00 4.78745E+00 
1.08297E+01 5.04418E+00 
-4.01285E-01 2.01142E+00 
-3.93780E-01 2.04545E+00 
-3.83811E-01 2.12106E+00 
-3.93405E-01 2.15436E+00 
-4.01183E-01 2.19088E+00 
-4.06533E-01 2.23065E+00 
-4.08809E-01 2.27369E+00 
-4.08029E-01 2.30924E+00 
-4.07329E-01 2.32000E+00 
-4.00703E-01 2.37357E+00 
-3.87937E-01 2.43083E+00 
-3.68043E-01 2.49169E+00 
-3.39980E-01 2.55599E+00 
-2.91282E-01 2.61640E+00 
-2.42665E-01 2.68523E+00 
-1.82054E-01 2.75768E+00 
-1.07332E-01 2.83348E+00 
-1.52698E-02 2.91239E+00 
1.00617E-01 2.99438E+00 
2.57484E-01 3.08014E+00 
5.09165E-01 3.17292E+00 
1.02515E+00 3.28337E+00 
2.21724E+00 3.43567E+00 
4.49815E+00 3.64749E+00 
7.29528E+00 3.87055E+00 
9.38846E+00 4.02699E+00 
-6.49604E-02 1.72907E+00 
-5.58188E-02 1.75943E+00 
-3.87789E-02 1.82465E+00 
-4.29938E-02 1.85421E+00 
-4.52851E-02 1.88642E+00 
-4.51337E-02 1.92128E+00 
-4.19948E-02 1.95876E+00 
-3.71555E-02 1.98954E+00 
-3.52990E-02 1.99882E+00 
-2.34118E-02 2.04484E+00 
-5.92576E-03 2.09367E+00 
1.79670E-02 2.14518E+00 
4.91120E-02 2.19919E+00 
9.66944E-02 2.24902E+00 
1.45496E-01 2.30583E+00 
2.04733E-01 2.36509E+00 
2.76104E-01 2.42651E+00 
3.62206E-01 2.48978E+00 
4.68269E-01 2.55469E+00 
6.08191E-01 2.62146E+00 
8.25658E-01 2.69169E+00 
1.25824E+00 2.77088E+00 
2.23997E+00 2.87093E+00 
4.10481E+00 2.99810E+00 
6.38646E+00 3.12327E+00 
8.09425E+00 3.20602E+00 
1.62597E-01 1.48793E+00 
1.72568E-01 1.51514E+00 
1.94729E-01 1.57049E+00 
1.94302E-01 1.59679E+00 
1.95838E-01 1.62524E+00 
1.99773E-01 1.65579E+00 
2.06562E-01 1.68840E+00 
2.14071E-01 1.71500E+00 
2.16676E-01 1.72299E+00 
2.31866E-01 1.76241E+00 
2.52120E-01 1.80390E+00 
2.78092E-01 1.84729E+00 
3.10462E-01 1.89239E+00 
3.55936E-01 1.93311E+00 
4.03403E-01 1.97964E+00 
4.59901E-01 2.02768E+00 
5.26788E-01 2.07693E+00 
6.06134E-01 2.12701E+00 
7.02142E-01 2.17765E+00 
8.26031E-01 2.22870E+00 
1.01316E+00 2.28062E+00 
1.37488E+00 2.33525E+00 
2.18140E+00 2.39580E+00 
3.70206E+00 2.46074E+00 
5.55794E+00 2.51504E+00 
6.94693E+00 2.54487E+00 
3.10615E-01 1.28207E+00 
3.20887E-01 1.30656E+00 
3.46581E-01 1.35263E+00 
3.48780E-01 1.37607E+00 
3.52932E-01 1.40120E+00 
3.59398E-01 1.42796E+00 
3.68554E-01 1.45628E+00 
3.77729E-01 1.47920E+00 
3.80787E-01 1.48606E+00 
3.97880E-01 1.51970E+00 
4.19522E-01 1.55477E+00 
4.46239E-01 1.59110E+00 
4.78575E-01 1.62849E+00 
5.21360E-01 1.66134E+00 
5.66556E-01 1.69906E+00 
6.19536E-01 1.73754E+00 
6.81372E-01 1.77644E+00 
7.53708E-01 1.81542E+00 
8.39901E-01 1.85411E+00 
9.48979E-01 1.89217E+00 
1.10948E+00 1.92927E+00 
1.41130E+00 1.96472E+00 
2.07242E+00 1.99589E+00 
3.30938E+00 2.01619E+00 
4.81490E+00 2.02064E+00 
5.94127E+00 2.01360E+00 
4.01260E-01 1.10622E+00 
4.11514E-01 1.12829E+00 
4.39442E-01 1.16576E+00 
4.43440E-01 1.18666E+00 
4.49341E-01 1.20884E+00 
4.57445E-01 1.23222E+00 
4.68058E-01 1.25672E+00 
4.78191E-01 1.27639E+00 
4.81494E-01 1.28225E+00 
4.99515E-01 1.31079E+00 
5.21602E-01 1.34022E+00 
5.48174E-01 1.37038E+00 
5.79660E-01 1.40105E+00 
6.19469E-01 1.42710E+00 
6.61877E-01 1.45722E+00 
7.10968E-01 1.48750E+00 
7.67581E-01 1.51761E+00 
8.33006E-01 1.54719E+00 
9.09912E-01 1.57587E+00 
1.00554E+00 1.60318E+00 
1.14284E+00 1.62828E+00 
1.39421E+00 1.64887E+00 
1.93495E+00 1.65857E+00 
2.93859E+00 1.64782E+00 
4.15653E+00 1.61852E+00 
5.06723E+00 1.58683E+00 
4.50969E-01 9.56160E-01 
4.61032E-01 9.76042E-01 
4.90130E-01 1.00565E+00 
4.95347E-01 1.02424E+00 
5.02392E-01 1.04375E+00 
5.11510E-01 1.06410E+00 
5.22950E-01 1.08518E+00 
5.33556E-01 1.10194E+00 
5.36966E-01 1.10691E+00 
5.55260E-01 1.13091E+00 
5.77174E-01 1.15537E+00 
6.03037E-01 1.18009E+00 
6.33185E-01 1.20488E+00 
6.69936E-01 1.22502E+00 
7.09337E-01 1.24858E+00 
7.54456E-01 1.27181E+00 
8.05937E-01 1.29441E+00 
8.64786E-01 1.31604E+00 
9.33110E-01 1.33632E+00 
1.01669E+00 1.35473E+00 
1.13395E+00 1.37015E+00 
1.34300E+00 1.37933E+00 
1.78447E+00 1.37374E+00 
2.59698E+00 1.34235E+00 
3.57986E+00 1.29151E+00 
4.31425E+00 1.24433E+00 
4.72068E-01 8.28182E-01 
4.81876E-01 8.46028E-01 
5.11272E-01 8.68576E-01 
5.17317E-01 8.85037E-01 
5.25098E-01 9.02095E-01 
5.34812E-01 9.19665E-01 
5.46661E-01 9.37650E-01 
5.57424E-01 9.51785E-01 
5.60849E-01 9.55946E-01 
5.79000E-01 9.75886E-01 
6.00363E-01 9.95894E-01 
6.25194E-01 1.01580E+00 
6.53750E-01 1.03541E+00 
6.87500E-01 1.05043E+00 
7.23877E-01 1.06827E+00 
7.65124E-01 1.08542E+00 
8.11732E-01 1.10158E+00 
8.64473E-01 1.11646E+00 
9.24997E-01 1.12970E+00 
9.97905E-01 1.14076E+00 
1.09794E+00 1.14839E+00 
1.27164E+00 1.14890E+00 
1.63153E+00 1.13277E+00 
2.28804E+00 1.08856E+00 
3.07951E+00 1.02525E+00 
3.67035E+00 9.69322E-01 
4.73708E-01 7.19099E-01 
4.83267E-01 7.35000E-01 
5.12262E-01 7.51323E-01 
5.18883E-01 7.65769E-01 
5.27136E-01 7.80534E-01 
5.37181E-01 7.95531E-01 
5.49179E-01 8.10663E-01 
5.59904E-01 8.22398E-01 
5.63290E-01 8.25825E-01 
5.81056E-01 8.42079E-01 
6.01663E-01 8.58085E-01 
6.25306E-01 8.73681E-01 
6.52178E-01 8.88696E-01 
6.83072E-01 8.99250E-01 
7.16531E-01 9.12105E-01 
7.54122E-01 9.23977E-01 
7.96206E-01 9.34621E-01 
8.43367E-01 9.43770E-01 
8.96888E-01 9.51104E-01 
9.60415E-01 9.56108E-01 
1.04571E+00 9.57520E-01 
1.18998E+00 9.51529E-01 
1.48305E+00 9.28476E-01 
2.01270E+00 8.77204E-01 
2.64892E+00 8.07950E-01 
3.12340E+00 7.48124E-01 
4.62648E-01 6.26135E-01 
4.72011E-01 6.40135E-01 
5.00055E-01 6.51074E-01 
5.07101E-01 6.63577E-01 
5.15670E-01 6.76160E-01 
5.25890E-01 6.88733E-01 
5.37886E-01 7.01203E-01 
5.48468E-01 7.10717E-01 
5.51786E-01 7.13469E-01 
5.69045E-01 7.26344E-01 
5.88808E-01 7.38715E-01 
6.11220E-01 7.50435E-01 
6.36419E-01 7.61348E-01 
6.64650E-01 7.68011E-01 
6.95372E-01 7.76489E-01 
7.29578E-01 7.83788E-01 
7.67526E-01 7.89699E-01 
8.09647E-01 7.93995E-01 
8.56930E-01 7.96399E-01 
9.12253E-01 7.96444E-01 
9.84984E-01 7.92928E-01 
1.10481E+00 7.82168E-01 
1.34334E+00 7.54886E-01 
1.77022E+00 7.00670E-01 
2.28105E+00 6.30054E-01 
2.66159E+00 5.69687E-01 
4.43839E-01 5.46829E-01 
4.53086E-01 5.58934E-01 
4.79768E-01 5.65312E-01 
4.87157E-01 5.75910E-01 
4.95958E-01 5.86382E-01 
5.06271E-01 5.96641E-01 
5.18193E-01 6.06599E-01 
5.28584E-01 6.14036E-01 
5.31821E-01 6.16160E-01 
5.48530E-01 6.25912E-01 
5.67436E-01 6.34959E-01 
5.88642E-01 6.43171E-01 
6.12239E-01 6.50411E-01 
6.38021E-01 6.53686E-01 
6.66214E-01 6.58326E-01 
6.97322E-01 6.61665E-01 
7.31519E-01 6.63531E-01 
7.69115E-01 6.63740E-01 
8.10864E-01 6.62063E-01 
8.59028E-01 6.58093E-01 
9.21060E-01 6.50732E-01 
1.02062E+00 6.36572E-01 
1.21477E+00 6.07044E-01 
1.55870E+00 5.52723E-01 
1.96864E+00 4.83797E-01 
2.27364E+00 4.25120E-01 
4.20879E-01 4.78999E-01 
4.30100E-01 4.89195E-01 
4.55132E-01 4.91791E-01 
4.62828E-01 5.00500E-01 
4.71824E-01 5.08910E-01 
4.82195E-01 5.16940E-01 
4.94015E-01 5.24508E-01 
5.04201E-01 5.29992E-01 
5.07355E-01 5.31527E-01 
5.23516E-01 5.38379E-01 
5.41592E-01 5.44377E-01 
5.61648E-01 5.49408E-01 
5.83741E-01 5.53360E-01 
6.07287E-01 5.53698E-01 
6.33159E-01 5.54988E-01 
6.61445E-01 5.54921E-01 
6.92251E-01 5.53362E-01 
7.25790E-01 5.50170E-01 
7.62630E-01 5.45163E-01 
8.04546E-01 5.38000E-01 
8.57463E-01 5.27715E-01 
9.40249E-01 5.11245E-01 
1.09836E+00 4.80901E-01 
1.37558E+00 4.28334E-01 
1.70466E+00 3.62998E-01 
1.94913E+00 3.07402E-01 
3.96304E-01 4.20612E-01 
4.05584E-01 4.28873E-01 
4.28789E-01 4.28397E-01 
4.36780E-01 4.35220E-01 
4.45956E-01 4.41605E-01 
4.56374E-01 4.47478E-01 
4.68088E-01 4.52764E-01 
4.78071E-01 4.56403E-01 
4.81145E-01 4.57387E-01 
4.96775E-01 4.61542E-01 
5.14059E-01 4.64744E-01 
5.33031E-01 4.66899E-01 
5.53715E-01 4.67918E-01 
5.75217E-01 4.65731E-01 
5.98955E-01 4.64121E-01 
6.24660E-01 4.61157E-01 
6.52388E-01 4.56740E-01 
6.82275E-01 4.50766E-01 
7.14742E-01 4.43104E-01 
7.51180E-01 4.33475E-01 
7.96302E-01 4.21050E-01 
8.65170E-01 4.03143E-01 
9.94050E-01 3.72990E-01 
1.21771E+00 3.23315E-01 
1.48212E+00 2.62631E-01 
1.67815E+00 2.10908E-01 
3.72018E-01 3.70164E-01 
3.81426E-01 3.76478E-01 
4.02732E-01 3.73571E-01 
4.11009E-01 3.78526E-01 
4.20358E-01 3.82935E-01 
4.30818E-01 3.86735E-01 
4.42424E-01 3.89861E-01 
4.52209E-01 3.91775E-01 
4.55204E-01 3.92248E-01 
4.70324E-01 3.93922E-01 
4.86852E-01 3.94590E-01 
5.04799E-01 3.94180E-01 
5.24161E-01 3.92626E-01 
5.43793E-01 3.88308E-01 
5.65560E-01 3.84244E-01 
5.88900E-01 3.78878E-01 
6.13825E-01 3.72142E-01 
6.40417E-01 3.63973E-01 
6.68985E-01 3.54278E-01 
7.00615E-01 3.42842E-01 
7.39072E-01 3.28965E-01 
7.96421E-01 3.10326E-01 
9.01706E-01 2.81056E-01 
1.08265E+00 2.34869E-01 
1.29567E+00 1.79286E-01 
1.45321E+00 1.31786E-01 
3.49106E-01 3.25875E-01 
3.58691E-01 3.30244E-01 
3.78093E-01 3.25446E-01 
3.86643E-01 3.28558E-01 
3.96151E-01 3.31051E-01 
4.06640E-01 3.32870E-01 
4.18127E-01 3.33962E-01 
4.27708E-01 3.34275E-01 
4.30624E-01 3.34275E-01 
4.45236E-01 3.33686E-01 
4.61025E-01 3.32081E-01 
4.77979E-01 3.29410E-01 
4.96074E-01 3.25631E-01 
5.13972E-01 3.19550E-01 
5.33888E-01 3.13453E-01 
5.55023E-01 3.06146E-01 
5.77363E-01 2.97593E-01 
6.00943E-01 2.87760E-01 
6.25987E-01 2.76595E-01 
6.53350E-01 2.63933E-01 
6.86047E-01 2.49193E-01 
7.33787E-01 2.30388E-01 
8.19932E-01 2.02465E-01 
9.66684E-01 1.60021E-01 
1.13875E+00 1.09614E-01 
1.26556E+00 6.64290E-02 
3.28336E-01 2.86491E-01 
3.38116E-01 2.88946E-01 
3.55668E-01 2.82714E-01 
3.64464E-01 2.84040E-01 
3.74100E-01 2.84703E-01 
3.84586E-01 2.84661E-01 
3.95926E-01 2.83872E-01 
4.05284E-01 2.82725E-01 
4.08116E-01 2.82298E-01 
4.22202E-01 2.79685E-01 
4.37245E-01 2.76087E-01 
4.53216E-01 2.71474E-01 
4.70076E-01 2.65825E-01 
4.86345E-01 2.58338E-01 
5.04497E-01 2.50623E-01 
5.23555E-01 2.41822E-01 
5.43484E-01 2.31926E-01 
5.64288E-01 2.20929E-01 
5.86127E-01 2.08805E-01 
6.09676E-01 1.95438E-01 
6.37368E-01 1.80346E-01 
6.77064E-01 1.61833E-01 
7.47672E-01 1.35559E-01 
8.67089E-01 9.68783E-02 
1.00656E+00 5.14774E-02 
1.10886E+00 1.25196E-02 
3.10092E-01 2.50906E-01 
3.20052E-01 2.51515E-01 
3.35848E-01 2.44226E-01 
3.44840E-01 2.43856E-01 
3.54553E-01 2.42809E-01 
3.64986E-01 2.41055E-01 
3.76128E-01 2.38565E-01 
3.85228E-01 2.36119E-01 
3.87966E-01 2.35316E-01 
4.01485E-01 2.30941E-01 
4.15752E-01 2.25644E-01 
4.30726E-01 2.19417E-01 
4.46355E-01 2.12258E-01 
4.61072E-01 2.03709E-01 
4.77520E-01 1.94779E-01 
4.94598E-01 1.84910E-01 
5.12255E-01 1.74115E-01 
5.30478E-01 1.62408E-01 
5.49378E-01 1.49789E-01 
5.69493E-01 1.36175E-01 
5.92802E-01 1.21167E-01 
6.25724E-01 1.03315E-01 
6.83679E-01 7.88757E-02 
7.81202E-01 4.38410E-02 
8.94696E-01 3.14517E-03 
9.77389E-01 -3.17696E-02 
2.94495E-01 2.18245E-01 
3.04592E-01 2.17114E-01 
3.18744E-01 2.09078E-01 
3.27860E-01 2.07136E-01 
3.37579E-01 2.04532E-01 
3.47885E-01 2.01246E-01 
3.58762E-01 1.97263E-01 
3.67552E-01 1.93696E-01 
3.70183E-01 1.92572E-01 
3.83073E-01 1.86715E-01 
3.96515E-01 1.80029E-01 
4.10459E-01 1.72521E-01 
4.24845E-01 1.64207E-01 
4.38063E-01 1.54925E-01 
4.52845E-01 1.45166E-01 
4.68017E-01 1.34628E-01 
4.83518E-01 1.23340E-01 
4.99322E-01 1.11335E-01 
5.15508E-01 9.86276E-02 
5.32512E-01 8.51628E-02 
5.51960E-01 7.06053E-02 
5.79140E-01 5.37032E-02 
6.26742E-01 3.12064E-02 
7.06675E-01 -3.72043E-04 
7.99400E-01 -3.67211E-02 
8.66367E-01 -6.78273E-02 
2.81477E-01 1.87848E-01 
2.91638E-01 1.85124E-01 
3.04265E-01 1.76594E-01 
3.13415E-01 1.73239E-01 
3.23047E-01 1.69260E-01 
3.33139E-01 1.64649E-01 
3.43664E-01 1.59403E-01 
3.52084E-01 1.54907E-01 
3.54589E-01 1.53521E-01 
3.66775E-01 1.46475E-01 
3.79331E-01 1.38714E-01 
3.92199E-01 1.30258E-01 
4.05317E-01 1.21137E-01 
4.17073E-01 1.11433E-01 
4.30219E-01 1.01203E-01 
4.43545E-01 9.03600E-02 
4.56989E-01 7.89461E-02 
4.70518E-01 6.70034E-02 
4.84191E-01 5.45595E-02 
4.98363E-01 4.15759E-02 
5.14390E-01 2.77664E-02 
5.36674E-01 1.20360E-02 
5.75762E-01 -8.46986E-03 
6.41502E-01 -3.68137E-02 
7.17555E-01 -6.91870E-02 
7.71849E-01 -9.67403E-02 
2.70836E-01 1.59261E-01 
2.80968E-01 1.55124E-01 
2.92186E-01 1.46308E-01 
3.01263E-01 1.41729E-01 
3.10705E-01 1.36584E-01 
3.20481E-01 1.30876E-01 
3.30559E-01 1.24610E-01 
3.38541E-01 1.19387E-01 
3.40902E-01 1.17799E-01 
3.52301E-01 1.09862E-01 
3.63903E-01 1.01337E-01 
3.75647E-01 9.22553E-02 
3.87469E-01 8.26558E-02 
3.97793E-01 7.28145E-02 
4.09327E-01 6.24415E-02 
4.20865E-01 5.16198E-02 
4.32345E-01 4.03988E-02 
4.43732E-01 2.88271E-02 
4.55073E-01 1.69382E-02 
4.66665E-01 4.70464E-03 
4.79653E-01 -8.12464E-03 
4.97741E-01 -2.25239E-02 
5.29789E-01 -4.10339E-02 
5.84021E-01 -6.63746E-02 
6.46629E-01 -9.51318E-02 
6.90663E-01 -1.19394E-01 
2.62283E-01 1.32186E-01 
2.72276E-01 1.26841E-01 
2.82191E-01 1.17917E-01 
2.91081E-01 1.12322E-01 
3.00221E-01 1.06235E-01 
3.09576E-01 9.96677E-02 
3.19109E-01 9.26344E-02 
3.26581E-01 8.68854E-02 
3.28779E-01 8.51556E-02 
3.39310E-01 7.66199E-02 
3.49892E-01 6.76297E-02 
3.60465E-01 5.82249E-02 
3.70968E-01 4.84509E-02 
3.79887E-01 3.87280E-02 
3.89838E-01 2.85009E-02 
3.99646E-01 1.79812E-02 
4.09254E-01 7.22238E-03 
4.18629E-01 -3.72498E-03 
4.27809E-01 -1.48255E-02 
4.37052E-01 -2.61016E-02 
4.47335E-01 -3.77803E-02 
4.61814E-01 -5.07439E-02 
4.88009E-01 -6.72869E-02 
5.32856E-01 -8.98522E-02 
5.84559E-01 -1.15330E-01 
6.20244E-01 -1.36560E-01 
2.55517E-01 1.06587E-01 
2.65255E-01 1.00260E-01 
2.73963E-01 9.13783E-02 
2.82550E-01 8.49925E-02 
2.91279E-01 7.81984E-02 
3.00111E-01 7.10151E-02 
3.09007E-01 6.34648E-02 
3.15908E-01 5.73874E-02 
3.17926E-01 5.55738E-02 
3.27518E-01 4.67177E-02 
3.37028E-01 3.75415E-02 
3.46400E-01 2.80898E-02 
3.55576E-01 1.84113E-02 
3.63125E-01 9.02719E-03 
3.71538E-01 -8.10074E-04 
3.79690E-01 -1.07967E-02 
3.87530E-01 -2.08791E-02 
3.95031E-01 -3.10075E-02 
4.02228E-01 -4.11484E-02 
4.09347E-01 -5.13233E-02 
4.17237E-01 -6.17441E-02 
4.28619E-01 -7.32245E-02 
4.49947E-01 -8.78664E-02 
4.87131E-01 -1.07888E-01 
5.29980E-01 -1.30410E-01 
5.58869E-01 -1.48873E-01 
2.50112E-01 8.20826E-02 
2.59476E-01 7.49987E-02 
2.67048E-01 6.62900E-02 
2.75215E-01 5.93315E-02 
2.83421E-01 5.20559E-02 
2.91628E-01 4.44879E-02 
2.99796E-01 3.66549E-02 
3.06063E-01 3.04317E-02 
3.07884E-01 2.85877E-02 
3.16466E-01 1.96651E-02 
3.24852E-01 1.05533E-02 
3.32989E-01 1.29927E-03 
3.40827E-01 -8.04807E-03 
3.47033E-01 -1.69038E-02 
3.53943E-01 -2.61454E-02 
3.60500E-01 -3.54079E-02 
3.66662E-01 -4.46402E-02 
3.72407E-01 -5.37961E-02 
3.77770E-01 -6.28465E-02 
3.82957E-01 -7.18154E-02 
3.88710E-01 -8.09056E-02 
3.97399E-01 -9.08791E-02 
4.14615E-01 -1.03685E-01 
4.45431E-01 -1.21354E-01 
4.80959E-01 -1.41184E-01 
5.04227E-01 -1.57103E-01 
2.45794E-01 5.88974E-02 
2.54670E-01 5.12886E-02 
2.61172E-01 4.28685E-02 
2.68813E-01 3.55580E-02 
2.76401E-01 2.80236E-02 
2.83897E-01 2.02942E-02 
2.91263E-01 1.24004E-02 
2.96848E-01 6.20074E-03 
2.98459E-01 4.37543E-03 
3.05984E-01 -4.38444E-03 
3.13217E-01 -1.32110E-02 
3.20113E-01 -2.20580E-02 
3.26627E-01 -3.08782E-02 
3.31538E-01 -3.90551E-02 
3.37006E-01 -4.75423E-02 
3.42055E-01 -5.59402E-02 
3.46649E-01 -6.42019E-02 
3.50776E-01 -7.22870E-02 
3.54473E-01 -8.01724E-02 
3.57926E-01 -8.78868E-02 
3.61798E-01 -9.56286E-02 
3.68172E-01 -1.04121E-01 
3.81936E-01 -1.15190E-01 
4.07483E-01 -1.30711E-01 
4.36984E-01 -1.48113E-01 
4.55628E-01 -1.61729E-01 
2.42236E-01 3.69831E-02 
2.50517E-01 2.90724E-02 
2.56002E-01 2.10438E-02 
2.63020E-01 1.35896E-02 
2.69903E-01 6.00349E-03 
2.76614E-01 -1.68311E-03 
2.83117E-01 -9.43805E-03 
2.87982E-01 -1.54639E-02 
2.89374E-01 -1.72274E-02 
2.95807E-01 -2.56251E-02 
3.01873E-01 -3.39786E-02 
3.07531E-01 -4.22442E-02 
3.12746E-01 -5.03784E-02 
3.16413E-01 -5.77589E-02 
3.20508E-01 -6.53719E-02 
3.24138E-01 -7.28040E-02 
3.27277E-01 -8.00143E-02 
3.29921E-01 -8.69691E-02 
3.32109E-01 -9.36527E-02 
3.34016E-01 -1.00100E-01 
3.36236E-01 -1.06507E-01 
3.40619E-01 -1.13568E-01 
3.51471E-01 -1.23007E-01 
3.72624E-01 -1.36567E-01 
3.97119E-01 -1.51777E-01 
4.11936E-01 -1.63308E-01 
2.39164E-01 1.63813E-02 
2.46754E-01 8.37997E-03 
2.51264E-01 8.34696E-04 
2.57576E-01 -6.57000E-03 
2.63682E-01 -1.40186E-02 
2.69547E-01 -2.14790E-02 
2.75139E-01 -2.89190E-02 
2.79258E-01 -3.46408E-02 
2.80425E-01 -3.63055E-02 
2.85749E-01 -4.41722E-02 
2.90646E-01 -5.18976E-02 
2.95087E-01 -5.94421E-02 
2.99042E-01 -6.67675E-02 
3.01524E-01 -7.32661E-02 
3.04323E-01 -7.99221E-02 
3.06631E-01 -8.63243E-02 
3.08432E-01 -9.24389E-02 
3.09728E-01 -9.82397E-02 
3.10564E-01 -1.03719E-01 
3.11103E-01 -1.08918E-01 
3.11885E-01 -1.14033E-01 
3.14562E-01 -1.19734E-01 
3.22957E-01 -1.27660E-01 
3.40427E-01 -1.39434E-01 
3.60746E-01 -1.52667E-01 
3.72390E-01 -1.62323E-01 
2.36336E-01 -2.85580E-03 
2.43152E-01 -1.07522E-02 
2.46722E-01 -1.77322E-02 
2.52259E-01 -2.49123E-02 
2.57530E-01 -3.20549E-02 
2.62505E-01 -3.91286E-02 
2.67155E-01 -4.61024E-02 
2.70512E-01 -5.14103E-02 
2.71452E-01 -5.29455E-02 
2.75663E-01 -6.01431E-02 
2.79409E-01 -6.71174E-02 
2.82664E-01 -7.38342E-02 
2.85410E-01 -8.02616E-02 
2.86776E-01 -8.58223E-02 
2.88364E-01 -9.14713E-02 
2.89454E-01 -9.68122E-02 
2.90036E-01 -1.01818E-01 
2.90122E-01 -1.06472E-01 
2.89758E-01 -1.10773E-01 
2.89100E-01 -1.14769E-01 
2.88642E-01 -1.18658E-01 
2.89868E-01 -1.23087E-01 
2.96189E-01 -1.29622E-01 
3.10565E-01 -1.39776E-01 
3.27384E-01 -1.51229E-01 
3.36394E-01 -1.59207E-01 
2.33548E-01 -2.06716E-02 
2.39520E-01 -2.82856E-02 
2.42179E-01 -3.46285E-02 
2.46886E-01 -4.14289E-02 
2.51281E-01 -4.81191E-02 
2.55335E-01 -5.46693E-02 
2.59027E-01 -6.10511E-02 
2.61620E-01 -6.58559E-02 
2.62334E-01 -6.72369E-02 
2.65446E-01 -7.36568E-02 
2.68068E-01 -7.97876E-02 
2.70185E-01 -8.56012E-02 
2.71784E-01 -9.10725E-02 
2.72108E-01 -9.56657E-02 
2.72579E-01 -1.00287E-01 
2.72558E-01 -1.04564E-01 
2.72044E-01 -1.08476E-01 
2.71054E-01 -1.12014E-01 
2.69639E-01 -1.15185E-01 
2.67949E-01 -1.18044E-01 
2.66433E-01 -1.20789E-01 
2.66436E-01 -1.24048E-01 
2.71014E-01 -1.29316E-01 
2.82783E-01 -1.38007E-01 
2.96659E-01 -1.47860E-01 
3.03482E-01 -1.54344E-01 
2.30652E-01 -3.68592E-02 
2.35734E-01 -4.40384E-02 
2.37518E-01 -4.96893E-02 
2.41366E-01 -5.59820E-02 
2.44865E-01 -6.21022E-02 
2.47995E-01 -6.80230E-02 
2.50737E-01 -7.37192E-02 
2.52581E-01 -7.79575E-02 
2.53073E-01 -7.91672E-02 
2.55124E-01 -8.47383E-02 
2.56676E-01 -8.99708E-02 
2.57722E-01 -9.48434E-02 
2.58257E-01 -9.93380E-02 
2.57630E-01 -1.02968E-01 
2.57092E-01 -1.06576E-01 
2.56079E-01 -1.09819E-01 
2.54601E-01 -1.12684E-01 
2.52678E-01 -1.15170E-01 
2.50366E-01 -1.17289E-01 
2.47805E-01 -1.19103E-01 
2.45412E-01 -1.20808E-01 
2.44405E-01 -1.23015E-01 
2.47537E-01 -1.27152E-01 
2.57124E-01 -1.34538E-01 
2.68541E-01 -1.42971E-01 
2.73571E-01 -1.48146E-01 
2.27445E-01 -5.16810E-02 
2.31589E-01 -5.82859E-02 
2.32517E-01 -6.31869E-02 
2.35473E-01 -6.88562E-02 
2.38057E-01 -7.43010E-02 
2.40253E-01 -7.94979E-02 
2.42048E-01 -8.44261E-02 
2.43154E-01 -8.80425E-02 
2.43430E-01 -8.90662E-02 
2.44450E-01 -9.37272E-02 
2.44977E-01 -9.80157E-02 
2.45009E-01 -1.01917E-01 
2.44550E-01 -1.05420E-01 
2.43050E-01 -1.08092E-01 
2.41594E-01 -1.10705E-01 
2.39694E-01 -1.12945E-01 
2.37364E-01 -1.14809E-01 
2.34631E-01 -1.16300E-01 
2.31550E-01 -1.17438E-01 
2.28257E-01 -1.18289E-01 
2.25136E-01 -1.19049E-01 
2.23294E-01 -1.20307E-01 
2.25209E-01 -1.23425E-01 
2.32936E-01 -1.29630E-01 
2.42256E-01 -1.36780E-01 
2.45789E-01 -1.40794E-01 
2.23847E-01 -6.48683E-02 
2.27033E-01 -7.07886E-02 
2.27137E-01 -7.49036E-02 
2.29197E-01 -7.98639E-02 
2.30873E-01 -8.45596E-02 
2.32155E-01 -8.89713E-02 
2.33033E-01 -9.30826E-02 
2.33433E-01 -9.60484E-02 
2.33503E-01 -9.68791E-02 
2.33549E-01 -1.00606E-01 
2.33120E-01 -1.03942E-01 
2.32220E-01 -1.06879E-01 
2.30859E-01 -1.09412E-01 
2.28580E-01 -1.11165E-01 
2.26316E-01 -1.12831E-01 
2.23647E-01 -1.14131E-01 
2.20590E-01 -1.15067E-01 
2.17177E-01 -1.15649E-01 
2.13465E-01 -1.15903E-01 
2.09583E-01 -1.15897E-01 
2.05883E-01 -1.15824E-01 
2.03373E-01 -1.16253E-01 
2.04291E-01 -1.18476E-01 
2.10454E-01 -1.23633E-01 
2.18008E-01 -1.29644E-01 
2.20319E-01 -1.32652E-01 
2.19745E-01 -7.64405E-02 
2.21967E-01 -8.15872E-02 
2.21278E-01 -8.48897E-02 
2.22450E-01 -8.90762E-02 
2.23237E-01 -9.29695E-02 
2.23633E-01 -9.65549E-02 
2.23634E-01 -9.98206E-02 
2.23365E-01 -1.02122E-01 
2.23241E-01 -1.02757E-01 
2.22379E-01 -1.05546E-01 
2.21069E-01 -1.07940E-01 
2.19322E-01 -1.09936E-01 
2.17153E-01 -1.11537E-01 
2.14190E-01 -1.12419E-01 
2.11226E-01 -1.13201E-01 
2.07901E-01 -1.13633E-01 
2.04237E-01 -1.13724E-01 
2.00268E-01 -1.13488E-01 
1.96051E-01 -1.12957E-01 
1.91709E-01 -1.12199E-01 
1.87566E-01 -1.11405E-01 
1.84538E-01 -1.11119E-01 
1.84642E-01 -1.12565E-01 
1.89487E-01 -1.16792E-01 
1.95551E-01 -1.21792E-01 
1.96866E-01 -1.23932E-01 
2.15062E-01 -8.63620E-02 
2.16328E-01 -9.06701E-02 
2.14886E-01 -9.31474E-02 
2.15192E-01 -9.65182E-02 
2.15122E-01 -9.95789E-02 
2.14675E-01 -1.02319E-01 
2.13852E-01 -1.04733E-01 
2.12960E-01 -1.06372E-01 
2.12657E-01 -1.06814E-01 
2.10961E-01 -1.08683E-01 
2.08854E-01 -1.10165E-01 
2.06352E-01 -1.11263E-01 
2.03474E-01 -1.11985E-01 
1.99925E-01 -1.12062E-01 
1.96369E-01 -1.12032E-01 
1.92501E-01 -1.11679E-01 
1.88346E-01 -1.11016E-01 
1.83940E-01 -1.10061E-01 
1.79338E-01 -1.08849E-01 
1.74657E-01 -1.07449E-01 
1.70194E-01 -1.06046E-01 
1.66781E-01 -1.05158E-01 
1.66234E-01 -1.05937E-01 
1.69973E-01 -1.09346E-01 
1.74779E-01 -1.13452E-01 
1.75295E-01 -1.14853E-01 
2.09724E-01 -9.46382E-02 
2.10056E-01 -9.80637E-02 
2.07903E-01 -9.97151E-02 
2.07378E-01 -1.02248E-01 
2.06495E-01 -1.04465E-01 
2.05257E-01 -1.06360E-01 
2.03670E-01 -1.07932E-01 
2.02207E-01 -1.08925E-01 
2.01741E-01 -1.09179E-01 
1.99292E-01 -1.10163E-01 
1.96477E-01 -1.10778E-01 
1.93315E-01 -1.11034E-01 
1.89829E-01 -1.10944E-01 
1.85790E-01 -1.10287E-01 
1.81749E-01 -1.09528E-01 
1.77447E-01 -1.08479E-01 
1.72912E-01 -1.07157E-01 
1.68179E-01 -1.05583E-01 
1.63305E-01 -1.03794E-01 
1.58396E-01 -1.01858E-01 
1.53726E-01 -9.99539E-02 
1.50045E-01 -9.85709E-02 
1.48987E-01 -9.87872E-02 
1.51799E-01 -1.01478E-01 
1.55545E-01 -1.04797E-01 
1.55426E-01 -1.05576E-01 
2.03690E-01 -1.01250E-01 
2.03127E-01 -1.03773E-01 
2.00314E-01 -1.04613E-01 
1.99007E-01 -1.06307E-01 
1.97367E-01 -1.07690E-01 
1.95402E-01 -1.08760E-01 
1.93121E-01 -1.09519E-01 
1.91146E-01 -1.09896E-01 
1.90536E-01 -1.09971E-01 
1.87424E-01 -1.10122E-01 
1.83995E-01 -1.09933E-01 
1.80273E-01 -1.09418E-01 
1.76281E-01 -1.08592E-01 
1.71850E-01 -1.07285E-01 
1.67428E-01 -1.05885E-01 
1.62798E-01 -1.04235E-01 
1.57989E-01 -1.02353E-01 
1.53037E-01 -1.00263E-01 
1.47994E-01 -9.80005E-02 
1.42960E-01 -9.56350E-02 
1.38182E-01 -9.33346E-02 
1.34339E-01 -9.15590E-02 
1.32892E-01 -9.13094E-02 
1.34933E-01 -9.33756E-02 
1.37790E-01 -9.60078E-02 
1.37179E-01 -9.62714E-02 
1.96935E-01 -1.06206E-01 
1.95529E-01 -1.07829E-01 
1.92114E-01 -1.07885E-01 
1.90085E-01 -1.08759E-01 
1.87756E-01 -1.09336E-01 
1.85137E-01 -1.09619E-01 
1.82241E-01 -1.09612E-01 
1.79820E-01 -1.09412E-01 
1.79083E-01 -1.09323E-01 
1.75403E-01 -1.08706E-01 
1.71459E-01 -1.07786E-01 
1.67277E-01 -1.06580E-01 
1.62883E-01 -1.05106E-01 
1.58156E-01 -1.03236E-01 
1.53456E-01 -1.01291E-01 
1.48600E-01 -9.91369E-02 
1.43617E-01 -9.67944E-02 
1.38543E-01 -9.42888E-02 
1.33427E-01 -9.16561E-02 
1.28359E-01 -8.89618E-02 
1.23565E-01 -8.63646E-02 
1.19652E-01 -8.42919E-02 
1.17923E-01 -8.36666E-02 
1.19325E-01 -8.51954E-02 
1.21441E-01 -8.72314E-02 
1.20460E-01 -8.70778E-02 
1.89445E-01 -1.09534E-01 
1.87262E-01 -1.10278E-01 
1.83312E-01 -1.09592E-01 
1.80631E-01 -1.09683E-01 
1.77688E-01 -1.09499E-01 
1.74497E-01 -1.09046E-01 
1.71071E-01 -1.08332E-01 
1.68270E-01 -1.07607E-01 
1.67428E-01 -1.07367E-01 
1.63277E-01 -1.06061E-01 
1.58919E-01 -1.04494E-01 
1.54379E-01 -1.02685E-01 
1.49683E-01 -1.00655E-01 
1.44755E-01 -9.83124E-02 
1.39874E-01 -9.59177E-02 
1.34887E-01 -9.33575E-02 
1.29825E-01 -9.06535E-02 
1.24719E-01 -8.78310E-02 
1.19615E-01 -8.49250E-02 
1.14597E-01 -8.19975E-02 
1.09866E-01 -7.91959E-02 
1.05963E-01 -7.69143E-02 
1.04043E-01 -7.59957E-02 
1.04924E-01 -7.70668E-02 
1.06427E-01 -7.85903E-02 
1.05180E-01 -7.81078E-02 
1.81247E-01 -1.11270E-01 
1.78364E-01 -1.11180E-01 
1.73952E-01 -1.09808E-01 
1.70701E-01 -1.09169E-01 
1.67230E-01 -1.08284E-01 
1.63553E-01 -1.07162E-01 
1.59689E-01 -1.05813E-01 
1.56580E-01 -1.04622E-01 
1.55653E-01 -1.04250E-01 
1.51133E-01 -1.02342E-01 
1.46462E-01 -1.00219E-01 
1.41664E-01 -9.79024E-02 
1.36767E-01 -9.54131E-02 
1.31727E-01 -9.26917E-02 
1.26757E-01 -8.99437E-02 
1.21729E-01 -8.70739E-02 
1.16672E-01 -8.41041E-02 
1.11617E-01 -8.10590E-02 
1.06603E-01 -7.79718E-02 
1.01707E-01 -7.49000E-02 
9.71060E-02 -7.19791E-02 
9.32819E-02 -6.95686E-02 
9.12498E-02 -6.84320E-02 
9.17118E-02 -6.91194E-02 
9.27132E-02 -7.02083E-02 
9.12889E-02 -6.94767E-02 
1.72346E-01 -1.11481E-01 
1.68852E-01 -1.10614E-01 
1.64057E-01 -1.08621E-01 
1.60323E-01 -1.07319E-01 
1.56412E-01 -1.05804E-01 
1.52342E-01 -1.04089E-01 
1.48131E-01 -1.02185E-01 
1.44787E-01 -1.00592E-01 
1.43796E-01 -1.00107E-01 
1.39007E-01 -9.76892E-02 
1.34121E-01 -9.51058E-02 
1.29164E-01 -9.23775E-02 
1.24158E-01 -8.95253E-02 
1.19093E-01 -8.65172E-02 
1.14119E-01 -8.35093E-02 
1.09132E-01 -8.04222E-02 
1.04159E-01 -7.72770E-02 
9.92257E-02 -7.40971E-02 
9.43702E-02 -7.09132E-02 
8.96577E-02 -6.77777E-02 
8.52462E-02 -6.48136E-02 
8.15582E-02 -6.23456E-02 
7.94811E-02 -6.10579E-02 
7.96110E-02 -6.14282E-02 
8.02075E-02 -6.21529E-02 
7.86804E-02 -6.12423E-02 
1.62898E-01 -1.10260E-01 
1.58893E-01 -1.08698E-01 
1.53802E-01 -1.06167E-01 
1.49680E-01 -1.04284E-01 
1.45428E-01 -1.02227E-01 
1.41062E-01 -1.00008E-01 
1.36600E-01 -9.76408E-02 
1.33094E-01 -9.57174E-02 
1.32062E-01 -9.51410E-02 
1.27103E-01 -9.23145E-02 
1.22101E-01 -8.93711E-02 
1.17077E-01 -8.63310E-02 
1.12053E-01 -8.32143E-02 
1.07040E-01 -8.00112E-02 
1.02140E-01 -7.68347E-02 
9.72669E-02 -7.36189E-02 
9.24436E-02 -7.03834E-02 
8.76947E-02 -6.71499E-02 
8.30524E-02 -6.39459E-02 
7.85738E-02 -6.08187E-02 
7.43969E-02 -5.78783E-02 
7.08902E-02 -5.54149E-02 
6.88241E-02 -5.40364E-02 
6.87003E-02 -5.41528E-02 
6.89789E-02 -5.45809E-02 
6.74118E-02 -5.35541E-02 
1.52811E-01 -1.07688E-01 
1.48393E-01 -1.05513E-01 
1.43092E-01 -1.02524E-01 
1.38676E-01 -1.00144E-01 
1.34174E-01 -9.76286E-02 
1.29605E-01 -9.49929E-02 
1.24984E-01 -9.22509E-02 
1.21386E-01 -9.00659E-02 
1.20332E-01 -8.94177E-02 
1.15298E-01 -8.62781E-02 
1.10269E-01 -8.30693E-02 
1.05265E-01 -7.98103E-02 
1.00306E-01 -7.65197E-02 
9.54172E-02 -7.32052E-02 
9.06614E-02 -6.99430E-02 
8.59672E-02 -6.66781E-02 
8.13543E-02 -6.34284E-02 
7.68442E-02 -6.02131E-02 
7.24642E-02 -5.70565E-02 
6.82633E-02 -5.40003E-02 
6.43603E-02 -5.11413E-02 
6.10734E-02 -4.87359E-02 
5.90644E-02 -4.73173E-02 
5.87505E-02 -4.72331E-02 
5.87817E-02 -4.74209E-02 
5.72252E-02 -4.63302E-02 
1.42260E-01 -1.03896E-01 
1.37536E-01 -1.01205E-01 
1.32115E-01 -9.78500E-02 
1.27503E-01 -9.50663E-02 
1.22848E-01 -9.21886E-02 
1.18169E-01 -8.92312E-02 
1.13481E-01 -8.62083E-02 
1.09859E-01 -8.38337E-02 
1.08802E-01 -8.31346E-02 
1.03784E-01 -7.97801E-02 
9.88144E-02 -7.64012E-02 
9.39103E-02 -7.30152E-02 
8.90892E-02 -6.96388E-02 
8.43891E-02 -6.62929E-02 
7.98384E-02 -6.30225E-02 
7.53781E-02 -5.97816E-02 
7.10250E-02 -5.65862E-02 
6.67969E-02 -5.34526E-02 
6.27165E-02 -5.04019E-02 
5.88251E-02 -4.74696E-02 
5.52235E-02 -4.47402E-02 
5.21838E-02 -4.24371E-02 
5.02690E-02 -4.10226E-02 
4.98216E-02 -4.07873E-02 
4.96688E-02 -4.07881E-02 
4.81638E-02 -3.96787E-02 
1.31349E-01 -9.90225E-02 
1.26427E-01 -9.59200E-02 
1.20975E-01 -9.22945E-02 
1.16263E-01 -8.92050E-02 
1.11550E-01 -8.60613E-02 
1.06851E-01 -8.28773E-02 
1.02182E-01 -7.96666E-02 
9.85998E-02 -7.71728E-02 
9.75584E-02 -7.64431E-02 
9.26398E-02 -7.29681E-02 
8.78068E-02 -6.95096E-02 
8.30745E-02 -6.60826E-02 
7.84570E-02 -6.27014E-02 
7.39999E-02 -5.93962E-02 
6.97055E-02 -5.61868E-02 
6.55243E-02 -5.30343E-02 
6.14701E-02 -4.99521E-02 
5.75573E-02 -4.69542E-02 
5.38041E-02 -4.40577E-02 
5.02444E-02 -4.12927E-02 
4.69627E-02 -3.87313E-02 
4.41889E-02 -3.65657E-02 
4.23967E-02 -3.51920E-02 
4.18637E-02 -3.48493E-02 
4.15809E-02 -3.47103E-02 
4.01591E-02 -3.36195E-02 
1.20195E-01 -9.32222E-02 
1.15180E-01 -8.98158E-02 
1.09785E-01 -8.60157E-02 
1.05066E-01 -8.27184E-02 
1.00383E-01 -7.94043E-02 
9.57492E-02 -7.60867E-02 
9.11794E-02 -7.27782E-02 
8.76955E-02 -7.02323E-02 
8.66864E-02 -6.94911E-02 
8.19417E-02 -6.59842E-02 
7.73141E-02 -6.25296E-02 
7.28157E-02 -5.91398E-02 
6.84573E-02 -5.58265E-02 
6.42884E-02 -5.26258E-02 
6.02913E-02 -4.95371E-02 
5.64245E-02 -4.65276E-02 
5.26987E-02 -4.36082E-02 
4.91247E-02 -4.07897E-02 
4.57169E-02 -3.80860E-02 
4.25021E-02 -3.55218E-02 
3.95502E-02 -3.31575E-02 
3.70529E-02 -3.11562E-02 
3.54041E-02 -2.98526E-02 
3.48254E-02 -2.94404E-02 
3.44579E-02 -2.92028E-02 
3.31426E-02 -2.81601E-02 
1.08926E-01 -8.66621E-02 
1.03921E-01 -8.30593E-02 
9.86650E-02 -7.91788E-02 
9.40264E-02 -7.57692E-02 
8.94550E-02 -7.23770E-02 
8.49641E-02 -6.90144E-02 
8.05652E-02 -6.56923E-02 
7.72317E-02 -6.31565E-02 
7.62694E-02 -6.24215E-02 
7.17639E-02 -5.89636E-02 
6.74003E-02 -5.55880E-02 
6.31875E-02 -5.23047E-02 
5.91333E-02 -4.91225E-02 
5.52878E-02 -4.60805E-02 
5.16192E-02 -4.31627E-02 
4.80920E-02 -4.03408E-02 
4.47141E-02 -3.76232E-02 
4.14933E-02 -3.50182E-02 
3.84399E-02 -3.25362E-02 
3.55749E-02 -3.01968E-02 
3.29549E-02 -2.80498E-02 
3.07373E-02 -2.62314E-02 
2.92456E-02 -2.50203E-02 
2.86538E-02 -2.45708E-02 
2.82392E-02 -2.42700E-02 
2.70462E-02 -2.32980E-02 
9.76756E-02 -7.95160E-02 
9.27761E-02 -7.58213E-02 
8.77341E-02 -7.19504E-02 
8.32552E-02 -6.85192E-02 
7.88704E-02 -6.51353E-02 
7.45905E-02 -6.18093E-02 
7.04254E-02 -5.85506E-02 
6.72867E-02 -5.60810E-02 
6.63835E-02 -5.53681E-02 
6.21719E-02 -5.20307E-02 
5.81201E-02 -4.87995E-02 
5.42339E-02 -4.56818E-02 
5.05180E-02 -4.26836E-02 
4.70214E-02 -3.98445E-02 
4.37024E-02 -3.71374E-02 
4.05305E-02 -3.45377E-02 
3.75110E-02 -3.20513E-02 
3.46488E-02 -2.96840E-02 
3.19508E-02 -2.74433E-02 
2.94327E-02 -2.53438E-02 
2.71395E-02 -2.34260E-02 
2.51985E-02 -2.18015E-02 
2.38714E-02 -2.06991E-02 
2.32922E-02 -2.02390E-02 
2.28608E-02 -1.99043E-02 
2.17993E-02 -1.90191E-02 
8.65827E-02 -7.19641E-02 
8.18746E-02 -6.82760E-02 
7.71141E-02 -6.44979E-02 
7.28650E-02 -6.11285E-02 
6.87308E-02 -5.78314E-02 
6.47204E-02 -5.46153E-02 
6.08412E-02 -5.14879E-02 
5.79338E-02 -4.91332E-02 
5.70996E-02 -4.84559E-02 
5.32252E-02 -4.53001E-02 
4.95215E-02 -4.22680E-02 
4.59918E-02 -3.93641E-02 
4.26379E-02 -3.65920E-02 
3.95057E-02 -3.39898E-02 
3.65476E-02 -3.15229E-02 
3.37374E-02 -2.91699E-02 
3.10778E-02 -2.69344E-02 
2.85715E-02 -2.48198E-02 
2.62224E-02 -2.28309E-02 
2.40415E-02 -2.09784E-02 
2.20637E-02 -1.92940E-02 
2.03904E-02 -1.78677E-02 
1.92298E-02 -1.68840E-02 
1.86830E-02 -1.64345E-02 
1.82583E-02 -1.60901E-02 
1.73319E-02 -1.53017E-02 
7.57826E-02 -6.41855E-02 
7.13417E-02 -6.05940E-02 
6.69194E-02 -5.69831E-02 
6.29593E-02 -5.37498E-02 
5.91289E-02 -5.06081E-02 
5.54351E-02 -4.75650E-02 
5.18830E-02 -4.46263E-02 
4.92345E-02 -4.24270E-02 
4.84769E-02 -4.17966E-02 
4.49711E-02 -3.88720E-02 
4.16407E-02 -3.60822E-02 
3.84863E-02 -3.34292E-02 
3.55076E-02 -3.09142E-02 
3.27457E-02 -2.85727E-02 
3.01508E-02 -2.63656E-02 
2.77000E-02 -2.42741E-02 
2.53942E-02 -2.22999E-02 
2.32337E-02 -2.04444E-02 
2.12203E-02 -1.87100E-02 
1.93611E-02 -1.71039E-02 
1.76822E-02 -1.56504E-02 
1.62627E-02 -1.44205E-02 
1.52658E-02 -1.35603E-02 
1.47655E-02 -1.31378E-02 
1.43653E-02 -1.28024E-02 
1.35725E-02 -1.21156E-02 
6.53870E-02 -5.63408E-02 
6.12768E-02 -5.29253E-02 
5.72392E-02 -4.95460E-02 
5.36159E-02 -4.65122E-02 
5.01313E-02 -4.35840E-02 
4.67900E-02 -4.07662E-02 
4.35952E-02 -3.80627E-02 
4.12253E-02 -3.60512E-02 
4.05492E-02 -3.54765E-02 
3.74326E-02 -3.28213E-02 
3.44900E-02 -3.03058E-02 
3.17199E-02 -2.79300E-02 
2.91200E-02 -2.56929E-02 
2.67262E-02 -2.36263E-02 
2.44889E-02 -2.16896E-02 
2.23883E-02 -1.98660E-02 
2.04234E-02 -1.81556E-02 
1.85932E-02 -1.65582E-02 
1.68972E-02 -1.50742E-02 
1.53395E-02 -1.37080E-02 
1.39392E-02 -1.24774E-02 
1.27566E-02 -1.14373E-02 
1.19166E-02 -1.07008E-02 
1.14720E-02 -1.03170E-02 
1.11086E-02 -1.00047E-02 
1.04443E-02 -9.41999E-03 
5.56075E-02 -4.86671E-02 
5.18746E-02 -4.54921E-02 
4.82517E-02 -4.23941E-02 
4.49972E-02 -3.96093E-02 
4.18845E-02 -3.69379E-02 
3.89163E-02 -3.43833E-02 
3.60940E-02 -3.19475E-02 
3.40107E-02 -3.01451E-02 
3.34181E-02 -2.96316E-02 
3.06960E-02 -2.72693E-02 
2.81413E-02 -2.50460E-02 
2.57509E-02 -2.29600E-02 
2.35208E-02 -2.10087E-02 
2.14815E-02 -1.92193E-02 
1.95857E-02 -1.75521E-02 
1.78160E-02 -1.59921E-02 
1.61704E-02 -1.45382E-02 
1.46465E-02 -1.31887E-02 
1.32424E-02 -1.19426E-02 
1.19598E-02 -1.08022E-02 
1.08121E-02 -9.77992E-03 
9.84413E-03 -8.91709E-03 
9.14980E-03 -8.29956E-03 
8.76547E-03 -7.96146E-03 
8.44621E-03 -7.68140E-03 
7.90086E-03 -7.19467E-03 
4.64253E-02 -4.12190E-02 
4.31066E-02 -3.83382E-02 
3.99212E-02 -3.55617E-02 
3.70591E-02 -3.30652E-02 
3.43365E-02 -3.06847E-02 
3.17547E-02 -2.84221E-02 
2.93133E-02 -2.62776E-02 
2.75201E-02 -2.46993E-02 
2.70115E-02 -2.42511E-02 
2.46835E-02 -2.21969E-02 
2.25118E-02 -2.02763E-02 
2.04921E-02 -1.84860E-02 
1.86193E-02 -1.68222E-02 
1.69183E-02 -1.53076E-02 
1.53457E-02 -1.39046E-02 
1.38864E-02 -1.26001E-02 
1.25375E-02 -1.13920E-02 
1.12957E-02 -1.02777E-02 
1.01583E-02 -9.25519E-03 
9.12520E-03 -8.32489E-03 
8.20508E-03 -7.49511E-03 
7.43044E-03 -6.79601E-03 
6.86987E-03 -6.29093E-03 
6.54725E-03 -6.00252E-03 
6.27602E-03 -5.76044E-03 
5.83945E-03 -5.36580E-03 
3.80025E-02 -3.41887E-02 
3.51172E-02 -3.16388E-02 
3.23761E-02 -2.92087E-02 
2.99144E-02 -2.70247E-02 
2.75855E-02 -2.49545E-02 
2.53890E-02 -2.29983E-02 
2.33236E-02 -2.11553E-02 
2.18140E-02 -1.98061E-02 
2.13870E-02 -1.94241E-02 
1.94398E-02 -1.76801E-02 
1.76344E-02 -1.60601E-02 
1.59656E-02 -1.45599E-02 
1.44277E-02 -1.31747E-02 
1.30402E-02 -1.19227E-02 
1.17648E-02 -1.07699E-02 
1.05883E-02 -9.70482E-03 
9.50751E-03 -8.72468E-03 
8.51855E-03 -7.82644E-03 
7.61820E-03 -7.00741E-03 
6.80514E-03 -6.26672E-03 
6.08458E-03 -5.60946E-03 
5.47922E-03 -5.05691E-03 
5.03773E-03 -4.65441E-03 
4.77491E-03 -4.41612E-03 
4.55198E-03 -4.21418E-03 
4.21154E-03 -3.90288E-03 
3.04109E-02 -2.76932E-02 
2.79638E-02 -2.54959E-02 
2.56609E-02 -2.34231E-02 
2.35953E-02 -2.15626E-02 
2.16519E-02 -1.98092E-02 
1.98290E-02 -1.81621E-02 
1.81244E-02 -1.66195E-02 
1.68848E-02 -1.54962E-02 
1.65352E-02 -1.51791E-02 
1.49467E-02 -1.37372E-02 
1.34830E-02 -1.24064E-02 
1.21384E-02 -1.11821E-02 
1.09070E-02 -1.00591E-02 
9.80363E-03 -9.05128E-03 
8.79529E-03 -8.12900E-03 
7.87100E-03 -7.28241E-03 
7.02710E-03 -6.50839E-03 
6.25977E-03 -5.80366E-03 
5.56552E-03 -5.16522E-03 
4.94235E-03 -4.59143E-03 
4.39296E-03 -4.08503E-03 
3.93254E-03 -3.66037E-03 
3.59448E-03 -3.34881E-03 
3.38718E-03 -3.15853E-03 
3.21023E-03 -2.99615E-03 
2.95251E-03 -2.75800E-03 
2.37044E-02 -2.18293E-02 
2.16857E-02 -1.99908E-02 
1.98031E-02 -1.82730E-02 
1.81177E-02 -1.67340E-02 
1.65406E-02 -1.52922E-02 
1.50697E-02 -1.39457E-02 
1.37022E-02 -1.26922E-02 
1.27127E-02 -1.17843E-02 
1.24344E-02 -1.15288E-02 
1.11749E-02 -1.03715E-02 
1.00217E-02 -9.31048E-03 
8.96913E-03 -8.34080E-03 
8.01134E-03 -7.45731E-03 
7.15907E-03 -6.67016E-03 
6.38497E-03 -5.95437E-03 
5.67994E-03 -5.30169E-03 
5.04039E-03 -4.70894E-03 
4.46265E-03 -4.17288E-03 
3.94332E-03 -3.69048E-03 
3.48008E-03 -3.25974E-03 
3.07395E-03 -2.88174E-03 
2.73457E-03 -2.56569E-03 
2.48392E-03 -2.33240E-03 
2.32618E-03 -2.18599E-03 
2.19095E-03 -2.06047E-03 
2.00235E-03 -1.88450E-03 
1.79117E-02 -1.66668E-02 
1.62989E-02 -1.51791E-02 
1.48079E-02 -1.38017E-02 
1.34763E-02 -1.25708E-02 
1.22374E-02 -1.14244E-02 
1.10886E-02 -1.03603E-02 
1.00268E-02 -9.37571E-03 
9.26257E-03 -8.66647E-03 
9.04830E-03 -8.46751E-03 
8.08225E-03 -7.56991E-03 
7.20352E-03 -6.75257E-03 
6.40679E-03 -6.01072E-03 
5.68665E-03 -5.33948E-03 
5.05041E-03 -4.74582E-03 
4.47625E-03 -4.20956E-03 
3.95682E-03 -3.72395E-03 
3.48881E-03 -3.28600E-03 
3.06892E-03 -2.89271E-03 
2.69405E-03 -2.54125E-03 
2.36189E-03 -2.22956E-03 
2.07239E-03 -1.95769E-03 
1.83129E-03 -1.73116E-03 
1.65235E-03 -1.56307E-03 
1.53714E-03 -1.45506E-03 
1.43812E-03 -1.36221E-03 
1.30545E-03 -1.23732E-03 
1.30409E-02 -1.22518E-02 
1.17999E-02 -1.10938E-02 
1.06623E-02 -1.00310E-02 
9.64947E-03 -9.08426E-03 
8.71273E-03 -8.20792E-03 
7.84936E-03 -7.39955E-03 
7.05619E-03 -6.65629E-03 
6.48851E-03 -6.12393E-03 
6.32984E-03 -5.97508E-03 
5.61740E-03 -5.30635E-03 
4.97380E-03 -4.70171E-03 
4.39432E-03 -4.15683E-03 
3.87422E-03 -3.66738E-03 
3.41813E-03 -3.23779E-03 
3.00934E-03 -2.85245E-03 
2.64214E-03 -2.50602E-03 
2.31367E-03 -2.19589E-03 
2.02109E-03 -1.91943E-03 
1.76177E-03 -1.67421E-03 
1.53362E-03 -1.45830E-03 
1.33603E-03 -1.27120E-03 
1.17213E-03 -1.11591E-03 
1.04999E-03 -1.00021E-03 
9.69768E-04 -9.24313E-04 
9.00762E-04 -8.59004E-04 
8.11719E-04 -7.74490E-04 
9.06059E-03 -8.58901E-03 
8.14900E-03 -7.72933E-03 
7.32038E-03 -6.94724E-03 
6.58539E-03 -6.25318E-03 
5.90988E-03 -5.61486E-03 
5.29126E-03 -5.02991E-03 
4.72662E-03 -4.49565E-03 
4.32487E-03 -4.11528E-03 
4.21296E-03 -4.00930E-03 
3.71263E-03 -3.53524E-03 
3.26396E-03 -3.10984E-03 
2.86298E-03 -2.72938E-03 
2.50580E-03 -2.39024E-03 
2.19503E-03 -2.09496E-03 
1.91855E-03 -1.83209E-03 
1.67207E-03 -1.59759E-03 
1.45329E-03 -1.38931E-03 
1.25993E-03 -1.20511E-03 
1.08989E-03 -1.04301E-03 
9.41433E-04 -9.01406E-04 
8.13767E-04 -7.79564E-04 
7.08345E-04 -6.78910E-04 
6.29553E-04 -6.03683E-04 
5.76888E-04 -5.53435E-04 
5.31624E-04 -5.10230E-04 
4.75282E-04 -4.56340E-04 
5.95005E-03 -5.68749E-03 
5.31660E-03 -5.08437E-03 
4.74574E-03 -4.54049E-03 
4.24162E-03 -4.06000E-03 
3.78141E-03 -3.62113E-03 
3.36283E-03 -3.22175E-03 
2.98344E-03 -2.85956E-03 
2.71519E-03 -2.60336E-03 
2.64074E-03 -2.53223E-03 
2.30942E-03 -2.21560E-03 
2.01465E-03 -1.93374E-03 
1.75331E-03 -1.68370E-03 
1.52241E-03 -1.46266E-03 
1.32320E-03 -1.27185E-03 
1.14738E-03 -1.10335E-03 
9.91942E-04 -9.54307E-04 
8.55116E-04 -8.23040E-04 
7.35214E-04 -7.07947E-04 
6.30666E-04 -6.07540E-04 
5.40154E-04 -5.20567E-04 
4.62922E-04 -4.46320E-04 
3.99490E-04 -3.85318E-04 
3.51994E-04 -3.39636E-04 
3.19771E-04 -3.08653E-04 
2.92150E-04 -2.82080E-04 
2.58943E-04 -2.50087E-04 
3.62379E-03 -3.49089E-03 
3.21474E-03 -3.09800E-03 
2.84940E-03 -2.74692E-03 
2.52848E-03 -2.43842E-03 
2.23766E-03 -2.15873E-03 
1.97513E-03 -1.90615E-03 
1.73899E-03 -1.67887E-03 
1.57319E-03 -1.51922E-03 
1.52735E-03 -1.47508E-03 
1.32441E-03 -1.27959E-03 
1.14543E-03 -1.10710E-03 
9.88145E-04 -9.55446E-04 
8.50417E-04 -8.22593E-04 
7.32697E-04 -7.08988E-04 
6.29721E-04 -6.09569E-04 
5.39510E-04 -5.22437E-04 
4.60842E-04 -4.46420E-04 
3.92554E-04 -3.80404E-04 
3.33576E-04 -3.23364E-04 
2.82997E-04 -2.74425E-04 
2.40219E-04 -2.33018E-04 
2.05313E-04 -1.99219E-04 
1.79163E-04 -1.73895E-04 
1.61208E-04 -1.56503E-04 
1.45895E-04 -1.41660E-04 
1.28107E-04 -1.24401E-04 
1.99214E-03 -1.93307E-03 
1.75292E-03 -1.70143E-03 
1.54130E-03 -1.49645E-03 
1.35659E-03 -1.31749E-03 
1.19059E-03 -1.15660E-03 
1.04200E-03 -1.01254E-03 
9.09489E-04 -8.84031E-04 
8.17173E-04 -7.94477E-04 
7.91767E-04 -7.69827E-04 
6.79934E-04 -6.61300E-04 
5.82265E-04 -5.66486E-04 
4.97294E-04 -4.83969E-04 
4.23644E-04 -4.12421E-04 
3.61354E-04 -3.51886E-04 
3.07415E-04 -2.99450E-04 
2.60656E-04 -2.53977E-04 
2.20313E-04 -2.14730E-04 
1.85673E-04 -1.81018E-04 
1.56084E-04 -1.52211E-04 
1.30985E-04 -1.27767E-04 
1.09976E-04 -1.07299E-04 
9.29725E-05 -9.07277E-05 
8.02546E-05 -7.83289E-05 
7.14516E-05 -6.97415E-05 
6.40146E-05 -6.24781E-05 
5.56693E-05 -5.43229E-05 
9.44411E-04 -9.22645E-04 
8.23078E-04 -8.04287E-04 
7.16907E-04 -7.00691E-04 
6.24960E-04 -6.10957E-04 
5.43116E-04 -5.31065E-04 
4.70574E-04 -4.60236E-04 
4.06534E-04 -3.97694E-04 
3.62324E-04 -3.54509E-04 
3.50221E-04 -3.42685E-04 
2.97305E-04 -2.90982E-04 
2.51623E-04 -2.46335E-04 
2.12346E-04 -2.07937E-04 
1.78711E-04 -1.75045E-04 
1.50618E-04 -1.47565E-04 
1.26581E-04 -1.24046E-04 
1.06004E-04 -1.03906E-04 
8.84777E-05 -8.67465E-05 
7.36256E-05 -7.22005E-05 
6.11081E-05 -5.99367E-05 
5.06324E-05 -4.96696E-05 
4.19774E-05 -4.11839E-05 
3.50488E-05 -3.43882E-05 
2.98954E-05 -2.93304E-05 
2.63314E-05 -2.58272E-05 
2.33818E-05 -2.29213E-05 
2.01890E-05 -1.97750E-05 
3.54366E-04 -3.48390E-04 
3.05174E-04 -3.00079E-04 
2.62684E-04 -2.58341E-04 
2.26252E-04 -2.22551E-04 
1.94205E-04 -1.91063E-04 
1.66142E-04 -1.63484E-04 
1.41673E-04 -1.39435E-04 
1.24972E-04 -1.23017E-04 
1.20429E-04 -1.18551E-04 
1.00735E-04 -9.91875E-05 
8.39773E-05 -8.27074E-05 
6.97822E-05 -6.87442E-05 
5.78107E-05 -5.69654E-05 
4.79755E-05 -4.72852E-05 
3.96860E-05 -3.91246E-05 
3.27058E-05 -3.22507E-05 
2.68620E-05 -2.64938E-05 
2.19978E-05 -2.17000E-05 
1.79737E-05 -1.77324E-05 
1.46700E-05 -1.44733E-05 
1.19922E-05 -1.18304E-05 
9.88762E-06 -9.75163E-06 
8.35136E-06 -8.23198E-06 
7.32679E-06 -7.21393E-06 
6.53787E-06 -6.42471E-06 
5.71796E-06 -5.60446E-06 
8.67608E-05 -8.57775E-05 
7.34649E-05 -7.26439E-05 
6.21803E-05 -6.14954E-05 
5.26327E-05 -5.20627E-05 
4.43641E-05 -4.38930E-05 
3.72392E-05 -3.68527E-05 
3.11298E-05 -3.08152E-05 
2.70238E-05 -2.67571E-05 
2.59171E-05 -2.56632E-05 
2.11751E-05 -2.09756E-05 
1.72228E-05 -1.70678E-05 
1.39479E-05 -1.38289E-05 
1.12504E-05 -1.11601E-05 
9.09813E-06 -9.02937E-06 
7.32413E-06 -7.27262E-06 
5.87377E-06 -5.83541E-06 
4.69886E-06 -4.67019E-06 
3.75639E-06 -3.73452E-06 
3.00847E-06 -2.99104E-06 
2.42245E-06 -2.40755E-06 
1.97187E-06 -1.95801E-06 
1.64031E-06 -1.62619E-06 
1.42889E-06 -1.41278E-06 
1.34654E-06 -1.32539E-06 
1.35387E-06 -1.32457E-06 
1.36678E-06 -1.32917E-06 
8.05918E-06 -7.98120E-06 
6.56588E-06 -6.50458E-06 
5.33678E-06 -5.28914E-06 
4.30404E-06 -4.26812E-06 
3.42317E-06 -3.39736E-06 
2.67766E-06 -2.66044E-06 
2.05220E-06 -2.04219E-06 
1.64175E-06 -1.63641E-06 
1.53286E-06 -1.52876E-06 
1.07721E-06 -1.07817E-06 
7.15831E-07 -7.20618E-07 
4.35844E-07 -4.43357E-07 
2.25725E-07 -2.34990E-07 
8.88119E-08 -9.87033E-08 
-1.32705E-08 3.13688E-09 
-7.55410E-08 6.57564E-08 
-1.04076E-07 9.51444E-08 
-1.04684E-07 9.70184E-08 
-8.29345E-08 7.68562E-08 
-4.41651E-08 3.98992E-08 
6.85883E-09 -9.17529E-09 
6.83470E-08 -6.85986E-08 
1.50609E-07 -1.48403E-07 
2.83835E-07 -2.77991E-07 
4.75992E-07 -4.65085E-07 
6.71207E-07 -6.55192E-07 
2.85429E-06 -2.85429E-06 
2.14865E-06 -2.14865E-06 
1.57468E-06 -1.57468E-06 
1.08504E-06 -1.08504E-06 
6.67875E-07 -6.67875E-07 
3.18466E-07 -3.18466E-07 
3.18020E-08 -3.18020E-08 
-1.50211E-07 1.50211E-07 
-1.97263E-07 1.97263E-07 
-3.85702E-07 3.85702E-07 
-5.19722E-07 5.19722E-07 
-6.05698E-07 6.05698E-07 
-6.49818E-07 6.49818E-07 
-6.47282E-07 6.47282E-07 
-6.29104E-07 6.29104E-07 
-5.86911E-07 5.86911E-07 
-5.24843E-07 5.24843E-07 
-4.47073E-07 4.47073E-07 
-3.57800E-07 3.57800E-07 
-2.61230E-07 2.61230E-07 
-1.61224E-07 1.61224E-07 
-5.86738E-08 5.86738E-08 
5.87697E-08 -5.87697E-08 
2.26202E-07 -2.26202E-07 
4.55066E-07 -4.55066E-07 
6.84715E-07 -6.84715E-07 
---
