PdfType: replica
Format: lhagrid1
---
1.00000E-06 1.28121E-06 1.64152E-06 2.10317E-06 2.69463E-06 3.45242E-06 4.42329E-06 5.66715E-06 7.26076E-06 9.30241E-06 1.19180E-05 1.52689E-05 1.95617E-05 2.50609E-05 3.21053E-05 4.11287E-05 5.26863E-05 6.74889E-05 8.64459E-05 1.10720E-04 1.41800E-04 1.81585E-04 2.32503E-04 2.97652E-04 3.80981E-04 4.87518E-04 6.26039E-04 8.00452E-04 1.02297E-03 1.30657E-03 1.66759E-03 2.12729E-03 2.71054E-03 3.44865E-03 4.37927E-03 5.54908E-03 7.01192E-03 8.83064E-03 1.10763E-02 1.38266E-02 1.71641E-02 2.11717E-02 2.59364E-02 3.15062E-02 3.79623E-02 4.53425E-02 5.36750E-02 6.29705E-02 7.32221E-02 8.44039E-02 9.64793E-02 1.09332E-01 1.23067E-01 1.37507E-01 1.52639E-01 1.68416E-01 1.84794E-01 2.01731E-01 2.19016E-01 2.36948E-01 2.55242E-01 2.73927E-01 2.92954E-01 3.12340E-01 3.32036E-01 3.52019E-01 3.72282E-01 3.92772E-01 4.13533E-01 4.34326E-01 4.55495E-01 4.76836E-01 4.98342E-01 5.20006E-01 5.41818E-01 5.63773E-01 5.85861E-01 6.08077E-01 6.30459E-01 6.52800E-01 6.75387E-01 6.98063E-01 7.20830E-01 7.43683E-01 7.66623E-01 7.89636E-01 8.12791E-01 8.35940E-01 8.59175E-01 8.82485E-01 9.05866E-01 9.29311E-01 9.52817E-01 9.76387E-01 1.00000E+00 
1.14018E+00 1.22539E+00 1.32482E+00 1.44156E+00 1.57954E+00 1.74381E+00 1.94091E+00 2.12132E+00 2.17945E+00 2.49622E+00 2.89383E+00 3.39925E+00 4.05063E+00 4.90286E+00 6.03623E+00 7.57063E+00 9.68869E+00 1.26749E+01 1.69835E+01 2.33578E+01 3.30501E+01 4.82334E+01 7.28041E+01 1.13998E+02 1.85779E+02 3.16228E+02 
908 909 
1.07907E+02 1.13020E+02 
1.11271E+02 1.14673E+02 
1.14693E+02 1.14840E+02 
1.17538E+02 1.15805E+02 
1.20280E+02 1.16666E+02 
1.22873E+02 1.17380E+02 
1.25260E+02 1.17895E+02 
1.26921E+02 1.18122E+02 
1.27369E+02 1.18155E+02 
1.29223E+02 1.18076E+02 
1.30501E+02 1.17540E+02 
1.31025E+02 1.16457E+02 
1.30582E+02 1.14729E+02 
1.27111E+02 1.12122E+02 
1.21811E+02 1.08465E+02 
1.14469E+02 1.03912E+02 
1.04666E+02 9.83494E+01 
9.18984E+01 9.16594E+01 
7.55256E+01 8.37033E+01 
5.45734E+01 7.42625E+01 
2.69962E+01 6.27858E+01 
-1.29040E+01 4.74732E+01 
-8.01860E+01 2.32053E+01 
-1.96770E+02 -1.75725E+01 
-3.57774E+02 -7.25077E+01 
-5.24524E+02 -1.26679E+02 
9.85812E+01 9.68169E+01 
1.01627E+02 9.79911E+01 
1.04603E+02 9.78079E+01 
1.07131E+02 9.84231E+01 
1.09563E+02 9.89507E+01 
1.11860E+02 9.93527E+01 
1.13970E+02 9.95860E+01 
1.15433E+02 9.96203E+01 
1.15828E+02 9.96024E+01 
1.17455E+02 9.93166E+01 
1.18568E+02 9.86474E+01 
1.19012E+02 9.75209E+01 
1.18604E+02 9.58610E+01 
1.15609E+02 9.35748E+01 
1.11056E+02 9.03871E+01 
1.04757E+02 8.64747E+01 
9.63627E+01 8.17516E+01 
8.54542E+01 7.61281E+01 
7.15013E+01 6.94994E+01 
5.37022E+01 6.16943E+01 
3.03737E+01 5.22599E+01 
-3.18901E+00 3.96878E+01 
-5.94698E+01 1.96862E+01 
-1.56728E+02 -1.39968E+01 
-2.91022E+02 -5.91541E+01 
-4.30173E+02 -1.03126E+02 
9.08439E+01 8.10971E+01 
9.34879E+01 8.19671E+01 
9.59361E+01 8.16390E+01 
9.80869E+01 8.20511E+01 
1.00150E+02 8.23902E+01 
1.02090E+02 8.26233E+01 
1.03862E+02 8.27139E+01 
1.05080E+02 8.26606E+01 
1.05406E+02 8.26214E+01 
1.06735E+02 8.22668E+01 
1.07607E+02 8.15918E+01 
1.07889E+02 8.05372E+01 
1.07422E+02 7.90434E+01 
1.04757E+02 7.71263E+01 
1.00766E+02 7.44323E+01 
9.52869E+01 7.11563E+01 
8.80276E+01 6.72331E+01 
7.86415E+01 6.25961E+01 
6.66913E+01 5.71671E+01 
5.15180E+01 5.08123E+01 
3.17367E+01 4.31596E+01 
3.45971E+00 3.29449E+01 
-4.36716E+01 1.65730E+01 
-1.24871E+02 -1.11170E+01 
-2.36933E+02 -4.80649E+01 
-3.53036E+02 -8.35417E+01 
8.33380E+01 6.70175E+01 
8.55671E+01 6.76989E+01 
8.75039E+01 6.73398E+01 
8.92777E+01 6.76431E+01 
9.09723E+01 6.78855E+01 
9.25563E+01 6.80386E+01 
9.39889E+01 6.80713E+01 
9.49615E+01 6.79928E+01 
9.52191E+01 6.79500E+01 
9.62462E+01 6.76057E+01 
9.68692E+01 6.69947E+01 
9.69733E+01 6.60701E+01 
9.64232E+01 6.47854E+01 
9.40182E+01 6.32358E+01 
9.04834E+01 6.10165E+01 
8.56838E+01 5.83323E+01 
7.93765E+01 5.51350E+01 
7.12752E+01 5.13760E+01 
6.10198E+01 4.69981E+01 
4.80698E+01 4.18975E+01 
3.12852E+01 3.57691E+01 
7.44906E+00 2.75552E+01 
-3.20447E+01 1.42514E+01 
-9.98785E+01 -8.38769E+00 
-1.93413E+02 -3.84573E+01 
-2.90247E+02 -6.68882E+01 
7.56252E+01 5.50286E+01 
7.74683E+01 5.55923E+01 
7.89586E+01 5.52566E+01 
8.03902E+01 5.55059E+01 
8.17515E+01 5.57039E+01 
8.30141E+01 5.58265E+01 
8.41422E+01 5.58475E+01 
8.48944E+01 5.57763E+01 
8.50906E+01 5.57389E+01 
8.58487E+01 5.54432E+01 
8.62513E+01 5.49263E+01 
8.61998E+01 5.41514E+01 
8.55791E+01 5.30830E+01 
8.34038E+01 5.18708E+01 
8.02652E+01 5.00812E+01 
7.60547E+01 4.79228E+01 
7.05711E+01 4.53606E+01 
6.35783E+01 4.23602E+01 
5.47809E+01 3.88807E+01 
4.37358E+01 3.48426E+01 
2.95038E+01 2.99964E+01 
9.41904E+00 2.34604E+01 
-2.36790E+01 1.27323E+01 
-8.03665E+01 -5.66550E+00 
-1.58439E+02 -2.99908E+01 
-2.39149E+02 -5.26059E+01 
6.77477E+01 4.51399E+01 
6.92539E+01 4.56265E+01 
7.03788E+01 4.53339E+01 
7.15183E+01 4.55578E+01 
7.25960E+01 4.57382E+01 
7.35868E+01 4.58546E+01 
7.44587E+01 4.58849E+01 
7.50270E+01 4.58349E+01 
7.51722E+01 4.58064E+01 
7.57088E+01 4.55728E+01 
7.59341E+01 4.51563E+01 
7.57637E+01 4.45287E+01 
7.50999E+01 4.36632E+01 
7.31428E+01 4.27446E+01 
7.03630E+01 4.13289E+01 
6.66775E+01 3.96228E+01 
6.19201E+01 3.76015E+01 
5.58966E+01 3.52419E+01 
4.83654E+01 3.25159E+01 
3.89634E+01 2.93632E+01 
2.69165E+01 2.55811E+01 
1.00119E+01 2.04375E+01 
-1.77165E+01 1.18573E+01 
-6.50908E+01 -2.99407E+00 
-1.30243E+02 -2.25410E+01 
-1.97451E+02 -4.03800E+01 
5.99370E+01 3.71340E+01 
6.11612E+01 3.75655E+01 
6.19990E+01 3.73183E+01 
6.28992E+01 3.75298E+01 
6.37457E+01 3.77041E+01 
6.45161E+01 3.78237E+01 
6.51819E+01 3.78705E+01 
6.56037E+01 3.78450E+01 
6.57087E+01 3.78260E+01 
6.60729E+01 3.76542E+01 
6.61655E+01 3.73320E+01 
6.59145E+01 3.68379E+01 
6.52373E+01 3.61525E+01 
6.34919E+01 3.54808E+01 
6.10431E+01 3.43814E+01 
5.78312E+01 3.30553E+01 
5.37193E+01 3.14860E+01 
4.85482E+01 2.96588E+01 
4.21207E+01 2.75555E+01 
3.41398E+01 2.51313E+01 
2.39669E+01 2.22224E+01 
9.76244E+00 1.82240E+01 
-1.34502E+01 1.14238E+01 
-5.30302E+01 -4.76387E-01 
-1.07373E+02 -1.60663E+01 
-1.63271E+02 -3.00034E+01 
5.24476E+01 3.07078E+01 
5.34416E+01 3.10957E+01 
5.40598E+01 3.08890E+01 
5.47691E+01 3.10928E+01 
5.54322E+01 3.12644E+01 
5.60288E+01 3.13893E+01 
5.65340E+01 3.14526E+01 
5.68430E+01 3.14499E+01 
5.69174E+01 3.14395E+01 
5.71528E+01 3.13230E+01 
5.71520E+01 3.10835E+01 
5.68538E+01 3.07052E+01 
5.61888E+01 3.01745E+01 
5.46479E+01 2.97054E+01 
5.25050E+01 2.88685E+01 
4.97208E+01 2.78566E+01 
4.61830E+01 2.66595E+01 
4.17617E+01 2.52691E+01 
3.62961E+01 2.36747E+01 
2.95437E+01 2.18438E+01 
2.09774E+01 1.96449E+01 
9.06636E+00 1.65812E+01 
-1.03448E+01 1.12471E+01 
-4.33937E+01 1.79092E+00 
-8.86863E+01 -1.05374E+01 
-1.35111E+02 -2.13043E+01 
4.54798E+01 2.55548E+01 
4.62888E+01 2.59052E+01 
4.67413E+01 2.57324E+01 
4.73012E+01 2.59293E+01 
4.78211E+01 2.60982E+01 
4.82833E+01 2.62271E+01 
4.86655E+01 2.63040E+01 
4.88899E+01 2.63205E+01 
4.89414E+01 2.63174E+01 
4.90840E+01 2.62476E+01 
4.90215E+01 2.60782E+01 
4.87024E+01 2.57978E+01 
4.80684E+01 2.53973E+01 
4.67217E+01 2.50915E+01 
4.48594E+01 2.44696E+01 
4.24599E+01 2.37146E+01 
3.94309E+01 2.28210E+01 
3.56669E+01 2.17856E+01 
3.10375E+01 2.06033E+01 
2.53447E+01 1.92514E+01 
1.81537E+01 1.76252E+01 
8.18891E+00 1.53189E+01 
-8.02096E+00 1.11857E+01 
-3.55928E+01 3.74337E+00 
-7.33039E+01 -5.91002E+00 
-1.11798E+02 -1.41155E+01 
3.91578E+01 2.14048E+01 
3.98191E+01 2.17213E+01 
4.01473E+01 2.15770E+01 
4.05910E+01 2.17662E+01 
4.10004E+01 2.19311E+01 
4.13596E+01 2.20619E+01 
4.16489E+01 2.21490E+01 
4.18105E+01 2.21808E+01 
4.18456E+01 2.21836E+01 
4.19228E+01 2.21524E+01 
4.18227E+01 2.20412E+01 
4.15016E+01 2.18424E+01 
4.09111E+01 2.15502E+01 
3.97454E+01 2.13745E+01 
3.81380E+01 2.09271E+01 
3.60816E+01 2.03801E+01 
3.35010E+01 1.97320E+01 
3.03107E+01 1.89828E+01 
2.64053E+01 1.81318E+01 
2.16235E+01 1.71637E+01 
1.56065E+01 1.59960E+01 
7.29124E+00 1.42994E+01 
-6.22332E+00 1.11440E+01 
-2.92000E+01 5.35255E+00 
-6.05595E+01 -2.11824E+00 
-9.24183E+01 -8.26696E+00 
3.35343E+01 1.80372E+01 
3.40779E+01 1.83227E+01 
3.43126E+01 1.82027E+01 
3.46664E+01 1.83835E+01 
3.49906E+01 1.85431E+01 
3.52710E+01 1.86738E+01 
3.54906E+01 1.87681E+01 
3.56061E+01 1.88119E+01 
3.56293E+01 1.88194E+01 
3.56620E+01 1.88196E+01 
3.55415E+01 1.87564E+01 
3.52314E+01 1.86250E+01 
3.46914E+01 1.84225E+01 
3.36911E+01 1.83493E+01 
3.23127E+01 1.80423E+01 
3.05599E+01 1.76628E+01 
2.83720E+01 1.72117E+01 
2.56798E+01 1.66917E+01 
2.23984E+01 1.61051E+01 
1.83971E+01 1.54422E+01 
1.33796E+01 1.46387E+01 
6.45964E+00 1.34293E+01 
-4.78687E+00 1.10654E+01 
-2.39082E+01 6.62005E+00 
-4.99473E+01 9.20386E-01 
-7.62606E+01 -3.58762E+00 
2.86073E+01 1.52799E+01 
2.90566E+01 1.55371E+01 
2.92204E+01 1.54390E+01 
2.95045E+01 1.56109E+01 
2.97630E+01 1.57644E+01 
2.99832E+01 1.58936E+01 
3.01504E+01 1.59928E+01 
3.02324E+01 1.60458E+01 
3.02471E+01 1.60571E+01 
3.02502E+01 1.60827E+01 
3.01213E+01 1.60589E+01 
2.98302E+01 1.59832E+01 
2.93437E+01 1.58545E+01 
2.84925E+01 1.58612E+01 
2.73175E+01 1.56666E+01 
2.58315E+01 1.54209E+01 
2.39852E+01 1.51269E+01 
2.17233E+01 1.47890E+01 
1.89776E+01 1.44116E+01 
1.56423E+01 1.39893E+01 
1.14731E+01 1.34727E+01 
5.73132E+00 1.26497E+01 
-3.60827E+00 1.09222E+01 
-1.94957E+01 7.56827E+00 
-4.10801E+01 3.29739E+00 
-6.27637E+01 8.85221E-02 
2.43386E+01 1.30028E+01 
2.47120E+01 1.32344E+01 
2.48216E+01 1.31569E+01 
2.50514E+01 1.33197E+01 
2.52589E+01 1.34668E+01 
2.54329E+01 1.35935E+01 
2.55606E+01 1.36959E+01 
2.56182E+01 1.37562E+01 
2.56271E+01 1.37705E+01 
2.56113E+01 1.38167E+01 
2.54821E+01 1.38253E+01 
2.52146E+01 1.37953E+01 
2.47815E+01 1.37270E+01 
2.40629E+01 1.37953E+01 
2.30672E+01 1.36898E+01 
2.18138E+01 1.35502E+01 
2.02631E+01 1.33804E+01 
1.83712E+01 1.31860E+01 
1.60836E+01 1.29725E+01 
1.33147E+01 1.27381E+01 
9.86344E+00 1.24450E+01 
5.11421E+00 1.19255E+01 
-2.62377E+00 1.07062E+01 
-1.58000E+01 8.23151E+00 
-3.36572E+01 5.10569E+00 
-5.14812E+01 2.91669E+00 
2.06696E+01 1.11084E+01 
2.09815E+01 1.13169E+01 
2.10493E+01 1.12594E+01 
2.12365E+01 1.14134E+01 
2.14042E+01 1.15540E+01 
2.15426E+01 1.16779E+01 
2.16405E+01 1.17822E+01 
2.16805E+01 1.18481E+01 
2.16854E+01 1.18648E+01 
2.16582E+01 1.19278E+01 
2.15341E+01 1.19629E+01 
2.12924E+01 1.19702E+01 
2.09110E+01 1.19510E+01 
2.03090E+01 1.20659E+01 
1.94701E+01 1.20304E+01 
1.84184E+01 1.19740E+01 
1.71224E+01 1.19013E+01 
1.55472E+01 1.18187E+01 
1.36497E+01 1.17322E+01 
1.13609E+01 1.16425E+01 
8.51553E+00 1.15214E+01 
4.60081E+00 1.12376E+01 
-1.79371E+00 1.04204E+01 
-1.26987E+01 8.64908E+00 
-2.74404E+01 6.43412E+00 
-4.20514E+01 5.03764E+00 
1.75332E+01 9.52343E+00 
1.77947E+01 9.71147E+00 
1.78304E+01 9.67348E+00 
1.79840E+01 9.81903E+00 
1.81204E+01 9.95337E+00 
1.82312E+01 1.00742E+01 
1.83066E+01 1.01796E+01 
1.83341E+01 1.02499E+01 
1.83362E+01 1.02685E+01 
1.83031E+01 1.03449E+01 
1.81873E+01 1.04014E+01 
1.79721E+01 1.04388E+01 
1.76395E+01 1.04592E+01 
1.71395E+01 1.06083E+01 
1.64369E+01 1.06271E+01 
1.55592E+01 1.06351E+01 
1.44816E+01 1.06374E+01 
1.31765E+01 1.06404E+01 
1.16101E+01 1.06507E+01 
9.72708E+00 1.06706E+01 
7.39151E+00 1.06795E+01 
4.17686E+00 1.05760E+01 
-1.09226E+00 1.00740E+01 
-1.00964E+01 8.86064E+00 
-2.22366E+01 7.36400E+00 
-3.41776E+01 6.57580E+00 
1.48616E+01 8.19212E+00 
1.50818E+01 8.36201E+00 
1.50926E+01 8.34320E+00 
1.52196E+01 8.48075E+00 
1.53314E+01 8.60909E+00 
1.54207E+01 8.72670E+00 
1.54793E+01 8.83255E+00 
1.54978E+01 8.90602E+00 
1.54982E+01 8.92610E+00 
1.54630E+01 9.01319E+00 
1.53576E+01 9.08670E+00 
1.51684E+01 9.14811E+00 
1.48813E+01 9.19971E+00 
1.44697E+01 9.37304E+00 
1.38850E+01 9.43301E+00 
1.31568E+01 9.48983E+00 
1.22658E+01 9.54874E+00 
1.11904E+01 9.61612E+00 
9.90411E+00 9.69863E+00 
8.36291E+00 9.79950E+00 
6.45522E+00 9.90446E+00 
3.82656E+00 9.93651E+00 
-5.01258E-01 9.67822E+00 
-7.91628E+00 8.90327E+00 
-1.78871E+01 7.96730E+00 
-2.76130E+01 7.63883E+00 
1.25910E+01 7.07109E+00 
1.27770E+01 7.22494E+00 
1.27690E+01 7.22477E+00 
1.28748E+01 7.35478E+00 
1.29672E+01 7.47736E+00 
1.30398E+01 7.59168E+00 
1.30857E+01 7.69727E+00 
1.30983E+01 7.77297E+00 
1.30976E+01 7.79413E+00 
1.30630E+01 7.88930E+00 
1.29692E+01 7.97598E+00 
1.28051E+01 8.05597E+00 
1.25597E+01 8.13171E+00 
1.22245E+01 8.32088E+00 
1.17413E+01 8.41125E+00 
1.11412E+01 8.50412E+00 
1.04090E+01 8.60465E+00 
9.52814E+00 8.71900E+00 
8.47818E+00 8.85365E+00 
7.22407E+00 9.01252E+00 
5.67447E+00 9.18617E+00 
3.53517E+00 9.31742E+00 
-6.67511E-03 9.24467E+00 
-6.09499E+00 8.81011E+00 
-1.42592E+01 8.30626E+00 
-2.21514E+01 8.31837E+00 
1.06639E+01 6.12569E+00 
1.08216E+01 6.26536E+00 
1.07995E+01 6.28307E+00 
1.08885E+01 6.40590E+00 
1.09655E+01 6.52294E+00 
1.10253E+01 6.63380E+00 
1.10620E+01 6.73849E+00 
1.10706E+01 6.81546E+00 
1.10695E+01 6.83735E+00 
1.10374E+01 6.93828E+00 
1.09556E+01 7.03470E+00 
1.08153E+01 7.12853E+00 
1.06079E+01 7.22222E+00 
1.03384E+01 7.42037E+00 
9.94230E+00 7.53225E+00 
9.45135E+00 7.65065E+00 
8.85395E+00 7.78054E+00 
8.13747E+00 7.92771E+00 
7.28621E+00 8.09832E+00 
6.27249E+00 8.29668E+00 
5.02169E+00 8.51711E+00 
3.29003E+00 8.71841E+00 
4.03263E-01 8.78400E+00 
-4.57902E+00 8.60983E+00 
-1.12412E+01 8.43381E+00 
-1.76184E+01 8.69158E+00 
9.02984E+00 5.32763E+00 
9.16414E+00 5.45471E+00 
9.13197E+00 5.48929E+00 
9.20748E+00 5.60526E+00 
9.27245E+00 5.71685E+00 
9.32234E+00 5.82405E+00 
9.35240E+00 5.92716E+00 
9.35886E+00 6.00451E+00 
9.35760E+00 6.02679E+00 
9.32941E+00 6.13134E+00 
9.25968E+00 6.23440E+00 
9.14168E+00 6.33792E+00 
8.96867E+00 6.44423E+00 
8.75538E+00 6.64576E+00 
8.43367E+00 6.77182E+00 
8.03552E+00 6.90716E+00 
7.55210E+00 7.05644E+00 
6.97397E+00 7.22502E+00 
6.28922E+00 7.41864E+00 
5.47612E+00 7.64174E+00 
4.47387E+00 7.89154E+00 
3.08084E+00 8.13967E+00 
7.38934E-01 8.30552E+00 
-3.32284E+00 8.32680E+00 
-8.73853E+00 8.39443E+00 
-1.38672E+01 8.82279E+00 
7.64539E+00 4.65337E+00 
7.76018E+00 4.76922E+00 
7.72122E+00 4.81945E+00 
7.78607E+00 4.92876E+00 
7.84159E+00 5.03492E+00 
7.88405E+00 5.13819E+00 
7.90952E+00 5.23905E+00 
7.91502E+00 5.31590E+00 
7.91398E+00 5.33825E+00 
7.89052E+00 5.44447E+00 
7.83267E+00 5.55143E+00 
7.73524E+00 5.66100E+00 
7.59311E+00 5.77537E+00 
7.42771E+00 5.97571E+00 
7.16934E+00 6.10999E+00 
6.84975E+00 6.25532E+00 
6.46238E+00 6.41596E+00 
6.00026E+00 6.59683E+00 
5.45454E+00 6.80315E+00 
4.80827E+00 7.03937E+00 
4.01204E+00 7.30490E+00 
2.89947E+00 7.58153E+00 
1.00968E+00 7.81714E+00 
-2.28745E+00 7.98145E+00 
-6.67074E+00 8.22522E+00 
-1.07730E+01 8.76530E+00 
6.47320E+00 4.08302E+00 
6.57175E+00 4.18878E+00 
6.52875E+00 4.25324E+00 
6.58515E+00 4.35605E+00 
6.63334E+00 4.45674E+00 
6.67027E+00 4.55575E+00 
6.69277E+00 4.65368E+00 
6.69825E+00 4.72921E+00 
6.69764E+00 4.75133E+00 
6.67945E+00 4.85745E+00 
6.63301E+00 4.96589E+00 
6.55440E+00 5.07838E+00 
6.43979E+00 5.19693E+00 
6.31497E+00 5.39243E+00 
6.11028E+00 5.53014E+00 
5.85693E+00 5.67987E+00 
5.55014E+00 5.84550E+00 
5.18493E+00 6.03145E+00 
4.75482E+00 6.24244E+00 
4.24671E+00 6.48275E+00 
3.62060E+00 6.75344E+00 
2.73954E+00 7.04426E+00 
1.22398E+00 7.32545E+00 
-1.43929E+00 7.59077E+00 
-4.96939E+00 7.95692E+00 
-8.23033E+00 8.56307E+00 
5.48161E+00 3.59978E+00 
5.56662E+00 3.69642E+00 
5.52185E+00 3.77356E+00 
5.57158E+00 3.86994E+00 
5.61415E+00 3.96507E+00 
5.64706E+00 4.05948E+00 
5.66783E+00 4.15382E+00 
5.67396E+00 4.22727E+00 
5.67393E+00 4.24889E+00 
5.66123E+00 4.35334E+00 
5.62557E+00 4.46114E+00 
5.56400E+00 4.57389E+00 
5.47372E+00 4.69337E+00 
5.38311E+00 4.88119E+00 
5.22366E+00 5.01852E+00 
5.02587E+00 5.16827E+00 
4.78638E+00 5.33390E+00 
4.50173E+00 5.51934E+00 
4.16731E+00 5.72880E+00 
3.77310E+00 5.96633E+00 
3.28683E+00 6.23415E+00 
2.59613E+00 6.52819E+00 
1.38941E+00 6.83593E+00 
-7.49690E-01 7.16885E+00 
-3.57650E+00 7.61496E+00 
-6.15000E+00 8.25224E+00 
4.64358E+00 3.18935E+00 
4.71731E+00 3.27769E+00 
4.67263E+00 3.36583E+00 
4.71712E+00 3.45583E+00 
4.75540E+00 3.54528E+00 
4.78550E+00 3.63474E+00 
4.80545E+00 3.72487E+00 
4.81270E+00 3.79556E+00 
4.81333E+00 3.81645E+00 
4.80614E+00 3.91785E+00 
4.78047E+00 4.02322E+00 
4.73416E+00 4.13400E+00 
4.66521E+00 4.25178E+00 
4.60322E+00 4.42973E+00 
4.48167E+00 4.56374E+00 
4.33024E+00 4.71012E+00 
4.14664E+00 4.87194E+00 
3.92859E+00 5.05263E+00 
3.67296E+00 5.25591E+00 
3.37216E+00 5.48554E+00 
3.00029E+00 5.74455E+00 
2.46545E+00 6.03355E+00 
1.51276E+00 6.35310E+00 
-1.94040E-01 6.72731E+00 
-2.44272E+00 7.22022E+00 
-4.45651E+00 7.86235E+00 
3.93609E+00 2.83962E+00 
4.00041E+00 2.92036E+00 
3.95735E+00 3.01773E+00 
3.99774E+00 3.10138E+00 
4.03279E+00 3.18502E+00 
4.06097E+00 3.26921E+00 
4.08078E+00 3.35459E+00 
4.08944E+00 3.42192E+00 
4.09076E+00 3.44187E+00 
4.08890E+00 3.53905E+00 
4.07234E+00 3.64051E+00 
4.03954E+00 3.74751E+00 
3.98910E+00 3.86147E+00 
3.95083E+00 4.02799E+00 
3.86083E+00 4.15647E+00 
3.74781E+00 4.29695E+00 
3.61033E+00 4.45211E+00 
3.44703E+00 4.62494E+00 
3.25586E+00 4.81866E+00 
3.03122E+00 5.03671E+00 
2.75238E+00 5.28264E+00 
2.34454E+00 5.56054E+00 
1.60004E+00 5.88067E+00 
2.48703E-01 6.27570E+00 
-1.52622E+00 6.78985E+00 
-3.08609E+00 7.41748E+00 
3.33953E+00 2.54036E+00 
3.39597E+00 2.61411E+00 
3.35580E+00 2.71889E+00 
3.39296E+00 2.79620E+00 
3.42561E+00 2.87392E+00 
3.45255E+00 2.95256E+00 
3.47267E+00 3.03270E+00 
3.48286E+00 3.09617E+00 
3.48488E+00 3.11502E+00 
3.48802E+00 3.20703E+00 
3.47962E+00 3.30339E+00 
3.45861E+00 3.40521E+00 
3.42406E+00 3.51372E+00 
3.40525E+00 3.66773E+00 
3.34128E+00 3.78908E+00 
3.25984E+00 3.92184E+00 
3.16016E+00 4.06833E+00 
3.04152E+00 4.23109E+00 
2.90275E+00 4.41291E+00 
2.73975E+00 4.61689E+00 
2.53611E+00 4.84684E+00 
2.23116E+00 5.10936E+00 
1.65657E+00 5.42165E+00 
5.96503E-01 5.82181E+00 
-7.91555E-01 6.33783E+00 
-1.98495E+00 6.93714E+00 
2.83714E+00 2.28301E+00 
2.88698E+00 2.35028E+00 
2.85071E+00 2.46060E+00 
2.88534E+00 2.53161E+00 
2.91619E+00 2.60330E+00 
2.94237E+00 2.67615E+00 
2.96307E+00 2.75069E+00 
2.97481E+00 2.80990E+00 
2.97749E+00 2.82751E+00 
2.98519E+00 2.91361E+00 
2.98396E+00 3.00397E+00 
2.97309E+00 3.09955E+00 
2.95199E+00 3.20142E+00 
2.94894E+00 3.34230E+00 
2.90624E+00 3.45544E+00 
2.85055E+00 3.57925E+00 
2.78155E+00 3.71571E+00 
2.69906E+00 3.86697E+00 
2.60252E+00 4.03538E+00 
2.48905E+00 4.22369E+00 
2.34570E+00 4.43585E+00 
2.12360E+00 4.68012E+00 
1.68702E+00 4.97849E+00 
8.64702E-01 5.37197E+00 
-2.08705E-01 5.87547E+00 
-1.10771E+00 6.43704E+00 
2.40861E+00 2.05716E+00 
2.45283E+00 2.11831E+00 
2.42135E+00 2.23233E+00 
2.45394E+00 2.29698E+00 
2.48343E+00 2.36249E+00 
2.50917E+00 2.42930E+00 
2.53057E+00 2.49787E+00 
2.54381E+00 2.55246E+00 
2.54710E+00 2.56871E+00 
2.55889E+00 2.64828E+00 
2.56391E+00 2.73189E+00 
2.56173E+00 2.82038E+00 
2.55201E+00 2.91467E+00 
2.56166E+00 3.04196E+00 
2.53638E+00 3.14610E+00 
2.50174E+00 3.26006E+00 
2.45776E+00 3.38551E+00 
2.40464E+00 3.52422E+00 
2.34228E+00 3.67815E+00 
2.26876E+00 3.84970E+00 
2.17401E+00 4.04279E+00 
2.01904E+00 4.26676E+00 
1.69548E+00 4.54664E+00 
1.06906E+00 4.92451E+00 
2.53955E-01 5.40470E+00 
-4.06711E-01 5.92181E+00 
2.05481E+00 1.86373E+00 
2.09438E+00 1.91926E+00 
2.06825E+00 2.03502E+00 
2.09922E+00 2.09348E+00 
2.12768E+00 2.15291E+00 
2.15317E+00 2.21368E+00 
2.17527E+00 2.27621E+00 
2.18982E+00 2.32607E+00 
2.19363E+00 2.34092E+00 
2.20885E+00 2.41372E+00 
2.21903E+00 2.49029E+00 
2.22391E+00 2.57136E+00 
2.22334E+00 2.65772E+00 
2.24271E+00 2.77169E+00 
2.23107E+00 2.86665E+00 
2.21288E+00 2.97057E+00 
2.18844E+00 3.08481E+00 
2.15817E+00 3.21079E+00 
2.12233E+00 3.35014E+00 
2.07970E+00 3.50492E+00 
2.02252E+00 3.67892E+00 
1.91980E+00 3.88205E+00 
1.68539E+00 4.14094E+00 
1.21462E+00 4.49732E+00 
6.03933E-01 4.94737E+00 
1.29013E-01 5.41739E+00 
1.75801E+00 1.69397E+00 
1.79365E+00 1.74421E+00 
1.77335E+00 1.85984E+00 
1.80297E+00 1.91223E+00 
1.83059E+00 1.96563E+00 
1.85589E+00 2.02036E+00 
1.87860E+00 2.07678E+00 
1.89424E+00 2.12183E+00 
1.89848E+00 2.13527E+00 
1.91653E+00 2.20115E+00 
1.93089E+00 2.27050E+00 
1.94146E+00 2.34396E+00 
1.94823E+00 2.42220E+00 
1.97492E+00 2.52314E+00 
1.97396E+00 2.60892E+00 
1.96868E+00 2.70275E+00 
1.95953E+00 2.80572E+00 
1.94713E+00 2.91898E+00 
1.93195E+00 3.04382E+00 
1.91332E+00 3.18199E+00 
1.88534E+00 3.33708E+00 
1.82361E+00 3.51919E+00 
1.66024E+00 3.75549E+00 
1.31460E+00 4.08631E+00 
8.67606E-01 4.50164E+00 
5.38878E-01 4.92330E+00 
1.50935E+00 1.54376E+00 
1.54165E+00 1.58904E+00 
1.52754E+00 1.70270E+00 
1.55597E+00 1.74918E+00 
1.58284E+00 1.79666E+00 
1.60794E+00 1.84542E+00 
1.63109E+00 1.89579E+00 
1.64757E+00 1.93607E+00 
1.65215E+00 1.94809E+00 
1.67240E+00 2.00707E+00 
1.69003E+00 2.06922E+00 
1.70503E+00 2.13509E+00 
1.71750E+00 2.20525E+00 
1.74949E+00 2.29368E+00 
1.75672E+00 2.37044E+00 
1.76137E+00 2.45436E+00 
1.76400E+00 2.54629E+00 
1.76533E+00 2.64710E+00 
1.76599E+00 2.75779E+00 
1.76571E+00 2.87982E+00 
1.76008E+00 3.01654E+00 
1.73011E+00 3.17795E+00 
1.62288E+00 3.39094E+00 
1.37715E+00 3.69374E+00 
1.06033E+00 4.07174E+00 
8.45588E-01 4.44533E+00 
1.30130E+00 1.40969E+00 
1.33075E+00 1.45029E+00 
1.32303E+00 1.56023E+00 
1.35037E+00 1.60100E+00 
1.37651E+00 1.64274E+00 
1.40131E+00 1.68572E+00 
1.42468E+00 1.73019E+00 
1.44172E+00 1.76581E+00 
1.44653E+00 1.77644E+00 
1.46837E+00 1.82870E+00 
1.48841E+00 1.88383E+00 
1.50673E+00 1.94230E+00 
1.52346E+00 2.00459E+00 
1.55903E+00 2.08117E+00 
1.57238E+00 2.14926E+00 
1.58449E+00 2.22364E+00 
1.59600E+00 2.30492E+00 
1.60767E+00 2.39374E+00 
1.62023E+00 2.49084E+00 
1.63369E+00 2.59743E+00 
1.64486E+00 2.71659E+00 
1.63913E+00 2.85797E+00 
1.57581E+00 3.04764E+00 
1.40925E+00 3.32118E+00 
1.19509E+00 3.66079E+00 
1.06823E+00 3.98770E+00 
1.12721E+00 1.28877E+00 
1.15420E+00 1.32497E+00 
1.15297E+00 1.42951E+00 
1.17924E+00 1.46482E+00 
1.20459E+00 1.50108E+00 
1.22896E+00 1.53850E+00 
1.25229E+00 1.57732E+00 
1.26961E+00 1.60847E+00 
1.27456E+00 1.61778E+00 
1.29739E+00 1.66359E+00 
1.31906E+00 1.71199E+00 
1.33969E+00 1.76339E+00 
1.35947E+00 1.81817E+00 
1.39718E+00 1.88366E+00 
1.41495E+00 1.94352E+00 
1.43251E+00 2.00880E+00 
1.45052E+00 2.07993E+00 
1.46978E+00 2.15735E+00 
1.49106E+00 2.24156E+00 
1.51457E+00 2.33353E+00 
1.53806E+00 2.43607E+00 
1.55050E+00 2.55835E+00 
1.52116E+00 2.72515E+00 
1.41682E+00 2.96914E+00 
1.28298E+00 3.27040E+00 
1.22301E+00 3.55277E+00 
9.82033E-01 1.17893E+00 
1.00689E+00 1.21100E+00 
1.01210E+00 1.30860E+00 
1.03726E+00 1.33879E+00 
1.06174E+00 1.36989E+00 
1.08549E+00 1.40209E+00 
1.10851E+00 1.43560E+00 
1.12582E+00 1.46256E+00 
1.13081E+00 1.47063E+00 
1.15409E+00 1.51038E+00 
1.17670E+00 1.55248E+00 
1.19877E+00 1.59724E+00 
1.22055E+00 1.64497E+00 
1.25921E+00 1.70023E+00 
1.28000E+00 1.75238E+00 
1.30136E+00 1.80911E+00 
1.32397E+00 1.87070E+00 
1.34860E+00 1.93739E+00 
1.37602E+00 2.00950E+00 
1.40660E+00 2.08780E+00 
1.43880E+00 2.17481E+00 
1.46450E+00 2.27914E+00 
1.46097E+00 2.42395E+00 
1.40489E+00 2.63887E+00 
1.33299E+00 2.90278E+00 
1.32294E+00 3.14342E+00 
8.61148E-01 1.07830E+00 
8.84110E-01 1.10650E+00 
8.95609E-01 1.19580E+00 
9.19584E-01 1.22126E+00 
9.43045E-01 1.24760E+00 
9.65986E-01 1.27498E+00 
9.88424E-01 1.30359E+00 
1.00546E+00 1.32668E+00 
1.01040E+00 1.33361E+00 
1.03365E+00 1.36778E+00 
1.05658E+00 1.40405E+00 
1.07937E+00 1.44268E+00 
1.10228E+00 1.48388E+00 
1.14094E+00 1.52983E+00 
1.16364E+00 1.57481E+00 
1.18749E+00 1.62358E+00 
1.21316E+00 1.67627E+00 
1.24138E+00 1.73296E+00 
1.27292E+00 1.79383E+00 
1.30820E+00 1.85946E+00 
1.34626E+00 1.93210E+00 
1.38128E+00 2.01972E+00 
1.39699E+00 2.14372E+00 
1.37779E+00 2.33062E+00 
1.35298E+00 2.55883E+00 
1.37928E+00 2.76092E+00 
7.60681E-01 9.85390E-01 
7.81944E-01 1.01001E+00 
7.99421E-01 1.08987E+00 
8.22106E-01 1.11104E+00 
8.44407E-01 1.13307E+00 
8.66339E-01 1.15610E+00 
8.87939E-01 1.18028E+00 
9.04463E-01 1.19987E+00 
9.09269E-01 1.20576E+00 
9.32072E-01 1.23487E+00 
9.54825E-01 1.26586E+00 
9.77740E-01 1.29890E+00 
1.00109E+00 1.33412E+00 
1.03899E+00 1.37167E+00 
1.06272E+00 1.41005E+00 
1.08804E+00 1.45146E+00 
1.11558E+00 1.49590E+00 
1.14602E+00 1.54335E+00 
1.18007E+00 1.59385E+00 
1.21819E+00 1.64783E+00 
1.25987E+00 1.70729E+00 
1.30110E+00 1.77954E+00 
1.33074E+00 1.88409E+00 
1.33923E+00 2.04442E+00 
1.34950E+00 2.23908E+00 
1.40142E+00 2.40603E+00 
6.77209E-01 8.98941E-01 
6.96915E-01 9.20269E-01 
7.19934E-01 9.89787E-01 
7.41212E-01 1.00716E+00 
7.62202E-01 1.02537E+00 
7.82938E-01 1.04454E+00 
8.03475E-01 1.06479E+00 
8.19280E-01 1.08127E+00 
8.23895E-01 1.08623E+00 
8.45906E-01 1.11083E+00 
8.68085E-01 1.13707E+00 
8.90662E-01 1.16505E+00 
9.13914E-01 1.19484E+00 
9.50484E-01 1.22489E+00 
9.74609E-01 1.25720E+00 
1.00062E+00 1.29183E+00 
1.02911E+00 1.32868E+00 
1.06070E+00 1.36762E+00 
1.09603E+00 1.40860E+00 
1.13557E+00 1.45195E+00 
1.17912E+00 1.49942E+00 
1.22412E+00 1.55765E+00 
1.26347E+00 1.64425E+00 
1.29227E+00 1.77974E+00 
1.32804E+00 1.94328E+00 
1.39715E+00 2.07857E+00 
6.07942E-01 8.18094E-01 
6.26197E-01 8.36432E-01 
6.54185E-01 8.95003E-01 
6.73940E-01 9.09092E-01 
6.93484E-01 9.24004E-01 
7.12867E-01 9.39830E-01 
7.32162E-01 9.56659E-01 
7.47092E-01 9.70421E-01 
7.51466E-01 9.74572E-01 
7.72432E-01 9.95178E-01 
7.93747E-01 1.01719E+00 
8.15649E-01 1.04063E+00 
8.38420E-01 1.06552E+00 
8.73255E-01 1.08894E+00 
8.97290E-01 1.11570E+00 
9.23421E-01 1.14410E+00 
9.52172E-01 1.17398E+00 
9.84103E-01 1.20513E+00 
1.01977E+00 1.23745E+00 
1.05964E+00 1.27117E+00 
1.10371E+00 1.30784E+00 
1.15058E+00 1.35342E+00 
1.19631E+00 1.42364E+00 
1.23949E+00 1.53622E+00 
1.29314E+00 1.67129E+00 
1.37288E+00 1.77843E+00 
5.50450E-01 7.42201E-01 
5.67337E-01 7.57857E-01 
5.99589E-01 8.05203E-01 
6.17725E-01 8.16541E-01 
6.35720E-01 8.28672E-01 
6.53638E-01 8.41659E-01 
6.71568E-01 8.55559E-01 
6.85518E-01 8.66968E-01 
6.89620E-01 8.70414E-01 
7.09377E-01 8.87530E-01 
7.29639E-01 9.05794E-01 
7.50648E-01 9.25183E-01 
7.72682E-01 9.45637E-01 
8.05514E-01 9.63253E-01 
8.29131E-01 9.84935E-01 
8.54964E-01 1.00763E+00 
8.83476E-01 1.03113E+00 
9.15146E-01 1.05521E+00 
9.50452E-01 1.07970E+00 
9.89812E-01 1.10477E+00 
1.03340E+00 1.13180E+00 
1.08067E+00 1.16610E+00 
1.13014E+00 1.22156E+00 
1.18303E+00 1.31328E+00 
1.24854E+00 1.42265E+00 
1.33386E+00 1.50509E+00 
5.02654E-01 6.70839E-01 
5.18243E-01 6.84114E-01 
5.53937E-01 7.20306E-01 
5.70394E-01 7.29402E-01 
5.86781E-01 7.39244E-01 
6.03178E-01 7.49865E-01 
6.19684E-01 7.61286E-01 
6.32608E-01 7.70676E-01 
6.36422E-01 7.73512E-01 
6.54894E-01 7.87582E-01 
6.74011E-01 8.02528E-01 
6.94012E-01 8.18277E-01 
7.15161E-01 8.34721E-01 
7.45843E-01 8.47290E-01 
7.68827E-01 8.64322E-01 
7.94079E-01 8.81811E-01 
8.21990E-01 8.99513E-01 
8.52959E-01 9.17184E-01 
8.87378E-01 9.34650E-01 
9.25616E-01 9.52042E-01 
9.67954E-01 9.70579E-01 
1.01451E+00 9.94950E-01 
1.06568E+00 1.03727E+00 
1.12459E+00 1.11024E+00 
1.19727E+00 1.19671E+00 
1.28436E+00 1.25780E+00 
4.62775E-01 6.03772E-01 
4.77138E-01 6.14953E-01 
5.15353E-01 6.40411E-01 
5.30122E-01 6.47732E-01 
5.44902E-01 6.55725E-01 
5.59784E-01 6.64392E-01 
5.74877E-01 6.73722E-01 
5.86782E-01 6.81378E-01 
5.90311E-01 6.83685E-01 
6.07502E-01 6.95081E-01 
6.25466E-01 7.07069E-01 
6.44429E-01 7.19534E-01 
6.64636E-01 7.32334E-01 
6.93116E-01 7.40542E-01 
7.15340E-01 7.53318E-01 
7.39821E-01 7.66061E-01 
7.66877E-01 7.78518E-01 
7.96825E-01 7.90449E-01 
8.29973E-01 8.01687E-01 
8.66633E-01 8.12344E-01 
9.07156E-01 8.23498E-01 
9.52156E-01 8.39253E-01 
1.00346E+00 8.70052E-01 
1.06552E+00 9.26420E-01 
1.14176E+00 9.92760E-01 
1.22777E+00 1.03567E+00 
4.29295E-01 5.40894E-01 
4.42516E-01 5.50236E-01 
4.82264E-01 5.65715E-01 
4.95397E-01 5.71656E-01 
5.08633E-01 5.78165E-01 
5.22071E-01 5.85215E-01 
5.35828E-01 5.92764E-01 
5.46773E-01 5.98910E-01 
5.50033E-01 6.00752E-01 
5.66019E-01 6.09768E-01 
5.82888E-01 6.19086E-01 
6.00850E-01 6.28561E-01 
6.20118E-01 6.38031E-01 
6.46421E-01 6.42495E-01 
6.67818E-01 6.51380E-01 
6.91405E-01 6.59818E-01 
7.17426E-01 6.67569E-01 
7.46118E-01 6.74411E-01 
7.77712E-01 6.80199E-01 
8.12460E-01 6.85042E-01 
8.50755E-01 6.89894E-01 
8.93587E-01 6.98311E-01 
9.43828E-01 7.19175E-01 
1.00683E+00 7.61040E-01 
1.08388E+00 8.09958E-01 
1.16679E+00 8.37688E-01 
4.00943E-01 4.82200E-01 
4.13126E-01 4.89915E-01 
4.53395E-01 4.96460E-01 
4.65007E-01 5.01328E-01 
4.76825E-01 5.06628E-01 
4.88952E-01 5.12309E-01 
5.01506E-01 5.18302E-01 
5.11592E-01 5.23102E-01 
5.14612E-01 5.24526E-01 
5.29519E-01 5.31381E-01 
5.45401E-01 5.38251E-01 
5.62440E-01 5.44978E-01 
5.80816E-01 5.51392E-01 
6.05017E-01 5.52658E-01 
6.25554E-01 5.58003E-01 
6.48163E-01 5.62569E-01 
6.73019E-01 5.66145E-01 
7.00282E-01 5.68542E-01 
7.30110E-01 5.69647E-01 
7.62703E-01 5.69574E-01 
7.98478E-01 5.69170E-01 
8.38697E-01 5.71477E-01 
8.86991E-01 5.83935E-01 
9.49280E-01 6.13344E-01 
1.02509E+00 6.47434E-01 
1.10346E+00 6.62749E-01 
3.76638E-01 4.27633E-01 
3.87910E-01 4.33881E-01 
4.27706E-01 4.32756E-01 
4.37971E-01 4.36753E-01 
4.48551E-01 4.41021E-01 
4.59548E-01 4.45488E-01 
4.71074E-01 4.50068E-01 
4.80429E-01 4.53628E-01 
4.83246E-01 4.54663E-01 
4.97231E-01 4.59510E-01 
5.12256E-01 4.64101E-01 
5.28471E-01 4.68279E-01 
5.46015E-01 4.71879E-01 
5.68218E-01 4.70435E-01 
5.87876E-01 4.72578E-01 
6.09443E-01 4.73702E-01 
6.33028E-01 4.73629E-01 
6.58725E-01 4.72215E-01 
6.86627E-01 4.69383E-01 
7.16886E-01 4.65262E-01 
7.49934E-01 4.60595E-01 
7.87230E-01 4.57953E-01 
8.32934E-01 4.63450E-01 
8.93272E-01 4.82346E-01 
9.66350E-01 5.04032E-01 
1.03926E+00 5.09439E-01 
3.55649E-01 3.77426E-01 
3.66159E-01 3.82319E-01 
4.04566E-01 3.74962E-01 
4.13711E-01 3.78195E-01 
4.23276E-01 3.81521E-01 
4.33359E-01 3.84854E-01 
4.44061E-01 3.88099E-01 
4.52830E-01 3.90484E-01 
4.55482E-01 3.91152E-01 
4.68717E-01 3.94104E-01 
4.83024E-01 3.96562E-01 
4.98515E-01 3.98380E-01 
5.15289E-01 3.99413E-01 
5.35619E-01 3.95706E-01 
5.54380E-01 3.95008E-01 
5.74850E-01 3.93138E-01 
5.97080E-01 3.89962E-01 
6.21106E-01 3.85379E-01 
6.46966E-01 3.79356E-01 
6.74777E-01 3.72032E-01 
7.04976E-01 3.64058E-01 
7.39162E-01 3.57569E-01 
7.81842E-01 3.57484E-01 
8.39353E-01 3.67732E-01 
9.08673E-01 3.79308E-01 
9.75602E-01 3.77086E-01 
3.37239E-01 3.31280E-01 
3.47146E-01 3.34875E-01 
3.83361E-01 3.22741E-01 
3.91634E-01 3.25225E-01 
4.00424E-01 3.27619E-01 
4.09816E-01 3.29831E-01 
4.19894E-01 3.31766E-01 
4.28214E-01 3.33008E-01 
4.30739E-01 3.33322E-01 
4.43380E-01 3.34458E-01 
4.57087E-01 3.34906E-01 
4.71933E-01 3.34542E-01 
4.87976E-01 3.33247E-01 
5.06546E-01 3.27674E-01 
5.24377E-01 3.24496E-01 
5.43687E-01 3.20076E-01 
5.64477E-01 3.14327E-01 
5.86737E-01 3.07194E-01 
6.10464E-01 2.98681E-01 
6.35742E-01 2.88937E-01 
6.63019E-01 2.78526E-01 
6.93983E-01 2.69182E-01 
7.33353E-01 2.64756E-01 
7.87426E-01 2.68030E-01 
8.52302E-01 2.71532E-01 
9.12999E-01 2.63641E-01 
3.20974E-01 2.89095E-01 
3.30439E-01 2.91413E-01 
3.63813E-01 2.75929E-01 
3.71471E-01 2.77616E-01 
3.79723E-01 2.79038E-01 
3.88635E-01 2.80107E-01 
3.98273E-01 2.80732E-01 
4.06266E-01 2.80854E-01 
4.08696E-01 2.80823E-01 
4.20870E-01 2.80223E-01 
4.34064E-01 2.78795E-01 
4.48314E-01 2.76443E-01 
4.63639E-01 2.73080E-01 
4.80552E-01 2.66012E-01 
4.97403E-01 2.60731E-01 
5.15483E-01 2.54217E-01 
5.34755E-01 2.46426E-01 
5.55171E-01 2.37344E-01 
5.76698E-01 2.27008E-01 
5.99403E-01 2.15573E-01 
6.23736E-01 2.03520E-01 
6.51445E-01 1.92217E-01 
6.87348E-01 1.84568E-01 
7.37598E-01 1.82391E-01 
7.97622E-01 1.79643E-01 
8.52067E-01 1.67772E-01 
3.06537E-01 2.50614E-01 
3.15709E-01 2.51655E-01 
3.45768E-01 2.34128E-01 
3.53050E-01 2.34933E-01 
3.60974E-01 2.35321E-01 
3.69588E-01 2.35211E-01 
3.78936E-01 2.34527E-01 
3.86693E-01 2.33557E-01 
3.89050E-01 2.33195E-01 
4.00843E-01 2.30955E-01 
4.13572E-01 2.27806E-01 
4.27238E-01 2.23683E-01 
4.41825E-01 2.18532E-01 
4.57166E-01 2.10316E-01 
4.72970E-01 2.03325E-01 
4.89746E-01 1.95174E-01 
5.07425E-01 1.85857E-01 
5.25934E-01 1.75396E-01 
5.45222E-01 1.63855E-01 
5.65344E-01 1.51388E-01 
5.86757E-01 1.38395E-01 
6.11238E-01 1.25916E-01 
6.43619E-01 1.16026E-01 
6.89833E-01 1.09743E-01 
7.44811E-01 1.02335E-01 
7.93154E-01 8.78953E-02 
2.93723E-01 2.15503E-01 
3.02725E-01 2.15263E-01 
3.29174E-01 1.96828E-01 
3.36282E-01 1.96660E-01 
3.44049E-01 1.95954E-01 
3.52501E-01 1.94645E-01 
3.61659E-01 1.92673E-01 
3.69237E-01 1.90658E-01 
3.71534E-01 1.89985E-01 
3.82984E-01 1.86232E-01 
3.95252E-01 1.81547E-01 
4.08309E-01 1.75897E-01 
4.22113E-01 1.69261E-01 
4.35943E-01 1.60225E-01 
4.50626E-01 1.51920E-01 
4.66021E-01 1.42578E-01 
4.82041E-01 1.32227E-01 
4.98597E-01 1.20916E-01 
5.15631E-01 1.08727E-01 
5.33194E-01 9.58090E-02 
5.51749E-01 8.24803E-02 
5.73080E-01 6.94920E-02 
6.01968E-01 5.82005E-02 
6.44069E-01 4.89741E-02 
6.93973E-01 3.82620E-02 
7.36477E-01 2.24052E-02 
2.82400E-01 1.83387E-01 
2.91321E-01 1.81878E-01 
3.14040E-01 1.63461E-01 
3.21123E-01 1.62250E-01 
3.28848E-01 1.60418E-01 
3.37221E-01 1.57919E-01 
3.46241E-01 1.54715E-01 
3.53658E-01 1.51731E-01 
3.55897E-01 1.50773E-01 
3.66994E-01 1.45671E-01 
3.78766E-01 1.39668E-01 
3.91160E-01 1.32762E-01 
4.04109E-01 1.24961E-01 
4.16476E-01 1.15413E-01 
4.29955E-01 1.06185E-01 
4.43898E-01 9.60812E-02 
4.58206E-01 8.51522E-02 
4.72787E-01 7.34671E-02 
4.87579E-01 6.11184E-02 
5.02638E-01 4.82426E-02 
5.18433E-01 3.50832E-02 
5.36736E-01 2.21334E-02 
5.62223E-01 1.01409E-02 
6.00242E-01 -1.04683E-03 
6.45164E-01 -1.39306E-02 
6.82177E-01 -3.02932E-02 
2.72478E-01 1.53890E-01 
2.81365E-01 1.51150E-01 
3.00386E-01 1.33463E-01 
3.07536E-01 1.31174E-01 
3.15278E-01 1.28226E-01 
3.23600E-01 1.24593E-01 
3.32482E-01 1.20254E-01 
3.39719E-01 1.16407E-01 
3.41893E-01 1.15201E-01 
3.52590E-01 1.08950E-01 
3.63798E-01 1.01877E-01 
3.75448E-01 9.40037E-02 
3.87461E-01 8.53642E-02 
3.98396E-01 7.55905E-02 
4.10595E-01 6.58169E-02 
4.23027E-01 5.53477E-02 
4.35592E-01 4.42511E-02 
4.48198E-01 3.26077E-02 
4.60790E-01 2.05126E-02 
4.73431E-01 8.08566E-03 
4.86595E-01 -4.50061E-03 
5.02028E-01 -1.69770E-02 
5.24259E-01 -2.91050E-02 
5.58306E-01 -4.14433E-02 
5.98432E-01 -5.55756E-02 
6.30357E-01 -7.17464E-02 
2.63870E-01 1.26647E-01 
2.72728E-01 1.22749E-01 
2.88209E-01 1.06296E-01 
2.95456E-01 1.02948E-01 
3.03219E-01 9.89426E-02 
3.11467E-01 9.42736E-02 
3.20167E-01 8.89412E-02 
3.27180E-01 8.43654E-02 
3.29273E-01 8.29544E-02 
3.39487E-01 7.57862E-02 
3.50042E-01 6.79097E-02 
3.60857E-01 5.93675E-02 
3.71847E-01 5.02120E-02 
3.81377E-01 4.04748E-02 
3.92230E-01 3.05040E-02 
4.03111E-01 2.00260E-02 
4.13923E-01 9.11850E-03 
4.24581E-01 -2.13357E-03 
4.35041E-01 -1.36386E-02 
4.45378E-01 -2.52970E-02 
4.56065E-01 -3.70021E-02 
4.68812E-01 -4.86761E-02 
4.87971E-01 -6.04990E-02 
5.18218E-01 -7.33363E-02 
5.53799E-01 -8.79845E-02 
5.81064E-01 -1.03452E-01 
2.56516E-01 1.01468E-01 
2.65311E-01 9.65287E-02 
2.77517E-01 8.16205E-02 
2.84837E-01 7.72876E-02 
2.92575E-01 7.23378E-02 
3.00687E-01 6.67810E-02 
3.09128E-01 6.06345E-02 
3.15850E-01 5.54896E-02 
3.17842E-01 5.39234E-02 
3.27478E-01 4.60916E-02 
3.37283E-01 3.76899E-02 
3.47175E-01 2.87751E-02 
3.57065E-01 1.94113E-02 
3.65221E-01 9.94199E-03 
3.74688E-01 8.50212E-05 
3.84007E-01 -1.00955E-02 
3.93091E-01 -2.05188E-02 
4.01864E-01 -3.11017E-02 
4.10296E-01 -4.17609E-02 
4.18475E-01 -5.24191E-02 
4.26875E-01 -6.30289E-02 
4.37152E-01 -7.36727E-02 
4.53464E-01 -8.48657E-02 
4.80143E-01 -9.76951E-02 
5.11492E-01 -1.12296E-01 
5.34559E-01 -1.26710E-01 
2.50209E-01 7.77985E-02 
2.58873E-01 7.19566E-02 
2.68090E-01 5.87704E-02 
2.75415E-01 5.35654E-02 
2.83044E-01 4.78143E-02 
2.90925E-01 4.15415E-02 
2.99004E-01 3.47779E-02 
3.05353E-01 2.92312E-02 
3.07221E-01 2.75608E-02 
3.16165E-01 1.93202E-02 
3.25115E-01 1.06624E-02 
3.33989E-01 1.65290E-03 
3.42705E-01 -7.63823E-03 
3.49504E-01 -1.66362E-02 
3.57550E-01 -2.61095E-02 
3.65302E-01 -3.57339E-02 
3.72685E-01 -4.54312E-02 
3.79638E-01 -5.51245E-02 
3.86145E-01 -6.47424E-02 
3.92306E-01 -7.42307E-02 
3.98591E-01 -8.35951E-02 
4.06600E-01 -9.30507E-02 
4.20271E-01 -1.03378E-01 
4.43601E-01 -1.15816E-01 
4.71005E-01 -1.29947E-01 
4.90281E-01 -1.43074E-01 
2.44868E-01 5.56806E-02 
2.53308E-01 4.91133E-02 
2.59884E-01 3.76938E-02 
2.67112E-01 3.17778E-02 
2.74522E-01 2.54092E-02 
2.82059E-01 1.86237E-02 
2.89665E-01 1.14618E-02 
2.95559E-01 5.69058E-03 
2.97279E-01 3.96890E-03 
3.05426E-01 -4.42427E-03 
3.13431E-01 -1.30788E-02 
3.21217E-01 -2.19262E-02 
3.28711E-01 -3.08956E-02 
3.34191E-01 -3.92557E-02 
3.40817E-01 -4.81240E-02 
3.47036E-01 -5.69906E-02 
3.52785E-01 -6.57836E-02 
3.58021E-01 -7.44357E-02 
3.62742E-01 -8.28896E-02 
3.67058E-01 -9.11138E-02 
3.71435E-01 -9.91597E-02 
3.77402E-01 -1.07349E-01 
3.88677E-01 -1.16662E-01 
4.08922E-01 -1.28432E-01 
4.32719E-01 -1.41796E-01 
4.48635E-01 -1.53513E-01 
2.40306E-01 3.49204E-02 
2.48411E-01 2.78225E-02 
2.52691E-01 1.81346E-02 
2.59699E-01 1.16942E-02 
2.66768E-01 4.90958E-03 
2.73841E-01 -2.17597E-03 
2.80861E-01 -9.51613E-03 
2.86218E-01 -1.53388E-02 
2.87767E-01 -1.70611E-02 
2.95021E-01 -2.53662E-02 
3.02004E-01 -3.37822E-02 
3.08648E-01 -4.22419E-02 
3.14891E-01 -5.06781E-02 
3.19094E-01 -5.82671E-02 
3.24322E-01 -6.63560E-02 
3.29059E-01 -7.43131E-02 
3.33259E-01 -8.20759E-02 
3.36893E-01 -8.95887E-02 
3.39973E-01 -9.68091E-02 
3.42620E-01 -1.03727E-01 
3.45289E-01 -1.10433E-01 
3.49438E-01 -1.17331E-01 
3.58552E-01 -1.25546E-01 
3.75975E-01 -1.36460E-01 
3.96490E-01 -1.48853E-01 
4.09443E-01 -1.59113E-01 
2.36335E-01 1.54515E-02 
2.43989E-01 8.02871E-03 
2.46306E-01 -1.88481E-05 
2.52962E-01 -6.78097E-03 
2.59564E-01 -1.37719E-02 
2.66056E-01 -2.09443E-02 
2.72383E-01 -2.82496E-02 
2.77131E-01 -3.39611E-02 
2.78491E-01 -3.56370E-02 
2.84771E-01 -4.36360E-02 
2.90675E-01 -5.16073E-02 
2.96145E-01 -5.94889E-02 
3.01131E-01 -6.72206E-02 
3.04109E-01 -7.39389E-02 
3.07982E-01 -8.11200E-02 
3.11309E-01 -8.80641E-02 
3.14060E-01 -9.47195E-02 
3.16220E-01 -1.01043E-01 
3.17816E-01 -1.07008E-01 
3.18974E-01 -1.12624E-01 
3.20137E-01 -1.18011E-01 
3.22685E-01 -1.23636E-01 
3.29870E-01 -1.30723E-01 
3.44732E-01 -1.40662E-01 
3.62282E-01 -1.51963E-01 
3.72644E-01 -1.60776E-01 
2.32763E-01 -2.74286E-03 
2.39849E-01 -1.02830E-02 
2.40513E-01 -1.68138E-02 
2.46687E-01 -2.36906E-02 
2.52702E-01 -3.06807E-02 
2.58505E-01 -3.77362E-02 
2.64048E-01 -4.48090E-02 
2.68127E-01 -5.02627E-02 
2.69282E-01 -5.18506E-02 
2.74531E-01 -5.93537E-02 
2.79321E-01 -6.67077E-02 
2.83606E-01 -7.38581E-02 
2.87351E-01 -8.07541E-02 
2.89169E-01 -8.65348E-02 
2.91749E-01 -9.27228E-02 
2.93756E-01 -9.85935E-02 
2.95172E-01 -1.04107E-01 
2.95997E-01 -1.09234E-01 
2.96268E-01 -1.13960E-01 
2.96117E-01 -1.18312E-01 
2.95971E-01 -1.22436E-01 
2.97128E-01 -1.26842E-01 
3.02609E-01 -1.32812E-01 
3.15163E-01 -1.41714E-01 
3.30055E-01 -1.51860E-01 
3.38167E-01 -1.59280E-01 
2.29396E-01 -1.96405E-02 
2.35806E-01 -2.70969E-02 
2.35094E-01 -3.22494E-02 
2.40666E-01 -3.90398E-02 
2.45987E-01 -4.58341E-02 
2.51011E-01 -5.25861E-02 
2.55696E-01 -5.92509E-02 
2.59064E-01 -6.43201E-02 
2.60004E-01 -6.57846E-02 
2.64186E-01 -7.26345E-02 
2.67850E-01 -7.92339E-02 
2.70964E-01 -8.55380E-02 
2.73505E-01 -9.15062E-02 
2.74237E-01 -9.63124E-02 
2.75605E-01 -1.01461E-01 
2.76394E-01 -1.06237E-01 
2.76600E-01 -1.10611E-01 
2.76234E-01 -1.14566E-01 
2.75342E-01 -1.18101E-01 
2.74059E-01 -1.21258E-01 
2.72794E-01 -1.24200E-01 
2.72761E-01 -1.27464E-01 
2.76752E-01 -1.32358E-01 
2.87241E-01 -1.40206E-01 
2.99764E-01 -1.49183E-01 
3.05941E-01 -1.55293E-01 
2.26081E-01 -3.50495E-02 
2.31727E-01 -4.22381E-02 
2.29895E-01 -4.61646E-02 
2.34767E-01 -5.26856E-02 
2.39314E-01 -5.91124E-02 
2.43497E-01 -6.54028E-02 
2.47283E-01 -7.15170E-02 
2.49921E-01 -7.61028E-02 
2.50642E-01 -7.74171E-02 
2.53755E-01 -8.34987E-02 
2.56315E-01 -8.92509E-02 
2.58304E-01 -9.46391E-02 
2.59709E-01 -9.96338E-02 
2.59448E-01 -1.03466E-01 
2.59708E-01 -1.07573E-01 
2.59404E-01 -1.11275E-01 
2.58541E-01 -1.14553E-01 
2.57140E-01 -1.17400E-01 
2.55255E-01 -1.19827E-01 
2.53020E-01 -1.21886E-01 
2.50825E-01 -1.23756E-01 
2.49800E-01 -1.25983E-01 
2.52513E-01 -1.29874E-01 
2.61188E-01 -1.36694E-01 
2.71631E-01 -1.44535E-01 
2.76173E-01 -1.49449E-01 
2.22583E-01 -4.92085E-02 
2.27380E-01 -5.59596E-02 
2.24625E-01 -5.87822E-02 
2.28708E-01 -6.48667E-02 
2.32408E-01 -7.07717E-02 
2.35695E-01 -7.64607E-02 
2.38545E-01 -8.19001E-02 
2.40436E-01 -8.59180E-02 
2.40936E-01 -8.70593E-02 
2.42982E-01 -9.22767E-02 
2.44461E-01 -9.71071E-02 
2.45367E-01 -1.01526E-01 
2.45699E-01 -1.05516E-01 
2.44525E-01 -1.08378E-01 
2.43772E-01 -1.11453E-01 
2.42484E-01 -1.14108E-01 
2.40676E-01 -1.16335E-01 
2.38377E-01 -1.18137E-01 
2.35645E-01 -1.19535E-01 
2.32613E-01 -1.20589E-01 
2.29647E-01 -1.21485E-01 
2.27796E-01 -1.22771E-01 
2.29407E-01 -1.25730E-01 
2.36466E-01 -1.31551E-01 
2.45061E-01 -1.38293E-01 
2.48209E-01 -1.42114E-01 
2.18801E-01 -6.18423E-02 
2.22694E-01 -6.80145E-02 
2.19197E-01 -6.98615E-02 
2.22434E-01 -7.53729E-02 
2.25249E-01 -8.06357E-02 
2.27621E-01 -8.56201E-02 
2.29534E-01 -9.02995E-02 
2.30690E-01 -9.36962E-02 
2.30974E-01 -9.46509E-02 
2.31991E-01 -9.89529E-02 
2.32447E-01 -1.02832E-01 
2.32345E-01 -1.06273E-01 
2.31695E-01 -1.09269E-01 
2.29710E-01 -1.11202E-01 
2.28061E-01 -1.13291E-01 
2.25918E-01 -1.14963E-01 
2.23304E-01 -1.16219E-01 
2.20254E-01 -1.17071E-01 
2.16828E-01 -1.17545E-01 
2.13156E-01 -1.17710E-01 
2.09581E-01 -1.17752E-01 
2.07068E-01 -1.18213E-01 
2.07755E-01 -1.20332E-01 
2.13407E-01 -1.25220E-01 
2.20395E-01 -1.30933E-01 
2.22385E-01 -1.33785E-01 
2.14594E-01 -7.29492E-02 
2.17550E-01 -7.84266E-02 
2.13458E-01 -7.94090E-02 
2.15814E-01 -8.42382E-02 
2.17728E-01 -8.87667E-02 
2.19185E-01 -9.29715E-02 
2.20177E-01 -9.68336E-02 
2.20623E-01 -9.95767E-02 
2.20701E-01 -1.00337E-01 
2.20741E-01 -1.03701E-01 
2.20243E-01 -1.06624E-01 
2.19219E-01 -1.09103E-01 
2.17685E-01 -1.11137E-01 
2.14990E-01 -1.12195E-01 
2.12562E-01 -1.13360E-01 
2.09691E-01 -1.14126E-01 
2.06404E-01 -1.14501E-01 
2.02741E-01 -1.14502E-01 
1.98764E-01 -1.14163E-01 
1.94596E-01 -1.13554E-01 
1.90557E-01 -1.12862E-01 
1.87529E-01 -1.12612E-01 
1.87451E-01 -1.13987E-01 
1.91884E-01 -1.18011E-01 
1.97479E-01 -1.22775E-01 
1.98515E-01 -1.24780E-01 
2.09867E-01 -8.24788E-02 
2.11875E-01 -8.71745E-02 
2.07307E-01 -8.73907E-02 
2.08774E-01 -9.14592E-02 
2.09793E-01 -9.51916E-02 
2.10358E-01 -9.85721E-02 
2.10468E-01 -1.01589E-01 
2.10243E-01 -1.03668E-01 
2.10126E-01 -1.04233E-01 
2.09261E-01 -1.06663E-01 
2.07893E-01 -1.08653E-01 
2.06042E-01 -1.10208E-01 
2.03730E-01 -1.11336E-01 
2.00430E-01 -1.11586E-01 
1.97342E-01 -1.11907E-01 
1.93868E-01 -1.11856E-01 
1.90039E-01 -1.11448E-01 
1.85895E-01 -1.10706E-01 
1.81499E-01 -1.09666E-01 
1.76967E-01 -1.08401E-01 
1.72595E-01 -1.07093E-01 
1.69185E-01 -1.06245E-01 
1.68488E-01 -1.06973E-01 
1.71875E-01 -1.10213E-01 
1.76272E-01 -1.14114E-01 
1.76538E-01 -1.15391E-01 
2.04534E-01 -9.04271E-02 
2.05601E-01 -9.42804E-02 
2.00657E-01 -9.38153E-02 
2.01246E-01 -9.70719E-02 
2.01396E-01 -9.99733E-02 
2.01109E-01 -1.02510E-01 
2.00389E-01 -1.04678E-01 
1.99542E-01 -1.06100E-01 
1.99247E-01 -1.06474E-01 
1.97557E-01 -1.07997E-01 
1.95411E-01 -1.09097E-01 
1.92835E-01 -1.09784E-01 
1.89854E-01 -1.10072E-01 
1.86051E-01 -1.09591E-01 
1.82421E-01 -1.09154E-01 
1.78464E-01 -1.08382E-01 
1.74214E-01 -1.07294E-01 
1.69712E-01 -1.05916E-01 
1.65018E-01 -1.04287E-01 
1.60243E-01 -1.02479E-01 
1.55655E-01 -1.00668E-01 
1.51982E-01 -9.93288E-02 
1.50792E-01 -9.95046E-02 
1.53289E-01 -1.02042E-01 
1.56664E-01 -1.05168E-01 
1.56316E-01 -1.05830E-01 
1.98552E-01 -9.67745E-02 
1.98706E-01 -9.97531E-02 
1.93469E-01 -9.86824E-02 
1.93214E-01 -1.01105E-01 
1.92541E-01 -1.03168E-01 
1.91459E-01 -1.04868E-01 
1.89978E-01 -1.06207E-01 
1.88568E-01 -1.06997E-01 
1.88113E-01 -1.07188E-01 
1.85691E-01 -1.07853E-01 
1.82868E-01 -1.08123E-01 
1.79673E-01 -1.08014E-01 
1.76134E-01 -1.07545E-01 
1.71930E-01 -1.06418E-01 
1.67873E-01 -1.05318E-01 
1.63549E-01 -1.03925E-01 
1.58994E-01 -1.02262E-01 
1.54247E-01 -1.00357E-01 
1.49367E-01 -9.82483E-02 
1.44456E-01 -9.60073E-02 
1.39757E-01 -9.38001E-02 
1.35924E-01 -9.20721E-02 
1.34359E-01 -9.17873E-02 
1.36107E-01 -9.37052E-02 
1.38618E-01 -9.61473E-02 
1.37797E-01 -9.62991E-02 
1.91898E-01 -1.01535E-01 
1.91188E-01 -1.03632E-01 
1.85726E-01 -1.02024E-01 
1.84678E-01 -1.03616E-01 
1.83246E-01 -1.04857E-01 
1.81440E-01 -1.05749E-01 
1.79277E-01 -1.06299E-01 
1.77370E-01 -1.06495E-01 
1.76775E-01 -1.06516E-01 
1.73722E-01 -1.06388E-01 
1.70326E-01 -1.05904E-01 
1.66620E-01 -1.05082E-01 
1.62634E-01 -1.03945E-01 
1.58129E-01 -1.02263E-01 
1.53754E-01 -1.00598E-01 
1.49172E-01 -9.86864E-02 
1.44418E-01 -9.65521E-02 
1.39531E-01 -9.42240E-02 
1.34564E-01 -9.17410E-02 
1.29612E-01 -8.91703E-02 
1.24893E-01 -8.66678E-02 
1.20992E-01 -8.46454E-02 
1.19153E-01 -8.39868E-02 
1.20280E-01 -8.53669E-02 
1.22069E-01 -8.72128E-02 
1.20895E-01 -8.69529E-02 
1.84570E-01 -1.04746E-01 
1.83057E-01 -1.05978E-01 
1.77430E-01 -1.03895E-01 
1.75657E-01 -1.04682E-01 
1.73538E-01 -1.05137E-01 
1.71091E-01 -1.05269E-01 
1.68334E-01 -1.05086E-01 
1.66001E-01 -1.04738E-01 
1.65288E-01 -1.04603E-01 
1.61705E-01 -1.03761E-01 
1.57843E-01 -1.02606E-01 
1.53733E-01 -1.01162E-01 
1.49408E-01 -9.94527E-02 
1.44696E-01 -9.73047E-02 
1.40107E-01 -9.51742E-02 
1.35367E-01 -9.28442E-02 
1.30512E-01 -9.03394E-02 
1.25577E-01 -8.76886E-02 
1.20613E-01 -8.49293E-02 
1.15703E-01 -8.21245E-02 
1.11043E-01 -7.94182E-02 
1.07153E-01 -7.71879E-02 
1.05129E-01 -7.62360E-02 
1.05748E-01 -7.71568E-02 
1.06942E-01 -7.84906E-02 
1.05519E-01 -7.79079E-02 
1.76603E-01 -1.06459E-01 
1.74364E-01 -1.06864E-01 
1.68626E-01 -1.04365E-01 
1.66207E-01 -1.04393E-01 
1.63488E-01 -1.04119E-01 
1.60490E-01 -1.03553E-01 
1.57232E-01 -1.02709E-01 
1.54548E-01 -1.01875E-01 
1.53738E-01 -1.01602E-01 
1.49733E-01 -1.00133E-01 
1.45511E-01 -9.84016E-02 
1.41103E-01 -9.64309E-02 
1.36541E-01 -9.42464E-02 
1.31711E-01 -9.17249E-02 
1.27003E-01 -8.92264E-02 
1.22199E-01 -8.65752E-02 
1.17330E-01 -8.37960E-02 
1.12431E-01 -8.09165E-02 
1.07545E-01 -7.79717E-02 
1.02748E-01 -7.50201E-02 
9.82141E-02 -7.21929E-02 
9.44006E-02 -6.98328E-02 
9.22689E-02 -6.86615E-02 
9.24814E-02 -6.91978E-02 
9.31934E-02 -7.00999E-02 
9.16082E-02 -6.92746E-02 
1.68016E-01 -1.06751E-01 
1.65136E-01 -1.06383E-01 
1.59337E-01 -1.03526E-01 
1.56359E-01 -1.02856E-01 
1.53132E-01 -1.01920E-01 
1.49676E-01 -1.00730E-01 
1.46013E-01 -9.93022E-02 
1.43053E-01 -9.80454E-02 
1.42168E-01 -9.76542E-02 
1.37843E-01 -9.56510E-02 
1.33362E-01 -9.34364E-02 
1.28756E-01 -9.10350E-02 
1.24055E-01 -8.84717E-02 
1.19190E-01 -8.56652E-02 
1.14450E-01 -8.28917E-02 
1.09664E-01 -8.00107E-02 
1.04859E-01 -7.70460E-02 
1.00066E-01 -7.40234E-02 
9.53253E-02 -7.09753E-02 
9.07023E-02 -6.79545E-02 
8.63497E-02 -6.50796E-02 
8.26681E-02 -6.26581E-02 
8.04942E-02 -6.13336E-02 
8.03885E-02 -6.15541E-02 
8.07156E-02 -6.20977E-02 
7.90423E-02 -6.11002E-02 
1.58967E-01 -1.05726E-01 
1.55545E-01 -1.04661E-01 
1.49731E-01 -1.01504E-01 
1.46293E-01 -1.00217E-01 
1.42657E-01 -9.87023E-02 
1.38843E-01 -9.69763E-02 
1.34875E-01 -9.50557E-02 
1.31713E-01 -9.34474E-02 
1.30776E-01 -9.29585E-02 
1.26234E-01 -9.05207E-02 
1.21594E-01 -8.79231E-02 
1.16885E-01 -8.51896E-02 
1.12133E-01 -8.23440E-02 
1.07308E-01 -7.93392E-02 
1.02615E-01 -7.63803E-02 
9.79181E-02 -7.33559E-02 
9.32427E-02 -7.02881E-02 
8.86165E-02 -6.72006E-02 
8.40737E-02 -6.41225E-02 
7.96716E-02 -6.11009E-02 
7.55428E-02 -5.82417E-02 
7.20359E-02 -5.58184E-02 
6.98747E-02 -5.44000E-02 
6.95301E-02 -5.43703E-02 
6.95605E-02 -5.46257E-02 
6.78603E-02 -5.35183E-02 
1.49374E-01 -1.03473E-01 
1.45505E-01 -1.01788E-01 
1.39723E-01 -9.83859E-02 
1.35918E-01 -9.65593E-02 
1.31966E-01 -9.45485E-02 
1.27889E-01 -9.23701E-02 
1.23707E-01 -9.00417E-02 
1.20414E-01 -8.81486E-02 
1.19444E-01 -8.75813E-02 
1.14779E-01 -8.48014E-02 
1.10071E-01 -8.19123E-02 
1.05344E-01 -7.89364E-02 
1.00623E-01 -7.58959E-02 
9.59052E-02 -7.27709E-02 
9.13273E-02 -6.97062E-02 
8.67832E-02 -6.66147E-02 
8.22954E-02 -6.35162E-02 
7.78875E-02 -6.04318E-02 
7.35887E-02 -5.73872E-02 
6.94480E-02 -5.44237E-02 
6.55795E-02 -5.16342E-02 
6.22833E-02 -4.92595E-02 
6.01800E-02 -4.77975E-02 
5.96611E-02 -4.75726E-02 
5.94661E-02 -4.75985E-02 
5.77880E-02 -4.64327E-02 
1.39408E-01 -1.00121E-01 
1.35194E-01 -9.79052E-02 
1.29488E-01 -9.43167E-02 
1.25415E-01 -9.20414E-02 
1.21245E-01 -8.96257E-02 
1.16998E-01 -8.70867E-02 
1.12694E-01 -8.44415E-02 
1.09338E-01 -8.23329E-02 
1.08354E-01 -8.17075E-02 
1.03657E-01 -7.86802E-02 
9.89642E-02 -7.55912E-02 
9.42986E-02 -7.24611E-02 
8.96808E-02 -6.93096E-02 
8.51286E-02 -6.61380E-02 
8.07249E-02 -6.30416E-02 
7.63866E-02 -5.99524E-02 
7.21331E-02 -5.68878E-02 
6.79841E-02 -5.38663E-02 
6.39639E-02 -5.09096E-02 
6.01137E-02 -4.80536E-02 
5.65305E-02 -4.53787E-02 
5.34705E-02 -4.30946E-02 
5.14614E-02 -4.16324E-02 
5.08252E-02 -4.12637E-02 
5.04682E-02 -4.11148E-02 
4.88514E-02 -3.99346E-02 
1.29162E-01 -9.58013E-02 
1.24705E-01 -9.31510E-02 
1.19121E-01 -8.94348E-02 
1.14877E-01 -8.68042E-02 
1.10581E-01 -8.40763E-02 
1.06254E-01 -8.12678E-02 
1.01913E-01 -7.83950E-02 
9.85578E-02 -7.61385E-02 
9.75785E-02 -7.54743E-02 
9.29303E-02 -7.22896E-02 
8.83292E-02 -6.90868E-02 
8.37940E-02 -6.58841E-02 
7.93423E-02 -6.26984E-02 
7.50060E-02 -5.95464E-02 
7.08255E-02 -5.64837E-02 
6.67362E-02 -5.34574E-02 
6.27539E-02 -5.04823E-02 
5.88948E-02 -4.75739E-02 
5.51786E-02 -4.47504E-02 
5.16391E-02 -4.20419E-02 
4.83578E-02 -3.95175E-02 
4.55514E-02 -3.73574E-02 
4.36643E-02 -3.59312E-02 
4.29586E-02 -3.54632E-02 
4.24929E-02 -3.51874E-02 
4.09672E-02 -3.40289E-02 
1.18738E-01 -9.06539E-02 
1.14138E-01 -8.76671E-02 
1.08719E-01 -8.38821E-02 
1.04396E-01 -8.09896E-02 
1.00063E-01 -7.80410E-02 
9.57396E-02 -7.50517E-02 
9.14414E-02 -7.20370E-02 
8.81433E-02 -6.96963E-02 
8.71847E-02 -6.90116E-02 
8.26587E-02 -6.57536E-02 
7.82156E-02 -6.25162E-02 
7.38709E-02 -5.93147E-02 
6.96385E-02 -5.61633E-02 
6.55592E-02 -5.30891E-02 
6.16415E-02 -5.01168E-02 
5.78347E-02 -4.72048E-02 
5.41515E-02 -4.43655E-02 
5.06043E-02 -4.16114E-02 
4.72087E-02 -3.89572E-02 
4.39920E-02 -3.64277E-02 
4.10216E-02 -3.40810E-02 
3.84787E-02 -3.20706E-02 
3.67341E-02 -3.07095E-02 
3.59982E-02 -3.01806E-02 
3.54680E-02 -2.98188E-02 
3.40550E-02 -2.87104E-02 
1.08244E-01 -8.48238E-02 
1.03595E-01 -8.15983E-02 
9.83842E-02 -7.78029E-02 
9.40679E-02 -7.47397E-02 
8.97800E-02 -7.16582E-02 
8.55361E-02 -6.85725E-02 
8.13507E-02 -6.54961E-02 
7.81611E-02 -6.31304E-02 
7.72375E-02 -6.24419E-02 
7.28973E-02 -5.91874E-02 
6.86691E-02 -5.59865E-02 
6.45649E-02 -5.28517E-02 
6.05951E-02 -4.97943E-02 
5.68053E-02 -4.68479E-02 
5.31806E-02 -4.40135E-02 
4.96808E-02 -4.12582E-02 
4.63155E-02 -3.85920E-02 
4.30940E-02 -3.60243E-02 
4.00279E-02 -3.35668E-02 
3.71387E-02 -3.12393E-02 
3.44812E-02 -2.90900E-02 
3.22052E-02 -2.72474E-02 
3.06168E-02 -2.59740E-02 
2.98824E-02 -2.54162E-02 
2.93236E-02 -2.50034E-02 
2.80377E-02 -2.39666E-02 
9.77843E-02 -7.84573E-02 
9.31761E-02 -7.50881E-02 
8.82142E-02 -7.13393E-02 
8.39840E-02 -6.81922E-02 
7.98140E-02 -6.50604E-02 
7.57177E-02 -6.19565E-02 
7.17071E-02 -5.88918E-02 
6.86697E-02 -5.65545E-02 
6.77932E-02 -5.58774E-02 
6.36926E-02 -5.26946E-02 
5.97262E-02 -4.95926E-02 
5.59028E-02 -4.65810E-02 
5.22294E-02 -4.36680E-02 
4.87531E-02 -4.08907E-02 
4.54427E-02 -3.82327E-02 
4.22658E-02 -3.56677E-02 
3.92293E-02 -3.32031E-02 
3.63396E-02 -3.08458E-02 
3.36048E-02 -2.86043E-02 
3.10412E-02 -2.64941E-02 
2.86927E-02 -2.45543E-02 
2.66814E-02 -2.28913E-02 
2.52568E-02 -2.17219E-02 
2.45487E-02 -2.11617E-02 
2.39896E-02 -2.07263E-02 
2.28393E-02 -1.97767E-02 
8.74693E-02 -7.17025E-02 
8.29827E-02 -6.82799E-02 
7.83073E-02 -6.46322E-02 
7.42333E-02 -6.14816E-02 
7.02457E-02 -5.83751E-02 
6.63553E-02 -5.53235E-02 
6.25719E-02 -5.23361E-02 
5.97233E-02 -5.00743E-02 
5.89040E-02 -4.94217E-02 
5.50865E-02 -4.63698E-02 
5.14188E-02 -4.34197E-02 
4.79066E-02 -4.05782E-02 
4.45539E-02 -3.78509E-02 
4.14068E-02 -3.52754E-02 
3.84234E-02 -3.28234E-02 
3.55774E-02 -3.04735E-02 
3.28731E-02 -2.82307E-02 
3.03143E-02 -2.60996E-02 
2.79062E-02 -2.40860E-02 
2.56605E-02 -2.22013E-02 
2.36117E-02 -2.04767E-02 
2.18579E-02 -1.89989E-02 
2.05998E-02 -1.79443E-02 
1.99365E-02 -1.74025E-02 
1.93990E-02 -1.69676E-02 
1.83872E-02 -1.61149E-02 
7.74026E-02 -6.47040E-02 
7.31097E-02 -6.13116E-02 
6.87543E-02 -5.78157E-02 
6.48973E-02 -5.47341E-02 
6.11465E-02 -5.17204E-02 
5.75108E-02 -4.87832E-02 
5.39972E-02 -4.59297E-02 
5.13663E-02 -4.37836E-02 
5.06119E-02 -4.31667E-02 
4.71110E-02 -4.02949E-02 
4.37691E-02 -3.75400E-02 
4.05891E-02 -3.49062E-02 
3.75726E-02 -3.23964E-02 
3.47624E-02 -3.00469E-02 
3.21111E-02 -2.78221E-02 
2.95966E-02 -2.57040E-02 
2.72210E-02 -2.36954E-02 
2.49862E-02 -2.17990E-02 
2.28946E-02 -2.00182E-02 
2.09542E-02 -1.83610E-02 
1.91914E-02 -1.68515E-02 
1.76837E-02 -1.55590E-02 
1.65901E-02 -1.46252E-02 
1.59847E-02 -1.41177E-02 
1.54847E-02 -1.37009E-02 
1.46100E-02 -1.29502E-02 
6.76658E-02 -5.75887E-02 
6.36292E-02 -5.43019E-02 
5.96231E-02 -5.10041E-02 
5.60338E-02 -4.80555E-02 
5.25648E-02 -4.51930E-02 
4.92227E-02 -4.24231E-02 
4.60123E-02 -3.97512E-02 
4.36212E-02 -3.77539E-02 
4.29375E-02 -3.71818E-02 
3.97771E-02 -3.45300E-02 
3.67791E-02 -3.20044E-02 
3.39440E-02 -2.96067E-02 
3.12711E-02 -2.73377E-02 
2.87991E-02 -2.52308E-02 
2.64782E-02 -2.32466E-02 
2.42899E-02 -2.13697E-02 
2.22344E-02 -1.96011E-02 
2.03116E-02 -1.79417E-02 
1.85222E-02 -1.63929E-02 
1.68709E-02 -1.49598E-02 
1.53772E-02 -1.36606E-02 
1.41012E-02 -1.25496E-02 
1.31667E-02 -1.17382E-02 
1.26277E-02 -1.12764E-02 
1.21761E-02 -1.08907E-02 
1.14338E-02 -1.02432E-02 
5.84369E-02 -5.05548E-02 
5.47054E-02 -4.74377E-02 
5.10689E-02 -4.43763E-02 
4.77845E-02 -4.16130E-02 
4.46289E-02 -3.89483E-02 
4.16063E-02 -3.63870E-02 
3.87196E-02 -3.39325E-02 
3.65804E-02 -3.21083E-02 
3.59706E-02 -3.15874E-02 
3.31617E-02 -2.91832E-02 
3.05134E-02 -2.69090E-02 
2.80242E-02 -2.47644E-02 
2.56915E-02 -2.27484E-02 
2.35490E-02 -2.08907E-02 
2.15477E-02 -1.91509E-02 
1.96715E-02 -1.75153E-02 
1.79194E-02 -1.59838E-02 
1.62897E-02 -1.45556E-02 
1.47815E-02 -1.32306E-02 
1.33971E-02 -1.20117E-02 
1.21504E-02 -1.09118E-02 
1.10871E-02 -9.97281E-03 
1.03019E-02 -9.28080E-03 
9.83286E-03 -8.87138E-03 
9.43579E-03 -8.52546E-03 
8.81697E-03 -7.97778E-03 
4.96804E-02 -4.36363E-02 
4.62954E-02 -4.07444E-02 
4.30465E-02 -3.79535E-02 
4.00975E-02 -3.54194E-02 
3.72802E-02 -3.29914E-02 
3.45970E-02 -3.06723E-02 
3.20488E-02 -2.84640E-02 
3.01701E-02 -2.68318E-02 
2.96360E-02 -2.63672E-02 
2.71851E-02 -2.42315E-02 
2.48883E-02 -2.22246E-02 
2.27425E-02 -2.03446E-02 
2.07437E-02 -1.85889E-02 
1.89203E-02 -1.69830E-02 
1.72262E-02 -1.54874E-02 
1.56473E-02 -1.40904E-02 
1.41813E-02 -1.27903E-02 
1.28257E-02 -1.15855E-02 
1.15783E-02 -1.04745E-02 
1.04396E-02 -9.45840E-03 
9.41901E-03 -8.54609E-03 
8.55017E-03 -7.76872E-03 
7.90389E-03 -7.19132E-03 
7.50596E-03 -6.83827E-03 
7.16642E-03 -6.53734E-03 
6.66178E-03 -6.08475E-03 
4.15365E-02 -3.69974E-02 
3.85253E-02 -3.43736E-02 
3.56722E-02 -3.18778E-02 
3.30759E-02 -2.96047E-02 
3.06093E-02 -2.74401E-02 
2.82731E-02 -2.53852E-02 
2.60671E-02 -2.34404E-02 
2.44486E-02 -2.20108E-02 
2.39899E-02 -2.16051E-02 
2.18921E-02 -1.97474E-02 
1.99382E-02 -1.80133E-02 
1.81238E-02 -1.63993E-02 
1.64440E-02 -1.49018E-02 
1.49219E-02 -1.35419E-02 
1.35155E-02 -1.22829E-02 
1.22124E-02 -1.11142E-02 
1.10097E-02 -1.00334E-02 
9.90420E-03 -9.03812E-03 
8.89291E-03 -8.12603E-03 
7.97498E-03 -7.29674E-03 
7.15624E-03 -6.55597E-03 
6.46085E-03 -5.92627E-03 
5.94035E-03 -5.45541E-03 
5.61132E-03 -5.15925E-03 
5.32893E-03 -4.90520E-03 
4.92672E-03 -4.54011E-03 
3.40673E-02 -3.07401E-02 
3.14453E-02 -2.84152E-02 
2.89885E-02 -2.62303E-02 
2.67514E-02 -2.42388E-02 
2.46377E-02 -2.23536E-02 
2.26471E-02 -2.05748E-02 
2.07778E-02 -1.89014E-02 
1.94133E-02 -1.76778E-02 
1.90276E-02 -1.73317E-02 
1.72704E-02 -1.57528E-02 
1.56438E-02 -1.42885E-02 
1.41426E-02 -1.29345E-02 
1.27613E-02 -1.16865E-02 
1.15181E-02 -1.05611E-02 
1.03760E-02 -9.52559E-03 
9.32420E-03 -8.57039E-03 
8.35937E-03 -7.69275E-03 
7.47790E-03 -6.88967E-03 
6.67646E-03 -6.15840E-03 
5.95328E-03 -5.49757E-03 
5.31156E-03 -4.91045E-03 
4.76799E-03 -4.41272E-03 
4.35894E-03 -4.03843E-03 
4.09434E-03 -3.79719E-03 
3.86633E-03 -3.58934E-03 
3.55394E-03 -3.30262E-03 
2.73252E-02 -2.49546E-02 
2.50961E-02 -2.29468E-02 
2.30276E-02 -2.10796E-02 
2.11460E-02 -1.93794E-02 
1.93781E-02 -1.77794E-02 
1.77225E-02 -1.62787E-02 
1.61766E-02 -1.48754E-02 
1.50538E-02 -1.38548E-02 
1.47374E-02 -1.35670E-02 
1.33012E-02 -1.22593E-02 
1.19800E-02 -1.10544E-02 
1.07683E-02 -9.94770E-03 
9.66048E-03 -8.93432E-03 
8.67017E-03 -8.02708E-03 
7.76587E-03 -7.19747E-03 
6.93832E-03 -6.43723E-03 
6.18399E-03 -5.74331E-03 
5.49920E-03 -5.11253E-03 
4.88053E-03 -4.54192E-03 
4.32569E-03 -4.02955E-03 
3.83605E-03 -3.57690E-03 
3.42257E-03 -3.19439E-03 
3.11004E-03 -2.90538E-03 
2.90373E-03 -2.71509E-03 
2.72551E-03 -2.55070E-03 
2.48993E-03 -2.33227E-03 
2.13474E-02 -1.97146E-02 
1.95035E-02 -1.80301E-02 
1.78072E-02 -1.64779E-02 
1.62678E-02 -1.50680E-02 
1.48298E-02 -1.37492E-02 
1.34907E-02 -1.25197E-02 
1.22477E-02 -1.13769E-02 
1.13497E-02 -1.05504E-02 
1.10973E-02 -1.03180E-02 
9.95639E-03 -9.26643E-03 
8.91358E-03 -8.30409E-03 
7.96347E-03 -7.42619E-03 
7.10048E-03 -6.62777E-03 
6.33442E-03 -5.91816E-03 
5.63934E-03 -5.27355E-03 
5.00743E-03 -4.68684E-03 
4.43524E-03 -4.15497E-03 
3.91927E-03 -3.67483E-03 
3.45622E-03 -3.24346E-03 
3.04364E-03 -2.85871E-03 
2.68167E-03 -2.52085E-03 
2.37709E-03 -2.23637E-03 
2.14604E-03 -2.02062E-03 
1.99076E-03 -1.87589E-03 
1.85648E-03 -1.75070E-03 
1.68485E-03 -1.59006E-03 
1.61597E-02 -1.50800E-02 
1.46824E-02 -1.37130E-02 
1.33342E-02 -1.24640E-02 
1.21151E-02 -1.13335E-02 
1.09829E-02 -1.02826E-02 
9.93494E-03 -9.30892E-03 
8.96801E-03 -8.40960E-03 
8.27324E-03 -7.76283E-03 
8.07862E-03 -7.58157E-03 
7.20219E-03 -6.76476E-03 
6.40656E-03 -6.02247E-03 
5.68662E-03 -5.35010E-03 
5.03719E-03 -4.74296E-03 
4.46490E-03 -4.20738E-03 
3.94914E-03 -3.72424E-03 
3.48351E-03 -3.28764E-03 
3.06484E-03 -2.89470E-03 
2.68997E-03 -2.54254E-03 
2.35593E-03 -2.22846E-03 
2.06037E-03 -1.95031E-03 
1.80269E-03 -1.70762E-03 
1.58676E-03 -1.50414E-03 
1.42250E-03 -1.34936E-03 
1.31036E-03 -1.24383E-03 
1.21338E-03 -1.15254E-03 
1.09336E-03 -1.03922E-03 
1.17562E-02 -1.10782E-02 
1.06182E-02 -1.00128E-02 
9.58769E-03 -9.04717E-03 
8.66011E-03 -8.17731E-03 
7.80398E-03 -7.37380E-03 
7.01653E-03 -6.63414E-03 
6.29461E-03 -5.95550E-03 
5.77890E-03 -5.47033E-03 
5.63491E-03 -5.33482E-03 
4.98925E-03 -4.72686E-03 
4.40733E-03 -4.17846E-03 
3.88461E-03 -3.68541E-03 
3.41656E-03 -3.24357E-03 
3.00727E-03 -2.85688E-03 
2.64111E-03 -2.51065E-03 
2.31299E-03 -2.20016E-03 
2.02019E-03 -1.92287E-03 
1.76002E-03 -1.67629E-03 
1.52996E-03 -1.45808E-03 
1.32793E-03 -1.26632E-03 
1.15302E-03 -1.10019E-03 
1.00713E-03 -9.61563E-04 
8.95938E-04 -8.55905E-04 
8.18970E-04 -7.82828E-04 
7.52496E-04 -7.19698E-04 
6.72747E-04 -6.43790E-04 
8.15340E-03 -7.75336E-03 
7.31716E-03 -6.96208E-03 
6.56552E-03 -6.25036E-03 
5.89272E-03 -5.61289E-03 
5.27585E-03 -5.02803E-03 
4.71228E-03 -4.49336E-03 
4.19914E-03 -4.00622E-03 
3.83484E-03 -3.66018E-03 
3.73348E-03 -3.56387E-03 
3.28108E-03 -3.13383E-03 
2.87650E-03 -2.74897E-03 
2.51592E-03 -2.40574E-03 
2.19563E-03 -2.10066E-03 
1.91784E-03 -1.83588E-03 
1.67130E-03 -1.60073E-03 
1.45216E-03 -1.39158E-03 
1.25820E-03 -1.20636E-03 
1.08729E-03 -1.04303E-03 
9.37413E-04 -8.99726E-04 
8.06878E-04 -7.74837E-04 
6.94727E-04 -6.67478E-04 
6.01702E-04 -5.78391E-04 
5.30730E-04 -5.10420E-04 
4.81006E-04 -4.62825E-04 
4.38172E-04 -4.21814E-04 
3.88330E-04 -3.74014E-04 
5.30494E-03 -5.08786E-03 
4.72726E-03 -4.53586E-03 
4.21205E-03 -4.04329E-03 
3.75389E-03 -3.60504E-03 
3.33685E-03 -3.20591E-03 
2.95864E-03 -2.84378E-03 
2.61687E-03 -2.51636E-03 
2.37587E-03 -2.28538E-03 
2.30908E-03 -2.22135E-03 
2.01246E-03 -1.93690E-03 
1.74946E-03 -1.68455E-03 
1.51709E-03 -1.46147E-03 
1.31249E-03 -1.26495E-03 
1.13664E-03 -1.09595E-03 
9.81948E-04 -9.47209E-04 
8.45676E-04 -8.16111E-04 
7.26164E-04 -7.01080E-04 
6.21821E-04 -6.00598E-04 
5.31169E-04 -5.13258E-04 
4.52942E-04 -4.37852E-04 
3.86309E-04 -3.73595E-04 
3.31398E-04 -3.20623E-04 
2.89507E-04 -2.80208E-04 
2.59852E-04 -2.51608E-04 
2.34406E-04 -2.27062E-04 
2.05692E-04 -1.99330E-04 
3.16516E-03 -3.06005E-03 
2.79800E-03 -2.70602E-03 
2.47327E-03 -2.39278E-03 
2.18672E-03 -2.11626E-03 
1.92799E-03 -1.86650E-03 
1.69530E-03 -1.64178E-03 
1.48679E-03 -1.44034E-03 
1.34089E-03 -1.29933E-03 
1.30064E-03 -1.26042E-03 
1.12286E-03 -1.08854E-03 
9.66747E-04 -9.37536E-04 
8.30161E-04 -8.05367E-04 
7.11095E-04 -6.90105E-04 
6.09797E-04 -5.92004E-04 
5.21581E-04 -5.06536E-04 
4.44659E-04 -4.31982E-04 
3.77895E-04 -3.67248E-04 
3.20218E-04 -3.11301E-04 
2.70639E-04 -2.63192E-04 
2.28305E-04 -2.22097E-04 
1.92605E-04 -1.87430E-04 
1.63414E-04 -1.59076E-04 
1.41173E-04 -1.37471E-04 
1.25291E-04 -1.22047E-04 
1.11737E-04 -1.08882E-04 
9.69175E-05 -9.44746E-05 
1.66679E-03 -1.62362E-03 
1.45972E-03 -1.42227E-03 
1.27830E-03 -1.24582E-03 
1.11967E-03 -1.09150E-03 
9.77799E-04 -9.53428E-04 
8.51425E-04 -8.30412E-04 
7.39297E-04 -7.21232E-04 
6.61533E-04 -6.45494E-04 
6.40188E-04 -6.24702E-04 
5.46545E-04 -5.33470E-04 
4.65231E-04 -4.54225E-04 
3.94902E-04 -3.85665E-04 
3.34307E-04 -3.26577E-04 
2.83360E-04 -2.76882E-04 
2.39519E-04 -2.34105E-04 
2.01748E-04 -1.97240E-04 
1.69365E-04 -1.65624E-04 
1.41736E-04 -1.38642E-04 
1.18283E-04 -1.15731E-04 
9.85072E-05 -9.64069E-05 
8.20282E-05 -8.03000E-05 
6.86827E-05 -6.72533E-05 
5.85442E-05 -5.73413E-05 
5.12525E-05 -5.02138E-05 
4.50736E-05 -4.41739E-05 
3.85393E-05 -3.77830E-05 
7.21397E-04 -7.07714E-04 
6.24557E-04 -6.12816E-04 
5.40661E-04 -5.30588E-04 
4.68149E-04 -4.59503E-04 
4.04037E-04 -3.96642E-04 
3.47601E-04 -3.41296E-04 
2.98126E-04 -2.92769E-04 
2.64188E-04 -2.59476E-04 
2.54930E-04 -2.50394E-04 
2.14646E-04 -2.10866E-04 
1.80146E-04 -1.77008E-04 
1.50726E-04 -1.48129E-04 
1.25741E-04 -1.23599E-04 
1.05032E-04 -1.03264E-04 
8.74787E-05 -8.60224E-05 
7.25797E-05 -7.13854E-05 
5.99996E-05 -5.90238E-05 
4.94318E-05 -4.86374E-05 
4.06018E-05 -3.99571E-05 
3.32719E-05 -3.27500E-05 
2.72547E-05 -2.68326E-05 
2.24414E-05 -2.20985E-05 
1.88018E-05 -1.85189E-05 
1.61673E-05 -1.59286E-05 
1.39522E-05 -1.37511E-05 
1.16929E-05 -1.15296E-05 
2.18580E-04 -2.15868E-04 
1.86362E-04 -1.84065E-04 
1.58850E-04 -1.56906E-04 
1.35450E-04 -1.33802E-04 
1.15075E-04 -1.13684E-04 
9.74166E-05 -9.62473E-05 
8.21806E-05 -8.12013E-05 
7.18792E-05 -7.10278E-05 
6.90927E-05 -6.82757E-05 
5.70951E-05 -5.64261E-05 
4.70073E-05 -4.64618E-05 
3.85653E-05 -3.81225E-05 
3.15336E-05 -3.11756E-05 
2.58102E-05 -2.55210E-05 
2.10626E-05 -2.08295E-05 
1.71142E-05 -1.69273E-05 
1.38496E-05 -1.37004E-05 
1.11654E-05 -1.10468E-05 
8.97076E-06 -8.87691E-06 
7.18766E-06 -7.11366E-06 
5.75304E-06 -5.69489E-06 
4.62338E-06 -4.57773E-06 
3.77259E-06 -3.73659E-06 
3.14749E-06 -3.11908E-06 
2.62054E-06 -2.59900E-06 
2.10195E-06 -2.08726E-06 
2.74759E-05 -2.72887E-05 
2.29474E-05 -2.27876E-05 
1.91390E-05 -1.90032E-05 
1.59957E-05 -1.58798E-05 
1.33124E-05 -1.32139E-05 
1.10316E-05 -1.09484E-05 
9.10098E-06 -9.03128E-06 
7.81783E-06 -7.75734E-06 
7.47413E-06 -7.41615E-06 
6.01282E-06 -5.96571E-06 
4.81096E-06 -4.77308E-06 
3.82876E-06 -3.79862E-06 
3.03163E-06 -3.00791E-06 
2.38863E-06 -2.37037E-06 
1.88104E-06 -1.86693E-06 
1.47176E-06 -1.46103E-06 
1.14474E-06 -1.13669E-06 
8.85515E-07 -8.79571E-07 
6.81217E-07 -6.76910E-07 
5.20574E-07 -5.17546E-07 
3.93988E-07 -3.91984E-07 
2.93535E-07 -2.92401E-07 
2.12045E-07 -2.11743E-07 
1.40267E-07 -1.40896E-07 
6.81905E-08 -6.99218E-08 
-5.57543E-09 2.66593E-09 
3.92289E-06 -3.92289E-06 
3.61696E-06 -3.61696E-06 
3.26662E-06 -3.26662E-06 
2.94681E-06 -2.94681E-06 
2.61914E-06 -2.61914E-06 
2.29321E-06 -2.29321E-06 
1.97724E-06 -1.97724E-06 
1.74397E-06 -1.74397E-06 
1.67804E-06 -1.67804E-06 
1.38030E-06 -1.38030E-06 
1.11301E-06 -1.11301E-06 
8.78998E-07 -8.78998E-07 
6.79316E-07 -6.79316E-07 
5.02003E-07 -5.02003E-07 
3.68662E-07 -3.68662E-07 
2.60595E-07 -2.60595E-07 
1.75445E-07 -1.75445E-07 
1.10077E-07 -1.10077E-07 
6.08399E-08 -6.08399E-08 
2.38325E-08 -2.38325E-08 
-4.93444E-09 4.93444E-09 
-2.96961E-08 2.96961E-08 
-5.56668E-08 5.56668E-08 
-8.86649E-08 8.86649E-08 
-1.29735E-07 1.29735E-07 
-1.73114E-07 1.73114E-07 
---
