PdfType: replica
Format: lhagrid1
---
1.00000E-06 1.28121E-06 1.64152E-06 2.10317E-06 2.69463E-06 3.45242E-06 4.42329E-06 5.66715E-06 7.26076E-06 9.30241E-06 1.19180E-05 1.52689E-05 1.95617E-05 2.50609E-05 3.21053E-05 4.11287E-05 5.26863E-05 6.74889E-05 8.64459E-05 1.10720E-04 1.41800E-04 1.81585E-04 2.32503E-04 2.97652E-04 3.80981E-04 4.87518E-04 6.26039E-04 8.00452E-04 1.02297E-03 1.30657E-03 1.66759E-03 2.12729E-03 2.71054E-03 3.44865E-03 4.37927E-03 5.54908E-03 7.01192E-03 8.83064E-03 1.10763E-02 1.38266E-02 1.71641E-02 2.11717E-02 2.59364E-02 3.15062E-02 3.79623E-02 4.53425E-02 5.36750E-02 6.29705E-02 7.32221E-02 8.44039E-02 9.64793E-02 1.09332E-01 1.23067E-01 1.37507E-01 1.52639E-01 1.68416E-01 1.84794E-01 2.01731E-01 2.19016E-01 2.36948E-01 2.55242E-01 2.73927E-01 2.92954E-01 3.12340E-01 3.32036E-01 3.52019E-01 3.72282E-01 3.92772E-01 4.13533E-01 4.34326E-01 4.55495E-01 4.76836E-01 4.98342E-01 5.20006E-01 5.41818E-01 5.63773E-01 5.85861E-01 6.08077E-01 6.30459E-01 6.52800E-01 6.75387E-01 6.98063E-01 7.20830E-01 7.43683E-01 7.66623E-01 7.89636E-01 8.12791E-01 8.35940E-01 8.59175E-01 8.82485E-01 9.05866E-01 9.29311E-01 9.52817E-01 9.76387E-01 1.00000E+00 
1.14018E+00 1.22539E+00 1.32482E+00 1.44156E+00 1.57954E+00 1.74381E+00 1.94091E+00 2.12132E+00 2.17945E+00 2.49622E+00 2.89383E+00 3.39925E+00 4.05063E+00 4.90286E+00 6.03623E+00 7.57063E+00 9.68869E+00 1.26749E+01 1.69835E+01 2.33578E+01 3.30501E+01 4.82334E+01 7.28041E+01 1.13998E+02 1.85779E+02 3.16228E+02 
908 909 
-2.14812E+03 1.13126E+02 
-2.19258E+03 1.11564E+02 
-2.24475E+03 1.08025E+02 
-2.30959E+03 1.03459E+02 
-2.37604E+03 9.88611E+01 
-2.44415E+03 9.42664E+01 
-2.51401E+03 8.97141E+01 
-2.56930E+03 8.62491E+01 
-2.58568E+03 8.52492E+01 
-2.66512E+03 8.05924E+01 
-2.74693E+03 7.61722E+01 
-2.83128E+03 7.20754E+01 
-2.91833E+03 6.84040E+01 
-2.99985E+03 6.67500E+01 
-3.09740E+03 6.49104E+01 
-3.19899E+03 6.40120E+01 
-3.30437E+03 6.43232E+01 
-3.41260E+03 6.62681E+01 
-3.52050E+03 7.06972E+01 
-3.61756E+03 7.98147E+01 
-3.66806E+03 1.00424E+02 
-3.55757E+03 1.53798E+02 
-3.01115E+03 2.91598E+02 
-1.77079E+03 5.66094E+02 
-2.57589E+02 9.06995E+02 
7.07025E+02 1.16249E+03 
-1.66525E+03 1.00317E+02 
-1.70020E+03 9.90252E+01 
-1.74140E+03 9.60348E+01 
-1.79283E+03 9.24058E+01 
-1.84555E+03 8.87709E+01 
-1.89958E+03 8.51610E+01 
-1.95499E+03 8.16110E+01 
-1.99884E+03 7.89303E+01 
-2.01182E+03 7.81606E+01 
-2.07480E+03 7.46041E+01 
-2.13962E+03 7.12813E+01 
-2.20642E+03 6.82677E+01 
-2.27529E+03 6.56512E+01 
-2.33951E+03 6.46725E+01 
-2.41643E+03 6.37142E+01 
-2.49640E+03 6.35907E+01 
-2.57920E+03 6.45244E+01 
-2.66402E+03 6.68639E+01 
-2.74824E+03 7.13013E+01 
-2.82329E+03 7.96217E+01 
-2.86015E+03 9.73245E+01 
-2.76588E+03 1.41599E+02 
-2.31717E+03 2.54208E+02 
-1.30388E+03 4.77488E+02 
-6.66982E+01 7.54777E+02 
7.27588E+02 9.63351E+02 
-1.28758E+03 8.65958E+01 
-1.31510E+03 8.55806E+01 
-1.34774E+03 8.31375E+01 
-1.38859E+03 8.03076E+01 
-1.43046E+03 7.74906E+01 
-1.47337E+03 7.47138E+01 
-1.51736E+03 7.20078E+01 
-1.55216E+03 6.99843E+01 
-1.56247E+03 6.94072E+01 
-1.61243E+03 6.67666E+01 
-1.66382E+03 6.43508E+01 
-1.71674E+03 6.22250E+01 
-1.77125E+03 6.04642E+01 
-1.82185E+03 6.00277E+01 
-1.88248E+03 5.97497E+01 
-1.94541E+03 6.02061E+01 
-2.01043E+03 6.15809E+01 
-2.07684E+03 6.41591E+01 
-2.14249E+03 6.85031E+01 
-2.20039E+03 7.60561E+01 
-2.22694E+03 9.12579E+01 
-2.14670E+03 1.27982E+02 
-1.77828E+03 2.19953E+02 
-9.50521E+02 4.01412E+02 
6.09501E+01 6.26724E+02 
7.14867E+02 7.96783E+02 
-9.93421E+02 7.35517E+01 
-1.01513E+03 7.27968E+01 
-1.04105E+03 7.08558E+01 
-1.07353E+03 6.86937E+01 
-1.10680E+03 6.65575E+01 
-1.14090E+03 6.44708E+01 
-1.17585E+03 6.24603E+01 
-1.20349E+03 6.09757E+01 
-1.21167E+03 6.05558E+01 
-1.25132E+03 5.86603E+01 
-1.29208E+03 5.69763E+01 
-1.33400E+03 5.55593E+01 
-1.37715E+03 5.44734E+01 
-1.41700E+03 5.44520E+01 
-1.46477E+03 5.46778E+01 
-1.51425E+03 5.55448E+01 
-1.56524E+03 5.72043E+01 
-1.61717E+03 5.98890E+01 
-1.66825E+03 6.40546E+01 
-1.71278E+03 7.08664E+01 
-1.73160E+03 8.39043E+01 
-1.66343E+03 1.14353E+02 
-1.36096E+03 1.89412E+02 
-6.84792E+02 3.36738E+02 
1.42097E+02 5.19603E+02 
6.80347E+02 6.58068E+02 
-7.65121E+02 6.19475E+01 
-7.82266E+02 6.14205E+01 
-8.02881E+02 5.99120E+01 
-8.28707E+02 5.82953E+01 
-8.55167E+02 5.67124E+01 
-8.82274E+02 5.51840E+01 
-9.10042E+02 5.37327E+01 
-9.31995E+02 5.26789E+01 
-9.38493E+02 5.23843E+01 
-9.69960E+02 5.10795E+01 
-1.00228E+03 4.99698E+01 
-1.03549E+03 4.91025E+01 
-1.06961E+03 4.85320E+01 
-1.10099E+03 4.88113E+01 
-1.13858E+03 4.93904E+01 
-1.17743E+03 5.05253E+01 
-1.21737E+03 5.23400E+01 
-1.25789E+03 5.50238E+01 
-1.29754E+03 5.89454E+01 
-1.33167E+03 6.50442E+01 
-1.34470E+03 7.62030E+01 
-1.28689E+03 1.01428E+02 
-1.03858E+03 1.62628E+02 
-4.86265E+02 2.82106E+02 
1.89681E+02 4.30329E+02 
6.32633E+02 5.42893E+02 
-5.88415E+02 5.20164E+01 
-6.01963E+02 5.16772E+01 
-6.18367E+02 5.05248E+01 
-6.38907E+02 4.93432E+01 
-6.59947E+02 4.81999E+01 
-6.81492E+02 4.71123E+01 
-7.03552E+02 4.61000E+01 
-7.20983E+02 4.53823E+01 
-7.26140E+02 4.51851E+01 
-7.51102E+02 4.43363E+01 
-7.76713E+02 4.36650E+01 
-8.02995E+02 4.32113E+01 
-8.29964E+02 4.30209E+01 
-8.54631E+02 4.35036E+01 
-8.84174E+02 4.43127E+01 
-9.14632E+02 4.56004E+01 
-9.45848E+02 4.74680E+01 
-9.77404E+02 5.00692E+01 
-1.00810E+03 5.37014E+01 
-1.03413E+03 5.91209E+01 
-1.04285E+03 6.86459E+01 
-9.93892E+02 8.95188E+01 
-7.90069E+02 1.39361E+02 
-3.38954E+02 2.36128E+02 
2.13548E+02 3.56093E+02 
5.77990E+02 4.47440E+02 
-4.51926E+02 4.37004E+01 
-4.62629E+02 4.35082E+01 
-4.75682E+02 4.26388E+01 
-4.92014E+02 4.17971E+01 
-5.08736E+02 4.09953E+01 
-5.25853E+02 4.02484E+01 
-5.43368E+02 3.95729E+01 
-5.57197E+02 3.91111E+01 
-5.61288E+02 3.89877E+01 
-5.81073E+02 3.84822E+01 
-6.01349E+02 3.81361E+01 
-6.22127E+02 3.79835E+01 
-6.43414E+02 3.80626E+01 
-6.62776E+02 3.86705E+01 
-6.85951E+02 3.96126E+01 
-7.09779E+02 4.09645E+01 
-7.34122E+02 4.28087E+01 
-7.58626E+02 4.52694E+01 
-7.82301E+02 4.85863E+01 
-8.02057E+02 5.33670E+01 
-8.07612E+02 6.14729E+01 
-7.66197E+02 7.87191E+01 
-5.98903E+02 1.19256E+02 
-2.30477E+02 1.97512E+02 
2.21072E+02 2.94443E+02 
5.20840E+02 3.68424E+02 
-3.46653E+02 3.68078E+01 
-3.55105E+02 3.67256E+01 
-3.65486E+02 3.60755E+01 
-3.78462E+02 3.54943E+01 
-3.91743E+02 3.49528E+01 
-4.05330E+02 3.44636E+01 
-4.19223E+02 3.40409E+01 
-4.30185E+02 3.37696E+01 
-4.33425E+02 3.37007E+01 
-4.49090E+02 3.34469E+01 
-4.65121E+02 3.33352E+01 
-4.81525E+02 3.33940E+01 
-4.98300E+02 3.36555E+01 
-5.13469E+02 3.43287E+01 
-5.31609E+02 3.53309E+01 
-5.50206E+02 3.66821E+01 
-5.69137E+02 3.84493E+01 
-5.88105E+02 4.07328E+01 
-6.06297E+02 4.37251E+01 
-6.21193E+02 4.79133E+01 
-6.24443E+02 5.47898E+01 
-5.89452E+02 6.90155E+01 
-4.52156E+02 1.01933E+02 
-1.51294E+02 1.65109E+02 
2.17693E+02 2.43279E+02 
4.64189E+02 3.03063E+02 
-2.65541E+02 3.11092E+01 
-2.72207E+02 3.11057E+01 
-2.80456E+02 3.06226E+01 
-2.90757E+02 3.02375E+01 
-3.01295E+02 2.98906E+01 
-3.12068E+02 2.95928E+01 
-3.23075E+02 2.93559E+01 
-3.31753E+02 2.92230E+01 
-3.34317E+02 2.91936E+01 
-3.46701E+02 2.91195E+01 
-3.59358E+02 2.91710E+01 
-3.72286E+02 2.93720E+01 
-3.85480E+02 2.97493E+01 
-3.97339E+02 3.04443E+01 
-4.11504E+02 3.14540E+01 
-4.25978E+02 3.27597E+01 
-4.40654E+02 3.44154E+01 
-4.55285E+02 3.65020E+01 
-4.69200E+02 3.91735E+01 
-4.80347E+02 4.28200E+01 
-4.81947E+02 4.86354E+01 
-4.52419E+02 6.03479E+01 
-3.39758E+02 8.70306E+01 
-9.41044E+01 1.37933E+02 
2.07361E+02 2.00836E+02 
4.09980E+02 2.49029E+02 
-2.03094E+02 2.63861E+01 
-2.08344E+02 2.64365E+01 
-2.14894E+02 2.60793E+01 
-2.23062E+02 2.58394E+01 
-2.31413E+02 2.56357E+01 
-2.39944E+02 2.54771E+01 
-2.48653E+02 2.53738E+01 
-2.55512E+02 2.53392E+01 
-2.57538E+02 2.53374E+01 
-2.67313E+02 2.53877E+01 
-2.77288E+02 2.55485E+01 
-2.87458E+02 2.58397E+01 
-2.97815E+02 2.62836E+01 
-3.07063E+02 2.69704E+01 
-3.18093E+02 2.79516E+01 
-3.29324E+02 2.91828E+01 
-3.40663E+02 3.07076E+01 
-3.51903E+02 3.25906E+01 
-3.62492E+02 3.49552E+01 
-3.70760E+02 3.81126E+01 
-3.71204E+02 4.30158E+01 
-3.46314E+02 5.26406E+01 
-2.53884E+02 7.42265E+01 
-5.33435E+01 1.15149E+02 
1.92901E+02 1.65644E+02 
3.59385E+02 2.04386E+02 
-1.55050E+02 2.24517E+01 
-1.59178E+02 2.25368E+01 
-1.64374E+02 2.22744E+01 
-1.70843E+02 2.21404E+01 
-1.77452E+02 2.20400E+01 
-1.84198E+02 2.19809E+01 
-1.91078E+02 2.19716E+01 
-1.96492E+02 2.20047E+01 
-1.98089E+02 2.20218E+01 
-2.05792E+02 2.21550E+01 
-2.13639E+02 2.23850E+01 
-2.21622E+02 2.27284E+01 
-2.29733E+02 2.32036E+01 
-2.36927E+02 2.38627E+01 
-2.45490E+02 2.47924E+01 
-2.54176E+02 2.59325E+01 
-2.62903E+02 2.73179E+01 
-2.71498E+02 2.90003E+01 
-2.79509E+02 3.10780E+01 
-2.85578E+02 3.37989E+01 
-2.85235E+02 3.79216E+01 
-2.64280E+02 4.58149E+01 
-1.88464E+02 6.32395E+01 
-2.47873E+01 9.60565E+01 
1.76297E+02 1.36480E+02 
3.13026E+02 1.67532E+02 
-1.18113E+02 1.91549E+01 
-1.21354E+02 1.92608E+01 
-1.25472E+02 1.90700E+01 
-1.30588E+02 1.90120E+01 
-1.35811E+02 1.89849E+01 
-1.41138E+02 1.89952E+01 
-1.46565E+02 1.90501E+01 
-1.50830E+02 1.91284E+01 
-1.52088E+02 1.91578E+01 
-1.58146E+02 1.93436E+01 
-1.64306E+02 1.96138E+01 
-1.70559E+02 1.99823E+01 
-1.76896E+02 2.04642E+01 
-1.82476E+02 2.10841E+01 
-1.89102E+02 2.19488E+01 
-1.95794E+02 2.29901E+01 
-2.02482E+02 2.42357E+01 
-2.09021E+02 2.57269E+01 
-2.15042E+02 2.75416E+01 
-2.19438E+02 2.98767E+01 
-2.18583E+02 3.33344E+01 
-2.00963E+02 3.97946E+01 
-1.38793E+02 5.38262E+01 
-5.23902E+00 8.00695E+01 
1.58914E+02 1.12331E+02 
2.71145E+02 1.37137E+02 
-8.97420E+01 1.63777E+01 
-9.22807E+01 1.64944E+01 
-9.55436E+01 1.63582E+01 
-9.95839E+01 1.63538E+01 
-1.03706E+02 1.63776E+01 
-1.07905E+02 1.64350E+01 
-1.12178E+02 1.65323E+01 
-1.15532E+02 1.66392E+01 
-1.16521E+02 1.66763E+01 
-1.21276E+02 1.68926E+01 
-1.26101E+02 1.71825E+01 
-1.30988E+02 1.75573E+01 
-1.35925E+02 1.80297E+01 
-1.40240E+02 1.86045E+01 
-1.45349E+02 1.93978E+01 
-1.50484E+02 2.03387E+01 
-1.55585E+02 2.14494E+01 
-1.60532E+02 2.27626E+01 
-1.65022E+02 2.43399E+01 
-1.68154E+02 2.63370E+01 
-1.66989E+02 2.92304E+01 
-1.52191E+02 3.45067E+01 
-1.01228E+02 4.57762E+01 
7.71192E+00 6.66967E+01 
1.41664E+02 9.23557E+01 
2.33730E+02 1.12099E+02 
-6.79757E+01 1.40283E+01 
-6.99608E+01 1.41491E+01 
-7.25450E+01 1.40551E+01 
-7.57312E+01 1.40877E+01 
-7.89786E+01 1.41459E+01 
-8.22835E+01 1.42342E+01 
-8.56421E+01 1.43580E+01 
-8.82752E+01 1.44818E+01 
-8.90504E+01 1.45230E+01 
-9.27756E+01 1.47544E+01 
-9.65464E+01 1.50498E+01 
-1.00355E+02 1.54185E+01 
-1.04191E+02 1.58706E+01 
-1.07518E+02 1.63984E+01 
-1.11441E+02 1.71186E+01 
-1.15362E+02 1.79619E+01 
-1.19232E+02 1.89459E+01 
-1.22949E+02 2.00964E+01 
-1.26267E+02 2.14619E+01 
-1.28453E+02 2.31651E+01 
-1.27122E+02 2.55816E+01 
-1.14710E+02 2.98820E+01 
-7.29505E+01 3.89069E+01 
1.58779E+01 5.55254E+01 
1.25137E+02 7.58541E+01 
2.00610E+02 9.15055E+01 
-5.13014E+01 1.20353E+01 
-5.28504E+01 1.21556E+01 
-5.48971E+01 1.20950E+01 
-5.74059E+01 1.21524E+01 
-5.99604E+01 1.22328E+01 
-6.25569E+01 1.23404E+01 
-6.51919E+01 1.24794E+01 
-6.72546E+01 1.26116E+01 
-6.78613E+01 1.26547E+01 
-7.07729E+01 1.28905E+01 
-7.37126E+01 1.31817E+01 
-7.66727E+01 1.35362E+01 
-7.96435E+01 1.39620E+01 
-8.21992E+01 1.44432E+01 
-8.51982E+01 1.50918E+01 
-8.81774E+01 1.58429E+01 
-9.10948E+01 1.67102E+01 
-9.38672E+01 1.77139E+01 
-9.62914E+01 1.88923E+01 
-9.77732E+01 2.03415E+01 
-9.63799E+01 2.23561E+01 
-8.59832E+01 2.58538E+01 
-5.17808E+01 3.30583E+01 
2.06170E+01 4.62071E+01 
1.09689E+02 6.22426E+01 
1.71511E+02 7.45944E+01 
-3.85513E+01 1.03420E+01 
-3.97574E+01 1.04589E+01 
-4.13788E+01 1.04253E+01 
-4.33512E+01 1.04986E+01 
-4.53572E+01 1.05927E+01 
-4.73935E+01 1.07110E+01 
-4.94566E+01 1.08572E+01 
-5.10690E+01 1.09920E+01 
-5.15428E+01 1.10354E+01 
-5.38130E+01 1.12683E+01 
-5.60986E+01 1.15493E+01 
-5.83922E+01 1.18847E+01 
-6.06851E+01 1.22809E+01 
-6.26406E+01 1.27176E+01 
-6.49214E+01 1.32981E+01 
-6.71714E+01 1.39636E+01 
-6.93550E+01 1.47249E+01 
-7.14036E+01 1.55978E+01 
-7.31510E+01 1.66122E+01 
-7.41148E+01 1.78429E+01 
-7.27293E+01 1.95200E+01 
-6.40324E+01 2.23589E+01 
-3.60345E+01 2.80901E+01 
2.29416E+01 3.84469E+01 
9.55126E+01 5.10335E+01 
1.46110E+02 6.07327E+01 
-2.88236E+01 8.90254E+00 
-2.97607E+01 9.01435E+00 
-3.10460E+01 9.00292E+00 
-3.25940E+01 9.08575E+00 
-3.41665E+01 9.18733E+00 
-3.57603E+01 9.31052E+00 
-3.73723E+01 9.45843E+00 
-3.86298E+01 9.59196E+00 
-3.89988E+01 9.63442E+00 
-4.07642E+01 9.85979E+00 
-4.25359E+01 1.01268E+01 
-4.43071E+01 1.04403E+01 
-4.60696E+01 1.08057E+01 
-4.75594E+01 1.12008E+01 
-4.92837E+01 1.17178E+01 
-5.09710E+01 1.23051E+01 
-5.25916E+01 1.29713E+01 
-5.40884E+01 1.37285E+01 
-5.53262E+01 1.45998E+01 
-5.59135E+01 1.56435E+01 
-5.45824E+01 1.70379E+01 
-4.73172E+01 1.93371E+01 
-2.44121E+01 2.38787E+01 
2.36023E+01 3.19949E+01 
8.26894E+01 4.18190E+01 
1.24062E+02 4.93929E+01 
-2.14214E+01 7.67896E+00 
-2.21476E+01 7.78477E+00 
-2.31673E+01 7.79188E+00 
-2.43802E+01 7.87971E+00 
-2.56105E+01 7.98442E+00 
-2.68553E+01 8.10839E+00 
-2.81119E+01 8.25424E+00 
-2.90901E+01 8.38386E+00 
-2.93768E+01 8.42474E+00 
-3.07456E+01 8.63959E+00 
-3.21143E+01 8.89035E+00 
-3.34767E+01 9.18100E+00 
-3.48254E+01 9.51563E+00 
-3.59545E+01 9.87230E+00 
-3.72490E+01 1.03310E+01 
-3.85038E+01 1.08477E+01 
-3.96940E+01 1.14290E+01 
-4.07727E+01 1.20845E+01 
-4.16295E+01 1.28318E+01 
-4.19470E+01 1.37159E+01 
-4.06993E+01 1.48740E+01 
-3.46385E+01 1.67321E+01 
-1.59124E+01 2.03157E+01 
2.31515E+01 2.66391E+01 
7.12233E+01 3.42578E+01 
1.05017E+02 4.01349E+01 
-1.58058E+01 6.63918E+00 
-1.63671E+01 6.73862E+00 
-1.71771E+01 6.76146E+00 
-1.81256E+01 6.85110E+00 
-1.90861E+01 6.95590E+00 
-2.00562E+01 7.07788E+00 
-2.10331E+01 7.21919E+00 
-2.17918E+01 7.34323E+00 
-2.20139E+01 7.38210E+00 
-2.30716E+01 7.58470E+00 
-2.41249E+01 7.81823E+00 
-2.51682E+01 8.08582E+00 
-2.61947E+01 8.39061E+00 
-2.70452E+01 8.71222E+00 
-2.80089E+01 9.11779E+00 
-2.89326E+01 9.57122E+00 
-2.97954E+01 1.00775E+01 
-3.05590E+01 1.06440E+01 
-3.11333E+01 1.12842E+01 
-3.12612E+01 1.20324E+01 
-3.01132E+01 1.29935E+01 
-2.50641E+01 1.44917E+01 
-9.76607E+00 1.73059E+01 
2.19918E+01 2.21997E+01 
6.10684E+01 2.80642E+01 
8.86410E+01 3.25922E+01 
-1.15607E+01 5.75584E+00 
-1.19932E+01 5.84885E+00 
-1.26376E+01 5.88517E+00 
-1.33777E+01 5.97442E+00 
-1.41259E+01 6.07727E+00 
-1.48798E+01 6.19540E+00 
-1.56371E+01 6.33058E+00 
-1.62237E+01 6.44805E+00 
-1.63950E+01 6.48466E+00 
-1.72093E+01 6.67414E+00 
-1.80162E+01 6.89018E+00 
-1.88107E+01 7.13520E+00 
-1.95870E+01 7.41158E+00 
-2.02229E+01 7.70132E+00 
-2.09329E+01 8.05901E+00 
-2.16043E+01 8.45603E+00 
-2.22196E+01 8.89623E+00 
-2.27472E+01 9.38512E+00 
-2.31140E+01 9.93301E+00 
-2.31121E+01 1.05659E+01 
-2.20710E+01 1.13629E+01 
-1.78706E+01 1.25683E+01 
-5.38323E+00 1.47664E+01 
2.04134E+01 1.85246E+01 
5.21476E+01 2.29998E+01 
7.46167E+01 2.64598E+01 
-8.36413E+00 5.00531E+00 
-8.69635E+00 5.09208E+00 
-9.20970E+00 5.14001E+00 
-9.78591E+00 5.22736E+00 
-1.03671E+01 5.32690E+00 
-1.09514E+01 5.43999E+00 
-1.15364E+01 5.56810E+00 
-1.19881E+01 5.67845E+00 
-1.21198E+01 5.71268E+00 
-1.27436E+01 5.88875E+00 
-1.33584E+01 6.08753E+00 
-1.39596E+01 6.31087E+00 
-1.45421E+01 6.56053E+00 
-1.50131E+01 6.82138E+00 
-1.55295E+01 7.13611E+00 
-1.60095E+01 7.48309E+00 
-1.64387E+01 7.86525E+00 
-1.67911E+01 8.28673E+00 
-1.70075E+01 8.75527E+00 
-1.69195E+01 9.29030E+00 
-1.59863E+01 9.95085E+00 
-1.24967E+01 1.09185E+01 
-2.31297E+00 1.26251E+01 
1.86214E+01 1.54849E+01 
4.43654E+01 1.88651E+01 
6.26512E+01 2.14840E+01 
-5.96823E+00 4.36733E+00 
-6.22241E+00 4.44818E+00 
-6.63212E+00 4.50610E+00 
-7.07951E+00 4.59056E+00 
-7.52967E+00 4.68591E+00 
-7.98080E+00 4.79326E+00 
-8.43092E+00 4.91377E+00 
-8.77711E+00 5.01678E+00 
-8.87781E+00 5.04860E+00 
-9.35319E+00 5.21132E+00 
-9.81845E+00 5.39339E+00 
-1.02697E+01 5.59616E+00 
-1.07026E+01 5.82093E+00 
-1.10472E+01 6.05559E+00 
-1.14166E+01 6.33194E+00 
-1.17523E+01 6.63469E+00 
-1.20426E+01 6.96603E+00 
-1.22661E+01 7.32904E+00 
-1.23749E+01 7.72947E+00 
-1.22331E+01 8.18165E+00 
-1.14043E+01 8.72890E+00 
-8.50932E+00 9.50378E+00 
-2.12353E-01 1.08197E+01 
1.67586E+01 1.29726E+01 
3.76187E+01 1.54944E+01 
5.24787E+01 1.74546E+01 
-4.18177E+00 3.82443E+00 
-4.37537E+00 3.89973E+00 
-4.70291E+00 3.96620E+00 
-5.04918E+00 4.04714E+00 
-5.39657E+00 4.13776E+00 
-5.74346E+00 4.23897E+00 
-6.08808E+00 4.35167E+00 
-6.35193E+00 4.44731E+00 
-6.42845E+00 4.47674E+00 
-6.78819E+00 4.62643E+00 
-7.13740E+00 4.79251E+00 
-7.47274E+00 4.97595E+00 
-7.79042E+00 5.17766E+00 
-8.03854E+00 5.38854E+00 
-8.29684E+00 5.63073E+00 
-8.52457E+00 5.89447E+00 
-8.71199E+00 6.18139E+00 
-8.84186E+00 6.49377E+00 
-8.87526E+00 6.83579E+00 
-8.70259E+00 7.21785E+00 
-7.97232E+00 7.67108E+00 
-5.57383E+00 8.29010E+00 
1.17874E+00 9.29683E+00 
1.49208E+01 1.08964E+01 
3.18017E+01 1.27497E+01 
4.38590E+01 1.41975E+01 
-2.85777E+00 3.36167E+00 
-3.00444E+00 3.43181E+00 
-3.26665E+00 3.50550E+00 
-3.53366E+00 3.58252E+00 
-3.80056E+00 3.66812E+00 
-4.06592E+00 3.76301E+00 
-4.32816E+00 3.86786E+00 
-4.52783E+00 3.95624E+00 
-4.58553E+00 3.98333E+00 
-4.85540E+00 4.12045E+00 
-5.11476E+00 4.27136E+00 
-5.36071E+00 4.43674E+00 
-5.59006E+00 4.61719E+00 
-5.76473E+00 4.80643E+00 
-5.93967E+00 5.01827E+00 
-6.08720E+00 5.24766E+00 
-6.19934E+00 5.49581E+00 
-6.26207E+00 5.76437E+00 
-6.24396E+00 6.05634E+00 
-6.05668E+00 6.37906E+00 
-5.41741E+00 6.75430E+00 
-3.43294E+00 7.24755E+00 
2.05642E+00 8.01070E+00 
1.31698E+01 9.18014E+00 
2.68113E+01 1.05167E+01 
3.65783E+01 1.15687E+01 
-1.88349E+00 2.96631E+00 
-1.99388E+00 3.03171E+00 
-2.20396E+00 3.11132E+00 
-2.40890E+00 3.18420E+00 
-2.61284E+00 3.26464E+00 
-2.81451E+00 3.35315E+00 
-3.01252E+00 3.45024E+00 
-3.16226E+00 3.53156E+00 
-3.20535E+00 3.55639E+00 
-3.40554E+00 3.68148E+00 
-3.59551E+00 3.81808E+00 
-3.77279E+00 3.96665E+00 
-3.93468E+00 4.12756E+00 
-4.05368E+00 4.29705E+00 
-4.16656E+00 4.48197E+00 
-4.25513E+00 4.68116E+00 
-4.31286E+00 4.89549E+00 
-4.32838E+00 5.12614E+00 
-4.27633E+00 5.37521E+00 
-4.08566E+00 5.64771E+00 
-3.52911E+00 5.95826E+00 
-1.88933E+00 6.35022E+00 
2.56765E+00 6.92251E+00 
1.15427E+01 7.76020E+00 
2.25494E+01 8.70085E+00 
3.04472E+01 9.44978E+00 
-1.17265E+00 2.62761E+00 
-1.25505E+00 2.68863E+00 
-1.42332E+00 2.77289E+00 
-1.57970E+00 2.84152E+00 
-1.73444E+00 2.91673E+00 
-1.88643E+00 2.99890E+00 
-2.03444E+00 3.08840E+00 
-2.14540E+00 3.16289E+00 
-2.17716E+00 3.18555E+00 
-2.32346E+00 3.29919E+00 
-2.46002E+00 3.42235E+00 
-2.58476E+00 3.55532E+00 
-2.69543E+00 3.69832E+00 
-2.77241E+00 3.84971E+00 
-2.83955E+00 4.01079E+00 
-2.88530E+00 4.18344E+00 
-2.90435E+00 4.36828E+00 
-2.88751E+00 4.56614E+00 
-2.81432E+00 4.77842E+00 
-2.62774E+00 5.00837E+00 
-2.14542E+00 5.26524E+00 
-7.92153E-01 5.57579E+00 
2.82190E+00 5.99945E+00 
1.00591E+01 6.58358E+00 
1.89250E+01 7.22403E+00 
2.52993E+01 7.74325E+00 
-6.52711E-01 2.33229E+00 
-7.13253E-01 2.38921E+00 
-8.47313E-01 2.47691E+00 
-9.65207E-01 2.54114E+00 
-1.08102E+00 2.61105E+00 
-1.19376E+00 2.68688E+00 
-1.30239E+00 2.76888E+00 
-1.38290E+00 2.83669E+00 
-1.40577E+00 2.85725E+00 
-1.50996E+00 2.95986E+00 
-1.60501E+00 3.07025E+00 
-1.68921E+00 3.18856E+00 
-1.76070E+00 3.31493E+00 
-1.80574E+00 3.44945E+00 
-1.83913E+00 3.58911E+00 
-1.85389E+00 3.73810E+00 
-1.84571E+00 3.89686E+00 
-1.80718E+00 4.06592E+00 
-1.72194E+00 4.24617E+00 
-1.54437E+00 4.43951E+00 
-1.12892E+00 4.65117E+00 
-1.67577E-02 4.89548E+00 
2.90016E+00 5.20262E+00 
8.70676E+00 5.59256E+00 
1.58112E+01 6.00532E+00 
2.09284E+01 6.35017E+00 
-2.89045E-01 2.08178E+00 
-3.33065E-01 2.13494E+00 
-4.39756E-01 2.22474E+00 
-5.28105E-01 2.28463E+00 
-6.14080E-01 2.34935E+00 
-6.96830E-01 2.41905E+00 
-7.75451E-01 2.49390E+00 
-8.32840E-01 2.55541E+00 
-8.48977E-01 2.57400E+00 
-9.21374E-01 2.66634E+00 
-9.85318E-01 2.76499E+00 
-1.03939E+00 2.87000E+00 
-1.08209E+00 2.98142E+00 
-1.10376E+00 3.10063E+00 
-1.11340E+00 3.22167E+00 
-1.10687E+00 3.35023E+00 
-1.08068E+00 3.48660E+00 
-1.02886E+00 3.63112E+00 
-9.38262E-01 3.78429E+00 
-7.72360E-01 3.94706E+00 
-4.14768E-01 4.12174E+00 
5.01088E-01 4.31390E+00 
2.85987E+00 4.53322E+00 
7.52653E+00 4.78098E+00 
1.32280E+01 5.02906E+00 
1.73416E+01 5.24748E+00 
-3.42391E-02 1.86473E+00 
-6.55476E-02 1.91435E+00 
-1.49733E-01 2.00497E+00 
-2.14995E-01 2.06050E+00 
-2.77709E-01 2.12007E+00 
-3.37146E-01 2.18378E+00 
-3.92537E-01 2.25171E+00 
-4.32106E-01 2.30720E+00 
-4.43070E-01 2.32391E+00 
-4.91143E-01 2.40658E+00 
-5.31482E-01 2.49427E+00 
-5.62935E-01 2.58702E+00 
-5.84286E-01 2.68482E+00 
-5.88725E-01 2.78989E+00 
-5.81686E-01 2.89444E+00 
-5.60691E-01 3.00504E+00 
-5.22906E-01 3.12186E+00 
-4.63522E-01 3.24508E+00 
-3.72001E-01 3.37492E+00 
-2.19149E-01 3.51163E+00 
8.79099E-02 3.65546E+00 
8.41411E-01 3.80587E+00 
2.74600E+00 3.95839E+00 
6.48939E+00 4.10194E+00 
1.10554E+01 4.23113E+00 
1.43550E+01 4.35779E+00 
1.40297E-01 1.67584E+00 
1.18777E-01 1.72208E+00 
5.33098E-02 1.81222E+00 
6.09105E-03 1.86338E+00 
-3.85015E-02 1.91787E+00 
-7.98481E-02 1.97573E+00 
-1.17305E-01 2.03699E+00 
-1.43193E-01 2.08673E+00 
-1.50201E-01 2.10166E+00 
-1.79766E-01 2.17521E+00 
-2.02329E-01 2.25273E+00 
-2.16966E-01 2.33419E+00 
-2.22704E-01 2.41960E+00 
-2.14590E-01 2.51158E+00 
-1.96176E-01 2.60155E+00 
-1.65759E-01 2.69635E+00 
-1.21043E-01 2.79606E+00 
-5.81609E-02 2.90076E+00 
3.13248E-02 3.01044E+00 
1.70703E-01 3.12486E+00 
4.33923E-01 3.24289E+00 
1.05339E+00 3.35988E+00 
2.58891E+00 3.46213E+00 
5.58562E+00 3.53092E+00 
9.23412E+00 3.57653E+00 
1.18749E+01 3.63804E+00 
2.56129E-01 1.51064E+00 
2.42163E-01 1.55362E+00 
1.92461E-01 1.64200E+00 
1.59345E-01 1.68878E+00 
1.28858E-01 1.73825E+00 
1.01518E-01 1.79041E+00 
7.78556E-02 1.84526E+00 
6.24168E-02 1.88954E+00 
5.84174E-02 1.90278E+00 
4.28329E-02 1.96778E+00 
3.35236E-02 2.03585E+00 
3.12258E-02 2.10696E+00 
3.67077E-02 2.18110E+00 
5.37937E-02 2.26098E+00 
7.96473E-02 2.33804E+00 
1.15797E-01 2.41892E+00 
1.64099E-01 2.50365E+00 
2.27666E-01 2.59219E+00 
3.13242E-01 2.68439E+00 
4.39368E-01 2.77969E+00 
6.64776E-01 2.87604E+00 
1.17379E+00 2.96625E+00 
2.40986E+00 3.03111E+00 
4.80367E+00 3.04781E+00 
7.71215E+00 3.03678E+00 
9.82084E+00 3.05330E+00 
3.29540E-01 1.36521E+00 
3.21436E-01 1.40499E+00 
2.85199E-01 1.49032E+00 
2.63119E-01 1.53273E+00 
2.43609E-01 1.57725E+00 
2.27093E-01 1.62387E+00 
2.14001E-01 1.67257E+00 
2.06498E-01 1.71166E+00 
2.04771E-01 1.72332E+00 
1.99656E-01 1.78030E+00 
2.00113E-01 1.83962E+00 
2.06719E-01 1.90125E+00 
2.20082E-01 1.96515E+00 
2.43411E-01 2.03381E+00 
2.73819E-01 2.09943E+00 
3.13041E-01 2.16801E+00 
3.62581E-01 2.23955E+00 
4.24942E-01 2.31394E+00 
5.05508E-01 2.39091E+00 
6.18997E-01 2.46969E+00 
8.11910E-01 2.54771E+00 
1.22993E+00 2.61641E+00 
2.22310E+00 2.65382E+00 
4.13033E+00 2.63562E+00 
6.44232E+00 2.58816E+00 
8.12165E+00 2.57477E+00 
3.72474E-01 1.23672E+00 
3.68936E-01 1.27332E+00 
3.44311E-01 1.35438E+00 
3.30842E-01 1.39244E+00 
3.19831E-01 1.43212E+00 
3.11620E-01 1.47339E+00 
3.06551E-01 1.51622E+00 
3.05005E-01 1.55041E+00 
3.04970E-01 1.56058E+00 
3.07574E-01 1.61011E+00 
3.15080E-01 1.66136E+00 
3.27942E-01 1.71433E+00 
3.46635E-01 1.76897E+00 
3.74112E-01 1.82730E+00 
4.06974E-01 1.88275E+00 
4.47378E-01 1.94048E+00 
4.96546E-01 2.00041E+00 
5.56492E-01 2.06237E+00 
6.31507E-01 2.12604E+00 
7.33246E-01 2.19051E+00 
8.98412E-01 2.25298E+00 
1.24178E+00 2.30439E+00 
2.03868E+00 2.32203E+00 
3.55481E+00 2.28188E+00 
5.38808E+00 2.21303E+00 
6.72255E+00 2.18088E+00 
3.94026E-01 1.12252E+00 
3.94068E-01 1.15594E+00 
3.79552E-01 1.23158E+00 
3.72782E-01 1.26535E+00 
3.68318E-01 1.30031E+00 
3.66429E-01 1.33643E+00 
3.67385E-01 1.37370E+00 
3.70246E-01 1.40330E+00 
3.71453E-01 1.41208E+00 
3.79639E-01 1.45469E+00 
3.92103E-01 1.49855E+00 
4.09201E-01 1.54363E+00 
4.31311E-01 1.58992E+00 
4.61337E-01 1.63874E+00 
4.95161E-01 1.68518E+00 
5.35444E-01 1.73329E+00 
5.83184E-01 1.78296E+00 
6.40000E-01 1.83398E+00 
7.09306E-01 1.88598E+00 
8.00306E-01 1.93800E+00 
9.41869E-01 1.98721E+00 
1.22409E+00 2.02467E+00 
1.86274E+00 2.02836E+00 
3.06529E+00 1.97577E+00 
4.51538E+00 1.89639E+00 
5.57367E+00 1.85349E+00 
4.00951E-01 1.02040E+00 
4.03820E-01 1.05063E+00 
3.98152E-01 1.11981E+00 
3.96563E-01 1.14937E+00 
3.97097E-01 1.17978E+00 
3.99963E-01 1.21101E+00 
4.05369E-01 1.24304E+00 
4.11426E-01 1.26835E+00 
4.13522E-01 1.27584E+00 
4.25633E-01 1.31207E+00 
4.41452E-01 1.34917E+00 
4.61261E-01 1.38711E+00 
4.85363E-01 1.42586E+00 
5.16723E-01 1.46600E+00 
5.50476E-01 1.50442E+00 
5.89773E-01 1.54400E+00 
6.35431E-01 1.58458E+00 
6.88752E-01 1.62594E+00 
7.52447E-01 1.66766E+00 
8.33759E-01 1.70881E+00 
9.55315E-01 1.74666E+00 
1.18757E+00 1.77282E+00 
1.69897E+00 1.76692E+00 
2.65088E+00 1.70870E+00 
3.79531E+00 1.62640E+00 
4.63320E+00 1.57836E+00 
3.98257E-01 9.28337E-01 
4.03375E-01 9.55365E-01 
4.05464E-01 1.01719E+00 
4.07846E-01 1.04267E+00 
4.12147E-01 1.06871E+00 
4.18528E-01 1.09531E+00 
4.27149E-01 1.12244E+00 
4.35458E-01 1.14379E+00 
4.38170E-01 1.15009E+00 
4.52932E-01 1.18047E+00 
4.70890E-01 1.21141E+00 
4.92272E-01 1.24288E+00 
5.17324E-01 1.27485E+00 
5.49097E-01 1.30708E+00 
5.82087E-01 1.33835E+00 
6.19852E-01 1.37033E+00 
6.63059E-01 1.40284E+00 
7.12756E-01 1.43563E+00 
7.71087E-01 1.46827E+00 
8.43728E-01 1.49988E+00 
9.48340E-01 1.52796E+00 
1.13979E+00 1.54493E+00 
1.54902E+00 1.53264E+00 
2.30101E+00 1.47350E+00 
3.20220E+00 1.39334E+00 
3.86462E+00 1.34394E+00 
3.89622E-01 8.44709E-01 
3.96535E-01 8.68527E-01 
4.05385E-01 9.22299E-01 
4.10759E-01 9.43858E-01 
4.17838E-01 9.65778E-01 
4.26747E-01 9.88042E-01 
4.37608E-01 1.01064E+00 
4.47432E-01 1.02834E+00 
4.50549E-01 1.03355E+00 
4.66983E-01 1.05859E+00 
4.86163E-01 1.08395E+00 
5.08276E-01 1.10958E+00 
5.33531E-01 1.13545E+00 
5.65022E-01 1.16055E+00 
5.96807E-01 1.18544E+00 
6.32720E-01 1.21065E+00 
6.73306E-01 1.23597E+00 
7.19404E-01 1.26115E+00 
7.72700E-01 1.28578E+00 
8.37625E-01 1.30903E+00 
9.27899E-01 1.32869E+00 
1.08607E+00 1.33815E+00 
1.41352E+00 1.32180E+00 
2.00666E+00 1.26482E+00 
2.71508E+00 1.18996E+00 
3.23834E+00 1.14160E+00 
3.77749E-01 7.68054E-01 
3.86089E-01 7.88679E-01 
4.00754E-01 8.33909E-01 
4.08321E-01 8.51769E-01 
4.17381E-01 8.69835E-01 
4.28029E-01 8.88091E-01 
4.40366E-01 9.06525E-01 
4.51134E-01 9.20898E-01 
4.54492E-01 9.25118E-01 
4.71855E-01 9.45319E-01 
4.91574E-01 9.65641E-01 
5.13809E-01 9.86034E-01 
5.38738E-01 1.00643E+00 
5.69426E-01 1.02515E+00 
5.99740E-01 1.04435E+00 
6.33637E-01 1.06352E+00 
6.71557E-01 1.08246E+00 
7.14169E-01 1.10090E+00 
7.62790E-01 1.11846E+00 
8.20856E-01 1.13440E+00 
8.98979E-01 1.14682E+00 
1.03002E+00 1.15017E+00 
1.29216E+00 1.13141E+00 
1.75954E+00 1.07843E+00 
2.31578E+00 1.01056E+00 
2.72907E+00 9.64653E-01 
3.64593E-01 6.97095E-01 
3.74053E-01 7.14580E-01 
3.93599E-01 7.51036E-01 
4.02702E-01 7.65461E-01 
4.13096E-01 7.79978E-01 
4.24858E-01 7.94573E-01 
4.38068E-01 8.09228E-01 
4.49340E-01 8.20595E-01 
4.52815E-01 8.23920E-01 
4.70546E-01 8.39769E-01 
4.90301E-01 8.55575E-01 
5.12222E-01 8.71273E-01 
5.36462E-01 8.86779E-01 
5.65958E-01 8.99871E-01 
5.94655E-01 9.14002E-01 
6.26467E-01 9.27811E-01 
6.61752E-01 9.41090E-01 
7.01031E-01 9.53585E-01 
7.45325E-01 9.64947E-01 
7.97280E-01 9.74544E-01 
8.65067E-01 9.80804E-01 
9.73965E-01 9.79187E-01 
1.18407E+00 9.59164E-01 
1.55226E+00 9.11126E-01 
1.98887E+00 8.50919E-01 
2.31554E+00 8.08159E-01 
3.51536E-01 6.30745E-01 
3.61844E-01 6.45184E-01 
3.85328E-01 6.72915E-01 
3.95425E-01 6.84208E-01 
4.06628E-01 6.95513E-01 
4.19000E-01 7.06812E-01 
4.32615E-01 7.18081E-01 
4.44051E-01 7.26760E-01 
4.47550E-01 7.29288E-01 
4.65228E-01 7.41255E-01 
4.84653E-01 7.53040E-01 
5.05951E-01 7.64564E-01 
5.29255E-01 7.75729E-01 
5.57272E-01 7.83918E-01 
5.84277E-01 7.93562E-01 
6.13995E-01 8.02641E-01 
6.46707E-01 8.10952E-01 
6.82814E-01 8.18261E-01 
7.23096E-01 8.24260E-01 
7.69575E-01 8.28427E-01 
8.28514E-01 8.29502E-01 
9.19302E-01 8.23910E-01 
1.08803E+00 8.03411E-01 
1.37830E+00 7.60593E-01 
1.72126E+00 7.07971E-01 
1.97991E+00 6.68592E-01 
3.39486E-01 5.68104E-01 
3.50393E-01 5.79648E-01 
3.76855E-01 5.98984E-01 
3.87495E-01 6.07485E-01 
3.99079E-01 6.15939E-01 
4.11664E-01 6.24322E-01 
4.25316E-01 6.32599E-01 
4.36658E-01 6.38905E-01 
4.40107E-01 6.40730E-01 
4.57420E-01 6.49275E-01 
4.76249E-01 6.57516E-01 
4.96705E-01 6.65363E-01 
5.18905E-01 6.72711E-01 
5.45231E-01 6.76711E-01 
5.70511E-01 6.82425E-01 
5.98151E-01 6.87381E-01 
6.28362E-01 6.91391E-01 
6.61445E-01 6.94244E-01 
6.97984E-01 6.95683E-01 
7.39512E-01 6.95293E-01 
7.90812E-01 6.92105E-01 
8.66732E-01 6.83401E-01 
1.00260E+00 6.62953E-01 
1.23188E+00 6.25193E-01 
1.50183E+00 5.79611E-01 
1.70721E+00 5.43549E-01 
3.28953E-01 5.08525E-01 
3.40218E-01 5.17380E-01 
3.68687E-01 5.28932E-01 
3.79497E-01 5.35006E-01 
3.91114E-01 5.40986E-01 
4.03595E-01 5.46838E-01 
4.17001E-01 5.52519E-01 
4.28049E-01 5.56765E-01 
4.31397E-01 5.57978E-01 
4.48110E-01 5.63549E-01 
4.66149E-01 5.68709E-01 
4.85609E-01 5.73360E-01 
5.06588E-01 5.77396E-01 
5.31073E-01 5.77903E-01 
5.54616E-01 5.80231E-01 
5.80200E-01 5.81657E-01 
6.07979E-01 5.82015E-01 
6.38165E-01 5.81127E-01 
6.71187E-01 5.78786E-01 
7.08196E-01 5.74678E-01 
7.52838E-01 5.68093E-01 
8.16490E-01 5.57048E-01 
9.26275E-01 5.36997E-01 
1.10799E+00 5.03857E-01 
1.32125E+00 4.64495E-01 
1.48497E+00 4.31522E-01 
3.20068E-01 4.51563E-01 
3.31461E-01 4.57987E-01 
3.60970E-01 4.62597E-01 
3.71646E-01 4.66620E-01 
3.83022E-01 4.70504E-01 
3.95152E-01 4.74206E-01 
4.08092E-01 4.77675E-01 
4.18699E-01 4.80163E-01 
4.21903E-01 4.80853E-01 
4.37845E-01 4.83879E-01 
4.54952E-01 4.86400E-01 
4.73306E-01 4.88318E-01 
4.92983E-01 4.89528E-01 
5.15525E-01 4.87202E-01 
5.37326E-01 4.86669E-01 
5.60878E-01 4.85139E-01 
5.86281E-01 4.82474E-01 
6.13678E-01 4.78532E-01 
6.43370E-01 4.73157E-01 
6.76214E-01 4.66128E-01 
7.14991E-01 4.56950E-01 
7.68443E-01 4.44245E-01 
8.57494E-01 4.24815E-01 
1.00218E+00 3.95718E-01 
1.17148E+00 3.61646E-01 
1.30260E+00 3.31464E-01 
3.12685E-01 3.97415E-01 
3.23988E-01 4.01717E-01 
3.53613E-01 4.00446E-01 
3.63920E-01 4.02794E-01 
3.74846E-01 4.04956E-01 
3.86441E-01 4.06881E-01 
3.98760E-01 4.08512E-01 
4.08822E-01 4.09533E-01 
4.11855E-01 4.09786E-01 
4.26908E-01 4.10683E-01 
4.42994E-01 4.10997E-01 
4.60173E-01 4.10632E-01 
4.78500E-01 4.09492E-01 
4.99055E-01 4.04960E-01 
5.19129E-01 4.02080E-01 
5.40687E-01 3.98157E-01 
5.63783E-01 3.93081E-01 
5.88501E-01 3.86748E-01 
6.15044E-01 3.79052E-01 
6.44048E-01 3.69849E-01 
6.77641E-01 3.58823E-01 
7.22597E-01 3.45060E-01 
7.95215E-01 3.26388E-01 
9.11242E-01 3.00689E-01 
1.04669E+00 2.70951E-01 
1.15239E+00 2.43236E-01 
3.06332E-01 3.46080E-01 
3.17355E-01 3.48578E-01 
3.46254E-01 3.42566E-01 
3.56023E-01 3.43578E-01 
3.66355E-01 3.44350E-01 
3.77295E-01 3.44828E-01 
3.88890E-01 3.44952E-01 
3.98341E-01 3.44764E-01 
4.01187E-01 3.44658E-01 
4.15281E-01 3.43796E-01 
4.30290E-01 3.42286E-01 
4.46256E-01 3.40043E-01 
4.63214E-01 3.36984E-01 
4.81779E-01 3.30795E-01 
5.00147E-01 3.26036E-01 
5.19751E-01 3.20230E-01 
5.40606E-01 3.13298E-01 
5.62749E-01 3.05173E-01 
5.86308E-01 2.95792E-01 
6.11750E-01 2.85077E-01 
6.40720E-01 2.72848E-01 
6.78527E-01 2.58534E-01 
7.38029E-01 2.40700E-01 
8.31788E-01 2.17788E-01 
9.41040E-01 1.91520E-01 
1.02678E+00 1.65986E-01 
3.00430E-01 2.98084E-01 
3.11026E-01 2.99086E-01 
3.38481E-01 2.89502E-01 
3.47618E-01 2.89465E-01 
3.57280E-01 2.89130E-01 
3.67506E-01 2.88442E-01 
3.78334E-01 2.87340E-01 
3.87148E-01 2.86166E-01 
3.89800E-01 2.85765E-01 
4.02913E-01 2.83466E-01 
4.16836E-01 2.80472E-01 
4.31591E-01 2.76711E-01 
4.47189E-01 2.72119E-01 
4.63813E-01 2.64745E-01 
4.80520E-01 2.58531E-01 
4.98232E-01 2.51302E-01 
5.16933E-01 2.43011E-01 
5.36621E-01 2.33624E-01 
5.57371E-01 2.23117E-01 
5.79526E-01 2.11465E-01 
6.04372E-01 1.98583E-01 
6.36141E-01 1.84137E-01 
6.85153E-01 1.67180E-01 
7.61611E-01 1.46501E-01 
8.50599E-01 1.22950E-01 
9.20614E-01 9.93466E-02 
2.94379E-01 2.53952E-01 
3.04460E-01 2.53725E-01 
3.29911E-01 2.41673E-01 
3.38395E-01 2.40802E-01 
3.47378E-01 2.39573E-01 
3.56890E-01 2.37933E-01 
3.66961E-01 2.35826E-01 
3.75151E-01 2.33841E-01 
3.77613E-01 2.33199E-01 
3.89771E-01 2.29724E-01 
4.02637E-01 2.25526E-01 
4.16216E-01 2.20551E-01 
4.30498E-01 2.14755E-01 
4.45273E-01 2.06582E-01 
4.60387E-01 1.99277E-01 
4.76290E-01 1.91021E-01 
4.92941E-01 1.81798E-01 
5.10314E-01 1.71601E-01 
5.28440E-01 1.60439E-01 
5.47574E-01 1.48326E-01 
5.68745E-01 1.35241E-01 
5.95394E-01 1.20995E-01 
6.35977E-01 1.04930E-01 
6.98945E-01 8.60152E-02 
7.72187E-01 6.45694E-02 
8.29741E-01 4.26970E-02 
2.87709E-01 2.14121E-01 
2.97250E-01 2.12866E-01 
3.20317E-01 1.99318E-01 
3.28193E-01 1.97750E-01 
3.36547E-01 1.95766E-01 
3.45401E-01 1.93318E-01 
3.54770E-01 1.90360E-01 
3.62381E-01 1.87694E-01 
3.64666E-01 1.86849E-01 
3.75929E-01 1.82399E-01 
3.87802E-01 1.77219E-01 
4.00270E-01 1.71275E-01 
4.13304E-01 1.64546E-01 
4.26356E-01 1.55873E-01 
4.39962E-01 1.47784E-01 
4.54155E-01 1.38835E-01 
4.68878E-01 1.29034E-01 
4.84085E-01 1.18401E-01 
4.99779E-01 1.06971E-01 
5.16155E-01 9.47814E-02 
5.34056E-01 8.18490E-02 
5.56347E-01 6.80594E-02 
5.90112E-01 5.28874E-02 
6.42497E-01 3.53704E-02 
7.03418E-01 1.55616E-02 
7.51013E-01 -4.72691E-03 
2.80190E-01 1.78795E-01 
2.89227E-01 1.76644E-01 
3.09705E-01 1.62398E-01 
3.17069E-01 1.60193E-01 
3.24889E-01 1.57524E-01 
3.33176E-01 1.54352E-01 
3.41931E-01 1.50641E-01 
3.49027E-01 1.47382E-01 
3.51153E-01 1.46363E-01 
3.61608E-01 1.41084E-01 
3.72569E-01 1.35094E-01 
3.84005E-01 1.28379E-01 
3.95873E-01 1.20938E-01 
4.07347E-01 1.11996E-01 
4.19536E-01 1.03377E-01 
4.32126E-01 9.40110E-02 
4.45048E-01 8.39270E-02 
4.58242E-01 7.31655E-02 
4.71698E-01 6.17770E-02 
4.85565E-01 4.98160E-02 
5.00557E-01 3.73138E-02 
5.19120E-01 2.41754E-02 
5.47327E-01 9.89888E-03 
5.91329E-01 -6.48731E-03 
6.42510E-01 -2.49891E-02 
6.82061E-01 -4.37909E-02 
2.71876E-01 1.47866E-01 
2.80488E-01 1.44886E-01 
2.98328E-01 1.30553E-01 
3.05304E-01 1.27719E-01 
3.12707E-01 1.24388E-01 
3.20532E-01 1.20532E-01 
3.28773E-01 1.16130E-01 
3.35423E-01 1.12339E-01 
3.37411E-01 1.11166E-01 
3.47146E-01 1.05174E-01 
3.57279E-01 9.85133E-02 
3.67764E-01 9.11924E-02 
3.78546E-01 8.32278E-02 
3.88583E-01 7.41931E-02 
3.99445E-01 6.52636E-02 
4.10535E-01 5.57156E-02 
4.21777E-01 4.55947E-02 
4.33107E-01 3.49558E-02 
4.44503E-01 2.38605E-02 
4.56093E-01 1.23692E-02 
4.68495E-01 5.11923E-04 
4.83850E-01 -1.18253E-02 
5.07474E-01 -2.51953E-02 
5.44754E-01 -4.06222E-02 
5.88130E-01 -5.80246E-02 
6.21105E-01 -7.53935E-02 
2.63069E-01 1.20899E-01 
2.71353E-01 1.17119E-01 
2.86627E-01 1.03137E-01 
2.93339E-01 9.96533E-02 
3.00434E-01 9.56607E-02 
3.07897E-01 9.11457E-02 
3.15709E-01 8.60998E-02 
3.21975E-01 8.18301E-02 
3.23841E-01 8.05217E-02 
3.32930E-01 7.39166E-02 
3.42301E-01 6.67139E-02 
3.51899E-01 5.89377E-02 
3.61659E-01 5.06213E-02 
3.70387E-01 4.16416E-02 
3.79996E-01 3.25973E-02 
3.89673E-01 2.30736E-02 
3.99341E-01 1.31279E-02 
4.08937E-01 2.82399E-03 
4.18437E-01 -7.77187E-03 
4.27954E-01 -1.86002E-02 
4.38041E-01 -2.96448E-02 
4.50612E-01 -4.10628E-02 
4.70407E-01 -5.35023E-02 
5.02206E-01 -6.80586E-02 
5.39224E-01 -8.44676E-02 
5.66747E-01 -1.00423E-01 
2.54271E-01 9.73439E-02 
2.62314E-01 9.27839E-02 
2.75186E-01 7.94458E-02 
2.81732E-01 7.52991E-02 
2.88604E-01 7.06565E-02 
2.95777E-01 6.55172E-02 
3.03220E-01 5.98866E-02 
3.09140E-01 5.52000E-02 
3.10895E-01 5.37765E-02 
3.19384E-01 4.66720E-02 
3.28036E-01 3.90617E-02 
3.36787E-01 3.09840E-02 
3.45570E-01 2.24849E-02 
3.53094E-01 1.36931E-02 
3.61507E-01 4.71735E-03 
3.69845E-01 -4.59463E-03 
3.78036E-01 -1.41787E-02 
3.86017E-01 -2.39674E-02 
3.93770E-01 -3.38949E-02 
4.01401E-01 -4.39086E-02 
4.09417E-01 -5.40135E-02 
4.19561E-01 -6.44233E-02 
4.36124E-01 -7.59013E-02 
4.63392E-01 -8.96148E-02 
4.95156E-01 -1.05065E-01 
5.18119E-01 -1.19611E-01 
2.45865E-01 7.61584E-02 
2.53721E-01 7.08454E-02 
2.64364E-01 5.83451E-02 
2.70798E-01 5.35420E-02 
2.77487E-01 4.82805E-02 
2.84396E-01 4.25724E-02 
2.91485E-01 3.64351E-02 
2.97067E-01 3.14065E-02 
2.98711E-01 2.98921E-02 
3.06602E-01 2.24159E-02 
3.14533E-01 1.45445E-02 
3.22439E-01 6.32663E-03 
3.30250E-01 -2.18326E-03 
3.36631E-01 -1.06547E-02 
3.43870E-01 -1.93835E-02 
3.50908E-01 -2.83058E-02 
3.57678E-01 -3.73552E-02 
3.64127E-01 -4.64652E-02 
3.70242E-01 -5.55744E-02 
3.76126E-01 -6.46417E-02 
3.82257E-01 -7.36977E-02 
3.90241E-01 -8.30183E-02 
4.04001E-01 -9.34852E-02 
4.27404E-01 -1.06328E-01 
4.54692E-01 -1.20792E-01 
4.73741E-01 -1.33907E-01 
2.38345E-01 5.68231E-02 
2.46024E-01 5.08249E-02 
2.54644E-01 3.92796E-02 
2.60972E-01 3.38751E-02 
2.67470E-01 2.80719E-02 
2.74098E-01 2.18927E-02 
2.80812E-01 1.53650E-02 
2.86035E-01 1.00954E-02 
2.87563E-01 8.52119E-03 
2.94827E-01 8.30278E-04 
3.02012E-01 -7.13404E-03 
3.09052E-01 -1.53167E-02 
3.15883E-01 -2.36590E-02 
3.21166E-01 -3.16801E-02 
3.27248E-01 -3.99914E-02 
3.33023E-01 -4.83612E-02 
3.38431E-01 -5.67249E-02 
3.43430E-01 -6.50205E-02 
3.48016E-01 -7.31947E-02 
3.52295E-01 -8.12199E-02 
3.56720E-01 -8.91545E-02 
3.62784E-01 -9.73345E-02 
3.74105E-01 -1.06751E-01 
3.94183E-01 -1.18679E-01 
4.17627E-01 -1.32111E-01 
4.33315E-01 -1.43789E-01 
2.31949E-01 3.86770E-02 
2.39414E-01 3.21015E-02 
2.46200E-01 2.15864E-02 
2.52377E-01 1.56796E-02 
2.58633E-01 9.45194E-03 
2.64924E-01 2.93460E-03 
2.71203E-01 -3.83764E-03 
2.76022E-01 -9.22810E-03 
2.77421E-01 -1.08260E-02 
2.84000E-01 -1.85551E-02 
2.90387E-01 -2.64314E-02 
2.96522E-01 -3.43974E-02 
3.02346E-01 -4.23942E-02 
3.06555E-01 -4.98373E-02 
3.11485E-01 -5.75717E-02 
3.16021E-01 -6.52421E-02 
3.20116E-01 -7.27888E-02 
3.23738E-01 -8.01573E-02 
3.26893E-01 -8.73045E-02 
3.29692E-01 -9.42182E-02 
3.32566E-01 -1.00983E-01 
3.36916E-01 -1.07991E-01 
3.46084E-01 -1.16324E-01 
3.63250E-01 -1.27282E-01 
3.83337E-01 -1.39627E-01 
3.96107E-01 -1.49871E-01 
2.26762E-01 2.13115E-02 
2.33936E-01 1.43065E-02 
2.39057E-01 4.87046E-03 
2.44999E-01 -1.39835E-03 
2.50927E-01 -7.89800E-03 
2.56796E-01 -1.45914E-02 
2.62557E-01 -2.14391E-02 
2.66911E-01 -2.68168E-02 
2.68164E-01 -2.83990E-02 
2.73982E-01 -3.59788E-02 
2.79510E-01 -4.35821E-02 
2.84692E-01 -5.11525E-02 
2.89478E-01 -5.86343E-02 
2.92628E-01 -6.53809E-02 
2.96411E-01 -7.23973E-02 
2.99737E-01 -7.92436E-02 
3.02568E-01 -8.58676E-02 
3.04886E-01 -9.22241E-02 
3.06707E-01 -9.82818E-02 
3.08146E-01 -1.04044E-01 
3.09618E-01 -1.09620E-01 
3.12435E-01 -1.15447E-01 
3.19696E-01 -1.22680E-01 
3.34282E-01 -1.32618E-01 
3.51405E-01 -1.43828E-01 
3.61633E-01 -1.52660E-01 
2.22706E-01 4.51732E-03 
2.29482E-01 -2.73800E-03 
2.33088E-01 -1.10626E-02 
2.38685E-01 -1.75236E-02 
2.44178E-01 -2.41193E-02 
2.49522E-01 -3.08094E-02 
2.54671E-01 -3.75525E-02 
2.58494E-01 -4.27793E-02 
2.59582E-01 -4.43058E-02 
2.64563E-01 -5.15496E-02 
2.69168E-01 -5.87018E-02 
2.73353E-01 -6.57103E-02 
2.77077E-01 -7.25252E-02 
2.79184E-01 -7.84733E-02 
2.81834E-01 -8.46554E-02 
2.83984E-01 -9.05804E-02 
2.85610E-01 -9.62054E-02 
2.86703E-01 -1.01496E-01 
2.87291E-01 -1.06432E-01 
2.87492E-01 -1.11032E-01 
2.87706E-01 -1.15428E-01 
2.89163E-01 -1.20092E-01 
2.94730E-01 -1.26226E-01 
3.07018E-01 -1.35113E-01 
3.21512E-01 -1.45158E-01 
3.29525E-01 -1.52620E-01 
2.19574E-01 -1.17389E-02 
2.25831E-01 -1.90474E-02 
2.28050E-01 -2.62410E-02 
2.33183E-01 -3.27088E-02 
2.38128E-01 -3.92149E-02 
2.42843E-01 -4.57183E-02 
2.47287E-01 -5.21783E-02 
2.50516E-01 -5.71209E-02 
2.51423E-01 -5.85539E-02 
2.55496E-01 -6.52877E-02 
2.59128E-01 -7.18284E-02 
2.62284E-01 -7.81306E-02 
2.64934E-01 -8.41520E-02 
2.66024E-01 -8.92223E-02 
2.67568E-01 -9.44833E-02 
2.68592E-01 -9.94211E-02 
2.69081E-01 -1.04003E-01 
2.69040E-01 -1.08204E-01 
2.68504E-01 -1.12019E-01 
2.67595E-01 -1.15477E-01 
2.66695E-01 -1.18728E-01 
2.66955E-01 -1.22270E-01 
2.71026E-01 -1.27329E-01 
2.81263E-01 -1.35152E-01 
2.93418E-01 -1.44026E-01 
2.99511E-01 -1.50184E-01 
2.17100E-01 -2.72124E-02 
2.22722E-01 -3.43751E-02 
2.23684E-01 -4.04413E-02 
2.28239E-01 -4.67315E-02 
2.32536E-01 -5.29695E-02 
2.36534E-01 -5.91158E-02 
2.40201E-01 -6.51324E-02 
2.42791E-01 -6.96749E-02 
2.43505E-01 -7.09818E-02 
2.46627E-01 -7.70612E-02 
2.49262E-01 -8.28639E-02 
2.51387E-01 -8.83526E-02 
2.52983E-01 -9.34940E-02 
2.53101E-01 -9.76427E-02 
2.53596E-01 -1.01938E-01 
2.53568E-01 -1.05865E-01 
2.53015E-01 -1.09401E-01 
2.51950E-01 -1.12533E-01 
2.50416E-01 -1.15264E-01 
2.48537E-01 -1.17637E-01 
2.46677E-01 -1.19814E-01 
2.45910E-01 -1.22307E-01 
2.48680E-01 -1.26346E-01 
2.57109E-01 -1.33127E-01 
2.67207E-01 -1.40859E-01 
2.71660E-01 -1.45810E-01 
2.14917E-01 -4.20273E-02 
2.19785E-01 -4.88508E-02 
2.19584E-01 -5.37840E-02 
2.23453E-01 -5.97193E-02 
2.27002E-01 -6.55202E-02 
2.30201E-01 -7.11506E-02 
2.33022E-01 -7.65766E-02 
2.34929E-01 -8.06143E-02 
2.35440E-01 -8.17661E-02 
2.37572E-01 -8.70631E-02 
2.39192E-01 -9.20182E-02 
2.40286E-01 -9.66029E-02 
2.40846E-01 -1.00794E-01 
2.40037E-01 -1.03987E-01 
2.39536E-01 -1.07286E-01 
2.38527E-01 -1.10191E-01 
2.37017E-01 -1.12689E-01 
2.35029E-01 -1.14777E-01 
2.32611E-01 -1.16468E-01 
2.29886E-01 -1.17814E-01 
2.27202E-01 -1.18987E-01 
2.25554E-01 -1.20504E-01 
2.27185E-01 -1.23576E-01 
2.33995E-01 -1.29338E-01 
2.42260E-01 -1.35957E-01 
2.45300E-01 -1.39789E-01 
2.12740E-01 -5.57554E-02 
2.16767E-01 -6.20683E-02 
2.15511E-01 -6.58923E-02 
2.18611E-01 -7.13190E-02 
2.21348E-01 -7.65416E-02 
2.23697E-01 -8.15287E-02 
2.25637E-01 -8.62519E-02 
2.26847E-01 -8.97089E-02 
2.27152E-01 -9.06854E-02 
2.28295E-01 -9.51151E-02 
2.28919E-01 -9.91575E-02 
2.29021E-01 -1.02794E-01 
2.28600E-01 -1.06009E-01 
2.26935E-01 -1.08255E-01 
2.25523E-01 -1.10571E-01 
2.23631E-01 -1.12486E-01 
2.21277E-01 -1.13995E-01 
2.18488E-01 -1.15104E-01 
2.15318E-01 -1.15834E-01 
2.11889E-01 -1.16247E-01 
2.08526E-01 -1.16516E-01 
2.06152E-01 -1.17156E-01 
2.06814E-01 -1.19344E-01 
2.12210E-01 -1.24144E-01 
2.18872E-01 -1.29716E-01 
2.20729E-01 -1.32545E-01 
2.10280E-01 -6.82415E-02 
2.13397E-01 -7.38976E-02 
2.11188E-01 -7.66453E-02 
2.13461E-01 -8.14353E-02 
2.15342E-01 -8.59655E-02 
2.16813E-01 -9.02103E-02 
2.17861E-01 -9.41476E-02 
2.18377E-01 -9.69707E-02 
2.18478E-01 -9.77581E-02 
2.18654E-01 -1.01267E-01 
2.18321E-01 -1.04363E-01 
2.17484E-01 -1.07035E-01 
2.16155E-01 -1.09279E-01 
2.13716E-01 -1.10607E-01 
2.11487E-01 -1.11977E-01 
2.08819E-01 -1.12953E-01 
2.05735E-01 -1.13541E-01 
2.02270E-01 -1.13752E-01 
1.98479E-01 -1.13615E-01 
1.94480E-01 -1.13195E-01 
1.90580E-01 -1.12668E-01 
1.87623E-01 -1.12537E-01 
1.87474E-01 -1.13932E-01 
1.91639E-01 -1.17838E-01 
1.96909E-01 -1.22438E-01 
1.97787E-01 -1.24384E-01 
2.07304E-01 -7.92909E-02 
2.09471E-01 -8.41751E-02 
2.06410E-01 -8.58932E-02 
2.07824E-01 -8.99488E-02 
2.08833E-01 -9.37042E-02 
2.09426E-01 -9.71399E-02 
2.09596E-01 -1.00240E-01 
2.09437E-01 -1.02401E-01 
2.09343E-01 -1.02993E-01 
2.08597E-01 -1.05561E-01 
2.07368E-01 -1.07708E-01 
2.05669E-01 -1.09433E-01 
2.03517E-01 -1.10737E-01 
2.00399E-01 -1.11198E-01 
1.97457E-01 -1.11682E-01 
1.94127E-01 -1.11794E-01 
1.90435E-01 -1.11545E-01 
1.86419E-01 -1.10954E-01 
1.82136E-01 -1.10054E-01 
1.77701E-01 -1.08913E-01 
1.73395E-01 -1.07705E-01 
1.69992E-01 -1.06914E-01 
1.69180E-01 -1.07613E-01 
1.72288E-01 -1.10705E-01 
1.76361E-01 -1.14421E-01 
1.76444E-01 -1.15604E-01 
2.03625E-01 -8.87821E-02 
2.04827E-01 -9.28095E-02 
2.01012E-01 -9.35538E-02 
2.01561E-01 -9.68067E-02 
2.01704E-01 -9.97339E-02 
2.01439E-01 -1.02322E-01 
2.00766E-01 -1.04563E-01 
1.99968E-01 -1.06054E-01 
1.99690E-01 -1.06450E-01 
1.98086E-01 -1.08085E-01 
1.96038E-01 -1.09308E-01 
1.93564E-01 -1.10123E-01 
1.90687E-01 -1.10541E-01 
1.86989E-01 -1.10203E-01 
1.83446E-01 -1.09877E-01 
1.79568E-01 -1.09211E-01 
1.75388E-01 -1.08222E-01 
1.70945E-01 -1.06932E-01 
1.66296E-01 -1.05378E-01 
1.61547E-01 -1.03629E-01 
1.56960E-01 -1.01855E-01 
1.53238E-01 -1.00515E-01 
1.51898E-01 -1.00616E-01 
1.54107E-01 -1.02979E-01 
1.57160E-01 -1.05903E-01 
1.56613E-01 -1.06440E-01 
1.99120E-01 -9.65970E-02 
1.99369E-01 -9.97156E-02 
1.94901E-01 -9.95534E-02 
1.94602E-01 -1.01967E-01 
1.93912E-01 -1.04043E-01 
1.92833E-01 -1.05776E-01 
1.91371E-01 -1.07163E-01 
1.89984E-01 -1.07998E-01 
1.89537E-01 -1.08203E-01 
1.87158E-01 -1.08941E-01 
1.84382E-01 -1.09287E-01 
1.81233E-01 -1.09256E-01 
1.77738E-01 -1.08861E-01 
1.73565E-01 -1.07806E-01 
1.69534E-01 -1.06761E-01 
1.65227E-01 -1.05415E-01 
1.60678E-01 -1.03789E-01 
1.55927E-01 -1.01909E-01 
1.51030E-01 -9.98145E-02 
1.46085E-01 -9.75728E-02 
1.41332E-01 -9.53463E-02 
1.37404E-01 -9.35670E-02 
1.35661E-01 -9.31695E-02 
1.37119E-01 -9.48934E-02 
1.39315E-01 -9.71203E-02 
1.38284E-01 -9.71244E-02 
1.93716E-01 -1.02677E-01 
1.93047E-01 -1.04866E-01 
1.88026E-01 -1.03873E-01 
1.86920E-01 -1.05438E-01 
1.85447E-01 -1.06669E-01 
1.83616E-01 -1.07564E-01 
1.81437E-01 -1.08127E-01 
1.79522E-01 -1.08338E-01 
1.78926E-01 -1.08363E-01 
1.75865E-01 -1.08260E-01 
1.72463E-01 -1.07800E-01 
1.68747E-01 -1.06999E-01 
1.64745E-01 -1.05879E-01 
1.60203E-01 -1.04200E-01 
1.55798E-01 -1.02533E-01 
1.51177E-01 -1.00611E-01 
1.46374E-01 -9.84575E-02 
1.41428E-01 -9.60996E-02 
1.36393E-01 -9.35761E-02 
1.31359E-01 -9.09533E-02 
1.26543E-01 -8.83840E-02 
1.22513E-01 -8.62695E-02 
1.20478E-01 -8.54694E-02 
1.21319E-01 -8.66428E-02 
1.22805E-01 -8.82673E-02 
1.21419E-01 -8.78450E-02 
1.87378E-01 -1.07010E-01 
1.85848E-01 -1.08275E-01 
1.80374E-01 -1.06535E-01 
1.78519E-01 -1.07268E-01 
1.76332E-01 -1.07682E-01 
1.73824E-01 -1.07780E-01 
1.71012E-01 -1.07569E-01 
1.68639E-01 -1.07201E-01 
1.67914E-01 -1.07061E-01 
1.64275E-01 -1.06191E-01 
1.60355E-01 -1.05007E-01 
1.56181E-01 -1.03529E-01 
1.51787E-01 -1.01780E-01 
1.46980E-01 -9.95744E-02 
1.42312E-01 -9.73906E-02 
1.37486E-01 -9.49995E-02 
1.32537E-01 -9.24256E-02 
1.27501E-01 -8.96978E-02 
1.22428E-01 -8.68535E-02 
1.17401E-01 -8.39556E-02 
1.12614E-01 -8.11460E-02 
1.08572E-01 -7.87937E-02 
1.06345E-01 -7.76813E-02 
1.06688E-01 -7.83903E-02 
1.07597E-01 -7.95034E-02 
1.05966E-01 -7.87521E-02 
1.80130E-01 -1.09612E-01 
1.77812E-01 -1.09987E-01 
1.71983E-01 -1.07589E-01 
1.69457E-01 -1.07532E-01 
1.66638E-01 -1.07180E-01 
1.63544E-01 -1.06541E-01 
1.60193E-01 -1.05626E-01 
1.57437E-01 -1.04737E-01 
1.56606E-01 -1.04449E-01 
1.52498E-01 -1.02903E-01 
1.48170E-01 -1.01091E-01 
1.43653E-01 -9.90352E-02 
1.38977E-01 -9.67606E-02 
1.34007E-01 -9.41301E-02 
1.29182E-01 -9.15344E-02 
1.24255E-01 -8.87802E-02 
1.19258E-01 -8.58924E-02 
1.14227E-01 -8.28992E-02 
1.09206E-01 -7.98362E-02 
1.04271E-01 -7.67621E-02 
9.95914E-02 -7.38067E-02 
9.56163E-02 -7.13056E-02 
9.32825E-02 -6.99647E-02 
9.32367E-02 -7.02918E-02 
9.36850E-02 -7.09803E-02 
9.19047E-02 -6.99879E-02 
1.71991E-01 -1.10546E-01 
1.68975E-01 -1.10085E-01 
1.62887E-01 -1.07121E-01 
1.59774E-01 -1.06332E-01 
1.56415E-01 -1.05281E-01 
1.52831E-01 -1.03979E-01 
1.49040E-01 -1.02440E-01 
1.45979E-01 -1.01097E-01 
1.45065E-01 -1.00680E-01 
1.40599E-01 -9.85545E-02 
1.35975E-01 -9.62149E-02 
1.31223E-01 -9.36853E-02 
1.26372E-01 -9.09905E-02 
1.21335E-01 -8.80346E-02 
1.16451E-01 -8.51298E-02 
1.11517E-01 -8.21143E-02 
1.06563E-01 -7.90125E-02 
1.01621E-01 -7.58510E-02 
9.67306E-02 -7.26631E-02 
9.19583E-02 -6.95020E-02 
8.74546E-02 -6.64852E-02 
8.36116E-02 -6.39146E-02 
8.12456E-02 -6.24202E-02 
8.09037E-02 -6.24409E-02 
8.09930E-02 -6.27840E-02 
7.91427E-02 -6.16276E-02 
1.63127E-01 -1.09908E-01 
1.59518E-01 -1.08690E-01 
1.53267E-01 -1.05260E-01 
1.49669E-01 -1.03821E-01 
1.45874E-01 -1.02158E-01 
1.41904E-01 -1.00284E-01 
1.37779E-01 -9.82169E-02 
1.34495E-01 -9.64948E-02 
1.33522E-01 -9.59724E-02 
1.28809E-01 -9.33752E-02 
1.23999E-01 -9.06170E-02 
1.19118E-01 -8.77221E-02 
1.14195E-01 -8.47145E-02 
1.09179E-01 -8.15328E-02 
1.04326E-01 -7.84196E-02 
9.94689E-02 -7.52407E-02 
9.46354E-02 -7.20189E-02 
8.98535E-02 -6.87790E-02 
8.51583E-02 -6.55509E-02 
8.06074E-02 -6.23823E-02 
7.63318E-02 -5.93780E-02 
7.26725E-02 -5.68069E-02 
7.03359E-02 -5.52263E-02 
6.97811E-02 -5.50119E-02 
6.96024E-02 -5.50844E-02 
6.77470E-02 -5.38319E-02 
1.53481E-01 -1.07799E-01 
1.49382E-01 -1.05908E-01 
1.43058E-01 -1.02105E-01 
1.39073E-01 -1.00098E-01 
1.34942E-01 -9.79097E-02 
1.30686E-01 -9.55550E-02 
1.26327E-01 -9.30512E-02 
1.22897E-01 -9.10230E-02 
1.21887E-01 -9.04164E-02 
1.17033E-01 -8.74495E-02 
1.12137E-01 -8.43748E-02 
1.07225E-01 -8.12152E-02 
1.02322E-01 -7.79935E-02 
9.74070E-02 -7.46766E-02 
9.26651E-02 -7.14458E-02 
8.79601E-02 -6.81908E-02 
8.33158E-02 -6.49325E-02 
7.87569E-02 -6.16930E-02 
7.43132E-02 -5.84987E-02 
7.00337E-02 -5.53912E-02 
6.60311E-02 -5.24628E-02 
6.25989E-02 -4.99497E-02 
6.03423E-02 -4.83397E-02 
5.96421E-02 -4.79498E-02 
5.92686E-02 -4.78140E-02 
5.74602E-02 -4.65213E-02 
1.43243E-01 -1.04358E-01 
1.38769E-01 -1.01895E-01 
1.32460E-01 -9.78177E-02 
1.28194E-01 -9.53407E-02 
1.23831E-01 -9.27258E-02 
1.19394E-01 -8.99899E-02 
1.14902E-01 -8.71503E-02 
1.11402E-01 -8.48933E-02 
1.10377E-01 -8.42248E-02 
1.05483E-01 -8.09943E-02 
1.00598E-01 -7.77064E-02 
9.57452E-02 -7.43822E-02 
9.09463E-02 -7.10424E-02 
8.62037E-02 -6.76763E-02 
8.16424E-02 -6.44128E-02 
7.71524E-02 -6.11619E-02 
7.27539E-02 -5.79422E-02 
6.84676E-02 -5.47726E-02 
6.43182E-02 -5.16757E-02 
6.03469E-02 -4.86874E-02 
5.66490E-02 -4.58872E-02 
5.34747E-02 -4.34807E-02 
5.13379E-02 -4.18897E-02 
5.05508E-02 -4.13786E-02 
5.00463E-02 -4.10917E-02 
4.83255E-02 -3.98055E-02 
1.32541E-01 -9.97415E-02 
1.27807E-01 -9.68156E-02 
1.21597E-01 -9.25599E-02 
1.17154E-01 -8.97146E-02 
1.12663E-01 -8.67757E-02 
1.08144E-01 -8.37601E-02 
1.03616E-01 -8.06845E-02 
1.00117E-01 -7.82744E-02 
9.90969E-02 -7.75659E-02 
9.42566E-02 -7.41739E-02 
8.94702E-02 -7.07708E-02 
8.47575E-02 -6.73754E-02 
8.01367E-02 -6.40056E-02 
7.56267E-02 -6.06678E-02 
7.13045E-02 -5.74472E-02 
6.70812E-02 -5.42706E-02 
6.29734E-02 -5.11539E-02 
5.89980E-02 -4.81128E-02 
5.51748E-02 -4.51661E-02 
5.15374E-02 -4.23436E-02 
4.81654E-02 -3.97134E-02 
4.52699E-02 -3.74517E-02 
4.32827E-02 -3.59192E-02 
4.24566E-02 -3.53334E-02 
4.18740E-02 -3.49442E-02 
4.02707E-02 -3.37020E-02 
1.21510E-01 -9.41186E-02 
1.16631E-01 -9.08420E-02 
1.10596E-01 -8.65015E-02 
1.06080E-01 -8.33916E-02 
1.01559E-01 -8.02306E-02 
9.70524E-02 -7.70350E-02 
9.25765E-02 -7.38202E-02 
8.91454E-02 -7.13294E-02 
8.81487E-02 -7.06016E-02 
8.34460E-02 -6.71439E-02 
7.88353E-02 -6.37163E-02 
7.43326E-02 -6.03347E-02 
6.99525E-02 -5.70139E-02 
6.57250E-02 -5.37724E-02 
6.16889E-02 -5.06599E-02 
5.77727E-02 -4.76171E-02 
5.39896E-02 -4.46569E-02 
5.03524E-02 -4.17920E-02 
4.68765E-02 -3.90372E-02 
4.35886E-02 -3.64169E-02 
4.05544E-02 -3.39879E-02 
3.79493E-02 -3.18996E-02 
3.61326E-02 -3.04565E-02 
3.53059E-02 -2.98349E-02 
3.46877E-02 -2.93844E-02 
3.32226E-02 -2.82151E-02 
1.10297E-01 -8.76691E-02 
1.05381E-01 -8.41550E-02 
9.95937E-02 -7.98183E-02 
9.51005E-02 -7.65459E-02 
9.06415E-02 -7.32620E-02 
8.62332E-02 -6.99816E-02 
8.18907E-02 -6.67187E-02 
7.85849E-02 -6.42146E-02 
7.76283E-02 -6.34867E-02 
7.31367E-02 -6.00510E-02 
6.87677E-02 -5.66803E-02 
6.45335E-02 -5.33875E-02 
6.04452E-02 -5.01842E-02 
5.65390E-02 -4.70968E-02 
5.28249E-02 -4.41470E-02 
4.92452E-02 -4.12866E-02 
4.58096E-02 -3.85255E-02 
4.25276E-02 -3.58735E-02 
3.94103E-02 -3.33418E-02 
3.64784E-02 -3.09496E-02 
3.37848E-02 -2.87436E-02 
3.14737E-02 -2.68482E-02 
2.98402E-02 -2.55175E-02 
2.90427E-02 -2.48915E-02 
2.84226E-02 -2.44136E-02 
2.71082E-02 -2.33378E-02 
9.90471E-02 -8.05783E-02 
9.41986E-02 -7.69371E-02 
8.87212E-02 -7.26865E-02 
8.43398E-02 -6.93492E-02 
8.00257E-02 -6.60357E-02 
7.57930E-02 -6.27591E-02 
7.16545E-02 -5.95315E-02 
6.85242E-02 -5.70749E-02 
6.76216E-02 -5.63641E-02 
6.34030E-02 -5.30281E-02 
5.93298E-02 -4.97854E-02 
5.54108E-02 -4.66457E-02 
5.16534E-02 -4.36173E-02 
4.80967E-02 -4.07312E-02 
4.47295E-02 -3.79874E-02 
4.15049E-02 -3.53470E-02 
3.84299E-02 -3.28170E-02 
3.55103E-02 -3.04043E-02 
3.27540E-02 -2.81168E-02 
3.01760E-02 -2.59691E-02 
2.78184E-02 -2.39987E-02 
2.57978E-02 -2.23078E-02 
2.43532E-02 -2.11049E-02 
2.36070E-02 -2.04994E-02 
2.30105E-02 -2.00209E-02 
2.18524E-02 -1.90523E-02 
8.79116E-02 -7.30358E-02 
8.32240E-02 -6.93720E-02 
7.81111E-02 -6.52822E-02 
7.39203E-02 -6.19706E-02 
6.98237E-02 -5.87127E-02 
6.58328E-02 -5.55196E-02 
6.19577E-02 -5.24012E-02 
5.90443E-02 -5.00453E-02 
5.82071E-02 -4.93664E-02 
5.43109E-02 -4.61967E-02 
5.05754E-02 -4.31416E-02 
4.70062E-02 -4.02076E-02 
4.36072E-02 -3.74001E-02 
4.04177E-02 -3.47513E-02 
3.74115E-02 -3.22461E-02 
3.45508E-02 -2.98525E-02 
3.18396E-02 -2.75752E-02 
2.92811E-02 -2.54182E-02 
2.68799E-02 -2.33868E-02 
2.46466E-02 -2.14913E-02 
2.26134E-02 -1.97610E-02 
2.08735E-02 -1.82786E-02 
1.96176E-02 -1.72123E-02 
1.89379E-02 -1.66460E-02 
1.83836E-02 -1.61874E-02 
1.73816E-02 -1.53335E-02 
7.70349E-02 -6.52287E-02 
7.25908E-02 -6.16382E-02 
6.78870E-02 -5.77746E-02 
6.39545E-02 -5.45700E-02 
6.01363E-02 -5.14430E-02 
5.64414E-02 -4.84027E-02 
5.28772E-02 -4.54566E-02 
5.02130E-02 -4.32459E-02 
4.94498E-02 -4.26113E-02 
4.59129E-02 -3.96624E-02 
4.25447E-02 -3.68423E-02 
3.93479E-02 -3.41547E-02 
3.63235E-02 -3.16022E-02 
3.35086E-02 -2.92163E-02 
3.08680E-02 -2.69715E-02 
2.83705E-02 -2.48414E-02 
2.60180E-02 -2.28285E-02 
2.38113E-02 -2.09346E-02 
2.17523E-02 -1.91625E-02 
1.98480E-02 -1.75190E-02 
1.81225E-02 -1.60265E-02 
1.66485E-02 -1.47501E-02 
1.55756E-02 -1.38236E-02 
1.49720E-02 -1.33094E-02 
1.44721E-02 -1.28856E-02 
1.36213E-02 -1.21484E-02 
6.65362E-02 -5.73243E-02 
6.24057E-02 -5.38923E-02 
5.81460E-02 -5.03108E-02 
5.45275E-02 -4.72834E-02 
5.10367E-02 -4.43516E-02 
4.76801E-02 -4.15219E-02 
4.44625E-02 -3.87998E-02 
4.20707E-02 -3.67701E-02 
4.13877E-02 -3.61895E-02 
3.82350E-02 -3.35038E-02 
3.52525E-02 -3.09544E-02 
3.24400E-02 -2.85426E-02 
2.97963E-02 -2.62683E-02 
2.73550E-02 -2.41609E-02 
2.50759E-02 -2.21887E-02 
2.29334E-02 -2.03298E-02 
2.09275E-02 -1.85848E-02 
1.90572E-02 -1.69537E-02 
1.73223E-02 -1.54371E-02 
1.57267E-02 -1.40391E-02 
1.42878E-02 -1.27760E-02 
1.30612E-02 -1.16983E-02 
1.21622E-02 -1.09099E-02 
1.16392E-02 -1.04560E-02 
1.12010E-02 -1.00770E-02 
1.04930E-02 -9.45438E-03 
5.66350E-02 -4.95669E-02 
5.28707E-02 -4.63635E-02 
4.90750E-02 -4.31055E-02 
4.58095E-02 -4.03111E-02 
4.26785E-02 -3.76237E-02 
3.96862E-02 -3.50478E-02 
3.68352E-02 -3.25865E-02 
3.47272E-02 -3.07622E-02 
3.41271E-02 -3.02421E-02 
3.13676E-02 -2.78467E-02 
2.87738E-02 -2.55889E-02 
2.63434E-02 -2.34678E-02 
2.40733E-02 -2.14815E-02 
2.19925E-02 -1.96559E-02 
2.00596E-02 -1.79567E-02 
1.82536E-02 -1.63655E-02 
1.65728E-02 -1.48814E-02 
1.50150E-02 -1.35032E-02 
1.35785E-02 -1.22297E-02 
1.22646E-02 -1.10629E-02 
1.10855E-02 -1.00141E-02 
1.00828E-02 -9.12143E-03 
9.34335E-03 -8.46425E-03 
8.90078E-03 -8.07398E-03 
8.52669E-03 -7.74486E-03 
7.94898E-03 -7.23016E-03 
4.73174E-02 -4.20161E-02 
4.39615E-02 -3.90998E-02 
4.06437E-02 -3.61987E-02 
3.77609E-02 -3.36824E-02 
3.50134E-02 -3.12784E-02 
3.24033E-02 -2.89893E-02 
2.99313E-02 -2.68165E-02 
2.81132E-02 -2.52153E-02 
2.75972E-02 -2.47603E-02 
2.52334E-02 -2.26734E-02 
2.30256E-02 -2.07200E-02 
2.09701E-02 -1.88974E-02 
1.90621E-02 -1.72023E-02 
1.73261E-02 -1.56566E-02 
1.57218E-02 -1.42258E-02 
1.42320E-02 -1.28948E-02 
1.28538E-02 -1.16614E-02 
1.15842E-02 -1.05233E-02 
1.04203E-02 -9.47835E-03 
9.36198E-03 -8.52672E-03 
8.41693E-03 -7.67591E-03 
7.61534E-03 -6.95379E-03 
7.02118E-03 -6.41921E-03 
6.65655E-03 -6.09316E-03 
6.34619E-03 -5.81614E-03 
5.88604E-03 -5.40138E-03 
3.87522E-02 -3.48705E-02 
3.58285E-02 -3.22827E-02 
3.29881E-02 -2.97573E-02 
3.05013E-02 -2.75483E-02 
2.81453E-02 -2.54515E-02 
2.59202E-02 -2.34676E-02 
2.38253E-02 -2.15964E-02 
2.22927E-02 -2.02253E-02 
2.18589E-02 -1.98369E-02 
1.98797E-02 -1.80629E-02 
1.80429E-02 -1.64137E-02 
1.63435E-02 -1.48853E-02 
1.47761E-02 -1.34734E-02 
1.33600E-02 -1.21957E-02 
1.20586E-02 -1.10198E-02 
1.08574E-02 -9.93300E-03 
9.75297E-03 -8.93245E-03 
8.74173E-03 -8.01513E-03 
7.82035E-03 -7.17829E-03 
6.98733E-03 -6.42085E-03 
6.24732E-03 -5.74732E-03 
5.62148E-03 -5.17743E-03 
5.15552E-03 -4.75360E-03 
4.86320E-03 -4.48901E-03 
4.61307E-03 -4.26297E-03 
4.25566E-03 -3.93748E-03 
3.10171E-02 -2.82533E-02 
2.85342E-02 -2.60194E-02 
2.61590E-02 -2.38756E-02 
2.40683E-02 -2.19892E-02 
2.20990E-02 -2.02097E-02 
2.02501E-02 -1.85366E-02 
1.85197E-02 -1.69685E-02 
1.72603E-02 -1.58259E-02 
1.69049E-02 -1.55033E-02 
1.52897E-02 -1.40356E-02 
1.38002E-02 -1.26803E-02 
1.24309E-02 -1.14329E-02 
1.11760E-02 -1.02882E-02 
1.00503E-02 -9.26013E-03 
9.02149E-03 -8.31960E-03 
8.07779E-03 -7.45596E-03 
7.21554E-03 -6.66607E-03 
6.43091E-03 -5.94661E-03 
5.72037E-03 -5.29450E-03 
5.08179E-03 -4.70795E-03 
4.51751E-03 -4.18928E-03 
4.04178E-03 -3.75188E-03 
3.68625E-03 -3.42534E-03 
3.45879E-03 -3.21729E-03 
3.26336E-03 -3.03881E-03 
2.99345E-03 -2.79079E-03 
2.41717E-02 -2.22673E-02 
2.21228E-02 -2.03967E-02 
2.01899E-02 -1.86279E-02 
1.84824E-02 -1.70656E-02 
1.68836E-02 -1.56009E-02 
1.53914E-02 -1.42324E-02 
1.40031E-02 -1.29578E-02 
1.29981E-02 -1.20342E-02 
1.27154E-02 -1.17743E-02 
1.14352E-02 -1.05965E-02 
1.02623E-02 -9.51643E-03 
9.19103E-03 -8.52899E-03 
8.21561E-03 -7.62908E-03 
7.34677E-03 -6.82680E-03 
6.55736E-03 -6.09734E-03 
5.83779E-03 -5.43195E-03 
5.18447E-03 -4.82742E-03 
4.59371E-03 -4.28044E-03 
4.06206E-03 -3.78791E-03 
3.58714E-03 -3.34770E-03 
3.16975E-03 -2.96066E-03 
2.81905E-03 -2.63545E-03 
2.55610E-03 -2.39187E-03 
2.38487E-03 -2.23386E-03 
2.23730E-03 -2.09790E-03 
2.03982E-03 -1.91505E-03 
1.82501E-02 -1.69881E-02 
1.66148E-02 -1.54752E-02 
1.50914E-02 -1.40635E-02 
1.37432E-02 -1.28140E-02 
1.24883E-02 -1.16500E-02 
1.13241E-02 -1.05692E-02 
1.02476E-02 -9.56901E-03 
9.47248E-03 -8.84837E-03 
9.25509E-03 -8.64619E-03 
8.27468E-03 -7.73396E-03 
7.38235E-03 -6.90312E-03 
6.57273E-03 -6.14881E-03 
5.84038E-03 -5.46612E-03 
5.19266E-03 -4.86199E-03 
4.60769E-03 -4.31618E-03 
4.07789E-03 -3.82165E-03 
3.59995E-03 -3.37539E-03 
3.17052E-03 -2.97431E-03 
2.78650E-03 -2.61556E-03 
2.44554E-03 -2.29699E-03 
2.14753E-03 -2.01853E-03 
1.89801E-03 -1.78543E-03 
1.71039E-03 -1.61038E-03 
1.58623E-03 -1.49496E-03 
1.47894E-03 -1.39543E-03 
1.33953E-03 -1.26557E-03 
1.32655E-02 -1.24676E-02 
1.20108E-02 -1.12926E-02 
1.08554E-02 -1.02094E-02 
9.83258E-03 -9.25033E-03 
8.88641E-03 -8.36254E-03 
8.01411E-03 -7.54359E-03 
7.21247E-03 -6.79058E-03 
6.63850E-03 -6.25120E-03 
6.47804E-03 -6.10038E-03 
5.75726E-03 -5.42271E-03 
5.10567E-03 -4.80986E-03 
4.51846E-03 -4.25739E-03 
3.99085E-03 -3.76089E-03 
3.52751E-03 -3.32478E-03 
3.11163E-03 -2.93333E-03 
2.73741E-03 -2.58109E-03 
2.40197E-03 -2.26536E-03 
2.10249E-03 -1.98353E-03 
1.83635E-03 -1.73311E-03 
1.60147E-03 -1.51216E-03 
1.39729E-03 -1.32015E-03 
1.22691E-03 -1.16003E-03 
1.09845E-03 -1.03949E-03 
1.01212E-03 -9.58818E-04 
9.37321E-04 -8.89106E-04 
8.42783E-04 -8.00682E-04 
9.18993E-03 -8.71461E-03 
8.27373E-03 -7.84685E-03 
7.43921E-03 -7.05586E-03 
6.70125E-03 -6.35628E-03 
6.02300E-03 -5.71302E-03 
5.40174E-03 -5.12363E-03 
4.83450E-03 -4.58533E-03 
4.43071E-03 -4.20206E-03 
4.31819E-03 -4.09525E-03 
3.81488E-03 -3.61745E-03 
3.36301E-03 -3.18847E-03 
2.95859E-03 -2.80454E-03 
2.59767E-03 -2.46197E-03 
2.28293E-03 -2.16330E-03 
2.00216E-03 -1.89696E-03 
1.75110E-03 -1.65891E-03 
1.52745E-03 -1.44697E-03 
1.32898E-03 -1.25901E-03 
1.15364E-03 -1.09306E-03 
9.99750E-04 -9.47537E-04 
8.66616E-04 -8.21750E-04 
7.55839E-04 -7.17209E-04 
6.72048E-04 -6.38308E-04 
6.14857E-04 -5.84717E-04 
5.65108E-04 -5.38266E-04 
5.03813E-04 -4.80858E-04 
6.00616E-03 -5.74242E-03 
5.37670E-03 -5.13980E-03 
4.80928E-03 -4.59634E-03 
4.30881E-03 -4.11695E-03 
3.85194E-03 -3.67924E-03 
3.43628E-03 -3.28098E-03 
3.05931E-03 -2.91978E-03 
2.79255E-03 -2.66420E-03 
2.71847E-03 -2.59322E-03 
2.38845E-03 -2.27710E-03 
2.09421E-03 -1.99536E-03 
1.83263E-03 -1.74500E-03 
1.60069E-03 -1.52317E-03 
1.39974E-03 -1.33111E-03 
1.22147E-03 -1.16090E-03 
1.06294E-03 -1.00970E-03 
9.22464E-04 -8.75865E-04 
7.98407E-04 -7.57838E-04 
6.89295E-04 -6.54179E-04 
5.93915E-04 -5.63706E-04 
5.11661E-04 -4.85814E-04 
4.43294E-04 -4.21202E-04 
3.91319E-04 -3.72236E-04 
3.55207E-04 -3.38430E-04 
3.23547E-04 -3.08939E-04 
2.85406E-04 -2.73308E-04 
3.62962E-03 -3.49634E-03 
3.23202E-03 -3.11163E-03 
2.87728E-03 -2.76832E-03 
2.56563E-03 -2.46672E-03 
2.28318E-03 -2.19339E-03 
2.02802E-03 -1.94652E-03 
1.79820E-03 -1.72424E-03 
1.63652E-03 -1.56793E-03 
1.59176E-03 -1.52468E-03 
1.39319E-03 -1.33284E-03 
1.21726E-03 -1.16304E-03 
1.06176E-03 -1.01312E-03 
9.24604E-04 -8.81080E-04 
8.06326E-04 -7.67388E-04 
7.01777E-04 -6.67074E-04 
6.09093E-04 -5.78321E-04 
5.27149E-04 -5.00025E-04 
4.54896E-04 -4.31155E-04 
3.91393E-04 -3.70779E-04 
3.35874E-04 -3.18135E-04 
2.87933E-04 -2.72804E-04 
2.47947E-04 -2.35114E-04 
2.17236E-04 -2.06299E-04 
1.95361E-04 -1.85948E-04 
1.75857E-04 -1.67924E-04 
1.52774E-04 -1.46528E-04 
1.97040E-03 -1.91068E-03 
1.74854E-03 -1.69352E-03 
1.55264E-03 -1.50180E-03 
1.38148E-03 -1.33432E-03 
1.22752E-03 -1.18373E-03 
1.08940E-03 -1.04874E-03 
9.65789E-04 -9.28011E-04 
8.79257E-04 -8.43589E-04 
8.55363E-04 -8.20292E-04 
7.49637E-04 -7.17311E-04 
6.56309E-04 -6.26577E-04 
5.74000E-04 -5.46735E-04 
5.01447E-04 -4.76542E-04 
4.38815E-04 -4.16127E-04 
3.83288E-04 -3.62739E-04 
3.33844E-04 -3.15368E-04 
2.89861E-04 -2.73387E-04 
2.50775E-04 -2.36228E-04 
2.16099E-04 -2.03396E-04 
1.85453E-04 -1.74500E-04 
1.58666E-04 -1.49348E-04 
1.35996E-04 -1.28156E-04 
1.18193E-04 -1.11615E-04 
1.04980E-04 -9.94666E-05 
9.27943E-05 -8.83461E-05 
7.85295E-05 -7.52793E-05 
9.16002E-04 -8.92893E-04 
8.16170E-04 -7.93666E-04 
7.29009E-04 -7.07073E-04 
6.53353E-04 -6.31960E-04 
5.85758E-04 -5.64926E-04 
5.25403E-04 -5.05165E-04 
4.71500E-04 -4.51903E-04 
4.33753E-04 -4.14690E-04 
4.23316E-04 -4.04416E-04 
3.76994E-04 -3.58913E-04 
3.35768E-04 -3.18579E-04 
2.98954E-04 -2.82728E-04 
2.65958E-04 -2.50758E-04 
2.36875E-04 -2.22734E-04 
2.10453E-04 -1.97415E-04 
1.86278E-04 -1.74382E-04 
1.64118E-04 -1.53389E-04 
1.43785E-04 -1.34232E-04 
1.25133E-04 -1.16750E-04 
1.08083E-04 -1.00847E-04 
9.26697E-05 -8.65331E-05 
7.91655E-05 -7.40480E-05 
6.80986E-05 -6.38768E-05 
5.93287E-05 -5.58914E-05 
5.08068E-05 -4.81705E-05 
4.08970E-05 -3.91503E-05 
3.37067E-04 -3.29128E-04 
3.11771E-04 -3.02928E-04 
2.89962E-04 -2.80374E-04 
2.71087E-04 -2.60907E-04 
2.54098E-04 -2.43463E-04 
2.38617E-04 -2.27667E-04 
2.24312E-04 -2.13185E-04 
2.13867E-04 -2.02697E-04 
2.10897E-04 -1.99729E-04 
1.97160E-04 -1.86093E-04 
1.83953E-04 -1.73124E-04 
1.71100E-04 -1.60637E-04 
1.58483E-04 -1.48497E-04 
1.46289E-04 -1.36862E-04 
1.34177E-04 -1.25388E-04 
1.22120E-04 -1.14032E-04 
1.10156E-04 -1.02818E-04 
9.83465E-05 -9.17912E-05 
8.67771E-05 -8.10206E-05 
7.55643E-05 -7.06057E-05 
6.48909E-05 -6.07097E-05 
5.50848E-05 -5.16337E-05 
4.66082E-05 -4.38098E-05 
3.93873E-05 -3.71738E-05 
3.20351E-05 -3.04240E-05 
2.36013E-05 -2.26499E-05 
9.44468E-05 -9.13557E-05 
1.05921E-04 -1.01817E-04 
1.15648E-04 -1.10706E-04 
1.23642E-04 -1.18022E-04 
1.30048E-04 -1.23886E-04 
1.34794E-04 -1.28224E-04 
1.37851E-04 -1.31001E-04 
1.39062E-04 -1.32079E-04 
1.39229E-04 -1.32220E-04 
1.38889E-04 -1.31835E-04 
1.36753E-04 -1.29774E-04 
1.32960E-04 -1.26162E-04 
1.27676E-04 -1.21152E-04 
1.21234E-04 -1.15055E-04 
1.13711E-04 -1.07939E-04 
1.05279E-04 -9.99650E-05 
9.61324E-05 -9.13159E-05 
8.64752E-05 -8.21826E-05 
7.65176E-05 -7.27630E-05 
6.64836E-05 -6.32684E-05 
5.66383E-05 -5.39499E-05 
4.73492E-05 -4.51570E-05 
3.90536E-05 -3.73080E-05 
3.16651E-05 -3.03245E-05 
2.40178E-05 -2.30943E-05 
1.54772E-05 -1.50037E-05 
5.07678E-05 -4.91791E-05 
7.37262E-05 -7.15828E-05 
9.27901E-05 -9.01923E-05 
1.08280E-04 -1.05319E-04 
1.20754E-04 -1.17507E-04 
1.30301E-04 -1.26842E-04 
1.37045E-04 -1.33446E-04 
1.40441E-04 -1.36777E-04 
1.41147E-04 -1.37472E-04 
1.42821E-04 -1.39133E-04 
1.41902E-04 -1.38265E-04 
1.38674E-04 -1.35143E-04 
1.33439E-04 -1.30063E-04 
1.26661E-04 -1.23475E-04 
1.18520E-04 -1.15557E-04 
1.09263E-04 -1.06548E-04 
9.91550E-05 -9.67069E-05 
8.84619E-05 -8.62930E-05 
7.74467E-05 -7.55628E-05 
6.63759E-05 -6.47761E-05 
5.55451E-05 -5.42215E-05 
4.53283E-05 -4.42642E-05 
3.61224E-05 -3.52924E-05 
2.77689E-05 -2.71525E-05 
1.91584E-05 -1.87612E-05 
9.86049E-06 -9.69594E-06 
8.77985E-05 -8.77985E-05 
1.10325E-04 -1.10325E-04 
1.28502E-04 -1.28502E-04 
1.42741E-04 -1.42741E-04 
1.53630E-04 -1.53630E-04 
1.61311E-04 -1.61311E-04 
1.65965E-04 -1.65965E-04 
1.67622E-04 -1.67622E-04 
1.67804E-04 -1.67804E-04 
1.66904E-04 -1.66904E-04 
1.63327E-04 -1.63327E-04 
1.57413E-04 -1.57413E-04 
1.49513E-04 -1.49513E-04 
1.40195E-04 -1.40195E-04 
1.29610E-04 -1.29610E-04 
1.18017E-04 -1.18017E-04 
1.05709E-04 -1.05709E-04 
9.29773E-05 -9.29773E-05 
8.01018E-05 -8.01018E-05 
6.73619E-05 -6.73619E-05 
5.50562E-05 -5.50562E-05 
4.35409E-05 -4.35409E-05 
3.31447E-05 -3.31447E-05 
2.36059E-05 -2.36059E-05 
1.38576E-05 -1.38576E-05 
3.68645E-06 -3.68645E-06 
---
