PdfType: replica
Format: lhagrid1
---
1.00000E-06 1.28121E-06 1.64152E-06 2.10317E-06 2.69463E-06 3.45242E-06 4.42329E-06 5.66715E-06 7.26076E-06 9.30241E-06 1.19180E-05 1.52689E-05 1.95617E-05 2.50609E-05 3.21053E-05 4.11287E-05 5.26863E-05 6.74889E-05 8.64459E-05 1.10720E-04 1.41800E-04 1.81585E-04 2.32503E-04 2.97652E-04 3.80981E-04 4.87518E-04 6.26039E-04 8.00452E-04 1.02297E-03 1.30657E-03 1.66759E-03 2.12729E-03 2.71054E-03 3.44865E-03 4.37927E-03 5.54908E-03 7.01192E-03 8.83064E-03 1.10763E-02 1.38266E-02 1.71641E-02 2.11717E-02 2.59364E-02 3.15062E-02 3.79623E-02 4.53425E-02 5.36750E-02 6.29705E-02 7.32221E-02 8.44039E-02 9.64793E-02 1.09332E-01 1.23067E-01 1.37507E-01 1.52639E-01 1.68416E-01 1.84794E-01 2.01731E-01 2.19016E-01 2.36948E-01 2.55242E-01 2.73927E-01 2.92954E-01 3.12340E-01 3.32036E-01 3.52019E-01 3.72282E-01 3.92772E-01 4.13533E-01 4.34326E-01 4.55495E-01 4.76836E-01 4.98342E-01 5.20006E-01 5.41818E-01 5.63773E-01 5.85861E-01 6.08077E-01 6.30459E-01 6.52800E-01 6.75387E-01 6.98063E-01 7.20830E-01 7.43683E-01 7.66623E-01 7.89636E-01 8.12791E-01 8.35940E-01 8.59175E-01 8.82485E-01 9.05866E-01 9.29311E-01 9.52817E-01 9.76387E-01 1.00000E+00 
1.14018E+00 1.22539E+00 1.32482E+00 1.44156E+00 1.57954E+00 1.74381E+00 1.94091E+00 2.12132E+00 2.17945E+00 2.49622E+00 2.89383E+00 3.39925E+00 4.05063E+00 4.90286E+00 6.03623E+00 7.57063E+00 9.68869E+00 1.26749E+01 1.69835E+01 2.33578E+01 3.30501E+01 4.82334E+01 7.28041E+01 1.13998E+02 1.85779E+02 3.16228E+02 
908 909 
-7.24494E+00 2.56161E+01 
-7.32538E+00 2.61947E+01 
-8.22061E+00 2.47785E+01 
-8.87711E+00 2.47197E+01 
-9.69217E+00 2.45059E+01 
-1.07167E+01 2.40864E+01 
-1.20176E+01 2.34041E+01 
-1.32673E+01 2.26564E+01 
-1.36802E+01 2.23965E+01 
-1.60009E+01 2.08676E+01 
-1.90302E+01 1.87914E+01 
-2.29678E+01 1.60737E+01 
-2.80523E+01 1.26172E+01 
-3.67622E+01 8.41203E+00 
-4.70364E+01 2.92229E+00 
-5.96252E+01 -3.58462E+00 
-7.49839E+01 -1.12252E+01 
-9.36529E+01 -2.01257E+01 
-1.16310E+02 -3.04472E+01 
-1.43952E+02 -4.24864E+01 
-1.78590E+02 -5.70690E+01 
-2.25734E+02 -7.68971E+01 
-3.00094E+02 -1.09339E+02 
-4.23924E+02 -1.64322E+02 
-5.94362E+02 -2.36510E+02 
-7.74069E+02 -3.04080E+02 
-5.33553E+00 2.53301E+01 
-5.15527E+00 2.56307E+01 
-5.80168E+00 2.41511E+01 
-6.17621E+00 2.39336E+01 
-6.69596E+00 2.35854E+01 
-7.40742E+00 2.30634E+01 
-8.37096E+00 2.23198E+01 
-9.33716E+00 2.15596E+01 
-9.66270E+00 2.13028E+01 
-1.15317E+01 1.98363E+01 
-1.40353E+01 1.79150E+01 
-1.73468E+01 1.54640E+01 
-2.16712E+01 1.24078E+01 
-2.90569E+01 8.86560E+00 
-3.78149E+01 4.21032E+00 
-4.85570E+01 -1.26109E+00 
-6.16639E+01 -7.63598E+00 
-7.75865E+01 -1.50080E+01 
-9.68890E+01 -2.34982E+01 
-1.20405E+02 -3.33398E+01 
-1.49837E+02 -4.52086E+01 
-1.89888E+02 -6.13501E+01 
-2.53134E+02 -8.78925E+01 
-3.58491E+02 -1.33011E+02 
-5.03151E+02 -1.92017E+02 
-6.54873E+02 -2.46600E+02 
-1.72434E+00 2.26041E+01 
-1.46659E+00 2.27701E+01 
-2.05836E+00 2.13867E+01 
-2.31775E+00 2.11301E+01 
-2.70926E+00 2.07641E+01 
-3.27504E+00 2.02522E+01 
-4.06919E+00 1.95545E+01 
-4.88270E+00 1.88602E+01 
-5.15923E+00 1.86284E+01 
-6.76133E+00 1.73224E+01 
-8.92858E+00 1.56406E+01 
-1.18103E+01 1.35243E+01 
-1.55820E+01 1.09152E+01 
-2.19239E+01 8.02563E+00 
-2.94664E+01 4.16962E+00 
-3.87040E+01 -3.36494E-01 
-4.99541E+01 -5.55706E+00 
-6.35909E+01 -1.15602E+01 
-8.00828E+01 -1.84356E+01 
-1.00125E+02 -2.63658E+01 
-1.25154E+02 -3.59037E+01 
-1.59178E+02 -4.89143E+01 
-2.12925E+02 -7.04891E+01 
-3.02451E+02 -1.07341E+02 
-4.25060E+02 -1.55353E+02 
-5.52973E+02 -1.99176E+02 
1.70983E+00 1.91570E+01 
1.94991E+00 1.92778E+01 
1.33166E+00 1.80700E+01 
1.10139E+00 1.78438E+01 
7.52267E-01 1.75260E+01 
2.46299E-01 1.70860E+01 
-4.64731E-01 1.64905E+01 
-1.19298E+00 1.59011E+01 
-1.44041E+00 1.57049E+01 
-2.87220E+00 1.46031E+01 
-4.80400E+00 1.31924E+01 
-7.36399E+00 1.14271E+01 
-1.07015E+01 9.26299E+00 
-1.61827E+01 6.97465E+00 
-2.27129E+01 3.84661E+00 
-3.06860E+01 2.04450E-01 
-4.03657E+01 -3.99809E+00 
-5.20618E+01 -8.80922E+00 
-6.61612E+01 -1.42940E+01 
-8.32423E+01 -2.05946E+01 
-1.04517E+02 -2.81623E+01 
-1.33392E+02 -3.85434E+01 
-1.79013E+02 -5.59585E+01 
-2.54985E+02 -8.59008E+01 
-3.58755E+02 -1.24763E+02 
-4.66421E+02 -1.59708E+02 
4.21386E+00 1.58969E+01 
4.39876E+00 1.60199E+01 
3.73765E+00 1.50135E+01 
3.50223E+00 1.48498E+01 
3.16111E+00 1.46093E+01 
2.68023E+00 1.42660E+01 
2.01677E+00 1.37930E+01 
1.34529E+00 1.33199E+01 
1.11840E+00 1.31618E+01 
-1.85937E-01 1.22711E+01 
-1.92994E+00 1.11274E+01 
-4.22317E+00 9.69589E+00 
-7.19215E+00 7.94371E+00 
-1.19363E+01 6.18319E+00 
-1.75964E+01 3.69304E+00 
-2.44804E+01 7.99568E-01 
-3.28066E+01 -2.52938E+00 
-4.28303E+01 -6.32658E+00 
-5.48705E+01 -1.06380E+01 
-6.94071E+01 -1.55732E+01 
-8.74599E+01 -2.14995E+01 
-1.11925E+02 -2.96952E+01 
-1.50588E+02 -4.36476E+01 
-2.14964E+02 -6.78330E+01 
-3.02656E+02 -9.91020E+01 
-3.93121E+02 -1.26757E+02 
5.66988E+00 1.31958E+01 
5.79463E+00 1.33407E+01 
5.10488E+00 1.25307E+01 
4.85854E+00 1.24377E+01 
4.51913E+00 1.22798E+01 
4.05620E+00 1.20356E+01 
3.43190E+00 1.16829E+01 
2.80933E+00 1.13212E+01 
2.60040E+00 1.11991E+01 
1.40890E+00 1.05047E+01 
-1.67110E-01 9.60417E+00 
-2.22087E+00 8.47144E+00 
-4.85911E+00 7.08268E+00 
-8.95643E+00 5.76920E+00 
-1.38533E+01 3.82200E+00 
-1.97848E+01 1.56137E+00 
-2.69308E+01 -1.03391E+00 
-3.55011E+01 -3.98476E+00 
-4.57576E+01 -7.32236E+00 
-5.80979E+01 -1.11302E+01 
-7.33794E+01 -1.57059E+01 
-9.40622E+01 -2.21022E+01 
-1.26766E+02 -3.31889E+01 
-1.81228E+02 -5.25960E+01 
-2.55210E+02 -7.75879E+01 
-3.31073E+02 -9.92857E+01 
6.25272E+00 1.11203E+01 
6.32753E+00 1.12907E+01 
5.63325E+00 1.06573E+01 
5.38304E+00 1.06299E+01 
5.05149E+00 1.05474E+01 
4.61146E+00 1.03923E+01 
4.02961E+00 1.01468E+01 
3.45696E+00 9.88333E+00 
3.26596E+00 9.79286E+00 
2.18467E+00 9.26985E+00 
7.68669E-01 8.57990E+00 
-1.06103E+00 7.70403E+00 
-3.39407E+00 6.62556E+00 
-6.91708E+00 5.68058E+00 
-1.11381E+01 4.18553E+00 
-1.62306E+01 2.44971E+00 
-2.23426E+01 4.60300E-01 
-2.96456E+01 -1.79463E+00 
-3.83540E+01 -4.33491E+00 
-4.87967E+01 -7.22330E+00 
-6.16936E+01 -1.06996E+01 
-7.91324E+01 -1.56269E+01 
-1.06738E+02 -2.43557E+01 
-1.52730E+02 -3.98137E+01 
-2.15032E+02 -5.96381E+01 
-2.78515E+02 -7.64927E+01 
6.22559E+00 9.59149E+00 
6.26538E+00 9.78298E+00 
5.58964E+00 9.30123E+00 
5.34621E+00 9.32843E+00 
5.03204E+00 9.30878E+00 
4.62302E+00 9.22807E+00 
4.08985E+00 9.07209E+00 
3.57031E+00 8.89094E+00 
3.39784E+00 8.82698E+00 
2.42708E+00 8.44768E+00 
1.16615E+00 7.93425E+00 
-4.51591E-01 7.27331E+00 
-2.50105E+00 6.45383E+00 
-5.51309E+00 5.80633E+00 
-9.13430E+00 4.68168E+00 
-1.34874E+01 3.37478E+00 
-1.86933E+01 1.87915E+00 
-2.48920E+01 1.89582E-01 
-3.22583E+01 -1.70518E+00 
-4.10632E+01 -3.85144E+00 
-5.19111E+01 -6.44126E+00 
-6.65718E+01 -1.01784E+01 
-8.98198E+01 -1.69783E+01 
-1.28583E+02 -2.91877E+01 
-1.80946E+02 -4.47773E+01 
-2.33947E+02 -5.77167E+01 
5.83583E+00 8.48158E+00 
5.85478E+00 8.68690E+00 
5.21514E+00 8.33231E+00 
4.98808E+00 8.40161E+00 
4.69964E+00 8.43104E+00 
4.32848E+00 8.40924E+00 
3.84898E+00 8.32514E+00 
3.38474E+00 8.21060E+00 
3.23113E+00 8.16820E+00 
2.36999E+00 7.90620E+00 
1.25818E+00 7.53748E+00 
-1.60231E-01 7.05311E+00 
-1.94753E+00 6.44638E+00 
-4.50665E+00 6.03507E+00 
-7.59727E+00 5.21005E+00 
-1.13005E+01 4.24972E+00 
-1.57149E+01 3.15227E+00 
-2.09540E+01 1.91741E+00 
-2.71598E+01 5.40265E-01 
-3.45554E+01 -1.01254E+00 
-4.36472E+01 -2.89369E+00 
-5.59338E+01 -5.67385E+00 
-7.54629E+01 -1.09049E+01 
-1.08064E+02 -2.04548E+01 
-1.51979E+02 -3.25913E+01 
-1.96122E+02 -4.23845E+01 
5.27403E+00 7.66492E+00 
5.28328E+00 7.87664E+00 
4.69094E+00 7.62755E+00 
4.48693E+00 7.72731E+00 
4.22971E+00 7.79320E+00 
3.90046E+00 7.81633E+00 
3.47687E+00 7.78824E+00 
3.06809E+00 7.72638E+00 
2.93306E+00 7.70113E+00 
2.17803E+00 7.53316E+00 
1.20716E+00 7.28134E+00 
-2.62437E-02 6.94020E+00 
-1.57368E+00 6.50629E+00 
-3.73398E+00 6.27979E+00 
-6.35783E+00 5.69473E+00 
-9.49281E+00 5.01176E+00 
-1.32189E+01 4.23249E+00 
-1.76276E+01 3.36009E+00 
-2.28340E+01 2.39430E+00 
-2.90210E+01 1.31185E+00 
-3.66124E+01 -7.68038E-03 
-4.68757E+01 -2.02411E+00 
-6.32370E+01 -5.98684E+00 
-9.05928E+01 -1.33711E+01 
-1.27340E+02 -2.27067E+01 
-1.64009E+02 -2.99882E+01 
4.66779E+00 7.03951E+00 
4.67501E+00 7.25134E+00 
4.13560E+00 7.08961E+00 
3.95824E+00 7.21001E+00 
3.73472E+00 7.30178E+00 
3.44851E+00 7.35811E+00 
3.08027E+00 7.37272E+00 
2.72510E+00 7.35185E+00 
2.60784E+00 7.34006E+00 
1.95290E+00 7.24654E+00 
1.11270E+00 7.08818E+00 
4.85079E-02 6.86214E+00 
-1.28201E+00 6.56740E+00 
-3.09382E+00 6.48349E+00 
-5.30970E+00 6.08889E+00 
-7.95065E+00 5.62600E+00 
-1.10811E+01 5.09881E+00 
-1.47747E+01 4.51280E+00 
-1.91240E+01 3.87099E+00 
-2.42787E+01 3.15787E+00 
-3.05926E+01 2.27935E+00 
-3.91364E+01 8.67514E-01 
-5.28052E+01 -2.07641E+00 
-7.57038E+01 -7.70699E+00 
-1.06378E+02 -1.47842E+01 
-1.36754E+02 -2.00747E+01 
4.09137E+00 6.53191E+00 
4.10121E+00 6.73908E+00 
3.61618E+00 6.64988E+00 
3.46647E+00 6.78314E+00 
3.27667E+00 6.89238E+00 
3.03231E+00 6.97254E+00 
2.71673E+00 7.01914E+00 
2.41177E+00 7.02975E+00 
2.31104E+00 7.02841E+00 
1.74838E+00 6.99328E+00 
1.02724E+00 6.90903E+00 
1.15689E-01 6.77477E+00 
-1.02085E+00 6.59120E+00 
-2.53043E+00 6.61563E+00 
-4.39206E+00 6.37086E+00 
-6.60597E+00 6.08106E+00 
-9.22383E+00 5.75175E+00 
-1.23043E+01 5.38991E+00 
-1.59217E+01 5.00071E+00 
-2.01980E+01 4.57456E+00 
-2.54282E+01 4.03874E+00 
-3.25149E+01 3.10117E+00 
-4.39003E+01 9.69812E-01 
-6.30180E+01 -3.24946E+00 
-8.85556E+01 -8.51702E+00 
-1.13645E+02 -1.22425E+01 
3.58032E+00 6.09414E+00 
3.59508E+00 6.29337E+00 
3.16317E+00 6.26459E+00 
3.04026E+00 6.40479E+00 
2.88244E+00 6.52506E+00 
2.67717E+00 6.62177E+00 
2.41015E+00 6.69188E+00 
2.15107E+00 6.72638E+00 
2.06538E+00 6.73307E+00 
1.58622E+00 6.74331E+00 
9.71983E-01 6.71734E+00 
1.96496E-01 6.65566E+00 
-7.68250E-01 6.56015E+00 
-2.01758E+00 6.66527E+00 
-3.57348E+00 6.53718E+00 
-5.42025E+00 6.38211E+00 
-7.59903E+00 6.20649E+00 
-1.01564E+01 6.01813E+00 
-1.31513E+01 5.82353E+00 
-1.66831E+01 5.61754E+00 
-2.09971E+01 5.34466E+00 
-2.68528E+01 4.77510E+00 
-3.63063E+01 3.28654E+00 
-5.22231E+01 1.95278E-01 
-7.34255E+01 -3.63269E+00 
-9.40826E+01 -6.13942E+00 
3.14526E+00 5.69769E+00 
3.16567E+00 5.88691E+00 
2.78404E+00 5.90856E+00 
2.68591E+00 6.05131E+00 
2.55733E+00 6.17775E+00 
2.38749E+00 6.28541E+00 
2.16420E+00 6.37242E+00 
1.94627E+00 6.42476E+00 
1.87402E+00 6.43754E+00 
1.46931E+00 6.48262E+00 
9.49913E-01 6.50199E+00 
2.94549E-01 6.49710E+00 
-5.19300E-01 6.47060E+00 
-1.54593E+00 6.63420E+00 
-2.83943E+00 6.59583E+00 
-4.37215E+00 6.54428E+00 
-6.17656E+00 6.48644E+00 
-8.28928E+00 6.43042E+00 
-1.07571E+01 6.38345E+00 
-1.36601E+01 6.34363E+00 
-1.72023E+01 6.26925E+00 
-2.20212E+01 5.98146E+00 
-2.98441E+01 4.99658E+00 
-4.30567E+01 2.79986E+00 
-6.06077E+01 1.07760E-01 
-7.75584E+01 -1.46072E+00 
2.78280E+00 5.32733E+00 
2.80865E+00 5.50538E+00 
2.47368E+00 5.56903E+00 
2.39771E+00 5.71114E+00 
2.29514E+00 5.84013E+00 
2.15672E+00 5.95447E+00 
1.97215E+00 6.05317E+00 
1.79058E+00 6.11853E+00 
1.73021E+00 6.13583E+00 
1.39113E+00 6.20722E+00 
9.55101E-01 6.26133E+00 
4.04960E-01 6.30023E+00 
-2.77239E-01 6.32699E+00 
-1.11435E+00 6.53128E+00 
-2.18376E+00 6.56073E+00 
-3.44903E+00 6.58738E+00 
-4.93558E+00 6.61820E+00 
-6.67195E+00 6.66125E+00 
-8.69485E+00 6.72404E+00 
-1.10689E+01 6.80695E+00 
-1.39630E+01 6.87929E+00 
-1.79114E+01 6.80361E+00 
-2.43615E+01 6.20886E+00 
-3.52946E+01 4.71515E+00 
-4.97768E+01 2.91076E+00 
-6.36356E+01 2.05468E+00 
2.48312E+00 4.97604E+00 
2.51365E+00 5.14241E+00 
2.22154E+00 5.24078E+00 
2.16488E+00 5.37994E+00 
2.08500E+00 5.50877E+00 
1.97400E+00 5.62650E+00 
1.82327E+00 5.73279E+00 
1.67351E+00 5.80729E+00 
1.62352E+00 5.82783E+00 
1.34183E+00 5.91856E+00 
9.78555E-01 5.99869E+00 
5.20012E-01 6.07065E+00 
-4.79676E-02 6.13767E+00 
-7.24628E-01 6.36842E+00 
-1.60349E+00 6.44795E+00 
-2.64193E+00 6.53229E+00 
-3.85965E+00 6.62824E+00 
-5.27864E+00 6.74356E+00 
-6.92750E+00 6.88567E+00 
-8.85809E+00 7.05656E+00 
-1.12098E+01 7.23421E+00 
-1.44293E+01 7.31466E+00 
-1.97268E+01 7.01788E+00 
-2.87427E+01 6.07071E+00 
-4.06519E+01 4.95224E+00 
-5.19381E+01 4.62770E+00 
2.23460E+00 4.64133E+00 
2.26886E+00 4.79592E+00 
2.01587E+00 4.92260E+00 
1.97576E+00 5.05714E+00 
1.91535E+00 5.18380E+00 
1.82802E+00 5.30234E+00 
1.70659E+00 5.41294E+00 
1.58442E+00 5.49343E+00 
1.54346E+00 5.51620E+00 
1.31161E+00 5.62052E+00 
1.01148E+00 5.71946E+00 
6.32270E-01 5.81558E+00 
1.62910E-01 5.91213E+00 
-3.78531E-01 6.15801E+00 
-1.09604E+00 6.27330E+00 
-1.94286E+00 6.39879E+00 
-2.93407E+00 6.54094E+00 
-4.08640E+00 6.70703E+00 
-5.42191E+00 6.90417E+00 
-6.98199E+00 7.13538E+00 
-8.88146E+00 7.38546E+00 
-1.14927E+01 7.57735E+00 
-1.58248E+01 7.50407E+00 
-2.32324E+01 6.97629E+00 
-3.29894E+01 6.38044E+00 
-4.21408E+01 6.44360E+00 
2.02636E+00 4.32277E+00 
2.06336E+00 4.46578E+00 
1.84599E+00 4.61501E+00 
1.81984E+00 4.74373E+00 
1.77598E+00 4.86670E+00 
1.70888E+00 4.98406E+00 
1.61266E+00 5.09632E+00 
1.51430E+00 5.18023E+00 
1.48112E+00 5.20436E+00 
1.29235E+00 5.31755E+00 
1.04678E+00 5.42933E+00 
7.35960E-01 5.54228E+00 
3.51380E-01 5.65950E+00 
-7.66293E-02 5.91155E+00 
-6.58052E-01 6.05108E+00 
-1.34362E+00 6.20445E+00 
-2.14468E+00 6.37765E+00 
-3.07379E+00 6.57739E+00 
-4.14776E+00 6.81030E+00 
-5.39942E+00 7.08003E+00 
-6.92309E+00 7.37665E+00 
-9.02836E+00 7.64457E+00 
-1.25544E+01 7.73501E+00 
-1.86160E+01 7.52381E+00 
-2.65774E+01 7.31925E+00 
-3.39626E+01 7.65654E+00 
1.84933E+00 4.02064E+00 
1.88816E+00 4.15241E+00 
1.70320E+00 4.31897E+00 
1.68868E+00 4.44106E+00 
1.65874E+00 4.55919E+00 
1.60883E+00 4.67378E+00 
1.53416E+00 4.78557E+00 
1.45625E+00 4.87079E+00 
1.42977E+00 4.89559E+00 
1.27805E+00 5.01375E+00 
1.07940E+00 5.13344E+00 
8.27308E-01 5.25715E+00 
5.15299E-01 5.38779E+00 
1.81989E-01 5.63902E+00 
-2.85114E-01 5.79360E+00 
-8.35503E-01 5.96428E+00 
-1.47758E+00 6.15653E+00 
-2.22056E+00 6.37640E+00 
-3.07707E+00 6.62997E+00 
-4.07302E+00 6.92119E+00 
-5.28559E+00 7.24418E+00 
-6.97147E+00 7.56033E+00 
-9.82630E+00 7.76686E+00 
-1.47646E+01 7.78964E+00 
-2.12320E+01 7.87137E+00 
-2.71604E+01 8.39392E+00 
1.69649E+00 3.73515E+00 
1.73634E+00 3.85615E+00 
1.58086E+00 4.03529E+00 
1.57591E+00 4.15018E+00 
1.55759E+00 4.26262E+00 
1.52219E+00 4.37321E+00 
1.46586E+00 4.48281E+00 
1.40542E+00 4.56762E+00 
1.38467E+00 4.59251E+00 
1.26470E+00 4.71244E+00 
1.10624E+00 4.83600E+00 
9.04339E-01 4.96554E+00 
6.54171E-01 5.10369E+00 
3.99508E-01 5.34873E+00 
2.80270E-02 5.51110E+00 
-4.09526E-01 5.69077E+00 
-9.19209E-01 5.89264E+00 
-1.50763E+00 6.12211E+00 
-2.18411E+00 6.38464E+00 
-2.96893E+00 6.68425E+00 
-3.92505E+00 7.01811E+00 
-5.26460E+00 7.36092E+00 
-7.56243E+00 7.64590E+00 
-1.15658E+01 7.83673E+00 
-1.67938E+01 8.12146E+00 
-2.15246E+01 8.76045E+00 
1.56262E+00 3.46619E+00 
1.60281E+00 3.57694E+00 
1.47415E+00 3.76436E+00 
1.47697E+00 3.87171E+00 
1.46826E+00 3.97784E+00 
1.44503E+00 4.08347E+00 
1.40422E+00 4.18951E+00 
1.35864E+00 4.27252E+00 
1.34278E+00 4.29704E+00 
1.24989E+00 4.41613E+00 
1.12568E+00 4.54030E+00 
9.66473E-01 4.67166E+00 
7.68743E-01 4.81261E+00 
5.79014E-01 5.04742E+00 
2.87147E-01 5.21194E+00 
-5.66432E-02 5.39414E+00 
-4.56581E-01 5.59837E+00 
-9.17242E-01 5.82934E+00 
-1.44535E+00 6.09191E+00 
-2.05665E+00 6.39001E+00 
-2.80230E+00 6.72305E+00 
-3.85701E+00 7.07605E+00 
-5.69414E+00 7.41003E+00 
-8.92188E+00 7.71674E+00 
-1.31248E+01 8.13895E+00 
-1.68743E+01 8.84179E+00 
1.44400E+00 3.21332E+00 
1.48395E+00 3.31439E+00 
1.37965E+00 3.50620E+00 
1.38870E+00 3.60582E+00 
1.38786E+00 3.70524E+00 
1.37475E+00 3.80520E+00 
1.34701E+00 3.90660E+00 
1.31400E+00 3.98671E+00 
1.30227E+00 4.01050E+00 
1.23234E+00 4.12669E+00 
1.13716E+00 4.24885E+00 
1.01407E+00 4.37888E+00 
8.60550E-01 4.51889E+00 
7.24062E-01 4.74058E+00 
4.98133E-01 4.90292E+00 
2.31855E-01 5.08274E+00 
-7.75754E-02 5.28381E+00 
-4.33166E-01 5.51022E+00 
-8.39619E-01 5.76619E+00 
-1.30906E+00 6.05546E+00 
-1.88285E+00 6.37908E+00 
-2.70436E+00 6.72991E+00 
-4.16188E+00 7.09015E+00 
-6.74820E+00 7.47183E+00 
-1.01060E+01 7.98052E+00 
-1.30550E+01 8.70766E+00 
1.33793E+00 2.97581E+00 
1.37718E+00 3.06778E+00 
1.29498E+00 3.26050E+00 
1.30892E+00 3.35236E+00 
1.31443E+00 3.44481E+00 
1.30968E+00 3.53859E+00 
1.29284E+00 3.63456E+00 
1.27039E+00 3.71094E+00 
1.26214E+00 3.73370E+00 
1.21154E+00 3.84538E+00 
1.14081E+00 3.96351E+00 
1.04806E+00 4.08976E+00 
9.31574E-01 4.22597E+00 
8.38383E-01 4.43256E+00 
6.66745E-01 4.58953E+00 
4.64179E-01 4.76332E+00 
2.28968E-01 4.95717E+00 
-4.07055E-02 5.17458E+00 
-3.47989E-01 5.41918E+00 
-7.02105E-01 5.69441E+00 
-1.13636E+00 6.00246E+00 
-1.76790E+00 6.34210E+00 
-2.91389E+00 6.71131E+00 
-4.97166E+00 7.13627E+00 
-7.63539E+00 7.69224E+00 
-9.93380E+00 8.41456E+00 
1.24246E+00 2.75277E+00 
1.28064E+00 2.83624E+00 
1.21843E+00 3.02677E+00 
1.23611E+00 3.11097E+00 
1.24667E+00 3.19635E+00 
1.24873E+00 3.28363E+00 
1.24090E+00 3.37360E+00 
1.22723E+00 3.44562E+00 
1.22188E+00 3.46714E+00 
1.18743E+00 3.57312E+00 
1.13712E+00 3.68570E+00 
1.06968E+00 3.80634E+00 
9.83967E-01 3.93662E+00 
9.25641E-01 4.12691E+00 
7.98404E-01 4.27620E+00 
6.47864E-01 4.44136E+00 
4.73122E-01 4.62512E+00 
2.73250E-01 4.83042E+00 
4.62811E-02 5.06033E+00 
-2.14703E-01 5.31799E+00 
-5.36370E-01 5.60632E+00 
-1.01402E+00 5.92838E+00 
-1.90551E+00 6.29367E+00 
-3.52942E+00 6.73773E+00 
-5.62527E+00 7.31132E+00 
-7.39757E+00 8.00798E+00 
1.15612E+00 2.54326E+00 
1.19294E+00 2.61884E+00 
1.14872E+00 2.80447E+00 
1.16915E+00 2.88119E+00 
1.18365E+00 2.95953E+00 
1.19116E+00 3.04015E+00 
1.19068E+00 3.12376E+00 
1.18424E+00 3.19101E+00 
1.18129E+00 3.21115E+00 
1.16019E+00 3.31058E+00 
1.12677E+00 3.41653E+00 
1.08023E+00 3.53025E+00 
1.01988E+00 3.65310E+00 
9.89286E-01 3.82648E+00 
8.98083E-01 3.96655E+00 
7.89710E-01 4.12131E+00 
6.63870E-01 4.29305E+00 
5.20288E-01 4.48418E+00 
3.57880E-01 4.69730E+00 
1.71543E-01 4.93517E+00 
-5.99453E-02 5.20117E+00 
-4.13712E-01 5.50140E+00 
-1.09832E+00 5.85343E+00 
-2.36761E+00 6.29844E+00 
-4.00086E+00 6.86768E+00 
-5.34989E+00 7.52438E+00 
1.07774E+00 2.34638E+00 
1.11297E+00 2.41466E+00 
1.08487E+00 2.59306E+00 
1.10722E+00 2.66257E+00 
1.12467E+00 2.73400E+00 
1.13645E+00 2.80794E+00 
1.14188E+00 2.88501E+00 
1.14130E+00 2.94723E+00 
1.14029E+00 2.96591E+00 
1.13009E+00 3.05825E+00 
1.11050E+00 3.15686E+00 
1.08102E+00 3.26281E+00 
1.04134E+00 3.37723E+00 
1.03249E+00 3.53363E+00 
9.70272E-01 3.66349E+00 
8.95782E-01 3.80676E+00 
8.09154E-01 3.96530E+00 
7.10580E-01 4.14107E+00 
5.99624E-01 4.33619E+00 
4.72603E-01 4.55310E+00 
3.12744E-01 4.79537E+00 
5.79816E-02 5.07116E+00 
-4.59389E-01 5.40341E+00 
-1.44019E+00 5.83612E+00 
-2.69840E+00 6.38517E+00 
-3.70890E+00 6.99268E+00 
1.00528E+00 2.15852E+00 
1.03873E+00 2.21999E+00 
1.02517E+00 2.38901E+00 
1.04874E+00 2.45155E+00 
1.06833E+00 2.51619E+00 
1.08342E+00 2.58344E+00 
1.09353E+00 2.65386E+00 
1.09768E+00 2.71087E+00 
1.09827E+00 2.72801E+00 
1.09694E+00 2.81287E+00 
1.08863E+00 2.90363E+00 
1.07312E+00 3.00118E+00 
1.05032E+00 3.10646E+00 
1.05840E+00 3.24592E+00 
1.01957E+00 3.36491E+00 
9.72404E-01 3.49594E+00 
9.17337E-01 3.64048E+00 
8.54883E-01 3.80008E+00 
7.85076E-01 3.97645E+00 
7.05348E-01 4.17167E+00 
6.02597E-01 4.38938E+00 
4.27378E-01 4.63900E+00 
4.62037E-02 4.94676E+00 
-6.97910E-01 5.35740E+00 
-1.64949E+00 5.87474E+00 
-2.38737E+00 6.42691E+00 
9.40122E-01 1.98474E+00 
9.71705E-01 2.04008E+00 
9.70758E-01 2.19823E+00 
9.94914E-01 2.25431E+00 
1.01589E+00 2.31257E+00 
1.03334E+00 2.37344E+00 
1.04697E+00 2.43741E+00 
1.05474E+00 2.48933E+00 
1.05653E+00 2.50495E+00 
1.06208E+00 2.58238E+00 
1.06256E+00 2.66527E+00 
1.05793E+00 2.75436E+00 
1.04828E+00 2.85042E+00 
1.06883E+00 2.97382E+00 
1.04807E+00 3.08197E+00 
1.02200E+00 3.20078E+00 
9.91267E-01 3.33141E+00 
9.56575E-01 3.47505E+00 
9.18278E-01 3.63303E+00 
8.74648E-01 3.80712E+00 
8.15506E-01 4.00088E+00 
7.01612E-01 4.22439E+00 
4.27150E-01 4.50551E+00 
-1.29882E-01 4.88812E+00 
-8.39999E-01 5.36709E+00 
-1.36675E+00 5.86248E+00 
8.80331E-01 1.82136E+00 
9.09986E-01 1.87111E+00 
9.20029E-01 2.01714E+00 
9.44276E-01 2.06717E+00 
9.66035E-01 2.11940E+00 
9.85092E-01 2.17418E+00 
1.00128E+00 2.23190E+00 
1.01177E+00 2.27885E+00 
1.01449E+00 2.29299E+00 
1.02531E+00 2.36311E+00 
1.03260E+00 2.43820E+00 
1.03644E+00 2.51887E+00 
1.03704E+00 2.60573E+00 
1.06661E+00 2.71390E+00 
1.05986E+00 2.81134E+00 
1.05015E+00 2.91809E+00 
1.03825E+00 3.03502E+00 
1.02498E+00 3.16301E+00 
1.01089E+00 3.30307E+00 
9.94901E-01 3.45667E+00 
9.69184E-01 3.62724E+00 
9.02862E-01 3.82502E+00 
7.12795E-01 4.07831E+00 
3.05250E-01 4.42904E+00 
-2.12654E-01 4.86550E+00 
-5.74458E-01 5.30409E+00 
8.25243E-01 1.66786E+00 
8.52948E-01 1.71255E+00 
8.72430E-01 1.84549E+00 
8.96356E-01 1.88995E+00 
9.18385E-01 1.93653E+00 
9.38405E-01 1.98556E+00 
9.56346E-01 2.03734E+00 
9.68782E-01 2.07952E+00 
9.72181E-01 2.09222E+00 
9.86923E-01 2.15527E+00 
9.99341E-01 2.22279E+00 
1.00962E+00 2.29526E+00 
1.01803E+00 2.37316E+00 
1.05381E+00 2.46707E+00 
1.05773E+00 2.55413E+00 
1.06049E+00 2.64920E+00 
1.06292E+00 2.75287E+00 
1.06588E+00 2.86579E+00 
1.07007E+00 2.98867E+00 
1.07486E+00 3.12275E+00 
1.07431E+00 3.27121E+00 
1.04437E+00 3.44419E+00 
9.20395E-01 3.66947E+00 
6.31370E-01 3.98635E+00 
2.65251E-01 4.37844E+00 
3.09302E-02 4.76180E+00 
7.74268E-01 1.52379E+00 
8.00036E-01 1.56389E+00 
8.27471E-01 1.68313E+00 
8.50744E-01 1.72247E+00 
8.72622E-01 1.76385E+00 
8.93065E-01 1.80750E+00 
9.12073E-01 1.85370E+00 
9.25817E-01 1.89136E+00 
9.29682E-01 1.90271E+00 
9.47196E-01 1.95904E+00 
9.63340E-01 2.01932E+00 
9.78353E-01 2.08394E+00 
9.92553E-01 2.15325E+00 
1.03227E+00 2.23397E+00 
1.04414E+00 2.31111E+00 
1.05621E+00 2.39500E+00 
1.06931E+00 2.48604E+00 
1.08433E+00 2.58464E+00 
1.10200E+00 2.69129E+00 
1.12203E+00 2.80699E+00 
1.14000E+00 2.93468E+00 
1.13739E+00 3.08414E+00 
1.06457E+00 3.28201E+00 
8.68665E-01 3.56446E+00 
6.21296E-01 3.91204E+00 
4.84237E-01 4.24290E+00 
7.26821E-01 1.38857E+00 
7.50690E-01 1.42453E+00 
7.84664E-01 1.52972E+00 
8.07023E-01 1.56442E+00 
8.28408E-01 1.60102E+00 
8.48831E-01 1.63971E+00 
8.68340E-01 1.68070E+00 
8.82857E-01 1.71414E+00 
8.87015E-01 1.72422E+00 
9.06354E-01 1.77421E+00 
9.25066E-01 1.82767E+00 
9.43422E-01 1.88485E+00 
9.61766E-01 1.94603E+00 
1.00360E+00 2.01467E+00 
1.02124E+00 2.08242E+00 
1.04008E+00 2.15572E+00 
1.06093E+00 2.23483E+00 
1.08464E+00 2.31996E+00 
1.11196E+00 2.41142E+00 
1.14284E+00 2.50999E+00 
1.17403E+00 2.61838E+00 
1.19151E+00 2.74581E+00 
1.15776E+00 2.91736E+00 
1.03433E+00 3.16584E+00 
8.78963E-01 3.46997E+00 
8.15017E-01 3.75175E+00 
6.82549E-01 1.26215E+00 
7.04589E-01 1.29438E+00 
7.43735E-01 1.38551E+00 
7.64985E-01 1.41604E+00 
7.85610E-01 1.44830E+00 
8.05659E-01 1.48245E+00 
8.25211E-01 1.51867E+00 
8.40066E-01 1.54820E+00 
8.44375E-01 1.55710E+00 
8.64767E-01 1.60121E+00 
8.85103E-01 1.64830E+00 
9.05671E-01 1.69853E+00 
9.26822E-01 1.75210E+00 
9.69356E-01 1.80980E+00 
9.91007E-01 1.86873E+00 
1.01458E+00 1.93214E+00 
1.04082E+00 2.00010E+00 
1.07054E+00 2.07270E+00 
1.10445E+00 2.15009E+00 
1.14267E+00 2.23290E+00 
1.18287E+00 2.32356E+00 
1.21461E+00 2.43066E+00 
1.21011E+00 2.57743E+00 
1.14223E+00 2.79322E+00 
1.05703E+00 3.05594E+00 
1.04680E+00 3.29266E+00 
6.41078E-01 1.14428E+00 
6.61381E-01 1.17315E+00 
7.04398E-01 1.25050E+00 
7.24405E-01 1.27729E+00 
7.44074E-01 1.30565E+00 
7.63478E-01 1.33570E+00 
7.82716E-01 1.36755E+00 
7.97568E-01 1.39350E+00 
8.01915E-01 1.40132E+00 
8.22753E-01 1.44001E+00 
8.43968E-01 1.48120E+00 
8.65853E-01 1.52499E+00 
8.88754E-01 1.57148E+00 
9.30898E-01 1.61935E+00 
9.55193E-01 1.67009E+00 
9.81889E-01 1.72429E+00 
1.01168E+00 1.78193E+00 
1.04529E+00 1.84297E+00 
1.08339E+00 1.90746E+00 
1.12620E+00 1.97588E+00 
1.17210E+00 2.05041E+00 
1.21350E+00 2.13896E+00 
1.23037E+00 2.26273E+00 
1.20438E+00 2.44770E+00 
1.17178E+00 2.67170E+00 
1.19993E+00 2.86761E+00 
6.02120E-01 1.03478E+00 
6.20794E-01 1.06062E+00 
6.66453E-01 1.12471E+00 
6.85139E-01 1.14821E+00 
7.03721E-01 1.17308E+00 
7.22288E-01 1.19943E+00 
7.40951E-01 1.22732E+00 
7.55543E-01 1.25001E+00 
7.59846E-01 1.25684E+00 
7.80667E-01 1.29056E+00 
8.02190E-01 1.32633E+00 
8.24704E-01 1.36417E+00 
8.48542E-01 1.40413E+00 
8.89495E-01 1.44326E+00 
9.15372E-01 1.48640E+00 
9.43950E-01 1.53209E+00 
9.75848E-01 1.58023E+00 
1.01171E+00 1.63069E+00 
1.05214E+00 1.68344E+00 
1.09740E+00 1.73884E+00 
1.14644E+00 1.79886E+00 
1.19391E+00 1.87067E+00 
1.22586E+00 1.97341E+00 
1.23079E+00 2.12979E+00 
1.23675E+00 2.31817E+00 
1.29125E+00 2.47765E+00 
5.65392E-01 9.33339E-01 
5.82561E-01 9.56445E-01 
6.29717E-01 1.00803E+00 
6.47055E-01 1.02861E+00 
6.64479E-01 1.05038E+00 
6.82087E-01 1.07340E+00 
6.99998E-01 1.09771E+00 
7.14151E-01 1.11744E+00 
7.18350E-01 1.12336E+00 
7.38822E-01 1.15254E+00 
7.60237E-01 1.18332E+00 
7.82870E-01 1.21570E+00 
8.07035E-01 1.24964E+00 
8.46233E-01 1.28102E+00 
8.72890E-01 1.31715E+00 
9.02401E-01 1.35501E+00 
9.35307E-01 1.39445E+00 
9.72170E-01 1.43529E+00 
1.01351E+00 1.47742E+00 
1.05960E+00 1.52115E+00 
1.10982E+00 1.56821E+00 
1.16057E+00 1.62506E+00 
1.20268E+00 1.70879E+00 
1.22981E+00 1.83903E+00 
1.26323E+00 1.99509E+00 
1.33479E+00 2.12243E+00 
5.30727E-01 8.39798E-01 
5.46531E-01 8.60415E-01 
5.94131E-01 9.00451E-01 
6.10140E-01 9.18455E-01 
6.26391E-01 9.37460E-01 
6.42985E-01 9.57491E-01 
6.60043E-01 9.78565E-01 
6.73648E-01 9.95591E-01 
6.77704E-01 1.00069E+00 
6.97606E-01 1.02571E+00 
7.18624E-01 1.05192E+00 
7.41015E-01 1.07927E+00 
7.65067E-01 1.10767E+00 
8.02144E-01 1.13224E+00 
8.28982E-01 1.16192E+00 
8.58713E-01 1.19263E+00 
8.91799E-01 1.22416E+00 
9.28709E-01 1.25630E+00 
9.69884E-01 1.28892E+00 
1.01560E+00 1.32227E+00 
1.06552E+00 1.35788E+00 
1.11744E+00 1.40152E+00 
1.16586E+00 1.46829E+00 
1.20830E+00 1.57496E+00 
1.26047E+00 1.70212E+00 
1.34197E+00 1.80149E+00 
4.97999E-01 7.53932E-01 
5.12587E-01 7.72264E-01 
5.59683E-01 8.01866E-01 
5.74428E-01 8.17590E-01 
5.89540E-01 8.34119E-01 
6.05122E-01 8.51451E-01 
6.21294E-01 8.69579E-01 
6.34297E-01 8.84138E-01 
6.38191E-01 8.88480E-01 
6.57397E-01 9.09689E-01 
6.77837E-01 9.31694E-01 
6.99746E-01 9.54410E-01 
7.23383E-01 9.77724E-01 
7.58129E-01 9.96343E-01 
7.84713E-01 1.02011E+00 
8.14139E-01 1.04429E+00 
8.46788E-01 1.06866E+00 
8.83044E-01 1.09301E+00 
9.23264E-01 1.11719E+00 
9.67704E-01 1.14141E+00 
1.01625E+00 1.16702E+00 
1.06775E+00 1.19913E+00 
1.11951E+00 1.25095E+00 
1.17190E+00 1.33666E+00 
1.23606E+00 1.43830E+00 
1.32216E+00 1.51367E+00 
4.67134E-01 6.75481E-01 
4.80663E-01 6.91688E-01 
5.26430E-01 7.12085E-01 
5.40011E-01 7.25766E-01 
5.54061E-01 7.40053E-01 
5.68683E-01 7.54925E-01 
5.83991E-01 7.70351E-01 
5.96387E-01 7.82639E-01 
6.00113E-01 7.86287E-01 
6.18573E-01 8.03974E-01 
6.38338E-01 8.22097E-01 
6.59621E-01 8.40544E-01 
6.82644E-01 8.59183E-01 
7.14975E-01 8.72617E-01 
7.40995E-01 8.90982E-01 
7.69736E-01 9.09253E-01 
8.01501E-01 9.27205E-01 
8.36590E-01 9.44626E-01 
8.75284E-01 9.61386E-01 
9.17808E-01 9.77653E-01 
9.64212E-01 9.94636E-01 
1.01412E+00 1.01682E+00 
1.06699E+00 1.05565E+00 
1.12519E+00 1.12295E+00 
1.19619E+00 1.20237E+00 
1.28295E+00 1.25742E+00 
4.38108E-01 6.04143E-01 
4.50743E-01 6.18346E-01 
4.94488E-01 6.30825E-01 
5.07037E-01 6.42643E-01 
5.20138E-01 6.54871E-01 
5.33889E-01 6.67469E-01 
5.48397E-01 6.80389E-01 
5.60218E-01 6.90568E-01 
5.63782E-01 6.93569E-01 
5.81500E-01 7.07986E-01 
6.00559E-01 7.22510E-01 
6.21139E-01 7.37016E-01 
6.43430E-01 7.51360E-01 
6.73352E-01 7.60299E-01 
6.98592E-01 7.73757E-01 
7.26376E-01 7.86711E-01 
7.56936E-01 7.98951E-01 
7.90495E-01 8.10284E-01 
8.27263E-01 8.20596E-01 
8.67429E-01 8.30042E-01 
9.11159E-01 8.39695E-01 
9.58670E-01 8.53464E-01 
1.01099E+00 8.81155E-01 
1.07186E+00 9.32525E-01 
1.14582E+00 9.92844E-01 
1.23045E+00 1.03098E+00 
4.10937E-01 5.39542E-01 
4.22843E-01 5.51823E-01 
4.64019E-01 5.57681E-01 
4.75689E-01 5.67761E-01 
4.87977E-01 5.78060E-01 
5.00972E-01 5.88524E-01 
5.14775E-01 5.99090E-01 
5.26076E-01 6.07290E-01 
5.29491E-01 6.09686E-01 
5.46511E-01 6.21046E-01 
5.64870E-01 6.32224E-01 
5.84720E-01 6.43088E-01 
6.06213E-01 6.53496E-01 
6.33799E-01 6.58554E-01 
6.58107E-01 6.67584E-01 
6.84743E-01 6.75800E-01 
7.13871E-01 6.83014E-01 
7.45647E-01 6.89062E-01 
7.80217E-01 6.93854E-01 
8.17737E-01 6.97543E-01 
8.58449E-01 7.01078E-01 
9.03007E-01 7.07836E-01 
9.53574E-01 7.26135E-01 
1.01482E+00 7.63898E-01 
1.08890E+00 8.08044E-01 
1.16950E+00 8.32325E-01 
3.85672E-01 4.81245E-01 
3.97011E-01 4.91655E-01 
4.35219E-01 4.92145E-01 
4.46178E-01 5.00565E-01 
4.57801E-01 5.09022E-01 
4.70171E-01 5.17452E-01 
4.83376E-01 5.25784E-01 
4.94225E-01 5.32113E-01 
4.97508E-01 5.33937E-01 
5.13893E-01 5.42428E-01 
5.31585E-01 5.50491E-01 
5.50703E-01 5.57999E-01 
5.71363E-01 5.64816E-01 
5.96725E-01 5.66544E-01 
6.19994E-01 5.71618E-01 
6.45346E-01 5.75661E-01 
6.72886E-01 5.78515E-01 
7.02709E-01 5.80048E-01 
7.34908E-01 5.80202E-01 
7.69607E-01 5.79131E-01 
8.07102E-01 5.77673E-01 
8.48364E-01 5.78717E-01 
8.96357E-01 5.89235E-01 
9.56302E-01 6.15557E-01 
1.02850E+00 6.46210E-01 
1.10383E+00 6.59373E-01 
3.62349E-01 4.28669E-01 
3.73276E-01 4.37235E-01 
4.08259E-01 4.33516E-01 
4.18672E-01 4.40315E-01 
4.29780E-01 4.46982E-01 
4.41656E-01 4.53448E-01 
4.54373E-01 4.59639E-01 
4.64838E-01 4.64189E-01 
4.68007E-01 4.65473E-01 
4.83822E-01 4.71266E-01 
5.00883E-01 4.76434E-01 
5.19277E-01 4.80858E-01 
5.39083E-01 4.84421E-01 
5.62350E-01 4.83309E-01 
5.84500E-01 4.84892E-01 
6.08467E-01 4.85311E-01 
6.34307E-01 4.84445E-01 
6.62065E-01 4.82197E-01 
6.91788E-01 4.78539E-01 
7.23576E-01 4.73629E-01 
7.57761E-01 4.68203E-01 
7.95535E-01 4.64709E-01 
8.40413E-01 4.68908E-01 
8.97900E-01 4.85753E-01 
9.66838E-01 5.05320E-01 
1.03621E+00 5.09751E-01 
3.41142E-01 3.81468E-01 
3.51796E-01 3.88209E-01 
3.83452E-01 3.81333E-01 
3.93478E-01 3.86533E-01 
4.04212E-01 3.91452E-01 
4.15713E-01 3.96019E-01 
4.28042E-01 4.00163E-01 
4.38186E-01 4.03030E-01 
4.41256E-01 4.03807E-01 
4.56561E-01 4.07085E-01 
4.73023E-01 4.09590E-01 
4.90700E-01 4.11221E-01 
5.09638E-01 4.11883E-01 
5.30952E-01 4.08389E-01 
5.51920E-01 4.06958E-01 
5.74433E-01 4.04308E-01 
5.98504E-01 4.00353E-01 
6.24139E-01 3.95034E-01 
6.51348E-01 3.88350E-01 
6.80211E-01 3.80463E-01 
7.11086E-01 3.72017E-01 
7.45320E-01 3.65056E-01 
7.86777E-01 3.64273E-01 
8.41054E-01 3.73444E-01 
9.05875E-01 3.84105E-01 
9.68988E-01 3.81897E-01 
3.22016E-01 3.38804E-01 
3.32513E-01 3.43733E-01 
3.60843E-01 3.34589E-01 
3.70618E-01 3.38196E-01 
3.81096E-01 3.41396E-01 
3.92321E-01 3.44123E-01 
4.04339E-01 3.46309E-01 
4.14207E-01 3.47587E-01 
4.17189E-01 3.47888E-01 
4.32020E-01 3.48831E-01 
4.47898E-01 3.48905E-01 
4.64851E-01 3.48033E-01 
4.82897E-01 3.46139E-01 
5.02381E-01 3.40673E-01 
5.22109E-01 3.36686E-01 
5.43108E-01 3.31493E-01 
5.65358E-01 3.25040E-01 
5.88832E-01 3.17302E-01 
6.13517E-01 3.08304E-01 
6.39477E-01 2.98209E-01 
6.67090E-01 2.87573E-01 
6.97802E-01 2.78079E-01 
7.35684E-01 2.73471E-01 
7.86292E-01 2.76528E-01 
8.46492E-01 2.80149E-01 
9.03317E-01 2.73047E-01 
3.05034E-01 3.00107E-01 
3.15465E-01 3.03244E-01 
3.40575E-01 2.92574E-01 
3.50207E-01 2.94601E-01 
3.60517E-01 2.96123E-01 
3.71536E-01 2.97080E-01 
3.83293E-01 2.97416E-01 
3.92911E-01 2.97214E-01 
3.95811E-01 2.97074E-01 
4.10180E-01 2.95884E-01 
4.25467E-01 2.93781E-01 
4.41674E-01 2.90708E-01 
4.58793E-01 2.86617E-01 
4.76557E-01 2.79561E-01 
4.94992E-01 2.73477E-01 
5.14430E-01 2.66251E-01 
5.34826E-01 2.57863E-01 
5.56130E-01 2.48315E-01 
5.78313E-01 2.37655E-01 
6.01429E-01 2.26043E-01 
6.25872E-01 2.13953E-01 
6.53149E-01 2.02743E-01 
6.87431E-01 1.95322E-01 
7.34135E-01 1.93635E-01 
7.89489E-01 1.91832E-01 
8.40191E-01 1.81301E-01 
2.90199E-01 2.64752E-01 
3.00624E-01 2.66136E-01 
3.22689E-01 2.54533E-01 
3.32252E-01 2.55011E-01 
3.42450E-01 2.54915E-01 
3.53300E-01 2.54197E-01 
3.64815E-01 2.52812E-01 
3.74186E-01 2.51254E-01 
3.77003E-01 2.50716E-01 
3.90897E-01 2.47616E-01 
4.05564E-01 2.43605E-01 
4.20986E-01 2.38648E-01 
4.37131E-01 2.32722E-01 
4.53267E-01 2.24436E-01 
4.70357E-01 2.16698E-01 
4.88195E-01 2.07927E-01 
5.06717E-01 1.98127E-01 
5.25861E-01 1.87327E-01 
5.45585E-01 1.75590E-01 
5.65943E-01 1.63068E-01 
5.87337E-01 1.50160E-01 
6.11309E-01 1.37931E-01 
6.42051E-01 1.28565E-01 
6.84778E-01 1.23308E-01 
7.35253E-01 1.17453E-01 
7.80122E-01 1.04694E-01 
2.77474E-01 2.32161E-01 
2.87919E-01 2.31859E-01 
3.07160E-01 2.19781E-01 
3.16691E-01 2.18767E-01 
3.26797E-01 2.17142E-01 
3.37482E-01 2.14869E-01 
3.48744E-01 2.11917E-01 
3.57850E-01 2.09148E-01 
3.60576E-01 2.08257E-01 
3.73956E-01 2.03493E-01 
3.87954E-01 1.97860E-01 
4.02536E-01 1.91346E-01 
4.17654E-01 1.83949E-01 
4.32231E-01 1.74769E-01 
4.47927E-01 1.65804E-01 
4.64134E-01 1.55944E-01 
4.80777E-01 1.45214E-01 
4.97784E-01 1.33662E-01 
5.15112E-01 1.21362E-01 
5.32814E-01 1.08456E-01 
5.51302E-01 9.52681E-02 
5.72130E-01 8.26061E-02 
5.99451E-01 7.20235E-02 
6.38241E-01 6.41914E-02 
6.83937E-01 5.54344E-02 
7.23338E-01 4.14145E-02 
2.66778E-01 2.01829E-01 
2.77237E-01 1.99936E-01 
2.93901E-01 1.87730E-01 
3.03399E-01 1.85312E-01 
3.13399E-01 1.82276E-01 
3.23891E-01 1.78599E-01 
3.34860E-01 1.74262E-01 
3.43663E-01 1.70445E-01 
3.46287E-01 1.69252E-01 
3.59091E-01 1.63088E-01 
3.72356E-01 1.56132E-01 
3.86032E-01 1.48390E-01 
4.00062E-01 1.39881E-01 
4.13132E-01 1.30123E-01 
4.27394E-01 1.20332E-01 
4.41949E-01 1.09802E-01 
4.56717E-01 9.85765E-02 
4.71627E-01 8.67138E-02 
4.86634E-01 7.42946E-02 
5.01799E-01 6.14472E-02 
5.17538E-01 4.84271E-02 
5.35401E-01 3.58123E-02 
5.59461E-01 2.46153E-02 
5.94432E-01 1.50390E-02 
6.35536E-01 4.32813E-03 
6.69873E-01 -1.01874E-02 
2.57990E-01 1.73344E-01 
2.68426E-01 1.69988E-01 
2.82761E-01 1.57909E-01 
2.92195E-01 1.54211E-01 
3.02043E-01 1.49914E-01 
3.12287E-01 1.45011E-01 
3.22901E-01 1.39495E-01 
3.31349E-01 1.34806E-01 
3.33855E-01 1.33366E-01 
3.46007E-01 1.26079E-01 
3.58462E-01 1.18103E-01 
3.71162E-01 1.09463E-01 
3.84043E-01 1.00188E-01 
3.95646E-01 9.01436E-02 
4.08439E-01 7.98975E-02 
4.21333E-01 6.90770E-02 
4.34247E-01 5.77375E-02 
4.47112E-01 4.59450E-02 
4.59890E-01 3.37805E-02 
4.72647E-01 2.13564E-02 
4.85806E-01 8.86389E-03 
5.00897E-01 -3.32040E-03 
5.21883E-01 -1.46443E-02 
5.53203E-01 -2.52812E-02 
5.89956E-01 -3.71733E-02 
6.19650E-01 -5.15940E-02 
2.50943E-01 1.46378E-01 
2.61293E-01 1.41718E-01 
2.73536E-01 1.29955E-01 
2.82844E-01 1.25128E-01 
2.92473E-01 1.19749E-01 
3.02393E-01 1.13820E-01 
3.12572E-01 1.07347E-01 
3.20602E-01 1.01974E-01 
3.22972E-01 1.00344E-01 
3.34386E-01 9.22175E-02 
3.45951E-01 8.35245E-02 
3.57604E-01 7.43004E-02 
3.69280E-01 6.45886E-02 
3.79446E-01 5.45245E-02 
3.90749E-01 4.41565E-02 
4.01985E-01 3.33792E-02 
4.13079E-01 2.22546E-02 
4.23966E-01 1.08515E-02 
4.34616E-01 -7.52568E-04 
4.45106E-01 -1.24632E-02 
4.55859E-01 -2.41484E-02 
4.68378E-01 -3.56066E-02 
4.86493E-01 -4.66731E-02 
5.14364E-01 -5.78180E-02 
5.47038E-01 -7.02729E-02 
5.72508E-01 -8.41562E-02 
2.45464E-01 1.20829E-01 
2.55643E-01 1.15054E-01 
2.66020E-01 1.03743E-01 
2.75121E-01 9.79720E-02 
2.84443E-01 9.17128E-02 
2.93952E-01 8.49787E-02 
3.03609E-01 7.77865E-02 
3.11156E-01 7.19212E-02 
3.13371E-01 7.01586E-02 
3.23963E-01 6.14767E-02 
3.34565E-01 5.23593E-02 
3.45113E-01 4.28515E-02 
3.55541E-01 3.30037E-02 
3.64305E-01 2.31574E-02 
3.74117E-01 1.29587E-02 
3.83722E-01 2.50814E-03 
3.93052E-01 -8.13019E-03 
4.02051E-01 -1.88885E-02 
4.10698E-01 -2.96959E-02 
4.19079E-01 -4.04771E-02 
4.27617E-01 -5.11537E-02 
4.37780E-01 -6.16737E-02 
4.53248E-01 -7.21927E-02 
4.77905E-01 -8.34081E-02 
5.06808E-01 -9.59408E-02 
5.28480E-01 -1.08973E-01 
2.41260E-01 9.62416E-02 
2.51167E-01 8.95499E-02 
2.59855E-01 7.88013E-02 
2.68649E-01 7.22760E-02 
2.77565E-01 6.53429E-02 
2.86563E-01 5.80235E-02 
2.95601E-01 5.03431E-02 
3.02593E-01 4.41714E-02 
3.04633E-01 4.23315E-02 
3.14314E-01 3.33606E-02 
3.23874E-01 2.40903E-02 
3.33253E-01 1.45711E-02 
3.42389E-01 4.85687E-03 
3.49769E-01 -4.56170E-03 
3.58087E-01 -1.43400E-02 
3.66084E-01 -2.42242E-02 
3.73700E-01 -3.41514E-02 
3.80889E-01 -4.40582E-02 
3.87642E-01 -5.38827E-02 
3.94053E-01 -6.35692E-02 
4.00545E-01 -7.30878E-02 
4.08541E-01 -8.25140E-02 
4.21557E-01 -9.22666E-02 
4.43207E-01 -1.03214E-01 
4.68602E-01 -1.15452E-01 
4.86841E-01 -1.27410E-01 
2.38136E-01 7.27789E-02 
2.47661E-01 6.53900E-02 
2.54825E-01 5.52866E-02 
2.63209E-01 4.82176E-02 
2.71617E-01 4.08302E-02 
2.80007E-01 3.31528E-02 
2.88336E-01 2.52167E-02 
2.94710E-01 1.89206E-02 
2.96558E-01 1.70568E-02 
3.05253E-01 8.05097E-03 
3.13714E-01 -1.12106E-03 
3.21885E-01 -1.04069E-02 
3.29710E-01 -1.97521E-02 
3.35743E-01 -2.85675E-02 
3.42594E-01 -3.77205E-02 
3.49035E-01 -4.68500E-02 
3.55016E-01 -5.58972E-02 
3.60503E-01 -6.48053E-02 
3.65498E-01 -7.35231E-02 
3.70103E-01 -8.20143E-02 
3.74737E-01 -9.02915E-02 
3.80773E-01 -9.85358E-02 
3.91558E-01 -1.07376E-01 
4.10437E-01 -1.17801E-01 
4.32623E-01 -1.29468E-01 
4.47804E-01 -1.40220E-01 
2.35826E-01 5.03531E-02 
2.44855E-01 4.24901E-02 
2.50628E-01 3.31021E-02 
2.58495E-01 2.57005E-02 
2.66295E-01 1.80748E-02 
2.73983E-01 1.02583E-02 
2.81519E-01 2.28602E-03 
2.87217E-01 -3.96562E-03 
2.88859E-01 -5.80433E-03 
2.96504E-01 -1.46148E-02 
3.03820E-01 -2.34659E-02 
3.10756E-01 -3.23061E-02 
3.17264E-01 -4.10835E-02 
3.21987E-01 -4.91515E-02 
3.27409E-01 -5.75162E-02 
3.32356E-01 -6.57465E-02 
3.36790E-01 -7.37899E-02 
3.40688E-01 -8.15980E-02 
3.44061E-01 -8.91312E-02 
3.47021E-01 -9.63714E-02 
3.49979E-01 -1.03368E-01 
3.54254E-01 -1.10389E-01 
3.63015E-01 -1.18225E-01 
3.79351E-01 -1.27944E-01 
3.98606E-01 -1.38842E-01 
4.11071E-01 -1.48321E-01 
2.34077E-01 2.89944E-02 
2.42499E-01 2.08797E-02 
2.46991E-01 1.22679E-02 
2.54239E-01 4.74084E-03 
2.61335E-01 -2.91527E-03 
2.68238E-01 -1.06646E-02 
2.74907E-01 -1.84703E-02 
2.79883E-01 -2.45244E-02 
2.81304E-01 -2.62941E-02 
2.87851E-01 -3.47055E-02 
2.93992E-01 -4.30436E-02 
2.99682E-01 -5.12601E-02 
3.04885E-01 -5.93077E-02 
3.08346E-01 -6.65166E-02 
3.12391E-01 -7.39705E-02 
3.15920E-01 -8.11992E-02 
3.18904E-01 -8.81578E-02 
3.21332E-01 -9.48073E-02 
3.23227E-01 -1.01120E-01 
3.24703E-01 -1.07094E-01 
3.26165E-01 -1.12811E-01 
3.28872E-01 -1.18606E-01 
3.35812E-01 -1.25393E-01 
3.49826E-01 -1.34282E-01 
3.66417E-01 -1.44279E-01 
3.76485E-01 -1.52467E-01 
2.32646E-01 8.76974E-03 
2.40354E-01 6.18424E-04 
2.43656E-01 -7.16402E-03 
2.50191E-01 -1.46191E-02 
2.56501E-01 -2.21116E-02 
2.62546E-01 -2.96048E-02 
2.68290E-01 -3.70622E-02 
2.72506E-01 -4.27842E-02 
2.73699E-01 -4.44466E-02 
2.79117E-01 -5.22846E-02 
2.84069E-01 -5.99500E-02 
2.88521E-01 -6.73994E-02 
2.92445E-01 -7.45919E-02 
2.94701E-01 -8.08609E-02 
2.97437E-01 -8.73200E-02 
2.99634E-01 -9.34831E-02 
3.01276E-01 -9.93140E-02 
3.02362E-01 -1.04783E-01 
3.02922E-01 -1.09875E-01 
3.03077E-01 -1.14603E-01 
3.03219E-01 -1.19074E-01 
3.04545E-01 -1.23675E-01 
3.09860E-01 -1.29405E-01 
3.21767E-01 -1.37388E-01 
3.35951E-01 -1.46405E-01 
3.43917E-01 -1.53327E-01 
2.31300E-01 -1.02282E-02 
2.38202E-01 -1.82136E-02 
2.40387E-01 -2.51208E-02 
2.46129E-01 -3.23217E-02 
2.51583E-01 -3.94748E-02 
2.56713E-01 -4.65444E-02 
2.61490E-01 -5.34958E-02 
2.64924E-01 -5.87714E-02 
2.65882E-01 -6.02945E-02 
2.70158E-01 -6.74159E-02 
2.73928E-01 -7.42816E-02 
2.77167E-01 -8.08549E-02 
2.79855E-01 -8.71021E-02 
2.80973E-01 -9.23806E-02 
2.82479E-01 -9.77957E-02 
2.83443E-01 -1.02864E-01 
2.83858E-01 -1.07558E-01 
2.83733E-01 -1.11858E-01 
2.83106E-01 -1.15759E-01 
2.82100E-01 -1.19288E-01 
2.81094E-01 -1.22573E-01 
2.81220E-01 -1.26036E-01 
2.85099E-01 -1.30732E-01 
2.95105E-01 -1.37775E-01 
3.07125E-01 -1.45776E-01 
3.13263E-01 -1.51487E-01 
2.29843E-01 -2.77283E-02 
2.35866E-01 -3.53669E-02 
2.37010E-01 -4.13699E-02 
2.41902E-01 -4.81584E-02 
2.46456E-01 -5.48238E-02 
2.50642E-01 -6.13326E-02 
2.54435E-01 -6.76532E-02 
2.57085E-01 -7.23953E-02 
2.57811E-01 -7.37551E-02 
2.60962E-01 -8.00566E-02 
2.63584E-01 -8.60375E-02 
2.65661E-01 -9.16684E-02 
2.67184E-01 -9.69235E-02 
2.67250E-01 -1.01198E-01 
2.67628E-01 -1.05562E-01 
2.67475E-01 -1.09547E-01 
2.66796E-01 -1.13135E-01 
2.65604E-01 -1.16314E-01 
2.63947E-01 -1.19090E-01 
2.61947E-01 -1.21502E-01 
2.59969E-01 -1.23690E-01 
2.59077E-01 -1.26103E-01 
2.61711E-01 -1.29821E-01 
2.70031E-01 -1.35931E-01 
2.80135E-01 -1.42925E-01 
2.84711E-01 -1.47513E-01 
2.28055E-01 -4.39607E-02 
2.33127E-01 -5.10860E-02 
2.33279E-01 -5.61477E-02 
2.37265E-01 -6.23799E-02 
2.40875E-01 -6.84238E-02 
2.44087E-01 -7.42496E-02 
2.46880E-01 -7.98297E-02 
2.48743E-01 -8.39624E-02 
2.49237E-01 -8.51384E-02 
2.51275E-01 -9.05318E-02 
2.52779E-01 -9.55568E-02 
2.53741E-01 -1.00192E-01 
2.54160E-01 -1.04419E-01 
2.53249E-01 -1.07683E-01 
2.52587E-01 -1.10996E-01 
2.51421E-01 -1.13915E-01 
2.49761E-01 -1.16430E-01 
2.47629E-01 -1.18538E-01 
2.45077E-01 -1.20253E-01 
2.42227E-01 -1.21622E-01 
2.39426E-01 -1.22799E-01 
2.37670E-01 -1.24244E-01 
2.39218E-01 -1.27039E-01 
2.46024E-01 -1.32230E-01 
2.54411E-01 -1.38233E-01 
2.57641E-01 -1.41782E-01 
2.25793E-01 -5.85794E-02 
2.29874E-01 -6.50547E-02 
2.29095E-01 -6.91617E-02 
2.32149E-01 -7.47249E-02 
2.34805E-01 -8.00473E-02 
2.37044E-01 -8.51033E-02 
2.38852E-01 -8.98702E-02 
2.39949E-01 -9.33472E-02 
2.40220E-01 -9.43276E-02 
2.41192E-01 -9.87669E-02 
2.41639E-01 -1.02808E-01 
2.41562E-01 -1.06436E-01 
2.40966E-01 -1.09642E-01 
2.39174E-01 -1.11925E-01 
2.37585E-01 -1.14227E-01 
2.35528E-01 -1.16134E-01 
2.33019E-01 -1.17644E-01 
2.30088E-01 -1.18764E-01 
2.26787E-01 -1.19512E-01 
2.23239E-01 -1.19945E-01 
2.19770E-01 -1.20220E-01 
2.17309E-01 -1.20802E-01 
2.17936E-01 -1.22757E-01 
2.23414E-01 -1.27075E-01 
2.30296E-01 -1.32141E-01 
2.32398E-01 -1.34758E-01 
2.22913E-01 -7.15549E-02 
2.25979E-01 -7.72684E-02 
2.24327E-01 -8.04161E-02 
2.26441E-01 -8.52220E-02 
2.28146E-01 -8.97474E-02 
2.29428E-01 -9.39716E-02 
2.30281E-01 -9.78773E-02 
2.30644E-01 -1.00671E-01 
2.30700E-01 -1.01449E-01 
2.30665E-01 -1.04914E-01 
2.30127E-01 -1.07966E-01 
2.29094E-01 -1.10600E-01 
2.27579E-01 -1.12812E-01 
2.25007E-01 -1.14160E-01 
2.22603E-01 -1.15505E-01 
2.19776E-01 -1.16469E-01 
2.16547E-01 -1.17057E-01 
2.12950E-01 -1.17279E-01 
2.09041E-01 -1.17163E-01 
2.04935E-01 -1.16768E-01 
2.00942E-01 -1.16254E-01 
1.97920E-01 -1.16080E-01 
1.97777E-01 -1.17282E-01 
2.02098E-01 -1.20789E-01 
2.07666E-01 -1.24980E-01 
2.08833E-01 -1.26777E-01 
2.19310E-01 -8.28057E-02 
2.21359E-01 -8.76735E-02 
2.18895E-01 -8.98712E-02 
2.20079E-01 -9.38585E-02 
2.20855E-01 -9.75387E-02 
2.21216E-01 -1.00896E-01 
2.21160E-01 -1.03919E-01 
2.20830E-01 -1.06022E-01 
2.20687E-01 -1.06598E-01 
2.19717E-01 -1.09094E-01 
2.18278E-01 -1.11179E-01 
2.16385E-01 -1.12853E-01 
2.14055E-01 -1.14120E-01 
2.10806E-01 -1.14596E-01 
2.07705E-01 -1.15059E-01 
2.04230E-01 -1.15163E-01 
2.00409E-01 -1.14921E-01 
1.96277E-01 -1.14348E-01 
1.91890E-01 -1.13476E-01 
1.87362E-01 -1.12367E-01 
1.82977E-01 -1.11181E-01 
1.79528E-01 -1.10362E-01 
1.78758E-01 -1.10905E-01 
1.82081E-01 -1.13670E-01 
1.86515E-01 -1.17062E-01 
1.86922E-01 -1.18151E-01 
2.14894E-01 -9.23061E-02 
2.15939E-01 -9.62698E-02 
2.12728E-01 -9.75382E-02 
2.13009E-01 -1.00669E-01 
2.12894E-01 -1.03479E-01 
2.12381E-01 -1.05958E-01 
2.11473E-01 -1.08099E-01 
2.10504E-01 -1.09520E-01 
2.10177E-01 -1.09897E-01 
2.08355E-01 -1.11452E-01 
2.06108E-01 -1.12610E-01 
2.03454E-01 -1.13377E-01 
2.00416E-01 -1.13764E-01 
1.96597E-01 -1.13443E-01 
1.92913E-01 -1.13105E-01 
1.88911E-01 -1.12443E-01 
1.84620E-01 -1.11470E-01 
1.80078E-01 -1.10208E-01 
1.75339E-01 -1.08691E-01 
1.70510E-01 -1.06981E-01 
1.65857E-01 -1.05236E-01 
1.62104E-01 -1.03882E-01 
1.60833E-01 -1.03859E-01 
1.63305E-01 -1.05958E-01 
1.66770E-01 -1.08633E-01 
1.66572E-01 -1.09123E-01 
2.09615E-01 -1.00013E-01 
2.09691E-01 -1.03042E-01 
2.05804E-01 -1.03417E-01 
2.05226E-01 -1.05680E-01 
2.04274E-01 -1.07620E-01 
2.02950E-01 -1.09232E-01 
2.01263E-01 -1.10513E-01 
1.99715E-01 -1.11279E-01 
1.99223E-01 -1.11465E-01 
1.96643E-01 -1.12127E-01 
1.93688E-01 -1.12418E-01 
1.90381E-01 -1.12349E-01 
1.86746E-01 -1.11936E-01 
1.82465E-01 -1.10903E-01 
1.78315E-01 -1.09859E-01 
1.73903E-01 -1.08529E-01 
1.69261E-01 -1.06932E-01 
1.64425E-01 -1.05090E-01 
1.59450E-01 -1.03039E-01 
1.54436E-01 -1.00842E-01 
1.49626E-01 -9.86507E-02 
1.45680E-01 -9.68673E-02 
1.44027E-01 -9.63724E-02 
1.45786E-01 -9.78868E-02 
1.48433E-01 -9.99306E-02 
1.47770E-01 -9.99289E-02 
2.03449E-01 -1.05923E-01 
2.02609E-01 -1.08012E-01 
1.98121E-01 -1.07542E-01 
1.96744E-01 -1.08949E-01 
1.95022E-01 -1.10041E-01 
1.92963E-01 -1.10818E-01 
1.90579E-01 -1.11283E-01 
1.88519E-01 -1.11432E-01 
1.87883E-01 -1.11441E-01 
1.84646E-01 -1.11276E-01 
1.81090E-01 -1.10775E-01 
1.77239E-01 -1.09953E-01 
1.73121E-01 -1.08829E-01 
1.68483E-01 -1.07179E-01 
1.63979E-01 -1.05528E-01 
1.59271E-01 -1.03634E-01 
1.54390E-01 -1.01519E-01 
1.49372E-01 -9.92061E-02 
1.44269E-01 -9.67320E-02 
1.39173E-01 -9.41579E-02 
1.34306E-01 -9.16263E-02 
1.30265E-01 -8.95148E-02 
1.28338E-01 -8.86395E-02 
1.29508E-01 -8.96512E-02 
1.31477E-01 -9.11505E-02 
1.30471E-01 -9.07576E-02 
1.96393E-01 -1.10061E-01 
1.94702E-01 -1.11229E-01 
1.89696E-01 -1.09975E-01 
1.87592E-01 -1.10556E-01 
1.85179E-01 -1.10842E-01 
1.82469E-01 -1.10835E-01 
1.79478E-01 -1.10542E-01 
1.76980E-01 -1.10124E-01 
1.76221E-01 -1.09971E-01 
1.72433E-01 -1.09058E-01 
1.68385E-01 -1.07852E-01 
1.64101E-01 -1.06369E-01 
1.59612E-01 -1.04632E-01 
1.54720E-01 -1.02461E-01 
1.49971E-01 -1.00306E-01 
1.45073E-01 -9.79536E-02 
1.40057E-01 -9.54257E-02 
1.34958E-01 -9.27484E-02 
1.29824E-01 -8.99563E-02 
1.24739E-01 -8.71080E-02 
1.19904E-01 -8.43366E-02 
1.15857E-01 -8.19915E-02 
1.13748E-01 -8.08222E-02 
1.14445E-01 -8.14122E-02 
1.15860E-01 -8.24523E-02 
1.14620E-01 -8.17615E-02 
1.88484E-01 -1.12468E-01 
1.86025E-01 -1.12757E-01 
1.80590E-01 -1.10793E-01 
1.77842E-01 -1.10600E-01 
1.74827E-01 -1.10138E-01 
1.71560E-01 -1.09413E-01 
1.68058E-01 -1.08436E-01 
1.65199E-01 -1.07513E-01 
1.64340E-01 -1.07217E-01 
1.60111E-01 -1.05647E-01 
1.55680E-01 -1.03831E-01 
1.51074E-01 -1.01787E-01 
1.46322E-01 -9.95392E-02 
1.41277E-01 -9.69485E-02 
1.36385E-01 -9.43919E-02 
1.31397E-01 -9.16840E-02 
1.26342E-01 -8.88472E-02 
1.21253E-01 -8.59070E-02 
1.16175E-01 -8.28965E-02 
1.11183E-01 -7.98704E-02 
1.06457E-01 -7.69513E-02 
1.02478E-01 -7.44594E-02 
1.00272E-01 -7.30772E-02 
1.00600E-01 -7.33244E-02 
1.01574E-01 -7.39881E-02 
1.00192E-01 -7.30846E-02 
1.79749E-01 -1.13221E-01 
1.76614E-01 -1.12689E-01 
1.70839E-01 -1.10097E-01 
1.67539E-01 -1.09196E-01 
1.64016E-01 -1.08057E-01 
1.60289E-01 -1.06692E-01 
1.56376E-01 -1.05112E-01 
1.53233E-01 -1.03750E-01 
1.52296E-01 -1.03331E-01 
1.47735E-01 -1.01201E-01 
1.43029E-01 -9.88746E-02 
1.38208E-01 -9.63722E-02 
1.33296E-01 -9.37156E-02 
1.28191E-01 -9.08028E-02 
1.23251E-01 -8.79448E-02 
1.18264E-01 -8.49807E-02 
1.13257E-01 -8.19322E-02 
1.08260E-01 -7.88238E-02 
1.03313E-01 -7.56863E-02 
9.84838E-02 -7.25696E-02 
9.39321E-02 -6.95855E-02 
9.00856E-02 -6.70245E-02 
8.78555E-02 -6.55029E-02 
8.79041E-02 -6.54809E-02 
8.85385E-02 -6.58454E-02 
8.70924E-02 -6.48047E-02 
1.70358E-01 -1.12422E-01 
1.66654E-01 -1.11153E-01 
1.60636E-01 -1.08028E-01 
1.56884E-01 -1.06503E-01 
1.52958E-01 -1.04777E-01 
1.48875E-01 -1.02864E-01 
1.44654E-01 -1.00777E-01 
1.41307E-01 -9.90514E-02 
1.40316E-01 -9.85299E-02 
1.35531E-01 -9.59468E-02 
1.30658E-01 -9.32171E-02 
1.25722E-01 -9.03616E-02 
1.20750E-01 -8.74016E-02 
1.15670E-01 -8.42645E-02 
1.10770E-01 -8.12030E-02 
1.05864E-01 -7.80777E-02 
1.00980E-01 -7.49093E-02 
9.61442E-02 -7.17203E-02 
9.13912E-02 -6.85386E-02 
8.67810E-02 -6.54094E-02 
8.24551E-02 -6.24331E-02 
7.87921E-02 -5.98712E-02 
7.65980E-02 -5.82769E-02 
7.64506E-02 -5.80561E-02 
7.68348E-02 -5.81951E-02 
7.53892E-02 -5.70838E-02 
1.60241E-01 -1.10175E-01 
1.56070E-01 -1.08252E-01 
1.49902E-01 -1.04686E-01 
1.45797E-01 -1.02620E-01 
1.41565E-01 -1.00395E-01 
1.37224E-01 -9.80229E-02 
1.32794E-01 -9.55197E-02 
1.29317E-01 -9.35022E-02 
1.28294E-01 -9.29002E-02 
1.23385E-01 -8.99635E-02 
1.18442E-01 -8.69299E-02 
1.13488E-01 -8.38194E-02 
1.08545E-01 -8.06520E-02 
1.03569E-01 -7.73795E-02 
9.87839E-02 -7.42030E-02 
9.40328E-02 -7.10017E-02 
8.93383E-02 -6.77947E-02 
8.47240E-02 -6.46023E-02 
8.02199E-02 -6.14491E-02 
7.58780E-02 -5.83749E-02 
7.18221E-02 -5.54690E-02 
6.83859E-02 -5.29647E-02 
6.62788E-02 -5.13549E-02 
6.60035E-02 -5.09960E-02 
6.62115E-02 -5.09726E-02 
6.48187E-02 -4.98463E-02 
1.49586E-01 -1.06617E-01 
1.45062E-01 -1.04142E-01 
1.38839E-01 -1.00236E-01 
1.34484E-01 -9.77264E-02 
1.30049E-01 -9.50985E-02 
1.25551E-01 -9.23668E-02 
1.21008E-01 -8.95459E-02 
1.17475E-01 -8.73115E-02 
1.16441E-01 -8.66509E-02 
1.11508E-01 -8.34637E-02 
1.06587E-01 -8.02269E-02 
1.01701E-01 -7.69589E-02 
9.68681E-02 -7.36776E-02 
9.20661E-02 -7.03546E-02 
8.74637E-02 -6.71458E-02 
8.29279E-02 -6.39469E-02 
7.84779E-02 -6.07749E-02 
7.41338E-02 -5.76473E-02 
6.99208E-02 -5.45854E-02 
6.58833E-02 -5.16237E-02 
6.21292E-02 -4.88406E-02 
5.89508E-02 -4.64427E-02 
5.69715E-02 -4.48669E-02 
5.66283E-02 -4.44257E-02 
5.67249E-02 -4.42976E-02 
5.54256E-02 -4.32031E-02 
1.38513E-01 -1.01902E-01 
1.33749E-01 -9.89806E-02 
1.27563E-01 -9.48385E-02 
1.23061E-01 -9.19852E-02 
1.18521E-01 -8.90550E-02 
1.13962E-01 -8.60622E-02 
1.09401E-01 -8.30210E-02 
1.05881E-01 -8.06437E-02 
1.04854E-01 -7.99456E-02 
9.99863E-02 -7.66074E-02 
9.51734E-02 -7.32629E-02 
9.04331E-02 -6.99284E-02 
8.57819E-02 -6.66193E-02 
8.12131E-02 -6.33226E-02 
7.68502E-02 -6.01553E-02 
7.25800E-02 -5.70276E-02 
6.84185E-02 -5.39540E-02 
6.43821E-02 -5.09491E-02 
6.04916E-02 -4.80308E-02 
5.67844E-02 -4.52284E-02 
5.33535E-02 -4.26100E-02 
5.04547E-02 -4.03574E-02 
4.86342E-02 -3.88566E-02 
4.82727E-02 -3.83814E-02 
4.83120E-02 -3.81988E-02 
4.71364E-02 -3.71733E-02 
1.27150E-01 -9.61927E-02 
1.22257E-01 -9.29372E-02 
1.16196E-01 -8.86601E-02 
1.11645E-01 -8.55645E-02 
1.07096E-01 -8.24316E-02 
1.02567E-01 -7.92748E-02 
9.80725E-02 -7.61075E-02 
9.46283E-02 -7.36576E-02 
9.36277E-02 -7.29424E-02 
8.89068E-02 -6.95467E-02 
8.42759E-02 -6.61829E-02 
7.97495E-02 -6.28649E-02 
7.53408E-02 -5.96053E-02 
7.10544E-02 -5.64024E-02 
6.69770E-02 -5.33408E-02 
6.30120E-02 -5.03430E-02 
5.91723E-02 -4.74208E-02 
5.54708E-02 -4.45860E-02 
5.19239E-02 -4.18530E-02 
4.85628E-02 -3.92462E-02 
4.54674E-02 -3.68243E-02 
4.28607E-02 -3.47467E-02 
4.12214E-02 -3.33534E-02 
4.08818E-02 -3.28849E-02 
4.09074E-02 -3.26900E-02 
3.98760E-02 -3.17616E-02 
1.15632E-01 -8.96651E-02 
1.10719E-01 -8.61870E-02 
1.04867E-01 -8.18733E-02 
1.00359E-01 -7.86351E-02 
9.58898E-02 -7.53957E-02 
9.14734E-02 -7.21679E-02 
8.71236E-02 -6.89632E-02 
8.38115E-02 -6.65066E-02 
8.28528E-02 -6.57929E-02 
7.83497E-02 -6.24252E-02 
7.39648E-02 -5.91220E-02 
6.97093E-02 -5.58942E-02 
6.55929E-02 -5.27516E-02 
6.16278E-02 -4.97003E-02 
5.78709E-02 -4.67981E-02 
5.42400E-02 -4.39782E-02 
5.07449E-02 -4.12498E-02 
4.73952E-02 -3.86219E-02 
4.42036E-02 -3.61056E-02 
4.11954E-02 -3.37208E-02 
3.84390E-02 -3.15178E-02 
3.61289E-02 -2.96356E-02 
3.46850E-02 -2.83742E-02 
3.43983E-02 -2.79459E-02 
3.44445E-02 -2.77728E-02 
3.35691E-02 -2.69613E-02 
1.04101E-01 -8.24991E-02 
9.92684E-02 -7.89076E-02 
9.36999E-02 -7.46505E-02 
8.93214E-02 -7.13647E-02 
8.50112E-02 -6.81100E-02 
8.07822E-02 -6.48974E-02 
7.66453E-02 -6.17369E-02 
7.35142E-02 -5.93331E-02 
7.26109E-02 -5.86378E-02 
6.83857E-02 -5.53745E-02 
6.42997E-02 -5.22018E-02 
6.03607E-02 -4.91275E-02 
5.65752E-02 -4.61588E-02 
5.29595E-02 -4.33063E-02 
4.95476E-02 -4.06066E-02 
4.62695E-02 -3.80021E-02 
4.31320E-02 -3.54995E-02 
4.01417E-02 -3.31050E-02 
3.73079E-02 -3.08269E-02 
3.46512E-02 -2.86811E-02 
3.22298E-02 -2.67101E-02 
3.02135E-02 -2.50359E-02 
2.89717E-02 -2.39232E-02 
2.87609E-02 -2.35608E-02 
2.88529E-02 -2.34362E-02 
2.81380E-02 -2.27536E-02 
9.27000E-02 -7.48799E-02 
8.80402E-02 -7.12789E-02 
8.28218E-02 -6.71643E-02 
7.86487E-02 -6.39194E-02 
7.45681E-02 -6.07328E-02 
7.05905E-02 -5.76137E-02 
6.67244E-02 -5.45700E-02 
6.38146E-02 -5.22713E-02 
6.29777E-02 -5.16089E-02 
5.90789E-02 -4.85158E-02 
5.53329E-02 -4.55324E-02 
5.17444E-02 -4.26639E-02 
4.83170E-02 -3.99145E-02 
4.50687E-02 -3.72974E-02 
4.20160E-02 -3.48327E-02 
3.90994E-02 -3.24706E-02 
3.63229E-02 -3.02153E-02 
3.36909E-02 -2.80711E-02 
3.12096E-02 -2.60433E-02 
2.88953E-02 -2.41445E-02 
2.67980E-02 -2.24108E-02 
2.50664E-02 -2.09492E-02 
2.40269E-02 -1.99950E-02 
2.39074E-02 -1.97174E-02 
2.40624E-02 -1.96606E-02 
2.35060E-02 -1.91119E-02 
8.15686E-02 -6.69917E-02 
7.71643E-02 -6.34771E-02 
7.23518E-02 -5.95816E-02 
6.84498E-02 -5.64573E-02 
6.46582E-02 -5.34130E-02 
6.09849E-02 -5.04557E-02 
5.74361E-02 -4.75911E-02 
5.47791E-02 -4.54416E-02 
5.40173E-02 -4.48244E-02 
5.04811E-02 -4.19554E-02 
4.71043E-02 -3.92086E-02 
4.38889E-02 -3.65865E-02 
4.08357E-02 -3.40906E-02 
3.79627E-02 -3.17348E-02 
3.52737E-02 -2.95269E-02 
3.27180E-02 -2.74239E-02 
3.02977E-02 -2.54281E-02 
2.80149E-02 -2.35416E-02 
2.58735E-02 -2.17677E-02 
2.38864E-02 -2.01160E-02 
2.20965E-02 -1.86174E-02 
2.06350E-02 -1.73665E-02 
1.97922E-02 -1.65740E-02 
1.97724E-02 -1.63935E-02 
2.00005E-02 -1.64169E-02 
1.95950E-02 -1.60013E-02 
7.08233E-02 -5.90001E-02 
6.67451E-02 -5.56582E-02 
6.23839E-02 -5.20481E-02 
5.88078E-02 -4.91142E-02 
5.53532E-02 -4.62758E-02 
5.20258E-02 -4.35378E-02 
4.88297E-02 -4.09039E-02 
4.64487E-02 -3.89392E-02 
4.57679E-02 -3.83770E-02 
4.26192E-02 -3.57745E-02 
3.96298E-02 -3.32999E-02 
3.67994E-02 -3.09535E-02 
3.41266E-02 -2.87346E-02 
3.16280E-02 -2.66561E-02 
2.92987E-02 -2.47171E-02 
2.70958E-02 -2.28810E-02 
2.50197E-02 -2.11481E-02 
2.30706E-02 -1.95189E-02 
2.12509E-02 -1.79951E-02 
1.95707E-02 -1.65841E-02 
1.80672E-02 -1.53124E-02 
1.68572E-02 -1.42648E-02 
1.62012E-02 -1.36320E-02 
1.62836E-02 -1.35549E-02 
1.65888E-02 -1.36649E-02 
1.63225E-02 -1.33764E-02 
6.06857E-02 -5.11514E-02 
5.69876E-02 -4.80540E-02 
5.31065E-02 -4.47804E-02 
4.98948E-02 -4.20926E-02 
4.68094E-02 -3.95094E-02 
4.38539E-02 -3.70338E-02 
4.10302E-02 -3.46675E-02 
3.89367E-02 -3.29122E-02 
3.83396E-02 -3.24115E-02 
3.55873E-02 -3.01026E-02 
3.29885E-02 -2.79213E-02 
3.05408E-02 -2.58657E-02 
2.82411E-02 -2.39333E-02 
2.61038E-02 -2.21354E-02 
2.41188E-02 -2.04657E-02 
2.22500E-02 -1.88927E-02 
2.04963E-02 -1.74156E-02 
1.88569E-02 -1.60337E-02 
1.73328E-02 -1.47473E-02 
1.59322E-02 -1.35623E-02 
1.46880E-02 -1.25021E-02 
1.37053E-02 -1.16437E-02 
1.32203E-02 -1.11621E-02 
1.34015E-02 -1.11883E-02 
1.37814E-02 -1.13850E-02 
1.36380E-02 -1.12123E-02 
5.11422E-02 -4.35087E-02 
4.78684E-02 -4.07168E-02 
4.44893E-02 -3.78216E-02 
4.16719E-02 -3.54256E-02 
3.89797E-02 -3.31372E-02 
3.64142E-02 -3.09576E-02 
3.39755E-02 -2.88867E-02 
3.21754E-02 -2.73586E-02 
3.16632E-02 -2.69240E-02 
2.93098E-02 -2.49271E-02 
2.70986E-02 -2.30516E-02 
2.50261E-02 -2.12943E-02 
2.30880E-02 -1.96514E-02 
2.12957E-02 -1.81317E-02 
1.96368E-02 -1.67262E-02 
1.80811E-02 -1.54081E-02 
1.66267E-02 -1.41758E-02 
1.52720E-02 -1.30276E-02 
1.40171E-02 -1.19634E-02 
1.28692E-02 -1.09877E-02 
1.18577E-02 -1.01219E-02 
1.10785E-02 -9.43710E-03 
1.07481E-02 -9.09625E-03 
1.10213E-02 -9.22223E-03 
1.14699E-02 -9.50179E-03 
1.14322E-02 -9.43176E-03 
4.23705E-02 -3.62794E-02 
3.95471E-02 -3.38373E-02 
3.66753E-02 -3.13460E-02 
3.42660E-02 -2.92718E-02 
3.19752E-02 -2.73025E-02 
2.98026E-02 -2.54375E-02 
2.77470E-02 -2.36755E-02 
2.62356E-02 -2.23815E-02 
2.58065E-02 -2.20144E-02 
2.38403E-02 -2.03335E-02 
2.20011E-02 -1.87631E-02 
2.02843E-02 -1.72989E-02 
1.86849E-02 -1.59364E-02 
1.72119E-02 -1.46821E-02 
1.58521E-02 -1.35259E-02 
1.45808E-02 -1.24456E-02 
1.33956E-02 -1.14390E-02 
1.22947E-02 -1.05042E-02 
1.12778E-02 -9.64039E-03 
1.03512E-02 -8.85186E-03 
9.54211E-03 -8.15858E-03 
8.93938E-03 -7.62746E-03 
8.74348E-03 -7.41246E-03 
9.09758E-03 -7.62973E-03 
9.60478E-03 -7.98368E-03 
9.65313E-03 -7.99991E-03 
3.44597E-02 -2.95997E-02 
3.20974E-02 -2.75354E-02 
2.97245E-02 -2.54589E-02 
2.77236E-02 -2.37223E-02 
2.58295E-02 -2.20825E-02 
2.40405E-02 -2.05377E-02 
2.23546E-02 -1.90853E-02 
2.11192E-02 -1.80232E-02 
2.07691E-02 -1.77226E-02 
1.91682E-02 -1.63497E-02 
1.76758E-02 -1.50727E-02 
1.62869E-02 -1.38868E-02 
1.49965E-02 -1.27869E-02 
1.38111E-02 -1.17776E-02 
1.27185E-02 -1.08493E-02 
1.16987E-02 -9.98381E-03 
1.07493E-02 -9.17885E-03 
9.86850E-03 -8.43244E-03 
9.05623E-03 -7.74403E-03 
8.31847E-03 -7.11771E-03 
7.68094E-03 -6.57279E-03 
7.22694E-03 -6.17350E-03 
7.14405E-03 -6.06709E-03 
7.56511E-03 -6.36381E-03 
8.11776E-03 -6.78024E-03 
8.23174E-03 -6.86476E-03 
2.74860E-02 -2.35906E-02 
2.55792E-02 -2.19152E-02 
2.36836E-02 -2.02495E-02 
2.20779E-02 -1.88518E-02 
2.05630E-02 -1.75381E-02 
1.91369E-02 -1.63060E-02 
1.77966E-02 -1.51521E-02 
1.68166E-02 -1.43109E-02 
1.65392E-02 -1.40731E-02 
1.52723E-02 -1.29896E-02 
1.40933E-02 -1.19844E-02 
1.29975E-02 -1.10528E-02 
1.19802E-02 -1.01901E-02 
1.10459E-02 -9.39894E-03 
1.01844E-02 -8.67137E-03 
9.38008E-03 -7.99296E-03 
8.63078E-03 -7.36164E-03 
7.93508E-03 -6.77579E-03 
7.29330E-03 -6.23525E-03 
6.71156E-03 -5.74443E-03 
6.21466E-03 -5.32252E-03 
5.88173E-03 -5.03208E-03 
5.88961E-03 -5.01533E-03 
6.36160E-03 -5.37694E-03 
6.94444E-03 -5.84133E-03 
7.10365E-03 -5.97538E-03 
2.15054E-02 -1.83521E-02 
2.00333E-02 -1.70601E-02 
1.85805E-02 -1.57863E-02 
1.73438E-02 -1.47146E-02 
1.61792E-02 -1.37106E-02 
1.50842E-02 -1.27712E-02 
1.40558E-02 -1.18933E-02 
1.33040E-02 -1.12540E-02 
1.30911E-02 -1.10734E-02 
1.21187E-02 -1.02505E-02 
1.12128E-02 -9.48674E-03 
1.03693E-02 -8.77809E-03 
9.58443E-03 -8.12058E-03 
8.86139E-03 -7.51561E-03 
8.19246E-03 -6.95737E-03 
7.56565E-03 -6.43486E-03 
6.97958E-03 -5.94657E-03 
6.43344E-03 -5.49150E-03 
5.92817E-03 -5.07013E-03 
5.47031E-03 -4.68745E-03 
5.08414E-03 -4.36293E-03 
4.84549E-03 -4.15814E-03 
4.92194E-03 -4.21130E-03 
5.42743E-03 -4.62130E-03 
6.02385E-03 -5.11722E-03 
6.20857E-03 -5.28206E-03 
1.65593E-02 -1.39667E-02 
1.54856E-02 -1.30355E-02 
1.44287E-02 -1.21207E-02 
1.35229E-02 -1.13481E-02 
1.26684E-02 -1.06244E-02 
1.18628E-02 -9.94655E-03 
1.11037E-02 -9.31161E-03 
1.05467E-02 -8.84791E-03 
1.03887E-02 -8.71665E-03 
9.66429E-03 -8.11669E-03 
8.98527E-03 -7.55656E-03 
8.34881E-03 -7.03314E-03 
7.75225E-03 -6.54359E-03 
7.19824E-03 -6.08886E-03 
6.68155E-03 -5.66541E-03 
6.19361E-03 -5.26538E-03 
5.73385E-03 -4.88801E-03 
5.30228E-03 -4.53313E-03 
4.90063E-03 -4.20203E-03 
4.53596E-03 -3.90046E-03 
4.23232E-03 -3.64832E-03 
4.06269E-03 -3.50658E-03 
4.18612E-03 -3.60971E-03 
4.70696E-03 -4.05029E-03 
5.29969E-03 -4.56015E-03 
5.49152E-03 -4.73771E-03 
1.26559E-02 -1.04832E-02 
1.19312E-02 -9.87511E-03 
1.12131E-02 -9.27353E-03 
1.05894E-02 -8.76114E-03 
9.99562E-03 -8.27731E-03 
9.42998E-03 -7.81972E-03 
8.89088E-03 -7.38610E-03 
8.49099E-03 -7.06574E-03 
8.37680E-03 -6.97443E-03 
7.84893E-03 -6.55304E-03 
7.34698E-03 -6.15303E-03 
6.86956E-03 -5.77266E-03 
6.41549E-03 -5.41052E-03 
5.98764E-03 -5.06787E-03 
5.58300E-03 -4.74325E-03 
5.19598E-03 -4.43156E-03 
4.82693E-03 -4.13301E-03 
4.47679E-03 -3.84834E-03 
4.14810E-03 -3.57972E-03 
3.84850E-03 -3.33367E-03 
3.60181E-03 -3.13059E-03 
3.47826E-03 -3.03074E-03 
3.62837E-03 -3.16455E-03 
4.14629E-03 -3.61726E-03 
4.71794E-03 -4.12291E-03 
4.90032E-03 -4.29646E-03 
9.82060E-03 -7.96114E-03 
9.37982E-03 -7.62079E-03 
8.93064E-03 -7.27194E-03 
8.52870E-03 -6.96700E-03 
8.13589E-03 -6.67047E-03 
7.75165E-03 -6.38106E-03 
7.37558E-03 -6.09775E-03 
7.09006E-03 -5.88224E-03 
7.00747E-03 -5.81979E-03 
6.61942E-03 -5.52548E-03 
6.24070E-03 -5.23646E-03 
5.87162E-03 -4.95266E-03 
5.51263E-03 -4.67428E-03 
5.16758E-03 -4.40366E-03 
4.83503E-03 -4.14088E-03 
4.51193E-03 -3.88322E-03 
4.19957E-03 -3.63186E-03 
3.89977E-03 -3.38847E-03 
3.61583E-03 -3.15605E-03 
3.35585E-03 -2.94183E-03 
3.14331E-03 -2.76649E-03 
3.04540E-03 -2.68921E-03 
3.20346E-03 -2.83534E-03 
3.70062E-03 -3.28159E-03 
4.23451E-03 -3.76504E-03 
4.39327E-03 -3.91980E-03 
8.02448E-03 -6.40739E-03 
7.79115E-03 -6.26542E-03 
7.53274E-03 -6.09782E-03 
7.28385E-03 -5.93717E-03 
7.02544E-03 -5.76626E-03 
6.75850E-03 -5.58538E-03 
6.48422E-03 -5.39508E-03 
6.26782E-03 -5.24191E-03 
6.20397E-03 -5.19623E-03 
5.89685E-03 -4.97345E-03 
5.58659E-03 -4.74355E-03 
5.27524E-03 -4.50828E-03 
4.96492E-03 -4.26950E-03 
4.66112E-03 -4.03133E-03 
4.36314E-03 -3.79455E-03 
4.06991E-03 -3.55839E-03 
3.78360E-03 -3.32493E-03 
3.50676E-03 -3.09666E-03 
3.24328E-03 -2.87725E-03 
3.00151E-03 -2.67440E-03 
2.80419E-03 -2.50870E-03 
2.71485E-03 -2.43745E-03 
2.86438E-03 -2.57930E-03 
3.32378E-03 -3.00096E-03 
3.80417E-03 -3.44484E-03 
3.92788E-03 -3.56845E-03 
7.25388E-03 -5.83904E-03 
7.13773E-03 -5.80979E-03 
6.98130E-03 -5.73882E-03 
6.80688E-03 -5.64716E-03 
6.60799E-03 -5.52982E-03 
6.38753E-03 -5.38906E-03 
6.14858E-03 -5.22738E-03 
5.95301E-03 -5.08964E-03 
5.89430E-03 -5.04748E-03 
5.60663E-03 -4.83633E-03 
5.30878E-03 -4.61084E-03 
5.00457E-03 -4.37458E-03 
4.69760E-03 -4.13099E-03 
4.39549E-03 -3.88648E-03 
4.09719E-03 -3.64147E-03 
3.80302E-03 -3.39657E-03 
3.51580E-03 -3.15459E-03 
3.23857E-03 -2.91855E-03 
2.97547E-03 -2.69251E-03 
2.73471E-03 -2.48425E-03 
2.53781E-03 -2.31371E-03 
2.44353E-03 -2.23510E-03 
2.57046E-03 -2.35809E-03 
2.97627E-03 -2.73776E-03 
3.38881E-03 -3.12578E-03 
3.46919E-03 -3.20881E-03 
7.52708E-03 -6.30313E-03 
7.41743E-03 -6.27770E-03 
7.25774E-03 -6.19961E-03 
7.06447E-03 -6.08452E-03 
6.83779E-03 -5.93403E-03 
6.58285E-03 -5.75277E-03 
6.30480E-03 -5.54541E-03 
6.07698E-03 -5.37000E-03 
6.00865E-03 -5.31660E-03 
5.67460E-03 -5.05109E-03 
5.33079E-03 -4.77139E-03 
4.98246E-03 -4.48259E-03 
4.63431E-03 -4.18935E-03 
4.29634E-03 -3.90069E-03 
3.96575E-03 -3.61524E-03 
3.64351E-03 -3.33427E-03 
3.33266E-03 -3.06089E-03 
3.03628E-03 -2.79823E-03 
2.75830E-03 -2.55027E-03 
2.50622E-03 -2.32426E-03 
2.29951E-03 -2.13866E-03 
2.19076E-03 -2.04294E-03 
2.28370E-03 -2.13483E-03 
2.62140E-03 -2.45615E-03 
2.95349E-03 -2.77350E-03 
2.98589E-03 -2.81002E-03 
8.96530E-03 -7.94928E-03 
8.70754E-03 -7.77146E-03 
8.40318E-03 -7.54313E-03 
8.06676E-03 -7.27844E-03 
7.69905E-03 -6.97963E-03 
7.30751E-03 -6.65376E-03 
6.89918E-03 -6.30758E-03 
6.57589E-03 -6.02982E-03 
6.48062E-03 -5.94743E-03 
6.02473E-03 -5.55017E-03 
5.57059E-03 -5.15010E-03 
5.12400E-03 -4.75301E-03 
4.68987E-03 -4.36389E-03 
4.28025E-03 -3.99412E-03 
3.88873E-03 -3.63856E-03 
3.51580E-03 -3.29806E-03 
3.16399E-03 -2.97528E-03 
2.83564E-03 -2.67270E-03 
2.53369E-03 -2.39337E-03 
2.26412E-03 -2.14321E-03 
2.04318E-03 -1.93792E-03 
1.91526E-03 -1.82002E-03 
1.96592E-03 -1.87147E-03 
2.22247E-03 -2.11926E-03 
2.46373E-03 -2.35312E-03 
2.44816E-03 -2.34188E-03 
1.17937E-02 -1.10338E-02 
1.11434E-02 -1.04527E-02 
1.04809E-02 -9.85474E-03 
9.81884E-03 -9.25238E-03 
9.15038E-03 -8.64027E-03 
8.48417E-03 -8.02687E-03 
7.82780E-03 -7.41963E-03 
7.33088E-03 -6.95818E-03 
7.18782E-03 -6.82507E-03 
6.52245E-03 -6.20453E-03 
5.88809E-03 -5.61078E-03 
5.28894E-03 -5.04817E-03 
4.72797E-03 -4.51987E-03 
4.21778E-03 -4.03808E-03 
3.74560E-03 -3.59111E-03 
3.30971E-03 -3.17755E-03 
2.91075E-03 -2.79824E-03 
2.54903E-03 -2.45365E-03 
2.22527E-03 -2.14468E-03 
1.94264E-03 -1.87454E-03 
1.71256E-03 -1.65445E-03 
1.56837E-03 -1.51686E-03 
1.57315E-03 -1.52313E-03 
1.73791E-03 -1.68442E-03 
1.88178E-03 -1.82570E-03 
1.82549E-03 -1.77283E-03 
1.58698E-02 -1.54460E-02 
1.44759E-02 -1.40972E-02 
1.31665E-02 -1.28289E-02 
1.19453E-02 -1.16450E-02 
1.07854E-02 -1.05194E-02 
9.69221E-03 -9.45780E-03 
8.66937E-03 -8.46377E-03 
7.92772E-03 -7.74256E-03 
7.71916E-03 -7.53967E-03 
6.77690E-03 -6.62267E-03 
5.91951E-03 -5.78768E-03 
5.14501E-03 -5.03292E-03 
4.45033E-03 -4.35551E-03 
3.84458E-03 -3.76444E-03 
3.30558E-03 -3.23820E-03 
2.82688E-03 -2.77057E-03 
2.40511E-03 -2.35831E-03 
2.03671E-03 -1.99803E-03 
1.71857E-03 -1.68673E-03 
1.44945E-03 -1.42327E-03 
1.23390E-03 -1.21219E-03 
1.09072E-03 -1.07204E-03 
1.05555E-03 -1.03797E-03 
1.12451E-03 -1.10631E-03 
1.17344E-03 -1.15500E-03 
1.09634E-03 -1.07963E-03 
1.90896E-02 -1.90896E-02 
1.67033E-02 -1.67033E-02 
1.45819E-02 -1.45819E-02 
1.27039E-02 -1.27039E-02 
1.10079E-02 -1.10079E-02 
9.48644E-03 -9.48644E-03 
8.13067E-03 -8.13067E-03 
7.18897E-03 -7.18897E-03 
6.93050E-03 -6.93050E-03 
5.79818E-03 -5.79818E-03 
4.81969E-03 -4.81969E-03 
3.98041E-03 -3.98041E-03 
3.26588E-03 -3.26588E-03 
2.67474E-03 -2.67474E-03 
2.17557E-03 -2.17557E-03 
1.75533E-03 -1.75533E-03 
1.40480E-03 -1.40480E-03 
1.11532E-03 -1.11532E-03 
8.79061E-04 -8.79061E-04 
6.89654E-04 -6.89654E-04 
5.43554E-04 -5.43554E-04 
4.42475E-04 -4.42475E-04 
3.91924E-04 -3.91924E-04 
3.79438E-04 -3.79438E-04 
3.56816E-04 -3.56816E-04 
2.97435E-04 -2.97435E-04 
---
