PdfType: replica
Format: lhagrid1
---
1.00000E-06 1.28121E-06 1.64152E-06 2.10317E-06 2.69463E-06 3.45242E-06 4.42329E-06 5.66715E-06 7.26076E-06 9.30241E-06 1.19180E-05 1.52689E-05 1.95617E-05 2.50609E-05 3.21053E-05 4.11287E-05 5.26863E-05 6.74889E-05 8.64459E-05 1.10720E-04 1.41800E-04 1.81585E-04 2.32503E-04 2.97652E-04 3.80981E-04 4.87518E-04 6.26039E-04 8.00452E-04 1.02297E-03 1.30657E-03 1.66759E-03 2.12729E-03 2.71054E-03 3.44865E-03 4.37927E-03 5.54908E-03 7.01192E-03 8.83064E-03 1.10763E-02 1.38266E-02 1.71641E-02 2.11717E-02 2.59364E-02 3.15062E-02 3.79623E-02 4.53425E-02 5.36750E-02 6.29705E-02 7.32221E-02 8.44039E-02 9.64793E-02 1.09332E-01 1.23067E-01 1.37507E-01 1.52639E-01 1.68416E-01 1.84794E-01 2.01731E-01 2.19016E-01 2.36948E-01 2.55242E-01 2.73927E-01 2.92954E-01 3.12340E-01 3.32036E-01 3.52019E-01 3.72282E-01 3.92772E-01 4.13533E-01 4.34326E-01 4.55495E-01 4.76836E-01 4.98342E-01 5.20006E-01 5.41818E-01 5.63773E-01 5.85861E-01 6.08077E-01 6.30459E-01 6.52800E-01 6.75387E-01 6.98063E-01 7.20830E-01 7.43683E-01 7.66623E-01 7.89636E-01 8.12791E-01 8.35940E-01 8.59175E-01 8.82485E-01 9.05866E-01 9.29311E-01 9.52817E-01 9.76387E-01 1.00000E+00 
1.14018E+00 1.22539E+00 1.32482E+00 1.44156E+00 1.57954E+00 1.74381E+00 1.94091E+00 2.12132E+00 2.17945E+00 2.49622E+00 2.89383E+00 3.39925E+00 4.05063E+00 4.90286E+00 6.03623E+00 7.57063E+00 9.68869E+00 1.26749E+01 1.69835E+01 2.33578E+01 3.30501E+01 4.82334E+01 7.28041E+01 1.13998E+02 1.85779E+02 3.16228E+02 
908 909 
6.19973E+00 7.68168E+01 
7.10487E+00 7.78352E+01 
6.74606E+00 7.61732E+01 
6.60457E+00 7.62719E+01 
6.24032E+00 7.61755E+01 
5.58026E+00 7.58225E+01 
4.53106E+00 7.51450E+01 
3.37934E+00 7.43517E+01 
2.97646E+00 7.40696E+01 
5.69908E-01 7.23745E+01 
-2.80545E+00 7.00241E+01 
-7.40771E+00 6.69138E+01 
-1.35409E+01 6.29387E+01 
-2.38607E+01 5.83166E+01 
-3.67563E+01 5.20711E+01 
-5.26150E+01 4.46887E+01 
-7.19867E+01 3.60556E+01 
-9.55130E+01 2.60564E+01 
-1.23976E+02 1.45567E+01 
-1.58470E+02 1.32730E+00 
-2.01095E+02 -1.42705E+01 
-2.57509E+02 -3.44087E+01 
-3.43158E+02 -6.52794E+01 
-4.82771E+02 -1.15826E+02 
-6.76320E+02 -1.82584E+02 
-8.85273E+02 -2.46968E+02 
1.33001E+01 6.72981E+01 
1.43116E+01 6.79683E+01 
1.40555E+01 6.62752E+01 
1.41053E+01 6.61900E+01 
1.39548E+01 6.59395E+01 
1.35387E+01 6.54718E+01 
1.27740E+01 6.47303E+01 
1.18789E+01 6.39306E+01 
1.15583E+01 6.36548E+01 
9.59913E+00 6.20484E+01 
6.78451E+00 5.98991E+01 
2.89292E+00 5.71252E+01 
-2.33454E+00 5.36461E+01 
-1.10696E+01 4.97923E+01 
-2.20190E+01 4.45461E+01 
-3.54852E+01 3.83944E+01 
-5.19248E+01 3.12543E+01 
-7.18680E+01 2.30438E+01 
-9.59588E+01 1.36672E+01 
-1.25102E+02 2.95134E+00 
-1.61046E+02 -9.61631E+00 
-2.08551E+02 -2.58199E+01 
-2.80640E+02 -5.07539E+01 
-3.98096E+02 -9.16841E+01 
-5.60595E+02 -1.45484E+02 
-7.35323E+02 -1.96677E+02 
1.94254E+01 5.70835E+01 
2.03856E+01 5.75585E+01 
2.00805E+01 5.59821E+01 
2.01720E+01 5.58354E+01 
2.00842E+01 5.55495E+01 
1.97588E+01 5.50806E+01 
1.91225E+01 5.43821E+01 
1.83604E+01 5.36529E+01 
1.80855E+01 5.34047E+01 
1.63940E+01 5.19803E+01 
1.39502E+01 5.01089E+01 
1.05649E+01 4.77272E+01 
6.01856E+00 4.47745E+01 
-1.44859E+00 4.16550E+01 
-1.08181E+01 3.73403E+01 
-2.23194E+01 3.23099E+01 
-3.63301E+01 2.65051E+01 
-5.32868E+01 1.98695E+01 
-7.37182E+01 1.23373E+01 
-9.83690E+01 3.77929E+00 
-1.28695E+02 -6.21482E+00 
-1.68695E+02 -1.91079E+01 
-2.29338E+02 -3.90810E+01 
-3.28070E+02 -7.20125E+01 
-4.64359E+02 -1.15092E+02 
-6.10279E+02 -1.55463E+02 
2.36062E+01 4.75269E+01 
2.44405E+01 4.79045E+01 
2.40352E+01 4.65160E+01 
2.40956E+01 4.63806E+01 
2.39969E+01 4.61279E+01 
2.36869E+01 4.57214E+01 
2.31012E+01 4.51226E+01 
2.24097E+01 4.45022E+01 
2.21615E+01 4.42918E+01 
2.06439E+01 4.30899E+01 
1.84679E+01 4.15217E+01 
1.54724E+01 3.95390E+01 
1.14723E+01 3.70971E+01 
5.05673E+00 3.46425E+01 
-2.99271E+00 3.11616E+01 
-1.28423E+01 2.71196E+01 
-2.48033E+01 2.24764E+01 
-3.92338E+01 1.71955E+01 
-5.65665E+01 1.12336E+01 
-7.74130E+01 4.49613E+00 
-1.02983E+02 -3.34382E+00 
-1.36634E+02 -1.34816E+01 
-1.87600E+02 -2.93352E+01 
-2.70510E+02 -5.56362E+01 
-3.84682E+02 -8.98752E+01 
-5.06365E+02 -1.21411E+02 
2.57255E+01 3.92548E+01 
2.64130E+01 3.95906E+01 
2.59112E+01 3.84113E+01 
2.59166E+01 3.83228E+01 
2.57816E+01 3.81350E+01 
2.54603E+01 3.78178E+01 
2.48960E+01 3.73399E+01 
2.42499E+01 3.68395E+01 
2.40206E+01 3.66693E+01 
2.26352E+01 3.56944E+01 
2.06763E+01 3.44207E+01 
1.80073E+01 3.28125E+01 
1.44727E+01 3.08373E+01 
8.95551E+00 2.89603E+01 
2.03486E+00 2.62021E+01 
-6.40115E+00 2.30078E+01 
-1.66081E+01 1.93519E+01 
-2.88787E+01 1.52128E+01 
-4.35659E+01 1.05644E+01 
-6.11707E+01 5.33916E+00 
-8.26979E+01 -7.21684E-01 
-1.10964E+02 -8.58990E+00 
-1.53741E+02 -2.10458E+01 
-2.23280E+02 -4.18739E+01 
-3.18797E+02 -6.88521E+01 
-4.20095E+02 -9.32166E+01 
2.61029E+01 3.24241E+01 
2.66523E+01 3.27452E+01 
2.60813E+01 3.17687E+01 
2.60339E+01 3.17383E+01 
2.58638E+01 3.16237E+01 
2.55303E+01 3.14000E+01 
2.49837E+01 3.10420E+01 
2.43775E+01 3.06570E+01 
2.41650E+01 3.05247E+01 
2.28976E+01 2.97604E+01 
2.11327E+01 2.87538E+01 
1.87552E+01 2.74788E+01 
1.56348E+01 2.59132E+01 
1.08997E+01 2.45222E+01 
4.95913E+00 2.23748E+01 
-2.25315E+00 1.98922E+01 
-1.09462E+01 1.70598E+01 
-2.13584E+01 1.38671E+01 
-3.37765E+01 1.03010E+01 
-4.86102E+01 6.31508E+00 
-6.66928E+01 1.70624E+00 
-9.03874E+01 -4.31059E+00 
-1.26230E+02 -1.39830E+01 
-1.84471E+02 -3.03157E+01 
-2.64257E+02 -5.13590E+01 
-3.48423E+02 -6.99370E+01 
2.52108E+01 2.69370E+01 
2.56437E+01 2.72534E+01 
2.50360E+01 2.64604E+01 
2.49496E+01 2.64858E+01 
2.47565E+01 2.64395E+01 
2.44207E+01 2.63013E+01 
2.38989E+01 2.60511E+01 
2.33354E+01 2.57683E+01 
2.31401E+01 2.56695E+01 
2.19880E+01 2.50896E+01 
2.04061E+01 2.43146E+01 
1.82976E+01 2.33261E+01 
1.55540E+01 2.21095E+01 
1.15062E+01 2.11176E+01 
6.42282E+00 1.94766E+01 
2.75525E-01 1.75812E+01 
-7.10615E+00 1.54253E+01 
-1.59154E+01 1.30064E+01 
-2.63846E+01 1.03211E+01 
-3.88475E+01 7.33894E+00 
-5.39949E+01 3.90255E+00 
-7.38085E+01 -6.17597E-01 
-1.03781E+02 -8.02531E+00 
-1.52478E+02 -2.06860E+01 
-2.19006E+02 -3.69044E+01 
-2.88788E+02 -5.08442E+01 
2.35121E+01 2.25865E+01 
2.38531E+01 2.28994E+01 
2.32375E+01 2.22664E+01 
2.31285E+01 2.23390E+01 
2.29269E+01 2.23503E+01 
2.26012E+01 2.22843E+01 
2.21135E+01 2.21252E+01 
2.15975E+01 2.19288E+01 
2.14201E+01 2.18583E+01 
2.03835E+01 2.14340E+01 
1.89769E+01 2.08538E+01 
1.71192E+01 2.01056E+01 
1.47205E+01 1.91805E+01 
1.12777E+01 1.85102E+01 
6.94546E+00 1.72826E+01 
1.72573E+00 1.58654E+01 
-4.51978E+00 1.42583E+01 
-1.19471E+01 1.24650E+01 
-2.07434E+01 1.04886E+01 
-3.11804E+01 8.31112E+00 
-4.38296E+01 5.81222E+00 
-6.03518E+01 2.49154E+00 
-8.53592E+01 -3.08649E+00 
-1.25997E+02 -1.27654E+01 
-1.81362E+02 -2.50849E+01 
-2.39081E+02 -3.53335E+01 
2.13869E+01 1.91432E+01 
2.16586E+01 1.94499E+01 
2.10567E+01 1.89544E+01 
2.09395E+01 1.90635E+01 
2.07422E+01 1.91203E+01 
2.04369E+01 1.91121E+01 
1.99911E+01 1.90270E+01 
1.95260E+01 1.89013E+01 
1.93671E+01 1.88539E+01 
1.84451E+01 1.85577E+01 
1.72054E+01 1.81382E+01 
1.55806E+01 1.75881E+01 
1.34968E+01 1.69031E+01 
1.05850E+01 1.64876E+01 
6.90944E+00 1.55936E+01 
2.49586E+00 1.45615E+01 
-2.76749E+00 1.33952E+01 
-9.00593E+00 1.21024E+01 
-1.63697E+01 1.06910E+01 
-2.50791E+01 9.15245E+00 
-3.56065E+01 7.39609E+00 
-4.93423E+01 5.02834E+00 
-7.01548E+01 9.17700E-01 
-1.03995E+02 -6.35560E+00 
-1.49967E+02 -1.55451E+01 
-1.97586E+02 -2.28796E+01 
1.91122E+01 1.63995E+01 
1.93330E+01 1.66963E+01 
1.87595E+01 1.63183E+01 
1.86449E+01 1.64537E+01 
1.84610E+01 1.65444E+01 
1.81834E+01 1.65809E+01 
1.77840E+01 1.65541E+01 
1.73711E+01 1.64850E+01 
1.72306E+01 1.64563E+01 
1.64196E+01 1.62638E+01 
1.53367E+01 1.59750E+01 
1.39262E+01 1.55863E+01 
1.21274E+01 1.50967E+01 
9.67923E+00 1.48803E+01 
6.57550E+00 1.42527E+01 
2.85989E+00 1.35276E+01 
-1.55739E+00 1.27120E+01 
-6.77645E+00 1.18161E+01 
-1.29173E+01 1.08509E+01 
-2.01578E+01 9.81460E+00 
-2.88879E+01 8.64059E+00 
-4.02701E+01 7.02293E+00 
-5.75438E+01 4.07983E+00 
-8.56555E+01 -1.26647E+00 
-1.23737E+02 -7.96163E+00 
-1.62914E+02 -1.30163E+01 
1.68702E+01 1.41857E+01 
1.70542E+01 1.44694E+01 
1.65175E+01 1.41922E+01 
1.64129E+01 1.43450E+01 
1.62481E+01 1.44599E+01 
1.60021E+01 1.45297E+01 
1.56506E+01 1.45480E+01 
1.52890E+01 1.45235E+01 
1.51663E+01 1.45096E+01 
1.44602E+01 1.43999E+01 
1.35222E+01 1.42164E+01 
1.23064E+01 1.39580E+01 
1.07633E+01 1.36260E+01 
8.71751E+00 1.35628E+01 
6.10915E+00 1.31460E+01 
2.99512E+00 1.26637E+01 
-6.96297E-01 1.21244E+01 
-5.04459E+00 1.15402E+01 
-1.01450E+01 1.09237E+01 
-1.61407E+01 1.02781E+01 
-2.33528E+01 9.55586E+00 
-3.27519E+01 8.52251E+00 
-4.70462E+01 6.50018E+00 
-7.03381E+01 2.68525E+00 
-1.01799E+02 -2.03860E+00 
-1.33933E+02 -5.32826E+00 
1.47680E+01 1.23720E+01 
1.49254E+01 1.26403E+01 
1.44297E+01 1.24500E+01 
1.43390E+01 1.26130E+01 
1.41962E+01 1.27442E+01 
1.39828E+01 1.28382E+01 
1.36783E+01 1.28908E+01 
1.33655E+01 1.29010E+01 
1.32595E+01 1.28987E+01 
1.26506E+01 1.28546E+01 
1.18444E+01 1.27550E+01 
1.08036E+01 1.26008E+01 
9.48799E+00 1.23949E+01 
7.78905E+00 1.24476E+01 
5.60762E+00 1.21960E+01 
3.00971E+00 1.19034E+01 
-6.15788E-02 1.15798E+01 
-3.66891E+00 1.12377E+01 
-7.88741E+00 1.08907E+01 
-1.28317E+01 1.05454E+01 
-1.87658E+01 1.01690E+01 
-2.64982E+01 9.58536E+00 
-3.82888E+01 8.28178E+00 
-5.75320E+01 5.67289E+00 
-8.34487E+01 2.49227E+00 
-1.09719E+02 5.52057E-01 
1.28589E+01 1.08631E+01 
1.29965E+01 1.11146E+01 
1.25431E+01 1.09996E+01 
1.24682E+01 1.11674E+01 
1.23479E+01 1.13086E+01 
1.21664E+01 1.14197E+01 
1.19063E+01 1.14978E+01 
1.16387E+01 1.15345E+01 
1.15480E+01 1.15413E+01 
1.10275E+01 1.15485E+01 
1.03398E+01 1.15152E+01 
9.45457E+00 1.14436E+01 
8.33973E+00 1.13375E+01 
6.93812E+00 1.14761E+01 
5.12277E+00 1.13522E+01 
2.96566E+00 1.12065E+01 
4.21998E-01 1.10490E+01 
-2.55721E+00 1.08925E+01 
-6.03078E+00 1.07509E+01 
-1.00901E+01 1.06327E+01 
-1.49514E+01 1.05170E+01 
-2.12871E+01 1.02742E+01 
-3.09785E+01 9.52488E+00 
-4.68268E+01 7.85582E+00 
-6.81086E+01 5.86982E+00 
-8.95082E+01 4.94550E+00 
1.11605E+01 9.59060E+00 
1.12833E+01 9.82482E+00 
1.08717E+01 9.77522E+00 
1.08127E+01 9.94365E+00 
1.07141E+01 1.00901E+01 
1.05626E+01 1.02125E+01 
1.03432E+01 1.03091E+01 
1.01167E+01 1.03659E+01 
1.00398E+01 1.03796E+01 
9.59859E+00 1.04265E+01 
9.01626E+00 1.04449E+01 
8.26837E+00 1.04378E+01 
7.32940E+00 1.04097E+01 
6.18125E+00 1.06099E+01 
4.67835E+00 1.05836E+01 
2.89613E+00 1.05496E+01 
7.99633E-01 1.05182E+01 
-1.64908E+00 1.05017E+01 
-4.49564E+00 1.05137E+01 
-7.81248E+00 1.05639E+01 
-1.17763E+01 1.06406E+01 
-1.69448E+01 1.06512E+01 
-2.48802E+01 1.03228E+01 
-3.78879E+01 9.37689E+00 
-5.53031E+01 8.30313E+00 
-7.26669E+01 8.12874E+00 
9.66960E+00 8.50570E+00 
9.78079E+00 8.72262E+00 
9.40945E+00 8.72966E+00 
9.36562E+00 8.89565E+00 
9.28727E+00 9.04382E+00 
9.16302E+00 9.17295E+00 
8.98044E+00 9.28253E+00 
8.79068E+00 9.35404E+00 
8.72615E+00 9.37282E+00 
8.35528E+00 9.44974E+00 
7.86584E+00 9.50776E+00 
7.23829E+00 9.55038E+00 
6.45254E+00 9.58228E+00 
5.51940E+00 9.82442E+00 
4.28203E+00 9.87110E+00 
2.81738E+00 9.92063E+00 
1.09845E+00 9.98287E+00 
-9.03799E-01 1.00696E+01 
-3.22440E+00 1.01937E+01 
-5.92042E+00 1.03655E+01 
-9.13572E+00 1.05800E+01 
-1.33316E+01 1.07742E+01 
-1.98020E+01 1.07595E+01 
-3.04378E+01 1.03612E+01 
-4.46349E+01 9.97237E+00 
-5.86631E+01 1.03373E+01 
8.37177E+00 7.57304E+00 
8.47351E+00 7.77307E+00 
8.14058E+00 7.82888E+00 
8.11057E+00 7.99017E+00 
8.05043E+00 8.13723E+00 
7.95060E+00 8.26963E+00 
7.80073E+00 8.38759E+00 
7.64352E+00 8.46944E+00 
7.58989E+00 8.49191E+00 
7.28102E+00 8.59086E+00 
6.87294E+00 8.67844E+00 
6.35026E+00 8.75834E+00 
5.69732E+00 8.83519E+00 
4.94572E+00 9.10379E+00 
3.93312E+00 9.20356E+00 
2.73648E+00 9.31372E+00 
1.33521E+00 9.44357E+00 
-2.92598E-01 9.60404E+00 
-2.17352E+00 9.80710E+00 
-4.35218E+00 1.00633E+01 
-6.94527E+00 1.03726E+01 
-1.03333E+01 1.06949E+01 
-1.55844E+01 1.09079E+01 
-2.42446E+01 1.09163E+01 
-3.57696E+01 1.10305E+01 
-4.70486E+01 1.17693E+01 
7.24772E+00 6.76638E+00 
7.34152E+00 6.95016E+00 
7.04498E+00 7.04749E+00 
7.02723E+00 7.20240E+00 
6.98320E+00 7.34620E+00 
6.90491E+00 7.47906E+00 
6.78387E+00 7.60167E+00 
6.65524E+00 7.69024E+00 
6.61118E+00 7.71522E+00 
6.35655E+00 7.82954E+00 
6.01937E+00 7.93830E+00 
5.58763E+00 8.04517E+00 
5.04928E+00 8.15460E+00 
4.45031E+00 8.43725E+00 
3.62721E+00 8.57414E+00 
2.65592E+00 8.72658E+00 
1.52097E+00 8.90319E+00 
2.06088E-01 9.11393E+00 
-1.30856E+00 9.36979E+00 
-3.05757E+00 9.68105E+00 
-5.13522E+00 1.00512E+01 
-7.85423E+00 1.04581E+01 
-1.20936E+01 1.08306E+01 
-1.91126E+01 1.11328E+01 
-2.84246E+01 1.16056E+01 
-3.74446E+01 1.25897E+01 
6.27717E+00 6.06546E+00 
6.36410E+00 6.23376E+00 
6.10194E+00 6.36583E+00 
6.09484E+00 6.51312E+00 
6.06485E+00 6.65201E+00 
6.00538E+00 6.78305E+00 
5.90952E+00 6.90725E+00 
5.80587E+00 6.99955E+00 
5.77015E+00 7.02604E+00 
5.56274E+00 7.15021E+00 
5.28703E+00 7.27318E+00 
4.93380E+00 7.39849E+00 
4.49389E+00 7.53027E+00 
4.02265E+00 7.81721E+00 
3.35874E+00 7.97844E+00 
2.57621E+00 8.15855E+00 
1.66371E+00 8.36536E+00 
6.09400E-01 8.60785E+00 
-6.01240E-01 8.89592E+00 
-1.99476E+00 9.23934E+00 
-3.64696E+00 9.64408E+00 
-5.81393E+00 1.01017E+01 
-9.21626E+00 1.05799E+01 
-1.48754E+01 1.10866E+01 
-2.23601E+01 1.18043E+01 
-2.95298E+01 1.29347E+01 
5.44077E+00 5.45401E+00 
5.52161E+00 5.60764E+00 
5.29191E+00 5.76810E+00 
5.29392E+00 5.90689E+00 
5.27602E+00 6.03958E+00 
5.23286E+00 6.16697E+00 
5.15887E+00 6.29025E+00 
5.07689E+00 6.38378E+00 
5.04841E+00 6.41096E+00 
4.88190E+00 6.54039E+00 
4.65927E+00 6.67181E+00 
4.37350E+00 6.80853E+00 
4.01779E+00 6.95432E+00 
3.65294E+00 7.23795E+00 
3.12218E+00 7.41342E+00 
2.49716E+00 7.60964E+00 
1.76973E+00 7.83365E+00 
9.31552E-01 8.09342E+00 
-2.77448E-02 8.39774E+00 
-1.12829E+00 8.75572E+00 
-2.43071E+00 9.17497E+00 
-4.14383E+00 9.65716E+00 
-6.85599E+00 1.01993E+01 
-1.13919E+01 1.08402E+01 
-1.73723E+01 1.17141E+01 
-2.30316E+01 1.29158E+01 
4.72100E+00 4.91857E+00 
4.79636E+00 5.05836E+00 
4.59728E+00 5.24122E+00 
4.60693E+00 5.37090E+00 
4.59935E+00 5.49639E+00 
4.57020E+00 5.61866E+00 
4.51509E+00 5.73899E+00 
4.45182E+00 5.83172E+00 
4.42959E+00 5.85890E+00 
4.29834E+00 5.98981E+00 
4.12129E+00 6.12497E+00 
3.89322E+00 6.26738E+00 
3.60917E+00 6.42044E+00 
3.33246E+00 6.69497E+00 
2.91258E+00 6.87676E+00 
2.41841E+00 7.08013E+00 
1.84431E+00 7.31126E+00 
1.18464E+00 7.57716E+00 
4.32243E-01 7.88555E+00 
-4.27907E-01 8.24477E+00 
-1.44401E+00 8.66341E+00 
-2.78554E+00 9.15046E+00 
-4.93068E+00 9.72428E+00 
-8.54187E+00 1.04449E+01 
-1.32879E+01 1.14068E+01 
-1.77193E+01 1.26239E+01 
4.10232E+00 4.44768E+00 
4.17268E+00 4.57445E+00 
4.00247E+00 4.77410E+00 
4.01843E+00 4.89427E+00 
4.01953E+00 5.01184E+00 
4.00233E+00 5.12786E+00 
3.96340E+00 5.24359E+00 
3.91620E+00 5.33386E+00 
3.89934E+00 5.36050E+00 
3.79829E+00 5.48984E+00 
3.66018E+00 5.62492E+00 
3.48119E+00 5.76845E+00 
3.25779E+00 5.92341E+00 
3.05365E+00 6.18456E+00 
2.72566E+00 6.36662E+00 
2.33969E+00 6.57024E+00 
1.89202E+00 6.80084E+00 
1.37908E+00 7.06446E+00 
7.96200E-01 7.36781E+00 
1.32356E-01 7.71843E+00 
-6.50484E-01 8.12535E+00 
-1.68916E+00 8.60270E+00 
-3.37027E+00 9.18390E+00 
-6.22287E+00 9.94240E+00 
-9.95989E+00 1.09404E+01 
-1.33971E+01 1.21323E+01 
3.57123E+00 4.03159E+00 
3.63697E+00 4.14616E+00 
3.49391E+00 4.35735E+00 
3.51498E+00 4.46781E+00 
3.52330E+00 4.57697E+00 
3.51619E+00 4.68587E+00 
3.49101E+00 4.79572E+00 
3.45750E+00 4.88224E+00 
3.44521E+00 4.90791E+00 
3.36987E+00 5.03326E+00 
3.26479E+00 5.16526E+00 
3.12727E+00 5.30630E+00 
2.95489E+00 5.45901E+00 
2.81006E+00 5.70376E+00 
2.55779E+00 5.88153E+00 
2.26079E+00 6.08027E+00 
1.91681E+00 6.30463E+00 
1.52385E+00 6.55980E+00 
1.07909E+00 6.85151E+00 
5.74672E-01 7.18647E+00 
-1.91779E-02 7.57380E+00 
-8.12265E-01 8.03099E+00 
-2.11536E+00 8.60156E+00 
-4.34816E+00 9.36650E+00 
-7.26366E+00 1.03621E+01 
-9.89970E+00 1.15003E+01 
3.11590E+00 3.66190E+00 
3.17733E+00 3.76507E+00 
3.05976E+00 3.98295E+00 
3.08484E+00 4.08367E+00 
3.09906E+00 4.18412E+00 
3.10036E+00 4.28530E+00 
3.08676E+00 4.38832E+00 
3.06480E+00 4.47011E+00 
3.05636E+00 4.49446E+00 
3.00273E+00 4.61397E+00 
2.92546E+00 4.74060E+00 
2.82271E+00 4.87644E+00 
2.69292E+00 5.02374E+00 
2.59612E+00 5.25010E+00 
2.40587E+00 5.42030E+00 
2.18158E+00 5.61044E+00 
1.92213E+00 5.82449E+00 
1.62666E+00 6.06682E+00 
1.29377E+00 6.34228E+00 
9.18030E-01 6.65677E+00 
4.76367E-01 7.01920E+00 
-1.18720E-01 7.44907E+00 
-1.11536E+00 7.99608E+00 
-2.84400E+00 8.74428E+00 
-5.09367E+00 9.70953E+00 
-7.08756E+00 1.07748E+01 
2.72604E+00 3.33146E+00 
2.78340E+00 3.42403E+00 
2.68968E+00 3.64413E+00 
2.71779E+00 3.73523E+00 
2.73672E+00 3.82686E+00 
2.74491E+00 3.91994E+00 
2.74092E+00 4.01549E+00 
2.72860E+00 4.09183E+00 
2.72338E+00 4.11464E+00 
2.68787E+00 4.22697E+00 
2.63378E+00 4.34655E+00 
2.55994E+00 4.47518E+00 
2.46539E+00 4.61481E+00 
2.40708E+00 4.82165E+00 
2.26723E+00 4.98200E+00 
2.10195E+00 5.16100E+00 
1.91092E+00 5.36196E+00 
1.69415E+00 5.58851E+00 
1.45123E+00 5.84472E+00 
1.17861E+00 6.13568E+00 
8.58639E-01 6.46993E+00 
4.22145E-01 6.86788E+00 
-3.27457E-01 7.38242E+00 
-1.64802E+00 8.09737E+00 
-3.36076E+00 9.01269E+00 
-4.84303E+00 9.99325E+00 
2.39263E+00 3.03423E+00 
2.44615E+00 3.11697E+00 
2.37461E+00 3.33524E+00 
2.40487E+00 3.41697E+00 
2.42743E+00 3.49983E+00 
2.44115E+00 3.58465E+00 
2.44500E+00 3.67234E+00 
2.44060E+00 3.74279E+00 
2.43804E+00 3.76390E+00 
2.41746E+00 3.86815E+00 
2.38248E+00 3.97954E+00 
2.33239E+00 4.09962E+00 
2.26671E+00 4.23002E+00 
2.23883E+00 4.41693E+00 
2.13960E+00 4.56598E+00 
2.02181E+00 4.73220E+00 
1.88574E+00 4.91832E+00 
1.73197E+00 5.12731E+00 
1.56083E+00 5.36249E+00 
1.37019E+00 5.62826E+00 
1.14673E+00 5.93259E+00 
8.36312E-01 6.29605E+00 
2.84588E-01 6.77240E+00 
-7.07531E-01 7.44283E+00 
-1.98977E+00 8.29530E+00 
-3.06722E+00 9.18495E+00 
2.10778E+00 2.76515E+00 
2.15762E+00 2.83883E+00 
2.10661E+00 3.05164E+00 
2.13823E+00 3.12437E+00 
2.16345E+00 3.19866E+00 
2.18147E+00 3.27524E+00 
2.19157E+00 3.35493E+00 
2.19357E+00 3.41926E+00 
2.19315E+00 3.43857E+00 
2.18470E+00 3.53423E+00 
2.16523E+00 3.63675E+00 
2.13440E+00 3.74745E+00 
2.09209E+00 3.86770E+00 
2.08786E+00 4.03479E+00 
2.02104E+00 4.17175E+00 
1.94112E+00 4.32429E+00 
1.84877E+00 4.49464E+00 
1.74498E+00 4.68516E+00 
1.63057E+00 4.89854E+00 
1.50448E+00 5.13849E+00 
1.35685E+00 5.41237E+00 
1.14577E+00 5.74028E+00 
7.51382E-01 6.17519E+00 
2.19249E-02 6.79399E+00 
-9.17415E-01 7.57583E+00 
-1.67708E+00 8.37260E+00 
1.86106E+00 2.51641E+00 
1.90732E+00 2.58165E+00 
1.87545E+00 2.78566E+00 
1.90774E+00 2.84971E+00 
1.93477E+00 2.91564E+00 
1.95602E+00 2.98406E+00 
1.97102E+00 3.05568E+00 
1.97811E+00 3.11375E+00 
1.97941E+00 3.13122E+00 
1.98073E+00 3.21795E+00 
1.97381E+00 3.31116E+00 
1.95859E+00 3.41194E+00 
1.93515E+00 3.52144E+00 
1.94914E+00 3.66898E+00 
1.90823E+00 3.79336E+00 
1.85858E+00 3.93169E+00 
1.80112E+00 4.08571E+00 
1.73709E+00 4.25725E+00 
1.66763E+00 4.44843E+00 
1.59247E+00 4.66234E+00 
1.50453E+00 4.90565E+00 
1.37197E+00 5.19760E+00 
1.10331E+00 5.58903E+00 
5.85217E-01 6.15143E+00 
-7.93458E-02 6.85767E+00 
-5.88552E-01 7.56129E+00 
1.65395E+00 2.29225E+00 
1.69682E+00 2.34993E+00 
1.68209E+00 2.54249E+00 
1.71440E+00 2.59857E+00 
1.74244E+00 2.65671E+00 
1.76587E+00 2.71744E+00 
1.78443E+00 2.78136E+00 
1.79532E+00 2.83339E+00 
1.79792E+00 2.84908E+00 
1.80667E+00 2.92710E+00 
1.80937E+00 3.01116E+00 
1.80614E+00 3.10215E+00 
1.79724E+00 3.20101E+00 
1.82443E+00 3.33020E+00 
1.80332E+00 3.44231E+00 
1.77679E+00 3.56674E+00 
1.74596E+00 3.70484E+00 
1.71218E+00 3.85799E+00 
1.67678E+00 4.02781E+00 
1.64003E+00 4.21684E+00 
1.59700E+00 4.43109E+00 
1.52383E+00 4.68861E+00 
1.35155E+00 5.03736E+00 
9.96842E-01 5.54280E+00 
5.43751E-01 6.17384E+00 
2.23675E-01 6.78920E+00 
1.47693E+00 2.08584E+00 
1.51655E+00 2.13666E+00 
1.51724E+00 2.31549E+00 
1.54903E+00 2.36422E+00 
1.57740E+00 2.41509E+00 
1.60215E+00 2.46858E+00 
1.62315E+00 2.52518E+00 
1.63679E+00 2.57143E+00 
1.64035E+00 2.58540E+00 
1.65465E+00 2.65501E+00 
1.66464E+00 2.73017E+00 
1.67058E+00 2.81161E+00 
1.67282E+00 2.90009E+00 
1.70934E+00 3.01207E+00 
1.70337E+00 3.11227E+00 
1.69457E+00 3.22322E+00 
1.68411E+00 3.34589E+00 
1.67339E+00 3.48130E+00 
1.66385E+00 3.63063E+00 
1.65610E+00 3.79594E+00 
1.64690E+00 3.98257E+00 
1.61874E+00 4.20724E+00 
1.52074E+00 4.51445E+00 
1.29330E+00 4.96337E+00 
1.00413E+00 5.52065E+00 
8.27465E-01 6.05270E+00 
1.32540E+00 1.89499E+00 
1.36187E+00 1.93964E+00 
1.37624E+00 2.10291E+00 
1.40705E+00 2.14496E+00 
1.43515E+00 2.18918E+00 
1.46046E+00 2.23597E+00 
1.48295E+00 2.28573E+00 
1.49844E+00 2.32656E+00 
1.50266E+00 2.33891E+00 
1.52090E+00 2.40057E+00 
1.53622E+00 2.46727E+00 
1.54894E+00 2.53960E+00 
1.55949E+00 2.61815E+00 
1.60218E+00 2.71420E+00 
1.60756E+00 2.80306E+00 
1.61208E+00 2.90114E+00 
1.61691E+00 3.00912E+00 
1.62345E+00 3.12767E+00 
1.63313E+00 3.25764E+00 
1.64682E+00 3.40066E+00 
1.66253E+00 3.56142E+00 
1.66783E+00 3.75521E+00 
1.62622E+00 4.02279E+00 
1.49665E+00 4.41698E+00 
1.33292E+00 4.90354E+00 
1.26312E+00 5.35823E+00 
1.19531E+00 1.71798E+00 
1.22876E+00 1.75712E+00 
1.25504E+00 1.90349E+00 
1.28448E+00 1.93955E+00 
1.31181E+00 1.97776E+00 
1.33704E+00 2.01846E+00 
1.36020E+00 2.06197E+00 
1.37677E+00 2.09779E+00 
1.38140E+00 2.10865E+00 
1.40223E+00 2.16292E+00 
1.42123E+00 2.22173E+00 
1.43875E+00 2.28553E+00 
1.45529E+00 2.35475E+00 
1.50162E+00 2.43626E+00 
1.51529E+00 2.51444E+00 
1.52957E+00 2.60041E+00 
1.54561E+00 2.69456E+00 
1.56474E+00 2.79731E+00 
1.58834E+00 2.90920E+00 
1.61742E+00 3.03150E+00 
1.65094E+00 3.16832E+00 
1.68047E+00 3.33347E+00 
1.68085E+00 3.56384E+00 
1.62540E+00 3.90605E+00 
1.55611E+00 4.32603E+00 
1.56414E+00 4.70990E+00 
1.08302E+00 1.55323E+00 
1.11357E+00 1.58749E+00 
1.15000E+00 1.71604E+00 
1.17774E+00 1.74684E+00 
1.20388E+00 1.77972E+00 
1.22849E+00 1.81496E+00 
1.25165E+00 1.85283E+00 
1.26866E+00 1.88411E+00 
1.27350E+00 1.89360E+00 
1.29581E+00 1.94112E+00 
1.31714E+00 1.99267E+00 
1.33787E+00 2.04857E+00 
1.35851E+00 2.10913E+00 
1.40647E+00 2.17749E+00 
1.42601E+00 2.24573E+00 
1.44723E+00 2.32037E+00 
1.47123E+00 2.40163E+00 
1.49925E+00 2.48968E+00 
1.53258E+00 2.58484E+00 
1.57228E+00 2.68806E+00 
1.61801E+00 2.80291E+00 
1.66447E+00 2.94176E+00 
1.69536E+00 3.13761E+00 
1.69501E+00 3.43117E+00 
1.69546E+00 3.78935E+00 
1.75854E+00 4.10911E+00 
9.85788E-01 1.40010E+00 
1.01356E+00 1.43007E+00 
1.05833E+00 1.54041E+00 
1.08412E+00 1.56665E+00 
1.10876E+00 1.59489E+00 
1.13231E+00 1.62534E+00 
1.15492E+00 1.65821E+00 
1.17187E+00 1.68543E+00 
1.17675E+00 1.69369E+00 
1.19966E+00 1.73513E+00 
1.22224E+00 1.78008E+00 
1.24490E+00 1.82878E+00 
1.26813E+00 1.88140E+00 
1.31618E+00 1.93802E+00 
1.33966E+00 1.99707E+00 
1.36559E+00 2.06125E+00 
1.39498E+00 2.13060E+00 
1.42896E+00 2.20513E+00 
1.46872E+00 2.28495E+00 
1.51528E+00 2.37080E+00 
1.56883E+00 2.46573E+00 
1.62643E+00 2.58072E+00 
1.67866E+00 2.74499E+00 
1.71812E+00 2.99374E+00 
1.76854E+00 3.29544E+00 
1.86874E+00 3.55798E+00 
9.01041E-01 1.25785E+00 
9.26171E-01 1.28410E+00 
9.77482E-01 1.37629E+00 
1.00117E+00 1.39868E+00 
1.02405E+00 1.42296E+00 
1.04623E+00 1.44926E+00 
1.06788E+00 1.47775E+00 
1.08437E+00 1.50139E+00 
1.08917E+00 1.50857E+00 
1.11198E+00 1.54458E+00 
1.13499E+00 1.58361E+00 
1.15859E+00 1.62577E+00 
1.18326E+00 1.67117E+00 
1.23023E+00 1.71741E+00 
1.25617E+00 1.76801E+00 
1.28509E+00 1.82258E+00 
1.31789E+00 1.88100E+00 
1.35556E+00 1.94317E+00 
1.39916E+00 2.00906E+00 
1.44968E+00 2.07921E+00 
1.50765E+00 2.15623E+00 
1.57193E+00 2.24979E+00 
1.63828E+00 2.38553E+00 
1.70544E+00 2.59354E+00 
1.79027E+00 2.84428E+00 
1.91377E+00 3.05633E+00 
8.26638E-01 1.12606E+00 
8.49279E-01 1.14909E+00 
9.05349E-01 1.22366E+00 
9.26831E-01 1.24286E+00 
9.47810E-01 1.26379E+00 
9.68418E-01 1.28656E+00 
9.88817E-01 1.31127E+00 
1.00458E+00 1.33178E+00 
1.00920E+00 1.33801E+00 
1.03143E+00 1.36922E+00 
1.05426E+00 1.40294E+00 
1.07807E+00 1.43922E+00 
1.10332E+00 1.47806E+00 
1.14836E+00 1.51521E+00 
1.17567E+00 1.55808E+00 
1.20625E+00 1.60385E+00 
1.24093E+00 1.65231E+00 
1.28055E+00 1.70327E+00 
1.32604E+00 1.75659E+00 
1.37831E+00 1.81267E+00 
1.43811E+00 1.87376E+00 
1.50562E+00 1.94828E+00 
1.58050E+00 2.05853E+00 
1.66586E+00 2.22995E+00 
1.77297E+00 2.43528E+00 
1.90925E+00 2.60335E+00 
7.60684E-01 1.00425E+00 
7.81003E-01 1.02453E+00 
8.40103E-01 1.08240E+00 
8.59365E-01 1.09900E+00 
8.78384E-01 1.11715E+00 
8.97301E-01 1.13693E+00 
9.16286E-01 1.15839E+00 
9.31147E-01 1.17617E+00 
9.35538E-01 1.18157E+00 
9.56859E-01 1.20852E+00 
9.79086E-01 1.23750E+00 
1.00260E+00 1.26848E+00 
1.02781E+00 1.30137E+00 
1.07038E+00 1.33062E+00 
1.09822E+00 1.36641E+00 
1.12950E+00 1.40414E+00 
1.16491E+00 1.44355E+00 
1.20518E+00 1.48438E+00 
1.25109E+00 1.52644E+00 
1.30344E+00 1.57002E+00 
1.36313E+00 1.61704E+00 
1.43130E+00 1.67481E+00 
1.51042E+00 1.76252E+00 
1.60664E+00 1.90145E+00 
1.72672E+00 2.06676E+00 
1.86791E+00 2.19694E+00 
7.01706E-01 8.92251E-01 
7.19890E-01 9.10161E-01 
7.80367E-01 9.52636E-01 
7.97469E-01 9.67140E-01 
8.14553E-01 9.83007E-01 
8.31765E-01 1.00026E+00 
8.49279E-01 1.01892E+00 
8.63160E-01 1.03432E+00 
8.67289E-01 1.03899E+00 
8.87522E-01 1.06216E+00 
9.08905E-01 1.08688E+00 
9.31785E-01 1.11305E+00 
9.56545E-01 1.14055E+00 
9.96305E-01 1.16297E+00 
1.02410E+00 1.19229E+00 
1.05536E+00 1.22271E+00 
1.09067E+00 1.25393E+00 
1.13062E+00 1.28568E+00 
1.17586E+00 1.31774E+00 
1.22708E+00 1.35031E+00 
1.28524E+00 1.38505E+00 
1.35215E+00 1.42824E+00 
1.43227E+00 1.49626E+00 
1.53377E+00 1.60670E+00 
1.65976E+00 1.73718E+00 
1.80012E+00 1.83516E+00 
6.48480E-01 7.89874E-01 
6.64737E-01 8.05743E-01 
7.25053E-01 8.34422E-01 
7.40127E-01 8.47247E-01 
7.55381E-01 8.61216E-01 
7.70963E-01 8.76323E-01 
7.87042E-01 8.92546E-01 
7.99944E-01 9.05839E-01 
8.03808E-01 9.09844E-01 
8.22897E-01 9.29629E-01 
8.43319E-01 9.50488E-01 
8.65389E-01 9.72284E-01 
8.89442E-01 9.94851E-01 
9.26240E-01 1.01141E+00 
9.53585E-01 1.03481E+00 
9.84324E-01 1.05859E+00 
1.01892E+00 1.08246E+00 
1.05785E+00 1.10612E+00 
1.10163E+00 1.12936E+00 
1.15084E+00 1.15235E+00 
1.20646E+00 1.17648E+00 
1.27074E+00 1.20716E+00 
1.34949E+00 1.25819E+00 
1.45208E+00 1.34394E+00 
1.57877E+00 1.44450E+00 
1.71425E+00 1.51550E+00 
6.00045E-01 6.96929E-01 
6.14605E-01 7.11007E-01 
6.73375E-01 7.27716E-01 
6.86620E-01 7.39166E-01 
7.00218E-01 7.51526E-01 
7.14315E-01 7.64757E-01 
7.29075E-01 7.78807E-01 
7.41063E-01 7.90196E-01 
7.44676E-01 7.93605E-01 
7.62662E-01 8.10294E-01 
7.82111E-01 8.27610E-01 
8.03298E-01 8.45388E-01 
8.26511E-01 8.63438E-01 
8.60333E-01 8.74967E-01 
8.86961E-01 8.92968E-01 
9.16823E-01 9.10758E-01 
9.50281E-01 9.28049E-01 
9.87696E-01 9.44567E-01 
1.02946E+00 9.60125E-01 
1.07606E+00 9.74856E-01 
1.12845E+00 9.89972E-01 
1.18916E+00 1.01004E+00 
1.26483E+00 1.04663E+00 
1.36546E+00 1.11127E+00 
1.48910E+00 1.18646E+00 
1.61696E+00 1.23520E+00 
5.55683E-01 6.13179E-01 
5.68796E-01 6.25640E-01 
6.24825E-01 6.32338E-01 
6.36491E-01 6.42609E-01 
6.48663E-01 6.53541E-01 
6.61481E-01 6.65071E-01 
6.75096E-01 6.77122E-01 
6.86282E-01 6.86745E-01 
6.89672E-01 6.89601E-01 
7.06663E-01 7.03409E-01 
7.25196E-01 7.17429E-01 
7.45505E-01 7.31484E-01 
7.67825E-01 7.45376E-01 
7.98760E-01 7.52613E-01 
8.24493E-01 7.65699E-01 
8.53238E-01 7.78104E-01 
8.85258E-01 7.89566E-01 
9.20811E-01 7.99847E-01 
9.60182E-01 8.08791E-01 
1.00378E+00 8.16524E-01 
1.05250E+00 8.24089E-01 
1.10902E+00 8.35334E-01 
1.18046E+00 8.59820E-01 
1.27699E+00 9.06657E-01 
1.39499E+00 9.60652E-01 
1.51353E+00 9.91353E-01 
5.14882E-01 5.38278E-01 
5.26809E-01 5.49222E-01 
5.79127E-01 5.47901E-01 
5.89503E-01 5.57083E-01 
6.00516E-01 5.66672E-01 
6.12295E-01 5.76586E-01 
6.24977E-01 5.86731E-01 
6.35499E-01 5.94674E-01 
6.38703E-01 5.97002E-01 
6.54845E-01 6.08079E-01 
6.72562E-01 6.18998E-01 
6.92042E-01 6.29581E-01 
7.13467E-01 6.39639E-01 
7.41667E-01 6.43220E-01 
7.66391E-01 6.51858E-01 
7.93852E-01 6.59466E-01 
8.24229E-01 6.65822E-01 
8.57690E-01 6.70729E-01 
8.94428E-01 6.74073E-01 
9.34767E-01 6.75981E-01 
9.79567E-01 6.77354E-01 
1.03155E+00 6.81402E-01 
1.09803E+00 6.95928E-01 
1.18904E+00 7.27985E-01 
1.29973E+00 7.64541E-01 
1.40804E+00 7.80928E-01 
4.77324E-01 4.71765E-01 
4.88329E-01 4.81229E-01 
5.36211E-01 4.73817E-01 
5.45607E-01 4.81910E-01 
5.55745E-01 4.90159E-01 
5.66740E-01 4.98471E-01 
5.78710E-01 5.06746E-01 
5.88717E-01 5.13051E-01 
5.91775E-01 5.14870E-01 
6.07228E-01 5.23323E-01 
6.24242E-01 5.31303E-01 
6.42957E-01 5.38643E-01 
6.63506E-01 5.45173E-01 
6.89162E-01 5.45649E-01 
7.12794E-01 5.50303E-01 
7.38856E-01 5.53693E-01 
7.67449E-01 5.55642E-01 
7.98667E-01 5.56003E-01 
8.32628E-01 5.54703E-01 
8.69587E-01 5.51877E-01 
9.10353E-01 5.48302E-01 
9.57636E-01 5.46629E-01 
1.01875E+00 5.53128E-01 
1.10338E+00 5.73122E-01 
1.20579E+00 5.95582E-01 
1.30356E+00 6.00880E-01 
4.42784E-01 4.12951E-01 
4.53124E-01 4.20918E-01 
4.96094E-01 4.09190E-01 
5.04815E-01 4.16123E-01 
5.14356E-01 4.22976E-01 
5.24813E-01 4.29652E-01 
5.36284E-01 4.36049E-01 
5.45916E-01 4.40739E-01 
5.48864E-01 4.42059E-01 
5.63775E-01 4.47974E-01 
5.80188E-01 4.53164E-01 
5.98199E-01 4.57482E-01 
6.17890E-01 4.60785E-01 
6.41201E-01 4.58638E-01 
6.63675E-01 4.59769E-01 
6.88247E-01 4.59508E-01 
7.14957E-01 4.57725E-01 
7.43836E-01 4.54323E-01 
7.74943E-01 4.49270E-01 
8.08478E-01 4.42712E-01 
8.45202E-01 4.35312E-01 
8.87771E-01 4.29231E-01 
9.43352E-01 4.29413E-01 
1.02116E+00 4.39737E-01 
1.11484E+00 4.51012E-01 
1.20217E+00 4.47965E-01 
4.11340E-01 3.61343E-01 
4.21252E-01 3.67771E-01 
4.59106E-01 3.53292E-01 
4.67437E-01 3.58960E-01 
4.76634E-01 3.64338E-01 
4.86774E-01 3.69331E-01 
4.97931E-01 3.73844E-01 
5.07306E-01 3.76944E-01 
5.10174E-01 3.77778E-01 
5.24663E-01 3.81257E-01 
5.40553E-01 3.83827E-01 
5.57901E-01 3.85370E-01 
5.76743E-01 3.85773E-01 
5.97909E-01 3.81446E-01 
6.19169E-01 3.79535E-01 
6.42185E-01 3.76199E-01 
6.66949E-01 3.71353E-01 
6.93446E-01 3.64945E-01 
7.21689E-01 3.56981E-01 
7.51837E-01 3.47614E-01 
7.84607E-01 3.37408E-01 
8.22576E-01 3.28093E-01 
8.72673E-01 3.23478E-01 
9.43559E-01 3.26254E-01 
1.02850E+00 3.28892E-01 
1.10583E+00 3.19828E-01 
3.82837E-01 3.15851E-01 
3.92523E-01 3.20681E-01 
4.25260E-01 3.04737E-01 
4.33442E-01 3.09019E-01 
4.42503E-01 3.12834E-01 
4.52499E-01 3.16097E-01 
4.63480E-01 3.18723E-01 
4.72681E-01 3.20266E-01 
4.75490E-01 3.20631E-01 
4.89631E-01 3.21790E-01 
5.05040E-01 3.21925E-01 
5.21732E-01 3.20949E-01 
5.39709E-01 3.18785E-01 
5.58902E-01 3.12671E-01 
5.78883E-01 3.08193E-01 
6.00281E-01 3.02333E-01 
6.23051E-01 2.95050E-01 
6.47142E-01 2.86330E-01 
6.72538E-01 2.76212E-01 
6.99369E-01 2.64851E-01 
7.28311E-01 2.52720E-01 
7.61849E-01 2.41172E-01 
8.06616E-01 2.33044E-01 
8.70683E-01 2.30059E-01 
9.47103E-01 2.26179E-01 
1.01503E+00 2.12984E-01 
3.57323E-01 2.75646E-01 
3.66943E-01 2.78828E-01 
3.94757E-01 2.62430E-01 
4.02974E-01 2.65222E-01 
4.12051E-01 2.67411E-01 
4.22023E-01 2.68926E-01 
4.32915E-01 2.69700E-01 
4.41988E-01 2.69748E-01 
4.44748E-01 2.69666E-01 
4.58571E-01 2.68660E-01 
4.73497E-01 2.66582E-01 
4.89511E-01 2.63378E-01 
5.06584E-01 2.59004E-01 
5.23949E-01 2.51471E-01 
5.42586E-01 2.44905E-01 
5.62313E-01 2.37061E-01 
5.83058E-01 2.27935E-01 
6.04748E-01 2.17548E-01 
6.27349E-01 2.05962E-01 
6.50970E-01 1.93327E-01 
6.76257E-01 1.80035E-01 
7.05590E-01 1.67108E-01 
7.45277E-01 1.56559E-01 
8.02789E-01 1.49330E-01 
8.71094E-01 1.40710E-01 
9.30333E-01 1.24912E-01 
3.34788E-01 2.39825E-01 
3.44452E-01 2.41338E-01 
3.67677E-01 2.25225E-01 
3.76052E-01 2.26462E-01 
3.85236E-01 2.27005E-01 
3.95243E-01 2.26799E-01 
4.06079E-01 2.25796E-01 
4.15031E-01 2.24444E-01 
4.17742E-01 2.23951E-01 
4.31228E-01 2.20976E-01 
4.45634E-01 2.16944E-01 
4.60918E-01 2.11829E-01 
4.77026E-01 2.05618E-01 
4.92680E-01 1.97011E-01 
5.09908E-01 1.88827E-01 
5.27919E-01 1.79514E-01 
5.46623E-01 1.69099E-01 
5.65938E-01 1.57628E-01 
5.85818E-01 1.45178E-01 
6.06365E-01 1.31893E-01 
6.28194E-01 1.18085E-01 
6.53580E-01 1.04489E-01 
6.88490E-01 9.24255E-02 
7.39807E-01 8.22124E-02 
8.00516E-01 7.03081E-02 
8.51830E-01 5.31152E-02 
3.15180E-01 2.07550E-01 
3.24947E-01 2.07410E-01 
3.44014E-01 1.92081E-01 
3.52602E-01 1.91749E-01 
3.61923E-01 1.90678E-01 
3.71970E-01 1.88831E-01 
3.82731E-01 1.86178E-01 
3.91534E-01 1.83556E-01 
3.94185E-01 1.82694E-01 
4.07277E-01 1.77990E-01 
4.21092E-01 1.72293E-01 
4.35570E-01 1.65605E-01 
4.50642E-01 1.57939E-01 
4.64673E-01 1.48584E-01 
4.80431E-01 1.39234E-01 
4.96690E-01 1.28934E-01 
5.13355E-01 1.17733E-01 
5.30337E-01 1.05694E-01 
5.47592E-01 9.29035E-02 
5.65216E-01 7.94926E-02 
5.83802E-01 6.57001E-02 
6.05518E-01 5.20140E-02 
6.35986E-01 3.91731E-02 
6.81523E-01 2.70071E-02 
7.35207E-01 1.29951E-02 
7.79365E-01 -4.66114E-03 
2.98396E-01 1.78084E-01 
3.08272E-01 1.76353E-01 
3.23660E-01 1.62107E-01 
3.32459E-01 1.60254E-01 
3.41889E-01 1.57658E-01 
3.51931E-01 1.54301E-01 
3.62555E-01 1.50170E-01 
3.71153E-01 1.46440E-01 
3.73726E-01 1.45262E-01 
3.86335E-01 1.39101E-01 
3.99467E-01 1.32053E-01 
4.13050E-01 1.24142E-01 
4.27005E-01 1.15402E-01 
4.39479E-01 1.05605E-01 
4.53715E-01 9.55130E-02 
4.68202E-01 8.46659E-02 
4.82843E-01 7.31255E-02 
4.97556E-01 6.09658E-02 
5.12296E-01 4.82755E-02 
5.27165E-01 3.51696E-02 
5.42735E-01 2.18190E-02 
5.61065E-01 8.49927E-03 
5.87438E-01 -4.53187E-03 
6.27633E-01 -1.78205E-02 
6.74881E-01 -3.30050E-02 
7.12628E-01 -5.04232E-02 
2.84271E-01 1.50826E-01 
2.94218E-01 1.47615E-01 
3.06418E-01 1.34600E-01 
3.15372E-01 1.31329E-01 
3.24841E-01 1.27351E-01 
3.34792E-01 1.22662E-01 
3.45185E-01 1.17268E-01 
3.53501E-01 1.12617E-01 
3.55974E-01 1.11180E-01 
3.67991E-01 1.03860E-01 
3.80335E-01 9.57868E-02 
3.92930E-01 8.70025E-02 
4.05691E-01 7.75562E-02 
4.16658E-01 6.75992E-02 
4.29333E-01 5.71548E-02 
4.42043E-01 4.61508E-02 
4.54697E-01 3.46578E-02 
4.67218E-01 2.27537E-02 
4.79572E-01 1.05242E-02 
4.91864E-01 -1.93475E-03 
5.04649E-01 -1.45140E-02 
5.19880E-01 -2.71187E-02 
5.42507E-01 -3.98840E-02 
5.77805E-01 -5.36380E-02 
6.19199E-01 -6.92650E-02 
6.51242E-01 -8.59342E-02 
2.72578E-01 1.25306E-01 
2.82521E-01 1.20769E-01 
2.92005E-01 1.09023E-01 
3.01017E-01 1.04492E-01 
3.10419E-01 9.93186E-02 
3.20166E-01 9.35148E-02 
3.30213E-01 8.70992E-02 
3.38158E-01 8.17309E-02 
3.40505E-01 8.00968E-02 
3.51812E-01 7.19246E-02 
3.63263E-01 6.31524E-02 
3.74779E-01 5.38331E-02 
3.86278E-01 4.40258E-02 
3.95780E-01 3.41651E-02 
4.06873E-01 2.37123E-02 
4.17820E-01 1.28885E-02 
4.28539E-01 1.76694E-03 
4.38964E-01 -9.57539E-03 
4.49072E-01 -2.10603E-02 
4.58974E-01 -3.26122E-02 
4.69206E-01 -4.41776E-02 
4.81621E-01 -5.58132E-02 
5.00843E-01 -6.79701E-02 
5.31678E-01 -8.16800E-02 
5.67777E-01 -9.71912E-02 
5.94772E-01 -1.12756E-01 
2.63088E-01 1.01316E-01 
2.72923E-01 9.56481E-02 
2.80133E-01 8.51353E-02 
2.89080E-01 7.95451E-02 
2.98287E-01 7.34008E-02 
3.07705E-01 6.67264E-02 
3.17282E-01 5.95512E-02 
3.24767E-01 5.36774E-02 
3.26963E-01 5.19098E-02 
3.37450E-01 4.31939E-02 
3.47914E-01 3.40371E-02 
3.58278E-01 2.44992E-02 
3.68467E-01 1.46441E-02 
3.76549E-01 5.10355E-03 
3.86067E-01 -5.06395E-03 
3.95294E-01 -1.54295E-02 
4.04158E-01 -2.59213E-02 
4.12607E-01 -3.64676E-02 
4.20629E-01 -4.70003E-02 
4.28343E-01 -5.74648E-02 
4.36267E-01 -6.78567E-02 
4.46153E-01 -7.83567E-02 
4.62314E-01 -8.96634E-02 
4.89120E-01 -1.02947E-01 
5.20475E-01 -1.17931E-01 
5.43045E-01 -1.32166E-01 
2.55380E-01 7.83587E-02 
2.64985E-01 7.17689E-02 
2.70285E-01 6.24288E-02 
2.79025E-01 5.59964E-02 
2.87898E-01 4.91145E-02 
2.96852E-01 4.18162E-02 
3.05832E-01 3.41383E-02 
3.12764E-01 2.79631E-02 
3.14784E-01 2.61221E-02 
3.24338E-01 1.71512E-02 
3.33722E-01 7.89849E-03 
3.42865E-01 -1.57375E-03 
3.51700E-01 -1.12012E-02 
3.58391E-01 -2.02257E-02 
3.66342E-01 -2.98607E-02 
3.73889E-01 -3.95391E-02 
3.80973E-01 -4.91941E-02 
3.87554E-01 -5.87621E-02 
3.93635E-01 -6.81871E-02 
3.99338E-01 -7.74350E-02 
4.05167E-01 -8.65441E-02 
4.12772E-01 -9.57962E-02 
4.26162E-01 -1.06080E-01 
4.49304E-01 -1.18654E-01 
4.76373E-01 -1.32806E-01 
4.95034E-01 -1.45570E-01 
2.49210E-01 5.65467E-02 
2.58455E-01 4.92697E-02 
2.62170E-01 4.10162E-02 
2.70560E-01 3.39820E-02 
2.78963E-01 2.66112E-02 
2.87324E-01 1.89428E-02 
2.95593E-01 1.10183E-02 
3.01893E-01 4.73934E-03 
3.03715E-01 2.88256E-03 
3.12249E-01 -6.07297E-03 
3.20489E-01 -1.51598E-02 
3.28372E-01 -2.43169E-02 
3.35840E-01 -3.34832E-02 
3.41189E-01 -4.18335E-02 
3.47616E-01 -5.07423E-02 
3.53556E-01 -5.95628E-02 
3.58965E-01 -6.82359E-02 
3.63816E-01 -7.67075E-02 
3.68123E-01 -8.49345E-02 
3.72015E-01 -9.29024E-02 
3.75976E-01 -1.00686E-01 
3.81557E-01 -1.08645E-01 
3.92480E-01 -1.17808E-01 
4.12332E-01 -1.29476E-01 
4.35578E-01 -1.42594E-01 
4.50835E-01 -1.53833E-01 
2.44223E-01 3.57823E-02 
2.52977E-01 2.80552E-02 
2.55370E-01 2.08061E-02 
2.63271E-01 1.34102E-02 
2.71072E-01 5.79281E-03 
2.78725E-01 -2.00402E-03 
2.86180E-01 -9.93678E-03 
2.91782E-01 -1.61394E-02 
2.93389E-01 -1.79601E-02 
3.00832E-01 -2.66601E-02 
3.07880E-01 -3.53543E-02 
3.14481E-01 -4.39861E-02 
3.20587E-01 -5.25001E-02 
3.24645E-01 -6.00507E-02 
3.29605E-01 -6.80864E-02 
3.34023E-01 -7.59258E-02 
3.37869E-01 -8.35189E-02 
3.41129E-01 -9.08224E-02 
3.43828E-01 -9.78064E-02 
3.46098E-01 -1.04474E-01 
3.48405E-01 -1.10929E-01 
3.52202E-01 -1.17592E-01 
3.60930E-01 -1.25586E-01 
3.77832E-01 -1.36221E-01 
3.97668E-01 -1.48177E-01 
4.09964E-01 -1.57890E-01 
2.40098E-01 1.60914E-02 
2.48237E-01 8.14768E-03 
2.49519E-01 1.82969E-03 
2.56801E-01 -5.69506E-03 
2.63886E-01 -1.33297E-02 
2.70730E-01 -2.10313E-02 
2.77287E-01 -2.87569E-02 
2.82138E-01 -3.47234E-02 
2.83517E-01 -3.64628E-02 
2.89821E-01 -4.47003E-02 
2.95652E-01 -5.28124E-02 
3.00970E-01 -6.07486E-02 
3.05741E-01 -6.84612E-02 
3.08568E-01 -7.51198E-02 
3.12132E-01 -8.21796E-02 
3.15126E-01 -8.89589E-02 
3.17531E-01 -9.54176E-02 
3.19344E-01 -1.01523E-01 
3.20600E-01 -1.07259E-01 
3.21435E-01 -1.12643E-01 
3.22293E-01 -1.17803E-01 
3.24530E-01 -1.23202E-01 
3.31321E-01 -1.30022E-01 
3.45586E-01 -1.39552E-01 
3.62390E-01 -1.50275E-01 
3.72122E-01 -1.58506E-01 
2.36534E-01 -2.45957E-03 
2.43944E-01 -1.03975E-02 
2.44281E-01 -1.58447E-02 
2.50832E-01 -2.32811E-02 
2.57104E-01 -3.07234E-02 
2.63057E-01 -3.81298E-02 
2.68655E-01 -4.54600E-02 
2.72719E-01 -5.10540E-02 
2.73861E-01 -5.26739E-02 
2.78999E-01 -6.02777E-02 
2.83612E-01 -6.76557E-02 
2.87668E-01 -7.47654E-02 
2.91145E-01 -8.15678E-02 
2.92811E-01 -8.72734E-02 
2.95067E-01 -9.32945E-02 
2.96744E-01 -9.89737E-02 
2.97836E-01 -1.04281E-01 
2.98349E-01 -1.09195E-01 
2.98329E-01 -1.13710E-01 
2.97909E-01 -1.17858E-01 
2.97512E-01 -1.21784E-01 
2.98401E-01 -1.25979E-01 
3.03494E-01 -1.31650E-01 
3.15412E-01 -1.40047E-01 
3.29529E-01 -1.49517E-01 
3.37055E-01 -1.56341E-01 
2.33254E-01 -1.97788E-02 
2.39839E-01 -2.75060E-02 
2.39359E-01 -3.21293E-02 
2.45086E-01 -3.92816E-02 
2.50469E-01 -4.63465E-02 
2.55474E-01 -5.32856E-02 
2.60070E-01 -6.00623E-02 
2.63329E-01 -6.51720E-02 
2.64230E-01 -6.66415E-02 
2.68201E-01 -7.34765E-02 
2.71612E-01 -8.00058E-02 
2.74446E-01 -8.61957E-02 
2.76691E-01 -9.20164E-02 
2.77274E-01 -9.67373E-02 
2.78319E-01 -1.01692E-01 
2.78796E-01 -1.06266E-01 
2.78708E-01 -1.10436E-01 
2.78071E-01 -1.14194E-01 
2.76935E-01 -1.17542E-01 
2.75435E-01 -1.20524E-01 
2.73968E-01 -1.23299E-01 
2.73706E-01 -1.26370E-01 
2.77322E-01 -1.30944E-01 
2.87162E-01 -1.38216E-01 
2.98909E-01 -1.46448E-01 
3.04549E-01 -1.51963E-01 
2.30046E-01 -3.56156E-02 
2.35736E-01 -4.29536E-02 
2.34544E-01 -4.67958E-02 
2.39387E-01 -5.34990E-02 
2.43836E-01 -6.00356E-02 
2.47866E-01 -6.63713E-02 
2.51452E-01 -7.24748E-02 
2.53910E-01 -7.70193E-02 
2.54575E-01 -7.83167E-02 
2.57406E-01 -8.42920E-02 
2.59666E-01 -8.99029E-02 
2.61346E-01 -9.51245E-02 
2.62445E-01 -9.99362E-02 
2.62040E-01 -1.03677E-01 
2.61992E-01 -1.07579E-01 
2.61401E-01 -1.11079E-01 
2.60278E-01 -1.14165E-01 
2.58647E-01 -1.16835E-01 
2.56563E-01 -1.19101E-01 
2.54157E-01 -1.21016E-01 
2.51804E-01 -1.22746E-01 
2.50584E-01 -1.24797E-01 
2.52939E-01 -1.28356E-01 
2.60965E-01 -1.34548E-01 
2.70650E-01 -1.41598E-01 
2.74707E-01 -1.45927E-01 
2.26634E-01 -5.01765E-02 
2.31364E-01 -5.69646E-02 
2.29529E-01 -6.00447E-02 
2.33432E-01 -6.61533E-02 
2.36910E-01 -7.20297E-02 
2.39941E-01 -7.76450E-02 
2.42510E-01 -8.29737E-02 
2.44173E-01 -8.68853E-02 
2.44604E-01 -8.79926E-02 
2.46322E-01 -9.30343E-02 
2.47475E-01 -9.76720E-02 
2.48062E-01 -1.01890E-01 
2.48091E-01 -1.05676E-01 
2.46782E-01 -1.08444E-01 
2.45744E-01 -1.11314E-01 
2.44200E-01 -1.13776E-01 
2.42168E-01 -1.15829E-01 
2.39679E-01 -1.17477E-01 
2.36788E-01 -1.18740E-01 
2.33625E-01 -1.19678E-01 
2.30538E-01 -1.20461E-01 
2.28521E-01 -1.21586E-01 
2.29793E-01 -1.24203E-01 
2.36217E-01 -1.29360E-01 
2.44083E-01 -1.35282E-01 
2.46799E-01 -1.38535E-01 
2.22890E-01 -6.31524E-02 
2.26628E-01 -6.92639E-02 
2.24214E-01 -7.16065E-02 
2.27159E-01 -7.70115E-02 
2.29660E-01 -8.21342E-02 
2.31704E-01 -8.69517E-02 
2.33283E-01 -9.14443E-02 
2.34181E-01 -9.46869E-02 
2.34390E-01 -9.55954E-02 
2.35056E-01 -9.96734E-02 
2.35177E-01 -1.03326E-01 
2.34761E-01 -1.06547E-01 
2.33821E-01 -1.09331E-01 
2.31711E-01 -1.11170E-01 
2.29805E-01 -1.13062E-01 
2.27439E-01 -1.14557E-01 
2.24637E-01 -1.15659E-01 
2.21433E-01 -1.16379E-01 
2.17884E-01 -1.16745E-01 
2.14116E-01 -1.16819E-01 
2.10450E-01 -1.16771E-01 
2.07796E-01 -1.17085E-01 
2.08163E-01 -1.18857E-01 
2.13202E-01 -1.23055E-01 
2.19501E-01 -1.27935E-01 
2.21111E-01 -1.30242E-01 
2.18661E-01 -7.45257E-02 
2.21394E-01 -7.98608E-02 
2.18452E-01 -8.14857E-02 
2.20437E-01 -8.61060E-02 
2.21976E-01 -9.04092E-02 
2.23061E-01 -9.43781E-02 
2.23690E-01 -9.79994E-02 
2.23865E-01 -1.00556E-01 
2.23865E-01 -1.01263E-01 
2.23549E-01 -1.04372E-01 
2.22722E-01 -1.07052E-01 
2.21398E-01 -1.09302E-01 
2.19597E-01 -1.11127E-01 
2.16787E-01 -1.12093E-01 
2.14134E-01 -1.13076E-01 
2.11073E-01 -1.13683E-01 
2.07632E-01 -1.13925E-01 
2.03848E-01 -1.13819E-01 
1.99779E-01 -1.13395E-01 
1.95543E-01 -1.12718E-01 
1.91438E-01 -1.11955E-01 
1.88290E-01 -1.11569E-01 
1.87912E-01 -1.12595E-01 
1.91761E-01 -1.15916E-01 
1.96714E-01 -1.19846E-01 
1.97423E-01 -1.21334E-01 
2.13845E-01 -8.42364E-02 
2.15581E-01 -8.87247E-02 
2.12156E-01 -8.96534E-02 
2.13203E-01 -9.34375E-02 
2.13813E-01 -9.68842E-02 
2.13985E-01 -9.99821E-02 
2.13723E-01 -1.02724E-01 
2.13225E-01 -1.04598E-01 
2.13032E-01 -1.05104E-01 
2.11820E-01 -1.07266E-01 
2.10140E-01 -1.09008E-01 
2.08012E-01 -1.10338E-01 
2.05459E-01 -1.11264E-01 
2.02055E-01 -1.11427E-01 
1.98774E-01 -1.11583E-01 
1.95143E-01 -1.11395E-01 
1.91190E-01 -1.10876E-01 
1.86955E-01 -1.10049E-01 
1.82494E-01 -1.08946E-01 
1.77918E-01 -1.07633E-01 
1.73501E-01 -1.06270E-01 
1.69989E-01 -1.05297E-01 
1.69011E-01 -1.05677E-01 
1.71851E-01 -1.08212E-01 
1.75659E-01 -1.11292E-01 
1.75652E-01 -1.12085E-01 
2.08355E-01 -9.22776E-02 
2.09119E-01 -9.58744E-02 
2.05254E-01 -9.61302E-02 
2.05401E-01 -9.90517E-02 
2.05131E-01 -1.01629E-01 
2.04448E-01 -1.03856E-01 
2.03362E-01 -1.05731E-01 
2.02252E-01 -1.06940E-01 
2.01884E-01 -1.07254E-01 
1.99868E-01 -1.08507E-01 
1.97435E-01 -1.09364E-01 
1.94608E-01 -1.09837E-01 
1.91416E-01 -1.09939E-01 
1.87521E-01 -1.09377E-01 
1.83731E-01 -1.08796E-01 
1.79648E-01 -1.07908E-01 
1.75303E-01 -1.06732E-01 
1.70736E-01 -1.05290E-01 
1.66001E-01 -1.03618E-01 
1.61201E-01 -1.01779E-01 
1.56585E-01 -9.99284E-02 
1.52826E-01 -9.84742E-02 
1.51379E-01 -9.83077E-02 
1.53370E-01 -1.00148E-01 
1.56216E-01 -1.02477E-01 
1.55650E-01 -1.02693E-01 
2.02151E-01 -9.86302E-02 
2.01987E-01 -1.01318E-01 
1.97728E-01 -1.00931E-01 
1.97029E-01 -1.02989E-01 
1.95942E-01 -1.04708E-01 
1.94478E-01 -1.06088E-01 
1.92650E-01 -1.07131E-01 
1.90994E-01 -1.07709E-01 
1.90471E-01 -1.07841E-01 
1.87751E-01 -1.08245E-01 
1.84670E-01 -1.08286E-01 
1.81256E-01 -1.07979E-01 
1.77536E-01 -1.07343E-01 
1.73254E-01 -1.06143E-01 
1.69068E-01 -1.04922E-01 
1.64647E-01 -1.03436E-01 
1.60024E-01 -1.01705E-01 
1.55236E-01 -9.97561E-02 
1.50335E-01 -9.76232E-02 
1.45416E-01 -9.53684E-02 
1.40704E-01 -9.31353E-02 
1.36801E-01 -9.13026E-02 
1.35003E-01 -9.06854E-02 
1.36293E-01 -9.19243E-02 
1.38342E-01 -9.36056E-02 
1.37358E-01 -9.33555E-02 
1.95216E-01 -1.03312E-01 
1.94186E-01 -1.05098E-01 
1.89579E-01 -1.04103E-01 
1.88102E-01 -1.05321E-01 
1.86276E-01 -1.06215E-01 
1.84113E-01 -1.06789E-01 
1.81630E-01 -1.07051E-01 
1.79500E-01 -1.07045E-01 
1.78845E-01 -1.07010E-01 
1.75526E-01 -1.06638E-01 
1.71906E-01 -1.05944E-01 
1.68013E-01 -1.04945E-01 
1.63878E-01 -1.03663E-01 
1.59309E-01 -1.01917E-01 
1.54836E-01 -1.00155E-01 
1.50184E-01 -9.81730E-02 
1.45387E-01 -9.59928E-02 
1.40479E-01 -9.36405E-02 
1.35511E-01 -9.11505E-02 
1.30566E-01 -8.85814E-02 
1.25847E-01 -8.60659E-02 
1.21892E-01 -8.39505E-02 
1.19848E-01 -8.29744E-02 
1.20570E-01 -8.37045E-02 
1.21969E-01 -8.48364E-02 
1.20690E-01 -8.42238E-02 
1.87554E-01 -1.06366E-01 
1.85730E-01 -1.07278E-01 
1.80826E-01 -1.05720E-01 
1.78651E-01 -1.06137E-01 
1.76170E-01 -1.06255E-01 
1.73399E-01 -1.06083E-01 
1.70355E-01 -1.05630E-01 
1.67827E-01 -1.05094E-01 
1.67060E-01 -1.04908E-01 
1.63249E-01 -1.03844E-01 
1.59199E-01 -1.02504E-01 
1.54937E-01 -1.00908E-01 
1.50494E-01 -9.90775E-02 
1.45734E-01 -9.68784E-02 
1.41075E-01 -9.46752E-02 
1.36292E-01 -9.22976E-02 
1.31417E-01 -8.97681E-02 
1.26481E-01 -8.71121E-02 
1.21531E-01 -8.43628E-02 
1.16643E-01 -8.15744E-02 
1.11996E-01 -7.88683E-02 
1.08067E-01 -7.65581E-02 
1.05868E-01 -7.53087E-02 
1.06143E-01 -7.56185E-02 
1.07025E-01 -7.62960E-02 
1.05553E-01 -7.54146E-02 
1.79208E-01 -1.07850E-01 
1.76677E-01 -1.07937E-01 
1.71530E-01 -1.05867E-01 
1.68747E-01 -1.05543E-01 
1.65705E-01 -1.04952E-01 
1.62421E-01 -1.04105E-01 
1.58916E-01 -1.03014E-01 
1.56065E-01 -1.02012E-01 
1.55210E-01 -1.01694E-01 
1.51016E-01 -1.00032E-01 
1.46641E-01 -9.81415E-02 
1.42116E-01 -9.60458E-02 
1.37469E-01 -9.37670E-02 
1.32607E-01 -9.12091E-02 
1.27858E-01 -8.86629E-02 
1.23035E-01 -8.59873E-02 
1.18168E-01 -8.32044E-02 
1.13286E-01 -8.03385E-02 
1.08430E-01 -7.74205E-02 
1.03668E-01 -7.45000E-02 
9.91595E-02 -7.16864E-02 
9.53235E-02 -6.92612E-02 
9.30511E-02 -6.78176E-02 
9.29850E-02 -6.77917E-02 
9.34659E-02 -6.81049E-02 
9.18922E-02 -6.70389E-02 
1.70205E-01 -1.07850E-01 
1.67059E-01 -1.07176E-01 
1.61727E-01 -1.04651E-01 
1.58430E-01 -1.03656E-01 
1.54923E-01 -1.02431E-01 
1.51225E-01 -1.00989E-01 
1.47357E-01 -9.93448E-02 
1.44260E-01 -9.79434E-02 
1.43339E-01 -9.75135E-02 
1.38865E-01 -9.53484E-02 
1.34271E-01 -9.30064E-02 
1.29582E-01 -9.05095E-02 
1.24826E-01 -8.78797E-02 
1.19948E-01 -8.50538E-02 
1.15194E-01 -8.22581E-02 
1.10413E-01 -7.93762E-02 
1.05629E-01 -7.64288E-02 
1.00872E-01 -7.34389E-02 
9.61759E-02 -7.04342E-02 
9.16006E-02 -6.74593E-02 
8.72854E-02 -6.46118E-02 
8.35988E-02 -6.21421E-02 
8.13209E-02 -6.05755E-02 
8.10070E-02 -6.02917E-02 
8.11890E-02 -6.03227E-02 
7.95865E-02 -5.91459E-02 
1.60715E-01 -1.06480E-01 
1.57058E-01 -1.05129E-01 
1.51605E-01 -1.02218E-01 
1.47897E-01 -1.00639E-01 
1.44027E-01 -9.88701E-02 
1.40017E-01 -9.69264E-02 
1.35886E-01 -9.48229E-02 
1.32620E-01 -9.30958E-02 
1.31655E-01 -9.25756E-02 
1.27005E-01 -9.00102E-02 
1.22288E-01 -8.73180E-02 
1.17531E-01 -8.45200E-02 
1.12756E-01 -8.16370E-02 
1.07937E-01 -7.86319E-02 
1.03255E-01 -7.56765E-02 
9.85855E-02 -7.26745E-02 
9.39514E-02 -6.96451E-02 
8.93770E-02 -6.66090E-02 
8.48928E-02 -6.35908E-02 
8.05505E-02 -6.06299E-02 
7.64712E-02 -5.78123E-02 
7.29775E-02 -5.53592E-02 
7.07509E-02 -5.37332E-02 
7.02720E-02 -5.32646E-02 
7.02455E-02 -5.30905E-02 
6.86742E-02 -5.18669E-02 
1.50657E-01 -1.03835E-01 
1.46590E-01 -1.01889E-01 
1.41079E-01 -9.86584E-02 
1.37056E-01 -9.65802E-02 
1.32920E-01 -9.43550E-02 
1.28692E-01 -9.19978E-02 
1.24392E-01 -8.95239E-02 
1.21027E-01 -8.75399E-02 
1.20039E-01 -8.69495E-02 
1.15307E-01 -8.40791E-02 
1.10560E-01 -8.11304E-02 
1.05819E-01 -7.81227E-02 
1.01105E-01 -7.50750E-02 
9.64139E-02 -7.19711E-02 
9.18724E-02 -6.89362E-02 
8.73779E-02 -6.58907E-02 
8.29503E-02 -6.28519E-02 
7.86102E-02 -5.98376E-02 
7.43834E-02 -5.68695E-02 
7.03142E-02 -5.39814E-02 
6.65073E-02 -5.12483E-02 
6.32430E-02 -4.88637E-02 
6.11154E-02 -4.72328E-02 
6.05395E-02 -4.66420E-02 
6.03782E-02 -4.63284E-02 
5.88863E-02 -4.51111E-02 
1.40214E-01 -1.00054E-01 
1.35844E-01 -9.76112E-02 
1.30340E-01 -9.41351E-02 
1.26102E-01 -9.16529E-02 
1.21798E-01 -8.90663E-02 
1.17449E-01 -8.63903E-02 
1.13071E-01 -8.36399E-02 
1.09675E-01 -8.14702E-02 
1.08683E-01 -8.08302E-02 
1.03959E-01 -7.77513E-02 
9.92653E-02 -7.46392E-02 
9.46190E-02 -7.15111E-02 
9.00386E-02 -6.83837E-02 
8.55345E-02 -6.52562E-02 
8.11912E-02 -6.22159E-02 
7.69234E-02 -5.91963E-02 
7.27479E-02 -5.62124E-02 
6.86817E-02 -5.32795E-02 
6.47461E-02 -5.04156E-02 
6.09784E-02 -4.76494E-02 
5.74684E-02 -4.50455E-02 
5.44593E-02 -4.27723E-02 
5.24679E-02 -4.11833E-02 
5.18541E-02 -4.05271E-02 
5.16216E-02 -4.01331E-02 
5.02456E-02 -3.89659E-02 
1.29489E-01 -9.52800E-02 
1.24921E-01 -9.24423E-02 
1.19490E-01 -8.87976E-02 
1.15135E-01 -8.60084E-02 
1.10758E-01 -8.31561E-02 
1.06376E-01 -8.02551E-02 
1.02006E-01 -7.73195E-02 
9.86431E-02 -7.50331E-02 
9.76640E-02 -7.43631E-02 
9.30307E-02 -7.11674E-02 
8.84649E-02 -6.79791E-02 
8.39822E-02 -6.48130E-02 
7.95972E-02 -6.16830E-02 
7.53309E-02 -5.85996E-02 
7.12336E-02 -5.56190E-02 
6.72344E-02 -5.26855E-02 
6.33468E-02 -4.98115E-02 
5.95843E-02 -4.70095E-02 
5.59642E-02 -4.42942E-02 
5.25171E-02 -4.16894E-02 
4.93197E-02 -3.92502E-02 
4.65827E-02 -3.71222E-02 
4.47559E-02 -3.56135E-02 
4.41526E-02 -3.49407E-02 
4.39010E-02 -3.45168E-02 
4.26672E-02 -3.34342E-02 
1.18593E-01 -8.96640E-02 
1.13931E-01 -8.65352E-02 
1.08637E-01 -8.27992E-02 
1.04257E-01 -7.97993E-02 
9.98942E-02 -7.67751E-02 
9.55638E-02 -7.37400E-02 
9.12804E-02 -7.07064E-02 
8.80069E-02 -6.83681E-02 
8.70575E-02 -6.76867E-02 
8.25865E-02 -6.44593E-02 
7.82148E-02 -6.12747E-02 
7.39547E-02 -5.81449E-02 
6.98173E-02 -5.50809E-02 
6.58297E-02 -5.21006E-02 
6.20166E-02 -4.92356E-02 
5.83181E-02 -4.64389E-02 
5.47445E-02 -4.37201E-02 
5.13063E-02 -4.10891E-02 
4.80168E-02 -3.85573E-02 
4.49009E-02 -3.61440E-02 
4.20239E-02 -3.38959E-02 
3.95681E-02 -3.19385E-02 
3.79258E-02 -3.05405E-02 
3.73716E-02 -2.98921E-02 
3.71426E-02 -2.94804E-02 
3.60682E-02 -2.85079E-02 
1.07643E-01 -8.33630E-02 
1.02984E-01 -8.00463E-02 
9.78887E-02 -7.62951E-02 
9.35710E-02 -7.31781E-02 
8.93038E-02 -7.00720E-02 
8.51007E-02 -6.69885E-02 
8.09739E-02 -6.39385E-02 
7.78402E-02 -6.16081E-02 
7.69345E-02 -6.09323E-02 
7.26884E-02 -5.77505E-02 
6.85664E-02 -5.46409E-02 
6.45776E-02 -5.16127E-02 
6.07296E-02 -4.86740E-02 
5.70527E-02 -4.58467E-02 
5.35520E-02 -4.31438E-02 
5.01766E-02 -4.05248E-02 
4.69342E-02 -3.79970E-02 
4.38320E-02 -3.55676E-02 
4.08800E-02 -3.32450E-02 
3.80982E-02 -3.10446E-02 
3.55418E-02 -2.90054E-02 
3.33691E-02 -2.72361E-02 
3.19238E-02 -2.59715E-02 
3.14484E-02 -2.53806E-02 
3.12738E-02 -2.50149E-02 
3.03679E-02 -2.41702E-02 
9.67558E-02 -7.65365E-02 
9.21931E-02 -7.31319E-02 
8.73532E-02 -6.94390E-02 
8.31759E-02 -6.62933E-02 
7.90772E-02 -6.31893E-02 
7.50683E-02 -6.01367E-02 
7.11590E-02 -5.71445E-02 
6.82080E-02 -5.48757E-02 
6.73579E-02 -5.42206E-02 
6.33890E-02 -5.11526E-02 
5.95620E-02 -4.81800E-02 
5.58829E-02 -4.53091E-02 
5.23562E-02 -4.25451E-02 
4.90124E-02 -3.99114E-02 
4.58431E-02 -3.74072E-02 
4.28044E-02 -3.49975E-02 
3.99015E-02 -3.26872E-02 
3.71390E-02 -3.04809E-02 
3.45239E-02 -2.83846E-02 
3.20719E-02 -2.64101E-02 
2.98300E-02 -2.45901E-02 
2.79362E-02 -2.30189E-02 
2.66934E-02 -2.19033E-02 
2.63180E-02 -2.13956E-02 
2.62209E-02 -2.11018E-02 
2.54855E-02 -2.03951E-02 
8.60527E-02 -6.93464E-02 
8.16689E-02 -6.59487E-02 
7.71365E-02 -6.23828E-02 
7.31691E-02 -5.92904E-02 
6.93023E-02 -5.62650E-02 
6.55449E-02 -5.33144E-02 
6.19041E-02 -5.04455E-02 
5.91709E-02 -4.82853E-02 
5.83860E-02 -4.76639E-02 
5.47358E-02 -4.47681E-02 
5.12386E-02 -4.19843E-02 
4.78972E-02 -3.93161E-02 
4.47135E-02 -3.67661E-02 
4.17163E-02 -3.43570E-02 
3.88881E-02 -3.20788E-02 
3.61912E-02 -2.99005E-02 
3.36282E-02 -2.78250E-02 
3.12016E-02 -2.58549E-02 
2.89158E-02 -2.39937E-02 
2.67832E-02 -2.22505E-02 
2.48438E-02 -2.06528E-02 
2.32190E-02 -1.92829E-02 
2.21782E-02 -1.83255E-02 
2.19168E-02 -1.79194E-02 
2.19121E-02 -1.77162E-02 
2.13434E-02 -1.71510E-02 
7.56496E-02 -6.19524E-02 
7.15185E-02 -5.86486E-02 
6.73383E-02 -5.52727E-02 
6.36402E-02 -5.23068E-02 
6.00584E-02 -4.94276E-02 
5.65993E-02 -4.66409E-02 
5.32677E-02 -4.39512E-02 
5.07797E-02 -4.19389E-02 
5.00673E-02 -4.13621E-02 
4.67664E-02 -3.86861E-02 
4.36229E-02 -3.61324E-02 
4.06371E-02 -3.37020E-02 
3.78083E-02 -3.13950E-02 
3.51625E-02 -2.92323E-02 
3.26770E-02 -2.71978E-02 
3.03188E-02 -2.52642E-02 
2.80888E-02 -2.34325E-02 
2.59876E-02 -2.17035E-02 
2.40176E-02 -2.00790E-02 
2.21886E-02 -1.85656E-02 
2.05349E-02 -1.71868E-02 
1.91646E-02 -1.60157E-02 
1.83200E-02 -1.52194E-02 
1.81799E-02 -1.49270E-02 
1.82756E-02 -1.48259E-02 
1.78645E-02 -1.44002E-02 
6.56406E-02 -5.44965E-02 
6.18256E-02 -5.13650E-02 
5.80352E-02 -4.82348E-02 
5.46557E-02 -4.54593E-02 
5.14017E-02 -4.27842E-02 
4.82775E-02 -4.02134E-02 
4.52856E-02 -3.77489E-02 
4.30624E-02 -3.59162E-02 
4.24275E-02 -3.53926E-02 
3.94964E-02 -3.29737E-02 
3.67209E-02 -3.06810E-02 
3.40993E-02 -2.85133E-02 
3.16289E-02 -2.64688E-02 
2.93318E-02 -2.45655E-02 
2.71832E-02 -2.27842E-02 
2.51543E-02 -2.11006E-02 
2.32444E-02 -1.95142E-02 
2.14528E-02 -1.80245E-02 
1.97805E-02 -1.66319E-02 
1.82351E-02 -1.53412E-02 
1.68468E-02 -1.41728E-02 
1.57131E-02 -1.31931E-02 
1.50549E-02 -1.25560E-02 
1.50373E-02 -1.23834E-02 
1.52353E-02 -1.23899E-02 
1.49692E-02 -1.20969E-02 
5.62192E-02 -4.71960E-02 
5.27685E-02 -4.43021E-02 
4.93927E-02 -4.14617E-02 
4.63661E-02 -3.89274E-02 
4.34682E-02 -3.65012E-02 
4.07011E-02 -3.41848E-02 
3.80653E-02 -3.19785E-02 
3.61159E-02 -3.03468E-02 
3.55607E-02 -2.98821E-02 
3.30056E-02 -2.77437E-02 
3.05990E-02 -2.57296E-02 
2.83374E-02 -2.38370E-02 
2.62167E-02 -2.20623E-02 
2.42550E-02 -2.04202E-02 
2.24275E-02 -1.88907E-02 
2.07091E-02 -1.74524E-02 
1.90980E-02 -1.61035E-02 
1.75926E-02 -1.48427E-02 
1.61929E-02 -1.36692E-02 
1.49052E-02 -1.25870E-02 
1.37567E-02 -1.16141E-02 
1.28366E-02 -1.08124E-02 
1.23495E-02 -1.03265E-02 
1.24497E-02 -1.02731E-02 
1.27456E-02 -1.03861E-02 
1.26072E-02 -1.02138E-02 
4.73614E-02 -4.00987E-02 
4.43148E-02 -3.74984E-02 
4.13742E-02 -3.49854E-02 
3.87273E-02 -3.27344E-02 
3.62066E-02 -3.05931E-02 
3.38121E-02 -2.85615E-02 
3.15428E-02 -2.66382E-02 
2.98718E-02 -2.52233E-02 
2.93970E-02 -2.48215E-02 
2.72186E-02 -2.29793E-02 
2.51768E-02 -2.12544E-02 
2.32670E-02 -1.96426E-02 
2.14840E-02 -1.81392E-02 
1.98418E-02 -1.67553E-02 
1.83174E-02 -1.54721E-02 
1.68891E-02 -1.42704E-02 
1.55546E-02 -1.31480E-02 
1.43115E-02 -1.21028E-02 
1.31596E-02 -1.11338E-02 
1.21042E-02 -1.02440E-02 
1.11703E-02 -9.45057E-03 
1.04416E-02 -8.81218E-03 
1.01096E-02 -8.46756E-03 
1.03199E-02 -8.52957E-03 
1.07062E-02 -8.74450E-03 
1.06776E-02 -8.67929E-03 
3.92234E-02 -3.33890E-02 
3.66050E-02 -3.11231E-02 
3.41063E-02 -2.89623E-02 
3.18514E-02 -2.70223E-02 
2.97147E-02 -2.51881E-02 
2.76947E-02 -2.34580E-02 
2.57891E-02 -2.18295E-02 
2.43913E-02 -2.06372E-02 
2.39950E-02 -2.02995E-02 
2.21816E-02 -1.87563E-02 
2.04889E-02 -1.73189E-02 
1.89118E-02 -1.59822E-02 
1.74446E-02 -1.47410E-02 
1.60975E-02 -1.36030E-02 
1.48506E-02 -1.25515E-02 
1.36853E-02 -1.15700E-02 
1.25989E-02 -1.06559E-02 
1.15892E-02 -9.80687E-03 
1.06556E-02 -9.02181E-03 
9.80318E-03 -8.30368E-03 
9.05593E-03 -7.66909E-03 
8.49312E-03 -7.17539E-03 
8.29694E-03 -6.95786E-03 
8.60520E-03 -7.12640E-03 
9.06968E-03 -7.43362E-03 
9.13073E-03 -7.45861E-03 
3.18824E-02 -2.71874E-02 
2.97022E-02 -2.52826E-02 
2.76414E-02 -2.34866E-02 
2.57785E-02 -2.18724E-02 
2.40209E-02 -2.03548E-02 
2.23662E-02 -1.89311E-02 
2.08113E-02 -1.75978E-02 
1.96744E-02 -1.66257E-02 
1.93526E-02 -1.63510E-02 
1.78830E-02 -1.50991E-02 
1.65156E-02 -1.39378E-02 
1.52448E-02 -1.28618E-02 
1.40651E-02 -1.18657E-02 
1.29836E-02 -1.09544E-02 
1.19840E-02 -1.01142E-02 
1.10507E-02 -9.33105E-03 
1.01811E-02 -8.60250E-03 
9.37337E-03 -7.92634E-03 
8.62707E-03 -7.30171E-03 
7.94749E-03 -6.73186E-03 
7.35798E-03 -6.23362E-03 
6.93511E-03 -5.86410E-03 
6.85382E-03 -5.75706E-03 
7.24494E-03 -6.01971E-03 
7.77258E-03 -6.40606E-03 
7.90226E-03 -6.50279E-03 
2.54067E-02 -2.16038E-02 
2.36603E-02 -2.00716E-02 
2.20221E-02 -1.86405E-02 
2.05387E-02 -1.73536E-02 
1.91439E-02 -1.61497E-02 
1.78349E-02 -1.50254E-02 
1.66079E-02 -1.39766E-02 
1.57124E-02 -1.32143E-02 
1.54592E-02 -1.29993E-02 
1.43039E-02 -1.20207E-02 
1.32301E-02 -1.11150E-02 
1.22327E-02 -1.02771E-02 
1.13069E-02 -9.50205E-03 
1.04570E-02 -8.79231E-03 
9.67083E-03 -8.13771E-03 
8.93570E-03 -7.52683E-03 
8.24956E-03 -6.95749E-03 
7.61094E-03 -6.42799E-03 
7.02010E-03 -5.93801E-03 
6.48273E-03 -5.49146E-03 
6.02216E-03 -5.10583E-03 
5.71318E-03 -4.83884E-03 
5.72503E-03 -4.82391E-03 
6.18167E-03 -5.16535E-03 
6.75524E-03 -5.61486E-03 
6.93247E-03 -5.76398E-03 
1.98503E-02 -1.67329E-02 
1.85194E-02 -1.55694E-02 
1.72769E-02 -1.44903E-02 
1.61487E-02 -1.35190E-02 
1.50895E-02 -1.26135E-02 
1.40963E-02 -1.17701E-02 
1.31654E-02 -1.09847E-02 
1.24857E-02 -1.04143E-02 
1.22934E-02 -1.02534E-02 
1.14151E-02 -9.52100E-03 
1.05969E-02 -8.84227E-03 
9.83449E-03 -8.21277E-03 
9.12409E-03 -7.62838E-03 
8.46856E-03 -7.09017E-03 
7.85938E-03 -6.59146E-03 
7.28679E-03 -6.12335E-03 
6.74946E-03 -5.68431E-03 
6.24668E-03 -5.27337E-03 
5.77947E-03 -4.89104E-03 
5.35425E-03 -4.54207E-03 
4.99458E-03 -4.24495E-03 
4.77410E-03 -4.05847E-03 
4.85713E-03 -4.11622E-03 
5.36039E-03 -4.51891E-03 
5.96115E-03 -5.01349E-03 
6.16544E-03 -5.19552E-03 
1.52579E-02 -1.26575E-02 
1.43096E-02 -1.18431E-02 
1.34244E-02 -1.10899E-02 
1.26154E-02 -1.04092E-02 
1.18539E-02 -9.77454E-03 
1.11371E-02 -9.18236E-03 
1.04620E-02 -8.62909E-03 
9.96643E-03 -8.22556E-03 
9.82576E-03 -8.11137E-03 
9.18031E-03 -7.58937E-03 
8.57384E-03 -7.10145E-03 
8.00347E-03 -6.64433E-03 
7.46663E-03 -6.21516E-03 
6.96557E-03 -5.81440E-03 
6.49521E-03 -5.43864E-03 
6.04852E-03 -5.08143E-03 
5.62508E-03 -4.74214E-03 
5.22509E-03 -4.42073E-03 
4.85051E-03 -4.11863E-03 
4.50852E-03 -3.84162E-03 
4.22314E-03 -3.60930E-03 
4.06700E-03 -3.48166E-03 
4.19958E-03 -3.59219E-03 
4.72957E-03 -4.03694E-03 
5.33791E-03 -4.55702E-03 
5.54994E-03 -4.75300E-03 
1.16484E-02 -9.43470E-03 
1.10371E-02 -8.93477E-03 
1.04600E-02 -8.46861E-03 
9.92385E-03 -8.04151E-03 
9.41289E-03 -7.63911E-03 
8.92502E-03 -7.25858E-03 
8.45831E-03 -6.89732E-03 
8.11065E-03 -6.62955E-03 
8.01109E-03 -6.55304E-03 
7.54903E-03 -6.19855E-03 
7.10639E-03 -5.85939E-03 
6.68189E-03 -5.53388E-03 
6.27459E-03 -5.22070E-03 
5.88702E-03 -4.92069E-03 
5.51691E-03 -4.63312E-03 
5.15975E-03 -4.35391E-03 
4.81615E-03 -4.08345E-03 
4.48732E-03 -3.82273E-03 
4.17615E-03 -3.57420E-03 
3.89062E-03 -3.34465E-03 
3.65512E-03 -3.15474E-03 
3.54112E-03 -3.06537E-03 
3.70258E-03 -3.20907E-03 
4.23901E-03 -3.67573E-03 
4.83503E-03 -4.20095E-03 
5.03715E-03 -4.39303E-03 
9.06194E-03 -7.13677E-03 
8.72551E-03 -6.89863E-03 
8.39403E-03 -6.66548E-03 
8.07204E-03 -6.44058E-03 
7.75338E-03 -6.21897E-03 
7.43733E-03 -5.99911E-03 
7.12341E-03 -5.77980E-03 
6.88185E-03 -5.60995E-03 
6.81144E-03 -5.56022E-03 
6.47730E-03 -5.32260E-03 
6.14586E-03 -5.08390E-03 
5.81772E-03 -4.84428E-03 
5.49370E-03 -4.60423E-03 
5.17749E-03 -4.36578E-03 
4.86873E-03 -4.13011E-03 
4.56515E-03 -3.89529E-03 
4.26841E-03 -3.66277E-03 
3.98069E-03 -3.43457E-03 
3.70574E-03 -3.21409E-03 
3.45222E-03 -3.00902E-03 
3.24462E-03 -2.84083E-03 
3.15266E-03 -2.77066E-03 
3.32354E-03 -2.92849E-03 
3.84621E-03 -3.39631E-03 
4.41041E-03 -3.90605E-03 
4.58725E-03 -4.07821E-03 
7.49388E-03 -5.79341E-03 
7.35736E-03 -5.74887E-03 
7.19830E-03 -5.68158E-03 
7.02188E-03 -5.59558E-03 
6.82895E-03 -5.49285E-03 
6.62059E-03 -5.37364E-03 
6.39813E-03 -5.23858E-03 
6.21736E-03 -5.12384E-03 
6.16321E-03 -5.08869E-03 
5.89803E-03 -4.91195E-03 
5.62295E-03 -4.72142E-03 
5.34057E-03 -4.51930E-03 
5.05351E-03 -4.30794E-03 
4.76737E-03 -4.09140E-03 
4.48264E-03 -3.87171E-03 
4.19889E-03 -3.64872E-03 
3.91873E-03 -3.42495E-03 
3.64518E-03 -3.20329E-03 
3.38265E-03 -2.98791E-03 
3.14020E-03 -2.78715E-03 
2.94198E-03 -2.62282E-03 
2.85502E-03 -2.55523E-03 
3.01775E-03 -2.70953E-03 
3.50702E-03 -3.15785E-03 
4.02070E-03 -3.63189E-03 
4.15954E-03 -3.77041E-03 
6.96104E-03 -5.45172E-03 
6.93256E-03 -5.51324E-03 
6.85860E-03 -5.52815E-03 
6.74675E-03 -5.50306E-03 
6.60229E-03 -5.44445E-03 
6.42850E-03 -5.35487E-03 
6.22889E-03 -5.23718E-03 
6.05905E-03 -5.12878E-03 
6.00713E-03 -5.09448E-03 
5.74747E-03 -4.91639E-03 
5.47105E-03 -4.71727E-03 
5.18237E-03 -4.50133E-03 
4.88576E-03 -4.27270E-03 
4.58929E-03 -4.03813E-03 
4.29300E-03 -3.79917E-03 
3.99778E-03 -3.55704E-03 
3.70697E-03 -3.31503E-03 
3.42413E-03 -3.07667E-03 
3.15398E-03 -2.84659E-03 
2.90555E-03 -2.63331E-03 
2.70200E-03 -2.45831E-03 
2.60627E-03 -2.37952E-03 
2.74544E-03 -2.51434E-03 
3.18253E-03 -2.92293E-03 
3.62822E-03 -3.34186E-03 
3.71953E-03 -3.43595E-03 
7.52274E-03 -6.20026E-03 
7.48457E-03 -6.25151E-03 
7.38638E-03 -6.24021E-03 
7.23907E-03 -6.17652E-03 
7.04948E-03 -6.06865E-03 
6.82349E-03 -5.92185E-03 
6.56700E-03 -5.74150E-03 
6.35128E-03 -5.58234E-03 
6.28580E-03 -5.53297E-03 
5.96134E-03 -5.28261E-03 
5.62130E-03 -5.01195E-03 
5.27179E-03 -4.72697E-03 
4.91841E-03 -4.43318E-03 
4.57199E-03 -4.14034E-03 
4.23052E-03 -3.84794E-03 
3.89548E-03 -3.55781E-03 
3.57046E-03 -3.27358E-03 
3.25906E-03 -2.99894E-03 
2.96579E-03 -2.73840E-03 
2.69900E-03 -2.50005E-03 
2.47989E-03 -2.30398E-03 
2.36547E-03 -2.20377E-03 
2.46817E-03 -2.30530E-03 
2.83540E-03 -2.65459E-03 
3.19733E-03 -3.00035E-03 
3.23542E-03 -3.04292E-03 
9.35548E-03 -8.24554E-03 
9.13614E-03 -8.11280E-03 
8.85898E-03 -7.91815E-03 
8.53800E-03 -7.67517E-03 
8.17749E-03 -7.38967E-03 
7.78597E-03 -7.06975E-03 
7.37153E-03 -6.72315E-03 
7.03997E-03 -6.44132E-03 
6.94177E-03 -6.35719E-03 
6.46916E-03 -5.94868E-03 
5.99457E-03 -5.53324E-03 
5.52478E-03 -5.11766E-03 
5.06561E-03 -4.70780E-03 
4.63034E-03 -4.31621E-03 
4.21271E-03 -3.93802E-03 
3.81360E-03 -3.57449E-03 
3.43602E-03 -3.22876E-03 
3.08275E-03 -2.90377E-03 
2.75719E-03 -2.60304E-03 
2.46603E-03 -2.33320E-03 
2.22717E-03 -2.11152E-03 
2.08916E-03 -1.98451E-03 
2.14558E-03 -2.04181E-03 
2.42669E-03 -2.31331E-03 
2.69142E-03 -2.56990E-03 
2.67576E-03 -2.55900E-03 
1.27407E-02 -1.19031E-02 
1.20633E-02 -1.13018E-02 
1.13669E-02 -1.06764E-02 
1.06656E-02 -1.00409E-02 
9.95346E-03 -9.39085E-03 
9.24046E-03 -8.73604E-03 
8.53527E-03 -8.08501E-03 
7.99983E-03 -7.58868E-03 
7.84547E-03 -7.44529E-03 
7.12626E-03 -6.77553E-03 
6.43884E-03 -6.13292E-03 
5.78820E-03 -5.52260E-03 
5.17792E-03 -4.94837E-03 
4.62201E-03 -4.42380E-03 
4.10683E-03 -3.93644E-03 
3.63069E-03 -3.48495E-03 
3.19444E-03 -3.07039E-03 
2.79857E-03 -2.69342E-03 
2.44398E-03 -2.35514E-03 
2.13423E-03 -2.05917E-03 
1.88196E-03 -1.81792E-03 
1.72389E-03 -1.66714E-03 
1.72944E-03 -1.67434E-03 
1.91081E-03 -1.85190E-03 
2.06925E-03 -2.00751E-03 
2.00761E-03 -1.94964E-03 
1.75091E-02 -1.70392E-02 
1.59763E-02 -1.55565E-02 
1.45351E-02 -1.41609E-02 
1.31899E-02 -1.28569E-02 
1.19113E-02 -1.16165E-02 
1.07055E-02 -1.04457E-02 
9.57675E-03 -9.34898E-03 
8.75802E-03 -8.55293E-03 
8.52774E-03 -8.32895E-03 
7.48717E-03 -7.31640E-03 
6.54005E-03 -6.39412E-03 
5.68430E-03 -5.56026E-03 
4.91663E-03 -4.81173E-03 
4.24715E-03 -4.15853E-03 
3.65140E-03 -3.57692E-03 
3.12229E-03 -3.06007E-03 
2.65610E-03 -2.60442E-03 
2.24893E-03 -2.20622E-03 
1.89732E-03 -1.86218E-03 
1.59992E-03 -1.57104E-03 
1.36172E-03 -1.33778E-03 
1.20345E-03 -1.18286E-03 
1.16438E-03 -1.14501E-03 
1.24015E-03 -1.22011E-03 
1.29378E-03 -1.27349E-03 
1.20845E-03 -1.19008E-03 
2.12288E-02 -2.12288E-02 
1.85677E-02 -1.85677E-02 
1.62029E-02 -1.62029E-02 
1.41102E-02 -1.41102E-02 
1.22211E-02 -1.22211E-02 
1.05271E-02 -1.05271E-02 
9.01822E-03 -9.01822E-03 
7.97058E-03 -7.97058E-03 
7.68310E-03 -7.68310E-03 
6.42407E-03 -6.42407E-03 
5.33666E-03 -5.33666E-03 
4.40447E-03 -4.40447E-03 
3.61129E-03 -3.61129E-03 
2.95549E-03 -2.95549E-03 
2.40206E-03 -2.40206E-03 
1.93643E-03 -1.93643E-03 
1.54833E-03 -1.54833E-03 
1.22805E-03 -1.22805E-03 
9.66865E-04 -9.66865E-04 
7.57636E-04 -7.57636E-04 
5.96348E-04 -5.96348E-04 
4.84739E-04 -4.84739E-04 
4.28655E-04 -4.28655E-04 
4.14225E-04 -4.14225E-04 
3.88688E-04 -3.88688E-04 
3.23176E-04 -3.23176E-04 
---
