PdfType: replica
Format: lhagrid1
---
1.00000E-06 1.28121E-06 1.64152E-06 2.10317E-06 2.69463E-06 3.45242E-06 4.42329E-06 5.66715E-06 7.26076E-06 9.30241E-06 1.19180E-05 1.52689E-05 1.95617E-05 2.50609E-05 3.21053E-05 4.11287E-05 5.26863E-05 6.74889E-05 8.64459E-05 1.10720E-04 1.41800E-04 1.81585E-04 2.32503E-04 2.97652E-04 3.80981E-04 4.87518E-04 6.26039E-04 8.00452E-04 1.02297E-03 1.30657E-03 1.66759E-03 2.12729E-03 2.71054E-03 3.44865E-03 4.37927E-03 5.54908E-03 7.01192E-03 8.83064E-03 1.10763E-02 1.38266E-02 1.71641E-02 2.11717E-02 2.59364E-02 3.15062E-02 3.79623E-02 4.53425E-02 5.36750E-02 6.29705E-02 7.32221E-02 8.44039E-02 9.64793E-02 1.09332E-01 1.23067E-01 1.37507E-01 1.52639E-01 1.68416E-01 1.84794E-01 2.01731E-01 2.19016E-01 2.36948E-01 2.55242E-01 2.73927E-01 2.92954E-01 3.12340E-01 3.32036E-01 3.52019E-01 3.72282E-01 3.92772E-01 4.13533E-01 4.34326E-01 4.55495E-01 4.76836E-01 4.98342E-01 5.20006E-01 5.41818E-01 5.63773E-01 5.85861E-01 6.08077E-01 6.30459E-01 6.52800E-01 6.75387E-01 6.98063E-01 7.20830E-01 7.43683E-01 7.66623E-01 7.89636E-01 8.12791E-01 8.35940E-01 8.59175E-01 8.82485E-01 9.05866E-01 9.29311E-01 9.52817E-01 9.76387E-01 1.00000E+00 
1.14018E+00 1.22539E+00 1.32482E+00 1.44156E+00 1.57954E+00 1.74381E+00 1.94091E+00 2.12132E+00 2.17945E+00 2.49622E+00 2.89383E+00 3.39925E+00 4.05063E+00 4.90286E+00 6.03623E+00 7.57063E+00 9.68869E+00 1.26749E+01 1.69835E+01 2.33578E+01 3.30501E+01 4.82334E+01 7.28041E+01 1.13998E+02 1.85779E+02 3.16228E+02 
908 909 
-7.09164E+01 -6.21647E+00 
-7.18536E+01 -6.30722E+00 
-7.38881E+01 -8.68281E+00 
-7.51779E+01 -9.47207E+00 
-7.66487E+01 -1.04722E+01 
-7.83641E+01 -1.17461E+01 
-8.04076E+01 -1.33630E+01 
-8.22800E+01 -1.48972E+01 
-8.28847E+01 -1.53984E+01 
-8.61926E+01 -1.81543E+01 
-9.03576E+01 -2.15958E+01 
-9.56225E+01 -2.58322E+01 
-1.02275E+02 -3.09743E+01 
-1.13482E+02 -3.68316E+01 
-1.26235E+02 -4.43792E+01 
-1.41757E+02 -5.31552E+01 
-1.60593E+02 -6.32909E+01 
-1.83400E+02 -7.49304E+01 
-2.11025E+02 -8.82671E+01 
-2.44796E+02 -1.03685E+02 
-2.87599E+02 -1.22295E+02 
-3.47567E+02 -1.47743E+02 
-4.45976E+02 -1.89792E+02 
-6.12766E+02 -2.61040E+02 
-8.38499E+02 -3.53238E+02 
-1.06718E+03 -4.37255E+02 
-5.89040E+01 -2.12296E+00 
-5.95043E+01 -2.36499E+00 
-6.11995E+01 -4.62289E+00 
-6.21849E+01 -5.43884E+00 
-6.33396E+01 -6.43391E+00 
-6.47221E+01 -7.66096E+00 
-6.64078E+01 -9.17776E+00 
-6.79793E+01 -1.05893E+01 
-6.84910E+01 -1.10461E+01 
-7.13161E+01 -1.35293E+01 
-7.49135E+01 -1.65812E+01 
-7.94934E+01 -2.02874E+01 
-8.53030E+01 -2.47335E+01 
-9.49298E+01 -2.95967E+01 
-1.05960E+02 -3.59275E+01 
-1.19368E+02 -4.32402E+01 
-1.35612E+02 -5.16318E+01 
-1.55236E+02 -6.12077E+01 
-1.78947E+02 -7.21120E+01 
-2.07853E+02 -8.46446E+01 
-2.44392E+02 -9.97086E+01 
-2.95481E+02 -1.20303E+02 
-3.79248E+02 -1.54470E+02 
-5.21106E+02 -2.12485E+02 
-7.12659E+02 -2.87269E+02 
-9.05840E+02 -3.54634E+02 
-4.70576E+01 -8.63102E-01 
-4.75016E+01 -1.13472E+00 
-4.90415E+01 -3.14957E+00 
-4.98751E+01 -3.89419E+00 
-5.08654E+01 -4.79008E+00 
-5.20657E+01 -5.88157E+00 
-5.35435E+01 -7.21643E+00 
-5.49300E+01 -8.44818E+00 
-5.53826E+01 -8.84503E+00 
-5.78877E+01 -1.09902E+01 
-6.10837E+01 -1.36041E+01 
-6.51517E+01 -1.67534E+01 
-7.03028E+01 -2.05027E+01 
-7.86338E+01 -2.44414E+01 
-8.82306E+01 -2.96543E+01 
-9.98633E+01 -3.56460E+01 
-1.13912E+02 -4.24866E+01 
-1.30828E+02 -5.02513E+01 
-1.51197E+02 -5.90456E+01 
-1.75944E+02 -6.91026E+01 
-2.07122E+02 -8.11536E+01 
-2.50604E+02 -9.76608E+01 
-3.21806E+02 -1.25229E+02 
-4.42264E+02 -1.72210E+02 
-6.04532E+02 -2.32531E+02 
-7.67421E+02 -2.86167E+02 
-3.68251E+01 -7.42188E-01 
-3.72078E+01 -9.73880E-01 
-3.86704E+01 -2.69490E+00 
-3.94291E+01 -3.31813E+00 
-4.03310E+01 -4.06901E+00 
-4.14240E+01 -4.98447E+00 
-4.27687E+01 -6.10374E+00 
-4.40281E+01 -7.13542E+00 
-4.44388E+01 -7.46750E+00 
-4.67067E+01 -9.25959E+00 
-4.95882E+01 -1.14361E+01 
-5.32387E+01 -1.40479E+01 
-5.78373E+01 -1.71432E+01 
-6.50667E+01 -2.02587E+01 
-7.34333E+01 -2.44794E+01 
-8.35353E+01 -2.93130E+01 
-9.56876E+01 -3.48084E+01 
-1.10264E+02 -4.10175E+01 
-1.27748E+02 -4.80155E+01 
-1.48907E+02 -5.59822E+01 
-1.75470E+02 -6.55074E+01 
-2.12416E+02 -7.86057E+01 
-2.72835E+02 -1.00682E+02 
-3.74944E+02 -1.38491E+02 
-5.12157E+02 -1.86839E+02 
-6.49230E+02 -2.29208E+02 
-2.86350E+01 -8.63626E-01 
-2.89968E+01 -1.02442E+00 
-3.04013E+01 -2.44829E+00 
-3.11150E+01 -2.93437E+00 
-3.19579E+01 -3.52832E+00 
-3.29731E+01 -4.26067E+00 
-3.42143E+01 -5.16333E+00 
-3.53704E+01 -5.99926E+00 
-3.57463E+01 -6.26881E+00 
-3.78129E+01 -7.72547E+00 
-4.04211E+01 -9.49570E+00 
-4.37031E+01 -1.16176E+01 
-4.78106E+01 -1.41263E+01 
-5.40785E+01 -1.65334E+01 
-6.13645E+01 -1.98980E+01 
-7.01241E+01 -2.37403E+01 
-8.06173E+01 -2.80932E+01 
-9.31520E+01 -3.29905E+01 
-1.08125E+02 -3.84841E+01 
-1.26175E+02 -4.47109E+01 
-1.48753E+02 -5.21444E+01 
-1.80074E+02 -6.24257E+01 
-2.31241E+02 -7.99579E+01 
-3.17637E+02 -1.10173E+02 
-4.33440E+02 -1.48650E+02 
-5.48539E+02 -1.81821E+02 
-2.23705E+01 -8.44757E-01 
-2.27215E+01 -9.28121E-01 
-2.40605E+01 -2.07722E+00 
-2.47343E+01 -2.43129E+00 
-2.55235E+01 -2.87669E+00 
-2.64666E+01 -3.43842E+00 
-2.76112E+01 -4.14213E+00 
-2.86705E+01 -4.80036E+00 
-2.90137E+01 -5.01349E+00 
-3.08921E+01 -6.16975E+00 
-3.32455E+01 -7.58025E+00 
-3.61862E+01 -9.27283E+00 
-3.98418E+01 -1.12722E+01 
-4.52578E+01 -1.30855E+01 
-5.15826E+01 -1.57271E+01 
-5.91538E+01 -1.87373E+01 
-6.81856E+01 -2.21361E+01 
-7.89302E+01 -2.59438E+01 
-9.17134E+01 -3.01945E+01 
-1.07063E+02 -3.49909E+01 
-1.26197E+02 -4.07107E+01 
-1.52679E+02 -4.86840E+01 
-1.95912E+02 -6.24783E+01 
-2.68864E+02 -8.64357E+01 
-3.66397E+02 -1.16809E+02 
-4.62819E+02 -1.42512E+02 
-1.76898E+01 -5.90473E-01 
-1.80261E+01 -6.03228E-01 
-1.92845E+01 -1.51081E+00 
-1.99129E+01 -1.74868E+00 
-2.06438E+01 -2.06398E+00 
-2.15113E+01 -2.47692E+00 
-2.25571E+01 -3.00786E+00 
-2.35197E+01 -3.51230E+00 
-2.38306E+01 -3.67670E+00 
-2.55250E+01 -4.57429E+00 
-2.76340E+01 -5.67647E+00 
-3.02524E+01 -7.00297E+00 
-3.34869E+01 -8.57033E+00 
-3.81441E+01 -9.89613E+00 
-4.36101E+01 -1.19375E+01 
-5.01268E+01 -1.42592E+01 
-5.78695E+01 -1.68721E+01 
-6.70440E+01 -1.97861E+01 
-7.79167E+01 -2.30217E+01 
-9.09235E+01 -2.66546E+01 
-1.07084E+02 -3.09840E+01 
-1.29407E+02 -3.70812E+01 
-1.65846E+02 -4.78199E+01 
-2.27313E+02 -6.66456E+01 
-3.09277E+02 -9.03998E+01 
-3.89849E+02 -1.10074E+02 
-1.42085E+01 -1.40606E-01 
-1.45220E+01 -9.53663E-02 
-1.56863E+01 -7.96760E-01 
-1.62619E+01 -9.38116E-01 
-1.69278E+01 -1.14509E+00 
-1.77145E+01 -1.43381E+00 
-1.86584E+01 -1.82014E+00 
-1.95234E+01 -2.19570E+00 
-1.98021E+01 -2.31923E+00 
-2.13160E+01 -2.99987E+00 
-2.31901E+01 -3.84368E+00 
-2.55040E+01 -4.86393E+00 
-2.83466E+01 -6.07089E+00 
-3.23286E+01 -7.00308E+00 
-3.70288E+01 -8.55253E+00 
-4.26114E+01 -1.03116E+01 
-4.92194E+01 -1.22842E+01 
-5.70200E+01 -1.44726E+01 
-6.62301E+01 -1.68873E+01 
-7.72086E+01 -1.95828E+01 
-9.08077E+01 -2.27939E+01 
-1.09566E+02 -2.73780E+01 
-1.40196E+02 -3.56338E+01 
-1.91864E+02 -5.02736E+01 
-2.60581E+02 -6.86497E+01 
-3.27731E+02 -8.34895E+01 
-1.15881E+01 4.20382E-01 
-1.18716E+01 5.09745E-01 
-1.29333E+01 -1.83168E-02 
-1.34504E+01 -8.27500E-02 
-1.40469E+01 -2.02678E-01 
-1.47496E+01 -3.90743E-01 
-1.55904E+01 -6.59049E-01 
-1.63588E+01 -9.28880E-01 
-1.66060E+01 -1.01882E+00 
-1.79453E+01 -1.52076E+00 
-1.95961E+01 -2.15135E+00 
-2.16251E+01 -2.91889E+00 
-2.41057E+01 -3.82887E+00 
-2.74901E+01 -4.44760E+00 
-3.15105E+01 -5.59810E+00 
-3.62693E+01 -6.90184E+00 
-4.18826E+01 -8.35758E+00 
-4.84857E+01 -9.96240E+00 
-5.62544E+01 -1.17192E+01 
-6.54832E+01 -1.36661E+01 
-7.68836E+01 -1.59856E+01 
-9.25926E+01 -1.93584E+01 
-1.18268E+02 -2.56097E+01 
-1.61589E+02 -3.68542E+01 
-2.19055E+02 -5.08859E+01 
-2.74861E+02 -6.18749E+01 
-9.56654E+00 1.00963E+00 
-9.81546E+00 1.13036E+00 
-1.07718E+01 7.47049E-01 
-1.12277E+01 7.41998E-01 
-1.17533E+01 6.90210E-01 
-1.23722E+01 5.81997E-01 
-1.31120E+01 4.08362E-01 
-1.37871E+01 2.23978E-01 
-1.40040E+01 1.61271E-01 
-1.51775E+01 -1.95282E-01 
-1.66195E+01 -6.51857E-01 
-1.83853E+01 -1.21294E+00 
-2.05353E+01 -1.88047E+00 
-2.33941E+01 -2.25269E+00 
-2.68149E+01 -3.08253E+00 
-3.08514E+01 -4.02091E+00 
-3.55973E+01 -5.06307E+00 
-4.11615E+01 -6.20242E+00 
-4.76858E+01 -7.43659E+00 
-5.54114E+01 -8.79093E+00 
-6.49307E+01 -1.04057E+01 
-7.80397E+01 -1.28169E+01 
-9.94970E+01 -1.74607E+01 
-1.35724E+02 -2.59682E+01 
-1.83652E+02 -3.65126E+01 
-2.29893E+02 -4.44580E+01 
-7.95759E+00 1.56469E+00 
-8.17003E+00 1.70610E+00 
-9.02304E+00 1.44351E+00 
-9.41815E+00 1.48308E+00 
-9.87444E+00 1.48354E+00 
-1.04124E+01 1.43767E+00 
-1.10559E+01 1.33903E+00 
-1.16431E+01 1.22297E+00 
-1.18317E+01 1.18213E+00 
-1.28510E+01 9.42776E-01 
-1.41008E+01 6.27046E-01 
-1.56265E+01 2.33292E-01 
-1.74778E+01 -2.37902E-01 
-1.98778E+01 -4.18748E-01 
-2.27732E+01 -9.92992E-01 
-2.61800E+01 -1.64067E+00 
-3.01737E+01 -2.35468E+00 
-3.48410E+01 -3.12606E+00 
-4.02960E+01 -3.94887E+00 
-4.67354E+01 -4.83876E+00 
-5.46515E+01 -5.90208E+00 
-6.55505E+01 -7.55641E+00 
-8.34265E+01 -1.09207E+01 
-1.13635E+02 -1.72365E+01 
-1.53495E+02 -2.50014E+01 
-1.91689E+02 -3.05618E+01 
-6.63698E+00 2.04710E+00 
-6.81354E+00 2.20081E+00 
-7.56828E+00 2.03899E+00 
-7.90539E+00 2.11120E+00 
-8.29616E+00 2.15098E+00 
-8.75841E+00 2.15314E+00 
-9.31247E+00 2.11330E+00 
-9.81854E+00 2.05141E+00 
-9.98111E+00 2.02799E+00 
-1.08594E+01 1.88238E+00 
-1.19346E+01 1.67980E+00 
-1.32442E+01 1.42063E+00 
-1.48283E+01 1.10721E+00 
-1.68306E+01 1.07277E+00 
-1.92685E+01 7.00467E-01 
-2.21297E+01 2.82023E-01 
-2.54742E+01 -1.74032E-01 
-2.93711E+01 -6.57394E-01 
-3.39112E+01 -1.15980E+00 
-3.92545E+01 -1.68968E+00 
-4.58093E+01 -2.32627E+00 
-5.48358E+01 -3.39109E+00 
-6.96788E+01 -5.74559E+00 
-9.47933E+01 -1.03194E+01 
-1.27843E+02 -1.58859E+01 
-1.59285E+02 -1.95964E+01 
-5.52589E+00 2.43899E+00 
-5.66887E+00 2.59863E+00 
-6.33226E+00 2.52100E+00 
-6.61575E+00 2.61635E+00 
-6.94629E+00 2.68513E+00 
-7.33923E+00 2.72379E+00 
-7.81190E+00 2.72957E+00 
-8.24442E+00 2.71025E+00 
-8.38344E+00 2.70058E+00 
-9.13454E+00 2.62935E+00 
-1.00533E+01 2.51693E+00 
-1.11701E+01 2.36510E+00 
-1.25174E+01 2.17735E+00 
-1.41770E+01 2.25285E+00 
-1.62191E+01 2.03846E+00 
-1.86100E+01 1.79888E+00 
-2.13972E+01 1.54334E+00 
-2.46352E+01 1.28277E+00 
-2.83960E+01 1.02674E+00 
-3.28092E+01 7.72120E-01 
-3.82123E+01 4.61177E-01 
-4.56574E+01 -1.50128E-01 
-5.79386E+01 -1.71537E+00 
-7.87515E+01 -4.91656E+00 
-1.06067E+02 -8.76009E+00 
-1.31858E+02 -1.10527E+01 
-4.57583E+00 2.73724E+00 
-4.68850E+00 2.89817E+00 
-5.26829E+00 2.89076E+00 
-5.50337E+00 3.00183E+00 
-5.77969E+00 3.09143E+00 
-6.11040E+00 3.15735E+00 
-6.51012E+00 3.19807E+00 
-6.87687E+00 3.21181E+00 
-6.99485E+00 3.21289E+00 
-7.63260E+00 3.20007E+00 
-8.41240E+00 3.15874E+00 
-9.35882E+00 3.09163E+00 
-1.04977E+01 3.00285E+00 
-1.18639E+01 3.15883E+00 
-1.35653E+01 3.06638E+00 
-1.55529E+01 2.96452E+00 
-1.78639E+01 2.86270E+00 
-2.05409E+01 2.77189E+00 
-2.36406E+01 2.70227E+00 
-2.72674E+01 2.65447E+00 
-3.16998E+01 2.58765E+00 
-3.78137E+01 2.31991E+00 
-4.79370E+01 1.36432E+00 
-6.51265E+01 -7.65943E-01 
-8.76250E+01 -3.27338E+00 
-1.08699E+02 -4.49526E+00 
-3.75694E+00 2.94794E+00 
-3.84302E+00 3.10681E+00 
-4.34702E+00 3.15768E+00 
-4.53921E+00 3.27867E+00 
-4.76752E+00 3.38264E+00 
-5.04311E+00 3.46839E+00 
-5.37826E+00 3.53538E+00 
-5.68681E+00 3.57441E+00 
-5.78619E+00 3.58377E+00 
-6.32383E+00 3.61615E+00 
-6.98124E+00 3.63011E+00 
-7.77808E+00 3.62892E+00 
-8.73474E+00 3.61697E+00 
-9.85111E+00 3.82971E+00 
-1.12607E+01 3.82985E+00 
-1.29040E+01 3.83223E+00 
-1.48098E+01 3.84613E+00 
-1.70110E+01 3.88217E+00 
-1.95521E+01 3.95059E+00 
-2.25167E+01 4.05462E+00 
-2.61339E+01 4.16657E+00 
-3.11309E+01 4.15400E+00 
-3.94418E+01 3.66259E+00 
-5.35869E+01 2.35795E+00 
-7.20499E+01 8.73493E-01 
-8.91988E+01 4.45380E-01 
-3.05001E+00 3.08185E+00 
-3.11326E+00 3.23630E+00 
-3.54894E+00 3.33508E+00 
-3.70367E+00 3.46147E+00 
-3.89000E+00 3.57468E+00 
-4.11732E+00 3.67430E+00 
-4.39581E+00 3.76048E+00 
-4.65329E+00 3.81840E+00 
-4.73635E+00 3.83398E+00 
-5.18621E+00 3.90063E+00 
-5.73652E+00 3.95676E+00 
-6.40283E+00 4.00587E+00 
-7.20110E+00 4.05240E+00 
-8.10568E+00 4.30289E+00 
-9.26653E+00 4.37178E+00 
-1.06171E+01 4.45125E+00 
-1.21796E+01 4.55013E+00 
-1.39791E+01 4.67845E+00 
-1.60499E+01 4.84612E+00 
-1.84590E+01 5.05808E+00 
-2.13940E+01 5.29672E+00 
-2.54570E+01 5.46868E+00 
-3.22500E+01 5.32432E+00 
-4.38442E+01 4.64695E+00 
-5.89352E+01 3.93347E+00 
-7.28269E+01 4.07963E+00 
-2.44140E+00 3.15130E+00 
-2.48538E+00 3.29970E+00 
-2.85967E+00 3.43724E+00 
-2.98206E+00 3.56550E+00 
-3.13203E+00 3.68388E+00 
-3.31740E+00 3.79254E+00 
-3.54658E+00 3.89211E+00 
-3.75953E+00 3.96363E+00 
-3.82836E+00 3.98375E+00 
-4.20171E+00 4.07560E+00 
-4.65881E+00 4.16299E+00 
-5.21182E+00 4.24944E+00 
-5.87307E+00 4.33926E+00 
-6.59900E+00 4.61237E+00 
-7.54869E+00 4.73072E+00 
-8.65152E+00 4.86536E+00 
-9.92422E+00 5.02451E+00 
-1.13857E+01 5.21743E+00 
-1.30623E+01 5.45346E+00 
-1.50072E+01 5.73852E+00 
-1.73734E+01 6.06270E+00 
-2.06581E+01 6.36318E+00 
-2.61838E+01 6.47214E+00 
-3.56464E+01 6.26261E+00 
-4.79282E+01 6.11859E+00 
-5.91256E+01 6.66646E+00 
-1.92015E+00 3.16833E+00 
-1.94812E+00 3.30956E+00 
-2.26729E+00 3.47772E+00 
-2.36203E+00 3.60511E+00 
-2.48075E+00 3.72541E+00 
-2.62993E+00 3.83918E+00 
-2.81640E+00 3.94738E+00 
-2.99076E+00 4.02814E+00 
-3.04724E+00 4.05139E+00 
-3.35424E+00 4.16092E+00 
-3.73061E+00 4.27052E+00 
-4.18574E+00 4.38361E+00 
-4.72904E+00 4.50423E+00 
-5.30498E+00 4.78798E+00 
-6.07620E+00 4.94028E+00 
-6.97016E+00 5.11253E+00 
-7.99931E+00 5.31222E+00 
-9.17765E+00 5.54775E+00 
-1.05251E+01 5.82773E+00 
-1.20834E+01 6.15856E+00 
-1.39774E+01 6.53607E+00 
-1.66157E+01 6.92104E+00 
-2.10868E+01 7.20889E+00 
-2.87735E+01 7.33993E+00 
-3.87216E+01 7.60538E+00 
-4.76977E+01 8.42064E+00 
-1.47654E+00 3.14365E+00 
-1.49138E+00 3.27700E+00 
-1.76110E+00 3.46848E+00 
-1.83237E+00 3.59287E+00 
-1.92443E+00 3.71252E+00 
-2.04257E+00 3.82823E+00 
-2.19227E+00 3.94115E+00 
-2.33332E+00 4.02754E+00 
-2.37915E+00 4.05277E+00 
-2.62888E+00 4.17377E+00 
-2.93566E+00 4.29812E+00 
-3.30664E+00 4.42904E+00 
-3.74885E+00 4.57024E+00 
-4.19952E+00 4.85532E+00 
-4.82053E+00 5.02920E+00 
-5.53917E+00 5.22509E+00 
-6.36447E+00 5.44972E+00 
-7.30656E+00 5.71057E+00 
-8.38024E+00 6.01542E+00 
-9.61828E+00 6.37082E+00 
-1.11217E+01 6.77674E+00 
-1.32255E+01 7.21198E+00 
-1.68216E+01 7.62015E+00 
-2.30335E+01 7.99094E+00 
-3.10492E+01 8.53991E+00 
-3.82005E+01 9.51918E+00 
-1.10153E+00 3.08634E+00 
-1.10575E+00 3.21138E+00 
-1.33110E+00 3.41965E+00 
-1.38262E+00 3.53942E+00 
-1.45208E+00 3.65637E+00 
-1.54373E+00 3.77146E+00 
-1.66192E+00 3.88593E+00 
-1.77438E+00 3.97500E+00 
-1.81106E+00 4.00126E+00 
-2.01160E+00 4.12863E+00 
-2.25868E+00 4.26163E+00 
-2.55766E+00 4.40322E+00 
-2.91370E+00 4.55673E+00 
-3.26030E+00 4.83599E+00 
-3.75548E+00 5.02170E+00 
-4.32762E+00 5.23026E+00 
-4.98308E+00 5.46764E+00 
-5.72895E+00 5.74039E+00 
-6.57604E+00 6.05544E+00 
-7.54979E+00 6.41918E+00 
-8.73166E+00 6.83456E+00 
-1.03951E+01 7.29385E+00 
-1.32683E+01 7.77672E+00 
-1.82593E+01 8.30814E+00 
-2.46803E+01 9.04245E+00 
-3.03383E+01 1.01073E+01 
-7.86582E-01 3.00381E+00 
-7.82337E-01 3.12034E+00 
-9.67888E-01 3.33955E+00 
-1.00293E+00 3.45349E+00 
-1.05335E+00 3.56617E+00 
-1.12253E+00 3.67861E+00 
-1.21387E+00 3.79205E+00 
-1.30191E+00 3.88143E+00 
-1.33077E+00 3.90794E+00 
-1.48927E+00 4.03755E+00 
-1.68541E+00 4.17428E+00 
-1.92312E+00 4.32078E+00 
-2.20606E+00 4.47999E+00 
-2.46675E+00 4.74812E+00 
-2.85703E+00 4.93807E+00 
-3.30735E+00 5.15082E+00 
-3.82197E+00 5.39156E+00 
-4.40568E+00 5.66597E+00 
-5.06612E+00 5.98012E+00 
-5.82290E+00 6.34007E+00 
-6.74135E+00 6.75075E+00 
-8.04369E+00 7.21434E+00 
-1.03217E+01 7.73687E+00 
-1.43057E+01 8.36751E+00 
-1.94153E+01 9.21155E+00 
-2.38563E+01 1.03034E+01 
-5.23758E-01 2.90202E+00 
-5.12881E-01 3.01001E+00 
-6.62782E-01 3.23498E+00 
-6.84191E-01 3.34220E+00 
-7.18702E-01 3.44941E+00 
-7.68950E-01 3.55762E+00 
-8.37551E-01 3.66802E+00 
-9.04851E-01 3.75580E+00 
-9.27063E-01 3.78196E+00 
-1.04986E+00 3.91052E+00 
-1.20280E+00 4.04706E+00 
-1.38866E+00 4.19392E+00 
-1.61000E+00 4.35365E+00 
-1.80025E+00 4.60681E+00 
-2.10358E+00 4.79524E+00 
-2.45314E+00 5.00575E+00 
-2.85163E+00 5.24279E+00 
-3.30202E+00 5.51122E+00 
-3.80959E+00 5.81628E+00 
-4.38921E+00 6.16357E+00 
-5.09304E+00 6.55931E+00 
-6.10075E+00 7.01267E+00 
-7.89093E+00 7.54837E+00 
-1.10475E+01 8.23120E+00 
-1.50831E+01 9.12759E+00 
-1.85367E+01 1.02040E+01 
-3.05783E-01 2.78572E+00 
-2.89830E-01 2.88529E+00 
-4.07849E-01 3.11141E+00 
-4.18108E-01 3.21135E+00 
-4.39438E-01 3.31223E+00 
-4.73858E-01 3.41501E+00 
-5.23335E-01 3.52081E+00 
-5.73153E-01 3.60552E+00 
-5.89759E-01 3.63085E+00 
-6.82425E-01 3.75581E+00 
-7.98964E-01 3.88912E+00 
-9.41274E-01 4.03282E+00 
-1.11102E+00 4.18912E+00 
-1.24402E+00 4.42472E+00 
-1.47570E+00 4.60732E+00 
-1.74243E+00 4.81083E+00 
-2.04570E+00 5.03900E+00 
-2.38719E+00 5.29592E+00 
-2.77028E+00 5.58605E+00 
-3.20616E+00 5.91448E+00 
-3.73616E+00 6.28812E+00 
-4.50479E+00 6.72090E+00 
-5.89693E+00 7.25018E+00 
-8.37655E+00 7.94978E+00 
-1.15362E+01 8.85581E+00 
-1.41927E+01 9.88675E+00 
-1.26145E-01 2.65870E+00 
-1.06424E-01 2.75007E+00 
-1.96011E-01 2.97334E+00 
-1.97273E-01 3.06566E+00 
-2.07804E-01 3.15963E+00 
-2.29115E-01 3.25614E+00 
-2.62649E-01 3.35619E+00 
-2.97850E-01 3.43672E+00 
-3.09764E-01 3.46087E+00 
-3.77219E-01 3.58030E+00 
-4.63329E-01 3.70810E+00 
-5.69323E-01 3.84601E+00 
-6.96213E-01 3.99592E+00 
-7.83110E-01 4.21237E+00 
-9.56153E-01 4.38608E+00 
-1.15525E+00 4.57920E+00 
-1.38101E+00 4.79486E+00 
-1.63410E+00 5.03644E+00 
-1.91655E+00 5.30769E+00 
-2.23660E+00 5.61313E+00 
-2.62679E+00 5.95997E+00 
-3.20261E+00 6.36513E+00 
-4.27167E+00 6.87393E+00 
-6.19993E+00 7.56424E+00 
-8.64860E+00 8.44890E+00 
-1.06652E+01 9.41421E+00 
2.08814E-02 2.52405E+00 
4.32745E-02 2.60753E+00 
-2.10557E-02 2.82447E+00 
-1.51813E-02 2.90906E+00 
-1.69846E-02 2.99578E+00 
-2.75661E-02 3.08545E+00 
-4.79516E-02 3.17895E+00 
-7.10507E-02 3.25453E+00 
-7.90780E-02 3.27724E+00 
-1.25632E-01 3.38975E+00 
-1.86541E-01 3.51039E+00 
-2.62528E-01 3.64064E+00 
-3.54117E-01 3.78206E+00 
-4.04346E-01 3.97859E+00 
-5.29773E-01 4.14132E+00 
-6.74060E-01 4.32176E+00 
-8.37178E-01 4.52250E+00 
-1.01909E+00 4.74627E+00 
-1.22081E+00 4.99616E+00 
-1.44827E+00 5.27615E+00 
-1.72687E+00 5.59342E+00 
-2.14828E+00 5.96652E+00 
-2.95662E+00 6.44513E+00 
-4.43813E+00 7.10755E+00 
-6.31270E+00 7.94909E+00 
-7.81883E+00 8.83625E+00 
1.40254E-01 2.38429E+00 
1.64410E-01 2.46025E+00 
1.22399E-01 2.66793E+00 
1.33807E-01 2.74482E+00 
1.38933E-01 2.82417E+00 
1.37006E-01 2.90669E+00 
1.27325E-01 2.99315E+00 
1.14123E-01 3.06326E+00 
1.09280E-01 3.08436E+00 
7.98563E-02 3.18903E+00 
3.95961E-02 3.30141E+00 
-1.18527E-02 3.42273E+00 
-7.46612E-02 3.55428E+00 
-9.61430E-02 3.73076E+00 
-1.83247E-01 3.88119E+00 
-2.83506E-01 4.04756E+00 
-3.96450E-01 4.23192E+00 
-5.21557E-01 4.43647E+00 
-6.59090E-01 4.66369E+00 
-8.13217E-01 4.91704E+00 
-1.00356E+00 5.20343E+00 
-1.30230E+00 5.54206E+00 
-1.90161E+00 5.98423E+00 
-3.02318E+00 6.60603E+00 
-4.43689E+00 7.39003E+00 
-5.53862E+00 8.19234E+00 
2.37542E-01 2.23931E+00 
2.62724E-01 2.30806E+00 
2.40583E-01 2.50383E+00 
2.56206E-01 2.57310E+00 
2.66782E-01 2.64500E+00 
2.71798E-01 2.72016E+00 
2.70810E-01 2.79921E+00 
2.65693E-01 2.86349E+00 
2.63456E-01 2.88286E+00 
2.48076E-01 2.97903E+00 
2.24750E-01 3.08235E+00 
1.93397E-01 3.19382E+00 
1.54100E-01 3.31453E+00 
1.55045E-01 3.47102E+00 
9.88914E-02 3.60826E+00 
3.41227E-02 3.75960E+00 
-3.84919E-02 3.92663E+00 
-1.18107E-01 4.11106E+00 
-2.04464E-01 4.31483E+00 
-3.00351E-01 4.54090E+00 
-4.20687E-01 4.79576E+00 
-6.21564E-01 5.09850E+00 
-1.05224E+00 5.50000E+00 
-1.88173E+00 6.07230E+00 
-2.92287E+00 6.78888E+00 
-3.70252E+00 7.50271E+00 
3.13391E-01 2.09539E+00 
3.38974E-01 2.15749E+00 
3.33825E-01 2.33957E+00 
3.52421E-01 2.40164E+00 
3.67019E-01 2.46641E+00 
3.77300E-01 2.53439E+00 
3.83012E-01 2.60613E+00 
3.84178E-01 2.66458E+00 
3.83972E-01 2.68220E+00 
3.79565E-01 2.76978E+00 
3.69492E-01 2.86388E+00 
3.53859E-01 2.96534E+00 
3.32919E-01 3.07500E+00 
3.50414E-01 3.21257E+00 
3.18195E-01 3.33662E+00 
2.80824E-01 3.47297E+00 
2.39249E-01 3.62284E+00 
1.94503E-01 3.78750E+00 
1.47189E-01 3.96845E+00 
9.55402E-02 4.16817E+00 
2.83244E-02 4.39267E+00 
-9.77319E-02 4.66037E+00 
-3.97719E-01 5.02032E+00 
-9.99198E-01 5.53937E+00 
-1.75068E+00 6.18518E+00 
-2.28412E+00 6.81287E+00 
3.72548E-01 1.95180E+00 
3.98049E-01 2.00770E+00 
4.07508E-01 2.17460E+00 
4.28094E-01 2.22986E+00 
4.45580E-01 2.28778E+00 
4.59793E-01 2.34880E+00 
4.70620E-01 2.41337E+00 
4.76641E-01 2.46606E+00 
4.78012E-01 2.48195E+00 
4.82154E-01 2.56096E+00 
4.82443E-01 2.64585E+00 
4.79113E-01 2.73727E+00 
4.72522E-01 2.83588E+00 
5.02061E-01 2.95556E+00 
4.88417E-01 3.06656E+00 
4.72276E-01 3.18813E+00 
4.54675E-01 3.32115E+00 
4.36742E-01 3.46654E+00 
4.19289E-01 3.62541E+00 
4.01308E-01 3.79980E+00 
3.74491E-01 3.99521E+00 
3.05894E-01 4.22901E+00 
1.07972E-01 4.54743E+00 
-3.13881E-01 5.01148E+00 
-8.38136E-01 5.58538E+00 
-1.18215E+00 6.13023E+00 
4.17580E-01 1.80983E+00 
4.42622E-01 1.86001E+00 
4.64451E-01 2.01067E+00 
4.86205E-01 2.05956E+00 
5.05619E-01 2.11102E+00 
5.22629E-01 2.16540E+00 
5.37224E-01 2.22306E+00 
5.46882E-01 2.27018E+00 
5.49443E-01 2.28439E+00 
5.60076E-01 2.35507E+00 
5.68282E-01 2.43096E+00 
5.74375E-01 2.51256E+00 
5.78780E-01 2.60038E+00 
6.16687E-01 2.70337E+00 
6.17214E-01 2.80172E+00 
6.17243E-01 2.90900E+00 
6.17838E-01 3.02581E+00 
6.20148E-01 3.15274E+00 
6.25095E-01 3.29061E+00 
6.32223E-01 3.44106E+00 
6.35522E-01 3.60905E+00 
6.10322E-01 3.81067E+00 
4.91137E-01 4.08873E+00 
2.09375E-01 4.49805E+00 
-1.38485E-01 5.00134E+00 
-3.38764E-01 5.46822E+00 
4.50661E-01 1.67061E+00 
4.74957E-01 1.71551E+00 
5.07051E-01 1.84929E+00 
5.29296E-01 1.89231E+00 
5.49840E-01 1.93775E+00 
5.68695E-01 1.98589E+00 
5.85919E-01 2.03703E+00 
5.98191E-01 2.07883E+00 
6.01616E-01 2.09145E+00 
6.17013E-01 2.15415E+00 
6.31091E-01 2.22141E+00 
6.44212E-01 2.29360E+00 
6.56835E-01 2.37108E+00 
7.00146E-01 2.45870E+00 
7.11253E-01 2.54499E+00 
7.23338E-01 2.63866E+00 
7.37439E-01 2.74008E+00 
7.54676E-01 2.84961E+00 
7.76009E-01 2.96777E+00 
8.01369E-01 3.09591E+00 
8.26535E-01 3.23841E+00 
8.33416E-01 3.40998E+00 
7.74070E-01 3.64965E+00 
6.00259E-01 4.00601E+00 
3.87637E-01 4.44169E+00 
2.94561E-01 4.83650E+00 
4.73663E-01 1.53490E+00 
4.97004E-01 1.57496E+00 
5.37391E-01 1.69157E+00 
5.59579E-01 1.72923E+00 
5.80599E-01 1.76913E+00 
6.00513E-01 1.81148E+00 
6.19427E-01 1.85650E+00 
6.33465E-01 1.89332E+00 
6.37485E-01 1.90443E+00 
6.56219E-01 1.95962E+00 
6.74488E-01 2.01872E+00 
6.92676E-01 2.08200E+00 
7.11250E-01 2.14968E+00 
7.57611E-01 2.22330E+00 
7.76413E-01 2.29820E+00 
7.97246E-01 2.37906E+00 
8.21093E-01 2.46604E+00 
8.49007E-01 2.55932E+00 
8.81931E-01 2.65920E+00 
9.20057E-01 2.76675E+00 
9.60545E-01 2.88581E+00 
9.90498E-01 3.02967E+00 
9.75833E-01 3.23339E+00 
8.84096E-01 3.53954E+00 
7.73707E-01 3.91171E+00 
7.58927E-01 4.24084E+00 
4.88099E-01 1.40379E+00 
5.10342E-01 1.43942E+00 
5.57153E-01 1.53901E+00 
5.78853E-01 1.57184E+00 
5.99822E-01 1.60669E+00 
6.20158E-01 1.64373E+00 
6.39994E-01 1.68312E+00 
6.55105E-01 1.71533E+00 
6.59499E-01 1.72504E+00 
6.80403E-01 1.77323E+00 
7.01488E-01 1.82472E+00 
7.23144E-01 1.87967E+00 
7.45830E-01 1.93822E+00 
7.93394E-01 1.99922E+00 
8.17570E-01 2.06350E+00 
8.44493E-01 2.13244E+00 
8.75068E-01 2.20605E+00 
9.10259E-01 2.28434E+00 
9.50951E-01 2.36747E+00 
9.97502E-01 2.45625E+00 
1.04812E+00 2.55406E+00 
1.09396E+00 2.67272E+00 
1.11176E+00 2.84338E+00 
1.08114E+00 3.10286E+00 
1.04638E+00 3.41653E+00 
1.08696E+00 3.68676E+00 
4.95325E-01 1.27801E+00 
5.16385E-01 1.30961E+00 
5.67870E-01 1.39266E+00 
5.88757E-01 1.42116E+00 
6.09271E-01 1.45146E+00 
6.29528E-01 1.48368E+00 
6.49679E-01 1.51794E+00 
6.65313E-01 1.54591E+00 
6.69907E-01 1.55433E+00 
6.92053E-01 1.59609E+00 
7.14863E-01 1.64055E+00 
7.38716E-01 1.68780E+00 
7.64053E-01 1.73789E+00 
8.11413E-01 1.78764E+00 
8.39132E-01 1.84209E+00 
8.70049E-01 1.90003E+00 
9.04976E-01 1.96136E+00 
9.44770E-01 2.02598E+00 
9.90238E-01 2.09390E+00 
1.04183E+00 2.16578E+00 
1.09852E+00 2.24451E+00 
1.15462E+00 2.34054E+00 
1.19520E+00 2.48121E+00 
1.20899E+00 2.69803E+00 
1.22874E+00 2.95862E+00 
1.30681E+00 3.17676E+00 
4.96516E-01 1.15824E+00 
5.16358E-01 1.18616E+00 
5.70889E-01 1.25347E+00 
5.90736E-01 1.27815E+00 
6.10497E-01 1.30439E+00 
6.30301E-01 1.33227E+00 
6.50307E-01 1.36187E+00 
6.66042E-01 1.38598E+00 
6.70700E-01 1.39323E+00 
6.93372E-01 1.42910E+00 
7.17059E-01 1.46711E+00 
7.42123E-01 1.50729E+00 
7.68974E-01 1.54961E+00 
8.15090E-01 1.58942E+00 
8.44928E-01 1.63486E+00 
8.78206E-01 1.68274E+00 
9.15634E-01 1.73290E+00 
9.57956E-01 1.78514E+00 
1.00588E+00 1.83941E+00 
1.05990E+00 1.89619E+00 
1.11956E+00 1.95801E+00 
1.18155E+00 2.03397E+00 
1.23732E+00 2.14782E+00 
1.28229E+00 2.32620E+00 
1.33993E+00 2.53937E+00 
1.44172E+00 2.71208E+00 
4.92699E-01 1.04487E+00 
5.11330E-01 1.06945E+00 
5.67413E-01 1.12209E+00 
5.86077E-01 1.14338E+00 
6.04886E-01 1.16600E+00 
6.23975E-01 1.18999E+00 
6.43503E-01 1.21538E+00 
6.59029E-01 1.23600E+00 
6.63653E-01 1.24219E+00 
6.86317E-01 1.27268E+00 
7.10246E-01 1.30481E+00 
7.35775E-01 1.33852E+00 
7.63277E-01 1.37374E+00 
8.07411E-01 1.40484E+00 
8.38279E-01 1.44204E+00 
8.72667E-01 1.48078E+00 
9.11179E-01 1.52084E+00 
9.54442E-01 1.56198E+00 
1.00307E+00 1.60410E+00 
1.05753E+00 1.64756E+00 
1.11781E+00 1.69452E+00 
1.18237E+00 1.75287E+00 
1.24742E+00 1.84304E+00 
1.31327E+00 1.98725E+00 
1.39591E+00 2.15859E+00 
1.51099E+00 2.29217E+00 
4.84781E-01 9.38356E-01 
5.02241E-01 9.59889E-01 
5.58526E-01 9.99152E-01 
5.75941E-01 1.01747E+00 
5.93686E-01 1.03688E+00 
6.11896E-01 1.05739E+00 
6.30725E-01 1.07898E+00 
6.45831E-01 1.09643E+00 
6.50351E-01 1.10165E+00 
6.72631E-01 1.12727E+00 
6.96342E-01 1.15403E+00 
7.21789E-01 1.18185E+00 
7.49303E-01 1.21061E+00 
7.90965E-01 1.23414E+00 
8.22044E-01 1.26387E+00 
8.56594E-01 1.29437E+00 
8.95116E-01 1.32538E+00 
9.38126E-01 1.35667E+00 
9.86129E-01 1.38808E+00 
1.03958E+00 1.41990E+00 
1.09873E+00 1.45399E+00 
1.16336E+00 1.49712E+00 
1.23319E+00 1.56665E+00 
1.31192E+00 1.68093E+00 
1.40968E+00 1.81590E+00 
1.53026E+00 1.91627E+00 
4.73577E-01 8.38996E-01 
4.89935E-01 8.57731E-01 
5.45227E-01 8.85099E-01 
5.61396E-01 9.00796E-01 
5.78040E-01 9.17340E-01 
5.95290E-01 9.34711E-01 
6.13297E-01 9.52881E-01 
6.27851E-01 9.67460E-01 
6.32223E-01 9.71804E-01 
6.53871E-01 9.92983E-01 
6.77049E-01 1.01487E+00 
7.02028E-01 1.03734E+00 
7.29096E-01 1.06024E+00 
7.67993E-01 1.07724E+00 
7.98677E-01 1.10023E+00 
8.32686E-01 1.12335E+00 
8.70423E-01 1.14635E+00 
9.12297E-01 1.16896E+00 
9.58714E-01 1.19106E+00 
1.01008E+00 1.21286E+00 
1.06685E+00 1.23595E+00 
1.12973E+00 1.26609E+00 
1.20096E+00 1.31790E+00 
1.28652E+00 1.40632E+00 
1.39191E+00 1.51010E+00 
1.51236E+00 1.58272E+00 
4.59824E-01 7.46957E-01 
4.75174E-01 7.63109E-01 
5.28450E-01 7.80176E-01 
5.43428E-01 7.93536E-01 
5.58997E-01 8.07506E-01 
5.75279E-01 8.22048E-01 
5.92413E-01 8.37107E-01 
6.06351E-01 8.49074E-01 
6.10551E-01 8.52619E-01 
6.31420E-01 8.69757E-01 
6.53864E-01 8.87204E-01 
6.78117E-01 9.04818E-01 
7.04420E-01 9.22435E-01 
7.40416E-01 9.33846E-01 
7.70264E-01 9.50809E-01 
8.03220E-01 9.67391E-01 
8.39595E-01 9.83342E-01 
8.79698E-01 9.98432E-01 
9.23844E-01 1.01252E+00 
9.72390E-01 1.02582E+00 
1.02590E+00 1.03966E+00 
1.08575E+00 1.05890E+00 
1.15590E+00 1.09573E+00 
1.24377E+00 1.16212E+00 
1.35130E+00 1.23956E+00 
1.46766E+00 1.28938E+00 
4.44201E-01 6.62294E-01 
4.58653E-01 6.76041E-01 
5.09072E-01 6.84452E-01 
5.22961E-01 6.95700E-01 
5.37527E-01 7.07333E-01 
5.52883E-01 7.19292E-01 
5.69157E-01 7.31509E-01 
5.82462E-01 7.41087E-01 
5.86481E-01 7.43901E-01 
6.06502E-01 7.57352E-01 
6.28096E-01 7.70763E-01 
6.51459E-01 7.83984E-01 
6.76785E-01 7.96849E-01 
7.09857E-01 8.03524E-01 
7.38556E-01 8.15138E-01 
7.70095E-01 8.25980E-01 
8.04699E-01 8.35824E-01 
8.42590E-01 8.44469E-01 
8.83999E-01 8.51801E-01 
9.29233E-01 8.58000E-01 
9.78919E-01 8.64207E-01 
1.03488E+00 8.74491E-01 
1.10221E+00 8.98869E-01 
1.18911E+00 9.46795E-01 
1.29483E+00 1.00232E+00 
1.40447E+00 1.03376E+00 
4.27329E-01 5.84916E-01 
4.41002E-01 5.96404E-01 
4.87914E-01 5.97787E-01 
5.00846E-01 6.07095E-01 
5.14516E-01 6.16573E-01 
5.29026E-01 6.26151E-01 
5.44488E-01 6.35749E-01 
5.57178E-01 6.43132E-01 
5.61017E-01 6.45276E-01 
5.80173E-01 6.55356E-01 
6.00861E-01 6.65101E-01 
6.23237E-01 6.74363E-01 
6.47449E-01 6.82983E-01 
6.77657E-01 6.85681E-01 
7.04989E-01 6.92601E-01 
7.34856E-01 6.98471E-01 
7.67410E-01 7.03099E-01 
8.02796E-01 7.06321E-01 
8.41175E-01 7.08052E-01 
8.82803E-01 7.08461E-01 
9.28339E-01 7.08516E-01 
9.79875E-01 7.11591E-01 
1.04321E+00 7.25821E-01 
1.12685E+00 7.58526E-01 
1.22808E+00 7.96139E-01 
1.32940E+00 8.13071E-01 
4.09776E-01 5.14621E-01 
4.22791E-01 5.23968E-01 
4.65743E-01 5.19874E-01 
4.77864E-01 5.27366E-01 
4.90762E-01 5.34830E-01 
5.04525E-01 5.42190E-01 
5.19248E-01 5.49361E-01 
5.31359E-01 5.54721E-01 
5.35026E-01 5.56250E-01 
5.53332E-01 5.63250E-01 
5.73094E-01 5.69676E-01 
5.94428E-01 5.75392E-01 
6.17442E-01 5.80254E-01 
6.44900E-01 5.79651E-01 
6.70714E-01 5.82510E-01 
6.98738E-01 5.84145E-01 
7.29062E-01 5.84403E-01 
7.61767E-01 5.83158E-01 
7.96952E-01 5.80361E-01 
8.34831E-01 5.76172E-01 
8.76072E-01 5.71415E-01 
9.22917E-01 5.68852E-01 
9.81530E-01 5.74997E-01 
1.06041E+00 5.95386E-01 
1.15540E+00 6.18624E-01 
1.24756E+00 6.24395E-01 
3.92025E-01 4.50986E-01 
4.04497E-01 4.58292E-01 
4.43215E-01 4.50136E-01 
4.54676E-01 4.55898E-01 
4.66929E-01 4.61457E-01 
4.80048E-01 4.66733E-01 
4.94109E-01 4.71645E-01 
5.05684E-01 4.75138E-01 
5.09188E-01 4.76102E-01 
5.26669E-01 4.80294E-01 
5.45502E-01 4.83732E-01 
5.65765E-01 4.86297E-01 
5.87523E-01 4.87868E-01 
6.12375E-01 4.84565E-01 
6.36567E-01 4.83968E-01 
6.62637E-01 4.82064E-01 
6.90621E-01 4.78741E-01 
7.20550E-01 4.73913E-01 
7.52475E-01 4.67562E-01 
7.86573E-01 4.59849E-01 
8.23504E-01 4.51464E-01 
8.65579E-01 4.44645E-01 
9.19082E-01 4.44514E-01 
9.92292E-01 4.55127E-01 
1.08003E+00 4.67052E-01 
1.16277E+00 4.64488E-01 
3.74593E-01 3.93846E-01 
3.86627E-01 3.99207E-01 
4.21033E-01 3.88248E-01 
4.31974E-01 3.92352E-01 
4.43702E-01 3.96105E-01 
4.56274E-01 3.99431E-01 
4.69748E-01 4.02252E-01 
4.80827E-01 4.04037E-01 
4.84179E-01 4.04487E-01 
5.00866E-01 4.06150E-01 
5.18775E-01 4.06937E-01 
5.37950E-01 4.06751E-01 
5.58424E-01 4.05499E-01 
5.80835E-01 4.00040E-01 
6.03344E-01 3.96581E-01 
6.27403E-01 3.91811E-01 
6.53006E-01 3.85654E-01 
6.80144E-01 3.78065E-01 
7.08832E-01 3.69054E-01 
7.39218E-01 3.58778E-01 
7.71949E-01 3.47818E-01 
8.09339E-01 3.37953E-01 
8.57630E-01 3.33129E-01 
9.24729E-01 3.36196E-01 
1.00479E+00 3.39465E-01 
1.07829E+00 3.30943E-01 
3.57764E-01 3.42416E-01 
3.69444E-01 3.45921E-01 
3.99592E-01 3.33203E-01 
4.10131E-01 3.35708E-01 
4.21431E-01 3.37744E-01 
4.33532E-01 3.39241E-01 
4.46475E-01 3.40131E-01 
4.57089E-01 3.40361E-01 
4.60293E-01 3.40347E-01 
4.76203E-01 3.39748E-01 
4.93187E-01 3.38208E-01 
5.11258E-01 3.35654E-01 
5.30419E-01 3.32019E-01 
5.50547E-01 3.24878E-01 
5.71331E-01 3.19108E-01 
5.93348E-01 3.12084E-01 
6.16560E-01 3.03766E-01 
6.40930E-01 2.94143E-01 
6.66448E-01 2.83249E-01 
6.93240E-01 2.71238E-01 
7.21934E-01 2.58590E-01 
7.54807E-01 2.46693E-01 
7.97947E-01 2.38496E-01 
8.58808E-01 2.35871E-01 
9.31134E-01 2.32670E-01 
9.95809E-01 2.20097E-01 
3.41834E-01 2.96207E-01 
3.53225E-01 2.97953E-01 
3.79294E-01 2.84321E-01 
3.89523E-01 2.85292E-01 
4.00468E-01 2.85707E-01 
4.12153E-01 2.85508E-01 
4.24600E-01 2.84639E-01 
4.34763E-01 2.83473E-01 
4.37824E-01 2.83046E-01 
4.52961E-01 2.80461E-01 
4.69011E-01 2.76920E-01 
4.85961E-01 2.72375E-01 
5.03788E-01 2.66787E-01 
5.21786E-01 2.58391E-01 
5.40824E-01 2.50828E-01 
5.60797E-01 2.42116E-01 
5.81646E-01 2.32247E-01 
6.03313E-01 2.21237E-01 
6.25772E-01 2.09140E-01 
6.49136E-01 1.96103E-01 
6.74011E-01 1.82515E-01 
7.02613E-01 1.69430E-01 
7.40801E-01 1.58961E-01 
7.95533E-01 1.52195E-01 
8.60342E-01 1.44331E-01 
9.16788E-01 1.29230E-01 
3.26992E-01 2.54638E-01 
3.38134E-01 2.54733E-01 
3.60395E-01 2.40832E-01 
3.70376E-01 2.40347E-01 
3.81010E-01 2.39253E-01 
3.92307E-01 2.37504E-01 
4.04272E-01 2.35057E-01 
4.13987E-01 2.32662E-01 
4.16903E-01 2.31876E-01 
4.31258E-01 2.27585E-01 
4.46355E-01 2.22368E-01 
4.62163E-01 2.16201E-01 
4.78639E-01 2.09069E-01 
4.94649E-01 1.99793E-01 
5.11937E-01 1.90915E-01 
5.29886E-01 1.81027E-01 
5.48424E-01 1.70146E-01 
5.67480E-01 1.58311E-01 
5.87021E-01 1.45589E-01 
6.07152E-01 1.32116E-01 
6.28458E-01 1.18204E-01 
6.53075E-01 1.04615E-01 
6.86594E-01 9.27687E-02 
7.35464E-01 8.31258E-02 
7.93146E-01 7.20557E-02 
8.42053E-01 5.56124E-02 
3.13351E-01 2.17148E-01 
3.24261E-01 2.15712E-01 
3.43046E-01 2.02013E-01 
3.52810E-01 2.00168E-01 
3.63151E-01 1.97692E-01 
3.74063E-01 1.94553E-01 
3.85539E-01 1.90724E-01 
3.94795E-01 1.87273E-01 
3.97561E-01 1.86182E-01 
4.11111E-01 1.80467E-01 
4.25231E-01 1.73893E-01 
4.39875E-01 1.66457E-01 
4.54986E-01 1.58166E-01 
4.69135E-01 1.48342E-01 
4.84682E-01 1.38581E-01 
5.00646E-01 1.27970E-01 
5.16944E-01 1.16546E-01 
5.33502E-01 1.04364E-01 
5.50287E-01 9.14983E-02 
5.67397E-01 7.80727E-02 
5.85400E-01 6.43256E-02 
6.06342E-01 5.07745E-02 
6.35522E-01 3.82607E-02 
6.78890E-01 2.67552E-02 
7.29941E-01 1.36359E-02 
7.72028E-01 -3.25014E-03 
3.00961E-01 1.83215E-01 
3.11637E-01 1.80386E-01 
3.27306E-01 1.67207E-01 
3.36858E-01 1.64118E-01 
3.46897E-01 1.60406E-01 
3.57408E-01 1.56052E-01 
3.68370E-01 1.51043E-01 
3.77144E-01 1.46713E-01 
3.79755E-01 1.45372E-01 
3.92466E-01 1.38514E-01 
4.05580E-01 1.30891E-01 
4.19038E-01 1.22521E-01 
4.32775E-01 1.13427E-01 
4.45178E-01 1.03347E-01 
4.59008E-01 9.30869E-02 
4.73037E-01 8.21474E-02 
4.87183E-01 7.05799E-02 
5.01372E-01 5.84477E-02 
5.15573E-01 4.58298E-02 
5.29884E-01 3.28337E-02 
5.44855E-01 1.96325E-02 
5.62440E-01 6.53520E-03 
5.87636E-01 -6.09372E-03 
6.25912E-01 -1.86627E-02 
6.70872E-01 -3.29299E-02 
7.06854E-01 -4.95935E-02 
2.89826E-01 1.52377E-01 
3.00247E-01 1.48304E-01 
3.13170E-01 1.35841E-01 
3.22487E-01 1.31644E-01 
3.32198E-01 1.26857E-01 
3.42274E-01 1.21475E-01 
3.52685E-01 1.15497E-01 
3.60948E-01 1.10467E-01 
3.63395E-01 1.08930E-01 
3.75230E-01 1.01202E-01 
3.87306E-01 9.28270E-02 
3.99558E-01 8.38339E-02 
4.11918E-01 7.42619E-02 
4.22679E-01 6.41784E-02 
4.34826E-01 5.37547E-02 
4.46986E-01 4.28232E-02 
4.59078E-01 3.14439E-02 
4.71036E-01 1.96853E-02 
4.82833E-01 7.62426E-03 
4.94571E-01 -4.64833E-03 
5.06781E-01 -1.70183E-02 
5.21322E-01 -2.93535E-02 
5.42893E-01 -4.16791E-02 
5.76507E-01 -5.46926E-02 
6.15931E-01 -6.94171E-02 
6.46490E-01 -8.53823E-02 
2.79910E-01 1.24209E-01 
2.90038E-01 1.19053E-01 
3.00571E-01 1.07414E-01 
3.09617E-01 1.02261E-01 
3.18953E-01 9.65734E-02 
3.28548E-01 9.03567E-02 
3.38362E-01 8.36229E-02 
3.46080E-01 7.80686E-02 
3.48353E-01 7.63894E-02 
3.59272E-01 6.80563E-02 
3.70280E-01 5.92040E-02 
3.81311E-01 4.98740E-02 
3.92297E-01 4.01146E-02 
4.01509E-01 3.02452E-02 
4.12017E-01 1.99451E-02 
4.22381E-01 9.30262E-03 
4.32528E-01 -1.61779E-03 
4.42398E-01 -1.27474E-02 
4.51972E-01 -2.40145E-02 
4.61358E-01 -3.53461E-02 
4.71068E-01 -4.66810E-02 
4.82869E-01 -5.80353E-02 
5.01165E-01 -6.97500E-02 
5.30543E-01 -8.27376E-02 
5.64970E-01 -9.74004E-02 
5.90741E-01 -1.12341E-01 
2.71194E-01 9.84694E-02 
2.80983E-01 9.24069E-02 
2.89466E-01 8.16308E-02 
2.98187E-01 7.56916E-02 
3.07097E-01 6.92886E-02 
3.16157E-01 6.24385E-02 
3.25325E-01 5.51625E-02 
3.32464E-01 4.92569E-02 
3.34556E-01 4.74869E-02 
3.44523E-01 3.87985E-02 
3.54442E-01 2.97253E-02 
3.64249E-01 2.03163E-02 
3.73877E-01 1.06250E-02 
3.81630E-01 1.15271E-03 
3.90560E-01 -8.78521E-03 
3.99219E-01 -1.89120E-02 
4.07541E-01 -2.91630E-02 
4.15478E-01 -3.94725E-02 
4.23019E-01 -4.97766E-02 
4.30278E-01 -6.00208E-02 
4.37749E-01 -7.01905E-02 
4.47108E-01 -8.04248E-02 
4.62477E-01 -9.13159E-02 
4.88048E-01 -1.03930E-01 
5.18010E-01 -1.18152E-01 
5.39594E-01 -1.31864E-01 
2.63500E-01 7.45311E-02 
2.72888E-01 6.77346E-02 
2.79599E-01 5.78331E-02 
2.87926E-01 5.12774E-02 
2.96342E-01 4.43423E-02 
3.04804E-01 3.70528E-02 
3.13267E-01 2.94376E-02 
3.19787E-01 2.33423E-02 
3.21685E-01 2.15293E-02 
3.30656E-01 1.27158E-02 
3.39456E-01 3.65316E-03 
3.48025E-01 -5.60588E-03 
3.56301E-01 -1.50058E-02 
3.62663E-01 -2.39218E-02 
3.70063E-01 -3.32966E-02 
3.77091E-01 -4.27208E-02 
3.83692E-01 -5.21328E-02 
3.89826E-01 -6.14725E-02 
3.95496E-01 -7.06858E-02 
4.00817E-01 -7.97368E-02 
4.06271E-01 -8.86521E-02 
4.13439E-01 -9.76724E-02 
4.26172E-01 -1.07589E-01 
4.48292E-01 -1.19573E-01 
4.74231E-01 -1.33078E-01 
4.92123E-01 -1.45429E-01 
2.56814E-01 5.23592E-02 
2.65732E-01 4.50157E-02 
2.70925E-01 3.59728E-02 
2.78787E-01 2.89836E-02 
2.86640E-01 2.17073E-02 
2.94442E-01 1.41750E-02 
3.02147E-01 6.42031E-03 
3.08013E-01 2.90719E-04 
3.09709E-01 -1.51996E-03 
3.17652E-01 -1.02443E-02 
3.25318E-01 -1.90870E-02 
3.32653E-01 -2.79951E-02 
3.39603E-01 -3.69140E-02 
3.44647E-01 -4.51457E-02 
3.50586E-01 -5.37995E-02 
3.56078E-01 -6.23812E-02 
3.61076E-01 -7.08347E-02 
3.65556E-01 -7.91075E-02 
3.69527E-01 -8.71566E-02 
3.73111E-01 -9.49637E-02 
3.76772E-01 -1.02591E-01 
3.82004E-01 -1.10362E-01 
3.92395E-01 -1.19218E-01 
4.11427E-01 -1.30396E-01 
4.33784E-01 -1.42996E-01 
4.48459E-01 -1.53935E-01 
2.51003E-01 3.16659E-02 
2.59376E-01 2.39637E-02 
2.63256E-01 1.57610E-02 
2.70574E-01 8.52243E-03 
2.77793E-01 1.09272E-03 
2.84871E-01 -6.49319E-03 
2.91764E-01 -1.41989E-02 
2.96943E-01 -2.02188E-02 
2.98429E-01 -2.19856E-02 
3.05313E-01 -3.04264E-02 
3.11833E-01 -3.88641E-02 
3.17941E-01 -4.72477E-02 
3.23593E-01 -5.55262E-02 
3.27387E-01 -6.29685E-02 
3.31933E-01 -7.07774E-02 
3.35979E-01 -7.84119E-02 
3.39492E-01 -8.58230E-02 
3.42454E-01 -9.29672E-02 
3.44888E-01 -9.98130E-02 
3.46919E-01 -1.06359E-01 
3.48993E-01 -1.12698E-01 
3.52516E-01 -1.19216E-01 
3.60829E-01 -1.26969E-01 
3.77096E-01 -1.37223E-01 
3.96259E-01 -1.48795E-01 
4.08133E-01 -1.58317E-01 
2.45941E-01 1.22909E-02 
2.53689E-01 4.42016E-03 
2.56419E-01 -2.95672E-03 
2.63113E-01 -1.02614E-02 
2.69626E-01 -1.76615E-02 
2.75918E-01 -2.51204E-02 
2.81949E-01 -3.26008E-02 
2.86413E-01 -3.83792E-02 
2.87681E-01 -4.00643E-02 
2.93484E-01 -4.80484E-02 
2.98852E-01 -5.59200E-02 
3.03748E-01 -6.36324E-02 
3.08135E-01 -7.11404E-02 
3.10743E-01 -7.77118E-02 
3.13971E-01 -8.45842E-02 
3.16666E-01 -9.11997E-02 
3.18808E-01 -9.75175E-02 
3.20389E-01 -1.03504E-01 
3.21442E-01 -1.09139E-01 
3.22093E-01 -1.14437E-01 
3.22771E-01 -1.19514E-01 
3.24798E-01 -1.24808E-01 
3.31274E-01 -1.31450E-01 
3.45068E-01 -1.40709E-01 
3.61389E-01 -1.51183E-01 
3.70831E-01 -1.59319E-01 
2.41481E-01 -5.86456E-03 
2.48521E-01 -1.37148E-02 
2.50226E-01 -2.02717E-02 
2.56217E-01 -2.74636E-02 
2.61957E-01 -3.46593E-02 
2.67407E-01 -4.18222E-02 
2.72534E-01 -4.89161E-02 
2.76257E-01 -5.43345E-02 
2.77303E-01 -5.59045E-02 
2.82009E-01 -6.32809E-02 
2.86230E-01 -7.04502E-02 
2.89935E-01 -7.73719E-02 
2.93100E-01 -8.40078E-02 
2.94587E-01 -8.96490E-02 
2.96575E-01 -9.55233E-02 
2.98018E-01 -1.01078E-01 
2.98905E-01 -1.06281E-01 
2.99239E-01 -1.11109E-01 
2.99060E-01 -1.15552E-01 
2.98498E-01 -1.19639E-01 
2.97961E-01 -1.23507E-01 
2.98687E-01 -1.27628E-01 
3.03547E-01 -1.33179E-01 
3.15137E-01 -1.41411E-01 
3.28934E-01 -1.50756E-01 
3.36273E-01 -1.57567E-01 
2.37455E-01 -2.28369E-02 
2.43707E-01 -3.04831E-02 
2.44480E-01 -3.62164E-02 
2.49696E-01 -4.31255E-02 
2.54601E-01 -4.99540E-02 
2.59162E-01 -5.66669E-02 
2.63349E-01 -6.32308E-02 
2.66315E-01 -6.81863E-02 
2.67136E-01 -6.96126E-02 
2.70742E-01 -7.62540E-02 
2.73830E-01 -8.26107E-02 
2.76378E-01 -8.86493E-02 
2.78370E-01 -9.43395E-02 
2.78807E-01 -9.90137E-02 
2.79639E-01 -1.03856E-01 
2.79931E-01 -1.08335E-01 
2.79680E-01 -1.12429E-01 
2.78900E-01 -1.16122E-01 
2.77637E-01 -1.19417E-01 
2.76019E-01 -1.22352E-01 
2.74436E-01 -1.25082E-01 
2.74045E-01 -1.28098E-01 
2.77494E-01 -1.32602E-01 
2.87126E-01 -1.39805E-01 
2.98686E-01 -1.48025E-01 
3.04218E-01 -1.53591E-01 
2.33710E-01 -3.84600E-02 
2.39109E-01 -4.57326E-02 
2.39027E-01 -5.06396E-02 
2.43414E-01 -5.71143E-02 
2.47442E-01 -6.34345E-02 
2.51087E-01 -6.95685E-02 
2.54322E-01 -7.54863E-02 
2.56533E-01 -7.98990E-02 
2.57129E-01 -8.11598E-02 
2.59656E-01 -8.69734E-02 
2.61647E-01 -9.24430E-02 
2.63092E-01 -9.75429E-02 
2.63984E-01 -1.02251E-01 
2.63453E-01 -1.05953E-01 
2.63231E-01 -1.09766E-01 
2.62487E-01 -1.13191E-01 
2.61228E-01 -1.16214E-01 
2.59475E-01 -1.18830E-01 
2.57278E-01 -1.21048E-01 
2.54766E-01 -1.22919E-01 
2.52307E-01 -1.24605E-01 
2.50979E-01 -1.26612E-01 
2.53218E-01 -1.30140E-01 
2.61133E-01 -1.36347E-01 
2.70738E-01 -1.43479E-01 
2.74741E-01 -1.47909E-01 
2.29976E-01 -5.29722E-02 
2.34450E-01 -5.97094E-02 
2.33558E-01 -6.37677E-02 
2.37057E-01 -6.96661E-02 
2.40165E-01 -7.53473E-02 
2.42862E-01 -8.07837E-02 
2.45130E-01 -8.59504E-02 
2.46581E-01 -8.97483E-02 
2.46955E-01 -9.08243E-02 
2.48415E-01 -9.57282E-02 
2.49340E-01 -1.00246E-01 
2.49728E-01 -1.04361E-01 
2.49580E-01 -1.08059E-01 
2.48152E-01 -1.10787E-01 
2.46963E-01 -1.13578E-01 
2.45285E-01 -1.15972E-01 
2.43129E-01 -1.17963E-01 
2.40525E-01 -1.19555E-01 
2.37525E-01 -1.20766E-01 
2.34256E-01 -1.21652E-01 
2.31066E-01 -1.22383E-01 
2.28950E-01 -1.23468E-01 
2.30144E-01 -1.26084E-01 
2.36535E-01 -1.31328E-01 
2.44404E-01 -1.37413E-01 
2.47103E-01 -1.40801E-01 
2.26101E-01 -6.60596E-02 
2.29607E-01 -7.21262E-02 
2.27952E-01 -7.53268E-02 
2.30536E-01 -8.05362E-02 
2.32709E-01 -8.54793E-02 
2.34458E-01 -9.01335E-02 
2.35771E-01 -9.44791E-02 
2.36484E-01 -9.76187E-02 
2.36642E-01 -9.84988E-02 
2.37080E-01 -1.02452E-01 
2.36999E-01 -1.05995E-01 
2.36404E-01 -1.09119E-01 
2.35304E-01 -1.11818E-01 
2.33070E-01 -1.13604E-01 
2.31024E-01 -1.15416E-01 
2.28529E-01 -1.16838E-01 
2.25604E-01 -1.17871E-01 
2.22282E-01 -1.18525E-01 
2.18620E-01 -1.18824E-01 
2.14738E-01 -1.18831E-01 
2.10965E-01 -1.18719E-01 
2.08216E-01 -1.18989E-01 
2.08532E-01 -1.20783E-01 
2.13598E-01 -1.25128E-01 
2.19962E-01 -1.30235E-01 
2.21578E-01 -1.32699E-01 
2.21876E-01 -7.76637E-02 
2.24387E-01 -8.29477E-02 
2.22011E-01 -8.52851E-02 
2.23667E-01 -8.97169E-02 
2.24907E-01 -9.38475E-02 
2.25723E-01 -9.76595E-02 
2.26110E-01 -1.01139E-01 
2.26114E-01 -1.03595E-01 
2.26067E-01 -1.04274E-01 
2.25541E-01 -1.07259E-01 
2.24524E-01 -1.09828E-01 
2.23029E-01 -1.11978E-01 
2.21071E-01 -1.13710E-01 
2.18127E-01 -1.14603E-01 
2.15333E-01 -1.15496E-01 
2.12140E-01 -1.16018E-01 
2.08570E-01 -1.16176E-01 
2.04661E-01 -1.15986E-01 
2.00468E-01 -1.15478E-01 
1.96109E-01 -1.14716E-01 
1.91888E-01 -1.13873E-01 
1.88646E-01 -1.13438E-01 
1.88237E-01 -1.14503E-01 
1.92159E-01 -1.18020E-01 
1.97221E-01 -1.22228E-01 
1.97948E-01 -1.23885E-01 
2.17130E-01 -8.76626E-02 
2.18640E-01 -9.20814E-02 
2.15589E-01 -9.35613E-02 
2.16328E-01 -9.71561E-02 
2.16657E-01 -1.00429E-01 
2.16575E-01 -1.03367E-01 
2.16082E-01 -1.05963E-01 
2.15422E-01 -1.07733E-01 
2.15183E-01 -1.08211E-01 
2.13766E-01 -1.10240E-01 
2.11899E-01 -1.11861E-01 
2.09599E-01 -1.13078E-01 
2.06886E-01 -1.13898E-01 
2.03333E-01 -1.13964E-01 
1.99908E-01 -1.14016E-01 
1.96136E-01 -1.13725E-01 
1.92046E-01 -1.13105E-01 
1.87675E-01 -1.12175E-01 
1.83080E-01 -1.10969E-01 
1.78372E-01 -1.09553E-01 
1.73832E-01 -1.08096E-01 
1.70226E-01 -1.07066E-01 
1.69234E-01 -1.07500E-01 
1.72178E-01 -1.10270E-01 
1.76125E-01 -1.13665E-01 
1.76139E-01 -1.14633E-01 
2.11703E-01 -9.59798E-02 
2.12229E-01 -9.94793E-02 
2.08553E-01 -1.00120E-01 
2.08404E-01 -1.02845E-01 
2.07863E-01 -1.05241E-01 
2.06934E-01 -1.07300E-01 
2.05623E-01 -1.09020E-01 
2.04352E-01 -1.10117E-01 
2.03939E-01 -1.10399E-01 
2.01718E-01 -1.11508E-01 
1.99095E-01 -1.12229E-01 
1.96092E-01 -1.12573E-01 
1.92733E-01 -1.12552E-01 
1.88676E-01 -1.11869E-01 
1.84734E-01 -1.11168E-01 
1.80503E-01 -1.10161E-01 
1.76013E-01 -1.08865E-01 
1.71302E-01 -1.07304E-01 
1.66425E-01 -1.05511E-01 
1.61487E-01 -1.03555E-01 
1.56744E-01 -1.01599E-01 
1.52893E-01 -1.00084E-01 
1.51444E-01 -9.99826E-02 
1.53563E-01 -1.02088E-01 
1.56565E-01 -1.04761E-01 
1.56020E-01 -1.05152E-01 
2.05491E-01 -1.02529E-01 
2.05072E-01 -1.05088E-01 
2.00834E-01 -1.04923E-01 
1.99847E-01 -1.06776E-01 
1.98497E-01 -1.08304E-01 
1.96791E-01 -1.09506E-01 
1.94740E-01 -1.10383E-01 
1.92924E-01 -1.10840E-01 
1.92356E-01 -1.10938E-01 
1.89430E-01 -1.11183E-01 
1.86157E-01 -1.11074E-01 
1.82562E-01 -1.10623E-01 
1.78670E-01 -1.09848E-01 
1.74216E-01 -1.08507E-01 
1.69874E-01 -1.07152E-01 
1.65301E-01 -1.05533E-01 
1.60527E-01 -1.03671E-01 
1.55592E-01 -1.01589E-01 
1.50546E-01 -9.93237E-02 
1.45487E-01 -9.69409E-02 
1.40649E-01 -9.45952E-02 
1.36660E-01 -9.27018E-02 
1.34871E-01 -9.21613E-02 
1.36304E-01 -9.36896E-02 
1.38517E-01 -9.57311E-02 
1.37549E-01 -9.56532E-02 
1.98428E-01 -1.07276E-01 
1.97128E-01 -1.08901E-01 
1.92397E-01 -1.07982E-01 
1.90642E-01 -1.08987E-01 
1.88560E-01 -1.09683E-01 
1.86162E-01 -1.10072E-01 
1.83461E-01 -1.10159E-01 
1.81173E-01 -1.10025E-01 
1.80473E-01 -1.09953E-01 
1.76950E-01 -1.09413E-01 
1.73139E-01 -1.08557E-01 
1.69065E-01 -1.07404E-01 
1.64757E-01 -1.05972E-01 
1.60013E-01 -1.04072E-01 
1.55384E-01 -1.02168E-01 
1.50581E-01 -1.00045E-01 
1.45635E-01 -9.77246E-02 
1.40582E-01 -9.52328E-02 
1.35471E-01 -9.26053E-02 
1.30391E-01 -8.99043E-02 
1.25552E-01 -8.72751E-02 
1.21518E-01 -8.51027E-02 
1.19494E-01 -8.42149E-02 
1.20369E-01 -8.52516E-02 
1.21932E-01 -8.67531E-02 
1.20661E-01 -8.63064E-02 
1.90492E-01 -1.10229E-01 
1.88390E-01 -1.10957E-01 
1.83247E-01 -1.09349E-01 
1.80809E-01 -1.09553E-01 
1.78085E-01 -1.09472E-01 
1.75089E-01 -1.09112E-01 
1.71838E-01 -1.08482E-01 
1.69158E-01 -1.07816E-01 
1.68348E-01 -1.07593E-01 
1.64341E-01 -1.06358E-01 
1.60106E-01 -1.04853E-01 
1.55670E-01 -1.03098E-01 
1.51060E-01 -1.01114E-01 
1.46129E-01 -9.87554E-02 
1.41321E-01 -9.64084E-02 
1.36394E-01 -9.38884E-02 
1.31377E-01 -9.12178E-02 
1.26303E-01 -8.84224E-02 
1.21220E-01 -8.55365E-02 
1.16206E-01 -8.26187E-02 
1.11450E-01 -7.98033E-02 
1.07454E-01 -7.74437E-02 
1.05286E-01 -7.62941E-02 
1.05716E-01 -7.69218E-02 
1.06753E-01 -7.79705E-02 
1.05282E-01 -7.72460E-02 
1.81725E-01 -1.11437E-01 
1.78918E-01 -1.11330E-01 
1.73450E-01 -1.09112E-01 
1.70426E-01 -1.08583E-01 
1.67161E-01 -1.07800E-01 
1.63671E-01 -1.06773E-01 
1.59975E-01 -1.05512E-01 
1.56985E-01 -1.04384E-01 
1.56091E-01 -1.04030E-01 
1.51716E-01 -1.02201E-01 
1.47172E-01 -1.00151E-01 
1.42485E-01 -9.79017E-02 
1.37683E-01 -9.54732E-02 
1.32664E-01 -9.27600E-02 
1.27779E-01 -9.00753E-02 
1.22825E-01 -8.72628E-02 
1.17828E-01 -8.43446E-02 
1.12822E-01 -8.13456E-02 
1.07847E-01 -7.82982E-02 
1.02973E-01 -7.52561E-02 
9.83702E-02 -7.23424E-02 
9.44816E-02 -6.98783E-02 
9.22481E-02 -6.85452E-02 
9.23338E-02 -6.88425E-02 
9.29569E-02 -6.95209E-02 
9.13714E-02 -6.86001E-02 
1.72168E-01 -1.11000E-01 
1.68764E-01 -1.10134E-01 
1.63062E-01 -1.07395E-01 
1.59555E-01 -1.06215E-01 
1.55855E-01 -1.04817E-01 
1.51978E-01 -1.03212E-01 
1.47944E-01 -1.01413E-01 
1.44726E-01 -9.98972E-02 
1.43771E-01 -9.94346E-02 
1.39140E-01 -9.71176E-02 
1.34397E-01 -9.46296E-02 
1.29567E-01 -9.19913E-02 
1.24677E-01 -8.92239E-02 
1.19660E-01 -8.62544E-02 
1.14789E-01 -8.33318E-02 
1.09893E-01 -8.03244E-02 
1.04999E-01 -7.72533E-02 
1.00135E-01 -7.41417E-02 
9.53367E-02 -7.10194E-02 
9.06674E-02 -6.79352E-02 
8.62747E-02 -6.50001E-02 
8.25501E-02 -6.25037E-02 
8.03178E-02 -6.10564E-02 
8.01467E-02 -6.10945E-02 
8.04507E-02 -6.14773E-02 
7.88223E-02 -6.04305E-02 
1.62039E-01 -1.09072E-01 
1.58155E-01 -1.07549E-01 
1.52314E-01 -1.04386E-01 
1.48436E-01 -1.02653E-01 
1.44410E-01 -1.00739E-01 
1.40255E-01 -9.86589E-02 
1.35990E-01 -9.64254E-02 
1.32626E-01 -9.46015E-02 
1.31633E-01 -9.40535E-02 
1.26856E-01 -9.13589E-02 
1.22019E-01 -8.85414E-02 
1.17146E-01 -8.56213E-02 
1.12260E-01 -8.26188E-02 
1.07326E-01 -7.94876E-02 
1.02549E-01 -7.64217E-02 
9.77858E-02 -7.33099E-02 
9.30609E-02 -7.01718E-02 
8.83990E-02 -6.70288E-02 
8.38318E-02 -6.39075E-02 
7.94141E-02 -6.08517E-02 
7.52747E-02 -5.79604E-02 
7.17566E-02 -5.54927E-02 
6.95792E-02 -5.39920E-02 
6.92281E-02 -5.38370E-02 
6.92970E-02 -5.39937E-02 
6.76828E-02 -5.28813E-02 
1.51295E-01 -1.05788E-01 
1.47045E-01 -1.03704E-01 
1.41155E-01 -1.00212E-01 
1.37009E-01 -9.80200E-02 
1.32760E-01 -9.56871E-02 
1.28429E-01 -9.32272E-02 
1.24031E-01 -9.06548E-02 
1.20595E-01 -8.85965E-02 
1.19586E-01 -8.79847E-02 
1.14761E-01 -8.50135E-02 
1.09924E-01 -8.19656E-02 
1.05096E-01 -7.88597E-02 
1.00298E-01 -7.57145E-02 
9.55185E-02 -7.25058E-02 
9.09041E-02 -6.93792E-02 
8.63379E-02 -6.62417E-02 
8.18401E-02 -6.31111E-02 
7.74324E-02 -6.00063E-02 
7.31418E-02 -5.69506E-02 
6.90152E-02 -5.39825E-02 
6.51644E-02 -5.11895E-02 
6.18875E-02 -4.88012E-02 
5.98084E-02 -4.72973E-02 
5.93390E-02 -4.70042E-02 
5.92399E-02 -4.69920E-02 
5.76845E-02 -4.58628E-02 
1.40182E-01 -1.01351E-01 
1.35681E-01 -9.88148E-02 
1.29829E-01 -9.50921E-02 
1.25519E-01 -9.25419E-02 
1.21149E-01 -8.98897E-02 
1.16737E-01 -8.71496E-02 
1.12300E-01 -8.43355E-02 
1.08861E-01 -8.21165E-02 
1.07856E-01 -8.14619E-02 
1.03073E-01 -7.83133E-02 
9.83208E-02 -7.51299E-02 
9.36166E-02 -7.19289E-02 
8.89784E-02 -6.87269E-02 
8.44114E-02 -6.55168E-02 
8.00168E-02 -6.24035E-02 
7.56975E-02 -5.93094E-02 
7.14710E-02 -5.62501E-02 
6.73552E-02 -5.32419E-02 
6.33728E-02 -5.03049E-02 
5.95635E-02 -4.74722E-02 
5.60233E-02 -4.48206E-02 
5.30098E-02 -4.25516E-02 
5.10616E-02 -4.10862E-02 
5.05259E-02 -4.07037E-02 
5.03163E-02 -4.05736E-02 
4.88526E-02 -3.94670E-02 
1.28860E-01 -9.59645E-02 
1.24217E-01 -9.30849E-02 
1.18483E-01 -8.92244E-02 
1.14105E-01 -8.64149E-02 
1.09707E-01 -8.35402E-02 
1.05304E-01 -8.06139E-02 
1.00912E-01 -7.76494E-02 
9.75305E-02 -7.53380E-02 
9.65459E-02 -7.46603E-02 
9.18851E-02 -7.14247E-02 
8.72892E-02 -6.81915E-02 
8.27739E-02 -6.49759E-02 
7.83541E-02 -6.17922E-02 
7.40470E-02 -5.86461E-02 
6.99166E-02 -5.56089E-02 
6.58828E-02 -5.26158E-02 
6.19597E-02 -4.96800E-02 
5.81622E-02 -4.68155E-02 
5.45087E-02 -4.40388E-02 
5.10323E-02 -4.13783E-02 
4.78148E-02 -3.89002E-02 
4.50776E-02 -3.67805E-02 
4.32830E-02 -3.53862E-02 
4.27228E-02 -3.49548E-02 
4.24487E-02 -3.47495E-02 
4.11000E-02 -3.36957E-02 
1.17488E-01 -8.98355E-02 
1.12805E-01 -8.67165E-02 
1.07260E-01 -8.28050E-02 
1.02902E-01 -7.98294E-02 
9.85575E-02 -7.68224E-02 
9.42409E-02 -7.37968E-02 
8.99663E-02 -7.07651E-02 
8.66961E-02 -6.84228E-02 
8.57470E-02 -6.77394E-02 
8.12741E-02 -6.44971E-02 
7.68946E-02 -6.12893E-02 
7.26215E-02 -5.81285E-02 
6.84663E-02 -5.50269E-02 
6.44549E-02 -5.19993E-02 
6.06215E-02 -4.90896E-02 
5.69000E-02 -4.62436E-02 
5.33018E-02 -4.34726E-02 
4.98384E-02 -4.07876E-02 
4.65245E-02 -3.82023E-02 
4.33874E-02 -3.57402E-02 
4.04961E-02 -3.34583E-02 
3.80396E-02 -3.15089E-02 
3.64133E-02 -3.02099E-02 
3.58608E-02 -2.97625E-02 
3.55584E-02 -2.95165E-02 
3.43391E-02 -2.85374E-02 
1.06221E-01 -8.31658E-02 
1.01588E-01 -7.99050E-02 
9.62933E-02 -7.60208E-02 
9.20325E-02 -7.29647E-02 
8.78137E-02 -6.99073E-02 
8.36502E-02 -6.68604E-02 
7.95541E-02 -6.38350E-02 
7.64383E-02 -6.15157E-02 
7.55369E-02 -6.08419E-02 
7.13057E-02 -5.76623E-02 
6.71898E-02 -5.45433E-02 
6.31995E-02 -5.14956E-02 
5.93435E-02 -4.85283E-02 
5.56524E-02 -4.56627E-02 
5.21379E-02 -4.29208E-02 
4.87453E-02 -4.02575E-02 
4.54832E-02 -3.76817E-02 
4.23605E-02 -3.52020E-02 
3.93885E-02 -3.28293E-02 
3.65889E-02 -3.05828E-02 
3.40197E-02 -2.85107E-02 
3.18415E-02 -2.67444E-02 
3.03907E-02 -2.55577E-02 
2.98698E-02 -2.51198E-02 
2.95665E-02 -2.48603E-02 
2.84836E-02 -2.39704E-02 
9.51999E-02 -7.61448E-02 
9.06953E-02 -7.28309E-02 
8.57009E-02 -6.90426E-02 
8.16023E-02 -6.59825E-02 
7.75694E-02 -6.29470E-02 
7.36139E-02 -5.99466E-02 
6.97458E-02 -5.69909E-02 
6.68189E-02 -5.47404E-02 
6.59747E-02 -5.40891E-02 
6.20265E-02 -5.10299E-02 
5.82096E-02 -4.80522E-02 
5.45313E-02 -4.51640E-02 
5.09977E-02 -4.23723E-02 
4.76417E-02 -3.97019E-02 
4.44582E-02 -3.71578E-02 
4.14017E-02 -3.47025E-02 
3.84786E-02 -3.23428E-02 
3.56952E-02 -3.00850E-02 
3.30596E-02 -2.79374E-02 
3.05892E-02 -2.59154E-02 
2.83320E-02 -2.40596E-02 
2.64240E-02 -2.24822E-02 
2.51498E-02 -2.14180E-02 
2.46772E-02 -2.10086E-02 
2.43927E-02 -2.07562E-02 
2.34477E-02 -1.99638E-02 
8.45489E-02 -6.89475E-02 
8.02393E-02 -6.56591E-02 
7.55847E-02 -6.20250E-02 
7.17019E-02 -5.90271E-02 
6.79035E-02 -5.60755E-02 
6.41993E-02 -5.31790E-02 
6.05974E-02 -5.03458E-02 
5.78854E-02 -4.82018E-02 
5.71052E-02 -4.75833E-02 
5.34700E-02 -4.46912E-02 
4.99760E-02 -4.18959E-02 
4.66282E-02 -3.92031E-02 
4.34302E-02 -3.66176E-02 
4.04152E-02 -3.41656E-02 
3.75659E-02 -3.18398E-02 
3.48447E-02 -2.96089E-02 
3.22559E-02 -2.74774E-02 
2.98034E-02 -2.54500E-02 
2.74929E-02 -2.35325E-02 
2.53379E-02 -2.17370E-02 
2.33778E-02 -2.00972E-02 
2.17270E-02 -1.87087E-02 
2.06256E-02 -1.77717E-02 
2.02118E-02 -1.74040E-02 
1.99594E-02 -1.71733E-02 
1.91489E-02 -1.64817E-02 
7.43728E-02 -6.17282E-02 
7.03123E-02 -5.85329E-02 
6.60263E-02 -5.51010E-02 
6.24016E-02 -5.22214E-02 
5.88750E-02 -4.94051E-02 
5.54544E-02 -4.66595E-02 
5.21460E-02 -4.39912E-02 
4.96668E-02 -4.19832E-02 
4.89555E-02 -4.14058E-02 
4.56522E-02 -3.87165E-02 
4.24950E-02 -3.61342E-02 
3.94866E-02 -3.36624E-02 
3.66285E-02 -3.13041E-02 
3.39526E-02 -2.90853E-02 
3.14335E-02 -2.69898E-02 
2.90401E-02 -2.49914E-02 
2.67746E-02 -2.30930E-02 
2.46394E-02 -2.12975E-02 
2.26378E-02 -1.96086E-02 
2.07801E-02 -1.80358E-02 
1.90984E-02 -1.66067E-02 
1.76885E-02 -1.54022E-02 
1.67522E-02 -1.45923E-02 
1.64025E-02 -1.42745E-02 
1.61900E-02 -1.40751E-02 
1.55070E-02 -1.34832E-02 
6.47389E-02 -5.46076E-02 
6.09702E-02 -5.15625E-02 
5.70726E-02 -4.83710E-02 
5.37380E-02 -4.56556E-02 
5.05106E-02 -4.30162E-02 
4.73962E-02 -4.04588E-02 
4.43996E-02 -3.79882E-02 
4.21641E-02 -3.61387E-02 
4.15244E-02 -3.56084E-02 
3.85633E-02 -3.31481E-02 
3.57485E-02 -3.08001E-02 
3.30807E-02 -2.85664E-02 
3.05598E-02 -2.64480E-02 
2.82150E-02 -2.44697E-02 
2.60165E-02 -2.26095E-02 
2.39382E-02 -2.08454E-02 
2.19810E-02 -1.91789E-02 
2.01455E-02 -1.76114E-02 
1.84335E-02 -1.61451E-02 
1.68523E-02 -1.47867E-02 
1.54282E-02 -1.35591E-02 
1.42409E-02 -1.25302E-02 
1.34589E-02 -1.18437E-02 
1.31748E-02 -1.15799E-02 
1.30057E-02 -1.14171E-02 
1.24409E-02 -1.09209E-02 
5.57959E-02 -4.77622E-02 
5.23476E-02 -4.49117E-02 
4.88454E-02 -4.19867E-02 
4.58201E-02 -3.94698E-02 
4.29064E-02 -3.70373E-02 
4.01089E-02 -3.46936E-02 
3.74304E-02 -3.24423E-02 
3.54410E-02 -3.07653E-02 
3.48731E-02 -3.02858E-02 
3.22528E-02 -2.80690E-02 
2.97750E-02 -2.59660E-02 
2.74390E-02 -2.39769E-02 
2.52429E-02 -2.21012E-02 
2.32132E-02 -2.03618E-02 
2.13178E-02 -1.87334E-02 
1.95349E-02 -1.71975E-02 
1.78642E-02 -1.57545E-02 
1.63052E-02 -1.44044E-02 
1.48583E-02 -1.31482E-02 
1.35286E-02 -1.19907E-02 
1.23373E-02 -1.09504E-02 
1.13506E-02 -1.00843E-02 
1.07091E-02 -9.51343E-03 
1.04877E-02 -9.30371E-03 
1.03619E-02 -9.17894E-03 
9.90315E-03 -8.77099E-03 
4.74758E-02 -4.11971E-02 
4.43700E-02 -3.85776E-02 
4.12671E-02 -3.59396E-02 
3.85649E-02 -3.36483E-02 
3.59751E-02 -3.14460E-02 
3.35005E-02 -2.93357E-02 
3.11428E-02 -2.73194E-02 
2.93992E-02 -2.58247E-02 
2.89027E-02 -2.53985E-02 
2.66189E-02 -2.34348E-02 
2.44705E-02 -2.15825E-02 
2.24555E-02 -1.98405E-02 
2.05710E-02 -1.82071E-02 
1.88400E-02 -1.67024E-02 
1.72302E-02 -1.53000E-02 
1.57235E-02 -1.39844E-02 
1.43186E-02 -1.27549E-02 
1.30141E-02 -1.16107E-02 
1.18095E-02 -1.05518E-02 
1.07082E-02 -9.58133E-03 
9.72709E-03 -8.71429E-03 
8.92076E-03 -7.99816E-03 
8.40600E-03 -7.53443E-03 
8.24317E-03 -7.37670E-03 
8.15819E-03 -7.28919E-03 
7.79373E-03 -6.96156E-03 
3.98752E-02 -3.50375E-02 
3.71221E-02 -3.26739E-02 
3.44123E-02 -3.03329E-02 
3.20365E-02 -2.82842E-02 
2.97704E-02 -2.63253E-02 
2.76153E-02 -2.44581E-02 
2.55718E-02 -2.26834E-02 
2.40670E-02 -2.13739E-02 
2.36395E-02 -2.10014E-02 
2.16792E-02 -1.92912E-02 
1.98447E-02 -1.76870E-02 
1.81329E-02 -1.61866E-02 
1.65400E-02 -1.47874E-02 
1.50857E-02 -1.35068E-02 
1.37388E-02 -1.23187E-02 
1.24844E-02 -1.12099E-02 
1.13207E-02 -1.01791E-02 
1.02455E-02 -9.22499E-03 
9.25763E-03 -8.34661E-03 
8.35920E-03 -7.54609E-03 
7.56361E-03 -6.83533E-03 
6.91586E-03 -6.25382E-03 
6.51240E-03 -5.88626E-03 
6.40150E-03 -5.77595E-03 
6.35273E-03 -5.72246E-03 
6.06960E-03 -5.46549E-03 
3.30127E-02 -2.93432E-02 
3.06135E-02 -2.72507E-02 
2.82839E-02 -2.52092E-02 
2.62302E-02 -2.34114E-02 
2.42804E-02 -2.17013E-02 
2.24349E-02 -2.00793E-02 
2.06930E-02 -1.85456E-02 
1.94157E-02 -1.74189E-02 
1.90537E-02 -1.70993E-02 
1.73988E-02 -1.56365E-02 
1.58579E-02 -1.42717E-02 
1.44273E-02 -1.30022E-02 
1.31029E-02 -1.18247E-02 
1.19007E-02 -1.07536E-02 
1.07921E-02 -9.76441E-03 
9.76473E-03 -8.84607E-03 
8.81631E-03 -7.99683E-03 
7.94445E-03 -7.21482E-03 
7.14746E-03 -6.49874E-03 
6.42654E-03 -5.84980E-03 
5.79230E-03 -5.27750E-03 
5.28162E-03 -4.81452E-03 
4.97377E-03 -4.53118E-03 
4.90699E-03 -4.46217E-03 
4.88854E-03 -4.43792E-03 
4.67389E-03 -4.24148E-03 
2.68984E-02 -2.41623E-02 
2.48458E-02 -2.23471E-02 
2.28775E-02 -2.05997E-02 
2.11345E-02 -1.90534E-02 
1.94872E-02 -1.75897E-02 
1.79353E-02 -1.62083E-02 
1.64772E-02 -1.49085E-02 
1.54124E-02 -1.39578E-02 
1.51114E-02 -1.36888E-02 
1.37391E-02 -1.24615E-02 
1.24679E-02 -1.13225E-02 
1.12935E-02 -1.02686E-02 
1.02118E-02 -9.29628E-03 
9.23541E-03 -8.41714E-03 
8.33901E-03 -7.60885E-03 
7.51238E-03 -6.86235E-03 
6.75303E-03 -6.17560E-03 
6.05848E-03 -5.54651E-03 
5.42684E-03 -4.97353E-03 
4.85866E-03 -4.45727E-03 
4.36233E-03 -4.00528E-03 
3.96793E-03 -3.64449E-03 
3.74020E-03 -3.43296E-03 
3.70910E-03 -3.39811E-03 
3.71435E-03 -3.39738E-03 
3.55584E-03 -3.25128E-03 
2.15310E-02 -1.95290E-02 
1.98101E-02 -1.79881E-02 
1.81785E-02 -1.65229E-02 
1.67286E-02 -1.52213E-02 
1.53645E-02 -1.39949E-02 
1.40850E-02 -1.28432E-02 
1.28885E-02 -1.17645E-02 
1.20182E-02 -1.09790E-02 
1.17727E-02 -1.07573E-02 
1.06570E-02 -9.74873E-03 
9.62850E-03 -8.81763E-03 
8.68310E-03 -7.96057E-03 
7.81660E-03 -7.17393E-03 
7.03882E-03 -6.46678E-03 
6.32788E-03 -5.81959E-03 
5.67547E-03 -5.22491E-03 
5.07913E-03 -4.68062E-03 
4.53641E-03 -4.18462E-03 
4.04541E-03 -3.73528E-03 
3.60628E-03 -3.33282E-03 
3.22564E-03 -2.98324E-03 
2.92788E-03 -2.70862E-03 
2.76544E-03 -2.55648E-03 
2.76140E-03 -2.54819E-03 
2.78353E-03 -2.56477E-03 
2.66967E-03 -2.45920E-03 
1.69027E-02 -1.54676E-02 
1.54912E-02 -1.41898E-02 
1.41669E-02 -1.29882E-02 
1.29867E-02 -1.19175E-02 
1.18813E-02 -1.09134E-02 
1.08490E-02 -9.97460E-03 
9.88784E-03 -9.09948E-03 
9.19150E-03 -8.46480E-03 
8.99550E-03 -8.28606E-03 
8.10741E-03 -7.47553E-03 
7.29265E-03 -6.73099E-03 
6.54736E-03 -6.04910E-03 
5.86760E-03 -5.42639E-03 
5.26074E-03 -4.86974E-03 
4.70846E-03 -4.36259E-03 
4.20411E-03 -3.89891E-03 
3.74537E-03 -3.47667E-03 
3.32996E-03 -3.09386E-03 
2.95612E-03 -2.74895E-03 
2.62377E-03 -2.44189E-03 
2.33811E-03 -2.17749E-03 
2.11877E-03 -1.97368E-03 
2.00774E-03 -1.86894E-03 
2.02243E-03 -1.87955E-03 
2.05484E-03 -1.90723E-03 
1.97525E-03 -1.83309E-03 
1.29815E-02 -1.19768E-02 
1.18517E-02 -1.09440E-02 
1.08017E-02 -9.98248E-03 
9.86403E-03 -9.12373E-03 
8.98937E-03 -8.32184E-03 
8.17605E-03 -7.57543E-03 
7.42201E-03 -6.88269E-03 
6.87780E-03 -6.38227E-03 
6.72496E-03 -6.24165E-03 
6.03434E-03 -5.60584E-03 
5.40373E-03 -5.02463E-03 
4.82963E-03 -4.49492E-03 
4.30850E-03 -4.01355E-03 
3.84571E-03 -3.58557E-03 
3.42640E-03 -3.19740E-03 
3.04532E-03 -2.84424E-03 
2.70040E-03 -2.52426E-03 
2.38964E-03 -2.23565E-03 
2.11147E-03 -1.97703E-03 
1.86571E-03 -1.74826E-03 
1.65644E-03 -1.55314E-03 
1.49923E-03 -1.40604E-03 
1.42716E-03 -1.33764E-03 
1.45293E-03 -1.35993E-03 
1.48963E-03 -1.39291E-03 
1.43537E-03 -1.34219E-03 
9.75942E-03 -9.07267E-03 
8.87642E-03 -8.25855E-03 
8.06286E-03 -7.50732E-03 
7.33517E-03 -6.83521E-03 
6.65903E-03 -6.21014E-03 
6.03282E-03 -5.63068E-03 
5.45460E-03 -5.09512E-03 
5.03880E-03 -4.70968E-03 
4.92227E-03 -4.60160E-03 
4.39712E-03 -4.11426E-03 
3.91978E-03 -3.67082E-03 
3.48721E-03 -3.26856E-03 
3.09639E-03 -2.90475E-03 
2.75111E-03 -2.58298E-03 
2.43963E-03 -2.29244E-03 
2.15791E-03 -2.02938E-03 
1.90418E-03 -1.79223E-03 
1.67676E-03 -1.57944E-03 
1.47430E-03 -1.38982E-03 
1.29660E-03 -1.22320E-03 
1.14682E-03 -1.08255E-03 
1.03706E-03 -9.79192E-04 
9.92845E-04 -9.37030E-04 
1.02299E-03 -9.64501E-04 
1.05890E-03 -9.97726E-04 
1.02240E-03 -9.63503E-04 
7.17480E-03 -6.71892E-03 
6.50112E-03 -6.09287E-03 
5.88516E-03 -5.51972E-03 
5.33357E-03 -5.00625E-03 
4.82295E-03 -4.53050E-03 
4.35182E-03 -4.09114E-03 
3.91848E-03 -3.68665E-03 
3.60796E-03 -3.39657E-03 
3.52110E-03 -3.31540E-03 
3.13074E-03 -2.95035E-03 
2.77749E-03 -2.61968E-03 
2.45885E-03 -2.32111E-03 
2.17232E-03 -2.05235E-03 
1.92048E-03 -1.81589E-03 
1.69434E-03 -1.60335E-03 
1.49082E-03 -1.41189E-03 
1.30848E-03 -1.24018E-03 
1.14592E-03 -1.08695E-03 
1.00206E-03 -9.51212E-04 
8.76689E-04 -8.32794E-04 
7.72166E-04 -7.33946E-04 
6.97630E-04 -6.63314E-04 
6.72110E-04 -6.38907E-04 
7.01294E-04 -6.66237E-04 
7.32555E-04 -6.95741E-04 
7.07949E-04 -6.72587E-04 
5.16797E-03 -4.87619E-03 
4.66398E-03 -4.40415E-03 
4.20633E-03 -3.97502E-03 
3.79630E-03 -3.59030E-03 
3.41810E-03 -3.23514E-03 
3.07047E-03 -2.90838E-03 
2.75196E-03 -2.60873E-03 
2.52456E-03 -2.39462E-03 
2.46109E-03 -2.33483E-03 
2.17661E-03 -2.06668E-03 
1.92040E-03 -1.82495E-03 
1.69044E-03 -1.60775E-03 
1.48471E-03 -1.41326E-03 
1.30493E-03 -1.24312E-03 
1.14433E-03 -1.09099E-03 
1.00062E-03 -9.54717E-04 
8.72623E-04 -8.33229E-04 
7.59230E-04 -7.25500E-04 
6.59562E-04 -6.30720E-04 
5.73394E-04 -5.48697E-04 
5.02392E-04 -4.81043E-04 
4.53123E-04 -4.34038E-04 
4.39071E-04 -4.20583E-04 
4.63462E-04 -4.43844E-04 
4.87605E-04 -4.66977E-04 
4.70649E-04 -4.50923E-04 
3.65842E-03 -3.48115E-03 
3.28529E-03 -3.12856E-03 
2.94869E-03 -2.81018E-03 
2.64743E-03 -2.52499E-03 
2.37073E-03 -2.26282E-03 
2.11755E-03 -2.02271E-03 
1.88669E-03 -1.80357E-03 
1.72260E-03 -1.64769E-03 
1.67692E-03 -1.60427E-03 
1.47288E-03 -1.41023E-03 
1.29023E-03 -1.23636E-03 
1.12733E-03 -1.08113E-03 
9.82561E-04 -9.43041E-04 
8.56967E-04 -8.23126E-04 
7.45552E-04 -7.16649E-04 
6.46591E-04 -6.21985E-04 
5.59134E-04 -5.38247E-04 
4.82291E-04 -4.64603E-04 
4.15338E-04 -4.00378E-04 
3.58013E-04 -3.45342E-04 
3.11362E-04 -3.00516E-04 
2.79734E-04 -2.70108E-04 
2.71949E-04 -2.62643E-04 
2.89406E-04 -2.79520E-04 
3.05474E-04 -2.95104E-04 
2.93469E-04 -2.83628E-04 
2.54163E-03 -2.44291E-03 
2.26540E-03 -2.17900E-03 
2.01823E-03 -1.94263E-03 
1.79796E-03 -1.73182E-03 
1.59700E-03 -1.53933E-03 
1.41441E-03 -1.36429E-03 
1.24916E-03 -1.20573E-03 
1.13250E-03 -1.09372E-03 
1.10016E-03 -1.06265E-03 
9.56474E-04 -9.24551E-04 
8.29035E-04 -8.01956E-04 
7.16473E-04 -6.93576E-04 
6.17455E-04 -5.98151E-04 
5.32479E-04 -5.16186E-04 
4.57896E-04 -4.44185E-04 
3.92388E-04 -3.80890E-04 
3.35167E-04 -3.25557E-04 
2.85498E-04 -2.77486E-04 
2.42765E-04 -2.36094E-04 
2.06652E-04 -2.01088E-04 
1.77664E-04 -1.72969E-04 
1.58294E-04 -1.54176E-04 
1.53577E-04 -1.49624E-04 
1.63710E-04 -1.59530E-04 
1.72267E-04 -1.67915E-04 
1.63869E-04 -1.59786E-04 
1.68627E-03 -1.64001E-03 
1.48399E-03 -1.44409E-03 
1.30524E-03 -1.27085E-03 
1.14765E-03 -1.11802E-03 
1.00561E-03 -9.80191E-04 
8.78183E-04 -8.56455E-04 
7.64359E-04 -7.45860E-04 
6.84985E-04 -6.68693E-04 
6.63134E-04 -6.47443E-04 
5.66942E-04 -5.53858E-04 
4.82978E-04 -4.72112E-04 
4.10032E-04 -4.01045E-04 
3.46954E-04 -3.39549E-04 
2.93779E-04 -2.87671E-04 
2.47935E-04 -2.42916E-04 
2.08410E-04 -2.04303E-04 
1.74542E-04 -1.71195E-04 
1.45722E-04 -1.43002E-04 
1.21422E-04 -1.19215E-04 
1.01296E-04 -9.95011E-05 
8.54232E-05 -8.39450E-05 
7.48647E-05 -7.35947E-05 
7.18178E-05 -7.06170E-05 
7.59024E-05 -7.46474E-05 
7.88706E-05 -7.75826E-05 
7.37102E-05 -7.25224E-05 
9.48542E-04 -9.34400E-04 
8.15081E-04 -8.03186E-04 
6.99755E-04 -6.89765E-04 
6.00279E-04 -5.91902E-04 
5.12661E-04 -5.05677E-04 
4.35908E-04 -4.30118E-04 
3.69029E-04 -3.64258E-04 
3.23446E-04 -3.19355E-04 
3.11063E-04 -3.07154E-04 
2.57485E-04 -2.54354E-04 
2.12099E-04 -2.09609E-04 
1.73882E-04 -1.71916E-04 
1.41893E-04 -1.40352E-04 
1.15819E-04 -1.14613E-04 
9.41060E-05 -9.31694E-05 
7.60521E-05 -7.53310E-05 
6.11601E-05 -6.06094E-05 
4.89816E-05 -4.85640E-05 
3.91281E-05 -3.88129E-05 
3.12969E-05 -3.10587E-05 
2.53407E-05 -2.51578E-05 
2.14098E-05 -2.12617E-05 
1.99388E-05 -1.98040E-05 
2.05398E-05 -2.04021E-05 
2.07427E-05 -2.06047E-05 
1.87871E-05 -1.86625E-05 
2.36220E-04 -2.36220E-04 
1.85208E-04 -1.85208E-04 
1.43795E-04 -1.43795E-04 
1.10318E-04 -1.10318E-04 
8.28586E-05 -8.28586E-05 
6.06074E-05 -6.06074E-05 
4.28136E-05 -4.28136E-05 
3.16692E-05 -3.16692E-05 
2.87953E-05 -2.87953E-05 
1.72069E-05 -1.72069E-05 
8.61799E-06 -8.61799E-06 
2.44058E-06 -2.44058E-06 
-1.82730E-06 1.82730E-06 
-4.56872E-06 4.56872E-06 
-6.21917E-06 6.21917E-06 
-7.05030E-06 7.05030E-06 
-7.27268E-06 7.27268E-06 
-7.06127E-06 7.06127E-06 
-6.56038E-06 6.56038E-06 
-5.89172E-06 5.89172E-06 
-5.17082E-06 5.17082E-06 
-4.53823E-06 4.53823E-06 
-4.16830E-06 4.16830E-06 
-4.07669E-06 4.07669E-06 
-3.86482E-06 3.86482E-06 
-3.22014E-06 3.22014E-06 
---
