PdfType: replica
Format: lhagrid1
---
1.00000E-06 1.28121E-06 1.64152E-06 2.10317E-06 2.69463E-06 3.45242E-06 4.42329E-06 5.66715E-06 7.26076E-06 9.30241E-06 1.19180E-05 1.52689E-05 1.95617E-05 2.50609E-05 3.21053E-05 4.11287E-05 5.26863E-05 6.74889E-05 8.64459E-05 1.10720E-04 1.41800E-04 1.81585E-04 2.32503E-04 2.97652E-04 3.80981E-04 4.87518E-04 6.26039E-04 8.00452E-04 1.02297E-03 1.30657E-03 1.66759E-03 2.12729E-03 2.71054E-03 3.44865E-03 4.37927E-03 5.54908E-03 7.01192E-03 8.83064E-03 1.10763E-02 1.38266E-02 1.71641E-02 2.11717E-02 2.59364E-02 3.15062E-02 3.79623E-02 4.53425E-02 5.36750E-02 6.29705E-02 7.32221E-02 8.44039E-02 9.64793E-02 1.09332E-01 1.23067E-01 1.37507E-01 1.52639E-01 1.68416E-01 1.84794E-01 2.01731E-01 2.19016E-01 2.36948E-01 2.55242E-01 2.73927E-01 2.92954E-01 3.12340E-01 3.32036E-01 3.52019E-01 3.72282E-01 3.92772E-01 4.13533E-01 4.34326E-01 4.55495E-01 4.76836E-01 4.98342E-01 5.20006E-01 5.41818E-01 5.63773E-01 5.85861E-01 6.08077E-01 6.30459E-01 6.52800E-01 6.75387E-01 6.98063E-01 7.20830E-01 7.43683E-01 7.66623E-01 7.89636E-01 8.12791E-01 8.35940E-01 8.59175E-01 8.82485E-01 9.05866E-01 9.29311E-01 9.52817E-01 9.76387E-01 1.00000E+00 
1.14018E+00 1.22539E+00 1.32482E+00 1.44156E+00 1.57954E+00 1.74381E+00 1.94091E+00 2.12132E+00 2.17945E+00 2.49622E+00 2.89383E+00 3.39925E+00 4.05063E+00 4.90286E+00 6.03623E+00 7.57063E+00 9.68869E+00 1.26749E+01 1.69835E+01 2.33578E+01 3.30501E+01 4.82334E+01 7.28041E+01 1.13998E+02 1.85779E+02 3.16228E+02 
908 909 
-9.22953E+02 1.46628E+02 
-9.20022E+02 1.48090E+02 
-9.15234E+02 1.48012E+02 
-9.08613E+02 1.48646E+02 
-9.02065E+02 1.49148E+02 
-8.95650E+02 1.49474E+02 
-8.89441E+02 1.49573E+02 
-8.84836E+02 1.49456E+02 
-8.83530E+02 1.49385E+02 
-8.77617E+02 1.48789E+02 
-8.72343E+02 1.47698E+02 
-8.67911E+02 1.46019E+02 
-8.64559E+02 1.43656E+02 
-8.63788E+02 1.40315E+02 
-8.65069E+02 1.35879E+02 
-8.68644E+02 1.30490E+02 
-8.75056E+02 1.24030E+02 
-8.85077E+02 1.16379E+02 
-9.00042E+02 1.07401E+02 
-9.22996E+02 9.68980E+01 
-9.62693E+02 8.43939E+01 
-1.04588E+03 6.83370E+01 
-1.23782E+03 4.41837E+01 
-1.60773E+03 4.83732E+00 
-2.07488E+03 -4.84184E+01 
-2.45066E+03 -1.02459E+02 
-6.98054E+02 1.21384E+02 
-6.95337E+02 1.22356E+02 
-6.91303E+02 1.21938E+02 
-6.85843E+02 1.22238E+02 
-6.80459E+02 1.22428E+02 
-6.75203E+02 1.22469E+02 
-6.70138E+02 1.22317E+02 
-6.66400E+02 1.22036E+02 
-6.65344E+02 1.21923E+02 
-6.60589E+02 1.21165E+02 
-6.56403E+02 1.19992E+02 
-6.52960E+02 1.18329E+02 
-6.50464E+02 1.16098E+02 
-6.50224E+02 1.13165E+02 
-6.51721E+02 1.09289E+02 
-6.55167E+02 1.04640E+02 
-6.61012E+02 9.91291E+01 
-6.69883E+02 9.26645E+01 
-6.82852E+02 8.51433E+01 
-7.02330E+02 7.64089E+01 
-7.35225E+02 6.60671E+01 
-8.02622E+02 5.28006E+01 
-9.56064E+02 3.27608E+01 
-1.25064E+03 4.40062E-02 
-1.62340E+03 -4.39755E+01 
-1.92553E+03 -8.80215E+01 
-5.24853E+02 9.87620E+01 
-5.22465E+02 9.94298E+01 
-5.19199E+02 9.88762E+01 
-5.14781E+02 9.89962E+01 
-5.10437E+02 9.90240E+01 
-5.06213E+02 9.89264E+01 
-5.02166E+02 9.86659E+01 
-4.99199E+02 9.83265E+01 
-4.98365E+02 9.82013E+01 
-4.94635E+02 9.74212E+01 
-4.91411E+02 9.62946E+01 
-4.88840E+02 9.47613E+01 
-4.87097E+02 9.27602E+01 
-4.87308E+02 9.02765E+01 
-4.88989E+02 8.69795E+01 
-4.92324E+02 8.30599E+01 
-4.97683E+02 7.84502E+01 
-5.05576E+02 7.30820E+01 
-5.16862E+02 6.68785E+01 
-5.33455E+02 5.97170E+01 
-5.60803E+02 5.12702E+01 
-6.15540E+02 4.04210E+01 
-7.38422E+02 2.39144E+01 
-9.73330E+02 -3.14638E+00 
-1.27117E+03 -3.93487E+01 
-1.51437E+03 -7.50255E+01 
-3.92595E+02 7.94397E+01 
-3.90572E+02 7.99259E+01 
-3.88009E+02 7.93540E+01 
-3.84488E+02 7.93910E+01 
-3.81039E+02 7.93513E+01 
-3.77701E+02 7.92060E+01 
-3.74524E+02 7.89234E+01 
-3.72214E+02 7.85890E+01 
-3.71568E+02 7.84695E+01 
-3.68708E+02 7.77464E+01 
-3.66295E+02 7.67351E+01 
-3.64454E+02 7.53878E+01 
-3.63333E+02 7.36571E+01 
-3.63889E+02 7.16155E+01 
-3.65690E+02 6.88717E+01 
-3.68892E+02 6.56294E+01 
-3.73797E+02 6.18381E+01 
-3.80822E+02 5.74481E+01 
-3.90654E+02 5.24028E+01 
-4.04810E+02 4.66070E+01 
-4.27593E+02 3.97897E+01 
-4.72140E+02 3.10060E+01 
-5.70708E+02 1.75120E+01 
-7.58299E+02 -4.73831E+00 
-9.96589E+02 -3.43415E+01 
-1.19256E+03 -6.30414E+01 
-2.92364E+02 6.35003E+01 
-2.90693E+02 6.38808E+01 
-2.88727E+02 6.33481E+01 
-2.85956E+02 6.33584E+01 
-2.83252E+02 6.33044E+01 
-2.80650E+02 6.31614E+01 
-2.78192E+02 6.29027E+01 
-2.76422E+02 6.26053E+01 
-2.75931E+02 6.25001E+01 
-2.73783E+02 6.18711E+01 
-2.72026E+02 6.10030E+01 
-2.70768E+02 5.98585E+01 
-2.70136E+02 5.84014E+01 
-2.70928E+02 5.67654E+01 
-2.72777E+02 5.45233E+01 
-2.75809E+02 5.18843E+01 
-2.80273E+02 4.88119E+01 
-2.86505E+02 4.52706E+01 
-2.95057E+02 4.12201E+01 
-3.07132E+02 3.65871E+01 
-3.26131E+02 3.11484E+01 
-3.62439E+02 2.41083E+01 
-4.41621E+02 1.31635E+01 
-5.91633E+02 -5.01308E+00 
-7.82517E+02 -2.90663E+01 
-9.40579E+02 -5.19792E+01 
-2.16878E+02 5.06667E+01 
-2.15519E+02 5.09850E+01 
-2.14039E+02 5.05136E+01 
-2.11878E+02 5.05259E+01 
-2.09779E+02 5.04838E+01 
-2.07771E+02 5.03663E+01 
-2.05891E+02 5.01514E+01 
-2.04553E+02 4.99034E+01 
-2.04185E+02 4.98157E+01 
-2.02601E+02 4.92914E+01 
-2.01360E+02 4.85697E+01 
-2.00552E+02 4.76218E+01 
-2.00284E+02 4.64202E+01 
-2.01217E+02 4.51398E+01 
-2.03047E+02 4.33363E+01 
-2.05874E+02 4.12191E+01 
-2.09902E+02 3.87626E+01 
-2.15403E+02 3.59426E+01 
-2.22818E+02 3.27313E+01 
-2.33103E+02 2.90733E+01 
-2.48948E+02 2.47856E+01 
-2.78571E+02 1.92020E+01 
-3.42264E+02 1.03990E+01 
-4.62378E+02 -4.34462E+00 
-6.15465E+02 -2.37508E+01 
-7.43045E+02 -4.18885E+01 
-1.60310E+02 4.04955E+01 
-1.59216E+02 4.07752E+01 
-1.58118E+02 4.03687E+01 
-1.56444E+02 4.03948E+01 
-1.54825E+02 4.03746E+01 
-1.53287E+02 4.02905E+01 
-1.51863E+02 4.01241E+01 
-1.50864E+02 3.99270E+01 
-1.50592E+02 3.98566E+01 
-1.49445E+02 3.94335E+01 
-1.48597E+02 3.88482E+01 
-1.48124E+02 3.80787E+01 
-1.48117E+02 3.71052E+01 
-1.49111E+02 3.61268E+01 
-1.50870E+02 3.46972E+01 
-1.53466E+02 3.30220E+01 
-1.57067E+02 3.10837E+01 
-1.61893E+02 2.88671E+01 
-1.68297E+02 2.63541E+01 
-1.77037E+02 2.35036E+01 
-1.90242E+02 2.01667E+01 
-2.14427E+02 1.57888E+01 
-2.65717E+02 8.77321E+00 
-3.62007E+02 -3.09250E+00 
-4.84910E+02 -1.86263E+01 
-5.87944E+02 -3.28452E+01 
-1.18082E+02 3.25048E+01 
-1.17204E+02 3.27575E+01 
-1.16401E+02 3.24112E+01 
-1.15109E+02 3.24541E+01 
-1.13866E+02 3.24572E+01 
-1.12695E+02 3.24060E+01 
-1.11624E+02 3.22855E+01 
-1.10885E+02 3.21352E+01 
-1.10687E+02 3.20807E+01 
-1.09873E+02 3.17486E+01 
-1.09317E+02 3.12840E+01 
-1.09086E+02 3.06707E+01 
-1.09254E+02 2.98946E+01 
-1.10252E+02 2.91674E+01 
-1.11901E+02 2.80512E+01 
-1.14253E+02 2.67446E+01 
-1.17443E+02 2.52369E+01 
-1.21650E+02 2.35192E+01 
-1.27156E+02 2.15811E+01 
-1.34562E+02 1.93929E+01 
-1.45555E+02 1.68344E+01 
-1.65306E+02 1.34472E+01 
-2.06646E+02 7.91387E+00 
-2.83919E+02 -1.55213E+00 
-3.82679E+02 -1.38755E+01 
-4.65919E+02 -2.48961E+01 
-8.66496E+01 2.62460E+01 
-8.59453E+01 2.64773E+01 
-8.53654E+01 2.61843E+01 
-8.43707E+01 2.62425E+01 
-8.34188E+01 2.62666E+01 
-8.25304E+01 2.62445E+01 
-8.17300E+01 2.61641E+01 
-8.11895E+01 2.60546E+01 
-8.10469E+01 2.60138E+01 
-8.04807E+01 2.57605E+01 
-8.01387E+01 2.53998E+01 
-8.00765E+01 2.49202E+01 
-8.03562E+01 2.43122E+01 
-8.13162E+01 2.37906E+01 
-8.28324E+01 2.29339E+01 
-8.49367E+01 2.19317E+01 
-8.77392E+01 2.07780E+01 
-9.13833E+01 1.94693E+01 
-9.60944E+01 1.80006E+01 
-1.02350E+02 1.63513E+01 
-1.11489E+02 1.44254E+01 
-1.27617E+02 1.18463E+01 
-1.60962E+02 7.53486E+00 
-2.23031E+02 5.90382E-02 
-3.02450E+02 -9.61663E+00 
-3.69709E+02 -1.80421E+01 
-6.33057E+01 2.13370E+01 
-6.27396E+01 2.15499E+01 
-6.23280E+01 2.13033E+01 
-6.15626E+01 2.13740E+01 
-6.08348E+01 2.14153E+01 
-6.01628E+01 2.14174E+01 
-5.95679E+01 2.13709E+01 
-5.91765E+01 2.12958E+01 
-5.90754E+01 2.12667E+01 
-5.86924E+01 2.10802E+01 
-5.85032E+01 2.08075E+01 
-5.85544E+01 2.04409E+01 
-5.88976E+01 1.99744E+01 
-5.97940E+01 1.96196E+01 
-6.11653E+01 1.89759E+01 
-6.30275E+01 1.82228E+01 
-6.54699E+01 1.73583E+01 
-6.86077E+01 1.63823E+01 
-7.26204E+01 1.52942E+01 
-7.78871E+01 1.40803E+01 
-8.54700E+01 1.26647E+01 
-9.86361E+01 1.07406E+01 
-1.25545E+02 7.43033E+00 
-1.75440E+02 1.59590E+00 
-2.39344E+02 -5.90817E+00 
-2.93687E+02 -1.22409E+01 
-4.60034E+01 1.74697E+01 
-4.55466E+01 1.76656E+01 
-4.52616E+01 1.74601E+01 
-4.46724E+01 1.75402E+01 
-4.41163E+01 1.75949E+01 
-4.36091E+01 1.76167E+01 
-4.31694E+01 1.75982E+01 
-4.28893E+01 1.75519E+01 
-4.28191E+01 1.75326E+01 
-4.25696E+01 1.74021E+01 
-4.24873E+01 1.72035E+01 
-4.26109E+01 1.69318E+01 
-4.29833E+01 1.65836E+01 
-4.38010E+01 1.63628E+01 
-4.50245E+01 1.58928E+01 
-4.66569E+01 1.53425E+01 
-4.87702E+01 1.47125E+01 
-5.14565E+01 1.40055E+01 
-5.48588E+01 1.32239E+01 
-5.92775E+01 1.23592E+01 
-6.55566E+01 1.13523E+01 
-7.62980E+01 9.95543E+00 
-9.80207E+01 7.46049E+00 
-1.38152E+02 2.97203E+00 
-1.89593E+02 -2.76121E+00 
-2.33488E+02 -7.41775E+00 
-3.32047E+01 1.44037E+01 
-3.28343E+01 1.45840E+01 
-3.26446E+01 1.44155E+01 
-3.21906E+01 1.45023E+01 
-3.17656E+01 1.45675E+01 
-3.13836E+01 1.46050E+01 
-3.10608E+01 1.46095E+01 
-3.08632E+01 1.45871E+01 
-3.08156E+01 1.45760E+01 
-3.06623E+01 1.44924E+01 
-3.06528E+01 1.43558E+01 
-3.08192E+01 1.41633E+01 
-3.11968E+01 1.39138E+01 
-3.19292E+01 1.37997E+01 
-3.30083E+01 1.34704E+01 
-3.44270E+01 1.30841E+01 
-3.62433E+01 1.26432E+01 
-3.85305E+01 1.21522E+01 
-4.14021E+01 1.16155E+01 
-4.50962E+01 1.10290E+01 
-5.02836E+01 1.03469E+01 
-5.90390E+01 9.37111E+00 
-7.65761E+01 7.53575E+00 
-1.08868E+02 4.14432E+00 
-1.50285E+02 -1.53894E-01 
-1.85721E+02 -3.47789E+00 
-2.37602E+01 1.19565E+01 
-2.34584E+01 1.21225E+01 
-2.33404E+01 1.19879E+01 
-2.29900E+01 1.20793E+01 
-2.26653E+01 1.21523E+01 
-2.23783E+01 1.22025E+01 
-2.21429E+01 1.22259E+01 
-2.20063E+01 1.22234E+01 
-2.19751E+01 1.22190E+01 
-2.18900E+01 1.21747E+01 
-2.19283E+01 1.20898E+01 
-2.21164E+01 1.19633E+01 
-2.24831E+01 1.17954E+01 
-2.31290E+01 1.17654E+01 
-2.40712E+01 1.15495E+01 
-2.52947E+01 1.12948E+01 
-2.68457E+01 1.10053E+01 
-2.87828E+01 1.06865E+01 
-3.11954E+01 1.03440E+01 
-3.42722E+01 9.97681E+00 
-3.85466E+01 9.55045E+00 
-4.56745E+01 8.90808E+00 
-5.98300E+01 7.60233E+00 
-8.58186E+01 5.09906E+00 
-1.19165E+02 1.95574E+00 
-1.47750E+02 -3.18120E-01 
-1.68125E+01 9.99025E+00 
-1.65656E+01 1.01433E+01 
-1.65013E+01 1.00403E+01 
-1.62305E+01 1.01347E+01 
-1.59822E+01 1.02136E+01 
-1.57671E+01 1.02739E+01 
-1.55971E+01 1.03128E+01 
-1.55049E+01 1.03268E+01 
-1.54856E+01 1.03281E+01 
-1.54480E+01 1.03164E+01 
-1.55158E+01 1.02745E+01 
-1.57107E+01 1.02026E+01 
-1.60562E+01 1.01018E+01 
-1.66181E+01 1.01374E+01 
-1.74334E+01 1.00120E+01 
-1.84808E+01 9.86213E+00 
-1.97973E+01 9.69260E+00 
-2.14290E+01 9.50956E+00 
-2.34464E+01 9.31945E+00 
-2.59989E+01 9.12343E+00 
-2.95106E+01 8.89605E+00 
-3.53046E+01 8.51485E+00 
-4.67255E+01 7.63069E+00 
-6.76406E+01 5.84109E+00 
-9.44829E+01 3.61997E+00 
-1.17517E+02 2.16523E+00 
-1.17225E+01 8.40152E+00 
-1.15193E+01 8.54285E+00 
-1.14954E+01 8.46951E+00 
-1.12855E+01 8.56555E+00 
-1.10955E+01 8.64887E+00 
-1.09346E+01 8.71719E+00 
-1.08131E+01 8.76875E+00 
-1.07532E+01 8.79632E+00 
-1.07422E+01 8.80229E+00 
-1.07366E+01 8.81754E+00 
-1.08208E+01 8.81113E+00 
-1.10125E+01 8.78397E+00 
-1.13305E+01 8.73792E+00 
-1.18132E+01 8.82365E+00 
-1.25126E+01 8.76967E+00 
-1.34029E+01 8.70238E+00 
-1.45134E+01 8.62689E+00 
-1.58803E+01 8.54967E+00 
-1.75590E+01 8.47750E+00 
-1.96674E+01 8.41310E+00 
-2.25429E+01 8.33827E+00 
-2.72434E+01 8.15896E+00 
-3.64512E+01 7.60696E+00 
-5.32784E+01 6.38589E+00 
-7.48742E+01 4.89450E+00 
-9.34103E+01 4.07079E+00 
-8.01309E+00 7.11183E+00 
-7.84527E+00 7.24268E+00 
-7.85111E+00 7.19707E+00 
-7.68783E+00 7.29381E+00 
-7.54224E+00 7.38019E+00 
-7.42218E+00 7.45477E+00 
-7.33632E+00 7.51653E+00 
-7.29932E+00 7.55518E+00 
-7.29410E+00 7.56496E+00 
-7.30918E+00 7.60224E+00 
-7.40036E+00 7.62471E+00 
-7.58197E+00 7.63382E+00 
-7.86902E+00 7.63180E+00 
-8.27863E+00 7.75479E+00 
-8.87354E+00 7.75642E+00 
-9.62492E+00 7.75313E+00 
-1.05557E+01 7.75020E+00 
-1.16941E+01 7.75408E+00 
-1.30835E+01 7.77160E+00 
-1.48168E+01 7.80650E+00 
-1.71624E+01 7.84638E+00 
-2.09668E+01 7.82049E+00 
-2.83821E+01 7.52693E+00 
-4.19126E+01 6.75416E+00 
-5.92738E+01 5.83402E+00 
-7.41646E+01 5.48896E+00 
-5.32843E+00 6.06108E+00 
-5.18911E+00 6.18252E+00 
-5.21651E+00 6.16274E+00 
-5.08888E+00 6.25930E+00 
-4.97692E+00 6.34762E+00 
-4.88732E+00 6.42688E+00 
-4.82736E+00 6.49666E+00 
-4.80626E+00 6.54414E+00 
-4.80488E+00 6.55697E+00 
-4.83219E+00 6.61189E+00 
-4.92373E+00 6.65745E+00 
-5.09094E+00 6.69542E+00 
-5.34567E+00 6.72819E+00 
-5.68881E+00 6.87778E+00 
-6.19055E+00 6.92179E+00 
-6.81992E+00 6.96713E+00 
-7.59478E+00 7.01902E+00 
-8.53700E+00 7.08369E+00 
-9.68018E+00 7.16777E+00 
-1.10974E+01 7.27567E+00 
-1.30024E+01 7.39955E+00 
-1.60726E+01 7.48766E+00 
-2.20356E+01 7.39204E+00 
-3.29056E+01 6.96844E+00 
-4.68471E+01 6.48962E+00 
-5.87847E+01 6.50048E+00 
-3.40228E+00 5.20245E+00 
-3.28601E+00 5.31540E+00 
-3.32847E+00 5.31944E+00 
-3.22798E+00 5.41506E+00 
-3.14137E+00 5.50429E+00 
-3.07427E+00 5.58680E+00 
-3.03276E+00 5.66260E+00 
-3.02227E+00 5.71688E+00 
-3.02328E+00 5.73207E+00 
-3.05670E+00 5.80073E+00 
-3.14400E+00 5.86427E+00 
-3.29424E+00 5.92460E+00 
-3.51669E+00 5.98416E+00 
-3.80016E+00 6.15152E+00 
-4.21949E+00 6.22694E+00 
-4.74241E+00 6.30819E+00 
-5.38269E+00 6.40027E+00 
-6.15709E+00 6.50910E+00 
-7.09155E+00 6.64096E+00 
-8.24340E+00 6.80057E+00 
-9.78265E+00 6.98369E+00 
-1.22516E+01 7.15392E+00 
-1.70375E+01 7.20686E+00 
-2.57593E+01 7.05105E+00 
-3.69383E+01 6.90762E+00 
-4.64842E+01 7.17614E+00 
-2.03552E+00 4.49893E+00 
-1.93790E+00 4.60415E+00 
-1.99026E+00 4.62992E+00 
-1.91032E+00 4.72387E+00 
-1.84264E+00 4.81305E+00 
-1.79193E+00 4.89748E+00 
-1.76320E+00 4.97747E+00 
-1.75937E+00 5.03669E+00 
-1.76168E+00 5.05363E+00 
-1.79677E+00 5.13251E+00 
-1.87677E+00 5.20951E+00 
-2.00878E+00 5.28657E+00 
-2.19997E+00 5.36603E+00 
-2.43043E+00 5.54386E+00 
-2.77743E+00 5.64160E+00 
-3.20805E+00 5.74829E+00 
-3.73275E+00 5.86863E+00 
-4.36424E+00 6.00809E+00 
-5.12238E+00 6.17252E+00 
-6.05204E+00 6.36676E+00 
-7.28834E+00 6.58929E+00 
-9.26556E+00 6.81608E+00 
-1.30974E+01 6.97752E+00 
-2.00838E+01 7.02307E+00 
-2.90310E+01 7.12911E+00 
-3.66414E+01 7.57727E+00 
-1.07923E+00 3.92089E+00 
-9.96717E-01 4.01898E+00 
-1.05484E+00 4.06426E+00 
-9.90353E-01 4.15588E+00 
-9.36651E-01 4.24411E+00 
-8.97637E-01 4.32921E+00 
-8.77387E-01 4.41170E+00 
-8.77263E-01 4.47420E+00 
-8.80112E-01 4.49232E+00 
-9.13738E-01 4.57829E+00 
-9.84537E-01 4.66478E+00 
-1.09799E+00 4.75366E+00 
-1.25958E+00 4.84713E+00 
-1.44341E+00 5.02947E+00 
-1.72738E+00 5.14208E+00 
-2.07842E+00 5.26566E+00 
-2.50436E+00 5.40456E+00 
-3.01470E+00 5.56374E+00 
-3.62452E+00 5.74859E+00 
-4.36877E+00 5.96386E+00 
-5.35479E+00 6.21012E+00 
-6.93026E+00 6.47309E+00 
-9.98902E+00 6.71077E+00 
-1.55735E+01 6.90381E+00 
-2.27177E+01 7.19011E+00 
-2.87633E+01 7.75645E+00 
-4.22112E-01 3.44427E+00 
-3.51813E-01 3.53573E+00 
-4.12411E-01 3.59824E+00 
-3.59440E-01 3.68692E+00 
-3.15907E-01 3.77335E+00 
-2.85003E-01 3.85798E+00 
-2.70009E-01 3.94142E+00 
-2.71446E-01 4.00568E+00 
-2.74269E-01 4.02449E+00 
-3.04309E-01 4.11478E+00 
-3.64870E-01 4.20730E+00 
-4.60134E-01 4.30379E+00 
-5.94211E-01 4.40628E+00 
-7.37388E-01 4.58830E+00 
-9.66829E-01 4.70973E+00 
-1.24966E+00 4.84330E+00 
-1.59166E+00 4.99297E+00 
-1.99978E+00 5.16319E+00 
-2.48533E+00 5.35882E+00 
-3.07546E+00 5.58444E+00 
-3.85531E+00 5.84215E+00 
-5.10310E+00 6.12532E+00 
-7.53574E+00 6.41347E+00 
-1.19877E+01 6.71061E+00 
-1.76758E+01 7.12183E+00 
-2.24578E+01 7.75851E+00 
1.87068E-02 3.04959E+00 
7.91266E-02 3.13480E+00 
1.86551E-02 3.21220E+00 
6.31436E-02 3.29737E+00 
9.94243E-02 3.38124E+00 
1.24927E-01 3.46434E+00 
1.37045E-01 3.54734E+00 
1.35577E-01 3.61202E+00 
1.33163E-01 3.63107E+00 
1.08058E-01 3.72327E+00 
5.81135E-02 3.81884E+00 
-1.98064E-02 3.91938E+00 
-1.28735E-01 4.02672E+00 
-2.36814E-01 4.20460E+00 
-4.19413E-01 4.32999E+00 
-6.44164E-01 4.46805E+00 
-9.15204E-01 4.62231E+00 
-1.23753E+00 4.79674E+00 
-1.61949E+00 4.99565E+00 
-2.08205E+00 5.22338E+00 
-2.69266E+00 5.48310E+00 
-3.67376E+00 5.77405E+00 
-5.59976E+00 6.09231E+00 
-9.13728E+00 6.45889E+00 
-1.36502E+01 6.95118E+00 
-1.74137E+01 7.62141E+00 
3.04777E-01 2.72088E+00 
3.57203E-01 2.80017E+00 
2.98911E-01 2.89010E+00 
3.37228E-01 2.97125E+00 
3.68465E-01 3.05186E+00 
3.90582E-01 3.13250E+00 
4.01542E-01 3.21384E+00 
4.01084E-01 3.27776E+00 
3.99327E-01 3.29667E+00 
3.79907E-01 3.38870E+00 
3.40469E-01 3.48480E+00 
2.78705E-01 3.58642E+00 
1.92424E-01 3.69519E+00 
1.14352E-01 3.86597E+00 
-2.83146E-02 3.99149E+00 
-2.03931E-01 4.12973E+00 
-4.15363E-01 4.28379E+00 
-6.66072E-01 4.45716E+00 
-9.62129E-01 4.65363E+00 
-1.31962E+00 4.87721E+00 
-1.79186E+00 5.13181E+00 
-2.55648E+00 5.42109E+00 
-4.07304E+00 5.75358E+00 
-6.87265E+00 6.16220E+00 
-1.04381E+01 6.70119E+00 
-1.33820E+01 7.37718E+00 
4.81527E-01 2.44514E+00 
5.27480E-01 2.51879E+00 
4.72967E-01 2.61890E+00 
5.06856E-01 2.69559E+00 
5.34697E-01 2.77233E+00 
5.54896E-01 2.84968E+00 
5.65889E-01 2.92830E+00 
5.67104E-01 2.99046E+00 
5.66146E-01 3.00892E+00 
5.52702E-01 3.09903E+00 
5.23301E-01 3.19358E+00 
4.76282E-01 3.29386E+00 
4.10105E-01 3.40131E+00 
3.57412E-01 3.56277E+00 
2.48508E-01 3.68548E+00 
1.14151E-01 3.82059E+00 
-4.75417E-02 3.97081E+00 
-2.38859E-01 4.13915E+00 
-4.64101E-01 4.32890E+00 
-7.35525E-01 4.54374E+00 
-1.09516E+00 4.78799E+00 
-1.68460E+00 5.06858E+00 
-2.87083E+00 5.40309E+00 
-5.07561E+00 5.83235E+00 
-7.87807E+00 6.39148E+00 
-1.01642E+01 7.05268E+00 
5.82269E-01 2.21183E+00 
6.22967E-01 2.28006E+00 
5.73462E-01 2.38803E+00 
6.04222E-01 2.45989E+00 
6.29869E-01 2.53224E+00 
6.49185E-01 2.60562E+00 
6.60988E-01 2.68062E+00 
6.64244E-01 2.74020E+00 
6.64144E-01 2.75792E+00 
6.56622E-01 2.84470E+00 
6.36533E-01 2.93603E+00 
6.02717E-01 3.03306E+00 
5.54128E-01 3.13702E+00 
5.22638E-01 3.28759E+00 
4.42025E-01 3.40529E+00 
3.42036E-01 3.53482E+00 
2.21535E-01 3.67852E+00 
7.91255E-02 3.83893E+00 
-8.81357E-02 4.01891E+00 
-2.89499E-01 4.22173E+00 
-5.57993E-01 4.45196E+00 
-1.00623E+00 4.71878E+00 
-1.92652E+00 5.04614E+00 
-3.65252E+00 5.47958E+00 
-5.84164E+00 6.03864E+00 
-7.60137E+00 6.67030E+00 
6.31232E-01 2.01240E+00 
6.67650E-01 2.07542E+00 
6.24077E-01 2.18894E+00 
6.52651E-01 2.25569E+00 
6.76958E-01 2.32324E+00 
6.96081E-01 2.39208E+00 
7.09150E-01 2.46276E+00 
7.14583E-01 2.51909E+00 
7.15342E-01 2.53587E+00 
7.13432E-01 2.61819E+00 
7.01759E-01 2.70500E+00 
6.79542E-01 2.79730E+00 
6.46111E-01 2.89618E+00 
6.32088E-01 3.03482E+00 
5.74946E-01 3.14594E+00 
5.03323E-01 3.26815E+00 
4.16648E-01 3.40342E+00 
3.14191E-01 3.55390E+00 
1.94041E-01 3.72200E+00 
4.92976E-02 3.91062E+00 
-1.45890E-01 4.12438E+00 
-4.80822E-01 4.37393E+00 
-1.18760E+00 4.68742E+00 
-2.52894E+00 5.11263E+00 
-4.22606E+00 5.65660E+00 
-5.56594E+00 6.24860E+00 
6.45891E-01 1.83746E+00 
6.78755E-01 1.89538E+00 
6.41896E-01 2.01226E+00 
6.68931E-01 2.07361E+00 
6.92462E-01 2.13596E+00 
7.11821E-01 2.19976E+00 
7.26385E-01 2.26549E+00 
7.33995E-01 2.31801E+00 
7.35575E-01 2.33368E+00 
7.38862E-01 2.41062E+00 
7.34712E-01 2.49186E+00 
7.22633E-01 2.57828E+00 
7.02236E-01 2.67081E+00 
7.02558E-01 2.79674E+00 
6.64938E-01 2.90011E+00 
6.16812E-01 3.01369E+00 
5.58030E-01 3.13913E+00 
4.88362E-01 3.27820E+00 
4.06680E-01 3.43289E+00 
3.07939E-01 3.60574E+00 
1.72086E-01 3.80127E+00 
-7.11752E-02 4.03101E+00 
-6.04752E-01 4.32557E+00 
-1.63352E+00 4.73313E+00 
-2.93161E+00 5.25070E+00 
-3.93343E+00 5.79581E+00 
6.38353E-01 1.68684E+00 
6.68337E-01 1.73993E+00 
6.38553E-01 1.85794E+00 
6.64521E-01 1.91384E+00 
6.87646E-01 1.97087E+00 
7.07451E-01 2.02942E+00 
7.23499E-01 2.08990E+00 
7.33088E-01 2.13832E+00 
7.35398E-01 2.15278E+00 
7.43183E-01 2.22385E+00 
7.45380E-01 2.29897E+00 
7.41707E-01 2.37888E+00 
7.31978E-01 2.46440E+00 
7.43480E-01 2.57765E+00 
7.21394E-01 2.67275E+00 
6.91907E-01 2.77714E+00 
6.55171E-01 2.89218E+00 
6.11306E-01 3.01928E+00 
5.59755E-01 3.16006E+00 
4.96883E-01 3.31673E+00 
4.07168E-01 3.49362E+00 
2.35319E-01 3.70261E+00 
-1.62639E-01 3.97539E+00 
-9.46009E-01 4.35910E+00 
-1.93146E+00 4.84319E+00 
-2.67080E+00 5.33851E+00 
6.17738E-01 1.55320E+00 
6.45322E-01 1.60164E+00 
6.22896E-01 1.71870E+00 
6.48071E-01 1.76913E+00 
6.70974E-01 1.82074E+00 
6.91275E-01 1.87387E+00 
7.08681E-01 1.92889E+00 
7.19999E-01 1.97301E+00 
7.22937E-01 1.98620E+00 
7.34537E-01 2.05106E+00 
7.42026E-01 2.11967E+00 
7.45278E-01 2.19268E+00 
7.44253E-01 2.27078E+00 
7.64390E-01 2.37147E+00 
7.54697E-01 2.45801E+00 
7.40056E-01 2.55290E+00 
7.20827E-01 2.65721E+00 
6.97377E-01 2.77205E+00 
6.69564E-01 2.89871E+00 
6.34833E-01 3.03907E+00 
5.81262E-01 3.19720E+00 
4.65607E-01 3.38498E+00 
1.75208E-01 3.63412E+00 
-4.12763E-01 3.98970E+00 
-1.14988E+00 4.43556E+00 
-1.68298E+00 4.87967E+00 
5.90010E-01 1.43307E+00 
6.15570E-01 1.47704E+00 
6.00628E-01 1.59118E+00 
6.25150E-01 1.63618E+00 
6.47885E-01 1.68238E+00 
6.68614E-01 1.73006E+00 
6.87150E-01 1.77954E+00 
6.99890E-01 1.81929E+00 
7.03342E-01 1.83118E+00 
7.18042E-01 1.88971E+00 
7.29799E-01 1.95168E+00 
7.38598E-01 2.01765E+00 
7.44505E-01 2.08818E+00 
7.71078E-01 2.17667E+00 
7.71098E-01 2.25464E+00 
7.68091E-01 2.34000E+00 
7.62557E-01 2.43357E+00 
7.55027E-01 2.53620E+00 
7.45650E-01 2.64888E+00 
7.32694E-01 2.77317E+00 
7.07087E-01 2.91288E+00 
6.35238E-01 3.07958E+00 
4.29637E-01 3.30419E+00 
-3.44475E-03 3.62907E+00 
-5.44260E-01 4.03404E+00 
-9.16446E-01 4.42717E+00 
5.59184E-01 1.32367E+00 
5.83009E-01 1.36336E+00 
5.75536E-01 1.47276E+00 
5.99442E-01 1.51248E+00 
6.21965E-01 1.55336E+00 
6.42966E-01 1.59567E+00 
6.62339E-01 1.63969E+00 
6.76161E-01 1.67511E+00 
6.80006E-01 1.68572E+00 
6.97095E-01 1.73796E+00 
7.12152E-01 1.79335E+00 
7.25243E-01 1.85232E+00 
7.36513E-01 1.91537E+00 
7.67640E-01 1.99224E+00 
7.75111E-01 2.06179E+00 
7.81047E-01 2.13780E+00 
7.86035E-01 2.22086E+00 
7.90703E-01 2.31157E+00 
7.95397E-01 2.41067E+00 
7.99006E-01 2.51945E+00 
7.94701E-01 2.64139E+00 
7.56616E-01 2.78755E+00 
6.17391E-01 2.98751E+00 
3.06428E-01 3.28045E+00 
-8.01007E-02 3.64350E+00 
-3.27817E-01 3.98714E+00 
5.27829E-01 1.22271E+00 
5.50133E-01 1.25830E+00 
5.49991E-01 1.36130E+00 
5.73240E-01 1.39593E+00 
5.95433E-01 1.43170E+00 
6.16495E-01 1.46882E+00 
6.36374E-01 1.50755E+00 
6.50929E-01 1.53878E+00 
6.55048E-01 1.54813E+00 
6.73844E-01 1.59429E+00 
6.91315E-01 1.64328E+00 
7.07585E-01 1.69549E+00 
7.22853E-01 1.75128E+00 
7.56950E-01 1.81721E+00 
7.69993E-01 1.87866E+00 
7.82649E-01 1.94565E+00 
7.95551E-01 2.01856E+00 
8.09375E-01 2.09781E+00 
8.24590E-01 2.18390E+00 
8.40544E-01 2.27788E+00 
8.52172E-01 2.38289E+00 
8.39776E-01 2.50936E+00 
7.52120E-01 2.68511E+00 
5.36935E-01 2.94585E+00 
2.70980E-01 3.26715E+00 
1.18657E-01 3.56357E+00 
4.97633E-01 1.12870E+00 
5.18573E-01 1.16042E+00 
5.25481E-01 1.25555E+00 
5.47974E-01 1.28539E+00 
5.69675E-01 1.31632E+00 
5.90550E-01 1.34855E+00 
6.10590E-01 1.38227E+00 
6.25534E-01 1.40953E+00 
6.29813E-01 1.41771E+00 
6.49682E-01 1.45810E+00 
6.68768E-01 1.50103E+00 
6.87239E-01 1.54681E+00 
7.05333E-01 1.59571E+00 
7.41075E-01 1.65151E+00 
7.58133E-01 1.70527E+00 
7.75675E-01 1.76368E+00 
7.94347E-01 1.82696E+00 
8.14834E-01 1.89535E+00 
8.37673E-01 1.96915E+00 
8.62543E-01 2.04921E+00 
8.85753E-01 2.13834E+00 
8.92505E-01 2.24623E+00 
8.44390E-01 2.39868E+00 
7.03560E-01 2.62781E+00 
5.30822E-01 2.90856E+00 
4.50484E-01 3.16076E+00 
4.69523E-01 1.04039E+00 
4.89212E-01 1.06847E+00 
5.02759E-01 1.15449E+00 
5.24363E-01 1.17990E+00 
5.45380E-01 1.20638E+00 
5.65810E-01 1.23407E+00 
5.85676E-01 1.26316E+00 
6.00688E-01 1.28673E+00 
6.05024E-01 1.29381E+00 
6.25398E-01 1.32884E+00 
6.45406E-01 1.36613E+00 
6.65251E-01 1.40590E+00 
6.85193E-01 1.44836E+00 
7.21502E-01 1.49489E+00 
7.41315E-01 1.54144E+00 
7.62262E-01 1.59178E+00 
7.84976E-01 1.64601E+00 
8.10125E-01 1.70421E+00 
8.38267E-01 1.76653E+00 
8.69311E-01 1.83363E+00 
9.00631E-01 1.90802E+00 
9.21302E-01 1.99860E+00 
9.03081E-01 2.12897E+00 
8.19385E-01 2.32771E+00 
7.17927E-01 2.56981E+00 
6.90975E-01 2.78122E+00 
4.43953E-01 9.56895E-01 
4.62462E-01 9.81596E-01 
4.82112E-01 1.05753E+00 
5.02674E-01 1.07895E+00 
5.22811E-01 1.10138E+00 
5.42547E-01 1.12497E+00 
5.61929E-01 1.14984E+00 
5.76727E-01 1.17006E+00 
5.81028E-01 1.17615E+00 
6.01422E-01 1.20628E+00 
6.21775E-01 1.23839E+00 
6.42312E-01 1.27264E+00 
6.63310E-01 1.30913E+00 
6.99332E-01 1.34730E+00 
7.20901E-01 1.38713E+00 
7.44076E-01 1.42996E+00 
7.69459E-01 1.47575E+00 
7.97679E-01 1.52447E+00 
8.29281E-01 1.57616E+00 
8.64329E-01 1.63132E+00 
9.01009E-01 1.69219E+00 
9.31443E-01 1.76683E+00 
9.35397E-01 1.87659E+00 
8.95021E-01 2.04660E+00 
8.47295E-01 2.25248E+00 
8.59015E-01 2.42679E+00 
4.21004E-01 8.77502E-01 
4.38379E-01 8.99088E-01 
4.63477E-01 9.64264E-01 
4.82844E-01 9.82148E-01 
5.01915E-01 1.00100E+00 
5.20734E-01 1.02094E+00 
5.39367E-01 1.04206E+00 
5.53714E-01 1.05928E+00 
5.57905E-01 1.06446E+00 
5.77925E-01 1.09017E+00 
5.98164E-01 1.11759E+00 
6.18858E-01 1.14679E+00 
6.40293E-01 1.17781E+00 
6.75371E-01 1.20850E+00 
6.97923E-01 1.24211E+00 
7.22412E-01 1.27796E+00 
7.49393E-01 1.31594E+00 
7.79439E-01 1.35591E+00 
8.13061E-01 1.39784E+00 
8.50414E-01 1.44210E+00 
8.90303E-01 1.49066E+00 
9.27232E-01 1.55077E+00 
9.47243E-01 1.64154E+00 
9.39195E-01 1.78476E+00 
9.31288E-01 1.95718E+00 
9.70163E-01 2.09815E+00 
4.00572E-01 8.01860E-01 
4.16842E-01 8.20615E-01 
4.46616E-01 8.74680E-01 
4.64652E-01 8.89517E-01 
4.82500E-01 9.05272E-01 
5.00221E-01 9.22025E-01 
5.17898E-01 9.39849E-01 
5.31612E-01 9.54416E-01 
5.35637E-01 9.58808E-01 
5.54987E-01 9.80579E-01 
5.74765E-01 1.00377E+00 
5.95217E-01 1.02839E+00 
6.16626E-01 1.05442E+00 
6.50282E-01 1.07848E+00 
6.73234E-01 1.10636E+00 
6.98339E-01 1.13578E+00 
7.26093E-01 1.16656E+00 
7.57003E-01 1.19853E+00 
7.91527E-01 1.23156E+00 
8.29868E-01 1.26595E+00 
8.71292E-01 1.30344E+00 
9.12154E-01 1.35047E+00 
9.43377E-01 1.42396E+00 
9.58912E-01 1.54257E+00 
9.79796E-01 1.68450E+00 
1.03684E+00 1.79593E+00 
3.82400E-01 7.29783E-01 
3.97590E-01 7.45992E-01 
4.31168E-01 7.88932E-01 
4.47770E-01 8.01205E-01 
4.64283E-01 8.14332E-01 
4.80781E-01 8.28360E-01 
4.97361E-01 8.43329E-01 
5.10319E-01 8.55574E-01 
5.14140E-01 8.59265E-01 
5.32619E-01 8.77541E-01 
5.51704E-01 8.96938E-01 
5.71638E-01 9.17415E-01 
5.92695E-01 9.38894E-01 
6.24604E-01 9.57134E-01 
6.47531E-01 9.79743E-01 
6.72731E-01 1.00326E+00 
7.00635E-01 1.02747E+00 
7.31676E-01 1.05215E+00 
7.66246E-01 1.07715E+00 
8.04565E-01 1.10271E+00 
8.46240E-01 1.13034E+00 
8.89051E-01 1.16575E+00 
9.27682E-01 1.22370E+00 
9.59896E-01 1.32002E+00 
1.00091E+00 1.43454E+00 
1.06920E+00 1.52016E+00 
3.66157E-01 6.61250E-01 
3.80296E-01 6.75187E-01 
4.16726E-01 7.07326E-01 
4.31840E-01 7.17493E-01 
4.46961E-01 7.28428E-01 
4.62174E-01 7.40147E-01 
4.77587E-01 7.52657E-01 
4.89728E-01 7.62874E-01 
4.93325E-01 7.65949E-01 
5.10827E-01 7.81124E-01 
5.29085E-01 7.97116E-01 
5.48334E-01 8.13836E-01 
5.68831E-01 8.31165E-01 
5.98796E-01 8.44335E-01 
6.21400E-01 8.62104E-01 
6.46316E-01 8.80221E-01 
6.73905E-01 8.98449E-01 
7.04523E-01 9.16555E-01 
7.38493E-01 9.34388E-01 
7.76026E-01 9.52125E-01 
8.16977E-01 9.71101E-01 
8.60216E-01 9.96307E-01 
9.03295E-01 1.04051E+00 
9.46776E-01 1.11690E+00 
1.00116E+00 1.20714E+00 
1.07543E+00 1.27054E+00 
3.51486E-01 5.96359E-01 
3.64619E-01 6.08278E-01 
4.02897E-01 6.30265E-01 
4.16527E-01 6.38730E-01 
4.30262E-01 6.47850E-01 
4.44196E-01 6.57616E-01 
4.58444E-01 6.68003E-01 
4.69765E-01 6.76439E-01 
4.73134E-01 6.78968E-01 
4.89636E-01 6.91372E-01 
5.07021E-01 7.04284E-01 
5.25508E-01 7.17581E-01 
5.45326E-01 7.31116E-01 
5.73259E-01 7.39897E-01 
5.95337E-01 7.53233E-01 
6.19698E-01 7.66437E-01 
6.46630E-01 7.79270E-01 
6.76412E-01 7.91506E-01 
7.09296E-01 8.03004E-01 
7.45472E-01 8.13915E-01 
7.84972E-01 8.25408E-01 
8.27488E-01 8.41808E-01 
8.72735E-01 8.74013E-01 
9.23279E-01 9.32849E-01 
9.85825E-01 1.00187E+00 
1.06214E+00 1.04647E+00 
3.38042E-01 5.35268E-01 
3.50237E-01 5.45388E-01 
3.89347E-01 5.58159E-01 
4.01559E-01 5.65249E-01 
4.13979E-01 5.72858E-01 
4.26706E-01 5.80951E-01 
4.39856E-01 5.89474E-01 
4.50401E-01 5.96322E-01 
4.53556E-01 5.98361E-01 
4.69103E-01 6.08255E-01 
4.85636E-01 6.18353E-01 
5.03349E-01 6.28510E-01 
5.22440E-01 6.38564E-01 
5.48330E-01 6.43568E-01 
5.69749E-01 6.52860E-01 
5.93360E-01 6.61623E-01 
6.19383E-01 6.69636E-01 
6.48022E-01 6.76695E-01 
6.79459E-01 6.82678E-01 
7.13856E-01 6.87730E-01 
7.51371E-01 6.92873E-01 
7.92311E-01 7.01813E-01 
8.37994E-01 7.23726E-01 
8.92372E-01 7.67334E-01 
9.59117E-01 8.18123E-01 
1.03460E+00 8.47097E-01 
3.25532E-01 4.78162E-01 
3.36883E-01 4.86656E-01 
3.75836E-01 4.91377E-01 
3.86758E-01 4.97331E-01 
3.97993E-01 5.03646E-01 
4.09640E-01 5.10262E-01 
4.21813E-01 5.17107E-01 
4.31668E-01 5.22507E-01 
4.34631E-01 5.24096E-01 
4.49320E-01 5.31678E-01 
4.65068E-01 5.39175E-01 
4.82040E-01 5.46434E-01 
5.00399E-01 5.53291E-01 
5.24295E-01 5.55065E-01 
5.44963E-01 5.60689E-01 
5.67684E-01 5.65479E-01 
5.92609E-01 5.69241E-01 
6.19873E-01 5.71804E-01 
6.49596E-01 5.73080E-01 
6.81910E-01 5.73210E-01 
7.17060E-01 5.73087E-01 
7.55806E-01 5.75851E-01 
8.00630E-01 5.89105E-01 
8.56400E-01 6.19729E-01 
9.24378E-01 6.55105E-01 
9.96992E-01 6.71381E-01 
3.13714E-01 4.25104E-01 
3.24341E-01 4.32095E-01 
3.62220E-01 4.30077E-01 
3.72031E-01 4.35041E-01 
3.82256E-01 4.40189E-01 
3.92993E-01 4.45447E-01 
4.04345E-01 4.50728E-01 
4.13619E-01 4.54769E-01 
4.16419E-01 4.55936E-01 
4.30372E-01 4.61349E-01 
4.45425E-01 4.66415E-01 
4.61711E-01 4.70986E-01 
4.79352E-01 4.74908E-01 
5.01336E-01 4.73937E-01 
5.21186E-01 4.76266E-01 
5.42905E-01 4.77546E-01 
5.66584E-01 4.77617E-01 
5.92295E-01 4.76354E-01 
6.20105E-01 4.73699E-01 
6.50118E-01 4.69800E-01 
6.82639E-01 4.65433E-01 
7.18757E-01 4.63219E-01 
7.61779E-01 4.69346E-01 
8.17125E-01 4.89090E-01 
8.84163E-01 5.11671E-01 
9.52522E-01 5.17873E-01 
3.02504E-01 3.76378E-01 
3.12544E-01 3.81945E-01 
3.48555E-01 3.74595E-01 
3.57474E-01 3.78632E-01 
3.66901E-01 3.82671E-01 
3.76922E-01 3.86628E-01 
3.87629E-01 3.90411E-01 
3.96441E-01 3.93156E-01 
3.99111E-01 3.93921E-01 
4.12461E-01 3.97284E-01 
4.26917E-01 4.00078E-01 
4.42575E-01 4.02170E-01 
4.59516E-01 4.03427E-01 
4.79696E-01 4.00161E-01 
4.98670E-01 3.99587E-01 
5.19298E-01 3.97836E-01 
5.41616E-01 3.94792E-01 
5.65645E-01 3.90369E-01 
5.91407E-01 3.84548E-01 
6.18982E-01 3.77483E-01 
6.48718E-01 3.69841E-01 
6.81938E-01 3.63775E-01 
7.22503E-01 3.64218E-01 
7.76117E-01 3.75077E-01 
8.40682E-01 3.87309E-01 
9.03939E-01 3.85796E-01 
2.91795E-01 3.31695E-01 
3.01396E-01 3.35874E-01 
3.34887E-01 3.24555E-01 
3.43145E-01 3.27655E-01 
3.51987E-01 3.30579E-01 
3.61487E-01 3.33240E-01 
3.71717E-01 3.35550E-01 
3.80179E-01 3.37038E-01 
3.82748E-01 3.37416E-01 
3.95611E-01 3.38823E-01 
4.09549E-01 3.39490E-01 
4.24619E-01 3.39305E-01 
4.40865E-01 3.38164E-01 
4.59339E-01 3.33000E-01 
4.77377E-01 3.29912E-01 
4.96827E-01 3.25601E-01 
5.17683E-01 3.19993E-01 
5.39924E-01 3.13043E-01 
5.63537E-01 3.04767E-01 
5.88584E-01 2.95321E-01 
6.15446E-01 2.85276E-01 
6.45604E-01 2.76361E-01 
6.83273E-01 2.72401E-01 
7.34237E-01 2.76149E-01 
7.95284E-01 2.80176E-01 
8.52965E-01 2.72959E-01 
2.81623E-01 2.90934E-01 
2.90927E-01 2.93732E-01 
3.21417E-01 2.79723E-01 
3.29242E-01 2.81831E-01 
3.37702E-01 2.83601E-01 
3.46857E-01 2.84954E-01 
3.56758E-01 2.85807E-01 
3.64961E-01 2.86073E-01 
3.67452E-01 2.86080E-01 
3.79918E-01 2.85635E-01 
3.93389E-01 2.84334E-01 
4.07889E-01 2.82093E-01 
4.23425E-01 2.78838E-01 
4.40286E-01 2.72149E-01 
4.57318E-01 2.66949E-01 
4.75511E-01 2.60551E-01 
4.94819E-01 2.52920E-01 
5.15192E-01 2.44051E-01 
5.36592E-01 2.33986E-01 
5.59074E-01 2.22883E-01 
5.83037E-01 2.11218E-01 
6.10068E-01 2.00347E-01 
6.44579E-01 1.93129E-01 
6.92290E-01 1.91356E-01 
7.49158E-01 1.89077E-01 
8.01089E-01 1.77869E-01 
2.72061E-01 2.53794E-01 
2.81193E-01 2.55210E-01 
3.08375E-01 2.39639E-01 
3.15967E-01 2.40682E-01 
3.24219E-01 2.41253E-01 
3.33170E-01 2.41283E-01 
3.42853E-01 2.40704E-01 
3.50862E-01 2.39797E-01 
3.53291E-01 2.39451E-01 
3.65410E-01 2.37280E-01 
3.78431E-01 2.34194E-01 
3.92347E-01 2.30139E-01 
4.07135E-01 2.25072E-01 
4.22460E-01 2.17205E-01 
4.38413E-01 2.10299E-01 
4.55268E-01 2.02280E-01 
4.72956E-01 1.93146E-01 
4.91405E-01 1.82925E-01 
5.10563E-01 1.71679E-01 
5.30478E-01 1.59564E-01 
5.51571E-01 1.46969E-01 
5.75486E-01 1.34915E-01 
6.06714E-01 1.25431E-01 
6.50808E-01 1.19524E-01 
7.03130E-01 1.12575E-01 
7.49352E-01 9.87936E-02 
2.63208E-01 2.19904E-01 
2.72267E-01 2.19942E-01 
2.96000E-01 2.03750E-01 
3.03517E-01 2.03662E-01 
3.11689E-01 2.03004E-01 
3.20535E-01 2.01719E-01 
3.30065E-01 1.99758E-01 
3.37912E-01 1.97747E-01 
3.40284E-01 1.97075E-01 
3.52065E-01 1.93333E-01 
3.64617E-01 1.88672E-01 
3.77908E-01 1.83069E-01 
3.91889E-01 1.76510E-01 
4.05737E-01 1.67789E-01 
4.20534E-01 1.59583E-01 
4.35979E-01 1.50391E-01 
4.51989E-01 1.40243E-01 
4.68480E-01 1.29188E-01 
4.85393E-01 1.17305E-01 
5.02780E-01 1.04738E-01 
5.21072E-01 9.17977E-02 
5.41940E-01 7.92123E-02 
5.69866E-01 6.83051E-02 
6.10164E-01 5.94504E-02 
6.57790E-01 4.92106E-02 
6.98496E-01 3.40025E-02 
2.55166E-01 1.88857E-01 
2.64215E-01 1.87540E-01 
2.84504E-01 1.71471E-01 
2.92055E-01 1.70215E-01 
3.00223E-01 1.68327E-01 
3.09011E-01 1.65771E-01 
3.18409E-01 1.62514E-01 
3.26090E-01 1.59498E-01 
3.28402E-01 1.58533E-01 
3.39815E-01 1.53408E-01 
3.51848E-01 1.47412E-01 
3.64447E-01 1.40546E-01 
3.77547E-01 1.32824E-01 
3.89963E-01 1.23554E-01 
4.03527E-01 1.14440E-01 
4.17501E-01 1.04500E-01 
4.31792E-01 9.37835E-02 
4.46314E-01 8.23562E-02 
4.61009E-01 7.03064E-02 
4.75934E-01 5.77641E-02 
4.91531E-01 4.49629E-02 
5.09470E-01 3.23796E-02 
5.34154E-01 2.07450E-02 
5.70617E-01 9.93497E-03 
6.13560E-01 -2.45512E-03 
6.49046E-01 -1.81889E-02 
2.48018E-01 1.60256E-01 
2.57080E-01 1.57639E-01 
2.74051E-01 1.42240E-01 
2.81686E-01 1.39821E-01 
2.89876E-01 1.36750E-01 
2.98604E-01 1.33008E-01 
3.07846E-01 1.28581E-01 
3.15331E-01 1.24683E-01 
3.17572E-01 1.23465E-01 
3.28553E-01 1.17180E-01 
3.39991E-01 1.10110E-01 
3.51816E-01 1.02280E-01 
3.63955E-01 9.37252E-02 
3.74971E-01 8.41892E-02 
3.87233E-01 7.45397E-02 
3.99688E-01 6.42388E-02 
4.12242E-01 5.33513E-02 
4.24809E-01 4.19526E-02 
4.37340E-01 3.01319E-02 
4.49899E-01 1.80021E-02 
4.62934E-01 5.72722E-03 
4.78098E-01 -6.43235E-03 
4.99663E-01 -1.82347E-02 
5.32353E-01 -3.01874E-02 
5.70744E-01 -4.38058E-02 
6.01372E-01 -5.93792E-02 
2.41803E-01 1.33729E-01 
2.50861E-01 1.29904E-01 
2.64728E-01 1.15548E-01 
2.72447E-01 1.12018E-01 
2.80634E-01 1.07854E-01 
2.89260E-01 1.03054E-01 
2.98287E-01 9.76204E-02 
3.05520E-01 9.29894E-02 
3.07672E-01 9.15662E-02 
3.18134E-01 8.43645E-02 
3.28885E-01 7.64962E-02 
3.39848E-01 6.80032E-02 
3.50944E-01 5.89364E-02 
3.60586E-01 4.93923E-02 
3.71494E-01 3.95475E-02 
3.82401E-01 2.92313E-02 
3.93218E-01 1.85161E-02 
4.03869E-01 7.48077E-03 
4.14313E-01 -3.78949E-03 
4.24625E-01 -1.52018E-02 
4.35257E-01 -2.66550E-02 
4.47824E-01 -3.80715E-02 
4.66435E-01 -4.96060E-02 
4.95490E-01 -6.20529E-02 
5.29539E-01 -7.61728E-02 
5.55709E-01 -9.10835E-02 
2.36539E-01 1.09088E-01 
2.45542E-01 1.04188E-01 
2.56592E-01 9.10918E-02 
2.64347E-01 8.65578E-02 
2.72468E-01 8.14393E-02 
2.80915E-01 7.57488E-02 
2.89642E-01 6.95048E-02 
2.96553E-01 6.43096E-02 
2.98596E-01 6.27329E-02 
3.08442E-01 5.48761E-02 
3.18414E-01 4.64898E-02 
3.28433E-01 3.76281E-02 
3.38418E-01 2.83518E-02 
3.46718E-01 1.90278E-02 
3.56241E-01 9.28868E-03 
3.65600E-01 -7.48120E-04 
3.74715E-01 -1.10081E-02 
3.83520E-01 -2.14142E-02 
3.91986E-01 -3.18896E-02 
4.00201E-01 -4.23623E-02 
4.08614E-01 -5.27873E-02 
4.18793E-01 -6.32377E-02 
4.34659E-01 -7.41825E-02 
4.60286E-01 -8.66206E-02 
4.90276E-01 -1.00686E-01 
5.12421E-01 -1.14591E-01 
2.32106E-01 8.57964E-02 
2.40976E-01 7.99711E-02 
2.49491E-01 6.82539E-02 
2.57199E-01 6.28512E-02 
2.65160E-01 5.69400E-02 
2.73327E-01 5.05452E-02 
2.81648E-01 4.36968E-02 
2.88157E-01 3.81091E-02 
2.90067E-01 3.64307E-02 
2.99188E-01 2.81751E-02 
3.08281E-01 1.95381E-02 
3.17269E-01 1.05807E-02 
3.26078E-01 1.36829E-03 
3.33052E-01 -7.53496E-03 
3.41165E-01 -1.69084E-02 
3.48980E-01 -2.64177E-02 
3.56428E-01 -3.59906E-02 
3.63455E-01 -4.55563E-02 
3.70048E-01 -5.50489E-02 
3.76303E-01 -6.44179E-02 
3.82667E-01 -7.36677E-02 
3.90649E-01 -8.29951E-02 
4.03964E-01 -9.31149E-02 
4.26361E-01 -1.05165E-01 
4.52559E-01 -1.18761E-01 
4.71063E-01 -1.31429E-01 
2.28453E-01 6.39059E-02 
2.37089E-01 5.73416E-02 
2.43384E-01 4.70246E-02 
2.50936E-01 4.09300E-02 
2.58625E-01 3.44211E-02 
2.66401E-01 2.75322E-02 
2.74208E-01 2.03016E-02 
2.80235E-01 1.44994E-02 
2.81991E-01 1.27721E-02 
2.90289E-01 4.37135E-03 
2.98422E-01 -4.26221E-03 
3.06318E-01 -1.30652E-02 
3.13910E-01 -2.19723E-02 
3.19596E-01 -3.02891E-02 
3.26307E-01 -3.90843E-02 
3.32617E-01 -4.78721E-02 
3.38468E-01 -5.65863E-02 
3.43821E-01 -6.51648E-02 
3.48676E-01 -7.35544E-02 
3.53139E-01 -8.17258E-02 
3.57651E-01 -8.97255E-02 
3.63653E-01 -9.78481E-02 
3.74645E-01 -1.06993E-01 
3.94062E-01 -1.18381E-01 
4.16785E-01 -1.31215E-01 
4.32056E-01 -1.42522E-01 
2.25428E-01 4.32406E-02 
2.33720E-01 3.61368E-02 
2.38091E-01 2.71876E-02 
2.45365E-01 2.05959E-02 
2.52663E-01 1.36954E-02 
2.59931E-01 6.52672E-03 
2.67118E-01 -8.67013E-04 
2.72588E-01 -6.71318E-03 
2.74168E-01 -8.43964E-03 
2.81556E-01 -1.67501E-02 
2.88660E-01 -2.51513E-02 
2.95418E-01 -3.35814E-02 
3.01771E-01 -4.19789E-02 
3.06208E-01 -4.95751E-02 
3.11544E-01 -5.76239E-02 
3.16402E-01 -6.55436E-02 
3.20740E-01 -7.32764E-02 
3.24531E-01 -8.07706E-02 
3.27790E-01 -8.79867E-02 
3.30629E-01 -9.49149E-02 
3.33480E-01 -1.01637E-01 
3.37712E-01 -1.08523E-01 
3.46604E-01 -1.16605E-01 
3.63288E-01 -1.27144E-01 
3.82844E-01 -1.39018E-01 
3.95261E-01 -1.48913E-01 
2.22874E-01 2.37491E-02 
2.30704E-01 1.63127E-02 
2.33427E-01 8.66439E-03 
2.40296E-01 1.78011E-03 
2.47083E-01 -5.30288E-03 
2.53735E-01 -1.25408E-02 
2.60203E-01 -1.98888E-02 
2.65050E-01 -2.56203E-02 
2.66438E-01 -2.73002E-02 
2.72845E-01 -3.53087E-02 
2.78870E-01 -4.32780E-02 
2.84462E-01 -5.11510E-02 
2.89576E-01 -5.88727E-02 
2.92812E-01 -6.56463E-02 
2.96817E-01 -7.28241E-02 
3.00296E-01 -7.97740E-02 
3.03218E-01 -8.64480E-02 
3.05571E-01 -9.28060E-02 
3.07381E-01 -9.88220E-02 
3.08767E-01 -1.04504E-01 
3.10146E-01 -1.09962E-01 
3.12815E-01 -1.15622E-01 
3.19826E-01 -1.22604E-01 
3.34024E-01 -1.32176E-01 
3.50718E-01 -1.42970E-01 
3.60633E-01 -1.51460E-01 
2.20617E-01 5.42794E-03 
2.27872E-01 -2.13447E-03 
2.29193E-01 -8.56712E-03 
2.35536E-01 -1.55396E-02 
2.41700E-01 -2.26022E-02 
2.47637E-01 -2.97108E-02 
2.53304E-01 -3.68213E-02 
2.57475E-01 -4.22962E-02 
2.58657E-01 -4.38892E-02 
2.64031E-01 -5.14124E-02 
2.68949E-01 -5.87827E-02 
2.73370E-01 -6.59502E-02 
2.77262E-01 -7.28681E-02 
2.79357E-01 -7.87477E-02 
2.82094E-01 -8.49703E-02 
2.84279E-01 -9.08891E-02 
2.85895E-01 -9.64671E-02 
2.86941E-01 -1.01675E-01 
2.87453E-01 -1.06501E-01 
2.87555E-01 -1.10967E-01 
2.87649E-01 -1.15207E-01 
2.88951E-01 -1.19685E-01 
2.94294E-01 -1.25571E-01 
3.06251E-01 -1.34114E-01 
3.20375E-01 -1.43766E-01 
3.28115E-01 -1.50900E-01 
2.18480E-01 -1.16890E-02 
2.25055E-01 -1.91787E-02 
2.25189E-01 -2.44872E-02 
2.30896E-01 -3.13525E-02 
2.36340E-01 -3.82059E-02 
2.41482E-01 -4.50051E-02 
2.46282E-01 -5.17089E-02 
2.49740E-01 -5.68049E-02 
2.50706E-01 -5.82769E-02 
2.55017E-01 -6.51628E-02 
2.58820E-01 -7.18009E-02 
2.62086E-01 -7.81501E-02 
2.64793E-01 -8.41732E-02 
2.65815E-01 -8.91163E-02 
2.67362E-01 -9.43358E-02 
2.68351E-01 -9.91983E-02 
2.68778E-01 -1.03677E-01 
2.68654E-01 -1.07754E-01 
2.68021E-01 -1.11429E-01 
2.67006E-01 -1.14737E-01 
2.65992E-01 -1.17829E-01 
2.66118E-01 -1.21192E-01 
2.69997E-01 -1.26018E-01 
2.79947E-01 -1.33513E-01 
2.91779E-01 -1.42011E-01 
2.97645E-01 -1.47865E-01 
2.16314E-01 -2.73966E-02 
2.22125E-01 -3.46325E-02 
2.21265E-01 -3.89163E-02 
2.26248E-01 -4.54986E-02 
2.30903E-01 -5.19782E-02 
2.35195E-01 -5.83163E-02 
2.39094E-01 -6.44763E-02 
2.41822E-01 -6.90982E-02 
2.42571E-01 -7.04233E-02 
2.45822E-01 -7.65601E-02 
2.48534E-01 -8.23753E-02 
2.50690E-01 -8.78371E-02 
2.52278E-01 -9.29178E-02 
2.52313E-01 -9.69175E-02 
2.52769E-01 -1.01129E-01 
2.52681E-01 -1.04950E-01 
2.52054E-01 -1.08366E-01 
2.50907E-01 -1.11367E-01 
2.49288E-01 -1.13963E-01 
2.47326E-01 -1.16201E-01 
2.45384E-01 -1.18242E-01 
2.44521E-01 -1.20586E-01 
2.47141E-01 -1.24419E-01 
2.55324E-01 -1.30892E-01 
2.65146E-01 -1.38268E-01 
2.69425E-01 -1.42952E-01 
2.13916E-01 -4.19302E-02 
2.18881E-01 -4.87452E-02 
2.17172E-01 -5.20780E-02 
2.21352E-01 -5.82175E-02 
2.25152E-01 -6.41754E-02 
2.28545E-01 -6.99180E-02 
2.31510E-01 -7.54144E-02 
2.33496E-01 -7.94803E-02 
2.34026E-01 -8.06363E-02 
2.36219E-01 -8.59302E-02 
2.37863E-01 -9.08483E-02 
2.38949E-01 -9.53681E-02 
2.39477E-01 -9.94720E-02 
2.38601E-01 -1.02527E-01 
2.38055E-01 -1.05732E-01 
2.36993E-01 -1.08534E-01 
2.35427E-01 -1.10924E-01 
2.33385E-01 -1.12904E-01 
2.30919E-01 -1.14492E-01 
2.28155E-01 -1.15742E-01 
2.25436E-01 -1.16822E-01 
2.23742E-01 -1.18232E-01 
2.25271E-01 -1.21137E-01 
2.31881E-01 -1.26618E-01 
2.39917E-01 -1.32910E-01 
2.42842E-01 -1.36523E-01 
2.11176E-01 -5.50010E-02 
2.15244E-01 -6.12554E-02 
2.12818E-01 -6.37173E-02 
2.16145E-01 -6.92839E-02 
2.19059E-01 -7.46051E-02 
2.21539E-01 -7.96532E-02 
2.23571E-01 -8.44035E-02 
2.24829E-01 -8.78611E-02 
2.25144E-01 -8.88347E-02 
2.26318E-01 -9.32341E-02 
2.26948E-01 -9.72233E-02 
2.27037E-01 -1.00789E-01 
2.26592E-01 -1.03923E-01 
2.24898E-01 -1.06064E-01 
2.23462E-01 -1.08305E-01 
2.21548E-01 -1.10144E-01 
2.19175E-01 -1.11580E-01 
2.16377E-01 -1.12624E-01 
2.13210E-01 -1.13300E-01 
2.09794E-01 -1.13668E-01 
2.06452E-01 -1.13898E-01 
2.04086E-01 -1.14485E-01 
2.04696E-01 -1.16549E-01 
2.09937E-01 -1.21102E-01 
2.16422E-01 -1.26382E-01 
2.18223E-01 -1.29044E-01 
2.07964E-01 -6.65991E-02 
2.11102E-01 -7.21779E-02 
2.08067E-01 -7.38372E-02 
2.10512E-01 -7.87269E-02 
2.12526E-01 -8.33230E-02 
2.14096E-01 -8.76039E-02 
2.15214E-01 -9.15519E-02 
2.15767E-01 -9.43687E-02 
2.15878E-01 -9.51521E-02 
2.16083E-01 -9.86319E-02 
2.15766E-01 -1.01685E-01 
2.14938E-01 -1.04307E-01 
2.13613E-01 -1.06498E-01 
2.11198E-01 -1.07773E-01 
2.08982E-01 -1.09105E-01 
2.06336E-01 -1.10050E-01 
2.03283E-01 -1.10614E-01 
1.99861E-01 -1.10814E-01 
1.96127E-01 -1.10678E-01 
1.92198E-01 -1.10272E-01 
1.88372E-01 -1.09765E-01 
1.85475E-01 -1.09634E-01 
1.85322E-01 -1.10952E-01 
1.89379E-01 -1.14648E-01 
1.94523E-01 -1.18997E-01 
1.95398E-01 -1.20828E-01 
2.04186E-01 -7.66641E-02 
2.06381E-01 -8.14793E-02 
2.02826E-01 -8.23979E-02 
2.04385E-01 -8.65356E-02 
2.05509E-01 -9.03468E-02 
2.06192E-01 -9.38165E-02 
2.06433E-01 -9.69334E-02 
2.06319E-01 -9.90977E-02 
2.06237E-01 -9.96893E-02 
2.05541E-01 -1.02251E-01 
2.04357E-01 -1.04387E-01 
2.02702E-01 -1.06099E-01 
2.00598E-01 -1.07395E-01 
1.97561E-01 -1.07864E-01 
1.94680E-01 -1.08359E-01 
1.91420E-01 -1.08492E-01 
1.87812E-01 -1.08276E-01 
1.83892E-01 -1.07731E-01 
1.79719E-01 -1.06891E-01 
1.75404E-01 -1.05821E-01 
1.71222E-01 -1.04688E-01 
1.67924E-01 -1.03949E-01 
1.67151E-01 -1.04614E-01 
1.70195E-01 -1.07535E-01 
1.74190E-01 -1.11041E-01 
1.74319E-01 -1.12159E-01 
1.99758E-01 -8.51825E-02 
2.01016E-01 -8.91716E-02 
1.97018E-01 -8.94043E-02 
1.97703E-01 -9.27404E-02 
1.97963E-01 -9.57321E-02 
1.97798E-01 -9.83704E-02 
1.97214E-01 -1.00650E-01 
1.96479E-01 -1.02167E-01 
1.96219E-01 -1.02570E-01 
1.94700E-01 -1.04237E-01 
1.92736E-01 -1.05492E-01 
1.90352E-01 -1.06345E-01 
1.87571E-01 -1.06807E-01 
1.84010E-01 -1.06541E-01 
1.80575E-01 -1.06279E-01 
1.76818E-01 -1.05690E-01 
1.72771E-01 -1.04789E-01 
1.68472E-01 -1.03601E-01 
1.63979E-01 -1.02162E-01 
1.59393E-01 -1.00537E-01 
1.54970E-01 -9.88860E-02 
1.51388E-01 -9.76416E-02 
1.50122E-01 -9.77483E-02 
1.52307E-01 -9.99771E-02 
1.55327E-01 -1.02732E-01 
1.54865E-01 -1.03248E-01 
1.94635E-01 -9.21230E-02 
1.94982E-01 -9.52504E-02 
1.90606E-01 -9.48494E-02 
1.90452E-01 -9.73616E-02 
1.89892E-01 -9.95250E-02 
1.88935E-01 -1.01337E-01 
1.87590E-01 -1.02797E-01 
1.86292E-01 -1.03688E-01 
1.85871E-01 -1.03909E-01 
1.83617E-01 -1.04726E-01 
1.80971E-01 -1.05156E-01 
1.77958E-01 -1.05215E-01 
1.74608E-01 -1.04920E-01 
1.70622E-01 -1.03998E-01 
1.66744E-01 -1.03069E-01 
1.62602E-01 -1.01852E-01 
1.58228E-01 -1.00367E-01 
1.53661E-01 -9.86393E-02 
1.48955E-01 -9.67058E-02 
1.44206E-01 -9.46310E-02 
1.39644E-01 -9.25671E-02 
1.35883E-01 -9.09182E-02 
1.34240E-01 -9.05584E-02 
1.35708E-01 -9.21811E-02 
1.37909E-01 -9.42776E-02 
1.36995E-01 -9.42979E-02 
1.88791E-01 -9.74877E-02 
1.88271E-01 -9.97428E-02 
1.83577E-01 -9.87588E-02 
1.82633E-01 -1.00449E-01 
1.81314E-01 -1.01798E-01 
1.79634E-01 -1.02809E-01 
1.77605E-01 -1.03486E-01 
1.75807E-01 -1.03786E-01 
1.75245E-01 -1.03838E-01 
1.72351E-01 -1.03864E-01 
1.69122E-01 -1.03540E-01 
1.65585E-01 -1.02883E-01 
1.61772E-01 -1.01915E-01 
1.57458E-01 -1.00423E-01 
1.53244E-01 -9.89208E-02 
1.48822E-01 -9.71735E-02 
1.44226E-01 -9.52034E-02 
1.39493E-01 -9.30373E-02 
1.34673E-01 -9.07114E-02 
1.29855E-01 -8.82879E-02 
1.25247E-01 -8.59093E-02 
1.21398E-01 -8.39498E-02 
1.19481E-01 -8.32115E-02 
1.20360E-01 -8.43130E-02 
1.21885E-01 -8.58416E-02 
1.20638E-01 -8.54652E-02 
1.82218E-01 -1.01302E-01 
1.80890E-01 -1.02697E-01 
1.75934E-01 -1.01180E-01 
1.74264E-01 -1.02071E-01 
1.72258E-01 -1.02640E-01 
1.69932E-01 -1.02894E-01 
1.67303E-01 -1.02840E-01 
1.65074E-01 -1.02595E-01 
1.64391E-01 -1.02491E-01 
1.60958E-01 -1.01800E-01 
1.57248E-01 -1.00801E-01 
1.53292E-01 -9.95150E-02 
1.49120E-01 -9.79648E-02 
1.44572E-01 -9.59895E-02 
1.40122E-01 -9.40093E-02 
1.35520E-01 -9.18289E-02 
1.30798E-01 -8.94716E-02 
1.25991E-01 -8.69645E-02 
1.21146E-01 -8.43427E-02 
1.16344E-01 -8.16647E-02 
1.11769E-01 -7.90623E-02 
1.07913E-01 -7.68791E-02 
1.05812E-01 -7.58446E-02 
1.06216E-01 -7.65065E-02 
1.07191E-01 -7.75543E-02 
1.05713E-01 -7.68712E-02 
1.74948E-01 -1.03604E-01 
1.72884E-01 -1.04172E-01 
1.67719E-01 -1.02176E-01 
1.65401E-01 -1.02312E-01 
1.62791E-01 -1.02152E-01 
1.59908E-01 -1.01708E-01 
1.56769E-01 -1.00990E-01 
1.54180E-01 -1.00257E-01 
1.53398E-01 -1.00014E-01 
1.49527E-01 -9.86897E-02 
1.45440E-01 -9.71043E-02 
1.41168E-01 -9.52806E-02 
1.36738E-01 -9.32424E-02 
1.32046E-01 -9.08743E-02 
1.27455E-01 -8.85108E-02 
1.22765E-01 -8.59923E-02 
1.18004E-01 -8.33424E-02 
1.13207E-01 -8.05870E-02 
1.08415E-01 -7.77594E-02 
1.03700E-01 -7.49139E-02 
9.92274E-02 -7.21711E-02 
9.54316E-02 -6.98433E-02 
9.32269E-02 -6.85889E-02 
9.32574E-02 -6.88892E-02 
9.37945E-02 -6.95390E-02 
9.21751E-02 -6.86306E-02 
1.66996E-01 -1.04463E-01 
1.64278E-01 -1.04254E-01 
1.58958E-01 -1.01831E-01 
1.56076E-01 -1.01269E-01 
1.52950E-01 -1.00445E-01 
1.49599E-01 -9.93731E-02 
1.46044E-01 -9.80666E-02 
1.43168E-01 -9.69050E-02 
1.42308E-01 -9.65418E-02 
1.38101E-01 -9.46729E-02 
1.33738E-01 -9.25927E-02 
1.29246E-01 -9.03246E-02 
1.24656E-01 -8.78923E-02 
1.19901E-01 -8.52186E-02 
1.15257E-01 -8.25632E-02 
1.10561E-01 -7.97970E-02 
1.05840E-01 -7.69424E-02 
1.01125E-01 -7.40242E-02 
9.64535E-02 -7.10731E-02 
9.18888E-02 -6.81384E-02 
8.75766E-02 -6.53294E-02 
8.38993E-02 -6.29273E-02 
8.16579E-02 -6.15216E-02 
8.14047E-02 -6.15321E-02 
8.16010E-02 -6.18597E-02 
7.99129E-02 -6.07971E-02 
1.58509E-01 -1.03964E-01 
1.55234E-01 -1.03050E-01 
1.49812E-01 -1.00262E-01 
1.46462E-01 -9.90789E-02 
1.42917E-01 -9.76724E-02 
1.39197E-01 -9.60572E-02 
1.35323E-01 -9.42491E-02 
1.32234E-01 -9.27285E-02 
1.31318E-01 -9.22651E-02 
1.26876E-01 -8.99492E-02 
1.22335E-01 -8.74720E-02 
1.17720E-01 -8.48565E-02 
1.13058E-01 -8.21254E-02 
1.08318E-01 -7.92331E-02 
1.03699E-01 -7.63751E-02 
9.90698E-02 -7.34473E-02 
9.44565E-02 -7.04710E-02 
8.98855E-02 -6.74688E-02 
8.53900E-02 -6.44686E-02 
8.10252E-02 -6.15146E-02 
7.69188E-02 -5.87046E-02 
7.34054E-02 -5.62899E-02 
7.11845E-02 -5.47949E-02 
7.07272E-02 -5.45836E-02 
7.06698E-02 -5.46607E-02 
6.89738E-02 -5.35069E-02 
1.49414E-01 -1.02199E-01 
1.45673E-01 -1.00653E-01 
1.40203E-01 -9.75565E-02 
1.36476E-01 -9.58281E-02 
1.32604E-01 -9.39176E-02 
1.28606E-01 -9.18409E-02 
1.24505E-01 -8.96145E-02 
1.21272E-01 -8.77999E-02 
1.20319E-01 -8.72555E-02 
1.15737E-01 -8.45834E-02 
1.11107E-01 -8.17995E-02 
1.06454E-01 -7.89253E-02 
1.01802E-01 -7.59823E-02 
9.71463E-02 -7.29499E-02 
9.26218E-02 -6.99690E-02 
8.81256E-02 -6.69564E-02 
8.36795E-02 -6.39314E-02 
7.93067E-02 -6.09144E-02 
7.50357E-02 -5.79300E-02 
7.09141E-02 -5.50171E-02 
6.70524E-02 -5.22620E-02 
6.37417E-02 -4.98875E-02 
6.15885E-02 -4.83559E-02 
6.09923E-02 -4.79805E-02 
6.07520E-02 -4.78673E-02 
5.90968E-02 -4.66744E-02 
1.39871E-01 -9.92822E-02 
1.35767E-01 -9.71922E-02 
1.30302E-01 -9.38515E-02 
1.26297E-01 -9.16664E-02 
1.22193E-01 -8.93417E-02 
1.18012E-01 -8.68936E-02 
1.13773E-01 -8.43386E-02 
1.10465E-01 -8.22988E-02 
1.09495E-01 -8.16933E-02 
1.04862E-01 -7.87591E-02 
1.00229E-01 -7.57598E-02 
9.56183E-02 -7.27153E-02 
9.10502E-02 -6.96448E-02 
8.65392E-02 -6.65473E-02 
8.21706E-02 -6.35185E-02 
7.78620E-02 -6.04918E-02 
7.36322E-02 -5.74843E-02 
6.95009E-02 -5.45139E-02 
6.54918E-02 -5.16016E-02 
6.16454E-02 -4.87812E-02 
5.80564E-02 -4.61283E-02 
5.49765E-02 -4.38381E-02 
5.29288E-02 -4.23158E-02 
5.22508E-02 -4.18291E-02 
5.18894E-02 -4.15809E-02 
5.03133E-02 -4.03930E-02 
1.29976E-01 -9.53418E-02 
1.25610E-01 -9.28027E-02 
1.20206E-01 -8.92829E-02 
1.16017E-01 -8.67331E-02 
1.11775E-01 -8.40859E-02 
1.07500E-01 -8.13570E-02 
1.03210E-01 -7.85623E-02 
9.98908E-02 -7.63647E-02 
9.89218E-02 -7.57175E-02 
9.43208E-02 -7.26114E-02 
8.97623E-02 -6.94834E-02 
8.52648E-02 -6.63510E-02 
8.08454E-02 -6.32309E-02 
7.65324E-02 -6.01365E-02 
7.23710E-02 -5.71265E-02 
6.82956E-02 -5.41479E-02 
6.43218E-02 -5.12153E-02 
6.04656E-02 -4.83437E-02 
5.67465E-02 -4.55508E-02 
5.31982E-02 -4.28654E-02 
4.99014E-02 -4.03525E-02 
4.70720E-02 -3.81824E-02 
4.51591E-02 -3.67074E-02 
4.44463E-02 -3.61551E-02 
4.40152E-02 -3.58196E-02 
4.25468E-02 -3.46722E-02 
1.19832E-01 -9.05144E-02 
1.15304E-01 -8.76244E-02 
1.10016E-01 -8.39919E-02 
1.05735E-01 -8.11705E-02 
1.01444E-01 -7.82919E-02 
9.71592E-02 -7.53712E-02 
9.28974E-02 -7.24229E-02 
8.96254E-02 -7.01317E-02 
8.86740E-02 -6.94611E-02 
8.41800E-02 -6.62683E-02 
7.97643E-02 -6.30920E-02 
7.54421E-02 -5.99470E-02 
7.12271E-02 -5.68472E-02 
6.71561E-02 -5.38163E-02 
6.32440E-02 -5.08837E-02 
5.94379E-02 -4.80065E-02 
5.57504E-02 -4.51971E-02 
5.21940E-02 -4.24675E-02 
4.87843E-02 -3.98322E-02 
4.55488E-02 -3.73152E-02 
4.25555E-02 -3.49720E-02 
3.99887E-02 -3.29495E-02 
3.82319E-02 -3.15525E-02 
3.75224E-02 -3.09732E-02 
3.70632E-02 -3.05904E-02 
3.57228E-02 -2.95111E-02 
1.09548E-01 -8.49450E-02 
1.04956E-01 -8.18028E-02 
9.98352E-02 -7.81239E-02 
9.55509E-02 -7.51225E-02 
9.12929E-02 -7.21012E-02 
8.70764E-02 -6.90737E-02 
8.29156E-02 -6.60530E-02 
7.97427E-02 -6.37283E-02 
7.88235E-02 -6.30515E-02 
7.45023E-02 -5.98502E-02 
7.02885E-02 -5.66983E-02 
6.61941E-02 -5.36079E-02 
6.22294E-02 -5.05902E-02 
5.84357E-02 -4.76750E-02 
5.48054E-02 -4.48690E-02 
5.12956E-02 -4.21377E-02 
4.79157E-02 -3.94907E-02 
4.46754E-02 -3.69374E-02 
4.15864E-02 -3.44893E-02 
3.86708E-02 -3.21656E-02 
3.59851E-02 -3.00134E-02 
3.36859E-02 -2.81586E-02 
3.20993E-02 -2.68629E-02 
3.14231E-02 -2.62883E-02 
3.09686E-02 -2.58914E-02 
2.97687E-02 -2.49004E-02 
9.92381E-02 -7.87824E-02 
9.46729E-02 -7.54849E-02 
8.97694E-02 -7.18243E-02 
8.55618E-02 -6.87307E-02 
8.14121E-02 -6.56504E-02 
7.73333E-02 -6.25957E-02 
7.33373E-02 -5.95777E-02 
7.03090E-02 -5.72742E-02 
6.94347E-02 -5.66067E-02 
6.53423E-02 -5.34669E-02 
6.13799E-02 -5.04037E-02 
5.75560E-02 -4.74264E-02 
5.38776E-02 -4.45432E-02 
5.03879E-02 -4.17872E-02 
4.70631E-02 -3.91484E-02 
4.38677E-02 -3.65983E-02 
4.08087E-02 -3.41441E-02 
3.78926E-02 -3.17928E-02 
3.51282E-02 -2.95529E-02 
3.25324E-02 -2.74397E-02 
3.01523E-02 -2.54923E-02 
2.81196E-02 -2.38181E-02 
2.67109E-02 -2.26407E-02 
2.60902E-02 -2.20958E-02 
2.56654E-02 -2.17111E-02 
2.46120E-02 -2.08218E-02 
8.90172E-02 -7.21795E-02 
8.45629E-02 -6.88194E-02 
7.99231E-02 -6.52389E-02 
7.58644E-02 -6.21351E-02 
7.18894E-02 -5.90733E-02 
6.80090E-02 -5.60637E-02 
6.42324E-02 -5.31155E-02 
6.13868E-02 -5.08818E-02 
6.05679E-02 -5.02370E-02 
5.67503E-02 -4.72199E-02 
5.30784E-02 -4.43005E-02 
4.95577E-02 -4.14852E-02 
4.61924E-02 -3.87795E-02 
4.30247E-02 -3.62174E-02 
4.00200E-02 -3.37772E-02 
3.71489E-02 -3.14348E-02 
3.44159E-02 -2.91953E-02 
3.18252E-02 -2.70634E-02 
2.93823E-02 -2.50450E-02 
2.71003E-02 -2.31519E-02 
2.50177E-02 -2.14163E-02 
2.32452E-02 -1.99290E-02 
2.20161E-02 -1.88806E-02 
2.14668E-02 -1.83845E-02 
2.10894E-02 -1.80317E-02 
2.01831E-02 -1.72518E-02 
7.89988E-02 -6.52880E-02 
7.47308E-02 -6.19515E-02 
7.03958E-02 -5.85087E-02 
6.65487E-02 -5.54692E-02 
6.28052E-02 -5.24950E-02 
5.91738E-02 -4.95945E-02 
5.56613E-02 -4.67747E-02 
5.30290E-02 -4.46523E-02 
5.22738E-02 -4.40419E-02 
4.87666E-02 -4.11987E-02 
4.54143E-02 -3.84680E-02 
4.22199E-02 -3.58539E-02 
3.91849E-02 -3.33594E-02 
3.63488E-02 -3.10171E-02 
3.36709E-02 -2.87979E-02 
3.11264E-02 -2.66813E-02 
2.87175E-02 -2.46702E-02 
2.64463E-02 -2.27674E-02 
2.43161E-02 -2.09766E-02 
2.23366E-02 -1.93065E-02 
2.05387E-02 -1.77835E-02 
1.90152E-02 -1.64839E-02 
1.79627E-02 -1.55697E-02 
1.74943E-02 -1.51356E-02 
1.71759E-02 -1.48287E-02 
1.64124E-02 -1.41607E-02 
6.92754E-02 -5.82442E-02 
6.52592E-02 -5.50096E-02 
6.12645E-02 -5.17564E-02 
5.76819E-02 -4.88470E-02 
5.42168E-02 -4.60208E-02 
5.08753E-02 -4.32841E-02 
4.76622E-02 -4.06419E-02 
4.52666E-02 -3.86651E-02 
4.45812E-02 -3.80985E-02 
4.14100E-02 -3.54706E-02 
3.83972E-02 -3.29643E-02 
3.55432E-02 -3.05813E-02 
3.28474E-02 -2.83223E-02 
3.03454E-02 -2.62177E-02 
2.79940E-02 -2.42340E-02 
2.57718E-02 -2.23535E-02 
2.36793E-02 -2.05774E-02 
2.17168E-02 -1.89068E-02 
1.98858E-02 -1.73436E-02 
1.81930E-02 -1.58940E-02 
1.66635E-02 -1.45792E-02 
1.53746E-02 -1.34635E-02 
1.44918E-02 -1.26840E-02 
1.41089E-02 -1.23199E-02 
1.38555E-02 -1.20678E-02 
1.32273E-02 -1.15099E-02 
6.00368E-02 -5.12565E-02 
5.63239E-02 -4.81906E-02 
5.26946E-02 -4.51698E-02 
4.94157E-02 -4.24445E-02 
4.62621E-02 -3.98144E-02 
4.32379E-02 -3.72841E-02 
4.03460E-02 -3.48568E-02 
3.82003E-02 -3.30508E-02 
3.75881E-02 -3.25348E-02 
3.47653E-02 -3.01509E-02 
3.20989E-02 -2.78920E-02 
2.95872E-02 -2.57578E-02 
2.72280E-02 -2.37474E-02 
2.50524E-02 -2.18878E-02 
2.30173E-02 -2.01440E-02 
2.11039E-02 -1.85003E-02 
1.93116E-02 -1.69568E-02 
1.76393E-02 -1.55132E-02 
1.60870E-02 -1.41699E-02 
1.46592E-02 -1.29310E-02 
1.33761E-02 -1.18136E-02 
1.23024E-02 -1.08719E-02 
1.15774E-02 -1.02222E-02 
1.12793E-02 -9.93121E-03 
1.10920E-02 -9.73744E-03 
1.05873E-02 -9.28328E-03 
5.12599E-02 -4.43716E-02 
4.78938E-02 -4.15319E-02 
4.46512E-02 -3.87810E-02 
4.17074E-02 -3.62848E-02 
3.88912E-02 -3.38906E-02 
3.62052E-02 -3.16012E-02 
3.36501E-02 -2.94180E-02 
3.17631E-02 -2.78022E-02 
3.12262E-02 -2.73419E-02 
2.87587E-02 -2.52232E-02 
2.64408E-02 -2.32281E-02 
2.42694E-02 -2.13546E-02 
2.22408E-02 -1.96002E-02 
2.03816E-02 -1.79882E-02 
1.86503E-02 -1.64843E-02 
1.70310E-02 -1.50747E-02 
1.55219E-02 -1.37582E-02 
1.41209E-02 -1.25336E-02 
1.28270E-02 -1.14003E-02 
1.16430E-02 -1.03608E-02 
1.05851E-02 -9.42900E-03 
9.70757E-03 -8.65031E-03 
9.12787E-03 -8.12376E-03 
8.91128E-03 -7.90548E-03 
8.78800E-03 -7.77046E-03 
8.39447E-03 -7.41224E-03 
4.30979E-02 -3.77664E-02 
4.01067E-02 -3.51966E-02 
3.72609E-02 -3.27419E-02 
3.46697E-02 -3.05069E-02 
3.22037E-02 -2.83756E-02 
2.98634E-02 -2.63490E-02 
2.76486E-02 -2.44272E-02 
2.60203E-02 -2.30120E-02 
2.55581E-02 -2.26099E-02 
2.34409E-02 -2.07659E-02 
2.14627E-02 -1.90395E-02 
1.96193E-02 -1.74276E-02 
1.79060E-02 -1.59268E-02 
1.63448E-02 -1.45565E-02 
1.48977E-02 -1.32842E-02 
1.35508E-02 -1.20981E-02 
1.23017E-02 -1.09962E-02 
1.11478E-02 -9.97652E-03 
1.00873E-02 -9.03778E-03 
9.12187E-03 -8.18149E-03 
8.26472E-03 -7.41878E-03 
7.56132E-03 -6.78821E-03 
7.11127E-03 -6.37435E-03 
6.96923E-03 -6.22470E-03 
6.90442E-03 -6.14506E-03 
6.60752E-03 -5.87211E-03 
3.56251E-02 -3.15556E-02 
3.30242E-02 -2.92863E-02 
3.05755E-02 -2.71437E-02 
2.83430E-02 -2.51899E-02 
2.62285E-02 -2.33366E-02 
2.42317E-02 -2.15837E-02 
2.23509E-02 -1.99304E-02 
2.09740E-02 -1.87184E-02 
2.05841E-02 -1.83749E-02 
1.88037E-02 -1.68051E-02 
1.71485E-02 -1.53434E-02 
1.56138E-02 -1.39861E-02 
1.41945E-02 -1.27291E-02 
1.29081E-02 -1.15879E-02 
1.17210E-02 -1.05335E-02 
1.06213E-02 -9.55531E-03 
9.60621E-03 -8.65112E-03 
8.67281E-03 -7.81856E-03 
7.81906E-03 -7.05590E-03 
7.04587E-03 -6.36396E-03 
6.36403E-03 -5.75193E-03 
5.81208E-03 -5.25271E-03 
5.47478E-03 -4.93899E-03 
5.39804E-03 -4.85117E-03 
5.38385E-03 -4.82089E-03 
5.16839E-03 -4.62120E-03 
2.89057E-02 -2.58417E-02 
2.66969E-02 -2.38893E-02 
2.46358E-02 -2.20640E-02 
2.27563E-02 -2.03991E-02 
2.09843E-02 -1.88276E-02 
1.93185E-02 -1.73487E-02 
1.77566E-02 -1.59604E-02 
1.66176E-02 -1.49472E-02 
1.62959E-02 -1.46607E-02 
1.48306E-02 -1.33555E-02 
1.34749E-02 -1.21464E-02 
1.22237E-02 -1.10292E-02 
1.10720E-02 -9.99962E-03 
1.00332E-02 -9.06984E-03 
9.07859E-03 -8.21450E-03 
8.19808E-03 -7.42467E-03 
7.38880E-03 -6.69791E-03 
6.64790E-03 -6.03178E-03 
5.97326E-03 -5.42444E-03 
5.36539E-03 -4.87632E-03 
4.83333E-03 -4.39518E-03 
4.41000E-03 -4.00941E-03 
4.16787E-03 -3.78187E-03 
4.14561E-03 -3.74700E-03 
4.17256E-03 -3.75809E-03 
4.02329E-03 -3.61892E-03 
2.29864E-02 -2.07090E-02 
2.11587E-02 -1.90764E-02 
1.94658E-02 -1.75623E-02 
1.79230E-02 -1.61821E-02 
1.64746E-02 -1.48853E-02 
1.51185E-02 -1.36703E-02 
1.38522E-02 -1.25347E-02 
1.29321E-02 -1.17091E-02 
1.26727E-02 -1.14762E-02 
1.14945E-02 -1.04179E-02 
1.04089E-02 -9.44190E-03 
9.41126E-03 -8.54414E-03 
8.49664E-03 -7.72036E-03 
7.67528E-03 -6.97982E-03 
6.92327E-03 -6.30122E-03 
6.23230E-03 -5.67713E-03 
5.59966E-03 -5.10516E-03 
5.02270E-03 -4.58302E-03 
4.49949E-03 -4.10898E-03 
4.03040E-03 -3.68334E-03 
3.62319E-03 -3.31283E-03 
3.30622E-03 -3.02222E-03 
3.14173E-03 -2.86618E-03 
3.16218E-03 -2.87402E-03 
3.21992E-03 -2.91721E-03 
3.12213E-03 -2.82581E-03 
1.79006E-02 -1.62261E-02 
1.64302E-02 -1.49021E-02 
1.50766E-02 -1.36823E-02 
1.38441E-02 -1.25715E-02 
1.26911E-02 -1.15317E-02 
1.16154E-02 -1.05611E-02 
1.06144E-02 -9.65735E-03 
9.88924E-03 -9.00236E-03 
9.68514E-03 -8.81794E-03 
8.76006E-03 -7.98174E-03 
7.91072E-03 -7.21344E-03 
7.13282E-03 -6.50926E-03 
6.42206E-03 -5.86537E-03 
5.78599E-03 -5.28864E-03 
5.20539E-03 -4.76181E-03 
4.67357E-03 -4.27884E-03 
4.18814E-03 -3.83762E-03 
3.74686E-03 -3.43615E-03 
3.34810E-03 -3.07298E-03 
2.99226E-03 -2.74845E-03 
2.68617E-03 -2.46856E-03 
2.45443E-03 -2.25511E-03 
2.35058E-03 -2.15578E-03 
2.40165E-03 -2.19533E-03 
2.47956E-03 -2.26072E-03 
2.41959E-03 -2.20484E-03 
1.36468E-02 -1.24263E-02 
1.24997E-02 -1.13880E-02 
1.14484E-02 -1.04358E-02 
1.04919E-02 -9.56934E-03 
9.59932E-03 -8.76056E-03 
8.76873E-03 -8.00761E-03 
7.99769E-03 -7.30834E-03 
7.44034E-03 -6.80265E-03 
7.28364E-03 -6.66044E-03 
6.57447E-03 -6.01660E-03 
5.92491E-03 -5.42651E-03 
5.33136E-03 -4.88693E-03 
4.79025E-03 -4.39468E-03 
4.30716E-03 -3.95482E-03 
3.86706E-03 -3.55380E-03 
3.46478E-03 -3.18694E-03 
3.09838E-03 -2.85250E-03 
2.76607E-03 -2.54888E-03 
2.46660E-03 -2.27496E-03 
2.20052E-03 -2.03126E-03 
1.97394E-03 -1.82323E-03 
1.80822E-03 -1.67009E-03 
1.74929E-03 -1.61336E-03 
1.81927E-03 -1.67359E-03 
1.90708E-03 -1.75130E-03 
1.87287E-03 -1.71984E-03 
1.02403E-02 -9.35358E-03 
9.37043E-03 -8.56417E-03 
8.57510E-03 -7.84214E-03 
7.85125E-03 -7.18486E-03 
7.17654E-03 -6.57200E-03 
6.54927E-03 -6.00199E-03 
5.96749E-03 -5.47307E-03 
5.54726E-03 -5.09083E-03 
5.42915E-03 -4.98337E-03 
4.89492E-03 -4.49710E-03 
4.40596E-03 -4.05171E-03 
3.95950E-03 -3.64470E-03 
3.55279E-03 -3.27360E-03 
3.19002E-03 -2.94226E-03 
2.85976E-03 -2.64032E-03 
2.55814E-03 -2.36429E-03 
2.28369E-03 -2.11285E-03 
2.03508E-03 -1.88483E-03 
1.81148E-03 -1.67949E-03 
1.61359E-03 -1.49749E-03 
1.44686E-03 -1.34383E-03 
1.32979E-03 -1.23541E-03 
1.30141E-03 -1.20803E-03 
1.37932E-03 -1.27830E-03 
1.46763E-03 -1.35900E-03 
1.44885E-03 -1.34224E-03 
7.62944E-03 -6.98604E-03 
6.98382E-03 -6.40024E-03 
6.39330E-03 -5.86413E-03 
5.85472E-03 -5.37492E-03 
5.35210E-03 -4.91811E-03 
4.88423E-03 -4.49259E-03 
4.44976E-03 -4.09713E-03 
4.13559E-03 -3.81095E-03 
4.04724E-03 -3.73044E-03 
3.64731E-03 -3.36575E-03 
3.28086E-03 -3.03122E-03 
2.94592E-03 -2.72509E-03 
2.64053E-03 -2.44562E-03 
2.36802E-03 -2.19589E-03 
2.11979E-03 -1.96811E-03 
1.89304E-03 -1.75975E-03 
1.68674E-03 -1.56992E-03 
1.49998E-03 -1.39782E-03 
1.33225E-03 -1.24303E-03 
1.18435E-03 -1.10632E-03 
1.06109E-03 -9.92186E-04 
9.78211E-04 -9.15240E-04 
9.68266E-04 -9.05797E-04 
1.04460E-03 -9.76616E-04 
1.12545E-03 -1.05220E-03 
1.11404E-03 -1.04241E-03 
5.75551E-03 -5.28981E-03 
5.27527E-03 -4.85444E-03 
4.83440E-03 -4.45429E-03 
4.43054E-03 -4.08730E-03 
4.05223E-03 -3.74311E-03 
3.69884E-03 -3.42116E-03 
3.36959E-03 -3.12080E-03 
3.13088E-03 -2.90274E-03 
3.06366E-03 -2.84129E-03 
2.75887E-03 -2.56238E-03 
2.47891E-03 -2.30577E-03 
2.22252E-03 -2.07034E-03 
1.98840E-03 -1.85498E-03 
1.77936E-03 -1.66232E-03 
1.58881E-03 -1.48639E-03 
1.41475E-03 -1.32541E-03 
1.25648E-03 -1.17876E-03 
1.11338E-03 -1.04594E-03 
9.85145E-04 -9.26712E-04 
8.72554E-04 -8.21851E-04 
7.79683E-04 -7.35233E-04 
7.19497E-04 -6.79091E-04 
7.18265E-04 -6.78229E-04 
7.85315E-04 -7.41699E-04 
8.52569E-04 -8.05679E-04 
8.42881E-04 -7.97343E-04 
4.52788E-03 -4.19541E-03 
4.15121E-03 -3.85254E-03 
3.80367E-03 -3.53553E-03 
3.48380E-03 -3.24316E-03 
3.18290E-03 -2.96759E-03 
2.90084E-03 -2.70875E-03 
2.63730E-03 -2.46643E-03 
2.44587E-03 -2.29008E-03 
2.39191E-03 -2.24033E-03 
2.14708E-03 -2.01426E-03 
1.92203E-03 -1.80601E-03 
1.71594E-03 -1.61489E-03 
1.52793E-03 -1.44016E-03 
1.36041E-03 -1.28414E-03 
1.20804E-03 -1.14194E-03 
1.06927E-03 -1.01219E-03 
9.43557E-04 -8.94421E-04 
8.30405E-04 -7.88219E-04 
7.29550E-04 -6.93392E-04 
6.41576E-04 -6.10542E-04 
5.69672E-04 -5.42753E-04 
5.23940E-04 -4.99693E-04 
5.24405E-04 -5.00530E-04 
5.76705E-04 -5.50820E-04 
6.26468E-04 -5.98845E-04 
6.15360E-04 -5.88822E-04 
3.81260E-03 -3.58582E-03 
3.47942E-03 -3.27749E-03 
3.17215E-03 -2.99248E-03 
2.88965E-03 -2.72988E-03 
2.62434E-03 -2.48274E-03 
2.37623E-03 -2.25116E-03 
2.14521E-03 -2.03508E-03 
1.97799E-03 -1.87841E-03 
1.93098E-03 -1.83432E-03 
1.71834E-03 -1.63465E-03 
1.52411E-03 -1.45189E-03 
1.34749E-03 -1.28539E-03 
1.18763E-03 -1.13439E-03 
1.04650E-03 -1.00084E-03 
9.19261E-04 -8.80226E-04 
8.04498E-04 -7.71255E-04 
7.01605E-04 -6.73395E-04 
6.09991E-04 -5.86126E-04 
5.29249E-04 -5.09100E-04 
4.59598E-04 -4.42567E-04 
4.03177E-04 -3.88628E-04 
3.67093E-04 -3.54177E-04 
3.65195E-04 -3.52638E-04 
3.99913E-04 -3.86462E-04 
4.30892E-04 -4.16735E-04 
4.17785E-04 -4.04402E-04 
3.39687E-03 -3.25983E-03 
3.05927E-03 -2.93877E-03 
2.75197E-03 -2.64613E-03 
2.47323E-03 -2.38032E-03 
2.21491E-03 -2.13367E-03 
1.97670E-03 -1.90594E-03 
1.75809E-03 -1.69668E-03 
1.60196E-03 -1.54707E-03 
1.55840E-03 -1.50530E-03 
1.36338E-03 -1.31816E-03 
1.18830E-03 -1.14995E-03 
1.03192E-03 -9.99530E-04 
8.92945E-04 -8.65690E-04 
7.72595E-04 -7.49652E-04 
6.66097E-04 -6.46855E-04 
5.71870E-04 -5.55807E-04 
4.89031E-04 -4.75678E-04 
4.16728E-04 -4.05670E-04 
3.54252E-04 -3.45118E-04 
3.01335E-04 -2.93786E-04 
2.58961E-04 -2.52659E-04 
2.31214E-04 -2.25746E-04 
2.26028E-04 -2.20830E-04 
2.43407E-04 -2.37961E-04 
2.57287E-04 -2.51691E-04 
2.44039E-04 -2.38881E-04 
2.92564E-03 -2.86647E-03 
2.57231E-03 -2.52120E-03 
2.25893E-03 -2.21484E-03 
1.98190E-03 -1.94391E-03 
1.73169E-03 -1.69911E-03 
1.50693E-03 -1.47912E-03 
1.30608E-03 -1.28244E-03 
1.16605E-03 -1.14528E-03 
1.12752E-03 -1.10753E-03 
9.58044E-04 -9.41440E-04 
8.10432E-04 -7.96714E-04 
6.82586E-04 -6.71309E-04 
5.72474E-04 -5.63252E-04 
4.80117E-04 -4.72576E-04 
4.00940E-04 -3.94806E-04 
3.33115E-04 -3.28157E-04 
2.75423E-04 -2.71439E-04 
2.26724E-04 -2.23541E-04 
1.86022E-04 -1.83490E-04 
1.52599E-04 -1.50588E-04 
1.26385E-04 -1.24774E-04 
1.08716E-04 -1.07377E-04 
1.02400E-04 -1.01184E-04 
1.06206E-04 -1.04991E-04 
1.07942E-04 -1.06754E-04 
9.82622E-05 -9.72235E-05 
1.88119E-03 -1.88119E-03 
1.58028E-03 -1.58028E-03 
1.32422E-03 -1.32422E-03 
1.10718E-03 -1.10718E-03 
9.19512E-04 -9.19512E-04 
7.58408E-04 -7.58408E-04 
6.21090E-04 -6.21090E-04 
5.29469E-04 -5.29469E-04 
5.04897E-04 -5.04897E-04 
4.00379E-04 -4.00379E-04 
3.14528E-04 -3.14528E-04 
2.44636E-04 -2.44636E-04 
1.88254E-04 -1.88254E-04 
1.44108E-04 -1.44108E-04 
1.08912E-04 -1.08912E-04 
8.10142E-05 -8.10142E-05 
5.91900E-05 -5.91900E-05 
4.23580E-05 -4.23580E-05 
2.95848E-05 -2.95848E-05 
2.00859E-05 -2.00859E-05 
1.32285E-05 -1.32285E-05 
8.50908E-06 -8.50908E-06 
5.38238E-06 -5.38238E-06 
2.93868E-06 -2.93868E-06 
3.89773E-07 -3.89773E-07 
-1.92631E-06 1.92631E-06 
---
