PdfType: replica
Format: lhagrid1
---
1.00000E-06 1.28121E-06 1.64152E-06 2.10317E-06 2.69463E-06 3.45242E-06 4.42329E-06 5.66715E-06 7.26076E-06 9.30241E-06 1.19180E-05 1.52689E-05 1.95617E-05 2.50609E-05 3.21053E-05 4.11287E-05 5.26863E-05 6.74889E-05 8.64459E-05 1.10720E-04 1.41800E-04 1.81585E-04 2.32503E-04 2.97652E-04 3.80981E-04 4.87518E-04 6.26039E-04 8.00452E-04 1.02297E-03 1.30657E-03 1.66759E-03 2.12729E-03 2.71054E-03 3.44865E-03 4.37927E-03 5.54908E-03 7.01192E-03 8.83064E-03 1.10763E-02 1.38266E-02 1.71641E-02 2.11717E-02 2.59364E-02 3.15062E-02 3.79623E-02 4.53425E-02 5.36750E-02 6.29705E-02 7.32221E-02 8.44039E-02 9.64793E-02 1.09332E-01 1.23067E-01 1.37507E-01 1.52639E-01 1.68416E-01 1.84794E-01 2.01731E-01 2.19016E-01 2.36948E-01 2.55242E-01 2.73927E-01 2.92954E-01 3.12340E-01 3.32036E-01 3.52019E-01 3.72282E-01 3.92772E-01 4.13533E-01 4.34326E-01 4.55495E-01 4.76836E-01 4.98342E-01 5.20006E-01 5.41818E-01 5.63773E-01 5.85861E-01 6.08077E-01 6.30459E-01 6.52800E-01 6.75387E-01 6.98063E-01 7.20830E-01 7.43683E-01 7.66623E-01 7.89636E-01 8.12791E-01 8.35940E-01 8.59175E-01 8.82485E-01 9.05866E-01 9.29311E-01 9.52817E-01 9.76387E-01 1.00000E+00 
1.14018E+00 1.22539E+00 1.32482E+00 1.44156E+00 1.57954E+00 1.74381E+00 1.94091E+00 2.12132E+00 2.17945E+00 2.49622E+00 2.89383E+00 3.39925E+00 4.05063E+00 4.90286E+00 6.03623E+00 7.57063E+00 9.68869E+00 1.26749E+01 1.69835E+01 2.33578E+01 3.30501E+01 4.82334E+01 7.28041E+01 1.13998E+02 1.85779E+02 3.16228E+02 
908 909 
-2.66327E-03 -2.01874E-04 
-2.69783E-03 -2.02555E-04 
-2.72779E-03 -2.05240E-04 
-2.75026E-03 -2.06202E-04 
-2.77125E-03 -2.07425E-04 
-2.79077E-03 -2.08981E-04 
-2.80894E-03 -2.10949E-04 
-2.82216E-03 -2.12808E-04 
-2.82591E-03 -2.13413E-04 
-2.84310E-03 -2.16731E-04 
-2.85949E-03 -2.20848E-04 
-2.87554E-03 -2.25887E-04 
-2.89177E-03 -2.31972E-04 
-2.91120E-03 -2.38460E-04 
-2.93036E-03 -2.47371E-04 
-2.95211E-03 -2.57729E-04 
-2.97744E-03 -2.69692E-04 
-3.00777E-03 -2.83449E-04 
-3.04558E-03 -2.99291E-04 
-3.09664E-03 -3.17868E-04 
-3.17795E-03 -3.41128E-04 
-3.34153E-03 -3.75304E-04 
-3.71328E-03 -4.36323E-04 
-4.42263E-03 -5.42650E-04 
-5.30408E-03 -6.76893E-04 
-5.98931E-03 -7.91532E-04 
-2.71561E-03 -1.96382E-04 
-2.75073E-03 -1.97103E-04 
-2.78146E-03 -2.00128E-04 
-2.80443E-03 -2.01214E-04 
-2.82591E-03 -2.02589E-04 
-2.84597E-03 -2.04330E-04 
-2.86469E-03 -2.06520E-04 
-2.87838E-03 -2.08579E-04 
-2.88226E-03 -2.09248E-04 
-2.90019E-03 -2.12898E-04 
-2.91744E-03 -2.17402E-04 
-2.93449E-03 -2.22880E-04 
-2.95190E-03 -2.29455E-04 
-2.97275E-03 -2.36249E-04 
-2.99372E-03 -2.45690E-04 
-3.01757E-03 -2.56616E-04 
-3.04537E-03 -2.69174E-04 
-3.07860E-03 -2.83544E-04 
-3.11980E-03 -3.00001E-04 
-3.17494E-03 -3.19182E-04 
-3.26150E-03 -3.43032E-04 
-3.43301E-03 -3.77829E-04 
-3.81918E-03 -4.39653E-04 
-4.55388E-03 -5.47120E-04 
-5.46762E-03 -6.82486E-04 
-6.18091E-03 -7.97521E-04 
-2.76713E-03 -1.91244E-04 
-2.80274E-03 -1.91965E-04 
-2.83426E-03 -1.95274E-04 
-2.85768E-03 -1.96453E-04 
-2.87964E-03 -1.97951E-04 
-2.90020E-03 -1.99848E-04 
-2.91949E-03 -2.02234E-04 
-2.93365E-03 -2.04472E-04 
-2.93769E-03 -2.05198E-04 
-2.95640E-03 -2.09153E-04 
-2.97458E-03 -2.14013E-04 
-2.99273E-03 -2.19899E-04 
-3.01145E-03 -2.26929E-04 
-3.03384E-03 -2.33953E-04 
-3.05677E-03 -2.43869E-04 
-3.08292E-03 -2.55297E-04 
-3.11340E-03 -2.68376E-04 
-3.14974E-03 -2.83269E-04 
-3.19458E-03 -3.00236E-04 
-3.25406E-03 -3.19895E-04 
-3.34615E-03 -3.44181E-04 
-3.52592E-03 -3.79399E-04 
-3.92696E-03 -4.41734E-04 
-4.68771E-03 -5.49874E-04 
-5.63458E-03 -6.85719E-04 
-6.37666E-03 -8.00444E-04 
-2.81834E-03 -1.86097E-04 
-2.85434E-03 -1.86771E-04 
-2.88664E-03 -1.90312E-04 
-2.91046E-03 -1.91546E-04 
-2.93285E-03 -1.93130E-04 
-2.95389E-03 -1.95150E-04 
-2.97373E-03 -1.97697E-04 
-2.98839E-03 -2.00091E-04 
-2.99258E-03 -2.00867E-04 
-3.01212E-03 -2.05093E-04 
-3.03129E-03 -2.10274E-04 
-3.05063E-03 -2.16528E-04 
-3.07078E-03 -2.23969E-04 
-3.09481E-03 -2.31140E-04 
-3.11986E-03 -2.41466E-04 
-3.14849E-03 -2.53322E-04 
-3.18184E-03 -2.66835E-04 
-3.22151E-03 -2.82150E-04 
-3.27021E-03 -2.99506E-04 
-3.33428E-03 -3.19499E-04 
-3.43217E-03 -3.44044E-04 
-3.62050E-03 -3.79448E-04 
-4.03686E-03 -4.41937E-04 
-4.82434E-03 -5.50170E-04 
-5.80515E-03 -6.85706E-04 
-6.57666E-03 -7.99294E-04 
-2.86949E-03 -1.80542E-04 
-2.90580E-03 -1.81118E-04 
-2.93886E-03 -1.84842E-04 
-2.96301E-03 -1.86090E-04 
-2.98580E-03 -1.87722E-04 
-3.00730E-03 -1.89828E-04 
-3.02770E-03 -1.92504E-04 
-3.04286E-03 -1.95026E-04 
-3.04721E-03 -1.95845E-04 
-3.06762E-03 -2.00305E-04 
-3.08785E-03 -2.05768E-04 
-3.10847E-03 -2.12349E-04 
-3.13015E-03 -2.20152E-04 
-3.15592E-03 -2.27380E-04 
-3.18324E-03 -2.38044E-04 
-3.21451E-03 -2.50247E-04 
-3.25091E-03 -2.64097E-04 
-3.29411E-03 -2.79721E-04 
-3.34690E-03 -2.97333E-04 
-3.41577E-03 -3.17498E-04 
-3.51969E-03 -3.42103E-04 
-3.71687E-03 -3.77423E-04 
-4.14895E-03 -4.39641E-04 
-4.96379E-03 -5.47274E-04 
-5.97929E-03 -6.81568E-04 
-6.78080E-03 -7.93065E-04 
-2.92064E-03 -1.74185E-04 
-2.95718E-03 -1.74613E-04 
-2.99100E-03 -1.78476E-04 
-3.01546E-03 -1.79696E-04 
-3.03861E-03 -1.81336E-04 
-3.06056E-03 -1.83493E-04 
-3.08151E-03 -1.86262E-04 
-3.09719E-03 -1.88888E-04 
-3.10171E-03 -1.89742E-04 
-3.12303E-03 -1.94398E-04 
-3.14438E-03 -2.00104E-04 
-3.16637E-03 -2.06965E-04 
-3.18971E-03 -2.15079E-04 
-3.21730E-03 -2.22266E-04 
-3.24703E-03 -2.33191E-04 
-3.28109E-03 -2.45651E-04 
-3.32072E-03 -2.59734E-04 
-3.36763E-03 -2.75542E-04 
-3.42468E-03 -2.93260E-04 
-3.49856E-03 -3.13418E-04 
-3.60872E-03 -3.37858E-04 
-3.81500E-03 -3.72787E-04 
-4.26318E-03 -4.34245E-04 
-5.10594E-03 -5.40466E-04 
-6.15677E-03 -6.72436E-04 
-6.98870E-03 -7.80765E-04 
-2.97170E-03 -1.66669E-04 
-3.00842E-03 -1.66899E-04 
-3.04302E-03 -1.70856E-04 
-3.06775E-03 -1.72005E-04 
-3.09124E-03 -1.73617E-04 
-3.11365E-03 -1.75788E-04 
-3.13517E-03 -1.78618E-04 
-3.15138E-03 -1.81320E-04 
-3.15608E-03 -1.82202E-04 
-3.17837E-03 -1.87016E-04 
-3.20091E-03 -1.92922E-04 
-3.22437E-03 -2.00016E-04 
-3.24947E-03 -2.08383E-04 
-3.27895E-03 -2.15424E-04 
-3.31122E-03 -2.26526E-04 
-3.34821E-03 -2.39143E-04 
-3.39123E-03 -2.53342E-04 
-3.44201E-03 -2.69195E-04 
-3.50351E-03 -2.86854E-04 
-3.58256E-03 -3.06805E-04 
-3.69914E-03 -3.30830E-04 
-3.91473E-03 -3.65022E-04 
-4.37930E-03 -4.25161E-04 
-5.25045E-03 -5.29038E-04 
-6.33712E-03 -6.57451E-04 
-7.19975E-03 -7.61401E-04 
-3.02246E-03 -1.57679E-04 
-3.05932E-03 -1.57664E-04 
-3.09473E-03 -1.61661E-04 
-3.11972E-03 -1.62700E-04 
-3.14357E-03 -1.64246E-04 
-3.16643E-03 -1.66397E-04 
-3.18854E-03 -1.69253E-04 
-3.20533E-03 -1.72005E-04 
-3.21021E-03 -1.72906E-04 
-3.23352E-03 -1.77839E-04 
-3.25734E-03 -1.83900E-04 
-3.28235E-03 -1.91173E-04 
-3.30932E-03 -1.99728E-04 
-3.34076E-03 -2.06507E-04 
-3.37568E-03 -2.17692E-04 
-3.41575E-03 -2.30357E-04 
-3.46229E-03 -2.44541E-04 
-3.51709E-03 -2.60285E-04 
-3.58317E-03 -2.77699E-04 
-3.66755E-03 -2.97220E-04 
-3.79069E-03 -3.20550E-04 
-4.01574E-03 -3.53616E-04 
-4.49694E-03 -4.11803E-04 
-5.39683E-03 -5.12278E-04 
-6.51968E-03 -6.35742E-04 
-7.41311E-03 -7.33967E-04 
-3.07264E-03 -1.46948E-04 
-3.10960E-03 -1.46640E-04 
-3.14589E-03 -1.50611E-04 
-3.17115E-03 -1.51498E-04 
-3.19535E-03 -1.52940E-04 
-3.21869E-03 -1.55036E-04 
-3.24143E-03 -1.57882E-04 
-3.25881E-03 -1.60656E-04 
-3.26389E-03 -1.61568E-04 
-3.28828E-03 -1.66576E-04 
-3.31346E-03 -1.72740E-04 
-3.34012E-03 -1.80132E-04 
-3.36907E-03 -1.88801E-04 
-3.40251E-03 -1.95187E-04 
-3.44020E-03 -2.06351E-04 
-3.48346E-03 -2.18940E-04 
-3.53365E-03 -2.32962E-04 
-3.59259E-03 -2.48421E-04 
-3.66339E-03 -2.65381E-04 
-3.75319E-03 -2.84221E-04 
-3.88301E-03 -3.06541E-04 
-4.11763E-03 -3.38046E-04 
-4.61559E-03 -3.93569E-04 
-5.54442E-03 -4.89453E-04 
-6.70360E-03 -6.06410E-04 
-7.62772E-03 -6.97421E-04 
-3.12190E-03 -1.34241E-04 
-3.15893E-03 -1.33594E-04 
-3.19618E-03 -1.37448E-04 
-3.22170E-03 -1.38140E-04 
-3.24628E-03 -1.39438E-04 
-3.27012E-03 -1.41441E-04 
-3.29352E-03 -1.44240E-04 
-3.31154E-03 -1.47005E-04 
-3.31683E-03 -1.47918E-04 
-3.34237E-03 -1.52950E-04 
-3.36897E-03 -1.59159E-04 
-3.39738E-03 -1.66597E-04 
-3.42843E-03 -1.75294E-04 
-3.46389E-03 -1.81138E-04 
-3.50446E-03 -1.92162E-04 
-3.55101E-03 -2.04534E-04 
-3.60496E-03 -2.18227E-04 
-3.66815E-03 -2.33202E-04 
-3.74375E-03 -2.49473E-04 
-3.83907E-03 -2.67349E-04 
-3.97562E-03 -2.88310E-04 
-4.21984E-03 -3.17766E-04 
-4.73460E-03 -3.69830E-04 
-5.69241E-03 -4.59793E-04 
-6.88783E-03 -5.68510E-04 
-7.84229E-03 -6.50667E-04 
-3.16985E-03 -1.19348E-04 
-3.20694E-03 -1.18314E-04 
-3.24524E-03 -1.21925E-04 
-3.27104E-03 -1.22378E-04 
-3.29600E-03 -1.23491E-04 
-3.32038E-03 -1.25359E-04 
-3.34447E-03 -1.28067E-04 
-3.36316E-03 -1.30786E-04 
-3.36867E-03 -1.31688E-04 
-3.39543E-03 -1.36685E-04 
-3.42355E-03 -1.42868E-04 
-3.45380E-03 -1.50268E-04 
-3.48703E-03 -1.58890E-04 
-3.52454E-03 -1.64025E-04 
-3.56807E-03 -1.74772E-04 
-3.61801E-03 -1.86766E-04 
-3.67580E-03 -1.99939E-04 
-3.74332E-03 -2.14205E-04 
-3.82379E-03 -2.29520E-04 
-3.92467E-03 -2.46115E-04 
-4.06794E-03 -2.65322E-04 
-4.32175E-03 -2.92188E-04 
-4.85324E-03 -3.39907E-04 
-5.83985E-03 -4.22470E-04 
-7.07114E-03 -5.21028E-04 
-8.05533E-03 -5.92534E-04 
-3.21611E-03 -1.02061E-04 
-3.25323E-03 -1.00590E-04 
-3.29269E-03 -1.03791E-04 
-3.31877E-03 -1.03955E-04 
-3.34414E-03 -1.04836E-04 
-3.36906E-03 -1.06522E-04 
-3.39389E-03 -1.09088E-04 
-3.41329E-03 -1.11718E-04 
-3.41903E-03 -1.12597E-04 
-3.44708E-03 -1.17488E-04 
-3.47678E-03 -1.23560E-04 
-3.50896E-03 -1.30820E-04 
-3.54447E-03 -1.39246E-04 
-3.58403E-03 -1.43479E-04 
-3.63059E-03 -1.53794E-04 
-3.68399E-03 -1.65225E-04 
-3.74568E-03 -1.77660E-04 
-3.81758E-03 -1.90961E-04 
-3.90295E-03 -2.05020E-04 
-4.00938E-03 -2.19978E-04 
-4.15934E-03 -2.36995E-04 
-4.42261E-03 -2.60668E-04 
-4.97061E-03 -3.03060E-04 
-5.98563E-03 -3.76582E-04 
-7.25215E-03 -4.62864E-04 
-8.26515E-03 -5.21760E-04 
-3.26028E-03 -8.21659E-05 
-3.29739E-03 -8.02050E-05 
-3.33813E-03 -8.27692E-05 
-3.36449E-03 -8.25916E-05 
-3.39026E-03 -8.31880E-05 
-3.41576E-03 -8.46371E-05 
-3.44135E-03 -8.70026E-05 
-3.46150E-03 -8.94921E-05 
-3.46748E-03 -9.03313E-05 
-3.49687E-03 -9.50313E-05 
-3.52824E-03 -1.00892E-04 
-3.56241E-03 -1.07890E-04 
-3.60030E-03 -1.15975E-04 
-3.64188E-03 -1.19091E-04 
-3.69152E-03 -1.28794E-04 
-3.74842E-03 -1.39452E-04 
-3.81406E-03 -1.50901E-04 
-3.89035E-03 -1.62948E-04 
-3.98060E-03 -1.75414E-04 
-4.09252E-03 -1.88338E-04 
-4.24906E-03 -2.02679E-04 
-4.52158E-03 -2.22494E-04 
-5.08573E-03 -2.58473E-04 
-6.12852E-03 -3.21145E-04 
-7.42926E-03 -3.92826E-04 
-8.46982E-03 -4.36983E-04 
-3.30196E-03 -5.94172E-05 
-3.33901E-03 -5.69104E-05 
-3.38116E-03 -5.85433E-05 
-3.40777E-03 -5.79655E-05 
-3.43395E-03 -5.82183E-05 
-3.46003E-03 -5.93678E-05 
-3.48641E-03 -6.14623E-05 
-3.50732E-03 -6.37506E-05 
-3.51356E-03 -6.45308E-05 
-3.54434E-03 -6.89384E-05 
-3.57743E-03 -7.44663E-05 
-3.61368E-03 -8.10615E-05 
-3.65400E-03 -8.86369E-05 
-3.69754E-03 -9.03908E-05 
-3.75029E-03 -9.92792E-05 
-3.81072E-03 -1.08925E-04 
-3.88030E-03 -1.19111E-04 
-3.96097E-03 -1.29578E-04 
-4.05604E-03 -1.40075E-04 
-4.17334E-03 -1.50526E-04 
-4.33624E-03 -1.61655E-04 
-4.61772E-03 -1.76880E-04 
-5.19747E-03 -2.05250E-04 
-6.26708E-03 -2.55083E-04 
-7.60067E-03 -3.09619E-04 
-8.66716E-03 -3.36737E-04 
-3.34076E-03 -3.35281E-05 
-3.37767E-03 -3.04161E-05 
-3.42134E-03 -3.07398E-05 
-3.44817E-03 -2.96981E-05 
-3.47474E-03 -2.95410E-05 
-3.50140E-03 -3.03186E-05 
-3.52858E-03 -3.20607E-05 
-3.55029E-03 -3.40760E-05 
-3.55678E-03 -3.47746E-05 
-3.58900E-03 -3.87708E-05 
-3.62385E-03 -4.38253E-05 
-3.66222E-03 -4.98510E-05 
-3.70503E-03 -5.67235E-05 
-3.75043E-03 -5.68434E-05 
-3.80630E-03 -6.46876E-05 
-3.87024E-03 -7.30525E-05 
-3.94372E-03 -8.16613E-05 
-4.02869E-03 -9.01884E-05 
-4.12846E-03 -9.82978E-05 
-4.25095E-03 -1.05790E-04 
-4.41995E-03 -1.13121E-04 
-4.70994E-03 -1.22955E-04 
-5.30457E-03 -1.42409E-04 
-6.39974E-03 -1.77221E-04 
-7.76436E-03 -2.11840E-04 
-8.85472E-03 -2.19447E-04 
-3.37625E-03 -4.15549E-06 
-3.41294E-03 -3.75700E-07 
-3.45822E-03 1.08503E-06 
-3.48523E-03 2.65929E-06 
-3.51215E-03 3.29973E-06 
-3.53938E-03 2.97578E-06 
-3.56736E-03 1.68005E-06 
-3.58986E-03 2.05140E-08 
-3.59662E-03 -5.70413E-07 
-3.63029E-03 -4.01708E-06 
-3.66694E-03 -8.43578E-06 
-3.70746E-03 -1.37015E-05 
-3.75277E-03 -1.96506E-05 
-3.79989E-03 -1.78367E-05 
-3.85884E-03 -2.43801E-05 
-3.92624E-03 -3.11641E-05 
-4.00355E-03 -3.78480E-05 
-4.09269E-03 -4.40336E-05 
-4.19697E-03 -4.92964E-05 
-4.32438E-03 -5.32993E-05 
-4.49910E-03 -5.61927E-05 
-4.79703E-03 -5.97641E-05 
-5.40557E-03 -6.88755E-05 
-6.52468E-03 -8.62891E-05 
-7.91803E-03 -9.79884E-05 
-9.02976E-03 -8.34412E-05 
-3.40801E-03 2.91114E-05 
-3.44436E-03 3.36232E-05 
-3.49133E-03 3.74565E-05 
-3.51844E-03 3.96357E-05 
-3.54567E-03 4.08393E-05 
-3.57342E-03 4.10601E-05 
-3.60218E-03 4.03166E-05 
-3.62547E-03 3.91069E-05 
-3.63249E-03 3.86535E-05 
-3.66761E-03 3.59133E-05 
-3.70606E-03 3.23149E-05 
-3.74873E-03 2.80238E-05 
-3.79653E-03 2.32458E-05 
-3.84519E-03 2.73192E-05 
-3.90714E-03 2.23614E-05 
-3.97790E-03 1.74904E-05 
-4.05890E-03 1.31157E-05 
-4.15201E-03 9.71170E-06 
-4.26054E-03 7.79762E-06 
-4.39251E-03 7.86060E-06 
-4.57246E-03 1.00963E-05 
-4.87761E-03 1.37280E-05 
-5.49887E-03 1.65051E-05 
-6.63986E-03 1.90690E-05 
-8.05913E-03 3.35298E-05 
-9.18920E-03 7.30342E-05 
-3.43556E-03 6.67602E-05 
-3.47143E-03 7.20690E-05 
-3.52013E-03 7.89907E-05 
-3.54725E-03 8.18489E-05 
-3.57470E-03 8.37005E-05 
-3.60293E-03 8.45655E-05 
-3.63243E-03 8.44914E-05 
-3.65648E-03 8.38365E-05 
-3.66376E-03 8.35537E-05 
-3.70031E-03 8.16954E-05 
-3.74053E-03 7.91231E-05 
-3.78531E-03 7.60454E-05 
-3.83555E-03 7.27126E-05 
-3.88548E-03 7.93945E-05 
-3.95033E-03 7.63353E-05 
-4.02429E-03 7.37425E-05 
-4.10876E-03 7.20976E-05 
-4.20559E-03 7.19551E-05 
-4.31801E-03 7.39343E-05 
-4.45409E-03 7.86848E-05 
-4.63865E-03 8.67918E-05 
-4.95013E-03 9.86362E-05 
-5.58262E-03 1.14967E-04 
-6.74299E-03 1.40292E-04 
-8.18475E-03 1.84385E-04 
-9.32958E-03 2.51799E-04 
-3.45839E-03 1.09362E-04 
-3.49363E-03 1.15531E-04 
-3.54402E-03 1.26399E-04 
-3.57103E-03 1.30009E-04 
-3.59861E-03 1.32597E-04 
-3.62723E-03 1.34212E-04 
-3.65740E-03 1.34934E-04 
-3.68217E-03 1.34948E-04 
-3.68969E-03 1.34872E-04 
-3.72761E-03 1.34088E-04 
-3.76954E-03 1.32768E-04 
-3.81635E-03 1.31165E-04 
-3.86894E-03 1.29577E-04 
-3.91982E-03 1.39235E-04 
-3.98738E-03 1.38416E-04 
-4.06433E-03 1.38499E-04 
-4.15201E-03 1.40042E-04 
-4.25219E-03 1.43680E-04 
-4.36806E-03 1.50139E-04 
-4.50767E-03 1.60242E-04 
-4.69608E-03 1.75011E-04 
-5.01279E-03 1.96143E-04 
-5.65473E-03 2.27811E-04 
-6.83148E-03 2.78878E-04 
-8.29164E-03 3.56302E-04 
-9.44703E-03 4.54707E-04 
-3.47593E-03 1.57573E-04 
-3.51035E-03 1.64662E-04 
-3.56232E-03 1.80488E-04 
-3.58907E-03 1.84920E-04 
-3.61665E-03 1.88330E-04 
-3.64555E-03 1.90804E-04 
-3.67629E-03 1.92457E-04 
-3.70171E-03 1.93262E-04 
-3.70946E-03 1.93433E-04 
-3.74865E-03 1.93930E-04 
-3.79218E-03 1.94105E-04 
-3.84090E-03 1.94259E-04 
-3.89567E-03 1.94738E-04 
-3.94709E-03 2.07753E-04 
-4.01714E-03 2.09545E-04 
-4.09679E-03 2.12736E-04 
-4.18732E-03 2.17959E-04 
-4.29041E-03 2.25938E-04 
-4.40917E-03 2.37502E-04 
-4.55161E-03 2.53664E-04 
-4.74295E-03 2.75928E-04 
-5.06360E-03 3.07484E-04 
-5.71286E-03 3.56381E-04 
-6.90241E-03 4.36367E-04 
-8.37615E-03 5.51024E-04 
-9.53724E-03 6.83605E-04 
-3.48752E-03 2.12144E-04 
-3.52090E-03 2.20206E-04 
-3.57422E-03 2.42163E-04 
-3.60053E-03 2.47476E-04 
-3.62795E-03 2.51793E-04 
-3.65699E-03 2.55235E-04 
-3.68818E-03 2.57956E-04 
-3.71415E-03 2.59682E-04 
-3.72210E-03 2.60139E-04 
-3.76241E-03 2.62137E-04 
-3.80739E-03 2.64066E-04 
-3.85783E-03 2.66278E-04 
-3.91458E-03 2.69167E-04 
-3.96604E-03 2.85926E-04 
-4.03827E-03 2.90729E-04 
-4.12027E-03 2.97493E-04 
-4.21320E-03 3.06928E-04 
-4.31865E-03 3.19843E-04 
-4.43962E-03 3.37177E-04 
-4.58403E-03 3.60141E-04 
-4.77723E-03 3.90775E-04 
-5.10028E-03 4.33943E-04 
-5.75435E-03 5.02065E-04 
-6.95249E-03 6.14323E-04 
-8.43421E-03 7.70303E-04 
-9.59541E-03 9.40308E-04 
-3.49238E-03 2.73904E-04 
-3.52448E-03 2.82984E-04 
-3.57877E-03 3.12406E-04 
-3.60443E-03 3.18646E-04 
-3.63151E-03 3.23944E-04 
-3.66051E-03 3.28461E-04 
-3.69198E-03 3.32390E-04 
-3.71837E-03 3.35166E-04 
-3.72647E-03 3.35953E-04 
-3.76772E-03 3.39678E-04 
-3.81393E-03 3.43632E-04 
-3.86586E-03 3.48218E-04 
-3.92428E-03 3.53881E-04 
-3.97519E-03 3.74766E-04 
-4.04924E-03 3.83010E-04 
-4.13312E-03 3.93846E-04 
-4.22791E-03 4.08060E-04 
-4.33506E-03 4.26545E-04 
-4.45743E-03 4.50349E-04 
-4.60283E-03 4.80891E-04 
-4.79660E-03 5.20798E-04 
-5.12027E-03 5.76809E-04 
-5.77622E-03 6.66235E-04 
-6.97808E-03 8.14271E-04 
-8.46129E-03 1.01581E-03 
-9.61623E-03 1.22650E-03 
-3.48963E-03 3.43769E-04 
-3.52018E-03 3.53898E-04 
-3.57487E-03 3.92271E-04 
-3.59962E-03 3.99467E-04 
-3.62612E-03 4.05808E-04 
-3.65488E-03 4.11496E-04 
-3.68642E-03 4.16767E-04 
-3.71307E-03 4.20725E-04 
-3.72127E-03 4.21884E-04 
-3.76321E-03 4.27570E-04 
-3.81038E-03 4.33831E-04 
-3.86348E-03 4.41120E-04 
-3.92322E-03 4.49937E-04 
-3.97288E-03 4.75316E-04 
-4.04829E-03 4.87465E-04 
-4.13352E-03 5.02908E-04 
-4.22952E-03 5.22506E-04 
-4.33757E-03 5.47230E-04 
-4.46038E-03 5.78234E-04 
-4.60559E-03 6.17155E-04 
-4.79847E-03 6.67260E-04 
-5.12069E-03 7.37373E-04 
-5.77517E-03 8.50248E-04 
-6.97509E-03 1.03769E-03 
-8.45237E-03 1.28912E-03 
-9.59383E-03 1.54372E-03 
-3.47825E-03 4.22724E-04 
-3.50694E-03 4.33921E-04 
-3.56118E-03 4.82856E-04 
-3.58475E-03 4.91010E-04 
-3.61041E-03 4.98436E-04 
-3.63867E-03 5.05381E-04 
-3.67001E-03 5.12122E-04 
-3.69672E-03 5.17392E-04 
-3.70497E-03 5.18966E-04 
-3.74730E-03 5.26848E-04 
-3.79508E-03 5.35705E-04 
-3.84897E-03 5.46042E-04 
-3.90958E-03 5.58409E-04 
-3.95717E-03 5.88624E-04 
-4.03341E-03 6.05178E-04 
-4.11936E-03 6.25801E-04 
-4.21579E-03 6.51424E-04 
-4.32384E-03 6.83090E-04 
-4.44598E-03 7.22051E-04 
-4.58966E-03 7.70169E-04 
-4.77994E-03 8.31405E-04 
-5.09836E-03 9.16886E-04 
-5.74750E-03 1.05539E-03 
-6.93904E-03 1.28595E-03 
-8.40192E-03 1.59162E-03 
-9.52183E-03 1.89324E-03 
-3.45703E-03 5.11807E-04 
-3.48354E-03 5.24075E-04 
-3.53615E-03 5.85263E-04 
-3.55821E-03 5.94348E-04 
-3.58274E-03 6.02882E-04 
-3.61020E-03 6.11154E-04 
-3.64105E-03 6.19484E-04 
-3.66757E-03 6.26190E-04 
-3.67579E-03 6.28222E-04 
-3.71814E-03 6.38539E-04 
-3.76615E-03 6.50289E-04 
-3.82036E-03 6.64031E-04 
-3.88132E-03 6.80367E-04 
-3.92590E-03 7.15721E-04 
-4.00236E-03 7.37218E-04 
-4.08828E-03 7.63636E-04 
-4.18426E-03 7.95963E-04 
-4.29123E-03 8.35303E-04 
-4.41142E-03 8.82999E-04 
-4.55203E-03 9.41135E-04 
-4.73780E-03 1.01443E-03 
-5.04973E-03 1.11653E-03 
-5.68914E-03 1.28284E-03 
-6.86497E-03 1.56023E-03 
-8.30392E-03 1.92447E-03 
-9.39326E-03 2.27598E-03 
-3.42457E-03 6.12087E-04 
-3.44855E-03 6.25417E-04 
-3.49794E-03 7.00553E-04 
-3.51815E-03 7.10512E-04 
-3.54120E-03 7.20150E-04 
-3.56753E-03 7.29802E-04 
-3.59756E-03 7.39831E-04 
-3.62361E-03 7.48099E-04 
-3.63172E-03 7.50631E-04 
-3.67367E-03 7.63626E-04 
-3.72142E-03 7.78580E-04 
-3.77543E-03 7.96103E-04 
-3.83614E-03 8.16849E-04 
-3.87665E-03 8.57590E-04 
-3.95262E-03 8.84620E-04 
-4.03766E-03 9.17491E-04 
-4.13217E-03 9.57240E-04 
-4.23683E-03 1.00501E-03 
-4.35363E-03 1.06223E-03 
-4.48942E-03 1.13119E-03 
-4.66849E-03 1.21742E-03 
-4.97092E-03 1.33734E-03 
-5.59566E-03 1.53360E-03 
-6.74750E-03 1.86148E-03 
-8.15180E-03 2.28844E-03 
-9.20059E-03 2.69239E-03 
-3.37846E-03 7.26480E-04 
-3.39949E-03 7.40870E-04 
-3.44346E-03 8.31799E-04 
-3.46141E-03 8.42554E-04 
-3.48259E-03 8.53290E-04 
-3.50739E-03 8.64385E-04 
-3.53618E-03 8.76247E-04 
-3.56144E-03 8.86229E-04 
-3.56935E-03 8.89315E-04 
-3.61040E-03 9.05292E-04 
-3.65735E-03 9.23837E-04 
-3.71054E-03 9.45614E-04 
-3.77028E-03 9.71324E-04 
-3.80547E-03 1.01773E-03 
-3.88011E-03 1.05103E-03 
-3.96327E-03 1.09118E-03 
-4.05510E-03 1.13924E-03 
-4.15601E-03 1.19637E-03 
-4.26766E-03 1.26405E-03 
-4.39655E-03 1.34480E-03 
-4.56633E-03 1.44502E-03 
-4.85564E-03 1.58417E-03 
-5.45979E-03 1.81289E-03 
-6.57780E-03 2.19562E-03 
-7.93470E-03 2.69023E-03 
-8.93105E-03 3.14956E-03 
-3.31829E-03 8.52471E-04 
-3.33603E-03 8.67885E-04 
-3.37190E-03 9.75706E-04 
-3.38724E-03 9.87134E-04 
-3.40620E-03 9.98912E-04 
-3.42910E-03 1.01146E-03 
-3.45626E-03 1.02524E-03 
-3.48041E-03 1.03705E-03 
-3.48800E-03 1.04073E-03 
-3.52765E-03 1.05993E-03 
-3.57322E-03 1.08238E-03 
-3.62493E-03 1.10879E-03 
-3.68295E-03 1.13991E-03 
-3.71161E-03 1.19199E-03 
-3.78404E-03 1.23219E-03 
-3.86426E-03 1.28027E-03 
-3.95212E-03 1.33729E-03 
-4.04775E-03 1.40442E-03 
-4.15249E-03 1.48315E-03 
-4.27236E-03 1.57623E-03 
-4.43024E-03 1.69093E-03 
-4.70284E-03 1.84996E-03 
-5.28051E-03 2.11248E-03 
-6.35481E-03 2.55244E-03 
-7.65174E-03 3.11704E-03 
-8.58443E-03 3.63233E-03 
-3.24135E-03 9.92697E-04 
-3.25543E-03 1.00913E-03 
-3.27975E-03 1.13474E-03 
-3.29210E-03 1.14672E-03 
-3.30844E-03 1.15950E-03 
-3.32904E-03 1.17357E-03 
-3.35416E-03 1.18941E-03 
-3.37683E-03 1.20321E-03 
-3.38401E-03 1.20754E-03 
-3.42169E-03 1.23029E-03 
-3.46525E-03 1.25707E-03 
-3.51477E-03 1.28862E-03 
-3.57024E-03 1.32574E-03 
-3.59098E-03 1.38351E-03 
-3.66021E-03 1.43139E-03 
-3.73625E-03 1.48820E-03 
-3.81867E-03 1.55499E-03 
-3.90728E-03 1.63288E-03 
-4.00302E-03 1.72336E-03 
-4.11141E-03 1.82936E-03 
-4.25438E-03 1.95909E-03 
-4.50612E-03 2.13875E-03 
-5.05046E-03 2.43658E-03 
-6.06964E-03 2.93653E-03 
-7.29209E-03 3.57388E-03 
-8.14812E-03 4.14572E-03 
-3.14534E-03 1.14795E-03 
-3.15538E-03 1.16545E-03 
-3.16389E-03 1.30903E-03 
-3.17289E-03 1.32147E-03 
-3.18625E-03 1.33527E-03 
-3.20416E-03 1.35094E-03 
-3.22681E-03 1.36903E-03 
-3.24765E-03 1.38504E-03 
-3.25430E-03 1.39010E-03 
-3.28946E-03 1.41682E-03 
-3.33035E-03 1.44844E-03 
-3.37690E-03 1.48574E-03 
-3.42892E-03 1.52951E-03 
-3.44029E-03 1.59291E-03 
-3.50519E-03 1.64932E-03 
-3.57568E-03 1.71572E-03 
-3.65102E-03 1.79308E-03 
-3.73063E-03 1.88245E-03 
-3.81506E-03 1.98526E-03 
-3.90925E-03 2.10461E-03 
-4.03396E-03 2.24970E-03 
-4.26026E-03 2.45041E-03 
-4.76376E-03 2.78464E-03 
-5.71531E-03 3.34674E-03 
-6.84744E-03 4.05868E-03 
-7.61289E-03 4.68660E-03 
-3.02772E-03 1.31886E-03 
-3.03338E-03 1.33753E-03 
-3.02089E-03 1.49831E-03 
-3.02625E-03 1.51116E-03 
-3.03631E-03 1.52606E-03 
-3.05120E-03 1.54354E-03 
-3.07098E-03 1.56418E-03 
-3.08965E-03 1.58270E-03 
-3.09566E-03 1.58858E-03 
-3.12772E-03 1.61981E-03 
-3.16527E-03 1.65691E-03 
-3.20805E-03 1.70066E-03 
-3.25565E-03 1.75186E-03 
-3.25614E-03 1.82071E-03 
-3.31546E-03 1.88659E-03 
-3.37886E-03 1.96346E-03 
-3.44523E-03 2.05216E-03 
-3.51364E-03 2.15362E-03 
-3.58418E-03 2.26919E-03 
-3.66115E-03 2.40208E-03 
-3.76396E-03 2.56251E-03 
-3.95981E-03 2.78427E-03 
-4.41428E-03 3.15544E-03 
-5.28454E-03 3.78097E-03 
-6.30923E-03 4.56817E-03 
-6.96927E-03 5.25042E-03 
-2.88555E-03 1.50608E-03 
-2.88653E-03 1.52616E-03 
-2.84688E-03 1.70209E-03 
-2.84838E-03 1.71546E-03 
-2.85491E-03 1.73168E-03 
-2.86648E-03 1.75131E-03 
-2.88304E-03 1.77498E-03 
-2.89923E-03 1.79645E-03 
-2.90450E-03 1.80329E-03 
-2.93290E-03 1.83975E-03 
-2.96642E-03 1.88313E-03 
-3.00457E-03 1.93422E-03 
-3.04671E-03 1.99375E-03 
-3.03473E-03 2.06779E-03 
-3.08705E-03 2.14412E-03 
-3.14159E-03 2.23233E-03 
-3.19689E-03 2.33308E-03 
-3.25159E-03 2.44709E-03 
-3.30534E-03 2.57559E-03 
-3.36173E-03 2.72188E-03 
-3.43859E-03 2.89723E-03 
-3.59850E-03 3.13953E-03 
-3.99496E-03 3.54746E-03 
-4.76902E-03 4.23671E-03 
-5.66769E-03 5.09848E-03 
-6.20652E-03 5.83176E-03 
-2.71629E-03 1.70942E-03 
-2.71236E-03 1.73135E-03 
-2.63850E-03 1.91868E-03 
-2.63607E-03 1.93290E-03 
-2.63893E-03 1.95088E-03 
-2.64700E-03 1.97325E-03 
-2.66009E-03 2.00063E-03 
-2.67351E-03 2.02565E-03 
-2.67796E-03 2.03364E-03 
-2.70217E-03 2.07628E-03 
-2.73095E-03 2.12695E-03 
-2.76357E-03 2.18640E-03 
-2.79912E-03 2.25527E-03 
-2.77311E-03 2.33410E-03 
-2.81679E-03 2.42188E-03 
-2.86048E-03 2.52220E-03 
-2.90230E-03 2.63549E-03 
-2.94052E-03 2.76222E-03 
-2.97427E-03 2.90342E-03 
-3.00641E-03 3.06247E-03 
-3.05297E-03 3.25170E-03 
-3.17111E-03 3.51324E-03 
-3.50002E-03 3.95671E-03 
-4.16207E-03 4.70841E-03 
-4.91521E-03 5.64204E-03 
-5.31661E-03 6.42107E-03 
-2.51728E-03 1.92870E-03 
-2.50831E-03 1.95316E-03 
-2.39241E-03 2.14623E-03 
-2.38615E-03 2.16192E-03 
-2.38538E-03 2.18245E-03 
-2.38987E-03 2.20845E-03 
-2.39931E-03 2.24054E-03 
-2.40974E-03 2.26994E-03 
-2.41327E-03 2.27933E-03 
-2.43277E-03 2.32936E-03 
-2.45608E-03 2.38855E-03 
-2.48218E-03 2.45754E-03 
-2.50986E-03 2.53685E-03 
-2.46827E-03 2.61997E-03 
-2.50142E-03 2.72008E-03 
-2.53193E-03 2.83308E-03 
-2.55756E-03 2.95909E-03 
-2.57614E-03 3.09828E-03 
-2.58634E-03 3.25142E-03 
-2.59023E-03 3.42194E-03 
-2.60182E-03 3.62323E-03 
-2.67195E-03 3.90181E-03 
-2.92320E-03 4.37838E-03 
-3.45655E-03 5.18947E-03 
-4.04373E-03 6.18996E-03 
-4.29117E-03 7.00725E-03 
-2.28634E-03 2.16342E-03 
-2.27228E-03 2.19145E-03 
-2.10601E-03 2.38242E-03 
-2.09622E-03 2.40066E-03 
-2.09200E-03 2.42493E-03 
-2.09297E-03 2.45586E-03 
-2.09865E-03 2.49402E-03 
-2.10589E-03 2.52888E-03 
-2.10842E-03 2.53999E-03 
-2.12267E-03 2.59889E-03 
-2.13968E-03 2.66803E-03 
-2.15812E-03 2.74787E-03 
-2.17645E-03 2.83871E-03 
-2.11775E-03 2.92547E-03 
-2.13812E-03 3.03856E-03 
-2.15277E-03 3.16444E-03 
-2.15908E-03 3.30286E-03 
-2.15449E-03 3.45362E-03 
-2.13723E-03 3.61720E-03 
-2.10854E-03 3.79703E-03 
-2.08018E-03 4.00763E-03 
-2.09580E-03 4.29993E-03 
-2.25888E-03 4.80564E-03 
-2.64617E-03 5.67086E-03 
-3.04645E-03 6.73048E-03 
-3.12348E-03 7.57605E-03 
-2.02156E-03 2.41342E-03 
-2.00246E-03 2.44647E-03 
-1.77736E-03 2.62525E-03 
-1.76451E-03 2.64767E-03 
-1.75715E-03 2.67741E-03 
-1.75473E-03 2.71501E-03 
-1.75657E-03 2.76102E-03 
-1.76037E-03 2.80267E-03 
-1.76181E-03 2.81588E-03 
-1.77014E-03 2.88542E-03 
-1.77984E-03 2.96608E-03 
-1.78922E-03 3.05807E-03 
-1.79640E-03 3.16143E-03 
-1.71906E-03 3.25095E-03 
-1.72392E-03 3.37724E-03 
-1.71953E-03 3.51564E-03 
-1.70292E-03 3.66545E-03 
-1.67118E-03 3.82605E-03 
-1.62213E-03 3.99761E-03 
-1.55617E-03 4.18356E-03 
-1.48263E-03 4.39954E-03 
-1.43698E-03 4.70089E-03 
-1.50097E-03 5.23006E-03 
-1.72428E-03 6.14163E-03 
-1.91631E-03 7.24960E-03 
-1.80678E-03 8.11075E-03 
-1.72221E-03 2.67766E-03 
-1.69821E-03 2.71830E-03 
-1.40639E-03 2.87289E-03 
-1.39108E-03 2.90173E-03 
-1.38096E-03 2.93915E-03 
-1.37527E-03 2.98565E-03 
-1.37309E-03 3.04161E-03 
-1.37312E-03 3.09161E-03 
-1.37332E-03 3.10735E-03 
-1.37481E-03 3.18940E-03 
-1.37585E-03 3.28311E-03 
-1.37438E-03 3.38837E-03 
-1.36814E-03 3.50486E-03 
-1.27061E-03 3.59598E-03 
-1.25667E-03 3.73497E-03 
-1.22952E-03 3.88463E-03 
-1.18586E-03 4.04379E-03 
-1.12254E-03 4.21138E-03 
-1.03700E-03 4.38724E-03 
-9.28858E-04 4.57484E-03 
-8.04763E-04 4.79091E-03 
-6.91031E-04 5.09513E-03 
-6.45021E-04 5.64002E-03 
-6.86424E-04 6.58718E-03 
-6.49172E-04 7.72920E-03 
-3.37982E-04 8.59035E-03 
-1.39140E-03 2.97641E-03 
-1.36093E-03 3.01551E-03 
-9.94800E-04 3.12407E-03 
-9.77619E-04 3.16194E-03 
-9.65099E-04 3.21035E-03 
-9.56091E-04 3.26844E-03 
-9.49452E-04 3.33669E-03 
-9.45090E-04 3.39662E-03 
-9.43829E-04 3.41532E-03 
-9.37120E-04 3.51164E-03 
-9.27610E-04 3.61965E-03 
-9.12896E-04 3.73881E-03 
-8.90367E-04 3.86837E-03 
-7.70998E-04 3.95944E-03 
-7.34294E-04 4.10958E-03 
-6.79995E-04 4.26805E-03 
-6.04622E-04 4.43320E-03 
-5.04831E-04 4.60353E-03 
-3.77814E-04 4.77857E-03 
-2.22422E-04 4.96184E-03 
-4.24217E-05 5.17121E-03 
1.46026E-04 5.47042E-03 
3.12714E-04 6.02109E-03 
4.70766E-04 6.98985E-03 
7.57433E-04 8.14783E-03 
1.28378E-03 8.99053E-03 
-1.00507E-03 3.10556E-03 
-9.88873E-04 3.31018E-03 
-5.47797E-04 3.38859E-03 
-5.28191E-04 3.43168E-03 
-5.12992E-04 3.49219E-03 
-5.00214E-04 3.56479E-03 
-4.88186E-04 3.64774E-03 
-4.78370E-04 3.71905E-03 
-4.75283E-04 3.74107E-03 
-4.58275E-04 3.85295E-03 
-4.35572E-04 3.97579E-03 
-4.04422E-04 4.10857E-03 
-3.61904E-04 4.25003E-03 
-2.18900E-04 4.33879E-03 
-1.54676E-04 4.49703E-03 
-6.82015E-05 4.66030E-03 
4.40912E-05 4.82647E-03 
1.85593E-04 4.99363E-03 
3.59248E-04 5.16108E-03 
5.66919E-04 5.33246E-03 
8.07919E-04 5.52675E-03 
1.07727E-03 5.81139E-03 
1.37466E-03 6.35557E-03 
1.74875E-03 7.32848E-03 
2.30337E-03 8.48049E-03 
3.05607E-03 9.28360E-03 
-6.07417E-04 3.38438E-03 
-5.89202E-04 3.63855E-03 
-6.97291E-05 3.65361E-03 
-4.82511E-05 3.71092E-03 
-2.98210E-05 3.78776E-03 
-1.20049E-05 3.87711E-03 
7.20182E-06 3.97649E-03 
2.42219E-05 4.06009E-03 
2.97093E-05 4.08560E-03 
6.01110E-05 4.21336E-03 
9.96832E-05 4.35037E-03 
1.51467E-04 4.49509E-03 
2.18617E-04 4.64574E-03 
3.87305E-04 4.72898E-03 
4.84581E-04 4.89049E-03 
6.08875E-04 5.05267E-03 
7.63698E-04 5.21301E-03 
9.52334E-04 5.36929E-03 
1.17772E-03 5.52066E-03 
1.44238E-03 5.67100E-03 
1.74889E-03 5.84034E-03 
2.10449E-03 6.09923E-03 
2.54150E-03 6.62240E-03 
3.14654E-03 7.57858E-03 
3.98519E-03 8.69893E-03 
4.97235E-03 9.43912E-03 
-1.85323E-04 3.67508E-03 
-1.64283E-04 3.98940E-03 
4.30492E-04 3.93017E-03 
4.55036E-04 4.00442E-03 
4.78470E-04 4.09992E-03 
5.03693E-04 4.20764E-03 
5.33040E-04 4.32419E-03 
5.59945E-04 4.42001E-03 
5.68677E-04 4.44889E-03 
6.16855E-04 4.59123E-03 
6.78208E-04 4.73996E-03 
7.55972E-04 4.89301E-03 
8.53421E-04 5.04810E-03 
1.05015E-03 5.12155E-03 
1.18670E-03 5.27931E-03 
1.35490E-03 5.43245E-03 
1.55804E-03 5.57814E-03 
1.79913E-03 5.71401E-03 
2.08096E-03 5.83922E-03 
2.40662E-03 5.95795E-03 
2.78218E-03 6.09124E-03 
3.22811E-03 6.31190E-03 
3.81197E-03 6.79759E-03 
4.66053E-03 7.71299E-03 
5.79600E-03 8.77269E-03 
7.02195E-03 9.42511E-03 
2.55620E-04 3.98088E-03 
2.81633E-04 4.36455E-03 
9.43995E-04 4.22333E-03 
9.74238E-04 4.31614E-03 
1.00593E-03 4.43132E-03 
1.04243E-03 4.55747E-03 
1.08637E-03 4.69016E-03 
1.12697E-03 4.79667E-03 
1.14011E-03 4.82834E-03 
1.21192E-03 4.98175E-03 
1.30130E-03 5.13743E-03 
1.41154E-03 5.29284E-03 
1.54590E-03 5.44525E-03 
1.77335E-03 5.50328E-03 
1.95580E-03 5.64808E-03 
2.17412E-03 5.78214E-03 
2.43117E-03 5.90254E-03 
2.72950E-03 6.00690E-03 
3.07162E-03 6.09458E-03 
3.46113E-03 6.17020E-03 
3.90783E-03 6.25559E-03 
4.44642E-03 6.42481E-03 
5.18211E-03 6.85512E-03 
6.28357E-03 7.70310E-03 
7.72443E-03 8.67067E-03 
9.18898E-03 9.21004E-03 
7.11269E-04 4.30304E-03 
7.45924E-04 4.76439E-03 
1.46350E-03 4.53810E-03 
1.50395E-03 4.64915E-03 
1.54901E-03 4.78292E-03 
1.60247E-03 4.92532E-03 
1.66718E-03 5.07075E-03 
1.72651E-03 5.18448E-03 
1.74558E-03 5.21780E-03 
1.84840E-03 5.37604E-03 
1.97336E-03 5.53119E-03 
2.12364E-03 5.68032E-03 
2.30225E-03 5.82043E-03 
2.56335E-03 5.85603E-03 
2.79842E-03 5.97650E-03 
3.07278E-03 6.07963E-03 
3.38870E-03 6.16258E-03 
3.74810E-03 6.22322E-03 
4.15306E-03 6.26127E-03 
4.60772E-03 6.28189E-03 
5.12580E-03 6.30748E-03 
5.75725E-03 6.41192E-03 
6.64716E-03 6.76820E-03 
8.00735E-03 7.52035E-03 
9.75763E-03 8.36279E-03 
1.14559E-02 8.76445E-03 
1.17677E-03 4.63817E-03 
1.22537E-03 5.18324E-03 
1.98134E-03 4.87475E-03 
2.03856E-03 5.00092E-03 
2.10403E-03 5.14930E-03 
2.18188E-03 5.30282E-03 
2.27507E-03 5.45464E-03 
2.35922E-03 5.56991E-03 
2.38600E-03 5.60310E-03 
2.52832E-03 5.75695E-03 
2.69716E-03 5.90130E-03 
2.89538E-03 6.03301E-03 
3.12558E-03 6.14898E-03 
3.42309E-03 6.15407E-03 
3.71662E-03 6.23741E-03 
4.05170E-03 6.29677E-03 
4.42984E-03 6.32961E-03 
4.85219E-03 6.33429E-03 
5.32035E-03 6.31107E-03 
5.83895E-03 6.26569E-03 
6.42596E-03 6.22079E-03 
7.14737E-03 6.24838E-03 
8.18989E-03 6.51276E-03 
9.80890E-03 7.14080E-03 
1.18656E-02 7.82596E-03 
1.37864E-02 8.06816E-03 
1.65483E-03 4.98160E-03 
1.72434E-03 5.61376E-03 
2.49891E-03 5.23122E-03 
2.58164E-03 5.36620E-03 
2.67653E-03 5.52205E-03 
2.78794E-03 5.67843E-03 
2.91878E-03 5.82730E-03 
3.03477E-03 5.93620E-03 
3.07128E-03 5.96685E-03 
3.26249E-03 6.10427E-03 
3.48403E-03 6.22503E-03 
3.73823E-03 6.32601E-03 
4.02706E-03 6.40427E-03 
4.36348E-03 6.36984E-03 
4.72024E-03 6.40240E-03 
5.11931E-03 6.40475E-03 
5.56129E-03 6.37493E-03 
6.04651E-03 6.31194E-03 
6.57601E-03 6.21681E-03 
7.15505E-03 6.09582E-03 
7.80608E-03 5.97136E-03 
8.61199E-03 5.91168E-03 
9.80248E-03 6.06747E-03 
1.16765E-02 6.54378E-03 
1.40318E-02 7.04079E-03 
1.61595E-02 7.10489E-03 
2.15025E-03 5.32168E-03 
2.24902E-03 6.04014E-03 
3.02070E-03 5.59679E-03 
3.13945E-03 5.73084E-03 
3.27423E-03 5.88367E-03 
3.42947E-03 6.03158E-03 
3.60790E-03 6.16534E-03 
3.76306E-03 6.25801E-03 
3.81137E-03 6.28318E-03 
4.06083E-03 6.38990E-03 
4.34340E-03 6.47252E-03 
4.66069E-03 6.52820E-03 
5.01389E-03 6.55446E-03 
5.39085E-03 6.47134E-03 
5.81349E-03 6.43989E-03 
6.27741E-03 6.37294E-03 
6.78224E-03 6.26933E-03 
7.32744E-03 6.12894E-03 
7.91358E-03 5.95358E-03 
8.54660E-03 5.75009E-03 
9.25378E-03 5.53995E-03 
1.01355E-02 5.38555E-03 
1.14654E-02 5.41888E-03 
1.35850E-02 5.71865E-03 
1.62248E-02 6.00053E-03 
1.85384E-02 5.87305E-03 
2.67463E-03 5.64116E-03 
2.81091E-03 6.44051E-03 
3.55830E-03 5.95315E-03 
3.72477E-03 6.07346E-03 
3.91066E-03 6.20995E-03 
4.12039E-03 6.33555E-03 
4.35632E-03 6.43997E-03 
4.55768E-03 6.50526E-03 
4.61975E-03 6.52167E-03 
4.93592E-03 6.58215E-03 
5.28655E-03 6.61138E-03 
5.67236E-03 6.60711E-03 
6.09360E-03 6.56750E-03 
6.51144E-03 6.42716E-03 
6.99996E-03 6.32002E-03 
7.52677E-03 6.17354E-03 
8.09052E-03 5.98754E-03 
8.68986E-03 5.76286E-03 
9.32495E-03 5.50221E-03 
1.00026E-02 5.21275E-03 
1.07553E-02 4.91442E-03 
1.17013E-02 4.66148E-03 
1.31584E-02 4.56213E-03 
1.55092E-02 4.66474E-03 
1.84135E-02 4.70972E-03 
2.08880E-02 4.38310E-03 
3.24595E-03 5.91783E-03 
3.42607E-03 6.78728E-03 
4.12938E-03 6.27445E-03 
4.35554E-03 6.36595E-03 
4.60356E-03 6.47078E-03 
4.87781E-03 6.55869E-03 
5.18014E-03 6.61846E-03 
5.43373E-03 6.64473E-03 
5.51115E-03 6.64903E-03 
5.90067E-03 6.64770E-03 
6.32419E-03 6.60887E-03 
6.78145E-03 6.53109E-03 
7.27167E-03 6.41348E-03 
7.72890E-03 6.20882E-03 
8.28021E-03 6.01703E-03 
8.86479E-03 5.78389E-03 
9.48040E-03 5.51033E-03 
1.01250E-02 5.19823E-03 
1.07985E-02 4.85109E-03 
1.15088E-02 4.47622E-03 
1.22937E-02 4.09123E-03 
1.32899E-02 3.74002E-03 
1.48587E-02 3.50215E-03 
1.74217E-02 3.39231E-03 
2.05656E-02 3.18510E-03 
2.31724E-02 2.65822E-03 
3.88549E-03 6.12490E-03 
4.11293E-03 7.04807E-03 
4.75522E-03 6.52812E-03 
5.05220E-03 6.57461E-03 
5.37209E-03 6.63161E-03 
5.71923E-03 6.66606E-03 
6.09487E-03 6.66605E-03 
6.40495E-03 6.64215E-03 
6.49879E-03 6.63118E-03 
6.96551E-03 6.55378E-03 
7.46373E-03 6.43408E-03 
7.99214E-03 6.27166E-03 
8.54897E-03 6.06673E-03 
9.04192E-03 5.79299E-03 
9.64950E-03 5.51125E-03 
1.02834E-02 5.18829E-03 
1.09407E-02 4.82615E-03 
1.16187E-02 4.42773E-03 
1.23173E-02 3.99724E-03 
1.30458E-02 3.54181E-03 
1.38477E-02 3.07591E-03 
1.48777E-02 2.63097E-03 
1.65400E-02 2.25359E-03 
1.92917E-02 1.92224E-03 
2.26455E-02 1.45487E-03 
2.53532E-02 7.33220E-04 
4.61758E-03 6.22916E-03 
4.88732E-03 7.18389E-03 
5.45508E-03 6.67429E-03 
5.83245E-03 6.66033E-03 
6.23182E-03 6.65425E-03 
6.65776E-03 6.62085E-03 
7.11093E-03 6.54777E-03 
7.47954E-03 6.46428E-03 
7.59019E-03 6.43545E-03 
8.13464E-03 6.27065E-03 
8.70593E-03 6.06064E-03 
9.30171E-03 5.80617E-03 
9.91926E-03 5.50866E-03 
1.04419E-02 5.16419E-03 
1.10959E-02 4.79169E-03 
1.17676E-02 4.38031E-03 
1.24534E-02 3.93318E-03 
1.31504E-02 3.45410E-03 
1.38586E-02 2.94783E-03 
1.45891E-02 2.42094E-03 
1.53908E-02 1.88402E-03 
1.64367E-02 1.35411E-03 
1.81715E-02 8.41249E-04 
2.10845E-02 2.86151E-04 
2.46141E-02 -4.41403E-04 
2.73894E-02 -1.34586E-03 
5.46159E-03 6.20194E-03 
5.76291E-03 7.15964E-03 
6.24658E-03 6.67489E-03 
6.71107E-03 6.58696E-03 
7.19437E-03 6.50454E-03 
7.70173E-03 6.39126E-03 
8.23323E-03 6.23466E-03 
8.65970E-03 6.08461E-03 
8.78675E-03 6.03608E-03 
9.40569E-03 5.77640E-03 
1.00446E-02 5.47078E-03 
1.07003E-02 5.12126E-03 
1.13692E-02 4.73049E-03 
1.19130E-02 4.31718E-03 
1.26005E-02 3.85785E-03 
1.32956E-02 3.36415E-03 
1.39944E-02 2.84020E-03 
1.46938E-02 2.29053E-03 
1.53946E-02 1.72019E-03 
1.61094E-02 1.13485E-03 
1.68930E-02 5.40461E-04 
1.79357E-02 -6.18448E-05 
1.97200E-02 -7.01289E-04 
2.27632E-02 -1.47532E-03 
2.64310E-02 -2.45509E-03 
2.92392E-02 -3.52441E-03 
6.44004E-03 6.02285E-03 
6.74267E-03 6.94733E-03 
7.13722E-03 6.49805E-03 
7.69254E-03 6.32662E-03 
8.26042E-03 6.15837E-03 
8.84788E-03 5.95715E-03 
9.45460E-03 5.71078E-03 
9.93529E-03 5.49063E-03 
1.00775E-02 5.42159E-03 
1.07636E-02 5.06450E-03 
1.14610E-02 4.66310E-03 
1.21655E-02 4.22068E-03 
1.28730E-02 3.74113E-03 
1.34274E-02 3.26478E-03 
1.41329E-02 2.72745E-03 
1.48349E-02 2.16224E-03 
1.55295E-02 1.57403E-03 
1.62138E-02 9.67880E-04 
1.68893E-02 3.48845E-04 
1.75706E-02 -2.78678E-04 
1.83183E-02 -9.13934E-04 
1.93386E-02 -1.57279E-03 
2.11487E-02 -2.32508E-03 
2.42884E-02 -3.30558E-03 
2.80543E-02 -4.52102E-03 
3.08611E-02 -5.73174E-03 
7.60176E-03 5.68136E-03 
7.85253E-03 6.52815E-03 
8.15327E-03 6.12033E-03 
8.80093E-03 5.85844E-03 
9.45105E-03 5.59706E-03 
1.01142E-02 5.30217E-03 
1.07900E-02 4.96238E-03 
1.13190E-02 4.67073E-03 
1.14743E-02 4.58099E-03 
1.22174E-02 4.12710E-03 
1.29611E-02 3.63292E-03 
1.37008E-02 3.10299E-03 
1.44319E-02 2.54230E-03 
1.49846E-02 2.01117E-03 
1.56910E-02 1.40760E-03 
1.63822E-02 7.84374E-04 
1.70545E-02 1.46926E-04 
1.77056E-02 -4.99432E-04 
1.83378E-02 -1.14994E-03 
1.89679E-02 -1.80185E-03 
1.96621E-02 -2.46010E-03 
2.06415E-02 -3.15838E-03 
2.24541E-02 -4.00791E-03 
2.56575E-02 -5.17941E-03 
2.94829E-02 -6.61082E-03 
3.22558E-02 -7.93796E-03 
8.96008E-03 5.17826E-03 
9.07932E-03 5.89106E-03 
9.28577E-03 5.52604E-03 
1.00243E-02 5.17241E-03 
1.07502E-02 4.81560E-03 
1.14804E-02 4.42632E-03 
1.22152E-02 3.99455E-03 
1.27837E-02 3.63393E-03 
1.29496E-02 3.52447E-03 
1.37355E-02 2.97986E-03 
1.45102E-02 2.40129E-03 
1.52687E-02 1.79439E-03 
1.60061E-02 1.16508E-03 
1.65431E-02 5.91066E-04 
1.72321E-02 -6.29090E-05 
1.78942E-02 -7.27016E-04 
1.85261E-02 -1.39555E-03 
1.91262E-02 -2.06325E-03 
1.96980E-02 -2.72594E-03 
2.02606E-02 -3.38281E-03 
2.08854E-02 -4.04484E-03 
2.18068E-02 -4.76368E-03 
2.35990E-02 -5.69127E-03 
2.68323E-02 -7.03167E-03 
3.06776E-02 -8.65208E-03 
3.33865E-02 -1.00671E-02 
1.05579E-02 4.51952E-03 
1.04068E-02 5.02714E-03 
1.05141E-02 4.70250E-03 
1.13410E-02 4.26134E-03 
1.21339E-02 3.81146E-03 
1.29204E-02 3.33153E-03 
1.37025E-02 2.81367E-03 
1.43006E-02 2.38999E-03 
1.44739E-02 2.26273E-03 
1.52878E-02 1.63787E-03 
1.60775E-02 9.87352E-04 
1.68379E-02 3.17735E-04 
1.75642E-02 -3.64368E-04 
1.80719E-02 -9.66922E-04 
1.87257E-02 -1.65305E-03 
1.93409E-02 -2.33890E-03 
1.99149E-02 -3.01881E-03 
2.04473E-02 -3.68783E-03 
2.09430E-02 -4.34267E-03 
2.14232E-02 -4.98471E-03 
2.19642E-02 -5.63111E-03 
2.28118E-02 -6.35124E-03 
2.45614E-02 -7.33613E-03 
2.77906E-02 -8.81986E-03 
3.16169E-02 -1.05986E-02 
3.42332E-02 -1.20719E-02 
1.23716E-02 3.71620E-03 
1.17998E-02 3.94445E-03 
1.18126E-02 3.65620E-03 
1.27253E-02 3.13693E-03 
1.35751E-02 2.60050E-03 
1.44062E-02 2.03740E-03 
1.52231E-02 1.44279E-03 
1.58406E-02 9.64376E-04 
1.60182E-02 8.21946E-04 
1.68446E-02 1.30324E-04 
1.76329E-02 -5.76997E-04 
1.83782E-02 -1.29271E-03 
1.90761E-02 -2.00973E-03 
1.95408E-02 -2.62502E-03 
2.01420E-02 -3.32370E-03 
2.06935E-02 -4.01122E-03 
2.11936E-02 -4.68221E-03 
2.16431E-02 -5.33237E-03 
2.20486E-02 -5.95955E-03 
2.24336E-02 -6.56751E-03 
2.28785E-02 -7.17959E-03 
2.36385E-02 -7.88215E-03 
2.53252E-02 -8.90281E-03 
2.85177E-02 -1.05016E-02 
3.22878E-02 -1.24055E-02 
3.47861E-02 -1.39073E-02 
1.45647E-02 2.83320E-03 
1.32968E-02 2.67508E-03 
1.32021E-02 2.41025E-03 
1.41998E-02 1.82413E-03 
1.50926E-02 1.20835E-03 
1.59510E-02 5.70243E-04 
1.67843E-02 -9.06770E-05 
1.74064E-02 -6.14378E-04 
1.75840E-02 -7.69019E-04 
1.84018E-02 -1.51208E-03 
1.91677E-02 -2.25916E-03 
1.98772E-02 -3.00253E-03 
2.05266E-02 -3.73500E-03 
2.09325E-02 -4.34600E-03 
2.14633E-02 -5.03688E-03 
2.19343E-02 -5.70564E-03 
2.23452E-02 -6.34758E-03 
2.26983E-02 -6.95931E-03 
2.30016E-02 -7.54002E-03 
2.32807E-02 -8.09601E-03 
2.36197E-02 -8.65659E-03 
2.42811E-02 -9.32407E-03 
2.58870E-02 -1.03593E-02 
2.90132E-02 -1.20441E-02 
3.26935E-02 -1.40390E-02 
3.50529E-02 -1.55414E-02 
1.70933E-02 1.88375E-03 
1.48003E-02 1.23102E-03 
1.45970E-02 9.78349E-04 
1.56836E-02 3.42842E-04 
1.66080E-02 -3.39984E-04 
1.74797E-02 -1.04044E-03 
1.83159E-02 -1.75335E-03 
1.89318E-02 -2.31036E-03 
1.91063E-02 -2.47358E-03 
1.99000E-02 -3.25013E-03 
2.06279E-02 -4.01802E-03 
2.12860E-02 -4.76937E-03 
2.18716E-02 -5.49719E-03 
2.22072E-02 -6.08677E-03 
2.26537E-02 -6.74990E-03 
2.30314E-02 -7.38028E-03 
2.33414E-02 -7.97416E-03 
2.35876E-02 -8.52930E-03 
2.37797E-02 -9.04645E-03 
2.39453E-02 -9.53442E-03 
2.41714E-02 -1.00282E-02 
2.47256E-02 -1.06447E-02 
2.62349E-02 -1.16739E-02 
2.92671E-02 -1.34148E-02 
3.28267E-02 -1.54663E-02 
3.50294E-02 -1.69425E-02 
2.00275E-02 9.31886E-04 
1.62537E-02 -3.28599E-04 
1.59309E-02 -5.83404E-04 
1.71142E-02 -1.24727E-03 
1.80581E-02 -1.98214E-03 
1.89294E-02 -2.73047E-03 
1.97561E-02 -3.47993E-03 
2.03569E-02 -4.05788E-03 
2.05255E-02 -4.22603E-03 
2.12829E-02 -5.01822E-03 
2.19605E-02 -5.78860E-03 
2.25552E-02 -6.52931E-03 
2.30654E-02 -7.23379E-03 
2.33225E-02 -7.78640E-03 
2.36745E-02 -8.40381E-03 
2.39497E-02 -8.97849E-03 
2.41510E-02 -9.50787E-03 
2.42839E-02 -9.99110E-03 
2.43597E-02 -1.04306E-02 
2.44081E-02 -1.08377E-02 
2.45183E-02 -1.12527E-02 
2.49603E-02 -1.18049E-02 
2.63610E-02 -1.28091E-02 
2.92750E-02 -1.45760E-02 
3.26872E-02 -1.66500E-02 
3.47207E-02 -1.80764E-02 
2.36162E-02 1.21869E-06 
1.77203E-02 -2.00267E-03 
1.72612E-02 -2.27829E-03 
1.85682E-02 -2.95205E-03 
1.95241E-02 -3.72705E-03 
2.03786E-02 -4.51089E-03 
2.11767E-02 -5.28208E-03 
2.17464E-02 -5.86824E-03 
2.19044E-02 -6.03741E-03 
2.26029E-02 -6.82599E-03 
2.32086E-02 -7.57882E-03 
2.37197E-02 -8.28845E-03 
2.41359E-02 -8.94920E-03 
2.42998E-02 -9.44745E-03 
2.45431E-02 -1.00003E-02 
2.47038E-02 -1.05015E-02 
2.47867E-02 -1.09500E-02 
2.47987E-02 -1.13465E-02 
2.47529E-02 -1.16950E-02 
2.46804E-02 -1.20095E-02 
2.46718E-02 -1.23346E-02 
2.49972E-02 -1.28107E-02 
2.62781E-02 -1.37724E-02 
2.90517E-02 -1.55379E-02 
3.22922E-02 -1.76030E-02 
3.41452E-02 -1.89584E-02 
2.78830E-02 -8.42061E-04 
1.90510E-02 -3.71443E-03 
1.84321E-02 -4.03122E-03 
1.98946E-02 -4.69102E-03 
2.08549E-02 -5.48954E-03 
2.16807E-02 -6.29374E-03 
2.24415E-02 -7.07117E-03 
2.29744E-02 -7.65356E-03 
2.31202E-02 -7.82026E-03 
2.37521E-02 -8.58843E-03 
2.42781E-02 -9.30674E-03 
2.46981E-02 -9.96858E-03 
2.50140E-02 -1.05696E-02 
2.50811E-02 -1.10006E-02 
2.52115E-02 -1.14749E-02 
2.52545E-02 -1.18898E-02 
2.52168E-02 -1.22458E-02 
2.51072E-02 -1.25453E-02 
2.49404E-02 -1.27942E-02 
2.47486E-02 -1.30086E-02 
2.46230E-02 -1.32372E-02 
2.48319E-02 -1.36289E-02 
2.59862E-02 -1.45333E-02 
2.86021E-02 -1.62714E-02 
3.16522E-02 -1.82982E-02 
3.33194E-02 -1.95653E-02 
3.30728E-02 -1.59163E-03 
2.02201E-02 -5.42813E-03 
1.94170E-02 -5.80789E-03 
2.10888E-02 -6.43120E-03 
2.20512E-02 -7.23651E-03 
2.28367E-02 -8.04595E-03 
2.35491E-02 -8.81388E-03 
2.40365E-02 -9.38017E-03 
2.41678E-02 -9.54083E-03 
2.47227E-02 -1.02722E-02 
2.51609E-02 -1.09406E-02 
2.54834E-02 -1.15401E-02 
2.56934E-02 -1.20675E-02 
2.56607E-02 -1.24204E-02 
2.56749E-02 -1.28045E-02 
2.55984E-02 -1.31226E-02 
2.54397E-02 -1.33771E-02 
2.52095E-02 -1.35720E-02 
2.49240E-02 -1.37152E-02 
2.46164E-02 -1.38248E-02 
2.43779E-02 -1.39528E-02 
2.44724E-02 -1.42545E-02 
2.54957E-02 -1.50892E-02 
2.79396E-02 -1.67762E-02 
3.07843E-02 -1.87385E-02 
3.22635E-02 -1.99036E-02 
3.94381E-02 -2.25508E-03 
2.11952E-02 -7.10194E-03 
2.01828E-02 -7.57353E-03 
2.21564E-02 -8.14834E-03 
2.31360E-02 -8.95032E-03 
2.38780E-02 -9.75450E-03 
2.45347E-02 -1.05000E-02 
2.49686E-02 -1.10390E-02 
2.50825E-02 -1.11901E-02 
2.55460E-02 -1.18674E-02 
2.58813E-02 -1.24682E-02 
2.60925E-02 -1.29881E-02 
2.61854E-02 -1.34261E-02 
2.60451E-02 -1.36884E-02 
2.59380E-02 -1.39707E-02 
2.57394E-02 -1.41825E-02 
2.54597E-02 -1.43280E-02 
2.51111E-02 -1.44131E-02 
2.47110E-02 -1.44470E-02 
2.42932E-02 -1.44498E-02 
2.39478E-02 -1.44759E-02 
2.39323E-02 -1.46847E-02 
2.48230E-02 -1.54402E-02 
2.70849E-02 -1.70560E-02 
2.97139E-02 -1.89314E-02 
3.10068E-02 -1.99845E-02 
4.72572E-02 -2.85863E-03 
2.18794E-02 -8.67882E-03 
2.06074E-02 -9.26665E-03 
2.29837E-02 -9.77676E-03 
2.39812E-02 -1.05545E-02 
2.46655E-02 -1.13342E-02 
2.52580E-02 -1.20407E-02 
2.56358E-02 -1.25418E-02 
2.57322E-02 -1.26808E-02 
2.61061E-02 -1.32933E-02 
2.63435E-02 -1.38182E-02 
2.64498E-02 -1.42520E-02 
2.64325E-02 -1.45952E-02 
2.61921E-02 -1.47636E-02 
2.59705E-02 -1.49405E-02 
2.56570E-02 -1.50433E-02 
2.52638E-02 -1.50782E-02 
2.48049E-02 -1.50529E-02 
2.42987E-02 -1.49783E-02 
2.37796E-02 -1.48759E-02 
2.33359E-02 -1.48017E-02 
2.32170E-02 -1.49173E-02 
2.39759E-02 -1.55865E-02 
2.60483E-02 -1.71135E-02 
2.84544E-02 -1.88828E-02 
2.95647E-02 -1.98171E-02 
5.69220E-02 -3.50827E-03 
2.22411E-02 -1.01106E-02 
2.06681E-02 -1.08584E-02 
2.36126E-02 -1.13143E-02 
2.46727E-02 -1.20664E-02 
2.53123E-02 -1.28174E-02 
2.58437E-02 -1.34764E-02 
2.61611E-02 -1.39303E-02 
2.62381E-02 -1.40542E-02 
2.65121E-02 -1.45874E-02 
2.66404E-02 -1.50220E-02 
2.66311E-02 -1.53557E-02 
2.64944E-02 -1.55912E-02 
2.61472E-02 -1.56557E-02 
2.58078E-02 -1.57192E-02 
2.53794E-02 -1.57077E-02 
2.48758E-02 -1.56293E-02 
2.43120E-02 -1.54934E-02 
2.37074E-02 -1.53119E-02 
2.30961E-02 -1.51075E-02 
2.25636E-02 -1.49369E-02 
2.23495E-02 -1.49613E-02 
2.29798E-02 -1.55401E-02 
2.48594E-02 -1.69645E-02 
2.70401E-02 -1.86128E-02 
2.79753E-02 -1.94252E-02 
6.89757E-02 -4.38525E-03 
2.22600E-02 -1.13471E-02 
2.02637E-02 -1.22867E-02 
2.39418E-02 -1.26983E-02 
2.50879E-02 -1.34083E-02 
2.56797E-02 -1.41138E-02 
2.61483E-02 -1.47108E-02 
2.64050E-02 -1.51084E-02 
2.64625E-02 -1.52148E-02 
2.66367E-02 -1.56585E-02 
2.66596E-02 -1.59961E-02 
2.65437E-02 -1.62272E-02 
2.63001E-02 -1.63560E-02 
2.58600E-02 -1.63200E-02 
2.54171E-02 -1.62740E-02 
2.48877E-02 -1.61530E-02 
2.42872E-02 -1.59668E-02 
2.36321E-02 -1.57263E-02 
2.29422E-02 -1.54447E-02 
2.22515E-02 -1.51454E-02 
2.16425E-02 -1.48853E-02 
2.13434E-02 -1.48233E-02 
2.18506E-02 -1.53100E-02 
2.35374E-02 -1.66215E-02 
2.54935E-02 -1.81377E-02 
2.62630E-02 -1.88283E-02 
8.40587E-02 -5.76347E-03 
2.19682E-02 -1.23254E-02 
1.93442E-02 -1.34976E-02 
2.39814E-02 -1.39206E-02 
2.52815E-02 -1.45975E-02 
2.58532E-02 -1.52585E-02 
2.62763E-02 -1.57912E-02 
2.64793E-02 -1.61286E-02 
2.65184E-02 -1.62161E-02 
2.65948E-02 -1.65633E-02 
2.65095E-02 -1.67950E-02 
2.62811E-02 -1.69139E-02 
2.59253E-02 -1.69272E-02 
2.53893E-02 -1.67846E-02 
2.48437E-02 -1.66260E-02 
2.42172E-02 -1.63951E-02 
2.35265E-02 -1.61035E-02 
2.27890E-02 -1.57630E-02 
2.20246E-02 -1.53877E-02 
2.12664E-02 -1.50012E-02 
2.05931E-02 -1.46596E-02 
2.02196E-02 -1.45174E-02 
2.06109E-02 -1.49128E-02 
2.21075E-02 -1.61040E-02 
2.38433E-02 -1.74808E-02 
2.44587E-02 -1.80525E-02 
1.02992E-01 -8.05617E-03 
2.15543E-02 -1.30135E-02 
1.79226E-02 -1.44485E-02 
2.36963E-02 -1.49482E-02 
2.51871E-02 -1.55853E-02 
2.57429E-02 -1.61861E-02 
2.61224E-02 -1.66396E-02 
2.62708E-02 -1.69068E-02 
2.62915E-02 -1.69728E-02 
2.62716E-02 -1.72147E-02 
2.60868E-02 -1.73387E-02 
2.57605E-02 -1.73490E-02 
2.53100E-02 -1.72537E-02 
2.46954E-02 -1.70130E-02 
2.40648E-02 -1.67513E-02 
2.33587E-02 -1.64208E-02 
2.25950E-02 -1.60345E-02 
2.17916E-02 -1.56051E-02 
2.09685E-02 -1.51474E-02 
2.01580E-02 -1.46850E-02 
1.94344E-02 -1.42724E-02 
1.89990E-02 -1.40586E-02 
1.92836E-02 -1.43658E-02 
2.05959E-02 -1.54332E-02 
2.21188E-02 -1.66669E-02 
2.25933E-02 -1.71253E-02 
1.26870E-01 -1.18705E-02 
2.13226E-02 -1.33525E-02 
1.60058E-02 -1.50510E-02 
2.30707E-02 -1.57495E-02 
2.48237E-02 -1.63760E-02 
2.54089E-02 -1.69291E-02 
2.57792E-02 -1.73101E-02 
2.58903E-02 -1.75090E-02 
2.58960E-02 -1.75537E-02 
2.57881E-02 -1.76875E-02 
2.55027E-02 -1.76971E-02 
2.50762E-02 -1.75923E-02 
2.45308E-02 -1.73846E-02 
2.38392E-02 -1.70446E-02 
2.31285E-02 -1.66812E-02 
2.23501E-02 -1.62553E-02 
2.15228E-02 -1.57806E-02 
2.06648E-02 -1.52709E-02 
1.97957E-02 -1.47408E-02 
1.89462E-02 -1.42132E-02 
1.81857E-02 -1.37405E-02 
1.77006E-02 -1.34641E-02 
1.78881E-02 -1.36879E-02 
1.90238E-02 -1.46303E-02 
2.03434E-02 -1.57205E-02 
2.06911E-02 -1.60729E-02 
1.56441E-01 -1.80400E-02 
2.19329E-02 -1.33621E-02 
1.38459E-02 -1.52771E-02 
2.21844E-02 -1.63254E-02 
2.41891E-02 -1.69508E-02 
2.48070E-02 -1.74450E-02 
2.51812E-02 -1.77450E-02 
2.52599E-02 -1.78682E-02 
2.52519E-02 -1.78898E-02 
2.50659E-02 -1.79129E-02 
2.46953E-02 -1.78128E-02 
2.41844E-02 -1.76000E-02 
2.35591E-02 -1.72880E-02 
2.28057E-02 -1.68583E-02 
2.20329E-02 -1.64059E-02 
2.12010E-02 -1.58984E-02 
2.03287E-02 -1.53500E-02 
1.94337E-02 -1.47744E-02 
1.85355E-02 -1.41862E-02 
1.76628E-02 -1.36074E-02 
1.68800E-02 -1.30876E-02 
1.63587E-02 -1.27599E-02 
1.64609E-02 -1.29074E-02 
1.74315E-02 -1.37278E-02 
1.85614E-02 -1.46783E-02 
1.87983E-02 -1.49348E-02 
1.92634E-01 -2.78046E-02 
2.42405E-02 -1.30772E-02 
1.17019E-02 -1.50403E-02 
2.10559E-02 -1.66317E-02 
2.32665E-02 -1.72941E-02 
2.39562E-02 -1.77555E-02 
2.43873E-02 -1.79959E-02 
2.44590E-02 -1.80503E-02 
2.44413E-02 -1.80491E-02 
2.41837E-02 -1.79563E-02 
2.37272E-02 -1.77397E-02 
2.31340E-02 -1.74163E-02 
2.24350E-02 -1.70018E-02 
2.16278E-02 -1.64869E-02 
2.08028E-02 -1.59521E-02 
1.99285E-02 -1.53716E-02 
1.90235E-02 -1.47598E-02 
1.81051E-02 -1.41299E-02 
1.71915E-02 -1.34958E-02 
1.63094E-02 -1.28783E-02 
1.55177E-02 -1.23236E-02 
1.49723E-02 -1.19550E-02 
1.50002E-02 -1.20333E-02 
1.58158E-02 -1.27350E-02 
1.67682E-02 -1.35499E-02 
1.69088E-02 -1.37202E-02 
2.34242E-01 -4.25831E-02 
2.93058E-02 -1.26131E-02 
1.02005E-02 -1.43241E-02 
1.99203E-02 -1.66923E-02 
2.21355E-02 -1.74225E-02 
2.28600E-02 -1.78495E-02 
2.33594E-02 -1.80263E-02 
2.34410E-02 -1.80123E-02 
2.34191E-02 -1.79894E-02 
2.31144E-02 -1.77885E-02 
2.25915E-02 -1.74641E-02 
2.19316E-02 -1.70387E-02 
2.11734E-02 -1.65307E-02 
2.03248E-02 -1.59393E-02 
1.94615E-02 -1.53333E-02 
1.85596E-02 -1.46921E-02 
1.76369E-02 -1.40300E-02 
1.67099E-02 -1.33594E-02 
1.57954E-02 -1.26934E-02 
1.49179E-02 -1.20509E-02 
1.41305E-02 -1.14741E-02 
1.35734E-02 -1.10760E-02 
1.35389E-02 -1.10939E-02 
1.42126E-02 -1.16831E-02 
1.50028E-02 -1.23700E-02 
1.50625E-02 -1.24655E-02 
2.76613E-01 -6.42097E-02 
3.80477E-02 -1.21844E-02 
1.01217E-02 -1.31218E-02 
1.90468E-02 -1.65073E-02 
2.08532E-02 -1.73208E-02 
2.15386E-02 -1.77274E-02 
2.21391E-02 -1.78647E-02 
2.22526E-02 -1.77884E-02 
2.22307E-02 -1.77438E-02 
2.18884E-02 -1.74311E-02 
2.13038E-02 -1.69963E-02 
2.05867E-02 -1.64729E-02 
1.97840E-02 -1.58817E-02 
1.89103E-02 -1.52270E-02 
1.80264E-02 -1.45643E-02 
1.71141E-02 -1.38778E-02 
1.61904E-02 -1.31808E-02 
1.52706E-02 -1.24848E-02 
1.43701E-02 -1.18014E-02 
1.35108E-02 -1.11475E-02 
1.27403E-02 -1.05614E-02 
1.21833E-02 -1.01452E-02 
1.20983E-02 -1.01121E-02 
1.26442E-02 -1.05970E-02 
1.32881E-02 -1.11653E-02 
1.32820E-02 -1.11977E-02 
3.09436E-01 -9.45394E-02 
5.05097E-02 -1.20758E-02 
1.23607E-02 -1.14601E-02 
1.88358E-02 -1.61050E-02 
1.95492E-02 -1.69921E-02 
2.00182E-02 -1.73844E-02 
2.07322E-02 -1.75125E-02 
2.09149E-02 -1.73958E-02 
2.09021E-02 -1.73340E-02 
2.05524E-02 -1.69226E-02 
1.99206E-02 -1.63830E-02 
1.91537E-02 -1.57646E-02 
1.83135E-02 -1.50947E-02 
1.74238E-02 -1.43841E-02 
1.65316E-02 -1.36759E-02 
1.56225E-02 -1.29569E-02 
1.47116E-02 -1.22385E-02 
1.38123E-02 -1.15305E-02 
1.29384E-02 -1.08430E-02 
1.21093E-02 -1.01905E-02 
1.13668E-02 -9.60705E-03 
1.08206E-02 -9.18342E-03 
1.06966E-02 -9.10892E-03 
1.11290E-02 -9.49889E-03 
1.16433E-02 -9.95936E-03 
1.15856E-02 -9.94048E-03 
3.14291E-01 -1.35374E-01 
6.47967E-02 -1.25238E-02 
1.76978E-02 -9.43213E-03 
1.98326E-02 -1.55779E-02 
1.84547E-02 -1.64786E-02 
1.83865E-02 -1.68477E-02 
1.91701E-02 -1.69895E-02 
1.94253E-02 -1.68339E-02 
1.94243E-02 -1.67545E-02 
1.90872E-02 -1.62485E-02 
1.84341E-02 -1.56190E-02 
1.76427E-02 -1.49240E-02 
1.67849E-02 -1.41912E-02 
1.58926E-02 -1.34364E-02 
1.50043E-02 -1.26940E-02 
1.41098E-02 -1.19540E-02 
1.32231E-02 -1.12263E-02 
1.23560E-02 -1.05189E-02 
1.15201E-02 -9.83961E-03 
1.07317E-02 -9.20045E-03 
1.00271E-02 -8.63058E-03 
9.50127E-03 -8.20969E-03 
9.34926E-03 -8.10332E-03 
9.68273E-03 -8.40852E-03 
1.00839E-02 -8.77271E-03 
9.98809E-03 -8.71401E-03 
2.62458E-01 -1.88100E-01 
7.60206E-02 -1.36443E-02 
2.62565E-02 -7.12771E-03 
2.25598E-02 -1.50451E-02 
1.78418E-02 -1.58112E-02 
1.67091E-02 -1.61025E-02 
1.74653E-02 -1.62913E-02 
1.78201E-02 -1.61303E-02 
1.78419E-02 -1.60415E-02 
1.75512E-02 -1.54599E-02 
1.68872E-02 -1.47426E-02 
1.60774E-02 -1.39733E-02 
1.52110E-02 -1.31848E-02 
1.43282E-02 -1.23968E-02 
1.34582E-02 -1.16341E-02 
1.25930E-02 -1.08877E-02 
1.17444E-02 -1.01650E-02 
1.09217E-02 -9.47156E-03 
1.01346E-02 -8.81278E-03 
9.39648E-03 -8.19802E-03 
8.73822E-03 -7.65182E-03 
8.24117E-03 -7.24289E-03 
8.07139E-03 -7.11391E-03 
8.32028E-03 -7.34506E-03 
8.62456E-03 -7.62508E-03 
8.50271E-03 -7.53739E-03 
1.18374E-01 -2.53382E-01 
7.50053E-02 -1.51952E-02 
3.69342E-02 -4.60949E-03 
2.73516E-02 -1.46776E-02 
1.80598E-02 -1.50577E-02 
1.51297E-02 -1.51646E-02 
1.56584E-02 -1.54271E-02 
1.61117E-02 -1.52918E-02 
1.61630E-02 -1.52008E-02 
1.59573E-02 -1.45706E-02 
1.53075E-02 -1.37807E-02 
1.44888E-02 -1.29426E-02 
1.36228E-02 -1.21057E-02 
1.27602E-02 -1.12947E-02 
1.19210E-02 -1.05243E-02 
1.10975E-02 -9.78457E-03 
1.02982E-02 -9.07937E-03 
9.53008E-03 -8.41146E-03 
8.80050E-03 -7.78378E-03 
8.12038E-03 -7.20296E-03 
7.51532E-03 -6.68900E-03 
7.05390E-03 -6.30006E-03 
6.87555E-03 -6.15712E-03 
7.05372E-03 -6.32511E-03 
7.27674E-03 -6.53316E-03 
7.13960E-03 -6.42641E-03 
-1.51749E-01 -3.31240E-01 
4.96645E-02 -1.62976E-02 
4.65015E-02 -1.75974E-03 
3.40447E-02 -1.46911E-02 
1.94947E-02 -1.43338E-02 
1.38540E-02 -1.40676E-02 
1.38191E-02 -1.44185E-02 
1.43305E-02 -1.43380E-02 
1.44123E-02 -1.42511E-02 
1.43154E-02 -1.35920E-02 
1.37009E-02 -1.27410E-02 
1.28968E-02 -1.18523E-02 
1.20496E-02 -1.09832E-02 
1.12187E-02 -1.01606E-02 
1.04202E-02 -9.39319E-03 
9.64754E-03 -8.67058E-03 
8.90598E-03 -7.99305E-03 
8.19996E-03 -7.36014E-03 
7.53446E-03 -6.77215E-03 
6.91784E-03 -6.23295E-03 
6.37089E-03 -5.75813E-03 
5.95037E-03 -5.39580E-03 
5.77148E-03 -5.24670E-03 
5.89200E-03 -5.36222E-03 
6.04845E-03 -5.51025E-03 
5.90528E-03 -5.39327E-03 
-5.62722E-01 -4.22189E-01 
-1.22940E-02 -1.53144E-02 
4.91769E-02 1.87231E-03 
4.14274E-02 -1.52884E-02 
2.24480E-02 -1.37925E-02 
1.31352E-02 -1.28511E-02 
1.20208E-02 -1.32718E-02 
1.25067E-02 -1.32813E-02 
1.26171E-02 -1.32080E-02 
1.26501E-02 -1.25484E-02 
1.20959E-02 -1.16528E-02 
1.13197E-02 -1.07228E-02 
1.05038E-02 -9.83284E-03 
9.71759E-03 -9.01172E-03 
8.97146E-03 -8.25967E-03 
8.25864E-03 -7.56463E-03 
7.58221E-03 -6.92393E-03 
6.94441E-03 -6.33424E-03 
6.34802E-03 -5.79316E-03 
5.79890E-03 -5.30178E-03 
5.31341E-03 -4.87147E-03 
4.93762E-03 -4.54104E-03 
4.76497E-03 -4.39265E-03 
4.83988E-03 -4.46585E-03 
4.94321E-03 -4.56517E-03 
4.80169E-03 -4.44553E-03 
-1.08397E+00 -5.27628E-01 
-1.12283E-01 -1.00164E-02 
3.72189E-02 7.20101E-03 
4.66261E-02 -1.65880E-02 
2.68971E-02 -1.36221E-02 
1.32679E-02 -1.15833E-02 
1.03880E-02 -1.20110E-02 
1.06947E-02 -1.21417E-02 
1.08217E-02 -1.20921E-02 
1.09980E-02 -1.14704E-02 
1.05303E-02 -1.05504E-02 
9.80109E-03 -9.59479E-03 
9.02908E-03 -8.69613E-03 
8.29457E-03 -7.88465E-03 
7.60708E-03 -7.15597E-03 
6.96010E-03 -6.49661E-03 
6.35374E-03 -5.90000E-03 
5.78778E-03 -5.35960E-03 
5.26290E-03 -4.87031E-03 
4.78271E-03 -4.43061E-03 
4.35968E-03 -4.04802E-03 
4.03042E-03 -3.75293E-03 
3.86937E-03 -3.61092E-03 
3.90982E-03 -3.65154E-03 
3.97252E-03 -3.71296E-03 
3.83867E-03 -3.59686E-03 
-1.64355E+00 -6.56015E-01 
-2.28783E-01 1.88468E-03 
3.12242E-03 1.59212E-02 
4.47301E-02 -1.85507E-02 
3.23789E-02 -1.40348E-02 
1.45617E-02 -1.03368E-02 
9.04152E-03 -1.06370E-02 
8.91923E-03 -1.09114E-02 
9.03909E-03 -1.08966E-02 
9.35510E-03 -1.03587E-02 
9.00604E-03 -9.44237E-03 
8.34256E-03 -8.47624E-03 
7.62359E-03 -7.57767E-03 
6.94756E-03 -6.78360E-03 
6.32511E-03 -6.08631E-03 
5.74931E-03 -5.46990E-03 
5.21708E-03 -4.92358E-03 
4.72565E-03 -4.43741E-03 
4.27375E-03 -4.00364E-03 
3.86302E-03 -3.61833E-03 
3.50254E-03 -3.28555E-03 
3.22069E-03 -3.02817E-03 
3.07538E-03 -2.89710E-03 
3.09075E-03 -2.91352E-03 
3.12328E-03 -2.94631E-03 
3.00163E-03 -2.83857E-03 
-2.13073E+00 -8.21524E-01 
-2.94299E-01 2.10569E-02 
-5.45073E-02 3.03224E-02 
2.83556E-02 -2.07678E-02 
3.74476E-02 -1.52370E-02 
1.72798E-02 -9.23924E-03 
8.17422E-03 -9.18526E-03 
7.26235E-03 -9.60826E-03 
7.33254E-03 -9.63867E-03 
7.75080E-03 -9.23382E-03 
7.54613E-03 -8.34915E-03 
6.96449E-03 -7.38639E-03 
6.30949E-03 -6.49916E-03 
5.70015E-03 -5.73229E-03 
5.14876E-03 -5.07448E-03 
4.64761E-03 -4.50687E-03 
4.19110E-03 -4.01488E-03 
3.77433E-03 -3.58552E-03 
3.39441E-03 -3.20866E-03 
3.05138E-03 -2.87824E-03 
2.75148E-03 -2.59533E-03 
2.51613E-03 -2.37629E-03 
2.38926E-03 -2.25942E-03 
2.38776E-03 -2.25915E-03 
2.39929E-03 -2.27163E-03 
2.29280E-03 -2.17567E-03 
-2.49250E+00 -1.04927E+00 
-1.82258E-01 4.45644E-02 
-1.21265E-01 5.30560E-02 
-1.14867E-02 -2.23711E-02 
3.93844E-02 -1.73604E-02 
2.15284E-02 -8.43756E-03 
8.00612E-03 -7.70096E-03 
5.81506E-03 -8.24737E-03 
5.76876E-03 -8.32998E-03 
6.20472E-03 -8.10621E-03 
6.16773E-03 -7.28640E-03 
5.68624E-03 -6.34449E-03 
5.10489E-03 -5.47943E-03 
4.56677E-03 -4.74653E-03 
4.08924E-03 -4.13359E-03 
3.66387E-03 -3.61855E-03 
3.28256E-03 -3.18298E-03 
2.93864E-03 -2.81108E-03 
2.62790E-03 -2.49067E-03 
2.34916E-03 -2.21391E-03 
2.10642E-03 -1.97935E-03 
1.91532E-03 -1.79789E-03 
1.80831E-03 -1.69723E-03 
1.79667E-03 -1.68657E-03 
1.79475E-03 -1.68575E-03 
1.70497E-03 -1.60364E-03 
-2.95163E+00 -1.36951E+00 
2.95561E-01 6.29042E-02 
-1.54440E-01 8.63224E-02 
-8.33931E-02 -2.19231E-02 
3.38714E-02 -2.03881E-02 
2.71063E-02 -8.09554E-03 
8.77333E-03 -6.24275E-03 
4.68916E-03 -6.84558E-03 
4.43152E-03 -6.98264E-03 
4.73901E-03 -6.98341E-03 
4.88560E-03 -6.26508E-03 
4.52309E-03 -5.36429E-03 
4.02309E-03 -4.53120E-03 
3.55903E-03 -3.83810E-03 
3.15563E-03 -3.27343E-03 
2.80459E-03 -2.81251E-03 
2.49573E-03 -2.43338E-03 
2.22083E-03 -2.11768E-03 
1.97474E-03 -1.85147E-03 
1.75539E-03 -1.62550E-03 
1.56506E-03 -1.43634E-03 
1.41482E-03 -1.29041E-03 
1.32786E-03 -1.20682E-03 
1.31135E-03 -1.19080E-03 
1.30194E-03 -1.18231E-03 
1.22920E-03 -1.11489E-03 
-4.29799E+00 -1.80749E+00 
1.35026E+00 5.80747E-02 
-6.94244E-02 1.30523E-01 
-1.91621E-01 -1.74678E-02 
1.49421E-02 -2.40555E-02 
3.33301E-02 -8.37012E-03 
1.07035E-02 -4.88731E-03 
4.02122E-03 -5.42770E-03 
3.42484E-03 -5.61343E-03 
3.38048E-03 -5.87070E-03 
3.71389E-03 -5.29194E-03 
3.48662E-03 -4.45286E-03 
3.07437E-03 -3.66182E-03 
2.68463E-03 -3.01283E-03 
2.35321E-03 -2.49817E-03 
2.07281E-03 -2.09119E-03 
1.83158E-03 -1.76676E-03 
1.62008E-03 -1.50426E-03 
1.43254E-03 -1.28843E-03 
1.26636E-03 -1.10898E-03 
1.12264E-03 -9.61036E-04 
1.00889E-03 -8.47522E-04 
9.41118E-04 -7.80770E-04 
9.23608E-04 -7.63199E-04 
9.11141E-04 -7.51307E-04 
8.54708E-04 -6.98366E-04 
-8.23420E+00 -2.35987E+00 
3.11674E+00 4.04643E-03 
2.67060E-01 1.82490E-01 
-3.30089E-01 -6.81530E-03 
-2.45456E-02 -2.77689E-02 
3.88597E-02 -9.37737E-03 
1.39636E-02 -3.72684E-03 
3.96329E-03 -4.02490E-03 
2.87173E-03 -4.24389E-03 
2.16618E-03 -4.77430E-03 
2.67005E-03 -4.37157E-03 
2.58845E-03 -3.61268E-03 
2.26744E-03 -2.87322E-03 
1.95030E-03 -2.27255E-03 
1.68610E-03 -1.80819E-03 
1.46982E-03 -1.45284E-03 
1.28887E-03 -1.17923E-03 
1.13315E-03 -9.65146E-04 
9.96544E-04 -7.94374E-04 
8.76217E-04 -6.56001E-04 
7.72432E-04 -5.44124E-04 
6.90078E-04 -4.59055E-04 
6.39740E-04 -4.07992E-04 
6.23804E-04 -3.91478E-04 
6.11327E-04 -3.79208E-04 
5.69641E-04 -3.39649E-04 
-1.75655E+01 -2.96702E+00 
5.51371E+00 -1.29002E-01 
1.03137E+00 2.33965E-01 
-4.76255E-01 1.19326E-02 
-9.18990E-02 -3.05625E-02 
4.16024E-02 -1.11539E-02 
1.86179E-02 -2.85914E-03 
4.67516E-03 -2.67329E-03 
2.90704E-03 -2.89655E-03 
1.13605E-03 -3.68892E-03 
1.77206E-03 -3.49961E-03 
1.84193E-03 -2.84139E-03 
1.60976E-03 -2.15988E-03 
1.35808E-03 -1.60830E-03 
1.15275E-03 -1.19284E-03 
9.91660E-04 -8.85840E-04 
8.61780E-04 -6.58186E-04 
7.52747E-04 -4.86731E-04 
6.58422E-04 -3.54866E-04 
5.75902E-04 -2.51422E-04 
5.04915E-04 -1.69908E-04 
4.48445E-04 -1.08808E-04 
4.13148E-04 -7.16077E-05 
4.00224E-04 -5.77048E-05 
3.89572E-04 -4.69395E-05 
3.60527E-04 -1.90596E-05 
-3.57095E+01 -3.48120E+00 
8.02710E+00 -3.61420E-01 
2.39373E+00 2.70091E-01 
-5.83990E-01 3.92541E-02 
-1.91378E-01 -3.11187E-02 
3.87443E-02 -1.35697E-02 
2.44808E-02 -2.38701E-03 
6.28888E-03 -1.43136E-03 
3.66410E-03 -1.61597E-03 
3.55317E-04 -2.62178E-03 
1.05333E-03 -2.67462E-03 
1.27048E-03 -2.13592E-03 
1.11876E-03 -1.51804E-03 
9.19416E-04 -1.01428E-03 
7.58592E-04 -6.42978E-04 
6.38708E-04 -3.77855E-04 
5.47121E-04 -1.89045E-04 
4.73320E-04 -5.28846E-05 
4.11075E-04 4.73437E-05 
3.57372E-04 1.22778E-04 
3.11483E-04 1.80170E-04 
2.74984E-04 2.22225E-04 
2.51754E-04 2.47982E-04 
2.42291E-04 2.58653E-04 
2.34269E-04 2.67010E-04 
2.15350E-04 2.85388E-04 
-6.57586E+01 -3.67502E+00 
9.65784E+00 -6.89775E-01 
4.46058E+00 2.72013E-01 
-5.87978E-01 7.34757E-02 
-3.22253E-01 -2.80478E-02 
2.72244E-02 -1.63198E-02 
3.11396E-02 -2.37740E-03 
8.88585E-03 -3.48887E-04 
5.24851E-03 -4.38480E-04 
-1.05011E-04 -1.56691E-03 
5.51364E-04 -1.87991E-03 
8.98055E-04 -1.47675E-03 
8.09062E-04 -9.25392E-04 
6.40969E-04 -4.65438E-04 
5.03858E-04 -1.31513E-04 
4.06323E-04 9.97783E-05 
3.36701E-04 2.58140E-04 
2.84377E-04 3.67191E-04 
2.42761E-04 4.43452E-04 
2.08373E-04 4.97876E-04 
1.79816E-04 5.37288E-04 
1.57432E-04 5.65129E-04 
1.43081E-04 5.82067E-04 
1.36778E-04 5.89588E-04 
1.31412E-04 5.95380E-04 
1.20070E-04 6.06539E-04 
-1.08260E+02 -3.28395E+00 
9.02449E+00 -1.06823E+00 
7.15915E+00 2.21178E-01 
-4.15342E-01 1.09639E-01 
-4.74114E-01 -2.02627E-02 
4.58633E-03 -1.88650E-02 
3.78072E-02 -2.83475E-03 
1.24173E-02 5.18396E-04 
7.68984E-03 5.86691E-04 
-1.55689E-04 -5.28476E-04 
3.22903E-04 -1.09819E-03 
7.62251E-04 -8.37399E-04 
7.05678E-04 -3.50345E-04 
5.37259E-04 7.36801E-05 
3.94175E-04 3.80413E-04 
2.93295E-04 5.88338E-04 
2.24536E-04 7.26118E-04 
1.76922E-04 8.17000E-04 
1.42837E-04 8.77224E-04 
1.17575E-04 9.17559E-04 
9.84734E-05 9.44871E-04 
8.44550E-05 9.63077E-04 
7.56929E-05 9.73856E-04 
7.16943E-05 9.78805E-04 
6.84643E-05 9.82402E-04 
6.22897E-05 9.88546E-04 
-1.58852E+02 -2.12955E+00 
4.92866E+00 -1.40300E+00 
1.01374E+01 1.08935E-01 
-2.01717E-02 1.39499E-01 
-6.24335E-01 -7.67642E-03 
-2.93477E-02 -2.04775E-02 
4.33159E-02 -3.65548E-03 
1.65790E-02 1.13123E-03 
1.08258E-02 1.41487E-03 
2.64507E-04 4.84405E-04 
4.17025E-04 -3.04902E-04 
8.94884E-04 -1.79388E-04 
8.29284E-04 2.52989E-04 
6.20073E-04 6.54432E-04 
4.33573E-04 9.48471E-04 
2.97375E-04 1.14689E-03 
2.03849E-04 1.27638E-03 
1.41337E-04 1.35948E-03 
1.00220E-04 1.41218E-03 
7.34082E-05 1.44535E-03 
5.59917E-05 1.46611E-03 
4.49022E-05 1.47886E-03 
3.85528E-05 1.48600E-03 
3.56844E-05 1.48925E-03 
3.37707E-05 1.49131E-03 
3.06837E-05 1.49437E-03 
-2.06904E+02 -2.82766E-01 
-2.67173E+00 -1.57422E+00 
1.27317E+01 -5.15842E-02 
5.63388E-01 1.53387E-01 
-7.38599E-01 8.00644E-03 
-7.01723E-02 -2.03919E-02 
4.61644E-02 -4.57653E-03 
2.06009E-02 1.47689E-03 
1.41082E-02 2.00342E-03 
1.08861E-03 1.43296E-03 
8.03697E-04 5.09163E-04 
1.25936E-03 5.31020E-04 
1.14662E-03 9.29639E-04 
8.61745E-04 1.32901E-03 
5.98898E-04 1.63039E-03 
3.98506E-04 1.83720E-03 
2.56866E-04 1.97325E-03 
1.61694E-04 2.06018E-03 
1.00576E-04 2.11424E-03 
6.29605E-05 2.14693E-03 
4.07043E-05 2.16615E-03 
2.80926E-05 2.17704E-03 
2.15162E-05 2.18274E-03 
1.86204E-05 2.18524E-03 
1.71787E-05 2.18651E-03 
1.55893E-05 2.18798E-03 
-2.37855E+02 1.81835E+00 
-1.17579E+01 -1.49609E+00 
1.41213E+01 -2.18370E-01 
1.17664E+00 1.44588E-01 
-7.78919E-01 2.27915E-02 
-1.06945E-01 -1.81498E-02 
4.48363E-02 -5.17819E-03 
2.30837E-02 1.56725E-03 
1.64153E-02 2.29851E-03 
1.98493E-03 2.19376E-03 
1.26779E-03 1.27136E-03 
1.65497E-03 1.24725E-03 
1.48705E-03 1.63789E-03 
1.12908E-03 2.05370E-03 
7.91764E-04 2.38017E-03 
5.26569E-04 2.61169E-03 
3.34620E-04 2.76775E-03 
2.04010E-04 2.86889E-03 
1.20062E-04 2.93193E-03 
6.90103E-05 2.96962E-03 
3.96080E-05 2.99117E-03 
2.36151E-05 3.00288E-03 
1.55755E-05 3.00877E-03 
1.20384E-05 3.01132E-03 
1.05247E-05 3.01241E-03 
9.44516E-06 3.01328E-03 
-2.40535E+02 3.48812E+00 
-1.86888E+01 -1.19191E+00 
1.37445E+01 -3.32832E-01 
1.56872E+00 1.15426E-01 
-7.22669E-01 3.14166E-02 
-1.24391E-01 -1.40978E-02 
3.86881E-02 -5.02869E-03 
2.23751E-02 1.42256E-03 
1.63198E-02 2.22510E-03 
2.41841E-03 2.50939E-03 
1.45095E-03 1.72991E-03 
1.74274E-03 1.71347E-03 
1.55431E-03 2.08849E-03 
1.18615E-03 2.49816E-03 
8.36699E-04 2.83088E-03 
5.58289E-04 3.07472E-03 
3.54532E-04 3.24354E-03 
2.14879E-04 3.35495E-03 
1.24829E-04 3.42508E-03 
7.00965E-05 3.46711E-03 
3.87171E-05 3.49104E-03 
2.17873E-05 3.50392E-03 
1.33322E-05 3.51034E-03 
9.58567E-06 3.51315E-03 
8.02092E-06 3.51430E-03 
7.08546E-06 3.51505E-03 
-2.15584E+02 4.21073E+00 
-2.07924E+01 -8.01853E-01 
1.17832E+01 -3.57169E-01 
1.58188E+00 7.88262E-02 
-5.87830E-01 3.10191E-02 
-1.14512E-01 -9.57828E-03 
2.92363E-02 -4.05529E-03 
1.81730E-02 1.10991E-03 
1.34129E-02 1.79697E-03 
2.13558E-03 2.18886E-03 
1.21192E-03 1.61504E-03 
1.39050E-03 1.60103E-03 
1.22557E-03 1.88809E-03 
9.30022E-04 2.20335E-03 
6.53283E-04 2.46060E-03 
4.34590E-04 2.65012E-03 
2.75499E-04 2.78208E-03 
1.66910E-04 2.86968E-03 
9.70621E-05 2.92512E-03 
5.46560E-05 2.95850E-03 
3.03439E-05 2.97757E-03 
1.72156E-05 2.98786E-03 
1.06518E-05 2.99300E-03 
7.74232E-06 2.99525E-03 
6.51770E-06 2.99619E-03 
5.76199E-06 2.99681E-03 
---
