PdfType: replica
Format: lhagrid1
---
1.00000E-06 1.28121E-06 1.64152E-06 2.10317E-06 2.69463E-06 3.45242E-06 4.42329E-06 5.66715E-06 7.26076E-06 9.30241E-06 1.19180E-05 1.52689E-05 1.95617E-05 2.50609E-05 3.21053E-05 4.11287E-05 5.26863E-05 6.74889E-05 8.64459E-05 1.10720E-04 1.41800E-04 1.81585E-04 2.32503E-04 2.97652E-04 3.80981E-04 4.87518E-04 6.26039E-04 8.00452E-04 1.02297E-03 1.30657E-03 1.66759E-03 2.12729E-03 2.71054E-03 3.44865E-03 4.37927E-03 5.54908E-03 7.01192E-03 8.83064E-03 1.10763E-02 1.38266E-02 1.71641E-02 2.11717E-02 2.59364E-02 3.15062E-02 3.79623E-02 4.53425E-02 5.36750E-02 6.29705E-02 7.32221E-02 8.44039E-02 9.64793E-02 1.09332E-01 1.23067E-01 1.37507E-01 1.52639E-01 1.68416E-01 1.84794E-01 2.01731E-01 2.19016E-01 2.36948E-01 2.55242E-01 2.73927E-01 2.92954E-01 3.12340E-01 3.32036E-01 3.52019E-01 3.72282E-01 3.92772E-01 4.13533E-01 4.34326E-01 4.55495E-01 4.76836E-01 4.98342E-01 5.20006E-01 5.41818E-01 5.63773E-01 5.85861E-01 6.08077E-01 6.30459E-01 6.52800E-01 6.75387E-01 6.98063E-01 7.20830E-01 7.43683E-01 7.66623E-01 7.89636E-01 8.12791E-01 8.35940E-01 8.59175E-01 8.82485E-01 9.05866E-01 9.29311E-01 9.52817E-01 9.76387E-01 1.00000E+00 
1.14018E+00 1.22539E+00 1.32482E+00 1.44156E+00 1.57954E+00 1.74381E+00 1.94091E+00 2.12132E+00 2.17945E+00 2.49622E+00 2.89383E+00 3.39925E+00 4.05063E+00 4.90286E+00 6.03623E+00 7.57063E+00 9.68869E+00 1.26749E+01 1.69835E+01 2.33578E+01 3.30501E+01 4.82334E+01 7.28041E+01 1.13998E+02 1.85779E+02 3.16228E+02 
908 909 
-1.24315E-04 -4.69500E-05 
-1.31811E-04 -4.76000E-05 
-1.40342E-04 -4.92914E-05 
-1.50885E-04 -5.03350E-05 
-1.61493E-04 -5.14884E-05 
-1.72173E-04 -5.27865E-05 
-1.82943E-04 -5.42702E-05 
-1.91358E-04 -5.55746E-05 
-1.93835E-04 -5.59856E-05 
-2.05771E-04 -5.81541E-05 
-2.17988E-04 -6.07223E-05 
-2.30594E-04 -6.37657E-05 
-2.43727E-04 -6.73637E-05 
-2.59311E-04 -7.17039E-05 
-2.75759E-04 -7.69170E-05 
-2.93551E-04 -8.29186E-05 
-3.12904E-04 -8.98050E-05 
-3.33969E-04 -9.76812E-05 
-3.56616E-04 -1.06676E-04 
-3.79660E-04 -1.17007E-04 
-3.98244E-04 -1.29221E-04 
-3.96203E-04 -1.45037E-04 
-3.35508E-04 -1.69114E-04 
-1.85324E-04 -2.07856E-04 
-1.54537E-05 -2.58251E-04 
5.58754E-05 -3.06654E-04 
-1.36734E-04 -4.60176E-05 
-1.44248E-04 -4.68308E-05 
-1.52880E-04 -4.88865E-05 
-1.63508E-04 -5.01283E-05 
-1.74216E-04 -5.14940E-05 
-1.85015E-04 -5.30225E-05 
-1.95931E-04 -5.47587E-05 
-2.04483E-04 -5.62763E-05 
-2.07004E-04 -5.67529E-05 
-2.19185E-04 -5.92555E-05 
-2.31711E-04 -6.21963E-05 
-2.44709E-04 -6.56540E-05 
-2.58332E-04 -6.97098E-05 
-2.74633E-04 -7.44591E-05 
-2.91926E-04 -8.01808E-05 
-3.10725E-04 -8.67304E-05 
-3.31270E-04 -9.42030E-05 
-3.53742E-04 -1.02701E-04 
-3.78043E-04 -1.12352E-04 
-4.03042E-04 -1.23372E-04 
-4.23998E-04 -1.36331E-04 
-4.25088E-04 -1.53045E-04 
-3.69192E-04 -1.78448E-04 
-2.26777E-04 -2.19267E-04 
-6.72139E-05 -2.72136E-04 
-6.18961E-06 -3.22458E-04 
-1.47885E-04 -4.62727E-05 
-1.55469E-04 -4.72369E-05 
-1.64325E-04 -4.96190E-05 
-1.75092E-04 -5.10532E-05 
-1.85958E-04 -5.26255E-05 
-1.96938E-04 -5.43793E-05 
-2.08067E-04 -5.63639E-05 
-2.16811E-04 -5.80920E-05 
-2.19393E-04 -5.86334E-05 
-2.31904E-04 -6.14673E-05 
-2.44834E-04 -6.47786E-05 
-2.58327E-04 -6.86484E-05 
-2.72557E-04 -7.31590E-05 
-2.89700E-04 -7.82908E-05 
-3.07978E-04 -8.45062E-05 
-3.27935E-04 -9.15860E-05 
-3.49837E-04 -9.96229E-05 
-3.73893E-04 -1.08716E-04 
-4.00041E-04 -1.18987E-04 
-4.27203E-04 -1.30655E-04 
-4.50759E-04 -1.44311E-04 
-4.55245E-04 -1.61874E-04 
-4.04510E-04 -1.88565E-04 
-2.70404E-04 -2.31435E-04 
-1.21830E-04 -2.86702E-04 
-7.17470E-05 -3.38761E-04 
-1.58227E-04 -4.75290E-05 
-1.65936E-04 -4.86242E-05 
-1.75122E-04 -5.13035E-05 
-1.86088E-04 -5.29171E-05 
-1.97173E-04 -5.46840E-05 
-2.08401E-04 -5.66523E-05 
-2.19812E-04 -5.88758E-05 
-2.28805E-04 -6.08080E-05 
-2.31466E-04 -6.14126E-05 
-2.44396E-04 -6.45702E-05 
-2.57828E-04 -6.82452E-05 
-2.71924E-04 -7.25204E-05 
-2.86879E-04 -7.74784E-05 
-3.04986E-04 -8.29612E-05 
-3.24390E-04 -8.96501E-05 
-3.45657E-04 -9.72363E-05 
-3.69081E-04 -1.05809E-04 
-3.94899E-04 -1.15462E-04 
-4.23085E-04 -1.26313E-04 
-4.52615E-04 -1.38577E-04 
-4.78998E-04 -1.52868E-04 
-4.87151E-04 -1.71212E-04 
-4.41961E-04 -1.99119E-04 
-3.16752E-04 -2.43949E-04 
-1.79897E-04 -3.01460E-04 
-1.41410E-04 -3.55003E-04 
-1.68226E-04 -4.95386E-05 
-1.76112E-04 -5.07422E-05 
-1.85715E-04 -5.37033E-05 
-1.96937E-04 -5.54805E-05 
-2.08302E-04 -5.74279E-05 
-2.19841E-04 -5.95983E-05 
-2.31603E-04 -6.20501E-05 
-2.40902E-04 -6.41794E-05 
-2.43660E-04 -6.48452E-05 
-2.57095E-04 -6.83184E-05 
-2.71125E-04 -7.23499E-05 
-2.85932E-04 -7.70231E-05 
-3.01731E-04 -8.24199E-05 
-3.20919E-04 -8.82199E-05 
-3.41585E-04 -9.53591E-05 
-3.64312E-04 -1.03425E-04 
-3.89418E-04 -1.12501E-04 
-4.17172E-04 -1.22675E-04 
-4.47581E-04 -1.34055E-04 
-4.79681E-04 -1.46855E-04 
-5.09111E-04 -1.61710E-04 
-5.21201E-04 -1.80746E-04 
-4.81952E-04 -2.09761E-04 
-3.66260E-04 -2.56399E-04 
-2.41890E-04 -3.15918E-04 
-2.15650E-04 -3.70621E-04 
-1.78290E-04 -5.20484E-05 
-1.86399E-04 -5.33379E-05 
-1.96488E-04 -5.65809E-05 
-2.08022E-04 -5.85059E-05 
-2.19723E-04 -6.06199E-05 
-2.31633E-04 -6.29809E-05 
-2.43811E-04 -6.56516E-05 
-2.53470E-04 -6.79722E-05 
-2.56340E-04 -6.86976E-05 
-2.70365E-04 -7.24799E-05 
-2.85087E-04 -7.68618E-05 
-3.00708E-04 -8.19267E-05 
-3.17467E-04 -8.77537E-05 
-3.37846E-04 -9.38351E-05 
-3.59908E-04 -1.01400E-04 
-3.84239E-04 -1.09915E-04 
-4.11185E-04 -1.19459E-04 
-4.41042E-04 -1.30109E-04 
-4.73856E-04 -1.41963E-04 
-5.08718E-04 -1.55231E-04 
-5.41411E-04 -1.70562E-04 
-5.57704E-04 -1.90184E-04 
-5.24796E-04 -2.20163E-04 
-4.19259E-04 -2.68395E-04 
-3.08149E-04 -3.29604E-04 
-2.94794E-04 -3.85069E-04 
-1.88738E-04 -5.48332E-05 
-1.97110E-04 -5.61880E-05 
-2.07742E-04 -5.97277E-05 
-2.19636E-04 -6.17855E-05 
-2.31726E-04 -6.40539E-05 
-2.44062E-04 -6.65959E-05 
-2.56717E-04 -6.94783E-05 
-2.66787E-04 -7.19857E-05 
-2.69785E-04 -7.27698E-05 
-2.84480E-04 -7.68566E-05 
-2.99984E-04 -8.15845E-05 
-3.16522E-04 -8.70352E-05 
-3.34355E-04 -9.32837E-05 
-3.56028E-04 -9.96076E-05 
-3.79616E-04 -1.07570E-04 
-4.05692E-04 -1.16502E-04 
-4.34629E-04 -1.26473E-04 
-4.66753E-04 -1.37547E-04 
-5.02144E-04 -1.49811E-04 
-5.39955E-04 -1.63465E-04 
-5.76117E-04 -1.79173E-04 
-5.96873E-04 -1.99250E-04 
-5.70705E-04 -2.30013E-04 
-4.75963E-04 -2.79558E-04 
-3.78886E-04 -3.42056E-04 
-3.79025E-04 -3.97806E-04 
-1.99795E-04 -5.77133E-05 
-2.08462E-04 -5.91149E-05 
-2.19686E-04 -6.29781E-05 
-2.31987E-04 -6.51548E-05 
-2.44513E-04 -6.75668E-05 
-2.57327E-04 -7.02820E-05 
-2.70515E-04 -7.33708E-05 
-2.81045E-04 -7.60621E-05 
-2.84187E-04 -7.69040E-05 
-2.99631E-04 -8.12920E-05 
-3.16006E-04 -8.63619E-05 
-3.33561E-04 -9.21919E-05 
-3.52582E-04 -9.88513E-05 
-3.75649E-04 -1.05373E-04 
-4.00888E-04 -1.13702E-04 
-4.28846E-04 -1.23012E-04 
-4.59923E-04 -1.33360E-04 
-4.94472E-04 -1.44798E-04 
-5.32610E-04 -1.57396E-04 
-5.73549E-04 -1.71342E-04 
-6.13379E-04 -1.87307E-04 
-6.38845E-04 -2.07685E-04 
-6.19808E-04 -2.39007E-04 
-5.36493E-04 -2.89518E-04 
-4.54199E-04 -3.52813E-04 
-4.68397E-04 -4.08285E-04 
-2.11597E-04 -6.05590E-05 
-2.20585E-04 -6.19907E-05 
-2.32452E-04 -6.62121E-05 
-2.45199E-04 -6.84942E-05 
-2.58206E-04 -7.10400E-05 
-2.71547E-04 -7.39214E-05 
-2.85324E-04 -7.72117E-05 
-2.96362E-04 -8.00841E-05 
-2.99663E-04 -8.09832E-05 
-3.15932E-04 -8.56684E-05 
-3.33269E-04 -9.10747E-05 
-3.51945E-04 -9.72745E-05 
-3.72269E-04 -1.04329E-04 
-3.96825E-04 -1.10996E-04 
-4.23841E-04 -1.19652E-04 
-4.53816E-04 -1.29292E-04 
-4.87177E-04 -1.39959E-04 
-5.24307E-04 -1.51687E-04 
-5.65355E-04 -1.64527E-04 
-6.09594E-04 -1.78651E-04 
-6.53279E-04 -1.94731E-04 
-6.83695E-04 -2.15224E-04 
-6.72164E-04 -2.46837E-04 
-6.00888E-04 -2.97889E-04 
-5.34092E-04 -3.61394E-04 
-5.62858E-04 -4.15930E-04 
-2.24209E-04 -6.32864E-05 
-2.33539E-04 -6.47321E-05 
-2.46103E-04 -6.93500E-05 
-2.59337E-04 -7.17231E-05 
-2.72867E-04 -7.43918E-05 
-2.86783E-04 -7.74316E-05 
-3.01203E-04 -8.09175E-05 
-3.12797E-04 -8.39668E-05 
-3.16272E-04 -8.49217E-05 
-3.33448E-04 -8.98971E-05 
-3.51838E-04 -9.56294E-05 
-3.71740E-04 -1.02183E-04 
-3.93486E-04 -1.09610E-04 
-4.19625E-04 -1.16355E-04 
-4.48542E-04 -1.25290E-04 
-4.80669E-04 -1.35201E-04 
-5.16459E-04 -1.46112E-04 
-5.56321E-04 -1.58039E-04 
-6.00436E-04 -1.71010E-04 
-6.48140E-04 -1.85175E-04 
-6.95858E-04 -2.01201E-04 
-7.31446E-04 -2.21588E-04 
-7.27777E-04 -2.53169E-04 
-6.69119E-04 -3.04254E-04 
-6.18487E-04 -3.67271E-04 
-6.62257E-04 -4.20111E-04 
-2.37641E-04 -6.58479E-05 
-2.47333E-04 -6.72903E-05 
-2.60661E-04 -7.23411E-05 
-2.74417E-04 -7.47880E-05 
-2.88513E-04 -7.75662E-05 
-3.03053E-04 -8.07534E-05 
-3.18174E-04 -8.44252E-05 
-3.30375E-04 -8.76437E-05 
-3.34040E-04 -8.86520E-05 
-3.52206E-04 -9.39042E-05 
-3.71746E-04 -9.99440E-05 
-3.92984E-04 -1.06826E-04 
-4.16275E-04 -1.14588E-04 
-4.44090E-04 -1.21331E-04 
-4.75032E-04 -1.30481E-04 
-5.09445E-04 -1.40586E-04 
-5.47805E-04 -1.51650E-04 
-5.90547E-04 -1.63664E-04 
-6.37882E-04 -1.76630E-04 
-6.89205E-04 -1.90672E-04 
-7.41121E-04 -2.06441E-04 
-7.82084E-04 -2.26460E-04 
-7.86606E-04 -2.57624E-04 
-7.41105E-04 -3.08141E-04 
-7.07237E-04 -3.69849E-04 
-7.66363E-04 -4.20114E-04 
-2.51875E-04 -6.82180E-05 
-2.61945E-04 -6.96373E-05 
-2.76118E-04 -7.51498E-05 
-2.90436E-04 -7.76483E-05 
-3.05141E-04 -8.05173E-05 
-3.20356E-04 -8.38354E-05 
-3.36238E-04 -8.76768E-05 
-3.49100E-04 -9.10508E-05 
-3.52971E-04 -9.21082E-05 
-3.72217E-04 -9.76138E-05 
-3.93011E-04 -1.03931E-04 
-4.15701E-04 -1.11101E-04 
-4.40667E-04 -1.19147E-04 
-4.70249E-04 -1.25782E-04 
-5.03340E-04 -1.35067E-04 
-5.40172E-04 -1.45270E-04 
-5.81241E-04 -1.56372E-04 
-6.27005E-04 -1.68335E-04 
-6.77704E-04 -1.81131E-04 
-7.32789E-04 -1.94852E-04 
-7.89050E-04 -2.10125E-04 
-8.35570E-04 -2.29466E-04 
-8.48579E-04 -2.59759E-04 
-8.16720E-04 -3.08995E-04 
-8.00134E-04 -3.68437E-04 
-8.74866E-04 -4.15118E-04 
-2.66879E-04 -7.03781E-05 
-2.77343E-04 -7.17496E-05 
-2.92464E-04 -7.77385E-05 
-3.07382E-04 -8.02590E-05 
-3.22741E-04 -8.31923E-05 
-3.38686E-04 -8.66161E-05 
-3.55394E-04 -9.06010E-05 
-3.68976E-04 -9.41085E-05 
-3.73072E-04 -9.52080E-05 
-3.93493E-04 -1.00929E-04 
-4.15650E-04 -1.07477E-04 
-4.39915E-04 -1.14877E-04 
-4.66691E-04 -1.23134E-04 
-4.98126E-04 -1.29531E-04 
-5.33491E-04 -1.38849E-04 
-5.72871E-04 -1.49029E-04 
-6.16784E-04 -1.60026E-04 
-6.65706E-04 -1.71771E-04 
-7.19901E-04 -1.84199E-04 
-7.78875E-04 -1.97364E-04 
-8.39608E-04 -2.11856E-04 
-8.91838E-04 -2.30155E-04 
-9.13586E-04 -2.59045E-04 
-8.95787E-04 -3.06164E-04 
-8.96902E-04 -3.62222E-04 
-9.87366E-04 -4.04165E-04 
-2.82626E-04 -7.23000E-05 
-2.93500E-04 -7.35924E-05 
-3.09693E-04 -8.00505E-05 
-3.25251E-04 -8.25535E-05 
-3.41314E-04 -8.55139E-05 
-3.58047E-04 -8.90063E-05 
-3.75652E-04 -9.30953E-05 
-3.90016E-04 -9.67026E-05 
-3.94357E-04 -9.78337E-05 
-4.16055E-04 -1.03715E-04 
-4.39692E-04 -1.10426E-04 
-4.65661E-04 -1.17975E-04 
-4.94384E-04 -1.26345E-04 
-5.27756E-04 -1.32344E-04 
-5.65514E-04 -1.41566E-04 
-6.07568E-04 -1.51576E-04 
-6.54451E-04 -1.62294E-04 
-7.06655E-04 -1.73617E-04 
-7.64463E-04 -1.85439E-04 
-8.27433E-04 -1.97770E-04 
-8.92736E-04 -2.11152E-04 
-9.50790E-04 -2.27983E-04 
-9.81478E-04 -2.54847E-04 
-9.78074E-04 -2.98871E-04 
-9.97189E-04 -3.50251E-04 
-1.10337E-03 -3.86142E-04 
-2.99105E-04 -7.39293E-05 
-3.10404E-04 -7.51027E-05 
-3.27819E-04 -8.19923E-05 
-3.44060E-04 -8.44251E-05 
-3.60878E-04 -8.73616E-05 
-3.78463E-04 -9.08701E-05 
-3.97039E-04 -9.50070E-05 
-4.12251E-04 -9.86661E-05 
-4.16858E-04 -9.98139E-05 
-4.39943E-04 -1.05777E-04 
-4.65181E-04 -1.12559E-04 
-4.92987E-04 -1.20147E-04 
-5.23799E-04 -1.28502E-04 
-5.59179E-04 -1.33909E-04 
-5.99445E-04 -1.42879E-04 
-6.44289E-04 -1.52537E-04 
-6.94258E-04 -1.62768E-04 
-7.49851E-04 -1.73427E-04 
-8.11368E-04 -1.84364E-04 
-8.78413E-04 -1.95537E-04 
-9.48348E-04 -2.07422E-04 
-1.01230E-03 -2.22294E-04 
-1.05206E-03 -2.46408E-04 
-1.06328E-03 -2.86197E-04 
-1.10055E-03 -3.31406E-04 
-1.22225E-03 -3.59758E-04 
-3.16330E-04 -7.51690E-05 
-3.28069E-04 -7.61723E-05 
-3.46882E-04 -8.34143E-05 
-3.63849E-04 -8.57085E-05 
-3.81476E-04 -8.85527E-05 
-3.99979E-04 -9.20063E-05 
-4.19607E-04 -9.61139E-05 
-4.35739E-04 -9.97593E-05 
-4.40633E-04 -1.00903E-04 
-4.65217E-04 -1.06843E-04 
-4.92181E-04 -1.13575E-04 
-5.21957E-04 -1.21062E-04 
-5.54997E-04 -1.29239E-04 
-5.92444E-04 -1.33820E-04 
-6.35321E-04 -1.42349E-04 
-6.83058E-04 -1.51438E-04 
-7.36210E-04 -1.60934E-04 
-7.95279E-04 -1.70645E-04 
-8.60571E-04 -1.80371E-04 
-9.31734E-04 -1.90011E-04 
-1.00632E-03 -1.99955E-04 
-1.07617E-03 -2.12303E-04 
-1.12507E-03 -2.32828E-04 
-1.15103E-03 -2.67065E-04 
-1.20643E-03 -3.04388E-04 
-1.34326E-03 -3.23522E-04 
-3.34340E-04 -7.58623E-05 
-3.46535E-04 -7.66317E-05 
-3.66952E-04 -8.40919E-05 
-3.84686E-04 -8.61602E-05 
-4.03178E-04 -8.88231E-05 
-4.22669E-04 -9.21280E-05 
-4.43431E-04 -9.61047E-05 
-4.60554E-04 -9.96504E-05 
-4.65759E-04 -1.00764E-04 
-4.91956E-04 -1.06544E-04 
-5.20770E-04 -1.13070E-04 
-5.52646E-04 -1.20280E-04 
-5.88044E-04 -1.28080E-04 
-6.27596E-04 -1.31560E-04 
-6.73173E-04 -1.39423E-04 
-7.23887E-04 -1.47689E-04 
-7.80294E-04 -1.56158E-04 
-8.42894E-04 -1.64591E-04 
-9.11993E-04 -1.72730E-04 
-9.87273E-04 -1.80406E-04 
-1.06647E-03 -1.87903E-04 
-1.14218E-03 -1.97081E-04 
-1.20015E-03 -2.13056E-04 
-1.24081E-03 -2.40223E-04 
-1.31412E-03 -2.67701E-04 
-1.46545E-03 -2.75737E-04 
-3.53208E-04 -7.57758E-05 
-3.65869E-04 -7.62320E-05 
-3.88126E-04 -8.37046E-05 
-4.06669E-04 -8.54375E-05 
-4.26080E-04 -8.78063E-05 
-4.46627E-04 -9.08425E-05 
-4.68605E-04 -9.45583E-05 
-4.86791E-04 -9.78950E-05 
-4.92328E-04 -9.89450E-05 
-5.20250E-04 -1.04393E-04 
-5.51032E-04 -1.10521E-04 
-5.85128E-04 -1.17238E-04 
-6.23003E-04 -1.24421E-04 
-6.64668E-04 -1.26480E-04 
-7.13010E-04 -1.33414E-04 
-7.66758E-04 -1.40560E-04 
-8.26462E-04 -1.47668E-04 
-8.92611E-04 -1.54442E-04 
-9.65500E-04 -1.60564E-04 
-1.04484E-03 -1.65787E-04 
-1.12856E-03 -1.70266E-04 
-1.20996E-03 -1.75541E-04 
-1.27686E-03 -1.85870E-04 
-1.33200E-03 -2.04228E-04 
-1.42273E-03 -2.19635E-04 
-1.58765E-03 -2.14476E-04 
-3.73030E-04 -7.45802E-05 
-3.86165E-04 -7.46266E-05 
-4.10528E-04 -8.18130E-05 
-4.29914E-04 -8.30761E-05 
-4.50296E-04 -8.50107E-05 
-4.71964E-04 -8.76289E-05 
-4.95234E-04 -9.09219E-05 
-5.14551E-04 -9.39143E-05 
-5.20441E-04 -9.48590E-05 
-5.50191E-04 -9.97648E-05 
-5.83046E-04 -1.05263E-04 
-6.19467E-04 -1.11231E-04 
-6.59914E-04 -1.17512E-04 
-7.03663E-04 -1.17785E-04 
-7.54806E-04 -1.23488E-04 
-8.11610E-04 -1.29172E-04 
-8.74611E-04 -1.34535E-04 
-9.44276E-04 -1.39219E-04 
-1.02088E-03 -1.42838E-04 
-1.10416E-03 -1.45058E-04 
-1.19220E-03 -1.45877E-04 
-1.27908E-03 -1.46426E-04 
-1.35460E-03 -1.49864E-04 
-1.42377E-03 -1.57436E-04 
-1.53113E-03 -1.58257E-04 
-1.70842E-03 -1.37582E-04 
-3.93923E-04 -7.18302E-05 
-4.07534E-04 -7.13501E-05 
-4.34299E-04 -7.78333E-05 
-4.54555E-04 -7.84647E-05 
-4.75949E-04 -7.97948E-05 
-4.98794E-04 -8.18133E-05 
-5.23426E-04 -8.44875E-05 
-5.43931E-04 -8.69724E-05 
-5.50192E-04 -8.77621E-05 
-5.81854E-04 -9.18754E-05 
-6.16869E-04 -9.64692E-05 
-6.55692E-04 -1.01386E-04 
-6.98777E-04 -1.06439E-04 
-7.44530E-04 -1.04513E-04 
-7.98471E-04 -1.08640E-04 
-8.58309E-04 -1.12478E-04 
-9.24555E-04 -1.15661E-04 
-9.97647E-04 -1.17770E-04 
-1.07783E-03 -1.18343E-04 
-1.16484E-03 -1.16946E-04 
-1.25694E-03 -1.13390E-04 
-1.34891E-03 -1.08294E-04 
-1.43258E-03 -1.03442E-04 
-1.51508E-03 -9.79900E-05 
-1.63796E-03 -8.14041E-05 
-1.82602E-03 -4.26634E-05 
-4.16019E-04 -6.69400E-05 
-4.30097E-04 -6.57939E-05 
-4.59591E-04 -7.10077E-05 
-4.80729E-04 -7.08157E-05 
-5.03163E-04 -7.13390E-05 
-5.27227E-04 -7.25418E-05 
-5.53271E-04 -7.43651E-05 
-5.75008E-04 -7.61504E-05 
-5.81652E-04 -7.67267E-05 
-6.15289E-04 -7.97554E-05 
-6.52517E-04 -8.31272E-05 
-6.93785E-04 -8.66511E-05 
-7.39529E-04 -9.01042E-05 
-7.87145E-04 -8.55192E-05 
-8.43835E-04 -8.76862E-05 
-9.06628E-04 -8.92436E-05 
-9.76007E-04 -8.97635E-05 
-1.05236E-03 -8.87551E-05 
-1.13590E-03 -8.56777E-05 
-1.22634E-03 -7.99861E-05 
-1.32210E-03 -7.12673E-05 
-1.41868E-03 -5.95090E-05 
-1.50982E-03 -4.47985E-05 
-1.60464E-03 -2.38092E-05 
-1.74150E-03 1.33299E-05 
-1.93831E-03 7.29184E-05 
-4.39451E-04 -5.91558E-05 
-4.53978E-04 -5.71794E-05 
-4.86549E-04 -6.03713E-05 
-5.08561E-04 -5.91340E-05 
-5.32042E-04 -5.86156E-05 
-5.57343E-04 -5.87522E-05 
-5.84825E-04 -5.94564E-05 
-6.07814E-04 -6.03216E-05 
-6.14848E-04 -6.06178E-05 
-6.50483E-04 -6.22290E-05 
-6.89937E-04 -6.40209E-05 
-7.33642E-04 -6.57667E-05 
-7.82013E-04 -6.72067E-05 
-8.31275E-04 -5.94635E-05 
-8.90602E-04 -5.92424E-05 
-9.56210E-04 -5.80405E-05 
-1.02853E-03 -5.53608E-05 
-1.10791E-03 -5.06383E-05 
-1.19448E-03 -4.32464E-05 
-1.28795E-03 -3.25168E-05 
-1.38686E-03 -1.77723E-05 
-1.48737E-03 1.76675E-06 
-1.58507E-03 2.80740E-05 
-1.69083E-03 6.74035E-05 
-1.83965E-03 1.28575E-04 
-2.04270E-03 2.12018E-04 
-4.64347E-04 -4.75227E-05 
-4.79286E-04 -4.45241E-05 
-5.15298E-04 -4.47135E-05 
-5.38147E-04 -4.21798E-05 
-5.62652E-04 -4.03535E-05 
-5.89176E-04 -3.91408E-05 
-6.18083E-04 -3.84243E-05 
-6.42315E-04 -3.81224E-05 
-6.49734E-04 -3.80640E-05 
-6.87341E-04 -3.78880E-05 
-7.28977E-04 -3.77049E-05 
-7.75052E-04 -3.72503E-05 
-8.25948E-04 -3.62261E-05 
-8.76546E-04 -2.47894E-05 
-9.38333E-04 -2.17122E-05 
-1.00653E-03 -1.72252E-05 
-1.08153E-03 -1.07584E-05 
-1.16358E-03 -1.66858E-06 
-1.25276E-03 1.07618E-05 
-1.34872E-03 2.73370E-05 
-1.45010E-03 4.90425E-05 
-1.55370E-03 7.75807E-05 
-1.65679E-03 1.17399E-04 
-1.77170E-03 1.78171E-04 
-1.92989E-03 2.67195E-04 
-2.13613E-03 3.77706E-04 
-4.90809E-04 -3.08466E-05 
-5.06102E-04 -2.66051E-05 
-5.45921E-04 -2.25365E-05 
-5.69529E-04 -1.84301E-05 
-5.94993E-04 -1.50031E-05 
-6.22679E-04 -1.21302E-05 
-6.52951E-04 -9.66314E-06 
-6.78372E-04 -7.92564E-06 
-6.86161E-04 -7.43188E-06 
-7.25650E-04 -5.06870E-06 
-7.69355E-04 -2.48504E-06 
-8.17653E-04 6.22859E-07 
-8.70890E-04 4.59467E-06 
-9.22405E-04 2.02851E-05 
-9.86391E-04 2.67254E-05 
-1.05688E-03 3.50681E-05 
-1.13417E-03 4.59600E-05 
-1.21844E-03 6.01253E-05 
-1.30967E-03 7.83765E-05 
-1.40744E-03 1.01666E-04 
-1.51048E-03 1.31337E-04 
-1.61610E-03 1.70189E-04 
-1.72308E-03 2.25608E-04 
-1.84483E-03 3.11226E-04 
-2.00919E-03 4.32254E-04 
-2.21492E-03 5.73230E-04 
-5.18897E-04 -7.65102E-06 
-5.34458E-04 -1.91669E-06 
-5.78425E-04 7.98881E-06 
-6.02662E-04 1.39613E-05 
-6.28964E-04 1.93001E-05 
-6.57693E-04 2.41624E-05 
-6.89203E-04 2.87280E-05 
-7.15708E-04 3.21838E-05 
-7.23833E-04 3.31979E-05 
-7.65033E-04 3.81678E-05 
-8.10605E-04 4.35978E-05 
-8.60889E-04 4.98339E-05 
-9.16186E-04 5.72607E-05 
-9.68074E-04 7.77758E-05 
-1.03391E-03 8.81224E-05 
-1.10627E-03 1.00935E-04 
-1.18537E-03 1.16938E-04 
-1.27128E-03 1.36939E-04 
-1.36387E-03 1.61849E-04 
-1.46261E-03 1.92778E-04 
-1.56626E-03 2.31480E-04 
-1.67261E-03 2.82046E-04 
-1.78161E-03 3.55324E-04 
-1.90735E-03 4.69486E-04 
-2.07392E-03 6.26982E-04 
-2.27477E-03 8.01959E-04 
-5.48603E-04 2.38701E-05 
-5.64309E-04 3.13746E-05 
-6.12705E-04 4.90663E-05 
-6.37373E-04 5.72018E-05 
-6.64318E-04 6.47673E-05 
-6.93892E-04 7.19521E-05 
-7.26433E-04 7.89681E-05 
-7.53850E-04 8.44279E-05 
-7.62258E-04 8.60483E-05 
-8.04901E-04 9.40498E-05 
-8.52037E-04 1.02779E-04 
-9.03962E-04 1.12628E-04 
-9.60927E-04 1.24031E-04 
-1.01250E-03 1.49934E-04 
-1.07972E-03 1.64764E-04 
-1.15343E-03 1.82699E-04 
-1.23373E-03 2.04546E-04 
-1.32056E-03 2.31193E-04 
-1.41364E-03 2.63646E-04 
-1.51234E-03 3.03188E-04 
-1.61537E-03 3.52036E-04 
-1.72085E-03 4.15792E-04 
-1.82962E-03 5.09336E-04 
-1.95582E-03 6.56012E-04 
-2.11981E-03 8.54716E-04 
-2.31059E-03 1.06730E-03 
-5.80312E-04 6.66489E-05 
-5.95991E-04 7.62578E-05 
-6.49052E-04 1.04272E-04 
-6.73866E-04 1.14891E-04 
-7.01172E-04 1.25022E-04 
-7.31304E-04 1.34889E-04 
-7.64577E-04 1.44737E-04 
-7.92661E-04 1.52512E-04 
-8.01278E-04 1.54832E-04 
-8.44992E-04 1.66333E-04 
-8.93285E-04 1.78866E-04 
-9.46401E-04 1.92876E-04 
-1.00453E-03 2.08855E-04 
-1.05490E-03 2.40774E-04 
-1.12296E-03 2.60775E-04 
-1.19738E-03 2.84621E-04 
-1.27812E-03 3.13195E-04 
-1.36498E-03 3.47462E-04 
-1.45750E-03 3.88524E-04 
-1.55490E-03 4.37842E-04 
-1.65580E-03 4.98168E-04 
-1.75846E-03 5.76877E-04 
-1.86418E-03 6.93590E-04 
-1.98647E-03 8.77589E-04 
-2.14197E-03 1.12321E-03 
-2.31633E-03 1.37766E-03 
-6.12779E-04 1.21995E-04 
-6.28197E-04 1.33990E-04 
-6.85819E-04 1.74977E-04 
-7.10378E-04 1.88274E-04 
-7.37639E-04 2.01185E-04 
-7.67909E-04 2.13965E-04 
-8.01473E-04 2.26895E-04 
-8.29866E-04 2.37194E-04 
-8.38585E-04 2.40279E-04 
-8.82835E-04 2.55601E-04 
-9.31709E-04 2.72296E-04 
-9.85395E-04 2.90868E-04 
-1.04402E-03 3.11869E-04 
-1.09217E-03 3.50184E-04 
-1.16036E-03 3.75915E-04 
-1.23468E-03 4.06309E-04 
-1.31494E-03 4.42319E-04 
-1.40077E-03 4.84980E-04 
-1.49150E-03 5.35474E-04 
-1.58615E-03 5.95444E-04 
-1.68319E-03 6.68226E-04 
-1.78082E-03 7.63201E-04 
-1.88025E-03 9.05346E-04 
-1.99353E-03 1.13049E-03 
-2.13379E-03 1.42739E-03 
-2.28493E-03 1.72652E-03 
-6.46022E-04 1.93561E-04 
-6.60870E-04 2.08250E-04 
-7.22713E-04 2.65420E-04 
-7.46496E-04 2.81545E-04 
-7.73182E-04 2.97404E-04 
-8.03048E-04 3.13290E-04 
-8.36344E-04 3.29522E-04 
-8.64600E-04 3.42537E-04 
-8.73287E-04 3.46446E-04 
-9.17418E-04 3.65905E-04 
-9.66182E-04 3.87130E-04 
-1.01970E-03 4.10692E-04 
-1.07803E-03 4.37214E-04 
-1.12275E-03 4.82305E-04 
-1.19025E-03 5.14422E-04 
-1.26354E-03 5.52117E-04 
-1.34226E-03 5.96402E-04 
-1.42580E-03 6.48363E-04 
-1.51330E-03 7.09248E-04 
-1.60350E-03 7.80876E-04 
-1.69463E-03 8.67230E-04 
-1.78461E-03 9.79972E-04 
-1.87385E-03 1.15016E-03 
-1.97204E-03 1.42089E-03 
-2.08905E-03 1.77412E-03 
-2.20890E-03 2.12107E-03 
-6.79274E-04 2.84884E-04 
-6.93149E-04 3.02551E-04 
-7.58423E-04 3.79470E-04 
-7.80758E-04 3.98437E-04 
-8.06193E-04 4.17289E-04 
-8.34968E-04 4.36357E-04 
-8.67295E-04 4.56005E-04 
-8.94859E-04 4.71855E-04 
-9.03350E-04 4.76629E-04 
-9.46562E-04 5.00458E-04 
-9.94387E-04 5.26518E-04 
-1.04687E-03 5.55457E-04 
-1.10399E-03 5.87972E-04 
-1.14385E-03 6.40091E-04 
-1.20972E-03 6.79275E-04 
-1.28090E-03 7.25049E-04 
-1.35682E-03 7.78465E-04 
-1.43665E-03 8.40632E-04 
-1.51922E-03 9.12843E-04 
-1.60299E-03 9.97081E-04 
-1.68584E-03 1.09804E-03 
-1.76510E-03 1.22994E-03 
-1.83962E-03 1.43071E-03 
-1.91555E-03 1.75140E-03 
-1.99997E-03 2.16578E-03 
-2.07931E-03 2.56318E-03 
-7.11364E-04 3.99949E-04 
-7.23749E-04 4.20818E-04 
-7.91014E-04 5.21272E-04 
-8.11069E-04 5.42914E-04 
-8.34419E-04 5.64630E-04 
-8.61267E-04 5.86801E-04 
-8.91784E-04 6.09843E-04 
-9.17998E-04 6.28558E-04 
-9.26100E-04 6.34212E-04 
-9.67461E-04 6.62546E-04 
-1.01339E-03 6.93676E-04 
-1.06385E-03 7.28331E-04 
-1.11871E-03 7.67289E-04 
-1.15211E-03 8.26526E-04 
-1.21527E-03 8.73481E-04 
-1.28310E-03 9.28129E-04 
-1.35479E-03 9.91532E-04 
-1.42921E-03 1.06479E-03 
-1.50491E-03 1.14919E-03 
-1.57997E-03 1.24688E-03 
-1.65181E-03 1.36330E-03 
-1.71681E-03 1.51556E-03 
-1.77132E-03 1.74923E-03 
-1.81664E-03 2.12400E-03 
-1.85766E-03 2.60392E-03 
-1.88607E-03 3.05361E-03 
-7.40606E-04 5.43342E-04 
-7.50850E-04 5.67552E-04 
-8.17768E-04 6.95348E-04 
-8.34543E-04 7.19261E-04 
-8.54820E-04 7.43504E-04 
-8.78763E-04 7.68515E-04 
-9.06498E-04 7.94777E-04 
-9.30614E-04 8.16289E-04 
-9.38107E-04 8.22817E-04 
-9.76568E-04 8.55695E-04 
-1.01953E-03 8.92069E-04 
-1.06686E-03 9.32753E-04 
-1.11830E-03 9.78598E-04 
-1.14346E-03 1.04485E-03 
-1.20268E-03 1.10032E-03 
-1.26575E-03 1.16466E-03 
-1.33155E-03 1.23890E-03 
-1.39864E-03 1.32408E-03 
-1.46520E-03 1.42145E-03 
-1.52892E-03 1.53326E-03 
-1.58659E-03 1.66577E-03 
-1.63323E-03 1.83929E-03 
-1.66156E-03 2.10784E-03 
-1.66654E-03 2.54041E-03 
-1.65168E-03 3.08955E-03 
-1.61734E-03 3.59236E-03 
-7.64458E-04 7.19371E-04 
-7.71777E-04 7.46924E-04 
-8.34797E-04 9.05417E-04 
-8.47159E-04 9.30914E-04 
-8.63260E-04 9.57098E-04 
-8.83220E-04 9.84479E-04 
-9.07120E-04 1.01362E-03 
-9.28335E-04 1.03776E-03 
-9.34986E-04 1.04513E-03 
-9.69434E-04 1.08250E-03 
-1.00831E-03 1.12424E-03 
-1.05135E-03 1.17123E-03 
-1.09813E-03 1.22440E-03 
-1.11311E-03 1.29733E-03 
-1.16706E-03 1.36206E-03 
-1.22378E-03 1.43688E-03 
-1.28182E-03 1.52272E-03 
-1.33938E-03 1.62050E-03 
-1.39423E-03 1.73136E-03 
-1.44360E-03 1.85764E-03 
-1.48351E-03 2.00645E-03 
-1.50715E-03 2.20159E-03 
-1.50230E-03 2.50633E-03 
-1.45583E-03 2.99947E-03 
-1.37097E-03 3.62020E-03 
-1.26087E-03 4.17534E-03 
-7.79473E-04 9.32377E-04 
-7.82956E-04 9.63110E-04 
-8.36968E-04 1.15468E-03 
-8.43705E-04 1.18078E-03 
-8.54472E-04 1.20808E-03 
-8.69343E-04 1.23718E-03 
-8.88341E-04 1.26873E-03 
-9.05850E-04 1.29527E-03 
-9.11426E-04 1.30343E-03 
-9.40753E-04 1.34520E-03 
-9.74411E-04 1.39242E-03 
-1.01197E-03 1.44604E-03 
-1.05282E-03 1.50699E-03 
-1.05558E-03 1.58600E-03 
-1.10278E-03 1.66074E-03 
-1.15138E-03 1.74678E-03 
-1.19954E-03 1.84485E-03 
-1.24505E-03 1.95569E-03 
-1.28528E-03 2.08024E-03 
-1.31689E-03 2.22087E-03 
-1.33499E-03 2.38562E-03 
-1.33038E-03 2.60204E-03 
-1.28439E-03 2.94338E-03 
-1.17384E-03 3.49856E-03 
-1.00312E-03 4.19151E-03 
-8.02963E-04 4.79622E-03 
-7.80997E-04 1.18590E-03 
-7.79642E-04 1.21948E-03 
-8.17602E-04 1.44475E-03 
-8.17538E-04 1.47023E-03 
-8.21874E-04 1.49766E-03 
-8.30630E-04 1.52772E-03 
-8.43757E-04 1.56116E-03 
-8.56831E-04 1.58986E-03 
-8.61120E-04 1.59877E-03 
-8.84314E-04 1.64490E-03 
-9.11702E-04 1.69779E-03 
-9.42640E-04 1.75841E-03 
-9.76261E-04 1.82766E-03 
-9.64727E-04 1.91188E-03 
-1.00357E-03 1.99737E-03 
-1.04205E-03 2.09523E-03 
-1.07793E-03 2.20594E-03 
-1.10856E-03 2.32991E-03 
-1.13084E-03 2.46785E-03 
-1.14084E-03 2.62210E-03 
-1.13260E-03 2.80162E-03 
-1.09389E-03 3.03801E-03 
-9.97838E-04 3.41507E-03 
-8.09076E-04 4.03195E-03 
-5.34925E-04 4.79535E-03 
-2.29305E-04 5.44438E-03 
-7.62951E-04 1.48263E-03 
-7.55734E-04 1.51858E-03 
-7.68275E-04 1.77554E-03 
-7.60427E-04 1.79906E-03 
-7.57454E-04 1.82557E-03 
-7.59298E-04 1.85587E-03 
-7.65808E-04 1.89079E-03 
-7.73885E-04 1.92152E-03 
-7.76721E-04 1.93118E-03 
-7.92966E-04 1.98179E-03 
-8.13177E-04 2.04072E-03 
-8.36427E-04 2.10887E-03 
-8.61534E-04 2.18703E-03 
-8.33630E-04 2.27530E-03 
-8.62311E-04 2.37219E-03 
-8.88427E-04 2.48227E-03 
-9.09282E-04 2.60565E-03 
-9.21783E-04 2.74233E-03 
-9.22334E-04 2.89267E-03 
-9.06396E-04 3.05892E-03 
-8.66726E-04 3.25102E-03 
-7.87388E-04 3.50484E-03 
-6.31358E-04 3.91511E-03 
-3.48628E-04 4.59102E-03 
4.83236E-05 5.42010E-03 
4.75866E-04 6.10520E-03 
-7.17656E-04 1.82291E-03 
-7.03659E-04 1.86071E-03 
-6.78828E-04 2.14354E-03 
-6.62654E-04 2.16388E-03 
-6.51935E-04 2.18865E-03 
-6.46499E-04 2.21873E-03 
-6.46048E-04 2.25501E-03 
-6.48844E-04 2.28789E-03 
-6.50138E-04 2.29835E-03 
-6.58926E-04 2.35391E-03 
-6.71271E-04 2.41951E-03 
-6.85888E-04 2.49591E-03 
-7.01204E-04 2.58365E-03 
-6.54939E-04 2.67453E-03 
-6.71438E-04 2.78328E-03 
-6.82616E-04 2.90558E-03 
-6.85311E-04 3.04107E-03 
-6.75976E-04 3.18925E-03 
-6.50548E-04 3.35002E-03 
-6.03850E-04 3.52553E-03 
-5.27193E-04 3.72669E-03 
-4.00143E-04 3.99379E-03 
-1.73313E-04 4.43263E-03 
2.20564E-04 5.16179E-03 
7.61144E-04 6.04797E-03 
1.32767E-03 6.75737E-03 
-6.35842E-04 2.20436E-03 
-6.14419E-04 2.24361E-03 
-5.37602E-04 2.54163E-03 
-5.13283E-04 2.55807E-03 
-4.95074E-04 2.58082E-03 
-4.82628E-04 2.61080E-03 
-4.75432E-04 2.64889E-03 
-4.73032E-04 2.68443E-03 
-4.72790E-04 2.69588E-03 
-4.74000E-04 2.75731E-03 
-4.78036E-04 2.83058E-03 
-4.83174E-04 2.91614E-03 
-4.87380E-04 3.01416E-03 
-4.20890E-04 3.10589E-03 
-4.22867E-04 3.22654E-03 
-4.16121E-04 3.36046E-03 
-3.97039E-04 3.50667E-03 
-3.61656E-04 3.66406E-03 
-3.05489E-04 3.83204E-03 
-2.22737E-04 4.01262E-03 
-1.03091E-04 4.21772E-03 
7.92423E-05 4.49205E-03 
3.88455E-04 4.95227E-03 
9.11897E-04 5.72516E-03 
1.61809E-03 6.65531E-03 
2.34082E-03 7.37334E-03 
-5.06926E-04 2.62114E-03 
-4.77912E-04 2.66184E-03 
-3.32103E-04 2.95856E-03 
-3.00851E-04 2.97135E-03 
-2.76341E-04 2.99277E-03 
-2.57971E-04 3.02369E-03 
-2.44928E-04 3.06486E-03 
-2.37842E-04 3.10416E-03 
-2.36174E-04 3.11691E-03 
-2.30071E-04 3.18574E-03 
-2.25553E-04 3.26803E-03 
-2.20378E-04 3.36377E-03 
-2.11992E-04 3.47261E-03 
-1.23566E-04 3.56308E-03 
-1.08223E-04 3.69502E-03 
-8.00390E-05 3.83899E-03 
-3.49998E-05 3.99332E-03 
3.11961E-05 4.15624E-03 
1.23364E-04 4.32664E-03 
2.47873E-04 4.50638E-03 
4.16823E-04 4.70842E-03 
6.62303E-04 4.98180E-03 
1.06599E-03 5.45325E-03 
1.73828E-03 6.25599E-03 
2.63269E-03 7.21187E-03 
3.52834E-03 7.91873E-03 
-3.19700E-04 3.06355E-03 
-2.83609E-04 3.10640E-03 
-5.02157E-05 3.37911E-03 
-1.45161E-05 3.39002E-03 
1.40088E-05 3.41219E-03 
3.63178E-05 3.44631E-03 
5.36232E-05 3.49288E-03 
6.45027E-05 3.53766E-03 
6.73944E-05 3.55220E-03 
8.02768E-05 3.63050E-03 
9.35608E-05 3.72340E-03 
1.10062E-04 3.83024E-03 
1.32879E-04 3.94997E-03 
2.44828E-04 4.03659E-03 
2.80906E-04 4.17814E-03 
3.34696E-04 4.32928E-03 
4.10503E-04 4.48758E-03 
5.12831E-04 4.65061E-03 
6.46685E-04 4.81676E-03 
8.18915E-04 4.98782E-03 
1.04357E-03 5.17780E-03 
1.36004E-03 5.43972E-03 
1.87038E-03 5.90909E-03 
2.71107E-03 6.72302E-03 
3.81612E-03 7.68087E-03 
4.90001E-03 8.35282E-03 
-6.34391E-05 3.51845E-03 
-2.15948E-05 3.56515E-03 
3.18125E-04 3.78537E-03 
3.54441E-04 3.79811E-03 
3.83622E-04 3.82479E-03 
4.07094E-04 3.86576E-03 
4.26565E-04 3.92109E-03 
4.40135E-04 3.97362E-03 
4.44020E-04 3.99056E-03 
4.63167E-04 4.08073E-03 
4.85705E-04 4.18571E-03 
5.15030E-04 4.30404E-03 
5.54754E-04 4.43383E-03 
6.91766E-04 4.51342E-03 
7.52799E-04 4.66136E-03 
8.37123E-04 4.81499E-03 
9.49162E-04 4.97115E-03 
1.09343E-03 5.12684E-03 
1.27492E-03 5.28004E-03 
1.50084E-03 5.43258E-03 
1.78735E-03 5.59950E-03 
2.18223E-03 5.83728E-03 
2.81093E-03 6.28806E-03 
3.83905E-03 7.08963E-03 
5.17597E-03 8.02032E-03 
6.46102E-03 8.63021E-03 
2.70455E-04 3.97028E-03 
3.15968E-04 4.02371E-03 
7.78718E-04 4.15877E-03 
8.10704E-04 4.17914E-03 
8.36424E-04 4.21577E-03 
8.57871E-04 4.26845E-03 
8.77327E-04 4.33662E-03 
8.92623E-04 4.39946E-03 
8.97339E-04 4.41941E-03 
9.22739E-04 4.52365E-03 
9.55746E-04 4.64149E-03 
1.00028E-03 4.77055E-03 
1.06035E-03 4.90807E-03 
1.22403E-03 4.97658E-03 
1.31518E-03 5.12565E-03 
1.43576E-03 5.27493E-03 
1.59006E-03 5.42066E-03 
1.78235E-03 5.55938E-03 
2.01739E-03 5.68891E-03 
2.30258E-03 5.81124E-03 
2.65635E-03 5.94241E-03 
3.13603E-03 6.14152E-03 
3.89357E-03 6.55443E-03 
5.12659E-03 7.31558E-03 
6.71410E-03 8.18521E-03 
8.20961E-03 8.70361E-03 
6.87421E-04 4.40363E-03 
7.34064E-04 4.46769E-03 
1.33195E-03 4.48352E-03 
1.35416E-03 4.51911E-03 
1.37222E-03 4.57232E-03 
1.38874E-03 4.64218E-03 
1.40661E-03 4.72736E-03 
1.42332E-03 4.80272E-03 
1.42893E-03 4.82617E-03 
1.46172E-03 4.94563E-03 
1.50772E-03 5.07560E-03 
1.57118E-03 5.21275E-03 
1.65634E-03 5.35347E-03 
1.84855E-03 5.40581E-03 
1.97602E-03 5.54827E-03 
2.13932E-03 5.68389E-03 
2.34232E-03 5.80855E-03 
2.58873E-03 5.91861E-03 
2.88282E-03 6.01194E-03 
3.23202E-03 6.09094E-03 
3.65723E-03 6.17254E-03 
4.22651E-03 6.31724E-03 
5.12150E-03 6.67091E-03 
6.57439E-03 7.35993E-03 
8.42768E-03 8.13098E-03 
1.01384E-02 8.52763E-03 
1.18487E-03 4.80243E-03 
1.23029E-03 4.88142E-03 
1.96695E-03 4.74745E-03 
1.97462E-03 4.80652E-03 
1.98184E-03 4.88294E-03 
1.99185E-03 4.97484E-03 
2.00808E-03 5.08002E-03 
2.02716E-03 5.16890E-03 
2.03409E-03 5.19591E-03 
2.07725E-03 5.32956E-03 
2.14050E-03 5.46841E-03 
2.22820E-03 5.60831E-03 
2.34449E-03 5.74495E-03 
2.56722E-03 5.77485E-03 
2.73787E-03 5.90034E-03 
2.95053E-03 6.01071E-03 
3.20833E-03 6.10176E-03 
3.51411E-03 6.17003E-03 
3.87134E-03 6.21378E-03 
4.28741E-03 6.23600E-03 
4.78586E-03 6.25433E-03 
5.44667E-03 6.32914E-03 
6.48400E-03 6.60175E-03 
8.16662E-03 7.18538E-03 
1.02942E-02 7.81947E-03 
1.22180E-02 8.06610E-03 
1.75840E-03 5.15817E-03 
1.80133E-03 5.25584E-03 
2.67043E-03 4.94854E-03 
2.66074E-03 5.03854E-03 
2.65618E-03 5.14337E-03 
2.66049E-03 5.26023E-03 
2.67749E-03 5.38601E-03 
2.70180E-03 5.48731E-03 
2.71102E-03 5.51732E-03 
2.76999E-03 5.66095E-03 
2.85698E-03 5.80216E-03 
2.97612E-03 5.93620E-03 
3.13107E-03 6.05840E-03 
3.38669E-03 6.05826E-03 
3.60796E-03 6.15390E-03 
3.87667E-03 6.22535E-03 
4.19483E-03 6.26877E-03 
4.56413E-03 6.28125E-03 
4.98705E-03 6.26179E-03 
5.47080E-03 6.21418E-03 
6.04188E-03 6.15641E-03 
6.79333E-03 6.14687E-03 
7.97455E-03 6.31714E-03 
9.89228E-03 6.76189E-03 
1.22970E-02 7.22116E-03 
1.44260E-02 7.29265E-03 
2.39621E-03 5.46511E-03 
2.43755E-03 5.58321E-03 
3.42023E-03 5.09122E-03 
3.39394E-03 5.21663E-03 
3.38019E-03 5.35168E-03 
3.38303E-03 5.49271E-03 
3.40643E-03 5.63581E-03 
3.44108E-03 5.74541E-03 
3.45422E-03 5.77696E-03 
3.53715E-03 5.92224E-03 
3.65656E-03 6.05539E-03 
3.81590E-03 6.17150E-03 
4.01794E-03 6.26594E-03 
4.30884E-03 6.22713E-03 
4.58785E-03 6.27821E-03 
4.91830E-03 6.29601E-03 
5.30079E-03 6.27748E-03 
5.73561E-03 6.22068E-03 
6.22409E-03 6.12566E-03 
6.77327E-03 5.99712E-03 
7.41295E-03 5.85296E-03 
8.25035E-03 5.74738E-03 
9.57219E-03 5.79669E-03 
1.17238E-02 6.07170E-03 
1.44005E-02 6.32223E-03 
1.67194E-02 6.19943E-03 
3.08470E-03 5.72234E-03 
3.12845E-03 5.85916E-03 
4.19331E-03 5.18624E-03 
4.15587E-03 5.34655E-03 
4.13992E-03 5.50856E-03 
4.14954E-03 5.66792E-03 
4.18850E-03 5.82022E-03 
4.24099E-03 5.93043E-03 
4.26025E-03 5.96107E-03 
4.37781E-03 6.09524E-03 
4.54006E-03 6.20614E-03 
4.74932E-03 6.28917E-03 
5.00706E-03 6.34027E-03 
5.33528E-03 6.25360E-03 
5.67799E-03 6.24468E-03 
6.07406E-03 6.19426E-03 
6.52246E-03 6.10050E-03 
7.02194E-03 5.96278E-03 
7.57264E-03 5.78244E-03 
8.18156E-03 5.56510E-03 
8.88217E-03 5.32795E-03 
9.79681E-03 5.11866E-03 
1.12511E-02 5.03253E-03 
1.36285E-02 5.11174E-03 
1.65641E-02 5.12590E-03 
1.90508E-02 4.79717E-03 
3.81177E-03 5.93112E-03 
3.86548E-03 6.08027E-03 
4.97011E-03 5.24626E-03 
4.93215E-03 5.43444E-03 
4.92560E-03 5.61393E-03 
4.95413E-03 5.78004E-03 
5.02096E-03 5.92820E-03 
5.10067E-03 6.02779E-03 
5.12876E-03 6.05411E-03 
5.29327E-03 6.16038E-03 
5.50954E-03 6.23175E-03 
5.77834E-03 6.26447E-03 
6.09949E-03 6.25557E-03 
6.46613E-03 6.11208E-03 
6.87627E-03 6.02845E-03 
7.33906E-03 5.89691E-03 
7.85175E-03 5.71715E-03 
8.41154E-03 5.49012E-03 
9.01748E-03 5.21857E-03 
9.67674E-03 4.90890E-03 
1.04269E-02 4.57684E-03 
1.14061E-02 4.26111E-03 
1.29797E-02 4.03056E-03 
1.55682E-02 3.89462E-03 
1.87417E-02 3.65306E-03 
2.13684E-02 3.11527E-03 
4.56972E-03 6.09070E-03 
4.64434E-03 6.24050E-03 
5.73841E-03 5.27996E-03 
5.71536E-03 5.48184E-03 
5.73367E-03 5.66293E-03 
5.79623E-03 5.81863E-03 
5.90530E-03 5.94469E-03 
6.02260E-03 6.01947E-03 
6.06240E-03 6.03733E-03 
6.28650E-03 6.09607E-03 
6.56731E-03 6.10895E-03 
6.90377E-03 6.07362E-03 
7.29377E-03 5.98866E-03 
7.69831E-03 5.78064E-03 
8.17629E-03 5.61000E-03 
8.70325E-03 5.38766E-03 
9.27473E-03 5.11506E-03 
9.88654E-03 4.79482E-03 
1.05369E-02 4.43105E-03 
1.12333E-02 4.03067E-03 
1.20181E-02 3.60708E-03 
1.30457E-02 3.18769E-03 
1.47208E-02 2.80998E-03 
1.74986E-02 2.44764E-03 
2.08817E-02 1.94061E-03 
2.36157E-02 1.19943E-03 
5.35426E-03 6.19068E-03 
5.46364E-03 6.32499E-03 
6.49315E-03 5.28471E-03 
6.50422E-03 5.47993E-03 
6.56559E-03 5.64164E-03 
6.67898E-03 5.76577E-03 
6.84532E-03 5.84887E-03 
7.01045E-03 5.88322E-03 
7.06469E-03 5.88815E-03 
7.35975E-03 5.87905E-03 
7.71351E-03 5.81503E-03 
8.12288E-03 5.69556E-03 
8.58380E-03 5.52111E-03 
9.02342E-03 5.24331E-03 
9.56554E-03 4.97749E-03 
1.01498E-02 4.65940E-03 
1.07704E-02 4.29229E-03 
1.14219E-02 3.88035E-03 
1.21020E-02 3.42889E-03 
1.28192E-02 2.94493E-03 
1.36206E-02 2.43865E-03 
1.46772E-02 1.92398E-03 
1.64320E-02 1.40302E-03 
1.93713E-02 8.11917E-04 
2.29290E-02 3.99500E-05 
2.57338E-02 -8.90485E-04 
6.16973E-03 6.21627E-03 
6.32874E-03 6.31522E-03 
7.24119E-03 5.24845E-03 
7.30698E-03 5.41203E-03 
7.42995E-03 5.53000E-03 
7.61037E-03 5.59931E-03 
7.84755E-03 5.61772E-03 
8.06906E-03 5.59611E-03 
8.13992E-03 5.58382E-03 
8.51416E-03 5.48806E-03 
8.94551E-03 5.33131E-03 
9.42888E-03 5.11513E-03 
9.95828E-03 4.84207E-03 
1.04274E-02 4.49266E-03 
1.10253E-02 4.12889E-03 
1.16556E-02 3.71580E-03 
1.23114E-02 3.25830E-03 
1.29865E-02 2.76196E-03 
1.36786E-02 2.23294E-03 
1.43974E-02 1.67784E-03 
1.51953E-02 1.10274E-03 
1.62592E-02 5.06326E-04 
1.80685E-02 -1.47614E-04 
2.11361E-02 -9.60913E-04 
2.48281E-02 -1.98722E-03 
2.76648E-02 -3.08533E-03 
7.02218E-03 6.14605E-03 
7.24493E-03 6.18897E-03 
7.99590E-03 5.14940E-03 
8.13560E-03 5.25511E-03 
8.33642E-03 5.30499E-03 
8.59692E-03 5.29736E-03 
8.91472E-03 5.23154E-03 
9.19787E-03 5.14081E-03 
9.28650E-03 5.10779E-03 
9.74305E-03 4.91087E-03 
1.02513E-02 4.65069E-03 
1.08044E-02 4.33097E-03 
1.13946E-02 3.95633E-03 
1.18846E-02 3.53785E-03 
1.25251E-02 3.07988E-03 
1.31860E-02 2.57897E-03 
1.38595E-02 2.04139E-03 
1.45393E-02 1.47372E-03 
1.52234E-02 8.82505E-04 
1.59233E-02 2.73416E-04 
1.66966E-02 -3.52347E-04 
1.77456E-02 -1.01257E-03 
1.95823E-02 -1.78321E-03 
2.27415E-02 -2.80300E-03 
2.65239E-02 -4.06299E-03 
2.93540E-02 -5.30086E-03 
7.94934E-03 5.95836E-03 
8.24727E-03 5.92420E-03 
8.80084E-03 4.95917E-03 
9.02998E-03 4.98111E-03 
9.32078E-03 4.93966E-03 
9.67005E-03 4.83491E-03 
1.00736E-02 4.66795E-03 
1.04200E-02 4.49741E-03 
1.05265E-02 4.44094E-03 
1.10635E-02 4.13243E-03 
1.16430E-02 3.76259E-03 
1.22567E-02 3.33723E-03 
1.28956E-02 2.86289E-03 
1.33949E-02 2.38116E-03 
1.40614E-02 1.83753E-03 
1.47343E-02 1.26047E-03 
1.54057E-02 6.57218E-04 
1.60695E-02 3.48903E-05 
1.67246E-02 -6.00066E-04 
1.73846E-02 -1.24349E-03 
1.81124E-02 -1.89973E-03 
1.91246E-02 -2.60394E-03 
2.09621E-02 -3.47246E-03 
2.41765E-02 -4.67914E-03 
2.80064E-02 -6.14820E-03 
3.07937E-02 -7.49624E-03 
8.96093E-03 5.62541E-03 
9.34116E-03 5.49671E-03 
9.67595E-03 4.64405E-03 
1.00039E-02 4.56090E-03 
1.03904E-02 4.41034E-03 
1.08304E-02 4.19434E-03 
1.13181E-02 3.91594E-03 
1.17242E-02 3.66026E-03 
1.18471E-02 3.57921E-03 
1.24555E-02 3.15641E-03 
1.30942E-02 2.67848E-03 
1.37536E-02 2.15309E-03 
1.44240E-02 1.58829E-03 
1.49186E-02 1.05396E-03 
1.55908E-02 4.39656E-04 
1.62545E-02 -1.96118E-04 
1.69023E-02 -8.45677E-04 
1.75288E-02 -1.50189E-03 
1.81340E-02 -2.15890E-03 
1.87340E-02 -2.81455E-03 
1.93967E-02 -3.47920E-03 
2.03516E-02 -4.20555E-03 
2.21639E-02 -5.14931E-03 
2.53961E-02 -6.51635E-03 
2.92305E-02 -8.16252E-03 
3.19415E-02 -9.58813E-03 
1.00603E-02 5.11652E-03 
1.05247E-02 4.88052E-03 
1.06327E-02 4.16738E-03 
1.10627E-02 3.96409E-03 
1.15445E-02 3.69326E-03 
1.20716E-02 3.35883E-03 
1.26368E-02 2.96576E-03 
1.30953E-02 2.62505E-03 
1.32322E-02 2.51987E-03 
1.38988E-02 1.98744E-03 
1.45807E-02 1.40998E-03 
1.52677E-02 7.96564E-04 
1.59500E-02 1.56323E-04 
1.64246E-02 -4.16309E-04 
1.70808E-02 -1.08183E-03 
1.77135E-02 -1.75522E-03 
1.83161E-02 -2.42887E-03 
1.88844E-02 -3.09613E-03 
1.94200E-02 -3.75221E-03 
1.99414E-02 -4.39737E-03 
2.05215E-02 -5.04819E-03 
2.14005E-02 -5.77458E-03 
2.31627E-02 -6.76960E-03 
2.63760E-02 -8.26723E-03 
3.01731E-02 -1.00554E-02 
3.27777E-02 -1.15258E-02 
1.12448E-02 4.41435E-03 
1.17900E-02 4.06488E-03 
1.16782E-02 3.50547E-03 
1.22072E-02 3.17498E-03 
1.27784E-02 2.78059E-03 
1.33839E-02 2.32811E-03 
1.40150E-02 1.82424E-03 
1.45154E-02 1.40380E-03 
1.46630E-02 1.27641E-03 
1.53704E-02 6.45564E-04 
1.60761E-02 -1.70303E-05 
1.67700E-02 -7.01309E-04 
1.74424E-02 -1.39757E-03 
1.78810E-02 -1.99165E-03 
1.84989E-02 -2.68592E-03 
1.90790E-02 -3.37363E-03 
1.96157E-02 -4.04774E-03 
2.01064E-02 -4.70257E-03 
2.05547E-02 -5.33482E-03 
2.09817E-02 -5.94742E-03 
2.14644E-02 -6.56324E-03 
2.22518E-02 -7.26852E-03 
2.39417E-02 -8.29063E-03 
2.71015E-02 -9.88720E-03 
3.08225E-02 -1.17806E-02 
3.32948E-02 -1.32642E-02 
1.25638E-02 3.52638E-03 
1.31819E-02 3.06090E-03 
1.28648E-02 2.65368E-03 
1.34804E-02 2.19429E-03 
1.41253E-02 1.67817E-03 
1.47905E-02 1.11301E-03 
1.54667E-02 5.07148E-04 
1.59916E-02 1.60200E-05 
1.61447E-02 -1.30592E-04 
1.68673E-02 -8.43679E-04 
1.75708E-02 -1.57243E-03 
1.82455E-02 -2.30640E-03 
1.88827E-02 -3.03595E-03 
1.92668E-02 -3.63271E-03 
1.98233E-02 -4.33146E-03 
2.03290E-02 -5.00922E-03 
2.07803E-02 -5.66006E-03 
2.11761E-02 -6.27964E-03 
2.15221E-02 -6.86646E-03 
2.18416E-02 -7.42633E-03 
2.22155E-02 -7.98815E-03 
2.28990E-02 -8.65323E-03 
2.44980E-02 -9.67948E-03 
2.75739E-02 -1.13434E-02 
3.11850E-02 -1.33058E-02 
3.35049E-02 -1.47740E-02 
1.39488E-02 2.44437E-03 
1.46272E-02 1.86771E-03 
1.41319E-02 1.60315E-03 
1.48188E-02 1.02219E-03 
1.55205E-02 3.94840E-04 
1.62272E-02 -2.69612E-04 
1.69292E-02 -9.61484E-04 
1.74630E-02 -1.50940E-03 
1.76169E-02 -1.67095E-03 
1.83324E-02 -2.44466E-03 
1.90111E-02 -3.21638E-03 
1.96443E-02 -3.97583E-03 
2.02246E-02 -4.71398E-03 
2.05397E-02 -5.29399E-03 
2.10152E-02 -5.97278E-03 
2.14291E-02 -6.61697E-03 
2.17792E-02 -7.22207E-03 
2.20668E-02 -7.78541E-03 
2.22993E-02 -8.30751E-03 
2.25024E-02 -8.79706E-03 
2.27597E-02 -9.28861E-03 
2.33305E-02 -9.89687E-03 
2.48230E-02 -1.09059E-02 
2.77877E-02 -1.26061E-02 
3.12591E-02 -1.46022E-02 
3.34107E-02 -1.60291E-02 
1.53579E-02 1.20675E-03 
1.60757E-02 5.30303E-04 
1.54344E-02 3.88747E-04 
1.61706E-02 -2.98849E-04 
1.69073E-02 -1.02027E-03 
1.76344E-02 -1.76508E-03 
1.83418E-02 -2.52267E-03 
1.88693E-02 -3.11097E-03 
1.90196E-02 -3.28257E-03 
1.97073E-02 -4.09309E-03 
2.03410E-02 -4.88350E-03 
2.09135E-02 -5.64411E-03 
2.14190E-02 -6.36694E-03 
2.16537E-02 -6.91220E-03 
2.20333E-02 -7.54870E-03 
2.23422E-02 -8.13834E-03 
2.25804E-02 -8.67841E-03 
2.27512E-02 -9.16813E-03 
2.28641E-02 -9.61013E-03 
2.29466E-02 -1.00159E-02 
2.30845E-02 -1.04250E-02 
2.35383E-02 -1.09635E-02 
2.49133E-02 -1.19365E-02 
2.77445E-02 -1.36434E-02 
3.10520E-02 -1.56399E-02 
3.30258E-02 -1.70039E-02 
1.68482E-02 -1.82352E-04 
1.75955E-02 -9.48565E-04 
1.68425E-02 -9.90400E-04 
1.76095E-02 -1.77088E-03 
1.83593E-02 -2.57049E-03 
1.90815E-02 -3.37743E-03 
1.97665E-02 -4.18032E-03 
2.02654E-02 -4.79192E-03 
2.04055E-02 -4.96841E-03 
2.10349E-02 -5.79054E-03 
2.15951E-02 -6.57389E-03 
2.20805E-02 -7.31004E-03 
2.24875E-02 -7.99259E-03 
2.26251E-02 -8.48390E-03 
2.28909E-02 -9.05577E-03 
2.30802E-02 -9.57045E-03 
2.31951E-02 -1.00273E-02 
2.32408E-02 -1.04274E-02 
2.32284E-02 -1.07757E-02 
2.31872E-02 -1.10860E-02 
2.32037E-02 -1.14025E-02 
2.35377E-02 -1.18604E-02 
2.47858E-02 -1.27811E-02 
2.74636E-02 -1.44681E-02 
3.05860E-02 -1.64355E-02 
3.23743E-02 -1.77180E-02 
1.82971E-02 -1.66143E-03 
1.90493E-02 -2.50028E-03 
1.82165E-02 -2.46917E-03 
1.89880E-02 -3.32112E-03 
1.97265E-02 -4.17635E-03 
2.04222E-02 -5.02241E-03 
2.10661E-02 -5.84764E-03 
2.15238E-02 -6.46508E-03 
2.16503E-02 -6.64139E-03 
2.22053E-02 -7.45122E-03 
2.26770E-02 -8.20430E-03 
2.30621E-02 -8.89392E-03 
2.33596E-02 -9.51583E-03 
2.33947E-02 -9.93875E-03 
2.35396E-02 -1.04292E-02 
2.36044E-02 -1.08543E-02 
2.35933E-02 -1.12154E-02 
2.35132E-02 -1.15158E-02 
2.33768E-02 -1.17621E-02 
2.32147E-02 -1.19708E-02 
2.31135E-02 -1.21895E-02 
2.33296E-02 -1.25604E-02 
2.44466E-02 -1.34160E-02 
2.69570E-02 -1.50595E-02 
2.98798E-02 -1.69715E-02 
3.14813E-02 -1.81590E-02 
1.96972E-02 -3.19480E-03 
2.04317E-02 -4.08795E-03 
1.95463E-02 -4.00850E-03 
2.02965E-02 -4.90885E-03 
2.10000E-02 -5.79641E-03 
2.16472E-02 -6.65837E-03 
2.22296E-02 -7.48303E-03 
2.26310E-02 -8.08893E-03 
2.27399E-02 -8.26010E-03 
2.32033E-02 -9.03506E-03 
2.35727E-02 -9.73716E-03 
2.38466E-02 -1.03615E-02 
2.40259E-02 -1.09058E-02 
2.39546E-02 -1.12486E-02 
2.39741E-02 -1.16446E-02 
2.39122E-02 -1.19691E-02 
2.37750E-02 -1.22257E-02 
2.35711E-02 -1.24196E-02 
2.33148E-02 -1.25595E-02 
2.30371E-02 -1.26637E-02 
2.28242E-02 -1.27825E-02 
2.29270E-02 -1.30630E-02 
2.39113E-02 -1.38438E-02 
2.62441E-02 -1.54236E-02 
2.89570E-02 -1.72580E-02 
3.03735E-02 -1.83407E-02 
2.10113E-02 -4.73512E-03 
2.17236E-02 -5.66884E-03 
2.08186E-02 -5.56676E-03 
2.15352E-02 -6.49792E-03 
2.21915E-02 -7.40040E-03 
2.27758E-02 -8.26000E-03 
2.32799E-02 -9.06479E-03 
2.36114E-02 -9.64376E-03 
2.36984E-02 -9.80525E-03 
2.40505E-02 -1.05235E-02 
2.42990E-02 -1.11534E-02 
2.44457E-02 -1.16929E-02 
2.44945E-02 -1.21425E-02 
2.43095E-02 -1.23933E-02 
2.41988E-02 -1.26833E-02 
2.40086E-02 -1.28985E-02 
2.37469E-02 -1.30446E-02 
2.34235E-02 -1.31286E-02 
2.30535E-02 -1.31608E-02 
2.26681E-02 -1.31610E-02 
2.23520E-02 -1.31813E-02 
2.23484E-02 -1.33713E-02 
2.32016E-02 -1.40707E-02 
2.53511E-02 -1.55705E-02 
2.78486E-02 -1.73095E-02 
2.90857E-02 -1.82817E-02 
2.21994E-02 -6.24043E-03 
2.28560E-02 -7.19164E-03 
2.19429E-02 -7.08286E-03 
2.25943E-02 -8.01834E-03 
2.31715E-02 -8.90816E-03 
2.36673E-02 -9.73976E-03 
2.40760E-02 -1.05027E-02 
2.43303E-02 -1.10407E-02 
2.43941E-02 -1.11889E-02 
2.46323E-02 -1.18358E-02 
2.47621E-02 -1.23825E-02 
2.47864E-02 -1.28287E-02 
2.47110E-02 -1.31776E-02 
2.44203E-02 -1.33338E-02 
2.41872E-02 -1.35150E-02 
2.38775E-02 -1.36199E-02 
2.35008E-02 -1.36560E-02 
2.30681E-02 -1.36321E-02 
2.25953E-02 -1.35599E-02 
2.21136E-02 -1.34604E-02 
2.17053E-02 -1.33866E-02 
2.16044E-02 -1.34886E-02 
2.23305E-02 -1.41028E-02 
2.42935E-02 -1.55093E-02 
2.65735E-02 -1.71387E-02 
2.76388E-02 -1.79977E-02 
2.32131E-02 -7.66212E-03 
2.38192E-02 -8.62038E-03 
2.29302E-02 -8.52600E-03 
2.35176E-02 -9.45409E-03 
2.40181E-02 -1.03211E-02 
2.44237E-02 -1.11138E-02 
2.47302E-02 -1.18221E-02 
2.48985E-02 -1.23079E-02 
2.49364E-02 -1.24394E-02 
2.50480E-02 -1.29992E-02 
2.50475E-02 -1.34481E-02 
2.49396E-02 -1.37881E-02 
2.47325E-02 -1.40251E-02 
2.43316E-02 -1.40794E-02 
2.39755E-02 -1.41465E-02 
2.35493E-02 -1.41386E-02 
2.30635E-02 -1.40652E-02 
2.25300E-02 -1.39363E-02 
2.19649E-02 -1.37645E-02 
2.13985E-02 -1.35715E-02 
2.09099E-02 -1.34103E-02 
2.07222E-02 -1.34291E-02 
2.13273E-02 -1.39574E-02 
2.31051E-02 -1.52614E-02 
2.51697E-02 -1.67714E-02 
2.60737E-02 -1.75182E-02 
2.40742E-02 -8.98180E-03 
2.46003E-02 -9.92548E-03 
2.37252E-02 -9.84716E-03 
2.42168E-02 -1.07417E-02 
2.46132E-02 -1.15609E-02 
2.49094E-02 -1.22932E-02 
2.51019E-02 -1.29296E-02 
2.51801E-02 -1.33530E-02 
2.51915E-02 -1.34652E-02 
2.51758E-02 -1.39278E-02 
2.50495E-02 -1.42730E-02 
2.48197E-02 -1.45058E-02 
2.44955E-02 -1.46338E-02 
2.40002E-02 -1.45917E-02 
2.35378E-02 -1.45514E-02 
2.30115E-02 -1.44387E-02 
2.24330E-02 -1.42643E-02 
2.18147E-02 -1.40396E-02 
2.11727E-02 -1.37779E-02 
2.05367E-02 -1.35011E-02 
1.99819E-02 -1.32619E-02 
1.97196E-02 -1.32050E-02 
2.02121E-02 -1.36490E-02 
2.18085E-02 -1.48446E-02 
2.36632E-02 -1.62291E-02 
2.44181E-02 -1.68673E-02 
2.47124E-02 -1.01517E-02 
2.51537E-02 -1.10675E-02 
2.43102E-02 -1.10154E-02 
2.47150E-02 -1.18698E-02 
2.50160E-02 -1.26361E-02 
2.52091E-02 -1.33030E-02 
2.52918E-02 -1.38624E-02 
2.52819E-02 -1.42193E-02 
2.52671E-02 -1.43111E-02 
2.51254E-02 -1.46710E-02 
2.48723E-02 -1.49067E-02 
2.45181E-02 -1.50263E-02 
2.40752E-02 -1.50408E-02 
2.34857E-02 -1.49003E-02 
2.29216E-02 -1.47538E-02 
2.23028E-02 -1.45399E-02 
2.16415E-02 -1.42707E-02 
2.09503E-02 -1.39583E-02 
2.02447E-02 -1.36161E-02 
1.95528E-02 -1.32661E-02 
1.89455E-02 -1.29591E-02 
1.86209E-02 -1.28348E-02 
1.90102E-02 -1.31982E-02 
2.04318E-02 -1.42827E-02 
2.20846E-02 -1.55393E-02 
2.27040E-02 -1.60747E-02 
2.51773E-02 -1.11754E-02 
2.55265E-02 -1.20512E-02 
2.47029E-02 -1.20200E-02 
2.49935E-02 -1.28114E-02 
2.51727E-02 -1.35018E-02 
2.52421E-02 -1.40833E-02 
2.52018E-02 -1.45498E-02 
2.50985E-02 -1.48313E-02 
2.50569E-02 -1.49007E-02 
2.47915E-02 -1.51525E-02 
2.44232E-02 -1.52805E-02 
2.39624E-02 -1.52942E-02 
2.34216E-02 -1.52060E-02 
2.27575E-02 -1.49785E-02 
2.21125E-02 -1.47388E-02 
2.14215E-02 -1.44375E-02 
2.06970E-02 -1.40875E-02 
1.99513E-02 -1.37011E-02 
1.91995E-02 -1.32922E-02 
1.84680E-02 -1.28820E-02 
1.78234E-02 -1.25195E-02 
1.74499E-02 -1.23381E-02 
1.77469E-02 -1.26264E-02 
1.90026E-02 -1.36002E-02 
2.04644E-02 -1.47296E-02 
2.09628E-02 -1.51701E-02 
2.54180E-02 -1.20204E-02 
2.56619E-02 -1.28406E-02 
2.48540E-02 -1.28258E-02 
2.50366E-02 -1.35481E-02 
2.51141E-02 -1.41653E-02 
2.50780E-02 -1.46649E-02 
2.49284E-02 -1.50412E-02 
2.47411E-02 -1.52497E-02 
2.46751E-02 -1.52972E-02 
2.42936E-02 -1.54422E-02 
2.38121E-02 -1.54610E-02 
2.32469E-02 -1.53682E-02 
2.26125E-02 -1.51790E-02 
2.18788E-02 -1.48679E-02 
2.11616E-02 -1.45414E-02 
2.04090E-02 -1.41610E-02 
1.96334E-02 -1.37401E-02 
1.88465E-02 -1.32911E-02 
1.80624E-02 -1.28275E-02 
1.73056E-02 -1.23695E-02 
1.66372E-02 -1.19636E-02 
1.62275E-02 -1.17353E-02 
1.64431E-02 -1.19554E-02 
1.75433E-02 -1.28210E-02 
1.88263E-02 -1.38264E-02 
1.92183E-02 -1.41810E-02 
2.54785E-02 -1.26934E-02 
2.56187E-02 -1.34511E-02 
2.48274E-02 -1.34501E-02 
2.48965E-02 -1.40934E-02 
2.48491E-02 -1.46180E-02 
2.46866E-02 -1.50174E-02 
2.44180E-02 -1.52921E-02 
2.41436E-02 -1.54217E-02 
2.40534E-02 -1.54465E-02 
2.35651E-02 -1.54867E-02 
2.29892E-02 -1.54062E-02 
2.23391E-02 -1.52190E-02 
2.16300E-02 -1.49416E-02 
2.08444E-02 -1.45600E-02 
2.00755E-02 -1.41627E-02 
1.92819E-02 -1.37198E-02 
1.84749E-02 -1.32446E-02 
1.76652E-02 -1.27491E-02 
1.68658E-02 -1.22462E-02 
1.60991E-02 -1.17548E-02 
1.54213E-02 -1.13186E-02 
1.49883E-02 -1.10549E-02 
1.51348E-02 -1.12152E-02 
1.60927E-02 -1.19783E-02 
1.72122E-02 -1.28666E-02 
1.75134E-02 -1.31458E-02 
2.53514E-02 -1.31977E-02 
2.53773E-02 -1.38798E-02 
2.45794E-02 -1.38754E-02 
2.45243E-02 -1.44258E-02 
2.43650E-02 -1.48586E-02 
2.41036E-02 -1.51690E-02 
2.37404E-02 -1.53535E-02 
2.33911E-02 -1.54098E-02 
2.32787E-02 -1.54127E-02 
2.26874E-02 -1.53485E-02 
2.20193E-02 -1.51689E-02 
2.12909E-02 -1.48913E-02 
2.05173E-02 -1.45333E-02 
1.96905E-02 -1.40899E-02 
1.88826E-02 -1.36325E-02 
1.80611E-02 -1.31389E-02 
1.72363E-02 -1.26219E-02 
1.64177E-02 -1.20928E-02 
1.56167E-02 -1.15635E-02 
1.48533E-02 -1.10514E-02 
1.41783E-02 -1.05968E-02 
1.37334E-02 -1.03080E-02 
1.38218E-02 -1.04165E-02 
1.46489E-02 -1.10828E-02 
1.56183E-02 -1.18606E-02 
1.58423E-02 -1.20743E-02 
2.50590E-02 -1.35377E-02 
2.49675E-02 -1.41359E-02 
2.41627E-02 -1.41229E-02 
2.39939E-02 -1.45809E-02 
2.37216E-02 -1.49165E-02 
2.33461E-02 -1.51243E-02 
2.28735E-02 -1.52053E-02 
2.24511E-02 -1.51874E-02 
2.23193E-02 -1.51696E-02 
2.16446E-02 -1.50124E-02 
2.09053E-02 -1.47477E-02 
2.01175E-02 -1.43935E-02 
1.92969E-02 -1.39688E-02 
1.84432E-02 -1.34758E-02 
1.76121E-02 -1.29724E-02 
1.67782E-02 -1.24424E-02 
1.59506E-02 -1.18980E-02 
1.51373E-02 -1.13493E-02 
1.43480E-02 -1.08070E-02 
1.36003E-02 -1.02869E-02 
1.29396E-02 -9.82555E-03 
1.24936E-02 -9.52205E-03 
1.25350E-02 -9.58740E-03 
1.32448E-02 -1.01649E-02 
1.40794E-02 -1.08412E-02 
1.42401E-02 -1.10000E-02 
2.46101E-02 -1.37189E-02 
2.44104E-02 -1.42328E-02 
2.35928E-02 -1.42029E-02 
2.33075E-02 -1.45620E-02 
2.29206E-02 -1.47947E-02 
2.24394E-02 -1.49015E-02 
2.18714E-02 -1.48856E-02 
2.13805E-02 -1.47949E-02 
2.12300E-02 -1.47567E-02 
2.04743E-02 -1.45072E-02 
1.96699E-02 -1.41618E-02 
1.88355E-02 -1.37413E-02 
1.79853E-02 -1.32644E-02 
1.71220E-02 -1.27371E-02 
1.62858E-02 -1.22041E-02 
1.54566E-02 -1.16539E-02 
1.46418E-02 -1.10972E-02 
1.38480E-02 -1.05432E-02 
1.30831E-02 -1.00011E-02 
1.23623E-02 -9.48491E-03 
1.17260E-02 -9.02758E-03 
1.12885E-02 -8.71899E-03 
1.12934E-02 -8.74996E-03 
1.18996E-02 -9.24743E-03 
1.26149E-02 -9.83213E-03 
1.27248E-02 -9.94624E-03 
2.40417E-02 -1.37646E-02 
2.37288E-02 -1.41866E-02 
2.28796E-02 -1.41238E-02 
2.24757E-02 -1.43778E-02 
2.19795E-02 -1.45072E-02 
2.14007E-02 -1.45154E-02 
2.07524E-02 -1.44108E-02 
2.02117E-02 -1.42598E-02 
2.00472E-02 -1.42043E-02 
1.92295E-02 -1.38762E-02 
1.83736E-02 -1.34608E-02 
1.75020E-02 -1.29828E-02 
1.66317E-02 -1.24631E-02 
1.57688E-02 -1.19119E-02 
1.49400E-02 -1.13619E-02 
1.41281E-02 -1.08044E-02 
1.33382E-02 -1.02483E-02 
1.25748E-02 -9.70083E-03 
1.18442E-02 -9.16997E-03 
1.11593E-02 -8.66781E-03 
1.05555E-02 -8.22370E-03 
1.01343E-02 -7.91839E-03 
1.01123E-02 -7.92318E-03 
1.06281E-02 -8.34985E-03 
1.12392E-02 -8.85337E-03 
1.13098E-02 -8.93223E-03 
2.33499E-02 -1.36761E-02 
2.29337E-02 -1.40077E-02 
2.20574E-02 -1.39101E-02 
2.15455E-02 -1.40623E-02 
2.09508E-02 -1.40930E-02 
2.02862E-02 -1.40090E-02 
1.95568E-02 -1.38142E-02 
1.89552E-02 -1.35944E-02 
1.87749E-02 -1.35203E-02 
1.79010E-02 -1.31181E-02 
1.70160E-02 -1.26506E-02 
1.61329E-02 -1.21363E-02 
1.52627E-02 -1.15919E-02 
1.44135E-02 -1.10298E-02 
1.36035E-02 -1.04750E-02 
1.28186E-02 -9.92122E-03 
1.20625E-02 -9.37595E-03 
1.13382E-02 -8.84516E-03 
1.06498E-02 -8.33492E-03 
1.00076E-02 -7.85532E-03 
9.44251E-03 -7.43207E-03 
9.04411E-03 -7.13713E-03 
9.00363E-03 -7.12322E-03 
9.44163E-03 -7.48834E-03 
9.96267E-03 -7.92101E-03 
1.00039E-02 -7.97314E-03 
2.25746E-02 -1.34808E-02 
2.20497E-02 -1.37154E-02 
2.11398E-02 -1.35753E-02 
2.05315E-02 -1.36307E-02 
1.98446E-02 -1.35647E-02 
1.90952E-02 -1.33874E-02 
1.82966E-02 -1.31101E-02 
1.76544E-02 -1.28364E-02 
1.74644E-02 -1.27483E-02 
1.65515E-02 -1.22859E-02 
1.56431E-02 -1.17726E-02 
1.47547E-02 -1.12292E-02 
1.38942E-02 -1.06704E-02 
1.30699E-02 -1.01092E-02 
1.22912E-02 -9.56253E-03 
1.15450E-02 -9.02493E-03 
1.08329E-02 -8.50185E-03 
1.01558E-02 -7.99741E-03 
9.51622E-03 -7.51606E-03 
8.92224E-03 -7.06605E-03 
8.40043E-03 -6.66974E-03 
8.02952E-03 -6.39084E-03 
7.97777E-03 -6.36485E-03 
8.34980E-03 -6.67741E-03 
8.79407E-03 -7.04923E-03 
8.81427E-03 -7.08198E-03 
2.17359E-02 -1.31961E-02 
2.11138E-02 -1.33382E-02 
2.01629E-02 -1.31476E-02 
1.94556E-02 -1.31025E-02 
1.86809E-02 -1.29415E-02 
1.78556E-02 -1.26767E-02 
1.69988E-02 -1.23248E-02 
1.63278E-02 -1.20061E-02 
1.61316E-02 -1.19068E-02 
1.51996E-02 -1.14008E-02 
1.42848E-02 -1.08568E-02 
1.33995E-02 -1.02936E-02 
1.25571E-02 -9.73020E-03 
1.17668E-02 -9.18012E-03 
1.10291E-02 -8.65262E-03 
1.03304E-02 -8.14131E-03 
9.66933E-03 -7.64909E-03 
9.04503E-03 -7.17829E-03 
8.45839E-03 -6.73186E-03 
7.91569E-03 -6.31636E-03 
7.43968E-03 -5.95115E-03 
7.09926E-03 -5.69238E-03 
7.04208E-03 -5.65979E-03 
7.35881E-03 -5.92817E-03 
7.73831E-03 -6.24847E-03 
7.74420E-03 -6.26790E-03 
2.08410E-02 -1.28310E-02 
2.01252E-02 -1.28807E-02 
1.91357E-02 -1.26386E-02 
1.83447E-02 -1.25019E-02 
1.74913E-02 -1.22513E-02 
1.66029E-02 -1.19079E-02 
1.57015E-02 -1.14923E-02 
1.50064E-02 -1.11336E-02 
1.48049E-02 -1.10240E-02 
1.38607E-02 -1.04818E-02 
1.29500E-02 -9.91814E-03 
1.20870E-02 -9.35312E-03 
1.12789E-02 -8.80090E-03 
1.05316E-02 -8.27225E-03 
9.84150E-03 -7.77219E-03 
9.19512E-03 -7.29404E-03 
8.58878E-03 -6.83841E-03 
8.01981E-03 -6.40582E-03 
7.48770E-03 -5.99784E-03 
6.99709E-03 -5.61957E-03 
6.56737E-03 -5.28764E-03 
6.25873E-03 -5.05141E-03 
6.20046E-03 -5.01645E-03 
6.47125E-03 -5.24816E-03 
6.79651E-03 -5.52530E-03 
6.79318E-03 -5.53605E-03 
1.99122E-02 -1.24044E-02 
1.91059E-02 -1.23622E-02 
1.80752E-02 -1.20647E-02 
1.72100E-02 -1.18425E-02 
1.62956E-02 -1.15149E-02 
1.53579E-02 -1.11036E-02 
1.44220E-02 -1.06330E-02 
1.37128E-02 -1.02430E-02 
1.35088E-02 -1.01261E-02 
1.25616E-02 -9.55733E-03 
1.16668E-02 -8.98593E-03 
1.08346E-02 -8.42906E-03 
1.00703E-02 -7.89879E-03 
9.37566E-03 -7.40234E-03 
8.74046E-03 -6.93843E-03 
8.15047E-03 -6.49931E-03 
7.60089E-03 -6.08425E-03 
7.08800E-03 -5.69259E-03 
6.61023E-03 -5.32477E-03 
6.17083E-03 -4.98465E-03 
5.78632E-03 -4.68651E-03 
5.50925E-03 -4.47372E-03 
5.45288E-03 -4.43939E-03 
5.68562E-03 -4.64084E-03 
5.96553E-03 -4.88196E-03 
5.95651E-03 -4.88730E-03 
1.89704E-02 -1.19333E-02 
1.80846E-02 -1.18057E-02 
1.70125E-02 -1.14518E-02 
1.60808E-02 -1.11494E-02 
1.51181E-02 -1.07546E-02 
1.41446E-02 -1.02868E-02 
1.31898E-02 -9.77490E-03 
1.24763E-02 -9.36320E-03 
1.22723E-02 -9.24130E-03 
1.13356E-02 -8.65971E-03 
1.04677E-02 -8.09278E-03 
9.67829E-03 -7.55689E-03 
8.96626E-03 -7.05866E-03 
8.32742E-03 -6.59992E-03 
7.74868E-03 -6.17606E-03 
7.21576E-03 -5.77885E-03 
6.72236E-03 -5.40587E-03 
6.26379E-03 -5.05539E-03 
5.83772E-03 -4.72702E-03 
5.44639E-03 -4.42372E-03 
5.10401E-03 -4.15785E-03 
4.85662E-03 -3.96772E-03 
4.80374E-03 -3.93570E-03 
5.00512E-03 -4.11236E-03 
5.24730E-03 -4.32360E-03 
5.23471E-03 -4.32550E-03 
1.80177E-02 -1.14251E-02 
1.70601E-02 -1.12168E-02 
1.59528E-02 -1.08097E-02 
1.49665E-02 -1.04359E-02 
1.39612E-02 -9.97930E-03 
1.29637E-02 -9.46542E-03 
1.20022E-02 -8.92374E-03 
1.12934E-02 -8.49918E-03 
1.10926E-02 -8.37537E-03 
1.01815E-02 -7.79600E-03 
9.35544E-03 -7.24869E-03 
8.61854E-03 -6.74497E-03 
7.96305E-03 -6.28526E-03 
7.38235E-03 -5.86866E-03 
6.86120E-03 -5.48793E-03 
6.38494E-03 -5.13406E-03 
5.94596E-03 -4.80317E-03 
5.53886E-03 -4.49270E-03 
5.16087E-03 -4.20177E-03 
4.81362E-03 -3.93276E-03 
4.50950E-03 -3.69659E-03 
4.28908E-03 -3.52731E-03 
4.24008E-03 -3.49814E-03 
4.41492E-03 -3.65387E-03 
4.62490E-03 -3.83964E-03 
4.60957E-03 -3.83881E-03 
1.70663E-02 -1.08910E-02 
1.60492E-02 -1.06102E-02 
1.49114E-02 -1.01533E-02 
1.38797E-02 -9.71573E-03 
1.28467E-02 -9.20967E-03 
1.18369E-02 -8.66071E-03 
1.08792E-02 -8.09992E-03 
1.01856E-02 -7.67317E-03 
9.99121E-03 -7.55077E-03 
9.12000E-03 -6.98845E-03 
8.34529E-03 -6.47197E-03 
7.66631E-03 -6.00808E-03 
7.07210E-03 -5.59360E-03 
6.55249E-03 -5.22382E-03 
6.08928E-03 -4.88832E-03 
5.66732E-03 -4.57721E-03 
5.27872E-03 -4.28608E-03 
4.91804E-03 -4.01218E-03 
4.58259E-03 -3.75463E-03 
4.27379E-03 -3.51563E-03 
4.00267E-03 -3.30508E-03 
3.80533E-03 -3.15358E-03 
3.75953E-03 -3.12667E-03 
3.91143E-03 -3.26429E-03 
4.09347E-03 -3.42787E-03 
4.07522E-03 -3.42404E-03 
1.61267E-02 -1.03419E-02 
1.50590E-02 -9.99507E-03 
1.38988E-02 -9.49428E-03 
1.28343E-02 -9.00349E-03 
1.17839E-02 -8.45773E-03 
1.07753E-02 -7.88651E-03 
9.83394E-03 -7.31949E-03 
9.16463E-03 -6.90025E-03 
8.97915E-03 -6.78199E-03 
8.15975E-03 -6.24999E-03 
7.44616E-03 -5.77570E-03 
6.83107E-03 -5.35962E-03 
6.30095E-03 -4.99521E-03 
5.84143E-03 -4.67335E-03 
5.43324E-03 -4.38200E-03 
5.06105E-03 -4.11076E-03 
4.71699E-03 -3.85508E-03 
4.39624E-03 -3.61264E-03 
4.09663E-03 -3.38301E-03 
3.81973E-03 -3.16858E-03 
3.57568E-03 -2.97865E-03 
3.39688E-03 -2.84105E-03 
3.35273E-03 -2.81494E-03 
3.48401E-03 -2.93608E-03 
3.64099E-03 -3.07952E-03 
3.61886E-03 -3.07163E-03 
1.52049E-02 -9.78533E-03 
1.40968E-02 -9.38022E-03 
1.29215E-02 -8.84153E-03 
1.18369E-02 -8.30846E-03 
1.07825E-02 -7.73533E-03 
9.78738E-03 -7.15413E-03 
8.87434E-03 -6.59356E-03 
8.23721E-03 -6.19080E-03 
8.06305E-03 -6.07940E-03 
7.30558E-03 -5.58965E-03 
6.66158E-03 -5.16790E-03 
6.11609E-03 -4.80712E-03 
5.65011E-03 -4.49497E-03 
5.24789E-03 -4.22015E-03 
4.88948E-03 -3.96943E-03 
4.56033E-03 -3.73285E-03 
4.25343E-03 -3.50651E-03 
3.96500E-03 -3.28903E-03 
3.69374E-03 -3.08083E-03 
3.44168E-03 -2.88479E-03 
3.21839E-03 -2.70991E-03 
3.05329E-03 -2.58187E-03 
3.00866E-03 -2.55444E-03 
3.12055E-03 -2.65971E-03 
3.25420E-03 -2.78399E-03 
3.22681E-03 -2.77050E-03 
1.43056E-02 -9.22769E-03 
1.31678E-02 -8.77271E-03 
1.19857E-02 -8.20317E-03 
1.08915E-02 -7.63762E-03 
9.84475E-03 -7.04841E-03 
8.87645E-03 -6.47055E-03 
8.00509E-03 -5.93035E-03 
7.40871E-03 -5.55370E-03 
7.24757E-03 -5.45137E-03 
6.55917E-03 -5.01330E-03 
5.99067E-03 -4.65210E-03 
5.51778E-03 -4.35154E-03 
5.11471E-03 -4.09228E-03 
4.76457E-03 -3.86105E-03 
4.44882E-03 -3.64534E-03 
4.15474E-03 -3.43662E-03 
3.87670E-03 -3.23229E-03 
3.61236E-03 -3.03238E-03 
3.36165E-03 -2.83851E-03 
3.12727E-03 -2.65434E-03 
2.91854E-03 -2.48884E-03 
2.76237E-03 -2.36591E-03 
2.71486E-03 -2.33471E-03 
2.80773E-03 -2.42391E-03 
2.91889E-03 -2.52918E-03 
2.88471E-03 -2.50839E-03 
1.34289E-02 -8.67218E-03 
1.22722E-02 -8.17596E-03 
1.10929E-02 -7.58377E-03 
1.00023E-02 -6.99766E-03 
8.97479E-03 -6.40393E-03 
8.04402E-03 -5.84091E-03 
7.22648E-03 -5.33399E-03 
6.67892E-03 -4.99255E-03 
6.53322E-03 -4.90200E-03 
5.92238E-03 -4.52599E-03 
5.43059E-03 -4.22927E-03 
5.02760E-03 -3.98871E-03 
4.68436E-03 -3.78077E-03 
4.38131E-03 -3.58925E-03 
4.10017E-03 -3.40156E-03 
3.83151E-03 -3.21201E-03 
3.57271E-03 -3.02086E-03 
3.32360E-03 -2.83028E-03 
3.08558E-03 -2.64341E-03 
2.86213E-03 -2.46477E-03 
2.66229E-03 -2.30331E-03 
2.51074E-03 -2.18138E-03 
2.45803E-03 -2.14396E-03 
2.53172E-03 -2.21638E-03 
2.62069E-03 -2.30227E-03 
2.57845E-03 -2.27269E-03 
1.25721E-02 -8.11983E-03 
1.14065E-02 -7.59061E-03 
1.02385E-02 -6.98336E-03 
9.16452E-03 -6.38845E-03 
8.17029E-03 -5.80351E-03 
7.28758E-03 -5.26660E-03 
6.53307E-03 -4.80358E-03 
6.04152E-03 -4.50565E-03 
5.91277E-03 -4.42880E-03 
5.38435E-03 -4.12191E-03 
4.97143E-03 -3.89370E-03 
4.63563E-03 -3.71226E-03 
4.34427E-03 -3.54948E-03 
4.07829E-03 -3.38895E-03 
3.82210E-03 -3.22028E-03 
3.56968E-03 -3.04111E-03 
3.32135E-03 -2.85466E-03 
3.07956E-03 -2.66573E-03 
2.84746E-03 -2.47929E-03 
2.62927E-03 -2.30069E-03 
2.43377E-03 -2.13889E-03 
2.28349E-03 -2.01467E-03 
2.22369E-03 -1.96896E-03 
2.27784E-03 -2.02367E-03 
2.34466E-03 -2.08961E-03 
2.29364E-03 -2.05024E-03 
1.17333E-02 -7.57188E-03 
1.05723E-02 -7.02050E-03 
9.42633E-03 -6.40747E-03 
8.38029E-03 -5.81457E-03 
7.42988E-03 -5.24916E-03 
6.60530E-03 -4.74914E-03 
5.92255E-03 -4.33992E-03 
5.49271E-03 -4.09222E-03 
5.38231E-03 -4.03082E-03 
4.93959E-03 -3.79815E-03 
4.60322E-03 -3.63814E-03 
4.32881E-03 -3.51154E-03 
4.08052E-03 -3.38613E-03 
3.84076E-03 -3.24646E-03 
3.59785E-03 -3.08568E-03 
3.35069E-03 -2.90625E-03 
3.10369E-03 -2.71551E-03 
2.86203E-03 -2.52114E-03 
2.63030E-03 -2.32966E-03 
2.41322E-03 -2.14706E-03 
2.21907E-03 -1.98199E-03 
2.06806E-03 -1.85349E-03 
2.00019E-03 -1.79829E-03 
2.03478E-03 -1.83471E-03 
2.07988E-03 -1.88049E-03 
2.02032E-03 -1.83134E-03 
1.08985E-02 -7.02170E-03 
9.75528E-03 -6.45844E-03 
8.64460E-03 -5.85071E-03 
7.63969E-03 -5.27159E-03 
6.74309E-03 -4.73571E-03 
5.98644E-03 -4.28269E-03 
5.38324E-03 -3.93584E-03 
5.01730E-03 -3.74186E-03 
4.92553E-03 -3.69655E-03 
4.56825E-03 -3.53949E-03 
4.30505E-03 -3.44553E-03 
4.08473E-03 -3.36731E-03 
3.86818E-03 -3.26857E-03 
3.64202E-03 -3.13743E-03 
3.40050E-03 -2.97268E-03 
3.14853E-03 -2.78279E-03 
2.89520E-03 -2.57998E-03 
2.64829E-03 -2.37467E-03 
2.41346E-03 -2.17463E-03 
2.19554E-03 -1.98604E-03 
2.00184E-03 -1.81683E-03 
1.84993E-03 -1.68382E-03 
1.77422E-03 -1.61914E-03 
1.78981E-03 -1.63731E-03 
1.81420E-03 -1.66335E-03 
1.74751E-03 -1.60561E-03 
1.00477E-02 -6.45845E-03 
8.93889E-03 -5.89586E-03 
7.87635E-03 -5.30386E-03 
6.92591E-03 -4.75008E-03 
6.09597E-03 -4.25523E-03 
5.41571E-03 -3.85753E-03 
4.89641E-03 -3.57800E-03 
4.59717E-03 -3.44077E-03 
4.52441E-03 -3.41205E-03 
4.25067E-03 -3.32940E-03 
4.05418E-03 -3.29559E-03 
3.87665E-03 -3.25495E-03 
3.67910E-03 -3.17012E-03 
3.45356E-03 -3.03427E-03 
3.20204E-03 -2.85374E-03 
2.93655E-03 -2.64429E-03 
2.67119E-03 -2.42339E-03 
2.41626E-03 -2.20418E-03 
2.17789E-03 -1.99500E-03 
1.96013E-03 -1.80139E-03 
1.76870E-03 -1.62984E-03 
1.61794E-03 -1.49439E-03 
1.53631E-03 -1.42193E-03 
1.53459E-03 -1.42304E-03 
1.54036E-03 -1.43092E-03 
1.46941E-03 -1.36728E-03 
9.14892E-03 -5.86357E-03 
8.09480E-03 -5.31621E-03 
7.09786E-03 -4.75320E-03 
6.21785E-03 -4.23755E-03 
5.46572E-03 -3.79310E-03 
4.86972E-03 -3.45733E-03 
4.43776E-03 -3.24787E-03 
4.20431E-03 -3.16627E-03 
4.15002E-03 -3.15349E-03 
3.95464E-03 -3.13959E-03 
3.81533E-03 -3.15597E-03 
3.66926E-03 -3.14077E-03 
3.47801E-03 -3.05628E-03 
3.24155E-03 -2.90324E-03 
2.97025E-03 -2.69640E-03 
2.68560E-03 -2.46113E-03 
2.40667E-03 -2.22014E-03 
2.14529E-03 -1.98832E-03 
1.90690E-03 -1.77344E-03 
1.69386E-03 -1.57942E-03 
1.50956E-03 -1.41050E-03 
1.36454E-03 -1.27725E-03 
1.28082E-03 -1.20074E-03 
1.26502E-03 -1.18760E-03 
1.25574E-03 -1.18044E-03 
1.18483E-03 -1.11514E-03 
8.15361E-03 -5.20791E-03 
7.18014E-03 -4.69349E-03 
6.26992E-03 -4.17458E-03 
5.47756E-03 -3.70971E-03 
4.81625E-03 -3.32493E-03 
4.31118E-03 -3.05491E-03 
3.96674E-03 -2.91333E-03 
3.79592E-03 -2.88244E-03 
3.75858E-03 -2.88360E-03 
3.63285E-03 -2.92735E-03 
3.53961E-03 -2.98048E-03 
3.41345E-03 -2.97704E-03 
3.21878E-03 -2.88117E-03 
2.96405E-03 -2.70199E-03 
2.67005E-03 -2.46463E-03 
2.36734E-03 -2.20378E-03 
2.07970E-03 -1.94710E-03 
1.81922E-03 -1.70987E-03 
1.58938E-03 -1.49791E-03 
1.38976E-03 -1.31237E-03 
1.22070E-03 -1.15448E-03 
1.08851E-03 -1.03074E-03 
1.00853E-03 -9.56019E-04 
9.83632E-04 -9.33312E-04 
9.64496E-04 -9.15958E-04 
8.99128E-04 -8.54577E-04 
7.00109E-03 -4.45461E-03 
6.13812E-03 -3.99268E-03 
5.34116E-03 -3.53577E-03 
4.65631E-03 -3.13492E-03 
4.09808E-03 -2.81656E-03 
3.68758E-03 -2.61104E-03 
3.42520E-03 -2.52746E-03 
3.30895E-03 -2.53558E-03 
3.28590E-03 -2.54692E-03 
3.21506E-03 -2.62842E-03 
3.15440E-03 -2.69994E-03 
3.04057E-03 -2.69627E-03 
2.84096E-03 -2.58402E-03 
2.57221E-03 -2.38043E-03 
2.26560E-03 -2.12096E-03 
1.95884E-03 -1.84762E-03 
1.67806E-03 -1.59050E-03 
1.43399E-03 -1.36343E-03 
1.22699E-03 -1.16903E-03 
1.05335E-03 -1.00499E-03 
9.10148E-04 -8.69239E-04 
7.99504E-04 -7.64154E-04 
7.30421E-04 -6.98564E-04 
7.02902E-04 -6.72609E-04 
6.80357E-04 -6.51348E-04 
6.26306E-04 -5.99863E-04 
5.65765E-03 -3.58399E-03 
4.93624E-03 -3.19442E-03 
4.27642E-03 -2.81494E-03 
3.71663E-03 -2.48854E-03 
3.26931E-03 -2.23827E-03 
2.95006E-03 -2.08807E-03 
2.75711E-03 -2.04340E-03 
2.67943E-03 -2.06946E-03 
2.66534E-03 -2.08413E-03 
2.62511E-03 -2.17151E-03 
2.58040E-03 -2.23729E-03 
2.47463E-03 -2.22274E-03 
2.28217E-03 -2.10121E-03 
2.02454E-03 -1.89502E-03 
1.73705E-03 -1.64339E-03 
1.45870E-03 -1.38936E-03 
1.21399E-03 -1.16108E-03 
1.01036E-03 -9.68728E-04 
8.44883E-04 -8.11265E-04 
7.11218E-04 -6.83520E-04 
6.04210E-04 -5.80989E-04 
5.22861E-04 -5.02935E-04 
4.71195E-04 -4.53339E-04 
4.47684E-04 -4.30783E-04 
4.28092E-04 -4.11974E-04 
3.89521E-04 -3.74880E-04 
4.21062E-03 -2.65297E-03 
3.64798E-03 -2.34725E-03 
3.13812E-03 -2.05355E-03 
2.70928E-03 -1.80413E-03 
2.37079E-03 -1.61659E-03 
2.13091E-03 -1.50630E-03 
1.98604E-03 -1.47498E-03 
1.92633E-03 -1.49440E-03 
1.91493E-03 -1.50485E-03 
1.87724E-03 -1.56359E-03 
1.82976E-03 -1.59844E-03 
1.73211E-03 -1.56742E-03 
1.56939E-03 -1.45516E-03 
1.36147E-03 -1.28271E-03 
1.13801E-03 -1.08309E-03 
9.29564E-04 -8.90185E-04 
7.53286E-04 -7.23968E-04 
6.12266E-04 -5.89594E-04 
5.01894E-04 -4.83788E-04 
4.15655E-04 -4.00832E-04 
3.48412E-04 -3.36025E-04 
2.98112E-04 -2.87495E-04 
2.66017E-04 -2.56502E-04 
2.50510E-04 -2.41496E-04 
2.37605E-04 -2.28994E-04 
2.14575E-04 -2.06736E-04 
---
