PdfType: replica
Format: lhagrid1
---
1.00000E-06 1.28121E-06 1.64152E-06 2.10317E-06 2.69463E-06 3.45242E-06 4.42329E-06 5.66715E-06 7.26076E-06 9.30241E-06 1.19180E-05 1.52689E-05 1.95617E-05 2.50609E-05 3.21053E-05 4.11287E-05 5.26863E-05 6.74889E-05 8.64459E-05 1.10720E-04 1.41800E-04 1.81585E-04 2.32503E-04 2.97652E-04 3.80981E-04 4.87518E-04 6.26039E-04 8.00452E-04 1.02297E-03 1.30657E-03 1.66759E-03 2.12729E-03 2.71054E-03 3.44865E-03 4.37927E-03 5.54908E-03 7.01192E-03 8.83064E-03 1.10763E-02 1.38266E-02 1.71641E-02 2.11717E-02 2.59364E-02 3.15062E-02 3.79623E-02 4.53425E-02 5.36750E-02 6.29705E-02 7.32221E-02 8.44039E-02 9.64793E-02 1.09332E-01 1.23067E-01 1.37507E-01 1.52639E-01 1.68416E-01 1.84794E-01 2.01731E-01 2.19016E-01 2.36948E-01 2.55242E-01 2.73927E-01 2.92954E-01 3.12340E-01 3.32036E-01 3.52019E-01 3.72282E-01 3.92772E-01 4.13533E-01 4.34326E-01 4.55495E-01 4.76836E-01 4.98342E-01 5.20006E-01 5.41818E-01 5.63773E-01 5.85861E-01 6.08077E-01 6.30459E-01 6.52800E-01 6.75387E-01 6.98063E-01 7.20830E-01 7.43683E-01 7.66623E-01 7.89636E-01 8.12791E-01 8.35940E-01 8.59175E-01 8.82485E-01 9.05866E-01 9.29311E-01 9.52817E-01 9.76387E-01 1.00000E+00 
1.14018E+00 1.22539E+00 1.32482E+00 1.44156E+00 1.57954E+00 1.74381E+00 1.94091E+00 2.12132E+00 2.17945E+00 2.49622E+00 2.89383E+00 3.39925E+00 4.05063E+00 4.90286E+00 6.03623E+00 7.57063E+00 9.68869E+00 1.26749E+01 1.69835E+01 2.33578E+01 3.30501E+01 4.82334E+01 7.28041E+01 1.13998E+02 1.85779E+02 3.16228E+02 
908 909 
-9.64717E-02 5.03560E-04 
-8.47312E-02 4.83380E-04 
-7.37859E-02 4.62921E-04 
-6.37033E-02 4.43840E-04 
-5.45486E-02 4.26357E-04 
-4.63567E-02 4.10496E-04 
-3.91401E-02 3.96236E-04 
-3.42209E-02 3.86259E-04 
-3.28903E-02 3.83508E-04 
-2.71991E-02 3.71376E-04 
-2.25320E-02 3.60707E-04 
-1.88015E-02 3.51272E-04 
-1.59026E-02 3.42806E-04 
-1.37139E-02 3.36249E-04 
-1.21256E-02 3.28374E-04 
-1.10164E-02 3.20666E-04 
-1.02788E-02 3.12901E-04 
-9.81919E-03 3.04935E-04 
-9.56244E-03 2.96783E-04 
-9.45659E-03 2.88859E-04 
-9.48716E-03 2.82779E-04 
-9.71993E-03 2.83639E-04 
-1.03687E-02 3.03148E-04 
-1.16518E-02 3.51031E-04 
-1.32298E-02 4.07356E-04 
-1.44022E-02 4.37784E-04 
-8.94040E-02 5.12706E-04 
-7.86033E-02 4.94457E-04 
-6.85338E-02 4.75644E-04 
-5.92572E-02 4.58119E-04 
-5.08345E-02 4.42034E-04 
-4.32977E-02 4.27405E-04 
-3.66584E-02 4.14207E-04 
-3.21329E-02 4.04937E-04 
-3.09088E-02 4.02375E-04 
-2.56734E-02 3.91026E-04 
-2.13806E-02 3.80968E-04 
-1.79498E-02 3.71984E-04 
-1.52845E-02 3.63836E-04 
-1.32727E-02 3.57664E-04 
-1.18143E-02 3.49967E-04 
-1.07975E-02 3.42389E-04 
-1.01232E-02 3.34737E-04 
-9.70578E-03 3.26902E-04 
-9.47614E-03 3.18940E-04 
-9.38729E-03 3.11335E-04 
-9.42819E-03 3.05856E-04 
-9.66629E-03 3.08016E-04 
-1.03151E-02 3.30520E-04 
-1.15924E-02 3.84165E-04 
-1.31634E-02 4.47901E-04 
-1.43340E-02 4.84656E-04 
-8.28910E-02 5.22844E-04 
-7.29547E-02 5.06425E-04 
-6.36909E-02 4.89153E-04 
-5.51559E-02 4.73102E-04 
-4.74066E-02 4.58344E-04 
-4.04725E-02 4.44887E-04 
-3.43643E-02 4.32706E-04 
-3.02010E-02 4.24116E-04 
-2.90749E-02 4.21735E-04 
-2.42590E-02 4.11150E-04 
-2.03105E-02 4.01695E-04 
-1.71556E-02 3.93174E-04 
-1.47054E-02 3.85369E-04 
-1.28562E-02 3.79640E-04 
-1.15177E-02 3.72183E-04 
-1.05860E-02 3.64810E-04 
-9.97031E-03 3.57363E-04 
-9.59180E-03 3.49766E-04 
-9.38734E-03 3.42121E-04 
-9.31437E-03 3.34982E-04 
-9.36493E-03 3.30278E-04 
-9.60789E-03 3.33968E-04 
-1.02560E-02 3.59818E-04 
-1.15266E-02 4.19794E-04 
-1.30894E-02 4.91695E-04 
-1.42574E-02 5.35526E-04 
-7.68881E-02 5.34240E-04 
-6.77471E-02 5.19565E-04 
-5.92244E-02 5.03746E-04 
-5.13716E-02 4.89102E-04 
-4.42419E-02 4.75613E-04 
-3.78622E-02 4.63283E-04 
-3.22428E-02 4.52082E-04 
-2.84127E-02 4.44153E-04 
-2.73768E-02 4.41950E-04 
-2.29467E-02 4.32116E-04 
-1.93152E-02 4.23268E-04 
-1.64141E-02 4.15228E-04 
-1.41619E-02 4.07801E-04 
-1.24625E-02 4.02582E-04 
-1.12343E-02 3.95433E-04 
-1.03812E-02 3.88351E-04 
-9.81953E-03 3.81208E-04 
-9.47708E-03 3.73967E-04 
-9.29599E-03 3.66774E-04 
-9.23783E-03 3.60260E-04 
-9.29743E-03 3.56523E-04 
-9.54476E-03 3.61999E-04 
-1.01917E-02 3.91599E-04 
-1.14544E-02 4.58570E-04 
-1.30078E-02 5.39505E-04 
-1.41720E-02 5.91251E-04 
-7.13547E-02 5.47181E-04 
-6.29451E-02 5.34178E-04 
-5.51043E-02 5.19736E-04 
-4.78791E-02 5.06442E-04 
-4.13192E-02 4.94172E-04 
-3.54496E-02 4.82928E-04 
-3.02797E-02 4.72679E-04 
-2.67562E-02 4.65396E-04 
-2.58033E-02 4.63368E-04 
-2.17283E-02 4.54280E-04 
-1.83883E-02 4.46048E-04 
-1.57209E-02 4.38513E-04 
-1.36509E-02 4.31502E-04 
-1.20894E-02 4.26865E-04 
-1.09629E-02 4.20099E-04 
-1.01821E-02 4.13396E-04 
-9.67043E-03 4.06664E-04 
-9.36134E-03 3.99902E-04 
-9.20195E-03 3.93306E-04 
-9.15761E-03 3.87585E-04 
-9.22562E-03 3.85022E-04 
-9.47683E-03 3.92565E-04 
-1.01218E-02 4.26370E-04 
-1.13756E-02 5.01090E-04 
-1.29181E-02 5.92042E-04 
-1.40774E-02 6.52630E-04 
-6.62526E-02 5.61943E-04 
-5.85159E-02 5.50545E-04 
-5.13023E-02 5.37416E-04 
-4.46543E-02 5.25419E-04 
-3.86187E-02 5.14327E-04 
-3.32185E-02 5.04134E-04 
-2.84621E-02 4.94812E-04 
-2.52207E-02 4.88163E-04 
-2.43441E-02 4.86307E-04 
-2.05958E-02 4.77963E-04 
-1.75241E-02 4.70360E-04 
-1.50717E-02 4.63356E-04 
-1.31695E-02 4.56806E-04 
-1.17349E-02 4.52826E-04 
-1.07020E-02 4.46521E-04 
-9.98807E-03 4.40292E-04 
-9.52245E-03 4.34081E-04 
-9.24422E-03 4.27929E-04 
-9.10497E-03 4.22083E-04 
-9.07348E-03 4.17336E-04 
-9.14929E-03 4.16167E-04 
-9.40387E-03 4.26083E-04 
-1.00462E-02 4.64595E-04 
-1.12898E-02 5.47910E-04 
-1.28198E-02 6.49968E-04 
-1.39729E-02 7.20409E-04 
-6.15469E-02 5.78761E-04 
-5.44290E-02 5.68910E-04 
-4.77925E-02 5.57041E-04 
-4.16756E-02 5.46295E-04 
-3.61223E-02 5.36340E-04 
-3.11538E-02 5.27167E-04 
-2.67779E-02 5.18751E-04 
-2.37960E-02 5.12727E-04 
-2.29896E-02 5.11042E-04 
-1.95419E-02 5.03443E-04 
-1.67171E-02 4.96483E-04 
-1.44626E-02 4.90043E-04 
-1.27148E-02 4.83999E-04 
-1.13970E-02 4.80759E-04 
-1.04505E-02 4.74995E-04 
-9.79803E-03 4.69339E-04 
-9.37496E-03 4.63769E-04 
-9.12528E-03 4.58367E-04 
-9.00469E-03 4.53432E-04 
-8.98513E-03 4.49850E-04 
-9.06812E-03 4.50311E-04 
-9.32552E-03 4.62931E-04 
-9.96437E-03 5.06701E-04 
-1.11964E-02 5.99540E-04 
-1.27123E-02 7.13900E-04 
-1.38577E-02 7.95285E-04 
-5.72052E-02 5.97829E-04 
-5.06566E-02 5.89471E-04 
-4.45509E-02 5.78823E-04 
-3.89226E-02 5.69287E-04 
-3.38130E-02 5.60433E-04 
-2.92416E-02 5.52254E-04 
-2.52158E-02 5.44725E-04 
-2.24726E-02 5.39319E-04 
-2.17309E-02 5.37803E-04 
-1.85597E-02 5.30955E-04 
-1.59622E-02 5.24659E-04 
-1.38898E-02 5.18818E-04 
-1.22841E-02 5.13334E-04 
-1.10738E-02 5.10921E-04 
-1.02067E-02 5.05788E-04 
-9.61107E-03 5.00811E-04 
-9.22726E-03 4.96007E-04 
-9.00395E-03 4.91502E-04 
-8.90065E-03 4.87654E-04 
-8.89212E-03 4.85441E-04 
-8.98168E-03 4.87788E-04 
-9.24131E-03 5.03467E-04 
-9.87580E-03 5.53094E-04 
-1.10947E-02 6.56468E-04 
-1.25945E-02 7.84425E-04 
-1.37305E-02 8.77926E-04 
-5.31977E-02 6.19299E-04 
-4.71727E-02 6.12384E-04 
-4.15554E-02 6.02940E-04 
-3.63765E-02 5.94575E-04 
-3.16751E-02 5.86791E-04 
-2.74691E-02 5.79583E-04 
-2.37653E-02 5.72928E-04 
-2.12419E-02 5.68137E-04 
-2.05595E-02 5.66792E-04 
-1.76429E-02 5.60705E-04 
-1.52544E-02 5.55099E-04 
-1.33496E-02 5.49900E-04 
-1.18748E-02 5.45036E-04 
-1.07634E-02 5.43547E-04 
-9.96953E-03 5.39139E-04 
-9.42615E-03 5.34957E-04 
-9.07856E-03 5.31057E-04 
-8.87961E-03 5.27610E-04 
-8.79227E-03 5.25034E-04 
-8.79392E-03 5.24413E-04 
-8.88943E-03 5.28918E-04 
-9.15065E-03 5.48041E-04 
-9.77979E-03 6.04171E-04 
-1.09839E-02 7.19174E-04 
-1.24655E-02 8.62124E-04 
-1.35902E-02 9.68989E-04 
-4.94970E-02 6.43290E-04 
-4.39536E-02 6.37774E-04 
-3.87856E-02 6.29538E-04 
-3.40202E-02 6.22313E-04 
-2.96943E-02 6.15576E-04 
-2.58244E-02 6.09321E-04 
-2.24169E-02 6.03533E-04 
-2.00955E-02 5.99359E-04 
-1.94679E-02 5.98187E-04 
-1.67853E-02 5.92879E-04 
-1.45893E-02 5.87998E-04 
-1.28387E-02 5.83491E-04 
-1.14843E-02 5.79318E-04 
-1.04639E-02 5.78862E-04 
-9.73744E-03 5.75284E-04 
-9.24225E-03 5.72023E-04 
-8.92804E-03 5.69175E-04 
-8.75155E-03 5.66961E-04 
-8.67893E-03 5.65862E-04 
-8.68992E-03 5.67071E-04 
-8.79073E-03 5.74029E-04 
-9.05285E-03 5.97009E-04 
-9.67555E-03 6.60338E-04 
-1.08630E-02 7.88145E-04 
-1.23239E-02 9.47581E-04 
-1.34352E-02 1.06913E-03 
-4.60778E-02 6.69900E-04 
-4.09772E-02 6.65746E-04 
-3.62227E-02 6.58755E-04 
-3.18376E-02 6.52646E-04 
-2.78570E-02 6.46936E-04 
-2.42964E-02 6.41625E-04 
-2.11614E-02 6.36704E-04 
-1.90259E-02 6.33156E-04 
-1.84486E-02 6.32160E-04 
-1.59815E-02 6.27660E-04 
-1.39624E-02 6.23547E-04 
-1.23538E-02 6.19797E-04 
-1.11103E-02 6.16396E-04 
-1.01735E-02 6.17092E-04 
-9.50912E-03 6.14462E-04 
-9.05830E-03 6.12261E-04 
-8.77484E-03 6.10630E-04 
-8.61904E-03 6.09840E-04 
-8.55994E-03 6.10439E-04 
-8.57944E-03 6.13738E-04 
-8.68487E-03 6.23465E-04 
-8.94716E-03 6.50746E-04 
-9.56220E-03 7.22020E-04 
-1.07308E-02 8.63889E-04 
-1.21684E-02 1.04140E-03 
-1.32638E-02 1.17905E-03 
-4.29165E-02 6.99228E-04 
-3.82233E-02 6.96404E-04 
-3.38491E-02 6.90731E-04 
-2.98138E-02 6.85722E-04 
-2.61510E-02 6.81029E-04 
-2.28747E-02 6.76661E-04 
-1.99905E-02 6.72617E-04 
-1.80261E-02 6.69710E-04 
-1.74950E-02 6.68896E-04 
-1.52261E-02 6.65241E-04 
-1.33699E-02 6.61953E-04 
-1.18919E-02 6.59036E-04 
-1.07504E-02 6.56504E-04 
-9.89042E-03 6.58486E-04 
-9.28321E-03 6.56934E-04 
-8.87323E-03 6.55948E-04 
-8.61806E-03 6.55714E-04 
-8.48126E-03 6.56557E-04 
-8.43454E-03 6.59095E-04 
-8.46171E-03 6.64764E-04 
-8.57107E-03 6.77603E-04 
-8.83271E-03 7.09661E-04 
-9.43874E-03 7.89676E-04 
-1.05862E-02 9.46951E-04 
-1.19974E-02 1.14424E-03 
-1.30742E-02 1.29944E-03 
-3.99917E-02 7.31380E-04 
-3.56731E-02 7.29864E-04 
-3.16488E-02 7.25628E-04 
-2.79353E-02 7.21709E-04 
-2.45647E-02 7.18033E-04 
-2.15501E-02 7.14614E-04 
-1.88964E-02 7.11466E-04 
-1.70893E-02 7.09223E-04 
-1.66009E-02 7.08600E-04 
-1.45142E-02 7.05842E-04 
-1.28079E-02 7.03450E-04 
-1.14500E-02 7.01454E-04 
-1.04024E-02 6.99903E-04 
-9.61305E-03 7.03320E-04 
-9.05839E-03 7.02990E-04 
-8.68595E-03 7.03390E-04 
-8.45676E-03 7.04752E-04 
-8.33738E-03 7.07457E-04 
-8.30192E-03 7.12195E-04 
-8.33594E-03 7.20535E-04 
-8.44848E-03 7.36854E-04 
-8.70859E-03 7.74196E-04 
-9.30411E-03 8.63803E-04 
-1.04279E-02 1.03791E-03 
-1.18093E-02 1.25676E-03 
-1.28646E-02 1.43106E-03 
-3.72837E-02 7.66490E-04 
-3.33094E-02 7.66266E-04 
-2.96070E-02 7.63639E-04 
-2.61894E-02 7.60809E-04 
-2.30876E-02 7.58157E-04 
-2.03136E-02 7.55706E-04 
-1.78721E-02 7.53483E-04 
-1.62097E-02 7.51937E-04 
-1.57604E-02 7.51516E-04 
-1.38414E-02 7.49718E-04 
-1.22729E-02 7.48305E-04 
-1.10256E-02 7.47336E-04 
-1.00643E-02 7.46892E-04 
-9.33971E-03 7.51907E-04 
-8.83335E-03 7.52960E-04 
-8.49539E-03 7.54932E-04 
-8.29002E-03 7.58108E-04 
-8.18652E-03 7.62922E-04 
-8.16123E-03 7.70144E-04 
-8.20124E-03 7.81481E-04 
-8.31619E-03 8.01669E-04 
-8.57379E-03 8.44835E-04 
-9.15716E-03 9.44935E-04 
-1.02543E-02 1.13739E-03 
-1.16024E-02 1.37969E-03 
-1.26328E-02 1.57470E-03 
-3.47740E-02 8.04730E-04 
-3.11163E-02 8.05788E-04 
-2.77101E-02 8.05007E-04 
-2.45646E-02 8.03273E-04 
-2.17099E-02 8.01659E-04 
-1.91571E-02 8.00202E-04 
-1.69107E-02 7.98944E-04 
-1.53813E-02 7.98134E-04 
-1.49681E-02 7.97929E-04 
-1.32033E-02 7.97169E-04 
-1.17615E-02 7.96832E-04 
-1.06159E-02 7.97009E-04 
-9.73398E-03 7.97816E-04 
-9.06879E-03 8.04606E-04 
-8.60678E-03 8.07217E-04 
-8.30043E-03 8.10967E-04 
-8.11683E-03 8.16191E-04 
-8.02776E-03 8.23383E-04 
-8.01155E-03 8.33392E-04 
-8.05668E-03 8.48072E-04 
-8.17321E-03 8.72544E-04 
-8.42722E-03 9.22105E-04 
-8.99661E-03 1.03365E-03 
-1.00640E-02 1.24605E-03 
-1.13746E-02 1.51378E-03 
-1.23764E-02 1.73116E-03 
-3.24458E-02 8.46320E-04 
-2.90791E-02 8.48660E-04 
-2.59453E-02 8.50030E-04 
-2.30500E-02 8.49404E-04 
-2.04225E-02 8.48851E-04 
-1.80732E-02 8.48423E-04 
-1.60060E-02 8.48177E-04 
-1.45991E-02 8.48153E-04 
-1.42189E-02 8.48179E-04 
-1.25959E-02 8.48545E-04 
-1.12707E-02 8.49395E-04 
-1.02184E-02 8.50853E-04 
-9.40952E-03 8.53068E-04 
-8.79873E-03 8.61822E-04 
-8.37738E-03 8.66181E-04 
-8.09995E-03 8.71930E-04 
-7.93617E-03 8.79456E-04 
-7.86010E-03 8.89314E-04 
-7.85190E-03 9.02433E-04 
-7.90125E-03 9.20822E-04 
-8.01844E-03 9.50016E-04 
-8.26770E-03 1.00657E-03 
-8.82110E-03 1.13056E-03 
-9.85527E-03 1.36459E-03 
-1.11239E-02 1.65982E-03 
-1.20931E-02 1.90126E-03 
-3.02835E-02 8.91538E-04 
-2.71843E-02 8.95161E-04 
-2.43010E-02 8.99070E-04 
-2.16356E-02 8.99568E-04 
-1.92170E-02 9.00103E-04 
-1.70547E-02 9.00742E-04 
-1.51524E-02 9.01564E-04 
-1.38579E-02 9.02381E-04 
-1.35082E-02 9.02656E-04 
-1.20155E-02 9.04248E-04 
-1.07973E-02 9.06407E-04 
-9.83094E-03 9.09292E-04 
-9.08901E-03 9.13087E-04 
-8.52796E-03 9.24002E-04 
-8.14383E-03 9.30314E-04 
-7.89278E-03 9.38300E-04 
-7.74696E-03 9.48400E-04 
-7.68251E-03 9.61229E-04 
-7.68121E-03 9.77800E-04 
-7.73384E-03 1.00028E-03 
-7.85072E-03 1.03465E-03 
-8.09393E-03 1.09882E-03 
-8.62913E-03 1.23631E-03 
-9.62621E-03 1.49371E-03 
-1.08479E-02 1.81858E-03 
-1.17801E-02 2.08581E-03 
-2.82727E-02 9.40724E-04 
-2.54192E-02 9.45635E-04 
-2.27663E-02 9.52555E-04 
-2.03122E-02 9.54192E-04 
-1.80856E-02 9.55843E-04 
-1.60951E-02 9.57594E-04 
-1.43443E-02 9.59545E-04 
-1.31532E-02 9.61260E-04 
-1.28314E-02 9.61805E-04 
-1.14585E-02 9.64730E-04 
-1.03387E-02 9.68330E-04 
-9.45107E-03 9.72799E-04 
-8.77060E-03 9.78358E-04 
-8.25490E-03 9.91634E-04 
-7.90476E-03 1.00012E-03 
-7.67769E-03 1.01059E-03 
-7.54803E-03 1.02355E-03 
-7.49383E-03 1.03968E-03 
-7.49834E-03 1.06006E-03 
-7.55323E-03 1.08704E-03 
-7.66875E-03 1.12705E-03 
-7.90449E-03 1.19948E-03 
-8.41905E-03 1.35154E-03 
-9.37485E-03 1.63413E-03 
-1.05443E-02 1.99084E-03 
-1.14345E-02 2.28558E-03 
-2.64001E-02 9.94277E-04 
-2.37723E-02 1.00048E-03 
-2.13311E-02 1.01097E-03 
-1.90712E-02 1.01376E-03 
-1.70209E-02 1.01655E-03 
-1.51883E-02 1.01946E-03 
-1.35767E-02 1.02260E-03 
-1.24805E-02 1.02528E-03 
-1.21844E-02 1.02611E-03 
-1.09214E-02 1.03048E-03 
-9.89186E-03 1.03566E-03 
-9.07657E-03 1.04188E-03 
-8.45239E-03 1.04940E-03 
-7.97795E-03 1.06524E-03 
-7.65877E-03 1.07612E-03 
-7.45338E-03 1.08935E-03 
-7.33815E-03 1.10548E-03 
-7.29283E-03 1.12523E-03 
-7.30200E-03 1.14979E-03 
-7.35810E-03 1.18167E-03 
-7.47111E-03 1.22781E-03 
-7.69782E-03 1.30915E-03 
-8.18906E-03 1.47689E-03 
-9.09896E-03 1.78654E-03 
-1.02102E-02 2.17732E-03 
-1.10532E-02 2.50125E-03 
-2.46534E-02 1.05265E-03 
-2.22328E-02 1.06015E-03 
-1.99861E-02 1.07487E-03 
-1.79045E-02 1.07881E-03 
-1.60162E-02 1.08276E-03 
-1.43286E-02 1.08686E-03 
-1.28447E-02 1.09125E-03 
-1.18356E-02 1.09495E-03 
-1.15631E-02 1.09610E-03 
-1.04010E-02 1.10203E-03 
-9.45426E-03 1.10893E-03 
-8.70519E-03 1.11707E-03 
-8.13251E-03 1.12674E-03 
-7.69546E-03 1.14534E-03 
-7.40437E-03 1.15887E-03 
-7.21847E-03 1.17514E-03 
-7.11597E-03 1.19474E-03 
-7.07816E-03 1.21847E-03 
-7.09080E-03 1.24759E-03 
-7.14697E-03 1.28480E-03 
-7.25622E-03 1.33754E-03 
-7.47220E-03 1.42845E-03 
-7.93720E-03 1.61299E-03 
-8.79617E-03 1.95158E-03 
-9.84271E-03 2.37864E-03 
-1.06328E-02 2.73341E-03 
-2.30210E-02 1.11637E-03 
-2.07905E-02 1.12514E-03 
-1.87224E-02 1.14482E-03 
-1.68045E-02 1.14990E-03 
-1.50648E-02 1.15503E-03 
-1.35103E-02 1.16035E-03 
-1.21437E-02 1.16604E-03 
-1.12145E-02 1.17082E-03 
-1.09637E-02 1.17230E-03 
-9.89406E-03 1.17990E-03 
-9.02315E-03 1.18867E-03 
-8.33468E-03 1.19891E-03 
-7.80899E-03 1.21095E-03 
-7.40568E-03 1.23247E-03 
-7.13996E-03 1.24890E-03 
-6.97144E-03 1.26850E-03 
-6.88000E-03 1.29191E-03 
-6.84831E-03 1.31997E-03 
-6.86320E-03 1.35405E-03 
-6.91823E-03 1.39699E-03 
-7.02235E-03 1.45682E-03 
-7.22573E-03 1.55794E-03 
-7.66128E-03 1.76039E-03 
-8.46381E-03 2.12979E-03 
-9.43866E-03 2.59534E-03 
-1.01694E-02 2.98246E-03 
-2.14922E-02 1.18596E-03 
-1.94362E-02 1.19599E-03 
-1.75318E-02 1.22142E-03 
-1.57641E-02 1.22761E-03 
-1.41608E-02 1.23390E-03 
-1.27283E-02 1.24046E-03 
-1.14692E-02 1.24750E-03 
-1.06133E-02 1.25342E-03 
-1.03823E-02 1.25524E-03 
-9.39741E-03 1.26463E-03 
-8.59590E-03 1.27540E-03 
-7.96275E-03 1.28792E-03 
-7.47985E-03 1.30253E-03 
-7.10680E-03 1.32714E-03 
-6.86386E-03 1.34674E-03 
-6.71068E-03 1.36997E-03 
-6.62863E-03 1.39752E-03 
-6.60167E-03 1.43029E-03 
-6.61751E-03 1.46969E-03 
-6.67011E-03 1.51879E-03 
-6.76762E-03 1.58616E-03 
-6.95635E-03 1.69812E-03 
-7.35896E-03 1.91957E-03 
-8.09906E-03 2.32161E-03 
-8.99456E-03 2.82774E-03 
-9.65927E-03 3.24855E-03 
-2.00571E-02 1.26197E-03 
-1.81610E-02 1.27324E-03 
-1.64064E-02 1.30524E-03 
-1.47764E-02 1.31248E-03 
-1.32981E-02 1.31990E-03 
-1.19775E-02 1.32771E-03 
-1.08169E-02 1.33613E-03 
-1.00282E-02 1.34322E-03 
-9.81529E-03 1.34541E-03 
-8.90790E-03 1.35669E-03 
-8.16977E-03 1.36962E-03 
-7.58704E-03 1.38458E-03 
-7.14296E-03 1.40198E-03 
-6.79688E-03 1.42981E-03 
-6.57424E-03 1.45285E-03 
-6.43441E-03 1.48003E-03 
-6.36011E-03 1.51207E-03 
-6.33643E-03 1.54991E-03 
-6.35186E-03 1.59503E-03 
-6.40063E-03 1.65067E-03 
-6.48994E-03 1.72602E-03 
-6.66180E-03 1.84940E-03 
-7.02766E-03 2.09087E-03 
-7.69882E-03 2.52729E-03 
-8.50671E-03 3.07592E-03 
-9.09805E-03 3.53155E-03 
-1.87062E-02 1.34496E-03 
-1.69566E-02 1.35740E-03 
-1.53387E-02 1.39677E-03 
-1.38349E-02 1.40498E-03 
-1.24712E-02 1.41348E-03 
-1.12530E-02 1.42251E-03 
-1.01826E-02 1.43234E-03 
-9.45525E-03 1.44065E-03 
-9.25894E-03 1.44322E-03 
-8.42237E-03 1.45649E-03 
-7.74203E-03 1.47172E-03 
-7.20512E-03 1.48932E-03 
-6.79614E-03 1.50974E-03 
-6.47386E-03 1.54087E-03 
-6.26914E-03 1.56765E-03 
-6.14072E-03 1.59911E-03 
-6.07252E-03 1.63599E-03 
-6.05062E-03 1.67927E-03 
-6.06421E-03 1.73047E-03 
-6.10767E-03 1.79302E-03 
-6.18703E-03 1.87673E-03 
-6.33961E-03 2.01205E-03 
-6.66461E-03 2.27446E-03 
-7.25978E-03 2.74686E-03 
-7.97112E-03 3.33969E-03 
-8.48128E-03 3.83094E-03 
-1.74306E-02 1.43539E-03 
-1.58151E-02 1.44893E-03 
-1.43216E-02 1.49637E-03 
-1.29332E-02 1.50543E-03 
-1.16744E-02 1.51495E-03 
-1.05500E-02 1.52518E-03 
-9.56204E-03 1.53642E-03 
-8.89075E-03 1.54600E-03 
-8.70959E-03 1.54897E-03 
-7.93761E-03 1.56434E-03 
-7.30985E-03 1.58201E-03 
-6.81444E-03 1.60245E-03 
-6.43705E-03 1.62612E-03 
-6.13556E-03 1.66060E-03 
-5.94647E-03 1.69144E-03 
-5.82754E-03 1.72752E-03 
-5.76377E-03 1.76960E-03 
-5.74213E-03 1.81867E-03 
-5.75238E-03 1.87631E-03 
-5.78891E-03 1.94609E-03 
-5.85646E-03 2.03849E-03 
-5.98716E-03 2.18617E-03 
-6.26683E-03 2.47032E-03 
-6.77841E-03 2.98005E-03 
-7.38358E-03 3.61845E-03 
-7.80421E-03 4.14573E-03 
-1.62218E-02 1.53364E-03 
-1.47290E-02 1.54820E-03 
-1.33479E-02 1.60419E-03 
-1.20653E-02 1.61399E-03 
-1.09023E-02 1.62443E-03 
-9.86363E-03 1.63584E-03 
-8.95101E-03 1.64851E-03 
-8.33090E-03 1.65940E-03 
-8.16355E-03 1.66278E-03 
-7.45036E-03 1.68036E-03 
-6.87032E-03 1.70066E-03 
-6.41240E-03 1.72416E-03 
-6.06328E-03 1.75134E-03 
-5.77967E-03 1.78916E-03 
-5.60400E-03 1.82440E-03 
-5.49267E-03 1.86546E-03 
-5.43166E-03 1.91311E-03 
-5.40868E-03 1.96831E-03 
-5.41398E-03 2.03269E-03 
-5.44188E-03 2.10997E-03 
-5.49561E-03 2.21129E-03 
-5.60161E-03 2.37163E-03 
-5.83117E-03 2.67811E-03 
-6.25097E-03 3.22623E-03 
-6.73970E-03 3.91111E-03 
-7.06195E-03 4.47432E-03 
-1.50544E-02 1.64160E-03 
-1.36754E-02 1.65710E-03 
-1.23967E-02 1.72195E-03 
-1.12122E-02 1.73235E-03 
-1.01381E-02 1.74367E-03 
-9.17886E-03 1.75624E-03 
-8.33598E-03 1.77040E-03 
-7.76319E-03 1.78268E-03 
-7.60859E-03 1.78652E-03 
-6.94964E-03 1.80651E-03 
-6.41343E-03 1.82969E-03 
-5.98971E-03 1.85655E-03 
-5.66609E-03 1.88760E-03 
-5.39779E-03 1.92875E-03 
-5.23355E-03 1.96885E-03 
-5.12803E-03 2.01535E-03 
-5.06805E-03 2.06901E-03 
-5.04203E-03 2.13077E-03 
-5.04058E-03 2.20226E-03 
-5.05785E-03 2.28734E-03 
-5.09532E-03 2.39783E-03 
-5.17316E-03 2.57115E-03 
-5.34656E-03 2.90066E-03 
-5.66423E-03 3.48841E-03 
-6.02349E-03 4.22085E-03 
-6.23629E-03 4.81981E-03 
-1.39566E-02 1.75586E-03 
-1.26799E-02 1.77222E-03 
-1.14907E-02 1.84545E-03 
-1.03943E-02 1.85633E-03 
-9.40014E-03 1.86846E-03 
-8.51217E-03 1.88220E-03 
-7.73181E-03 1.89792E-03 
-7.20138E-03 1.91168E-03 
-7.05818E-03 1.91600E-03 
-6.44762E-03 1.93858E-03 
-5.95031E-03 1.96486E-03 
-5.55669E-03 1.99535E-03 
-5.25520E-03 2.03055E-03 
-4.99929E-03 2.07488E-03 
-4.84420E-03 2.12016E-03 
-4.74250E-03 2.17242E-03 
-4.68178E-03 2.23234E-03 
-4.65100E-03 2.30083E-03 
-4.64111E-03 2.37949E-03 
-4.64594E-03 2.47231E-03 
-4.66509E-03 2.59178E-03 
-4.71199E-03 2.77778E-03 
-4.82460E-03 3.12995E-03 
-5.03236E-03 3.75681E-03 
-5.25253E-03 4.53568E-03 
-5.34779E-03 5.16834E-03 
-1.29023E-02 1.87770E-03 
-1.17189E-02 1.89489E-03 
-1.06081E-02 1.97545E-03 
-9.59220E-03 1.98678E-03 
-8.67103E-03 1.99976E-03 
-7.84810E-03 2.01478E-03 
-7.12470E-03 2.03223E-03 
-6.63278E-03 2.04764E-03 
-6.49994E-03 2.05250E-03 
-5.93319E-03 2.07798E-03 
-5.47089E-03 2.10772E-03 
-5.10407E-03 2.14223E-03 
-4.82190E-03 2.18199E-03 
-4.57585E-03 2.22932E-03 
-4.42786E-03 2.28025E-03 
-4.32810E-03 2.33864E-03 
-4.26481E-03 2.40514E-03 
-4.22748E-03 2.48056E-03 
-4.20724E-03 2.56645E-03 
-4.19755E-03 2.66692E-03 
-4.19593E-03 2.79512E-03 
-4.20848E-03 2.99342E-03 
-4.25451E-03 3.36783E-03 
-4.34254E-03 4.03324E-03 
-4.41146E-03 4.85727E-03 
-4.37912E-03 5.52126E-03 
-1.18844E-02 2.00636E-03 
-1.07860E-02 2.02443E-03 
-9.74270E-03 2.11042E-03 
-8.80039E-03 2.12228E-03 
-7.94586E-03 2.13628E-03 
-7.18227E-03 2.15282E-03 
-6.51075E-03 2.17231E-03 
-6.05381E-03 2.18966E-03 
-5.93036E-03 2.19514E-03 
-5.40321E-03 2.22396E-03 
-4.97231E-03 2.25764E-03 
-4.62920E-03 2.29666E-03 
-4.36368E-03 2.34146E-03 
-4.12510E-03 2.39161E-03 
-3.98216E-03 2.44864E-03 
-3.88241E-03 2.51355E-03 
-3.81469E-03 2.58687E-03 
-3.76887E-03 2.66931E-03 
-3.73626E-03 2.76234E-03 
-3.70985E-03 2.87016E-03 
-3.68486E-03 3.00657E-03 
-3.65948E-03 3.21644E-03 
-3.63286E-03 3.61215E-03 
-3.59087E-03 4.31472E-03 
-3.49589E-03 5.18156E-03 
-3.32565E-03 5.87347E-03 
-1.08960E-02 2.14070E-03 
-9.87526E-03 2.15987E-03 
-8.88854E-03 2.24830E-03 
-8.01357E-03 2.26099E-03 
-7.21996E-03 2.27638E-03 
-6.51055E-03 2.29489E-03 
-5.88627E-03 2.31691E-03 
-5.46111E-03 2.33662E-03 
-5.34616E-03 2.34285E-03 
-4.85475E-03 2.37563E-03 
-4.45189E-03 2.41388E-03 
-4.12958E-03 2.45801E-03 
-3.87816E-03 2.50843E-03 
-3.64478E-03 2.56113E-03 
-3.50483E-03 2.62474E-03 
-3.40312E-03 2.69649E-03 
-3.32897E-03 2.77677E-03 
-3.27264E-03 2.86617E-03 
-3.22550E-03 2.96604E-03 
-3.18003E-03 3.08062E-03 
-3.12894E-03 3.22438E-03 
-3.06190E-03 3.44467E-03 
-2.95628E-03 3.86011E-03 
-2.77361E-03 4.59747E-03 
-2.50171E-03 5.50355E-03 
-2.18320E-03 6.21878E-03 
-9.92947E-03 2.27942E-03 
-8.97965E-03 2.30012E-03 
-8.03895E-03 2.38680E-03 
-7.22580E-03 2.40092E-03 
-6.48805E-03 2.41838E-03 
-5.82824E-03 2.43958E-03 
-5.24709E-03 2.46489E-03 
-4.85081E-03 2.48755E-03 
-4.74357E-03 2.49471E-03 
-4.28438E-03 2.53229E-03 
-3.90648E-03 2.57590E-03 
-3.60221E-03 2.62590E-03 
-3.36244E-03 2.68258E-03 
-3.13214E-03 2.73755E-03 
-2.99305E-03 2.80817E-03 
-2.88728E-03 2.88698E-03 
-2.80458E-03 2.97421E-03 
-2.73553E-03 3.07026E-03 
-2.67154E-03 3.17637E-03 
-2.60448E-03 3.29681E-03 
-2.52440E-03 3.44666E-03 
-2.41177E-03 3.67570E-03 
-2.22052E-03 4.10858E-03 
-1.88598E-03 4.87727E-03 
-1.42366E-03 5.81759E-03 
-9.46349E-04 6.55027E-03 
-8.98118E-03 2.42051E-03 
-8.09609E-03 2.44348E-03 
-7.19109E-03 2.52299E-03 
-6.43475E-03 2.53953E-03 
-5.74825E-03 2.56009E-03 
-5.13381E-03 2.58503E-03 
-4.59196E-03 2.61470E-03 
-4.22187E-03 2.64110E-03 
-4.12159E-03 2.64941E-03 
-3.69128E-03 2.69284E-03 
-3.33532E-03 2.74277E-03 
-3.04640E-03 2.79945E-03 
-2.81579E-03 2.86304E-03 
-2.58656E-03 2.91995E-03 
-2.44609E-03 2.99788E-03 
-2.33401E-03 3.08377E-03 
-2.24049E-03 3.17765E-03 
-2.15636E-03 3.27972E-03 
-2.07307E-03 3.39107E-03 
-1.98184E-03 3.51599E-03 
-1.86982E-03 3.67014E-03 
-1.70768E-03 3.90564E-03 
-1.42423E-03 4.35277E-03 
-9.26823E-04 5.14792E-03 
-2.60939E-04 6.11580E-03 
3.85046E-04 6.85857E-03 
-8.04684E-03 2.56222E-03 
-7.22089E-03 2.58858E-03 
-6.34204E-03 2.65441E-03 
-5.63804E-03 2.67485E-03 
-4.99865E-03 2.69997E-03 
-4.42575E-03 2.73007E-03 
-3.91967E-03 2.76545E-03 
-3.57322E-03 2.79660E-03 
-3.47920E-03 2.80635E-03 
-3.07456E-03 2.85684E-03 
-2.73762E-03 2.91414E-03 
-2.46133E-03 2.97835E-03 
-2.23730E-03 3.04945E-03 
-2.00727E-03 3.10789E-03 
-1.86297E-03 3.19318E-03 
-1.74214E-03 3.28584E-03 
-1.63531E-03 3.38567E-03 
-1.53357E-03 3.49268E-03 
-1.42840E-03 3.60777E-03 
-1.31028E-03 3.73525E-03 
-1.16336E-03 3.89133E-03 
-9.47808E-04 4.13029E-03 
-5.65679E-04 4.58749E-03 
1.05439E-04 5.40279E-03 
9.87615E-04 6.38975E-03 
1.81145E-03 7.13374E-03 
-7.12413E-03 2.70317E-03 
-6.35221E-03 2.73446E-03 
-5.49126E-03 2.77947E-03 
-4.83555E-03 2.80577E-03 
-4.23942E-03 2.83733E-03 
-3.70445E-03 2.87436E-03 
-3.23075E-03 2.91707E-03 
-2.90549E-03 2.95410E-03 
-2.81701E-03 2.96558E-03 
-2.43484E-03 3.02447E-03 
-2.11389E-03 3.09018E-03 
-1.84735E-03 3.16263E-03 
-1.62717E-03 3.24163E-03 
-1.39452E-03 3.30106E-03 
-1.24370E-03 3.39336E-03 
-1.11141E-03 3.49200E-03 
-9.88556E-04 3.59656E-03 
-8.66501E-04 3.70682E-03 
-7.36728E-04 3.82354E-03 
-5.88997E-04 3.95101E-03 
-4.04250E-04 4.10596E-03 
-1.31558E-04 4.34460E-03 
3.55436E-04 4.80664E-03 
1.21053E-03 5.63416E-03 
2.32083E-03 6.62984E-03 
3.33054E-03 7.36468E-03 
-6.21146E-03 2.84329E-03 
-5.48886E-03 2.88151E-03 
-4.63958E-03 2.89854E-03 
-4.02836E-03 2.93311E-03 
-3.47183E-03 2.97333E-03 
-2.97125E-03 3.01930E-03 
-2.52654E-03 3.07108E-03 
-2.21991E-03 3.11513E-03 
-2.13625E-03 3.12866E-03 
-1.77316E-03 3.19717E-03 
-1.46495E-03 3.27212E-03 
-1.20501E-03 3.35324E-03 
-9.85610E-04 3.44010E-03 
-7.48587E-04 3.49979E-03 
-5.88161E-04 3.59813E-03 
-4.41394E-04 3.70131E-03 
-2.99549E-04 3.80866E-03 
-1.54271E-04 3.91976E-03 
2.92449E-06 4.03523E-03 
1.83016E-04 4.15938E-03 
4.08415E-04 4.30938E-03 
7.41762E-04 4.54310E-03 
1.33941E-03 5.00364E-03 
2.38809E-03 5.83383E-03 
3.73731E-03 6.82597E-03 
4.93961E-03 7.53984E-03 
-5.31101E-03 2.98468E-03 
-4.63307E-03 3.03165E-03 
-3.79198E-03 3.01451E-03 
-3.22135E-03 3.06001E-03 
-2.70056E-03 3.11122E-03 
-2.23059E-03 3.16810E-03 
-1.81114E-03 3.23056E-03 
-1.52033E-03 3.28260E-03 
-1.44068E-03 3.29842E-03 
-1.09284E-03 3.37737E-03 
-7.93642E-04 3.46190E-03 
-5.36686E-04 3.55149E-03 
-3.14548E-04 3.64550E-03 
-7.13424E-05 3.70438E-03 
1.02153E-04 3.80694E-03 
2.66752E-04 3.91233E-03 
4.30795E-04 4.01965E-03 
6.02326E-04 4.12831E-03 
7.89766E-04 4.23883E-03 
1.00483E-03 4.35552E-03 
1.27343E-03 4.49598E-03 
1.67048E-03 4.71935E-03 
2.38379E-03 5.17091E-03 
3.63433E-03 5.99255E-03 
5.23143E-03 6.96703E-03 
6.63104E-03 7.64680E-03 
-4.42592E-03 3.12092E-03 
-3.78830E-03 3.18328E-03 
-2.95614E-03 3.13405E-03 
-2.42179E-03 3.19331E-03 
-1.93231E-03 3.25716E-03 
-1.48856E-03 3.32643E-03 
-1.09005E-03 3.40064E-03 
-8.11740E-04 3.46118E-03 
-7.35132E-04 3.47936E-03 
-3.98052E-04 3.56880E-03 
-1.03483E-04 3.66235E-03 
1.54729E-04 3.75928E-03 
3.83682E-04 3.85875E-03 
6.34988E-04 3.91526E-03 
8.25451E-04 4.01915E-03 
1.01154E-03 4.12333E-03 
1.20117E-03 4.22677E-03 
1.40202E-03 4.32874E-03 
1.62242E-03 4.42968E-03 
1.87482E-03 4.53397E-03 
2.18874E-03 4.65952E-03 
2.65189E-03 4.86629E-03 
3.48485E-03 5.30036E-03 
4.94388E-03 6.10067E-03 
6.79555E-03 7.04164E-03 
8.39488E-03 7.67311E-03 
-3.57890E-03 3.38836E-03 
-2.96433E-03 3.36928E-03 
-2.14176E-03 3.26202E-03 
-1.63884E-03 3.34098E-03 
-1.17552E-03 3.42016E-03 
-7.52664E-04 3.50227E-03 
-3.69821E-04 3.58818E-03 
-1.00023E-04 3.65683E-03 
-2.53061E-05 3.67721E-03 
3.06424E-04 3.77593E-03 
6.01563E-04 3.87667E-03 
8.65993E-04 3.97852E-03 
1.10645E-03 4.08046E-03 
1.36795E-03 4.13236E-03 
1.57965E-03 4.23339E-03 
1.79111E-03 4.33176E-03 
2.00975E-03 4.42635E-03 
2.24288E-03 4.51636E-03 
2.49868E-03 4.60221E-03 
2.79033E-03 4.68837E-03 
3.15108E-03 4.79295E-03 
3.68190E-03 4.97620E-03 
4.63720E-03 5.38331E-03 
6.30927E-03 6.14809E-03 
8.41950E-03 7.03823E-03 
1.02183E-02 7.60642E-03 
-2.75328E-03 3.59267E-03 
-2.16449E-03 3.56550E-03 
-1.36173E-03 3.42165E-03 
-8.83150E-04 3.51727E-03 
-4.39210E-04 3.61048E-03 
-3.06819E-05 3.70462E-03 
3.42909E-04 3.80073E-03 
6.09035E-04 3.87589E-03 
6.83248E-04 3.89793E-03 
1.01605E-03 4.00301E-03 
1.31784E-03 4.10744E-03 
1.59417E-03 4.21015E-03 
1.85136E-03 4.31004E-03 
2.12538E-03 4.35428E-03 
2.36278E-03 4.44687E-03 
2.60350E-03 4.53359E-03 
2.85444E-03 4.61325E-03 
3.12248E-03 4.68508E-03 
3.41562E-03 4.74954E-03 
3.74781E-03 4.81120E-03 
4.15609E-03 4.88825E-03 
4.75510E-03 5.04054E-03 
5.83388E-03 5.41047E-03 
7.72112E-03 6.12432E-03 
1.00908E-02 6.94511E-03 
1.20859E-02 7.43462E-03 
-1.96925E-03 3.83616E-03 
-1.39817E-03 3.79532E-03 
-6.26307E-04 3.62357E-03 
-1.63721E-04 3.73422E-03 
2.69045E-04 3.83901E-03 
6.71212E-04 3.94210E-03 
1.04322E-03 4.04478E-03 
1.31135E-03 4.12330E-03 
1.38667E-03 4.14603E-03 
1.72795E-03 4.25253E-03 
2.04322E-03 4.35521E-03 
2.33768E-03 4.45298E-03 
2.61721E-03 4.54467E-03 
2.90624E-03 4.57722E-03 
3.17376E-03 4.65449E-03 
3.44738E-03 4.72257E-03 
3.73348E-03 4.78030E-03 
4.03846E-03 4.82697E-03 
4.37018E-03 4.86317E-03 
4.74332E-03 4.89354E-03 
5.19887E-03 4.93619E-03 
5.86535E-03 5.04979E-03 
7.06706E-03 5.37178E-03 
9.16902E-03 6.01832E-03 
1.17958E-02 6.75034E-03 
1.39811E-02 7.14567E-03 
-1.23388E-03 4.12934E-03 
-6.71031E-04 4.06727E-03 
5.72448E-05 3.88086E-03 
5.13892E-04 4.00224E-03 
9.45186E-04 4.11356E-03 
1.35025E-03 4.22004E-03 
1.72940E-03 4.32335E-03 
2.00590E-03 4.40041E-03 
2.08412E-03 4.42238E-03 
2.44194E-03 4.52320E-03 
2.77798E-03 4.61681E-03 
3.09702E-03 4.70210E-03 
3.40448E-03 4.77795E-03 
3.71113E-03 4.79381E-03 
4.01272E-03 4.84782E-03 
4.32227E-03 4.88943E-03 
4.64562E-03 4.91757E-03 
4.98872E-03 4.93169E-03 
5.35928E-03 4.93248E-03 
5.77276E-03 4.92468E-03 
6.27414E-03 4.92607E-03 
7.00611E-03 4.99324E-03 
8.32840E-03 5.25625E-03 
1.06420E-02 5.81841E-03 
1.35202E-02 6.44165E-03 
1.58868E-02 6.72759E-03 
-5.49073E-04 4.48025E-03 
1.65239E-05 4.38625E-03 
6.89196E-04 4.20111E-03 
1.15132E-03 4.32603E-03 
1.59196E-03 4.43618E-03 
2.01002E-03 4.53804E-03 
2.40567E-03 4.63383E-03 
2.69722E-03 4.70301E-03 
2.78021E-03 4.72234E-03 
3.16282E-03 4.80850E-03 
3.52688E-03 4.88403E-03 
3.87671E-03 4.94791E-03 
4.21725E-03 4.99912E-03 
4.54407E-03 4.99237E-03 
4.88286E-03 5.01453E-03 
5.23044E-03 5.02138E-03 
5.59213E-03 5.01204E-03 
5.97345E-03 4.98609E-03 
6.38198E-03 4.94442E-03 
6.83403E-03 4.89178E-03 
7.37868E-03 4.84533E-03 
8.17287E-03 4.85854E-03 
9.61183E-03 5.05137E-03 
1.21316E-02 5.51146E-03 
1.52531E-02 6.00542E-03 
1.77898E-02 6.16716E-03 
8.57702E-05 4.88728E-03 
6.66081E-04 4.74797E-03 
1.27493E-03 4.57979E-03 
1.75448E-03 4.69861E-03 
2.21551E-03 4.79765E-03 
2.65669E-03 4.88497E-03 
3.07794E-03 4.96342E-03 
3.39090E-03 5.01725E-03 
3.48039E-03 5.03178E-03 
3.89537E-03 5.09307E-03 
4.29380E-03 5.14061E-03 
4.67959E-03 5.17349E-03 
5.05722E-03 5.19084E-03 
5.40631E-03 5.15509E-03 
5.78395E-03 5.13696E-03 
6.17015E-03 5.10112E-03 
6.56974E-03 5.04688E-03 
6.98787E-03 4.97405E-03 
7.43205E-03 4.88364E-03 
7.91947E-03 4.78036E-03 
8.50337E-03 4.68044E-03 
9.35496E-03 4.63302E-03 
1.09045E-02 4.74509E-03 
1.36221E-02 5.08570E-03 
1.69746E-02 5.43055E-03 
1.96672E-02 5.45483E-03 
6.84385E-04 5.34191E-03 
1.29181E-03 5.14179E-03 
1.83438E-03 5.00290E-03 
2.34285E-03 5.10434E-03 
2.83470E-03 5.18101E-03 
3.30831E-03 5.24275E-03 
3.76337E-03 5.29317E-03 
4.10329E-03 5.32363E-03 
4.20078E-03 5.33104E-03 
4.65450E-03 5.35678E-03 
5.09240E-03 5.36610E-03 
5.51801E-03 5.35829E-03 
5.93540E-03 5.33262E-03 
6.30833E-03 5.26116E-03 
6.72503E-03 5.19476E-03 
7.14902E-03 5.10888E-03 
7.58472E-03 5.00303E-03 
8.03697E-03 4.87723E-03 
8.51325E-03 4.73264E-03 
9.03173E-03 4.57381E-03 
9.64985E-03 4.41563E-03 
1.05530E-02 4.30161E-03 
1.22062E-02 4.32256E-03 
1.51118E-02 4.52597E-03 
1.86822E-02 4.70167E-03 
2.15155E-02 4.57606E-03 
1.26372E-03 5.82274E-03 
1.91021E-03 5.54567E-03 
2.39177E-03 5.44216E-03 
2.93905E-03 5.51456E-03 
3.47047E-03 5.55743E-03 
3.98408E-03 5.58260E-03 
4.47934E-03 5.59452E-03 
4.85038E-03 5.59385E-03 
4.95696E-03 5.59195E-03 
5.45382E-03 5.57197E-03 
5.93434E-03 5.53355E-03 
6.40174E-03 5.47612E-03 
6.85973E-03 5.39917E-03 
7.25717E-03 5.28559E-03 
7.71131E-03 5.16424E-03 
8.17057E-03 5.02229E-03 
8.63901E-03 4.85949E-03 
9.12119E-03 4.67606E-03 
9.62467E-03 4.47331E-03 
1.01686E-02 4.25553E-03 
1.08147E-02 4.03577E-03 
1.17626E-02 3.85052E-03 
1.35110E-02 3.77103E-03 
1.65932E-02 3.82026E-03 
2.03662E-02 3.80793E-03 
2.33231E-02 3.52206E-03 
1.84585E-03 6.29918E-03 
2.54284E-03 5.92990E-03 
2.97657E-03 5.85997E-03 
3.57010E-03 5.89257E-03 
4.14742E-03 5.89124E-03 
4.70624E-03 5.86997E-03 
5.24580E-03 5.83409E-03 
5.65042E-03 5.79549E-03 
5.76669E-03 5.78234E-03 
6.30884E-03 5.70784E-03 
6.83301E-03 5.61352E-03 
7.34216E-03 5.49899E-03 
7.83970E-03 5.36394E-03 
8.26126E-03 5.20256E-03 
8.74950E-03 5.02124E-03 
9.23991E-03 4.81887E-03 
9.73624E-03 4.59547E-03 
1.02429E-02 4.35149E-03 
1.07674E-02 4.08834E-03 
1.13302E-02 3.80990E-03 
1.19971E-02 3.52698E-03 
1.29817E-02 3.26748E-03 
1.48160E-02 3.07955E-03 
1.80621E-02 2.95884E-03 
2.20209E-02 2.74127E-03 
2.50835E-02 2.28722E-03 
2.45436E-03 6.73415E-03 
3.21286E-03 6.25993E-03 
3.61877E-03 6.21380E-03 
4.26304E-03 6.19766E-03 
4.88984E-03 6.14363E-03 
5.49645E-03 6.06792E-03 
6.08196E-03 5.97677E-03 
6.52080E-03 5.89480E-03 
6.64685E-03 5.86888E-03 
7.23411E-03 5.73295E-03 
7.80080E-03 5.57643E-03 
8.34967E-03 5.39915E-03 
8.88389E-03 5.20101E-03 
9.32795E-03 4.98734E-03 
9.84537E-03 4.74298E-03 
1.03614E-02 4.47779E-03 
1.08794E-02 4.19210E-03 
1.14038E-02 3.88661E-03 
1.19422E-02 3.56282E-03 
1.25160E-02 3.22406E-03 
1.31956E-02 2.87837E-03 
1.42082E-02 2.54350E-03 
1.61181E-02 2.24099E-03 
1.95143E-02 1.93651E-03 
2.36410E-02 1.49901E-03 
2.67906E-02 8.72005E-04 
3.11132E-03 7.08741E-03 
3.94168E-03 6.49940E-03 
4.34410E-03 6.46072E-03 
5.04061E-03 6.38922E-03 
5.71773E-03 6.27627E-03 
6.37221E-03 6.14036E-03 
7.00293E-03 5.98860E-03 
7.47492E-03 5.85945E-03 
7.61034E-03 5.81968E-03 
8.24035E-03 5.61756E-03 
8.84641E-03 5.39466E-03 
9.43111E-03 5.15104E-03 
9.99743E-03 4.88690E-03 
1.04610E-02 4.61803E-03 
1.10012E-02 4.30970E-03 
1.15359E-02 3.98148E-03 
1.20683E-02 3.63401E-03 
1.26024E-02 3.26827E-03 
1.31464E-02 2.88582E-03 
1.37226E-02 2.48933E-03 
1.44057E-02 2.08353E-03 
1.54366E-02 1.67446E-03 
1.74106E-02 1.25360E-03 
2.09416E-02 7.54381E-04 
2.52167E-02 8.58402E-05 
2.84329E-02 -7.15054E-04 
3.82848E-03 7.31439E-03 
4.74334E-03 6.60981E-03 
5.16840E-03 6.55887E-03 
5.91598E-03 6.42823E-03 
6.64198E-03 6.25298E-03 
7.34232E-03 6.05381E-03 
8.01568E-03 5.83866E-03 
8.51843E-03 5.66038E-03 
8.66247E-03 5.60624E-03 
9.33119E-03 5.33569E-03 
9.97194E-03 5.04466E-03 
1.05871E-02 4.73352E-03 
1.11796E-02 4.40281E-03 
1.16584E-02 4.07789E-03 
1.22139E-02 3.70706E-03 
1.27592E-02 3.31797E-03 
1.32973E-02 2.91164E-03 
1.38324E-02 2.48935E-03 
1.43726E-02 2.05271E-03 
1.49415E-02 1.60355E-03 
1.56181E-02 1.14280E-03 
1.66564E-02 6.63290E-04 
1.86817E-02 1.23307E-04 
2.23298E-02 -5.77705E-04 
2.67312E-02 -1.48362E-03 
2.99922E-02 -2.45475E-03 
4.61421E-03 7.37756E-03 
5.62613E-03 6.56020E-03 
6.09846E-03 6.47653E-03 
6.89392E-03 6.28508E-03 
7.66562E-03 6.04639E-03 
8.40828E-03 5.78311E-03 
9.12027E-03 5.50395E-03 
9.65033E-03 5.27624E-03 
9.80194E-03 5.20768E-03 
1.05040E-02 4.86872E-03 
1.11734E-02 4.51009E-03 
1.18125E-02 4.13256E-03 
1.24239E-02 3.73710E-03 
1.29123E-02 3.35753E-03 
1.34744E-02 2.92805E-03 
1.40212E-02 2.48270E-03 
1.45556E-02 2.02293E-03 
1.50816E-02 1.55033E-03 
1.56077E-02 1.06651E-03 
1.61588E-02 5.72306E-04 
1.68179E-02 6.43616E-05 
1.78518E-02 -4.79044E-04 
1.99136E-02 -1.13546E-03 
2.36586E-02 -2.04046E-03 
2.81611E-02 -3.18429E-03 
3.14431E-02 -4.31695E-03 
5.45502E-03 7.24572E-03 
6.58597E-03 6.32878E-03 
7.12700E-03 6.19516E-03 
7.96571E-03 5.94328E-03 
8.77902E-03 5.64224E-03 
9.55962E-03 5.31626E-03 
1.03053E-02 4.97461E-03 
1.08586E-02 4.69885E-03 
1.10165E-02 4.61630E-03 
1.17454E-02 4.21131E-03 
1.24366E-02 3.78803E-03 
1.30920E-02 3.34774E-03 
1.37141E-02 2.89190E-03 
1.42052E-02 2.46167E-03 
1.47645E-02 1.97993E-03 
1.53029E-02 1.48555E-03 
1.58233E-02 9.80383E-04 
1.63297E-02 4.66329E-04 
1.68309E-02 -5.50921E-05 
1.73531E-02 -5.84184E-04 
1.79833E-02 -1.12901E-03 
1.90003E-02 -1.72688E-03 
2.10828E-02 -2.49293E-03 
2.49017E-02 -3.59782E-03 
2.94775E-02 -4.97275E-03 
3.27556E-02 -6.25264E-03 
6.35391E-03 6.90075E-03 
7.63892E-03 5.90318E-03 
8.26732E-03 5.70556E-03 
9.14429E-03 5.39304E-03 
9.99498E-03 5.03059E-03 
1.08089E-02 4.64339E-03 
1.15831E-02 4.24108E-03 
1.21551E-02 3.91897E-03 
1.23179E-02 3.82300E-03 
1.30666E-02 3.35509E-03 
1.37716E-02 2.87105E-03 
1.44348E-02 2.37273E-03 
1.50584E-02 1.86218E-03 
1.55440E-02 1.38683E-03 
1.60903E-02 8.60657E-04 
1.66096E-02 3.25961E-04 
1.71049E-02 -2.14984E-04 
1.75802E-02 -7.60060E-04 
1.80449E-02 -1.30792E-03 
1.85266E-02 -1.86021E-03 
1.91160E-02 -2.43013E-03 
2.01033E-02 -3.07149E-03 
2.21901E-02 -3.93851E-03 
2.60603E-02 -5.23664E-03 
3.06819E-02 -6.83299E-03 
3.39316E-02 -8.24360E-03 
7.27958E-03 6.32424E-03 
8.76875E-03 5.27745E-03 
9.49774E-03 5.00876E-03 
1.04070E-02 4.63634E-03 
1.12905E-02 4.21496E-03 
1.21327E-02 3.76986E-03 
1.29295E-02 3.31065E-03 
1.35150E-02 2.94551E-03 
1.36811E-02 2.83717E-03 
1.44417E-02 2.31187E-03 
1.51518E-02 1.77351E-03 
1.58131E-02 1.22462E-03 
1.64282E-02 6.67815E-04 
1.68990E-02 1.55658E-04 
1.74213E-02 -4.04535E-04 
1.79103E-02 -9.68266E-04 
1.83690E-02 -1.53293E-03 
1.88018E-02 -2.09627E-03 
1.92185E-02 -2.65726E-03 
1.96480E-02 -3.21907E-03 
2.01851E-02 -3.80030E-03 
2.11296E-02 -4.47174E-03 
2.32038E-02 -5.42698E-03 
2.71001E-02 -6.90480E-03 
3.17377E-02 -8.70501E-03 
3.49342E-02 -1.02248E-02 
8.17376E-03 5.49604E-03 
9.94825E-03 4.44503E-03 
1.07920E-02 4.10567E-03 
1.17263E-02 3.67471E-03 
1.26379E-02 3.19824E-03 
1.35039E-02 2.70019E-03 
1.43180E-02 2.18956E-03 
1.49125E-02 1.78610E-03 
1.50806E-02 1.66685E-03 
1.58458E-02 1.09170E-03 
1.65528E-02 5.07557E-04 
1.72034E-02 -8.24057E-05 
1.78001E-02 -6.74981E-04 
1.82469E-02 -1.21356E-03 
1.87346E-02 -1.79557E-03 
1.91822E-02 -2.37532E-03 
1.95929E-02 -2.94998E-03 
1.99716E-02 -3.51732E-03 
2.03289E-02 -4.07675E-03 
2.06950E-02 -4.63316E-03 
2.11680E-02 -5.21078E-03 
2.20570E-02 -5.89746E-03 
2.41007E-02 -6.92560E-03 
2.79961E-02 -8.56509E-03 
3.26176E-02 -1.05466E-02 
3.57359E-02 -1.21512E-02 
9.00427E-03 4.41964E-03 
1.11579E-02 3.41581E-03 
1.21224E-02 3.01193E-03 
1.30742E-02 2.52434E-03 
1.40108E-02 1.99758E-03 
1.48976E-02 1.45256E-03 
1.57249E-02 8.97011E-04 
1.63247E-02 4.60750E-04 
1.64934E-02 3.32299E-04 
1.72565E-02 -2.83962E-04 
1.79527E-02 -9.04082E-04 
1.85837E-02 -1.52422E-03 
1.91521E-02 -2.14062E-03 
1.95653E-02 -2.69373E-03 
2.00076E-02 -3.28403E-03 
2.04026E-02 -3.86552E-03 
2.07540E-02 -4.43533E-03 
2.10675E-02 -4.99141E-03 
2.13542E-02 -5.53382E-03 
2.16461E-02 -6.06933E-03 
2.20445E-02 -6.62788E-03 
2.28656E-02 -7.31414E-03 
2.48608E-02 -8.39783E-03 
2.87276E-02 -1.01770E-02 
3.33010E-02 -1.23131E-02 
3.63168E-02 -1.39760E-02 
9.71626E-03 3.09751E-03 
1.24165E-02 2.21137E-03 
1.35198E-02 1.75453E-03 
1.44782E-02 1.20857E-03 
1.54331E-02 6.34276E-04 
1.63334E-02 4.72804E-05 
1.71650E-02 -5.46955E-04 
1.77620E-02 -1.01026E-03 
1.79290E-02 -1.14607E-03 
1.86779E-02 -1.79369E-03 
1.93504E-02 -2.43857E-03 
1.99486E-02 -3.07636E-03 
2.04755E-02 -3.70297E-03 
2.08426E-02 -4.25709E-03 
2.12270E-02 -4.84083E-03 
2.15572E-02 -5.40870E-03 
2.18377E-02 -5.95800E-03 
2.20746E-02 -6.48706E-03 
2.22804E-02 -6.99678E-03 
2.24882E-02 -7.49597E-03 
2.28021E-02 -8.02019E-03 
2.35442E-02 -8.69035E-03 
2.54745E-02 -9.81127E-03 
2.92863E-02 -1.17057E-02 
3.37810E-02 -1.39669E-02 
3.66728E-02 -1.56617E-02 
1.02036E-02 1.53479E-03 
1.36571E-02 8.43238E-04 
1.49108E-02 3.49869E-04 
1.58620E-02 -2.53551E-04 
1.68310E-02 -8.69663E-04 
1.77419E-02 -1.49085E-03 
1.85737E-02 -2.11512E-03 
1.91642E-02 -2.59808E-03 
1.93283E-02 -2.73897E-03 
2.00567E-02 -3.40636E-03 
2.06979E-02 -4.06327E-03 
2.12547E-02 -4.70498E-03 
2.17308E-02 -5.32721E-03 
2.20429E-02 -5.86813E-03 
2.23597E-02 -6.43009E-03 
2.26154E-02 -6.96879E-03 
2.28152E-02 -7.48192E-03 
2.29664E-02 -7.96842E-03 
2.30824E-02 -8.43020E-03 
2.31980E-02 -8.87819E-03 
2.34193E-02 -9.35350E-03 
2.40728E-02 -9.99222E-03 
2.59222E-02 -1.11312E-02 
2.96524E-02 -1.31139E-02 
3.40382E-02 -1.54685E-02 
3.67863E-02 -1.71682E-02 
1.03478E-02 -2.26136E-04 
1.48316E-02 -6.39449E-04 
1.62513E-02 -1.14842E-03 
1.71746E-02 -1.80773E-03 
1.81506E-02 -2.45900E-03 
1.90687E-02 -3.10583E-03 
1.98976E-02 -3.75107E-03 
2.04793E-02 -4.24622E-03 
2.06396E-02 -4.38992E-03 
2.13432E-02 -5.06560E-03 
2.19479E-02 -5.72208E-03 
2.24571E-02 -6.35436E-03 
2.28752E-02 -6.95816E-03 
2.31253E-02 -7.47227E-03 
2.33672E-02 -7.99805E-03 
2.35408E-02 -8.49300E-03 
2.36527E-02 -8.95549E-03 
2.37114E-02 -9.38530E-03 
2.37316E-02 -9.78554E-03 
2.37494E-02 -1.01693E-02 
2.38729E-02 -1.05830E-02 
2.44304E-02 -1.11763E-02 
2.61852E-02 -1.23143E-02 
2.98091E-02 -1.43561E-02 
3.40582E-02 -1.67702E-02 
3.66464E-02 -1.84491E-02 
1.00736E-02 -2.19774E-03 
1.60041E-02 -2.24276E-03 
1.76299E-02 -2.74870E-03 
1.85028E-02 -3.46761E-03 
1.94790E-02 -4.15072E-03 
2.03977E-02 -4.81610E-03 
2.12129E-02 -5.47310E-03 
2.17755E-02 -5.97190E-03 
2.19290E-02 -6.11570E-03 
2.25922E-02 -6.78576E-03 
2.31448E-02 -7.42658E-03 
2.35907E-02 -8.03326E-03 
2.39357E-02 -8.60185E-03 
2.41102E-02 -9.07311E-03 
2.42646E-02 -9.54638E-03 
2.43449E-02 -9.98163E-03 
2.43589E-02 -1.03781E-02 
2.43166E-02 -1.07367E-02 
2.42339E-02 -1.10617E-02 
2.41480E-02 -1.13686E-02 
2.41682E-02 -1.17083E-02 
2.46228E-02 -1.22430E-02 
2.62697E-02 -1.33618E-02 
2.97635E-02 -1.54354E-02 
3.38492E-02 -1.78770E-02 
3.62622E-02 -1.95111E-02 
9.18237E-03 -4.31309E-03 
1.70616E-02 -3.89866E-03 
1.89278E-02 -4.37824E-03 
1.97110E-02 -5.15653E-03 
2.06750E-02 -5.86468E-03 
2.15899E-02 -6.53949E-03 
2.23891E-02 -7.19878E-03 
2.29316E-02 -7.69361E-03 
2.30779E-02 -7.83518E-03 
2.36990E-02 -8.48787E-03 
2.41961E-02 -9.10024E-03 
2.45747E-02 -9.66792E-03 
2.48425E-02 -1.01877E-02 
2.49375E-02 -1.06035E-02 
2.50004E-02 -1.10115E-02 
2.49834E-02 -1.13745E-02 
2.48961E-02 -1.16931E-02 
2.47499E-02 -1.19693E-02 
2.45620E-02 -1.22089E-02 
2.43709E-02 -1.24294E-02 
2.42863E-02 -1.26862E-02 
2.46348E-02 -1.31518E-02 
2.61638E-02 -1.42344E-02 
2.95071E-02 -1.63119E-02 
3.34070E-02 -1.87491E-02 
3.56348E-02 -2.03169E-02 
7.50151E-03 -6.51935E-03 
1.80172E-02 -5.57745E-03 
2.01713E-02 -6.00981E-03 
2.08115E-02 -6.84674E-03 
2.17471E-02 -7.57309E-03 
2.26513E-02 -8.24784E-03 
2.34277E-02 -8.89904E-03 
2.39449E-02 -9.38121E-03 
2.40826E-02 -9.51797E-03 
2.46555E-02 -1.01409E-02 
2.50924E-02 -1.07125E-02 
2.53995E-02 -1.12287E-02 
2.55854E-02 -1.16873E-02 
2.55969E-02 -1.20360E-02 
2.55645E-02 -1.23672E-02 
2.54470E-02 -1.26471E-02 
2.52558E-02 -1.28775E-02 
2.50039E-02 -1.30620E-02 
2.47102E-02 -1.32079E-02 
2.44140E-02 -1.33348E-02 
2.42252E-02 -1.35018E-02 
2.44661E-02 -1.38897E-02 
2.58694E-02 -1.49212E-02 
2.90442E-02 -1.69761E-02 
3.27387E-02 -1.93788E-02 
3.47740E-02 -2.08620E-02 
4.82230E-03 -8.73464E-03 
1.88687E-02 -7.24198E-03 
2.13918E-02 -7.61786E-03 
2.18311E-02 -8.51806E-03 
2.27265E-02 -9.26183E-03 
2.36174E-02 -9.93118E-03 
2.43651E-02 -1.05659E-02 
2.48506E-02 -1.10271E-02 
2.49777E-02 -1.11563E-02 
2.54908E-02 -1.17351E-02 
2.58547E-02 -1.22500E-02 
2.60775E-02 -1.26987E-02 
2.61704E-02 -1.30806E-02 
2.60895E-02 -1.33487E-02 
2.59551E-02 -1.35906E-02 
2.57324E-02 -1.37763E-02 
2.54345E-02 -1.39093E-02 
2.50762E-02 -1.39944E-02 
2.46774E-02 -1.40405E-02 
2.42783E-02 -1.40690E-02 
2.39876E-02 -1.41418E-02 
2.41217E-02 -1.44460E-02 
2.53941E-02 -1.54135E-02 
2.83860E-02 -1.74218E-02 
3.18598E-02 -1.97630E-02 
3.36993E-02 -2.11465E-02 
8.87828E-04 -1.08667E-02 
1.95621E-02 -8.83911E-03 
2.25429E-02 -9.14962E-03 
2.26820E-02 -1.01056E-02 
2.34958E-02 -1.08539E-02 
2.43538E-02 -1.15041E-02 
2.50620E-02 -1.21101E-02 
2.55132E-02 -1.25426E-02 
2.56295E-02 -1.26622E-02 
2.60861E-02 -1.31884E-02 
2.63829E-02 -1.36397E-02 
2.65280E-02 -1.40146E-02 
2.65341E-02 -1.43136E-02 
2.63664E-02 -1.44959E-02 
2.61351E-02 -1.46434E-02 
2.58119E-02 -1.47304E-02 
2.54120E-02 -1.47618E-02 
2.49520E-02 -1.47442E-02 
2.44533E-02 -1.46882E-02 
2.39567E-02 -1.46166E-02 
2.35695E-02 -1.45938E-02 
2.36000E-02 -1.48108E-02 
2.47383E-02 -1.57037E-02 
2.75350E-02 -1.76432E-02 
3.07753E-02 -1.98982E-02 
3.24180E-02 -2.11700E-02 
-4.64491E-03 -1.27434E-02 
2.00996E-02 -1.03302E-02 
2.36875E-02 -1.05908E-02 
2.34373E-02 -1.16082E-02 
2.41521E-02 -1.23667E-02 
2.49769E-02 -1.29981E-02 
2.56414E-02 -1.35705E-02 
2.60521E-02 -1.39667E-02 
2.61557E-02 -1.40743E-02 
2.65454E-02 -1.45347E-02 
2.67644E-02 -1.49080E-02 
2.68206E-02 -1.51944E-02 
2.67294E-02 -1.53966E-02 
2.64665E-02 -1.54808E-02 
2.61326E-02 -1.55239E-02 
2.57060E-02 -1.55043E-02 
2.52041E-02 -1.54288E-02 
2.46449E-02 -1.53054E-02 
2.40508E-02 -1.51459E-02 
2.34626E-02 -1.49744E-02 
2.29852E-02 -1.48568E-02 
2.29172E-02 -1.49854E-02 
2.39208E-02 -1.57957E-02 
2.65144E-02 -1.76478E-02 
2.95134E-02 -1.97960E-02 
3.09622E-02 -2.09480E-02 
-1.21423E-02 -1.41968E-02 
2.04340E-02 -1.16755E-02 
2.48104E-02 -1.19022E-02 
2.40300E-02 -1.29624E-02 
2.45885E-02 -1.37186E-02 
2.53549E-02 -1.43195E-02 
2.59607E-02 -1.48470E-02 
2.63253E-02 -1.51996E-02 
2.64152E-02 -1.52930E-02 
2.67361E-02 -1.56782E-02 
2.68799E-02 -1.59665E-02 
2.68552E-02 -1.61608E-02 
2.66777E-02 -1.62652E-02 
2.63314E-02 -1.62523E-02 
2.59067E-02 -1.61925E-02 
2.53882E-02 -1.60683E-02 
2.47951E-02 -1.58884E-02 
2.41471E-02 -1.56624E-02 
2.34678E-02 -1.54032E-02 
2.27982E-02 -1.51360E-02 
2.22402E-02 -1.49275E-02 
2.20810E-02 -1.49695E-02 
2.29522E-02 -1.56919E-02 
2.53377E-02 -1.74411E-02 
2.80908E-02 -1.94653E-02 
2.93515E-02 -2.04928E-02 
-2.21657E-02 -1.49396E-02 
2.04372E-02 -1.28107E-02 
2.59295E-02 -1.30647E-02 
2.45079E-02 -1.41610E-02 
2.48777E-02 -1.49231E-02 
2.55801E-02 -1.54995E-02 
2.61237E-02 -1.59824E-02 
2.64410E-02 -1.62888E-02 
2.65169E-02 -1.63670E-02 
2.67679E-02 -1.66702E-02 
2.68323E-02 -1.68638E-02 
2.67194E-02 -1.69544E-02 
2.64485E-02 -1.69499E-02 
2.60138E-02 -1.68314E-02 
2.54968E-02 -1.66629E-02 
2.48875E-02 -1.64311E-02 
2.42071E-02 -1.61463E-02 
2.34767E-02 -1.58193E-02 
2.27205E-02 -1.54642E-02 
2.19789E-02 -1.51064E-02 
2.13503E-02 -1.48125E-02 
2.11083E-02 -1.47714E-02 
2.18511E-02 -1.54031E-02 
2.40266E-02 -1.70370E-02 
2.65333E-02 -1.89240E-02 
2.76139E-02 -1.98254E-02 
-3.52327E-02 -1.46934E-02 
2.00009E-02 -1.37276E-02 
2.70500E-02 -1.40810E-02 
2.48583E-02 -1.51725E-02 
2.49720E-02 -1.59262E-02 
2.55725E-02 -1.64670E-02 
2.60267E-02 -1.68928E-02 
2.62836E-02 -1.71438E-02 
2.63431E-02 -1.72042E-02 
2.65191E-02 -1.74166E-02 
2.65101E-02 -1.75125E-02 
2.63219E-02 -1.75012E-02 
2.59732E-02 -1.73925E-02 
2.54660E-02 -1.71742E-02 
2.48723E-02 -1.69039E-02 
2.41876E-02 -1.65720E-02 
2.34350E-02 -1.61905E-02 
2.26366E-02 -1.57713E-02 
2.18174E-02 -1.53290E-02 
2.10171E-02 -1.48898E-02 
2.03303E-02 -1.45190E-02 
2.00161E-02 -1.44010E-02 
2.06370E-02 -1.49419E-02 
2.26043E-02 -1.64516E-02 
2.48676E-02 -1.81923E-02 
2.57790E-02 -1.89693E-02 
-5.21628E-02 -1.30145E-02 
1.87669E-02 -1.43598E-02 
2.80704E-02 -1.49279E-02 
2.50658E-02 -1.59699E-02 
2.49101E-02 -1.67282E-02 
2.54058E-02 -1.72505E-02 
2.57657E-02 -1.76271E-02 
2.59622E-02 -1.78253E-02 
2.60057E-02 -1.78684E-02 
2.61071E-02 -1.79871E-02 
2.60207E-02 -1.79771E-02 
2.57530E-02 -1.78554E-02 
2.53246E-02 -1.76360E-02 
2.47450E-02 -1.73142E-02 
2.40774E-02 -1.69409E-02 
2.33225E-02 -1.65106E-02 
2.25050E-02 -1.60364E-02 
2.16482E-02 -1.55311E-02 
2.07770E-02 -1.50098E-02 
1.99302E-02 -1.44981E-02 
1.91973E-02 -1.40595E-02 
1.88218E-02 -1.38719E-02 
1.93282E-02 -1.43236E-02 
2.10913E-02 -1.57034E-02 
2.31166E-02 -1.72918E-02 
2.38708E-02 -1.79485E-02 
-7.32425E-02 -9.45434E-03 
1.63704E-02 -1.47104E-02 
2.89015E-02 -1.56489E-02 
2.51442E-02 -1.65609E-02 
2.46920E-02 -1.73058E-02 
2.50458E-02 -1.78017E-02 
2.52792E-02 -1.81205E-02 
2.53983E-02 -1.82586E-02 
2.54226E-02 -1.82826E-02 
2.54472E-02 -1.83046E-02 
2.52944E-02 -1.81921E-02 
2.49606E-02 -1.79649E-02 
2.44658E-02 -1.76406E-02 
2.38279E-02 -1.72227E-02 
2.31029E-02 -1.67568E-02 
2.22953E-02 -1.62398E-02 
2.14303E-02 -1.56856E-02 
2.05318E-02 -1.51072E-02 
1.96247E-02 -1.45198E-02 
1.87465E-02 -1.39483E-02 
1.79816E-02 -1.34540E-02 
1.75574E-02 -1.32064E-02 
1.79596E-02 -1.35738E-02 
1.95271E-02 -1.48222E-02 
2.13253E-02 -1.62576E-02 
2.19372E-02 -1.68014E-02 
-9.88323E-02 -3.36230E-03 
1.21973E-02 -1.47567E-02 
2.92501E-02 -1.62600E-02 
2.49711E-02 -1.69091E-02 
2.42950E-02 -1.76408E-02 
2.45301E-02 -1.81404E-02 
2.46364E-02 -1.84215E-02 
2.46744E-02 -1.85061E-02 
2.46780E-02 -1.85112E-02 
2.46172E-02 -1.84313E-02 
2.43918E-02 -1.82082E-02 
2.39920E-02 -1.78709E-02 
2.34356E-02 -1.74410E-02 
2.27468E-02 -1.69296E-02 
2.19731E-02 -1.63754E-02 
2.11228E-02 -1.57785E-02 
2.02219E-02 -1.51528E-02 
1.92942E-02 -1.45114E-02 
1.83644E-02 -1.38691E-02 
1.74682E-02 -1.32495E-02 
1.66844E-02 -1.27106E-02 
1.62233E-02 -1.24126E-02 
1.65307E-02 -1.27004E-02 
1.79100E-02 -1.38167E-02 
1.94903E-02 -1.50988E-02 
1.99735E-02 -1.55371E-02 
-1.27433E-01 5.93109E-03 
5.75489E-03 -1.45363E-02 
2.87745E-02 -1.68411E-02 
2.44868E-02 -1.70494E-02 
2.37410E-02 -1.77480E-02 
2.38644E-02 -1.82532E-02 
2.38059E-02 -1.84880E-02 
2.37468E-02 -1.85179E-02 
2.37282E-02 -1.85051E-02 
2.35867E-02 -1.83311E-02 
2.33015E-02 -1.80054E-02 
2.28489E-02 -1.75647E-02 
2.22442E-02 -1.70362E-02 
2.15164E-02 -1.64383E-02 
2.07074E-02 -1.58052E-02 
1.98285E-02 -1.51390E-02 
1.89060E-02 -1.44538E-02 
1.79639E-02 -1.37623E-02 
1.70260E-02 -1.30782E-02 
1.61260E-02 -1.24237E-02 
1.53369E-02 -1.18530E-02 
1.48512E-02 -1.15153E-02 
1.50749E-02 -1.17306E-02 
1.62770E-02 -1.27177E-02 
1.76527E-02 -1.38504E-02 
1.80225E-02 -1.41930E-02 
-1.54930E-01 1.93013E-02 
-3.17153E-03 -1.41012E-02 
2.70045E-02 -1.74895E-02 
2.34815E-02 -1.69825E-02 
2.29685E-02 -1.76108E-02 
2.30619E-02 -1.81415E-02 
2.28395E-02 -1.83463E-02 
2.26679E-02 -1.83244E-02 
2.26228E-02 -1.82935E-02 
2.23854E-02 -1.80211E-02 
2.20360E-02 -1.75894E-02 
2.15371E-02 -1.70479E-02 
2.08979E-02 -1.64293E-02 
2.01478E-02 -1.57564E-02 
1.93209E-02 -1.50576E-02 
1.84307E-02 -1.43365E-02 
1.75037E-02 -1.36065E-02 
1.65633E-02 -1.28795E-02 
1.56326E-02 -1.21682E-02 
1.47431E-02 -1.14926E-02 
1.39618E-02 -1.09029E-02 
1.34637E-02 -1.05366E-02 
1.36154E-02 -1.06877E-02 
1.46529E-02 -1.15508E-02 
1.58389E-02 -1.25404E-02 
1.61107E-02 -1.27982E-02 
-1.73117E-01 3.76870E-02 
-1.39273E-02 -1.35413E-02 
2.34539E-02 -1.83387E-02 
2.16873E-02 -1.67290E-02 
2.18949E-02 -1.72288E-02 
2.21144E-02 -1.78033E-02 
2.17492E-02 -1.79969E-02 
2.14664E-02 -1.79401E-02 
2.13943E-02 -1.78950E-02 
2.10619E-02 -1.75371E-02 
2.06521E-02 -1.70045E-02 
2.01110E-02 -1.63638E-02 
1.94434E-02 -1.56578E-02 
1.86803E-02 -1.49165E-02 
1.78479E-02 -1.41618E-02 
1.69604E-02 -1.33975E-02 
1.60430E-02 -1.26358E-02 
1.51182E-02 -1.18868E-02 
1.42082E-02 -1.11616E-02 
1.33420E-02 -1.04781E-02 
1.25805E-02 -9.88164E-03 
1.20814E-02 -9.49778E-03 
1.21725E-02 -9.59314E-03 
1.30590E-02 -1.03393E-02 
1.40713E-02 -1.11942E-02 
1.42603E-02 -1.13786E-02 
-1.68565E-01 6.23460E-02 
-2.42759E-02 -1.29978E-02 
1.79012E-02 -1.95853E-02 
1.88397E-02 -1.63571E-02 
2.04298E-02 -1.66366E-02 
2.10369E-02 -1.72718E-02 
2.05654E-02 -1.74603E-02 
2.01452E-02 -1.73615E-02 
2.00392E-02 -1.73007E-02 
1.95980E-02 -1.68603E-02 
1.91408E-02 -1.62423E-02 
1.85795E-02 -1.55202E-02 
1.79031E-02 -1.47416E-02 
1.71412E-02 -1.39424E-02 
1.63160E-02 -1.31423E-02 
1.54431E-02 -1.23459E-02 
1.45475E-02 -1.15642E-02 
1.36510E-02 -1.08059E-02 
1.27739E-02 -1.00797E-02 
1.19428E-02 -9.40082E-03 
1.12121E-02 -8.80938E-03 
1.07225E-02 -8.41837E-03 
1.07644E-02 -8.46707E-03 
1.15141E-02 -9.10452E-03 
1.23690E-02 -9.83450E-03 
1.24897E-02 -9.95695E-03 
-1.21931E-01 9.48727E-02 
-2.97753E-02 -1.26042E-02 
1.06449E-02 -2.14564E-02 
1.46866E-02 -1.59343E-02 
1.83961E-02 -1.58480E-02 
1.97608E-02 -1.65380E-02 
1.92875E-02 -1.67355E-02 
1.87478E-02 -1.66166E-02 
1.86098E-02 -1.65466E-02 
1.80566E-02 -1.60409E-02 
1.75459E-02 -1.53395E-02 
1.69657E-02 -1.45377E-02 
1.62888E-02 -1.36926E-02 
1.55413E-02 -1.28460E-02 
1.47386E-02 -1.20136E-02 
1.38962E-02 -1.11994E-02 
1.30376E-02 -1.04123E-02 
1.21830E-02 -9.65854E-03 
1.13512E-02 -8.94435E-03 
1.05660E-02 -8.28210E-03 
9.87598E-03 -7.70667E-03 
9.40548E-03 -7.31838E-03 
9.40895E-03 -7.32943E-03 
1.00362E-02 -7.86761E-03 
1.07505E-02 -8.48356E-03 
1.08167E-02 -8.55526E-03 
-1.16627E-02 1.37390E-01 
-2.32310E-02 -1.24441E-02 
2.97548E-03 -2.42281E-02 
9.18434E-03 -1.55568E-02 
1.56030E-02 -1.48991E-02 
1.82213E-02 -1.56250E-02 
1.79207E-02 -1.58367E-02 
1.72871E-02 -1.57125E-02 
1.71179E-02 -1.56382E-02 
1.64550E-02 -1.50909E-02 
1.58969E-02 -1.43220E-02 
1.53019E-02 -1.34458E-02 
1.46328E-02 -1.25405E-02 
1.39115E-02 -1.16563E-02 
1.31452E-02 -1.08037E-02 
1.23471E-02 -9.98483E-03 
1.15384E-02 -9.20519E-03 
1.07373E-02 -8.46821E-03 
9.96096E-03 -7.77755E-03 
9.23090E-03 -7.14253E-03 
8.58987E-03 -6.59275E-03 
8.14650E-03 -6.21600E-03 
8.12164E-03 -6.19812E-03 
8.64095E-03 -6.64706E-03 
9.23119E-03 -7.16053E-03 
9.25544E-03 -7.19216E-03 
1.79323E-01 1.92733E-01 
3.56526E-03 -1.24055E-02 
-2.45697E-03 -2.81489E-02 
2.74692E-03 -1.53501E-02 
1.19002E-02 -1.38556E-02 
1.63300E-02 -1.45719E-02 
1.64711E-02 -1.47936E-02 
1.57866E-02 -1.46714E-02 
1.55875E-02 -1.45953E-02 
1.48071E-02 -1.40204E-02 
1.42008E-02 -1.31963E-02 
1.36081E-02 -1.22643E-02 
1.29654E-02 -1.13150E-02 
1.22835E-02 -1.04042E-02 
1.15652E-02 -9.54175E-03 
1.08222E-02 -8.72861E-03 
1.00734E-02 -7.96703E-03 
9.33495E-03 -7.25711E-03 
8.62234E-03 -6.59962E-03 
7.95455E-03 -6.00068E-03 
7.36888E-03 -5.48461E-03 
6.95925E-03 -5.12696E-03 
6.91512E-03 -5.08828E-03 
7.34048E-03 -5.45824E-03 
7.82274E-03 -5.88100E-03 
7.81625E-03 -5.88244E-03 
4.52013E-01 2.64718E-01 
5.75093E-02 -1.21186E-02 
-1.60299E-03 -3.34123E-02 
-3.47144E-03 -1.54310E-02 
7.23330E-03 -1.27967E-02 
1.39533E-02 -1.34193E-02 
1.49058E-02 -1.36214E-02 
1.42586E-02 -1.35095E-02 
1.40382E-02 -1.34364E-02 
1.31420E-02 -1.28533E-02 
1.24884E-02 -1.19911E-02 
1.19037E-02 -1.10133E-02 
1.12992E-02 -1.00310E-02 
1.06720E-02 -9.10653E-03 
1.00154E-02 -8.24640E-03 
9.33870E-03 -7.44964E-03 
8.65907E-03 -6.71584E-03 
7.99134E-03 -6.04210E-03 
7.34922E-03 -5.42613E-03 
6.74935E-03 -4.87071E-03 
6.22394E-03 -4.39499E-03 
5.85324E-03 -4.06275E-03 
5.79783E-03 -4.01060E-03 
6.14247E-03 -4.31169E-03 
6.53186E-03 -4.65527E-03 
6.50441E-03 -4.63535E-03 
7.77297E-01 3.56716E-01 
1.35706E-01 -1.08135E-02 
1.00521E-02 -3.99782E-02 
-7.18527E-03 -1.58915E-02 
1.84270E-03 -1.18220E-02 
1.09658E-02 -1.22275E-02 
1.31911E-02 -1.23540E-02 
1.27174E-02 -1.22528E-02 
1.24908E-02 -1.21865E-02 
1.14997E-02 -1.16218E-02 
1.08007E-02 -1.07418E-02 
1.02345E-02 -9.73487E-03 
9.68063E-03 -8.73181E-03 
9.11727E-03 -7.80179E-03 
8.53085E-03 -6.95190E-03 
7.92874E-03 -6.17994E-03 
7.32546E-03 -5.48190E-03 
6.73405E-03 -4.85143E-03 
6.16665E-03 -4.28306E-03 
5.63783E-03 -3.77634E-03 
5.17521E-03 -3.34546E-03 
4.84669E-03 -3.04320E-03 
4.78683E-03 -2.98407E-03 
5.06374E-03 -3.22659E-03 
5.37506E-03 -3.50274E-03 
5.33506E-03 -3.46927E-03 
1.10717E+00 4.73601E-01 
2.18093E-01 -7.29022E-03 
3.54305E-02 -4.76524E-02 
-4.90364E-03 -1.67610E-02 
-3.70319E-03 -1.10253E-02 
7.20298E-03 -1.10520E-02 
1.12284E-02 -1.10012E-02 
1.11285E-02 -1.08980E-02 
1.09225E-02 -1.08419E-02 
9.87704E-03 -1.03252E-02 
9.13954E-03 -9.45492E-03 
8.60049E-03 -8.43485E-03 
8.10607E-03 -7.41985E-03 
7.61607E-03 -6.49189E-03 
7.10932E-03 -5.66007E-03 
6.58998E-03 -4.92041E-03 
6.06969E-03 -4.26497E-03 
5.55958E-03 -3.68366E-03 
5.07038E-03 -3.16781E-03 
4.61491E-03 -2.71378E-03 
4.21675E-03 -2.33109E-03 
3.93269E-03 -2.06229E-03 
3.87387E-03 -2.00151E-03 
4.09407E-03 -2.19440E-03 
4.33991E-03 -2.41331E-03 
4.29406E-03 -2.37266E-03 
1.39137E+00 6.16641E-01 
2.54094E-01 -2.51385E-04 
7.10675E-02 -5.57141E-02 
8.03432E-03 -1.78914E-02 
-8.06629E-03 -1.05135E-02 
2.62952E-03 -9.98895E-03 
8.93083E-03 -9.60563E-03 
9.47726E-03 -9.47086E-03 
9.33196E-03 -9.42643E-03 
8.29943E-03 -8.98553E-03 
7.52863E-03 -8.15089E-03 
7.02184E-03 -7.13262E-03 
6.59780E-03 -6.11732E-03 
6.19290E-03 -5.20131E-03 
5.77561E-03 -4.39562E-03 
5.34594E-03 -3.69442E-03 
4.91318E-03 -3.08634E-03 
4.48701E-03 -2.55779E-03 
4.07713E-03 -2.09703E-03 
3.69504E-03 -1.69747E-03 
3.36093E-03 -1.36430E-03 
3.12184E-03 -1.13074E-03 
3.06835E-03 -1.07260E-03 
3.24218E-03 -1.22444E-03 
3.43431E-03 -1.39592E-03 
3.38793E-03 -1.35329E-03 
1.66273E+00 7.83608E-01 
1.59982E-01 1.09968E-02 
1.00450E-01 -6.30584E-02 
3.65126E-02 -1.89104E-02 
-9.07904E-03 -1.03479E-02 
-2.65919E-03 -9.14156E-03 
6.19122E-03 -8.21559E-03 
7.72362E-03 -7.99288E-03 
7.69453E-03 -7.95724E-03 
6.77625E-03 -7.61427E-03 
5.98330E-03 -6.84466E-03 
5.51589E-03 -5.84644E-03 
5.17241E-03 -4.84202E-03 
4.86155E-03 -3.94478E-03 
4.54118E-03 -3.17062E-03 
4.20647E-03 -2.51199E-03 
3.86420E-03 -1.95405E-03 
3.52298E-03 -1.47994E-03 
3.19193E-03 -1.07503E-03 
2.88170E-03 -7.29946E-04 
2.60978E-03 -4.46013E-04 
2.41488E-03 -2.48092E-04 
2.36977E-03 -1.95739E-04 
2.50627E-03 -3.14187E-04 
2.65504E-03 -4.46998E-04 
2.61204E-03 -4.06343E-04 
2.19610E+00 9.64819E-01 
-1.72960E-01 2.55987E-02 
8.62920E-02 -6.82660E-02 
8.37909E-02 -1.91182E-02 
-3.60315E-03 -1.05159E-02 
-8.31003E-03 -8.62125E-03 
2.89733E-03 -6.88606E-03 
5.80853E-03 -6.48607E-03 
5.96933E-03 -6.45150E-03 
5.31002E-03 -6.21976E-03 
4.51321E-03 -5.54593E-03 
4.09351E-03 -4.58830E-03 
3.83986E-03 -3.60500E-03 
3.63176E-03 -2.73245E-03 
3.41452E-03 -1.99320E-03 
3.17848E-03 -1.37908E-03 
2.92815E-03 -8.72031E-04 
2.67138E-03 -4.52063E-04 
2.41719E-03 -1.01873E-04 
2.17592E-03 1.90388E-04 
1.96307E-03 4.26868E-04 
1.81039E-03 5.90050E-04 
1.77558E-03 6.34538E-04 
1.88253E-03 5.42811E-04 
1.99686E-03 4.40985E-04 
1.95989E-03 4.76895E-04 
3.69879E+00 1.14136E+00 
-8.38869E-01 3.94798E-02 
-3.62821E-02 -6.99183E-02 
1.48488E-01 -1.74538E-02 
1.23193E-02 -1.08753E-02 
-1.36094E-02 -8.53181E-03 
-1.03829E-03 -5.68241E-03 
3.66097E-03 -4.97820E-03 
4.10196E-03 -4.92942E-03 
3.89557E-03 -4.80765E-03 
3.12218E-03 -4.25930E-03 
2.75848E-03 -3.36261E-03 
2.60447E-03 -2.41086E-03 
2.50735E-03 -1.56749E-03 
2.39896E-03 -8.65028E-04 
2.26455E-03 -2.95562E-04 
2.10662E-03 1.61699E-04 
1.93270E-03 5.29602E-04 
1.75224E-03 8.27837E-04 
1.57590E-03 1.07043E-03 
1.41795E-03 1.26254E-03 
1.30458E-03 1.39300E-03 
1.28100E-03 1.42855E-03 
1.36493E-03 1.35788E-03 
1.45236E-03 1.28047E-03 
1.42292E-03 1.30992E-03 
7.48893E+00 1.28491E+00 
-1.83854E+00 4.35958E-02 
-3.59689E-01 -6.71989E-02 
2.20522E-01 -1.25448E-02 
4.29568E-02 -1.11147E-02 
-1.73937E-02 -8.94978E-03 
-5.64385E-03 -4.67454E-03 
1.20031E-03 -3.49906E-03 
2.02693E-03 -3.41351E-03 
2.52263E-03 -3.38424E-03 
1.81001E-03 -2.98629E-03 
1.51013E-03 -2.16850E-03 
1.46564E-03 -1.25816E-03 
1.48864E-03 -4.47729E-04 
1.49500E-03 2.17818E-04 
1.46457E-03 7.44419E-04 
1.39849E-03 1.15486E-03 
1.30475E-03 1.47443E-03 
1.19395E-03 1.72491E-03 
1.07766E-03 1.92223E-03 
9.69688E-04 2.07412E-03 
8.91994E-04 2.17481E-03 
8.79706E-04 2.20122E-03 
9.46012E-04 2.14692E-03 
1.01279E-03 2.08842E-03 
9.91463E-04 2.11062E-03 
1.55184E+01 1.36206E+00 
-2.98237E+00 2.31816E-02 
-9.94093E-01 -6.06543E-02 
2.77523E-01 -2.84439E-03 
9.19944E-02 -1.07229E-02 
-1.80255E-02 -9.90270E-03 
-1.08665E-02 -3.92853E-03 
-1.66024E-03 -2.07695E-03 
-3.36056E-04 -1.92203E-03 
1.16235E-03 -1.94311E-03 
5.66409E-04 -1.71852E-03 
3.40678E-04 -9.97258E-04 
4.14553E-04 -1.34761E-04 
5.66468E-04 6.41209E-04 
6.94031E-04 1.27085E-03 
7.70746E-04 1.75762E-03 
7.96454E-04 2.12559E-03 
7.80366E-04 2.40186E-03 
7.35018E-04 2.60991E-03 
6.73659E-04 2.76725E-03 
6.10447E-04 2.88382E-03 
5.64413E-04 2.95833E-03 
5.62869E-04 2.97610E-03 
6.15841E-04 2.93445E-03 
6.66971E-04 2.89042E-03 
6.53610E-04 2.90531E-03 
2.98669E+01 1.34293E+00 
-3.77140E+00 -4.14683E-02 
-2.02621E+00 -5.29350E-02 
2.82322E-01 1.28687E-02 
1.60212E-01 -9.01172E-03 
-1.35309E-02 -1.13176E-02 
-1.64416E-02 -3.50703E-03 
-4.95187E-03 -7.56424E-04 
-3.03127E-03 -4.91648E-04 
-2.07652E-04 -4.92066E-04 
-6.15476E-04 -4.52780E-04 
-7.52989E-04 1.56951E-04 
-5.50531E-04 9.66184E-04 
-2.60886E-04 1.70883E-03 
-6.44085E-06 2.30692E-03 
1.79585E-04 2.75968E-03 
2.96366E-04 3.09152E-03 
3.54871E-04 3.33110E-03 
3.70273E-04 3.50332E-03 
3.58261E-04 3.62704E-03 
3.34174E-04 3.71401E-03 
3.15371E-04 3.76663E-03 
3.23471E-04 3.77692E-03 
3.66575E-04 3.74493E-03 
4.06126E-04 3.71176E-03 
3.99951E-04 3.71993E-03 
5.20114E+01 1.21424E+00 
-3.40948E+00 -1.71441E-01 
-3.48033E+00 -4.88868E-02 
1.88101E-01 3.51468E-02 
2.44457E-01 -5.24133E-03 
-1.97965E-03 -1.30181E-02 
-2.19685E-02 -3.43480E-03 
-8.67943E-03 4.36553E-04 
-6.09534E-03 8.58459E-04 
-1.62732E-03 9.76627E-04 
-1.75835E-03 8.30786E-04 
-1.79048E-03 1.31983E-03 
-1.44824E-03 2.07389E-03 
-1.01063E-03 2.78668E-03 
-6.21953E-04 3.35944E-03 
-3.22824E-04 3.78554E-03 
-1.14603E-04 4.08912E-03 
1.61988E-05 4.29970E-03 
8.82190E-05 4.44333E-03 
1.20395E-04 4.54015E-03 
1.30100E-04 4.60346E-03 
1.34227E-04 4.63864E-03 
1.50611E-04 4.64298E-03 
1.86478E-04 4.61846E-03 
2.17543E-04 4.59342E-03 
2.17404E-04 4.59586E-03 
8.13360E+01 9.88335E-01 
-9.69970E-01 -3.80667E-01 
-5.24674E+00 -5.45582E-02 
-4.93018E-02 6.31051E-02 
3.35063E-01 1.13237E-03 
1.78136E-02 -1.46874E-02 
-2.68107E-02 -3.67978E-03 
-1.27116E-02 1.47247E-03 
-9.46119E-03 2.09662E-03 
-3.11340E-03 2.45543E-03 
-2.87413E-03 2.14608E-03 
-2.78263E-03 2.51673E-03 
-2.29087E-03 3.22015E-03 
-1.69584E-03 3.91085E-03 
-1.16551E-03 4.46775E-03 
-7.48860E-04 4.87678E-03 
-4.47968E-04 5.16099E-03 
-2.46463E-04 5.35094E-03 
-1.21437E-04 5.47388E-03 
-4.98432E-05 5.55096E-03 
-1.13888E-05 5.59683E-03 
1.15164E-05 5.61924E-03 
3.46556E-05 5.61951E-03 
6.52778E-05 5.60087E-03 
9.01927E-05 5.58192E-03 
9.46641E-05 5.57996E-03 
1.13886E+02 7.05247E-01 
4.12456E+00 -6.64308E-01 
-7.03973E+00 -7.42643E-02 
-4.44456E-01 9.38091E-02 
4.15562E-01 1.00210E-02 
4.51078E-02 -1.58980E-02 
-3.01330E-02 -4.12904E-03 
-1.67086E-02 2.33162E-03 
-1.28909E-02 3.18916E-03 
-4.62092E-03 3.91366E-03 
-3.93712E-03 3.49220E-03 
-3.70851E-03 3.76232E-03 
-3.06652E-03 4.42833E-03 
-2.31267E-03 5.11033E-03 
-1.63839E-03 5.66373E-03 
-1.10337E-03 6.06795E-03 
-7.10961E-04 6.34460E-03 
-4.41721E-04 6.52463E-03 
-2.67989E-04 6.63613E-03 
-1.62005E-04 6.70140E-03 
-9.98591E-05 6.73641E-03 
-6.22873E-05 6.75091E-03 
-3.40908E-05 6.74923E-03 
-7.31025E-06 6.73547E-03 
1.31102E-05 6.72121E-03 
2.05957E-05 6.71639E-03 
1.42154E+02 4.14162E-01 
1.14005E+01 -9.85414E-01 
-8.41859E+00 -1.05898E-01 
-9.45686E-01 1.21950E-01 
4.65059E-01 2.01564E-02 
7.57269E-02 -1.61918E-02 
-3.10235E-02 -4.56713E-03 
-1.99767E-02 2.98251E-03 
-1.58249E-02 4.06602E-03 
-5.94690E-03 5.24021E-03 
-4.80882E-03 4.79136E-03 
-4.45479E-03 5.00300E-03 
-3.68877E-03 5.65472E-03 
-2.80122E-03 6.34602E-03 
-2.00357E-03 6.91298E-03 
-1.36632E-03 7.32780E-03 
-8.95400E-04 7.61074E-03 
-5.69150E-04 7.79262E-03 
-3.55785E-04 7.90265E-03 
-2.23131E-04 7.96439E-03 
-1.43698E-04 7.99523E-03 
-9.61918E-05 8.00668E-03 
-6.50933E-05 8.00533E-03 
-4.14320E-05 7.99592E-03 
-2.45113E-05 7.98550E-03 
-1.57039E-05 7.97948E-03 
1.57377E+02 1.47763E-01 
1.88295E+01 -1.26782E+00 
-8.93123E+00 -1.37219E-01 
-1.41128E+00 1.40358E-01 
4.65409E-01 2.87280E-02 
1.00998E-01 -1.52412E-02 
-2.88173E-02 -4.70835E-03 
-2.14242E-02 3.33807E-03 
-1.73097E-02 4.56731E-03 
-6.65844E-03 6.14524E-03 
-5.17774E-03 5.76815E-03 
-4.75092E-03 5.97450E-03 
-3.93871E-03 6.62991E-03 
-2.99826E-03 7.33627E-03 
-2.14916E-03 7.92393E-03 
-1.46747E-03 8.35886E-03 
-9.61580E-04 8.65766E-03 
-6.09915E-04 8.85043E-03 
-3.79203E-04 8.96701E-03 
-2.35325E-04 9.03209E-03 
-1.49138E-04 9.06442E-03 
-9.84521E-05 9.07699E-03 
-6.77048E-05 9.07799E-03 
-4.73784E-05 9.07266E-03 
-3.36667E-05 9.06563E-03 
-2.52310E-05 9.05999E-03 
1.54287E+02 -8.21903E-02 
2.34561E+01 -1.41460E+00 
-8.37138E+00 -1.50341E-01 
-1.64845E+00 1.42212E-01 
4.12392E-01 3.22238E-02 
1.09849E-01 -1.30365E-02 
-2.37264E-02 -4.31213E-03 
-1.99683E-02 3.23762E-03 
-1.63355E-02 4.43848E-03 
-6.26726E-03 6.14070E-03 
-4.69793E-03 5.87757E-03 
-4.27634E-03 6.08630E-03 
-3.53971E-03 6.69746E-03 
-2.68998E-03 7.35833E-03 
-1.92311E-03 7.91565E-03 
-1.30783E-03 8.33455E-03 
-8.51743E-04 8.62686E-03 
-5.35159E-04 8.81813E-03 
-3.27865E-04 8.93536E-03 
-1.98984E-04 9.00191E-03 
-1.22247E-04 9.03601E-03 
-7.78226E-05 9.05068E-03 
-5.20066E-05 9.05444E-03 
-3.62107E-05 9.05252E-03 
-2.60144E-05 9.04843E-03 
-1.93970E-05 9.04431E-03 
1.35206E+02 -2.55110E-01 
2.35493E+01 -1.36849E+00 
-6.98310E+00 -1.37275E-01 
-1.56090E+00 1.25922E-01 
3.24416E-01 2.93145E-02 
9.75601E-02 -1.00017E-02 
-1.72898E-02 -3.41050E-03 
-1.57655E-02 2.62658E-03 
-1.29404E-02 3.59392E-03 
-4.81449E-03 4.98676E-03 
-3.45850E-03 4.77489E-03 
-3.09746E-03 4.90002E-03 
-2.53422E-03 5.33082E-03 
-1.90519E-03 5.80248E-03 
-1.34802E-03 6.19998E-03 
-9.07659E-04 6.49869E-03 
-5.85069E-04 6.70769E-03 
-3.63200E-04 6.84526E-03 
-2.19000E-04 6.93032E-03 
-1.29953E-04 6.97920E-03 
-7.73465E-05 7.00477E-03 
-4.72432E-05 7.01632E-03 
-3.00839E-05 7.01997E-03 
-1.98525E-05 7.01949E-03 
-1.33766E-05 7.01728E-03 
-9.24018E-06 7.01487E-03 
---
